1.095515860617169, 1.039872991014275, 1.0082666660193367, 0.9759522266220259, 0.9704793462064094, 1.0766860059928218, 1.0689384844154175, 1.06077883248218, 1.053660316765313, 1.0428013912867793, 1.0398880161345048
1.1197386641521108, 1.1199851130601117, 1.0814812297467207, 1.0829809557180934, 1.0438956724014163, 1.0381959596648853, 1.03642086461187, 1.0273533742409224, 1.0102737050503523, 1.0060969942715037, 1.0043633210007101
1.1051702017895972, 1.0961814112495727, 1.0894366957713009, 1.088057265337564, 1.0700083489995516, 1.0378455668222193, 1.0359808620065492, 1.0021219826769068, 1.0039128438569613, 1.0114632151089624, 0.9884809299837796
1.1026183313224553, 1.0863325234968297, 1.0948238152079373, 1.0659567367751217, 1.0435375788714796, 1.0266594277229208, 1.0385353745892691, 1.0184274705126906, 1.0007804311346273, 1.0231586926151104, 0.9956208956893516
1.0802407173439916, 1.056327862897894, 1.0495040027890405, 1.0047927164938328, 1.018895744485783, 0.9968067791312927, 1.0183335192501572, 1.0140042238403129, 0.9715122620109456, 0.9781157609075289, 0.9792622081004078
1.1209338082000708, 1.1104295998346154, 1.0999528815504263, 1.06287420839072, 1.0458630410488734, 1.0619766486343059, 1.02188745434396, 0.9961020149290584, 0.9965981263201676, 0.9861402273178083, 0.9847818809095745
1.1087996481917899, 1.0939767710398955, 1.0813951461110334, 1.0751331769395682, 1.0711986086797027, 1.0689772986806991, 1.0683264557272258, 1.0661484223324864, 1.0572749873157643, 1.0666856038384198, 1.0554148997645874
1.0903602837119346, 1.0772527887951644, 1.0611067107413041, 1.0517841727938548, 1.0227795474231247, 1.0280263915658028, 1.0133204288780722, 1.0195395832881355, 0.9804767874069484, 0.9789051872212409, 0.9654037650674561
1.0872731503099267, 1.0695862243883385, 1.041464268369605, 1.0360747657716318, 1.0113617050927144, 1.0151556485332567, 0.9943952969741063, 0.9879126016516196, 0.9735064457170659, 0.9467010352760494, 0.9660469318740061
1.1151822505518894, 1.070274364389487, 1.0528358918149079, 1.064556466136135, 1.041496933577587, 1.0064174424856898, 1.0070845331996687, 1.0089694854337743, 1.005401109904052, 1.0085988160222783, 0.9861588194034974
1.0982499057892792, 1.092734539089732, 1.0914577099029066, 1.0619001429993702, 1.0670771220233357, 1.064786908403046, 1.0652587871998591, 1.0555817851331135, 1.0313256110530349, 1.027931237081069, 1.0111927958205322
1.108180958125749, 1.1078414346557215, 1.0846631696913476, 1.0816378656774819, 1.048630662960935, 1.042459091683853, 1.037788818916306, 1.0272666680160933, 1.004605300584807, 0.9918533927295344, 0.9859752315096552
1.1051346563734215, 1.0946942906826822, 1.0649932021740893, 1.0556530812289617, 1.0071025703102356, 1.0096781406085926, 1.006027817167342, 1.0003449920099239, 0.9986741431988757, 0.965146734332664, 0.9677313969004889
1.083149295020856, 1.0662877906579593, 1.0656082753557776, 1.0358114855364, 1.0164500861894377, 1.0089369326364273, 1.000791959650816, 0.9865331985056386, 0.9800483156926916, 0.984598037041723, 0.9849546513054527
1.108381761051724, 1.0846865315921688, 1.0564110025297884, 1.0356736706569845, 1.0285883595701346, 0.9935946490149944, 0.9878162046894424, 0.9912271205801496, 0.9725047987885768, 1.0065246455371406, 1.0065141962375534
1.0976814477238879, 1.0811787368729775, 1.067708332138139, 1.0441819964442423, 1.0431449593510507, 1.0490131616126779, 1.031772414222361, 1.0222341518849127, 1.0204042898491021, 0.9936559868976449, 1.0043824792373923
