0.6074412585012483, 0.6015264755067407, 0.600425941685835, 0.6069332614685571, 0.618648306664765, 0.6325452039162248, 0.645782461010233, 0.6585237617539546, 0.6751827203865739, 0.686896782999274, 0.699258579604097
0.5285735781562619, 0.5402777963491828, 0.5552104500664524, 0.5691148239044639, 0.5888795920238284, 0.6063108746895435, 0.6209781539909088, 0.6361884416031257, 0.651282765581262, 0.6600541224699207, 0.6667613675844851
0.4819990724136099, 0.5015340866000195, 0.5205036149012353, 0.5420433493332917, 0.5611053393046512, 0.5811758046906967, 0.5964012079583196, 0.6059876261952261, 0.6261157888679135, 0.6351805091087813, 0.6423797095783068
0.4795708964827981, 0.4975148164171999, 0.515827053478833, 0.5372259632170454, 0.5610922281899136, 0.5789849588290573, 0.5976690946086783, 0.6149573148294744, 0.6202380417766229, 0.6435364534844953, 0.6582869425166166
0.5109629043390107, 0.5351554158129304, 0.5437329495311213, 0.5613610195739813, 0.5769212171421734, 0.6002424927145952, 0.6128659454906107, 0.619636049259865, 0.6328553288164254, 0.6499664067331353, 0.6517355408243711
0.4920357912596696, 0.5109458825459132, 0.5208598855894685, 0.5420656002017437, 0.5652611533529069, 0.5837689457593777, 0.5994920393096872, 0.610999623261178, 0.6278580631198751, 0.6291145491822562, 0.6401383756110343
0.49189108483329164, 0.5125130683531366, 0.5226037235339325, 0.5430071720318661, 0.5617881948712983, 0.5762360531801891, 0.5879667348817323, 0.6046379748201671, 0.6275011676349844, 0.629386232755878, 0.6552138054764861
0.45510718904679587, 0.4723081361879371, 0.49092285024054166, 0.5125133352102594, 0.5408288792427871, 0.5667272775972401, 0.5814653289656098, 0.5971704972387089, 0.6120220401275651, 0.6379139136494897, 0.6423389577243931
0.5179976259534111, 0.5307421697411733, 0.5505307737639683, 0.5715167522525628, 0.5860429161249505, 0.6073955211903991, 0.6211114180635743, 0.6351570926632669, 0.6499544402387355, 0.6691855669963749, 0.6818526867462652
0.5370239266484106, 0.5502013443555765, 0.56051949737251, 0.5708516374282858, 0.5852519801841333, 0.6163923947478095, 0.6474093101092072, 0.6727717882722167, 0.6765224242891312, 0.6811930293981517, 0.6859573704695426
0.5004814513621062, 0.5208183684731078, 0.5428358464525386, 0.5627318778673394, 0.584466125263804, 0.6005196806710713, 0.6195681266975469, 0.6373215998566931, 0.6445705596849298, 0.6733332265579257, 0.674999801765325
0.4976762114029032, 0.513828872690466, 0.5302718717963569, 0.5497017365203969, 0.5680448381634275, 0.5916810917692714, 0.6121888783479824, 0.637331588900709, 0.6553064065455465, 0.6702548438629585, 0.6861787288415424
0.5286279813974034, 0.5304665580949849, 0.5594793522417489, 0.5651904425645216, 0.5793991146006129, 0.6050903017287236, 0.6288383872752089, 0.6414900659053867, 0.6613419766753957, 0.6785459722613281, 0.6914267310484293
0.4918526798064804, 0.5179008248982833, 0.5292863259117863, 0.5553215723596692, 0.572677996996438, 0.5979996482419134, 0.6212031002370721, 0.6366837015565979, 0.6632344872989999, 0.6866000026695739, 0.7105373890292015
0.5324051342514082, 0.556279301454249, 0.5766582230281297, 0.5866459942070861, 0.6090029522023359, 0.6320195195736584, 0.642793945386734, 0.6570319876103414, 0.6748309843912421, 0.7069975166798284, 0.7291369078820429
0.5303591040390381, 0.5493659059514953, 0.5512273915338981, 0.5826064919930444, 0.6052338507111362, 0.6309716029993779, 0.6473460911336232, 0.6789424441884975, 0.7033107560340627, 0.7129649454652606, 0.7166354715695347
