0.9033634886611155, 0.9039230638649218, 0.9054117118939662, 0.908310619322574, 0.9156058107502676, 0.9185963673517029, 0.9215838236734194, 0.9258649814408201, 0.9296609066892347, 0.9321770578622753, 0.9342838009819326
0.8764005256816616, 0.904604829149311, 0.8730141455307469, 0.8645413107704227, 0.8644100331701194, 0.8666122587397552, 0.8740211821161082, 0.8926962449680906, 0.8975395957007898, 0.916609708731986, 0.9269560951739478
0.8698067483026393, 0.8682921301573377, 0.8741955570876466, 0.8730592518579074, 0.8772016962524373, 0.8760348501149436, 0.8841488579288007, 0.8976541833486298, 0.9069439958780906, 0.9028430886566539, 0.9101358477026135
0.8713905165437477, 0.8709072220604731, 0.8666738459374618, 0.8851220454554888, 0.882796721253532, 0.8896568825933963, 0.8901180315762642, 0.9073347647674292, 0.9019581613596429, 0.9149450622498907, 0.9187339173164142
0.8758423019200431, 0.8812226606998472, 0.8733222372364119, 0.8679523381404441, 0.8635766097809972, 0.8673733747098453, 0.8696765428408839, 0.8932512829545767, 0.8972819167654862, 0.9082404654007303, 0.9224574359133764
0.86308205761014, 0.8627347218803916, 0.8763769646640741, 0.8824736217036725, 0.8921325140632577, 0.8973954676184703, 0.8899705753661578, 0.8958341508638012, 0.9074307525530364, 0.9132523932959798, 0.9197333456017002
0.8693308431655035, 0.8701916147023304, 0.8631987340748167, 0.8693019747268274, 0.8635567572899017, 0.8590856237802499, 0.8625324807129656, 0.90257551567628, 0.90613312451168, 0.9138085197657265, 0.925845943391316
0.8733892847318065, 0.8688773524015997, 0.8770640451460946, 0.8738122828770293, 0.8757477413397152, 0.8900320537853875, 0.8947110700420933, 0.8894506724085544, 0.8950516317970941, 0.9073397458065202, 0.9045585390180244
0.8952353083062808, 0.8943463303148644, 0.9030251938383933, 0.8919531616847851, 0.9024308607913456, 0.9030788078904051, 0.9102432535029862, 0.91702722120098, 0.9099580679554403, 0.9130027060862548, 0.914672899758435
0.8867884345818196, 0.8833511719945699, 0.8840111338999002, 0.8935433376580366, 0.8979886250104652, 0.9038045822642644, 0.903356926329424, 0.9152129307389175, 0.9223397471010611, 0.920824543433256, 0.9275947522837603
0.8940964287146815, 0.8863722063600901, 0.8888023663312086, 0.9014199900440775, 0.9012104620225615, 0.8999215682037077, 0.9098160314373586, 0.915246259700499, 0.9131722183898009, 0.9165156077127825, 0.9131254038773386
0.8843044789507867, 0.8781348817981657, 0.8840097587555534, 0.8918845132924509, 0.9005944515578351, 0.8951178158633306, 0.9030975198373105, 0.9076607779133974, 0.9100323371589094, 0.9223599926102832, 0.9235163658857273
0.8853190318215521, 0.8796429453417532, 0.8838659599423285, 0.8932794282678408, 0.8980088049080122, 0.9001693148631501, 0.9029118844307863, 0.9100244780536654, 0.9210868128575308, 0.9259385164361373, 0.9318845844827526
0.8708584100007878, 0.8802396085578826, 0.8970526046585192, 0.885549961123604, 0.8846299725118907, 0.8905029810964952, 0.8984023223630989, 0.9096775372978212, 0.9078879644162869, 0.9080098915379406, 0.9037407930940301
0.8902027208357939, 0.8887583803385385, 0.8923611945938211, 0.8935850109439238, 0.8951714628375963, 0.9040029122028406, 0.9042102717794381, 0.9133834744337862, 0.917741776164613, 0.9183937748428354, 0.9291036022361299
0.8838788578286644, 0.8839553012978166, 0.890214789798472, 0.8955244448035851, 0.8953540311660511, 0.902683156914999, 0.8986629578284816, 0.9056043763644901, 0.9087985062040299, 0.9112349605187686, 0.9155455837957479
