0.6987431219609359, 0.7004858953735432, 0.7031038802440369, 0.7159664875661708, 0.7307160729044425, 0.7709873846306676, 0.7747321598086817, 0.77628902143525, 0.7710536185421808, 0.7664484193007317, 0.7672964083314575
0.5903027172752584, 0.616339011176549, 0.6197471205680866, 0.6401155228634644, 0.6554437507854477, 0.6672523090108939, 0.6854180582679027, 0.7022328828426494, 0.7123363505061145, 0.7229755416808966, 0.7397212321740496
0.569717217690151, 0.5908814819842061, 0.6044785246679346, 0.6267871473778046, 0.6422620616339081, 0.6605702660638898, 0.6655244356936466, 0.6906358401305578, 0.6987710704978933, 0.7192738268920599, 0.7137969610701945
0.5563430791930688, 0.5750089781532717, 0.5912612352047909, 0.6178247240183767, 0.6330135202314217, 0.6449680086627159, 0.6597670126251853, 0.6675535096908932, 0.6750536280837849, 0.6903366706004926, 0.7043800187166775
0.592168960854726, 0.5940641671148119, 0.6192567016570236, 0.6379140410319789, 0.6328558090433458, 0.651836299784888, 0.655111447068876, 0.6714391036969728, 0.6920579249362835, 0.7039817160177847, 0.7167071681261179
0.5876474506512803, 0.6040984963944929, 0.6228473718334953, 0.6471992006805874, 0.6567139405268267, 0.6720809827754581, 0.6967914465224254, 0.7203326516143638, 0.7238918723736563, 0.7435973508740554, 0.7641154957512695
0.5571847536569008, 0.5786171018835635, 0.5952570426687487, 0.6152085620613155, 0.6372727468039905, 0.6533837186237964, 0.6648965574535388, 0.6852851681186355, 0.6962714875388841, 0.7072584046037448, 0.7255340950063293
0.5619511977023165, 0.5713643612073989, 0.5800916524265113, 0.6045693072929551, 0.6212365426087599, 0.6255740172992978, 0.6452117277537297, 0.6529731978594515, 0.6663698873994632, 0.6702805539778639, 0.6867219479975765
0.6011654574703109, 0.6173189580917404, 0.6242887545222907, 0.6440668019399273, 0.6582744103690251, 0.6801816782201412, 0.6956610602247006, 0.7102504823103687, 0.7199603795886934, 0.7302118951895513, 0.7440241040246843
0.6360033964058212, 0.6559215713396798, 0.661671150178953, 0.6885124603414051, 0.7066975945887038, 0.7147626569910606, 0.7254172736928917, 0.7381229338383609, 0.7543327286326976, 0.7647189676568871, 0.7720761266440078
0.580990248880345, 0.6066203151991284, 0.6184039441560018, 0.6162089648899997, 0.6459852425900079, 0.6678083120122967, 0.6698995715400031, 0.688626470000454, 0.7076109673439677, 0.7099045357877009, 0.7176789234715036
0.6038038345894258, 0.6111258209793826, 0.6231721361982244, 0.6383011724223253, 0.6522498966551089, 0.6750844988061148, 0.6968242649401561, 0.7024529762748529, 0.7194724631212251, 0.7225730057765822, 0.7381315505120059
0.6397223762780846, 0.6540011036351794, 0.667874478671241, 0.687816506130424, 0.6933217570196942, 0.7031990245979046, 0.7182046191334444, 0.7289816384963806, 0.7463473683553988, 0.7577364758482674, 0.7613869788368937
0.5777340062919563, 0.5861694147759202, 0.5962689067712269, 0.6240266538033107, 0.638401614165124, 0.6471546396897049, 0.6571610242186914, 0.6803814446145946, 0.6948414002914043, 0.7007484026597028, 0.7169032703707885
0.6327957071668012, 0.6403877241316416, 0.6534483543156466, 0.6683854034884414, 0.6859968948611672, 0.7039879335775037, 0.715555091723142, 0.7362189972501046, 0.754819917234552, 0.7641481020557318, 0.7653745259308843
0.6075710121187665, 0.6328465331655294, 0.6532503446387656, 0.6643117015067909, 0.6802514446711881, 0.695651734113753, 0.7115045236352305, 0.7313090370208432, 0.7353686240780443, 0.7506076405914033, 0.7571169367643962
