Matsuoka quadruped, body parameters:
[4, 1, 4, 4, 10, 9, 3, 10, 3, 5, 10, 4, 3, 9, 5, 4, 10, 9, 9, 7, 10, 2, 8]
{'dt': 0.04, 'b': 0.08000000000000002, 'gam': 0.010000000000000002, 'x0': 0.4, 'c': 2.0, 'a': 2.0}
Inter-module:
 [[ 0.  -0.4 -0.2 -1.6]
 [-1.6  0.  -1.2 -0.2]
 [-0.2 -1.6  0.  -0.4]
 [-1.2 -0.2 -1.6  0. ]]
Intra-module:
 [[ 0.  -0.4  1.4]
 [-0.8  0.   1.8]
 [-1.4  1.   0. ]]
Bias: [1.4 1.3 1.9]
Drive coeff: [-0.1 -0.3  0.9]
gen	evals	std                               	min                               	avg                               	max                               
0  	68   	[0.01022893 0.12776455 0.00796758]	[0.00180222 0.0020069  0.00212737]	[0.00750879 0.03221029 0.00850854]	[0.06132461 0.78125    0.04120172]
1  	68   	[0.01332425 0.29393262 0.01043108]	[0.00276793 0.00223834 0.00300495]	[0.01123935 0.13508054 0.0118485 ]	[0.06136211 0.97249372 0.04120172]
2  	68   	[0.01425108 0.36115029 0.0126015 ]	[0.00293025 0.00230847 0.00262688]	[0.01424124 0.22175951 0.01710691]	[0.06136211 0.97249372 0.04174723]
3  	68   	[0.01623129 0.4220146  0.01451045]	[0.00347266 0.00347224 0.0034014 ]	[0.01864354 0.41090288 0.02333084]	[0.06136211 0.97249372 0.04985949]
4  	68   	[0.01849001 0.42298847 0.01323887]	[0.00500345 0.00357772 0.00349844]	[0.02402549 0.55761969 0.0286416 ]	[0.06136211 0.97249372 0.04985949]
5  	68   	[0.02162954 0.35779863 0.01152967]	[0.00599353 0.00357772 0.00349844]	[0.03460538 0.67504506 0.0340054 ]	[0.06139987 0.97249372 0.04985949]
6  	68   	[0.01969282 0.39846847 0.01105523]	[0.00599353 0.00357772 0.00517083]	[0.0298222  0.62821207 0.0344215 ]	[0.06139987 0.97249372 0.04985949]
7  	68   	[0.02136363 0.38218523 0.01105363]	[0.00391845 0.00357772 0.00517083]	[0.0341306  0.64583912 0.03528229]	[0.06139987 0.98039216 0.04985949]
8  	68   	[0.02119535 0.35173957 0.01009562]	[0.00391845 0.00357772 0.00517083]	[0.03528975 0.69612776 0.03636834]	[0.06177924 0.98039216 0.04985949]
9  	68   	[0.02095429 0.33819039 0.00811981]	[0.00391845 0.00357772 0.01415425]	[0.04155835 0.70001191 0.03755547]	[0.06177924 0.98039216 0.04985949]
10 	68   	[0.02138299 0.36007938 0.00825707]	[0.00391845 0.00357772 0.01415425]	[0.04042006 0.68422976 0.03758458]	[0.06177924 0.98039216 0.04985949]
11 	68   	[0.02069564 0.36006957 0.00665245]	[0.00391845 0.00357772 0.01417032]	[0.04283808 0.68606611 0.03870864]	[0.06177924 0.98039216 0.04985949]
12 	68   	[0.02041223 0.34992182 0.00664744]	[0.00391845 0.00876121 0.01417032]	[0.04366435 0.69602815 0.03869104]	[0.06177924 0.98039216 0.04985949]
13 	68   	[0.02019768 0.33404565 0.00763135]	[0.00391845 0.00876121 0.01409237]	[0.04383921 0.72750118 0.03798316]	[0.06177924 0.98039216 0.04985949]
14 	68   	[0.02009794 0.33188689 0.00703759]	[0.00391845 0.00876121 0.01409237]	[0.04623899 0.721469   0.03873054]	[0.06177924 1.         0.04985949]
15 	68   	[0.01889641 0.34057144 0.00439917]	[0.00599353 0.00876121 0.01885536]	[0.04910241 0.70822813 0.04013328]	[0.06177924 1.         0.04985949]
16 	68   	[0.01850643 0.35102253 0.00440755]	[0.00599353 0.00876121 0.01885536]	[0.0493093  0.69854878 0.04017869]	[0.06177924 1.         0.04985949]
17 	68   	[0.01872897 0.36090544 0.0044122 ]	[0.00599353 0.00876121 0.01885536]	[0.04870841 0.68983441 0.04020188]	[0.06177924 1.         0.04985949]
18 	68   	[0.01838387 0.35304738 0.00441091]	[0.00599353 0.00876121 0.01885536]	[0.04929641 0.70483703 0.04020327]	[0.06177924 1.         0.04985949]
19 	68   	[0.01827422 0.34249683 0.00394124]	[0.00599353 0.00876121 0.01885536]	[0.049537   0.71440915 0.04040562]	[0.06177924 1.         0.04985949]
20 	68   	[0.01824498 0.34507855 0.00394258]	[0.00599353 0.00876121 0.01885536]	[0.04948812 0.71929364 0.04042702]	[0.06177924 1.         0.04985949]
21 	68   	[0.01895699 0.3562278  0.003944  ]	[0.00599353 0.00876121 0.01885536]	[0.04778368 0.71033202 0.04045086]	[0.06177924 1.         0.04985949]
22 	68   	[0.01885806 0.3569948  0.00472538]	[0.00599353 0.00876121 0.01884294]	[0.04791778 0.71051534 0.0401261 ]	[0.06177924 1.         0.04985949]
23 	68   	[0.01972841 0.37717491 0.00495737]	[0.00599353 0.00876121 0.01884294]	[0.0459529  0.69320953 0.04034417]	[0.06177924 1.         0.05243355]
24 	68   	[0.01886278 0.37814798 0.00420484]	[0.00599353 0.00876121 0.01884294]	[0.04827499 0.69334017 0.04063509]	[0.06177924 1.         0.05243355]
[3, 10, 2, 10, 2, 2, 3, 8, 10, 5, 7, 0, 4, 0]
(0.05964192150428763, 1.0, 0.04098356348934318)
0.3668751616645436
