Matsuoka quadruped, body parameters:
[4, 2, 2, 10, 3, 5, 3, 10, 8, 10, 10, 3, 2, 5, 9, 5, 2, 10, 9, 7, 1, 5, 8]
{'dt': 0.04, 'b': 0.08000000000000002, 'gam': 0.020000000000000004, 'x0': 0.2, 'c': 5.0, 'a': 0.6}
Inter-module:
 [[ 0.  -1.2 -0.2 -0.6]
 [-1.6  0.  -0.2 -0.2]
 [-0.2 -0.6  0.  -1.2]
 [-0.2 -0.2 -1.6  0. ]]
Intra-module:
 [[ 0.  -0.2  1.4]
 [-0.8  0.  -1.8]
 [-0.2  1.   0. ]]
Bias: [1.3 1.2 1.5]
Drive coeff: [ 0.7 -0.1 -0.7]
gen	evals	std                               	min                               	avg                               	max                               
0  	68   	[0.00537999 0.18176415 0.00172756]	[0.00124563 0.         0.        ]	[0.00792711 0.07651233 0.00412849]	[0.02544169 0.85491595 0.01088968]
1  	68   	[0.01338815 0.18979393 0.00159755]	[0.00215367 0.00162191 0.00319463]	[0.01005443 0.11334736 0.00471593]	[0.10922904 0.85491595 0.01103631]
2  	68   	[0.01424728 0.24684362 0.00214796]	[0.00250101 0.00162191 0.00276834]	[0.01153291 0.18211632 0.00533401]	[0.10922904 0.90127074 0.01130832]
3  	68   	[0.0483456  0.30252313 0.00255709]	[0.00250131 0.00162191 0.00319431]	[0.01955004 0.25560624 0.00598232]	[0.38965528 0.92178403 0.01130832]
4  	68   	[0.06255207 0.32523271 0.00298653]	[0.00235522 0.00414291 0.00319431]	[0.0268309  0.33657046 0.00678398]	[0.38965528 0.94974426 0.01655032]
5  	68   	[0.06441317 0.35348636 0.00289092]	[0.00235522 0.00414291 0.00357882]	[0.03370922 0.479226   0.00844451]	[0.38965528 0.97249372 0.01655032]
6  	68   	[0.08270663 0.35619805 0.00264106]	[0.00235522 0.00546577 0.00375528]	[0.04985316 0.53408332 0.00926585]	[0.38965528 0.97249372 0.01655032]
7  	68   	[0.08374269 0.36879327 0.00279619]	[0.00275345 0.00546577 0.00375528]	[0.05132004 0.56557436 0.00906598]	[0.38965528 0.97249372 0.01655032]
8  	68   	[0.09418307 0.37548684 0.0028226 ]	[0.00275345 0.00546577 0.00369372]	[0.05866006 0.54460381 0.00906268]	[0.42229996 0.97249372 0.01655032]
9  	68   	[0.11590484 0.37136771 0.007734  ]	[0.00275345 0.00546577 0.00375528]	[0.0811166  0.44861071 0.0103929 ]	[0.48219543 0.97249372 0.06975841]
10 	68   	[0.11477545 0.37208995 0.00766011]	[0.00275345 0.00546577 0.00375528]	[0.07737746 0.49727599 0.01063722]	[0.48219543 0.97249372 0.06975841]
11 	68   	[0.12963158 0.34485161 0.00742348]	[0.00275345 0.00546577 0.00376294]	[0.08005127 0.60699632 0.01125184]	[0.48219543 0.98039216 0.06975841]
12 	68   	[0.13157657 0.35516409 0.00744362]	[0.00275345 0.00546577 0.00376294]	[0.08489698 0.59625475 0.0112064 ]	[0.48219543 0.98039216 0.06975841]
13 	68   	[0.14185403 0.38260377 0.00750615]	[0.00275345 0.00546577 0.00376294]	[0.10021022 0.58065533 0.01101255]	[0.48219543 0.98039216 0.06975841]
14 	68   	[0.15008312 0.38398494 0.00750576]	[0.00275345 0.00546577 0.00376294]	[0.10887098 0.56956123 0.01101854]	[0.49662421 0.98039216 0.06975841]
15 	68   	[0.1453156  0.3632261  0.00735321]	[0.00275345 0.00546577 0.00545474]	[0.09455591 0.63088277 0.01140869]	[0.50999617 0.98039216 0.06975841]
16 	68   	[0.14902806 0.36750547 0.00736878]	[0.00275345 0.00546577 0.00545474]	[0.09978692 0.61316622 0.01136425]	[0.50999617 0.98039216 0.06975841]
17 	68   	[0.15976546 0.37434224 0.00742252]	[0.00275345 0.00546577 0.00545474]	[0.1170369  0.55963014 0.0111939 ]	[0.50999617 0.98039216 0.06975841]
18 	68   	[0.15894986 0.37669314 0.0074225 ]	[0.00275345 0.00546577 0.00545474]	[0.1218255  0.5385629  0.01120335]	[0.50999617 0.98039216 0.06975841]
19 	68   	[0.13239312 0.33885748 0.00728314]	[0.00275345 0.01189495 0.00680626]	[0.08070221 0.66092349 0.01183118]	[0.57918991 0.98039216 0.06975841]
20 	68   	[0.15361327 0.3488049  0.00730407]	[0.00275345 0.01189495 0.00680626]	[0.10179683 0.64383091 0.01177872]	[0.58111396 0.98039216 0.06975841]
21 	68   	[0.1704101  0.34693326 0.00730116]	[0.00275345 0.01189495 0.00680626]	[0.11438259 0.65598198 0.01180331]	[0.58656517 1.         0.06975841]
22 	68   	[0.17067084 0.35317911 0.00729964]	[0.00275345 0.01189495 0.00680626]	[0.11387462 0.64788374 0.01182276]	[0.58656517 1.         0.06975841]
23 	68   	[0.15469743 0.32718495 0.00722485]	[0.00275345 0.01189495 0.00699554]	[0.09419786 0.70351675 0.01202395]	[0.58656517 1.         0.06975841]
24 	68   	[0.16469939 0.33053157 0.00722764]	[0.00275345 0.01189495 0.00699554]	[0.10794378 0.69435526 0.01201212]	[0.5927603  1.         0.06975841]
25 	68   	[0.16265756 0.33805922 0.00723852]	[0.00275345 0.01189495 0.00591901]	[0.09175448 0.72294459 0.01202448]	[0.5927603  1.         0.06975841]
26 	68   	[0.15852362 0.32830603 0.00721383]	[0.00275345 0.01189495 0.00591901]	[0.0860069  0.72481961 0.01209737]	[0.5927603  1.         0.06975841]
27 	68   	[0.14771712 0.30357767 0.00714745]	[0.00275345 0.01189495 0.00741917]	[0.07226295 0.75053374 0.01224308]	[0.5927603  1.         0.06975841]
28 	68   	[0.14768127 0.30753369 0.007148  ]	[0.00275345 0.01189495 0.00741917]	[0.07253781 0.73524007 0.01228326]	[0.5927603  1.         0.06975841]
29 	68   	[0.14764158 0.30141763 0.00714689]	[0.00275345 0.01189495 0.00741917]	[0.07371684 0.74690834 0.01231106]	[0.5927603  1.         0.06975841]
30 	68   	[0.14782763 0.28995417 0.00714607]	[0.00275345 0.01189495 0.00741917]	[0.07325474 0.75147137 0.01231658]	[0.5927603  1.         0.06975841]
31 	68   	[0.15746409 0.29731502 0.00716975]	[0.00275345 0.01189495 0.00730547]	[0.08062041 0.7411635  0.01226436]	[0.5927603  1.         0.06975841]
32 	68   	[0.18729094 0.31663171 0.02357524]	[0.00275345 0.00521132 0.00730547]	[0.09983831 0.74519722 0.01523035]	[0.74528969 1.         0.19859884]
33 	68   	[0.19133499 0.30188648 0.02354362]	[0.00275345 0.00521132 0.0106825 ]	[0.09364988 0.76968067 0.01536091]	[0.80483732 1.         0.19859884]
34 	68   	[0.21021357 0.30759019 0.02353692]	[0.00275345 0.00521132 0.0106825 ]	[0.10110016 0.74655468 0.01540465]	[0.80483732 1.         0.19859884]
35 	68   	[0.2258056  0.29187221 0.02353827]	[0.00275345 0.00521132 0.0106825 ]	[0.11391079 0.78071083 0.01542118]	[0.80483732 1.         0.19859884]
36 	68   	[0.24707238 0.29033446 0.02353806]	[0.00275345 0.00521132 0.0106825 ]	[0.13180189 0.77549704 0.01542235]	[0.80483732 1.         0.19859884]
37 	68   	[0.2458238  0.31711631 0.02357268]	[0.00275345 0.00521132 0.00605911]	[0.13498944 0.7387477  0.01528523]	[0.80483732 1.         0.19859884]
38 	68   	[0.24651578 0.28441105 0.02354253]	[0.00275345 0.00521132 0.0106825 ]	[0.13296949 0.77800478 0.01539405]	[0.80483732 1.         0.19859884]
39 	68   	[0.24671173 0.28923449 0.02353929]	[0.00275345 0.00521132 0.0106825 ]	[0.13245229 0.76892001 0.01541425]	[0.80483732 1.         0.19859884]
40 	68   	[0.25943782 0.30613778 0.02355562]	[0.00275345 0.00521132 0.00568199]	[0.14451379 0.73492132 0.01538237]	[0.81200683 1.         0.19859884]
41 	68   	[0.26983085 0.29982032 0.02356227]	[0.00275692 0.00440549 0.00568199]	[0.15775168 0.75404437 0.01546383]	[0.81200683 1.         0.19859884]
42 	68   	[0.26950273 0.28958269 0.02355909]	[0.00275692 0.00440549 0.00568199]	[0.15846397 0.75605237 0.01548226]	[0.81200683 1.         0.19859884]
43 	68   	[0.26964387 0.30089579 0.04091422]	[0.00275692 0.00440549 0.00568199]	[0.15765392 0.7413111  0.02125472]	[0.81200683 1.         0.23763428]
44 	68   	[0.26950954 0.3137897  0.04090192]	[0.00275692 0.00440549 0.00568199]	[0.15876747 0.74177159 0.02149871]	[0.81200683 1.         0.23763428]
45 	68   	[0.27988476 0.31502648 0.04091399]	[0.00275692 0.00440549 0.00568199]	[0.17035982 0.7471102  0.02143841]	[0.81200683 1.         0.23763428]
46 	68   	[0.27898987 0.31129387 0.04093304]	[0.00275692 0.00440549 0.00568199]	[0.17284491 0.75515602 0.02129397]	[0.81200683 1.         0.23763428]
47 	68   	[0.30162351 0.33429546 0.04092539]	[0.00275692 0.0031466  0.00568199]	[0.19864006 0.72735512 0.02134115]	[0.88055562 1.         0.23763428]
48 	68   	[0.2913788  0.33284757 0.04091889]	[0.00275692 0.0031466  0.00568199]	[0.17685605 0.72218533 0.02136742]	[0.88055562 1.         0.23763428]
49 	68   	[0.30042559 0.29789445 0.03613291]	[0.00275692 0.00268235 0.01059911]	[0.17811409 0.7456385  0.01936672]	[0.88055562 1.         0.23763428]
[8, 8, 0, 4, 8, 9, 0, 1, 7, 8, 0, 6, 7, 7, 0, 6, 8, 8, 8, 9, 6, 10, 4, 6, 9, 6, 9, 9, 2, 10, 3, 1, 10, 9]
(0.8805556238157034, 0.9497442577002785, 0.010856572422803114)
0.613718817979595
