Matsuoka quadruped, body parameters:
[4, 1, 4, 4, 9, 4, 2, 8, 8, 4, 8, 1, 1, 7, 2, 5, 10, 9, 6, 3, 3, 5, 4]
{'dt': 0.04, 'b': 0.08000000000000002, 'gam': 0.010000000000000002, 'x0': 0.4, 'c': 2.0, 'a': 1.8}
Inter-module:
 [[ 0.  -1.4 -0.6 -0.6]
 [-1.8  0.  -1.4 -0.6]
 [-0.6 -0.6  0.  -1.4]
 [-1.4 -0.6 -1.8  0. ]]
Intra-module:
 [[ 0.  -0.4  0.2]
 [-1.6  0.  -1. ]
 [-0.2 -0.6  0. ]]
Bias: [1.1 1.1 1.7]
Drive coeff: [-0.7 -0.1  0.9]
gen	evals	std                               	min                               	avg                               	max                               
0  	68   	[0.02068707 0.05234304 0.02519527]	[0.00240256 0.00243933 0.00267709]	[0.00977454 0.01986679 0.01368407]	[0.13962998 0.40483368 0.13908536]
1  	68   	[0.02392741 0.07363233 0.03517624]	[0.00243085 0.00275221 0.00361738]	[0.01292373 0.0365507  0.02394789]	[0.13962998 0.40483368 0.14772297]
2  	68   	[0.03395318 0.14285678 0.0463858 ]	[0.00330137 0.00297042 0.00361738]	[0.01849999 0.07454865 0.0369674 ]	[0.21303278 0.94974426 0.14772297]
3  	68   	[0.041553   0.18608083 0.05786545]	[0.00330137 0.00297042 0.00543417]	[0.02611396 0.11703631 0.05323865]	[0.21303278 0.94974426 0.18882629]
4  	68   	[0.04999055 0.20368013 0.07189501]	[0.00366991 0.00297042 0.00281644]	[0.03225863 0.16456809 0.06334991]	[0.21570318 0.94974426 0.38335298]
5  	68   	[0.06102806 0.23206152 0.07604725]	[0.00371487 0.00297042 0.00281644]	[0.04245642 0.21009786 0.06531219]	[0.21570318 0.94974426 0.38335298]
6  	68   	[0.07040586 0.31871029 0.12902808]	[0.00363278 0.00297042 0.00281644]	[0.04398397 0.28930778 0.08882222]	[0.26754322 0.96153846 0.64504782]
7  	68   	[0.07660885 0.34099704 0.16244511]	[0.0036672  0.00396113 0.00281644]	[0.05545099 0.30042899 0.1125747 ]	[0.26754322 0.96153846 0.64935065]
8  	68   	[0.08190677 0.34146529 0.18240542]	[0.00494622 0.00396113 0.00281644]	[0.06644583 0.2809622  0.12957086]	[0.26754322 0.97249372 0.64935065]
9  	68   	[0.0879974  0.37393515 0.21311378]	[0.00494622 0.00396113 0.00281644]	[0.06894602 0.34841931 0.15503241]	[0.30247994 0.97249372 0.71101099]
10 	68   	[0.08819737 0.37549946 0.22586892]	[0.00494622 0.00396113 0.00411363]	[0.06967151 0.3532782  0.17533034]	[0.30247994 0.97249372 0.71101099]
11 	68   	[0.09076405 0.39717083 0.23186364]	[0.00494622 0.00396113 0.00347881]	[0.07943363 0.35499725 0.18449505]	[0.30247994 0.97249372 0.71101099]
12 	68   	[0.09008583 0.39103689 0.22650445]	[0.00494622 0.00396113 0.00347881]	[0.08131185 0.3638441  0.16805936]	[0.30247994 0.97249372 0.71101099]
13 	68   	[0.09879557 0.41055572 0.25092625]	[0.00494622 0.00396113 0.00347881]	[0.0817894  0.41535369 0.19718659]	[0.40969618 0.97249372 0.71101099]
14 	68   	[0.09792649 0.41278371 0.24781655]	[0.00552608 0.00396113 0.00411363]	[0.07965291 0.43817333 0.1894906 ]	[0.40969618 0.97249372 0.71101099]
15 	68   	[0.09846346 0.40427929 0.24694648]	[0.00637576 0.00396113 0.00411363]	[0.07377816 0.46902805 0.19185835]	[0.40969618 0.97249372 0.71101099]
16 	68   	[0.09759007 0.40219506 0.26173717]	[0.00549734 0.00396113 0.00558969]	[0.06926663 0.5387002  0.21531078]	[0.40969618 0.97249372 0.71101099]
17 	68   	[0.0955182  0.38911896 0.24549291]	[0.00549734 0.00396113 0.00558969]	[0.06717219 0.54294448 0.17923707]	[0.40969618 0.97249372 0.71101099]
18 	68   	[0.09399883 0.38502228 0.25261378]	[0.00549734 0.00396113 0.00558969]	[0.06035646 0.57894938 0.18472638]	[0.40969618 0.97249372 0.71101099]
19 	68   	[0.09330288 0.37611956 0.26519915]	[0.00549734 0.00396113 0.00761507]	[0.05789378 0.62852969 0.20036864]	[0.40969618 0.97249372 0.71101099]
20 	68   	[0.09328397 0.37529912 0.27704658]	[0.00549734 0.00396113 0.00761507]	[0.05794155 0.60763073 0.22877119]	[0.40969618 0.97249372 0.71101099]
21 	68   	[0.09816921 0.37543781 0.24535697]	[0.00549734 0.00396113 0.00695234]	[0.0631779  0.56273372 0.16866951]	[0.40969618 0.97249372 0.74692557]
22 	68   	[0.0979429  0.36104097 0.24543633]	[0.00549734 0.00396113 0.00486137]	[0.06369725 0.52434798 0.16851339]	[0.40969618 0.98039216 0.74692557]
23 	68   	[0.1009152  0.3574276  0.24537027]	[0.00549734 0.00396113 0.00684669]	[0.06715034 0.5205296  0.16862144]	[0.40969618 0.98039216 0.74692557]
24 	68   	[0.10662208 0.36409618 0.24560223]	[0.00549734 0.00396113 0.00642828]	[0.07250205 0.51215681 0.16825022]	[0.40969618 0.98039216 0.74692557]
25 	68   	[0.11007123 0.3733521  0.25471716]	[0.00549734 0.00396113 0.00613742]	[0.07662182 0.50522286 0.17871595]	[0.40969618 0.98039216 0.74692557]
26 	68   	[0.10997952 0.36682261 0.25929196]	[0.00549734 0.00477483 0.00613742]	[0.07432324 0.52887608 0.19529895]	[0.40969618 0.98039216 0.74692557]
27 	68   	[0.10850804 0.35983887 0.25957302]	[0.00549734 0.00477483 0.00642828]	[0.07147907 0.54662028 0.19576226]	[0.40969618 0.98039216 0.74692557]
28 	68   	[0.10807349 0.34642965 0.26364078]	[0.00549734 0.00477483 0.00642828]	[0.06345087 0.59761762 0.18311484]	[0.40969618 0.98039216 0.74692557]
29 	68   	[0.10815906 0.34249789 0.26855287]	[0.00549734 0.00477483 0.00642828]	[0.06325037 0.58998091 0.19267345]	[0.40969618 0.98039216 0.74692557]
30 	68   	[0.14389623 0.35612539 0.27588288]	[0.00549734 0.00477483 0.00642828]	[0.06337858 0.63652983 0.21447042]	[0.96153846 0.98039216 0.74692557]
31 	68   	[0.17889743 0.35066535 0.2875585 ]	[0.00549734 0.00477483 0.00642828]	[0.07739771 0.6598581  0.23182729]	[0.96153846 0.98039216 0.75650431]
32 	68   	[0.17921208 0.36723241 0.30453234]	[0.00391408 0.00477483 0.00642828]	[0.07650578 0.63345419 0.29894275]	[0.96153846 0.98039216 0.75650431]
33 	68   	[0.18136309 0.36159417 0.30753569]	[0.00391408 0.00477483 0.00642828]	[0.0810705  0.6520688  0.28005866]	[0.96153846 0.98039216 0.75650431]
34 	68   	[0.20984038 0.3859819  0.31282038]	[0.00549734 0.00477483 0.00642828]	[0.09502799 0.60126509 0.30562772]	[0.96153846 0.98039216 0.77994924]
35 	68   	[0.22537732 0.40579307 0.31694597]	[0.00549734 0.00477483 0.00642828]	[0.10586824 0.5715111  0.32777959]	[0.96153846 0.98039216 0.77994924]
36 	68   	[0.26698653 0.4063095  0.31588642]	[0.00549734 0.00477483 0.00492363]	[0.13340255 0.59833194 0.32633945]	[0.96153846 0.98039216 0.77994924]
37 	68   	[0.28292889 0.40050907 0.324618  ]	[0.00549734 0.00477483 0.00492363]	[0.12922067 0.64241437 0.35707757]	[0.96153846 0.98039216 0.77994924]
38 	68   	[0.26355044 0.37777342 0.32646636]	[0.00549734 0.00735399 0.00492363]	[0.11075447 0.6974026  0.38169821]	[0.96153846 0.98039216 0.77994924]
39 	68   	[0.27956621 0.37734657 0.33093663]	[0.00549734 0.00735402 0.00492363]	[0.11112722 0.70829978 0.40303938]	[0.96153846 0.98039216 0.77994924]
40 	68   	[0.27954675 0.37715781 0.32625066]	[0.00549734 0.00735402 0.00492363]	[0.11118125 0.70802769 0.42123676]	[0.96153846 0.98039216 0.77994924]
41 	68   	[0.29766946 0.3856586  0.31813289]	[0.00549734 0.00735402 0.00492363]	[0.12434976 0.69477037 0.4497544 ]	[0.96153846 0.98039216 0.77994924]
42 	68   	[0.29762155 0.37808319 0.32105441]	[0.00549734 0.00735402 0.00492363]	[0.12448279 0.7094143  0.44002757]	[0.96153846 0.98039216 0.77994924]
43 	68   	[0.29786948 0.39309776 0.30189994]	[0.00549734 0.00735456 0.00492363]	[0.12375975 0.68607426 0.48623738]	[0.96153846 0.98039216 0.77994924]
44 	68   	[0.31484542 0.42236487 0.27424559]	[0.00549734 0.00735456 0.00492363]	[0.1357291  0.6815744  0.54406741]	[0.96153846 0.98039216 0.77994924]
45 	68   	[0.31482172 0.40814908 0.26636395]	[0.00549734 0.00735456 0.00492363]	[0.13578796 0.70972649 0.55299436]	[0.96153846 0.98039216 0.77994924]
46 	68   	[0.29853713 0.41665123 0.2504601 ]	[0.00549734 0.00735456 0.00492363]	[0.12178438 0.69782672 0.57380476]	[0.96153846 0.98039216 0.77994924]
47 	68   	[0.28778384 0.43696047 0.24322574]	[0.00549734 0.00735456 0.00492363]	[0.11041039 0.65821584 0.58763793]	[0.96153846 0.98039216 0.77994924]
48 	68   	[0.28780087 0.43133595 0.24221688]	[0.00549734 0.00735456 0.00492363]	[0.11036065 0.67257017 0.58569371]	[0.96153846 0.98039216 0.77994924]
49 	68   	[0.26860741 0.41095948 0.24364535]	[0.00549734 0.00735456 0.00492363]	[0.096224   0.71433435 0.58736797]	[0.96153846 0.98039216 0.8593228 ]
[6, 0, 2, 9, 10, 10, 1, 4, 7, 3, 0, 4, 8, 1, 8, 10, 8, 10, 8, 10, 9, 4, 6, 2, 10, 10, 6, 6, 9, 1, 6, 5, 7, 10]
(0.9497442577002735, 0.9497442577002687, 0.7009601709608454)
0.8668162287871292
