[4, 2, 2, 10, 3, 5, 3, 10, 8, 10, 10, 1, 1, 7, 5, 3, 9, 10, 9, 7, 5, 2, 4]
(0.08412836079791841, 0.9940481771621587, 0.27896394819740994)
[4, 2, 6, 10, 3, 5, 3, 10, 8, 10, 10, 4, 2, 5, 9, 5, 9, 10, 9, 7, 1, 4, 8]
(0.08228840125391845, 0.9998425875492556, 0.6523780734491269)
[4, 2, 1, 10, 3, 5, 3, 10, 8, 10, 10, 3, 3, 9, 5, 3, 9, 9, 9, 5, 5, 2, 4]
(0.06563039723661479, 0.9999964712725333, 0.27655019114592094)
[4, 2, 1, 10, 3, 5, 3, 10, 8, 10, 10, 3, 3, 9, 5, 3, 9, 9, 9, 5, 5, 2, 4]
(0.06563039723661479, 0.9999964712725333, 0.27655019114592094)
[4, 2, 1, 10, 3, 5, 3, 10, 8, 10, 10, 3, 3, 9, 5, 3, 9, 9, 9, 5, 5, 2, 4]
(0.06563039723661479, 0.9999964712725333, 0.27655019114592094)
[4, 2, 1, 10, 3, 5, 3, 10, 8, 10, 10, 3, 3, 9, 5, 3, 9, 9, 9, 5, 5, 2, 4]
(0.06563039723661479, 0.9999964712725333, 0.27655019114592094)
[4, 2, 2, 10, 3, 5, 3, 10, 8, 10, 10, 3, 2, 9, 5, 4, 9, 9, 9, 5, 5, 2, 4]
(0.0679012345679012, 0.9999980230573282, 0.27673656410093234)
[4, 2, 1, 10, 3, 5, 3, 10, 8, 10, 10, 3, 3, 8, 5, 3, 9, 10, 9, 7, 5, 2, 4]
(0.044365572315882895, 0.9999977264178606, 0.23017741796180716)
[4, 2, 1, 10, 3, 5, 3, 10, 8, 10, 10, 3, 3, 8, 5, 3, 9, 9, 9, 5, 5, 2, 4]
(0.044365572315882895, 0.9999969208896952, 0.2301751451208924)
[4, 1, 4, 4, 10, 9, 3, 10, 10, 5, 10, 2, 2, 9, 5, 4, 9, 10, 9, 7, 10, 2, 8]
(0.005404188245890618, 0.9576516093295172, 1.0)
[4, 2, 2, 10, 3, 5, 3, 10, 8, 10, 10, 6, 2, 5, 9, 7, 2, 10, 9, 7, 1, 4, 4]
(0.03148425787106446, 0.9999966419013748, 0.16091940960684398)
[4, 2, 2, 7, 3, 5, 3, 10, 8, 10, 10, 6, 2, 5, 9, 7, 5, 9, 2, 5, 5, 2, 4]
(0.0, 1.0, 0.0)
[4, 2, 2, 10, 3, 5, 3, 10, 8, 10, 10, 6, 2, 5, 9, 7, 5, 9, 9, 5, 5, 2, 4]
(0.0, 1.0, 0.0)
[4, 2, 2, 10, 4, 10, 3, 10, 8, 10, 10, 1, 1, 7, 5, 3, 9, 9, 9, 3, 5, 2, 4]
(0.0, 1.0, 0.0)
[10, 2, 2, 10, 3, 5, 3, 7, 8, 10, 10, 4, 2, 5, 9, 5, 9, 10, 9, 5, 7, 2, 4]
(0.0, 1.0, 0.0)
[4, 2, 2, 10, 10, 9, 5, 10, 6, 10, 10, 4, 2, 5, 9, 5, 9, 10, 9, 5, 5, 2, 4]
(0.0, 1.0, 0.0)
[4, 2, 2, 10, 3, 5, 3, 10, 8, 10, 10, 4, 2, 5, 9, 5, 1, 10, 9, 5, 5, 2, 4]
(0.0, 1.0, 0.0)
[4, 2, 1, 10, 3, 5, 10, 10, 8, 10, 10, 1, 1, 7, 5, 3, 9, 9, 9, 3, 8, 2, 4]
(0.0, 1.0, 0.0)
[4, 2, 2, 10, 3, 5, 3, 10, 8, 10, 10, 3, 2, 5, 9, 7, 2, 10, 9, 7, 1, 4, 8]
(0.18561484918793514, 0.9983890794560578, 0.28010718717754074)
[4, 2, 2, 10, 3, 5, 3, 10, 8, 10, 10, 4, 2, 5, 9, 5, 2, 10, 9, 7, 1, 4, 8]
(0.17248908296943233, 0.9999987697112724, 0.14664596866206947)
[4, 2, 2, 10, 3, 5, 3, 10, 8, 10, 10, 3, 2, 5, 9, 7, 2, 10, 9, 2, 1, 4, 8]
(0.25794491525423724, 0.9983750022596206, 0.3281823182068194)
[4, 2, 2, 10, 3, 5, 3, 10, 8, 10, 10, 3, 2, 5, 9, 7, 2, 8, 9, 4, 1, 4, 8]
(0.25794491525423724, 0.9983752791042944, 0.32817777252498986)
[3, 2, 2, 10, 3, 5, 3, 10, 8, 10, 10, 3, 1, 7, 5, 8, 9, 10, 9, 7, 5, 2, 4]
(0.2615916955017301, 0.9972294049296682, 0.07021714722099742)
[4, 1, 4, 4, 10, 9, 3, 10, 3, 5, 10, 4, 3, 9, 5, 4, 10, 9, 9, 7, 10, 2, 8]
(0.044224128327949086, 0.9782864408582276, 1.0)
[4, 2, 2, 7, 3, 5, 3, 10, 8, 10, 10, 3, 2, 5, 2, 7, 5, 9, 9, 5, 5, 2, 4]
(0.5578192015836357, 0.8821130403479496, 0.30819268236139075)
[4, 2, 4, 4, 10, 9, 3, 10, 3, 9, 8, 1, 1, 7, 6, 5, 10, 10, 6, 5, 1, 5, 8]
(0.11086148947461516, 0.13449457922427982, 0.6217742705317083)
[4, 2, 2, 10, 3, 5, 3, 10, 8, 10, 10, 6, 10, 7, 5, 10, 10, 10, 3, 5, 7, 2, 4]
(0.0, 0.9386210869919562, 0.14699371332202973)
[4, 2, 2, 10, 3, 5, 3, 10, 8, 10, 10, 1, 1, 7, 5, 10, 10, 10, 9, 5, 7, 2, 4]
(0.6184764991896272, 0.9428569977837071, 0.14803694730191055)
[6, 2, 2, 10, 6, 5, 9, 2, 6, 7, 4, 3, 2, 2, 5, 10, 10, 10, 4, 3, 3, 10, 5]
(0.344737568714074, 0.12114885260580102, 0.9944269940769765)
[4, 2, 2, 10, 3, 5, 3, 10, 8, 10, 10, 6, 10, 7, 9, 7, 9, 10, 9, 7, 5, 2, 4]
(0.5331262939958592, 0.9916487172764722, 0.3023992108696344)
[4, 2, 2, 8, 7, 6, 5, 2, 9, 5, 4, 1, 1, 7, 5, 10, 2, 7, 4, 7, 1, 4, 8]
(0.2882698547250885, 0.10803377373207619, 0.9193391487756208)
[4, 1, 4, 4, 10, 4, 2, 8, 1, 10, 4, 1, 1, 7, 4, 3, 9, 2, 6, 5, 1, 5, 4]
(0.6323138673752049, 0.6786636099278084, 0.9121546986440232)
[4, 1, 4, 4, 10, 5, 3, 10, 3, 9, 8, 1, 1, 7, 5, 10, 10, 10, 4, 3, 3, 5, 4]
(0.12914217565380354, 0.6703620661271001, 0.8861579442608494)
[4, 2, 2, 10, 7, 5, 3, 10, 8, 10, 10, 6, 10, 7, 9, 7, 9, 9, 6, 7, 5, 2, 4]
(0.37275431750569865, 0.9448537099625616, 0.578460741218879)
[4, 2, 2, 10, 7, 5, 3, 10, 8, 9, 10, 6, 10, 7, 9, 7, 9, 9, 6, 7, 5, 2, 4]
(0.3706350121009566, 0.9335805473737867, 0.5779311692857371)
[4, 1, 4, 4, 3, 5, 3, 10, 9, 10, 10, 4, 3, 7, 5, 7, 9, 9, 9, 3, 3, 5, 4]
(0.23224852071005897, 0.28927838920253773, 1.0)
[4, 1, 4, 4, 10, 4, 2, 2, 8, 4, 8, 1, 1, 7, 2, 4, 10, 9, 6, 5, 3, 5, 4]
(0.7310353556661885, 0.7271123081704811, 0.7774888744437223)
[4, 1, 4, 4, 3, 5, 3, 10, 9, 10, 10, 4, 3, 7, 5, 7, 9, 9, 9, 3, 3, 5, 4]
(0.23316807932192535, 0.28787468744243194, 0.9986499324966247)
[4, 1, 4, 4, 10, 4, 8, 8, 1, 10, 4, 1, 1, 7, 4, 3, 10, 2, 6, 5, 1, 5, 4]
(0.33004291845493566, 0.675413624129608, 0.9026428594156982)
[4, 1, 4, 4, 9, 4, 2, 8, 8, 4, 8, 1, 1, 7, 2, 5, 10, 9, 6, 3, 3, 5, 4]
(0.7629687850887042, 0.7007477361935297, 0.7858892944647233)
[4, 1, 4, 4, 10, 9, 3, 10, 8, 10, 10, 9, 3, 8, 5, 3, 9, 10, 4, 3, 3, 5, 1]
(0.09377424718270838, 0.5342058638568981, 0.9763670001681902)
[4, 2, 2, 10, 3, 5, 3, 10, 8, 10, 10, 3, 2, 5, 9, 5, 2, 10, 9, 7, 1, 5, 8]
(0.7621580986526342, 0.9994064657798823, 0.6837500965957388)
[4, 1, 4, 4, 10, 9, 3, 10, 4, 10, 10, 4, 3, 7, 5, 7, 9, 9, 9, 3, 3, 5, 4]
(0.2627054169202677, 0.783563223378761, 0.9891540031547031)
[4, 1, 4, 4, 10, 4, 2, 8, 10, 4, 8, 1, 1, 7, 5, 9, 10, 10, 9, 5, 1, 5, 4]
(0.4233313289236319, 0.6088448852513044, 0.918432285250626)
[4, 1, 4, 4, 10, 4, 2, 8, 10, 5, 10, 3, 3, 9, 5, 4, 9, 9, 9, 7, 10, 2, 8]
(0.04000896559453093, 0.9699182431748301, 1.0)
[4, 1, 4, 4, 10, 4, 5, 10, 8, 10, 10, 3, 1, 7, 5, 10, 10, 10, 6, 5, 3, 5, 4]
(0.2598756954305268, 0.6526244284031681, 0.933885330630168)
[4, 2, 4, 4, 10, 4, 2, 10, 7, 4, 8, 1, 1, 7, 6, 5, 10, 10, 6, 5, 1, 5, 8]
(0.41112531969309446, 0.30427771620985794, 0.5473250935274037)
[4, 1, 4, 4, 10, 4, 2, 8, 10, 10, 10, 4, 3, 7, 5, 7, 9, 9, 9, 3, 3, 5, 4]
(0.19513192881979963, 0.751345630536696, 0.9957429689666302)
