gen	evals	std                               	min                               	avg                               	max                               
0  	48   	[0.16428228 0.3664799  0.29249603]	[0.         0.04449942 0.08583838]	[0.09768141 0.56322861 0.78832138]	[0.72611741 1.         1.        ]
1  	48   	[0.25421149 0.32965982 0.12250297]	[0.         0.04949372 0.40731355]	[0.16604747 0.74489959 0.94750898]	[0.91351413 1.         1.        ]
2  	48   	[0.31854286 0.31527059 0.0421626 ]	[0.         0.03477919 0.77984808]	[0.17838074 0.80337547 0.98385852]	[1.38569724 1.         1.        ]
3  	48   	[0.32549053 0.32581356 0.04696118]	[0.         0.03477919 0.77984808]	[0.19481966 0.77567645 0.98047909]	[1.38569724 1.         1.        ]
4  	48   	[0.34446842 0.31096838 0.04471313]	[0.         0.09648972 0.77984808]	[0.22707297 0.77617363 0.98144647]	[1.38569724 1.         1.        ]
5  	48   	[0.34344965 0.31027971 0.04465192]	[0.         0.09648972 0.77984808]	[0.22979128 0.78322328 0.98125034]	[1.38569724 1.         1.        ]
6  	48   	[0.34250866 0.30435963 0.04877172]	[0.         0.09648972 0.77984808]	[0.25801413 0.76214408 0.97610506]	[1.38569724 1.         1.        ]
7  	48   	[0.34324536 0.30491692 0.04469294]	[0.         0.09648972 0.77984808]	[0.25963993 0.76595079 0.97990648]	[1.38569724 1.         1.        ]
8  	48   	[0.34335466 0.3059742  0.04469294]	[0.         0.09648972 0.77984808]	[0.25965885 0.77399389 0.97990648]	[1.38569724 1.         1.        ]
9  	48   	[0.33123911 0.25406899 0.0337646 ]	[0.         0.07500122 0.77984808]	[0.1761581  0.87392685 0.989995  ]	[1.38569724 1.         1.        ]
10 	48   	[0.33123026 0.26004416 0.03376239]	[0.         0.07500122 0.77984808]	[0.18545925 0.8575391  0.98998738]	[1.38569724 1.         1.        ]
11 	48   	[0.33427466 0.26141095 0.0331326 ]	[0.         0.07500122 0.77984808]	[0.17717095 0.87088807 0.99135421]	[1.38569724 1.         1.        ]
12 	48   	[0.33427466 0.26141095 0.0331326 ]	[0.         0.07500122 0.77984808]	[0.17717095 0.87088807 0.99135421]	[1.38569724 1.         1.        ]
13 	48   	[0.33549241 0.25818539 0.03283823]	[0.         0.07500122 0.77984808]	[0.17789161 0.87254959 0.99171739]	[1.38569724 1.         1.        ]
14 	48   	[0.33549241 0.25818539 0.03283823]	[0.         0.07500122 0.77984808]	[0.17789161 0.87254959 0.99171739]	[1.38569724 1.         1.        ]
15 	48   	[0.33543506 0.25751675 0.03283823]	[0.         0.07500122 0.77984808]	[0.17800135 0.8699673  0.99171739]	[1.38569724 1.         1.        ]
16 	48   	[0.33507053 0.25693173 0.03379151]	[0.         0.07500122 0.77984808]	[0.17876488 0.86831909 0.99036538]	[1.38569724 1.         1.        ]
17 	48   	[0.33597168 0.25695522 0.03286655]	[0.         0.07500122 0.77984808]	[0.17695201 0.87426508 0.99144389]	[1.38569724 1.         1.        ]
18 	48   	[0.33823387 0.25631249 0.03285729]	[0.         0.07500122 0.77984808]	[0.18754523 0.87196101 0.99111977]	[1.38569724 1.         1.        ]
19 	48   	[0.33621102 0.25945207 0.07381027]	[0.         0.07500122 0.54205892]	[0.19389232 0.85430853 0.97880107]	[1.38569724 1.         1.        ]
20 	48   	[0.33664455 0.27509801 0.07379148]	[0.         0.07500122 0.54205892]	[0.21611157 0.82965273 0.97873355]	[1.38569724 1.         1.        ]
21 	48   	[0.33534271 0.2754049  0.07378766]	[0.         0.07500122 0.54205892]	[0.21882581 0.81724384 0.97872015]	[1.38569724 1.         1.        ]
22 	48   	[0.34225922 0.29404581 0.07374368]	[0.         0.07500122 0.54205892]	[0.24508941 0.78830534 0.97853576]	[1.38569724 1.         1.        ]
23 	48   	[0.34527737 0.29845295 0.0737405 ]	[0.         0.07500122 0.54205892]	[0.27919102 0.74615051 0.97676801]	[1.38569724 1.         1.        ]
24 	48   	[0.34338148 0.30168897 0.07371874]	[0.         0.07500122 0.54205892]	[0.30022918 0.74285421 0.97673302]	[1.38569724 1.         1.        ]
25 	48   	[0.34070012 0.29935125 0.07371759]	[0.         0.07500122 0.54205892]	[0.30795035 0.73758041 0.97672938]	[1.38569724 1.         1.        ]
26 	48   	[0.34070012 0.29935125 0.07371759]	[0.         0.07500122 0.54205892]	[0.30795035 0.73758041 0.97672938]	[1.38569724 1.         1.        ]
27 	48   	[0.33855755 0.29744583 0.09993158]	[0.         0.07500122 0.50205238]	[0.33364029 0.72841471 0.96577078]	[1.38569724 1.         1.        ]
28 	48   	[0.34439325 0.29403986 0.09996291]	[0.         0.07500122 0.50205238]	[0.36366665 0.70913685 0.96602264]	[1.38569724 1.         1.        ]
29 	48   	[0.34319379 0.29924302 0.09987481]	[0.         0.07500122 0.50205238]	[0.38666972 0.68628541 0.96558441]	[1.38569724 1.         1.        ]
30 	48   	[0.34232885 0.29818312 0.0997686 ]	[0.         0.07500122 0.50205238]	[0.40734343 0.68099795 0.96445637]	[1.38569724 1.         1.        ]
31 	48   	[0.36360044 0.28362412 0.10004089]	[0.         0.08601663 0.50205238]	[0.38417308 0.7285255  0.96599806]	[1.38569724 1.         1.        ]
32 	48   	[0.36436456 0.2864676  0.10094941]	[0.         0.08601663 0.50205238]	[0.40568915 0.71281834 0.96291301]	[1.38569724 1.         1.        ]
33 	48   	[0.36973842 0.28863425 0.11320712]	[0.         0.08601663 0.38152362]	[0.42203479 0.70414813 0.95688354]	[1.38569724 1.         1.        ]
34 	48   	[0.39043751 0.2988343  0.11315397]	[0.         0.08601663 0.38152362]	[0.41943342 0.74251711 0.95412081]	[1.38569724 1.         1.        ]
35 	48   	[0.38411176 0.28844495 0.12817844]	[0.         0.08601663 0.38152362]	[0.44196474 0.7568676  0.93993876]	[1.38569724 1.         1.        ]
36 	48   	[0.38285818 0.28452313 0.1279484 ]	[0.         0.08601663 0.38152362]	[0.40211888 0.78967934 0.94824216]	[1.38569724 1.         1.        ]
37 	48   	[0.37482654 0.28158507 0.12805131]	[0.         0.08601663 0.38152362]	[0.41883974 0.78188993 0.94896686]	[1.38569724 1.         1.        ]
38 	48   	[0.36951135 0.28069717 0.15358219]	[0.         0.08601663 0.36375682]	[0.44132869 0.78286273 0.92932653]	[1.38569724 1.         1.        ]
39 	48   	[0.37817959 0.2981713  0.12679193]	[0.         0.08601663 0.13544086]	[0.46426762 0.75257967 0.96139779]	[1.38569724 1.         1.        ]
40 	48   	[0.37364452 0.29618141 0.12676968]	[0.         0.08601663 0.13544086]	[0.47914881 0.74891189 0.96132112]	[1.38569724 1.         1.        ]
41 	48   	[0.40601009 0.29997938 0.11500638]	[0.         0.08601663 0.22377028]	[0.43960667 0.79544686 0.96132259]	[1.38569724 1.         1.        ]
42 	48   	[0.40025833 0.29943105 0.04681824]	[0.         0.08601663 0.77984808]	[0.44828289 0.79455113 0.97166042]	[1.38569724 1.         1.        ]
43 	48   	[0.39058421 0.31550409 0.04678142]	[0.         0.08601663 0.77984808]	[0.47410276 0.76378836 0.97159787]	[1.38569724 1.         1.        ]
44 	48   	[0.38979307 0.31507711 0.04730347]	[0.         0.08601663 0.77984808]	[0.48521418 0.76208074 0.97031622]	[1.38569724 1.         1.        ]
45 	48   	[0.4048287  0.3273855  0.04751155]	[0.         0.08398077 0.77984808]	[0.52681972 0.74240983 0.96935884]	[1.48362913 1.         1.        ]
46 	48   	[0.3990365  0.31707025 0.03924659]	[0.         0.08398077 0.84555591]	[0.57439263 0.73933402 0.97039298]	[1.70729423 1.         1.        ]
47 	48   	[0.39518465 0.31688641 0.04155575]	[0.         0.08398077 0.84555591]	[0.5838972  0.73921698 0.96772552]	[1.70729423 1.         1.        ]
48 	48   	[0.399731   0.31809745 0.04173666]	[0.         0.08398077 0.84555591]	[0.58603196 0.74067987 0.96891336]	[1.70729423 1.         1.        ]
49 	48   	[0.372198   0.31308717 0.04130414]	[0.         0.08398077 0.84555591]	[0.62551658 0.73203998 0.96796227]	[1.70729423 1.         1.        ]
50 	48   	[0.37106751 0.31287053 0.04105429]	[0.         0.08398077 0.84555591]	[0.63170828 0.73129782 0.96744444]	[1.70729423 1.         1.        ]
51 	48   	[0.3788523  0.31402208 0.0443842 ]	[0.         0.08398077 0.84513317]	[0.62133039 0.73282046 0.96545287]	[1.70729423 1.         1.        ]
52 	48   	[0.3883814  0.32322639 0.04250669]	[0.         0.08398077 0.84513317]	[0.60518735 0.72004497 0.96877571]	[1.70729423 1.         1.        ]
53 	48   	[0.38228017 0.32351321 0.03969761]	[0.         0.08398077 0.84513317]	[0.60891776 0.72125836 0.9687026 ]	[1.70729423 1.         1.        ]
54 	48   	[0.38032517 0.32368973 0.03969678]	[0.         0.08398077 0.84513317]	[0.61395045 0.71118307 0.96954218]	[1.70729423 1.         1.        ]
55 	48   	[0.36518859 0.32128787 0.03794521]	[0.         0.08398077 0.84513317]	[0.64116793 0.70704858 0.97145018]	[1.70729423 1.         1.        ]
56 	48   	[0.37615487 0.32105143 0.03780226]	[0.         0.08398077 0.84513317]	[0.63259732 0.70635108 0.97104287]	[1.70729423 1.         1.        ]
57 	48   	[0.37449634 0.32151513 0.03800039]	[0.         0.08398077 0.84513317]	[0.62308953 0.71134703 0.97168784]	[1.70729423 1.         1.        ]
58 	48   	[0.40422879 0.2559539  0.04662989]	[0.         0.08398077 0.81718631]	[0.58894883 0.81504802 0.96424428]	[1.70729423 1.         1.        ]
59 	48   	[0.38827001 0.25451594 0.04634392]	[0.         0.08398077 0.81718631]	[0.6242385  0.80882261 0.963883  ]	[1.70729423 1.         1.        ]
60 	48   	[0.43857651 0.2601261  0.04598659]	[0.         0.08398077 0.81718631]	[0.5432036  0.8197898  0.97242078]	[1.70729423 1.         1.        ]
61 	48   	[0.41542514 0.25725554 0.03989663]	[0.         0.08398077 0.8451468 ]	[0.58121849 0.81409801 0.97347647]	[1.70729423 1.         1.        ]
62 	48   	[0.4138743  0.25511783 0.03997195]	[0.         0.08398077 0.8451468 ]	[0.58472063 0.81127727 0.97349446]	[1.70729423 1.         1.        ]
63 	48   	[0.42201122 0.25633384 0.03997554]	[0.         0.08398077 0.8451468 ]	[0.57031974 0.81410903 0.97330009]	[1.70729423 1.         1.        ]
64 	48   	[0.41769929 0.25504023 0.039503  ]	[0.         0.08398077 0.8451468 ]	[0.58939312 0.80978872 0.97483771]	[1.70729423 1.         1.        ]
65 	48   	[0.41709849 0.25526679 0.03936674]	[0.         0.08398077 0.8451468 ]	[0.59313275 0.8102886  0.97460896]	[1.70729423 1.         1.        ]
66 	48   	[0.40027394 0.25405662 0.03915598]	[0.         0.08398077 0.8451468 ]	[0.61847794 0.80793636 0.97403791]	[1.70729423 1.         1.        ]
67 	48   	[0.40771919 0.25358211 0.03899533]	[0.         0.08398077 0.8451468 ]	[0.61251745 0.80585419 0.97254479]	[1.70729423 1.         1.        ]
68 	48   	[0.42158266 0.25455915 0.03914199]	[0.         0.08398077 0.8451468 ]	[0.59715455 0.80762299 0.97314596]	[1.70729423 1.         1.        ]
69 	48   	[0.4184578  0.2666187  0.03878628]	[0.         0.08398077 0.8451468 ]	[0.62249193 0.79193104 0.97228199]	[1.70729423 1.         1.        ]
70 	48   	[0.42897373 0.26698734 0.03923447]	[0.         0.08398077 0.8451468 ]	[0.61249642 0.79125682 0.97164887]	[1.70729423 1.         1.        ]
71 	48   	[0.43540518 0.270246   0.04424383]	[0.         0.08398077 0.8451468 ]	[0.59833311 0.79861742 0.96711365]	[1.70729423 1.         1.        ]
72 	48   	[0.43551804 0.26883076 0.04445355]	[0.         0.08398077 0.8451468 ]	[0.60391485 0.7956666  0.96763115]	[1.70729423 1.         1.        ]
73 	48   	[0.43462842 0.26870172 0.04444475]	[0.         0.08398077 0.8451468 ]	[0.62536199 0.7925307  0.96746196]	[1.70729423 1.         1.        ]
74 	48   	[0.44300933 0.26925426 0.04487514]	[0.         0.08398077 0.8451468 ]	[0.61557235 0.79404299 0.96651319]	[1.70729423 1.         1.        ]
75 	48   	[0.4215301  0.26816093 0.04460985]	[0.         0.08398077 0.8451468 ]	[0.66595997 0.78849543 0.96819145]	[1.70729423 1.         1.        ]
76 	48   	[0.4215283  0.26819682 0.04459944]	[0.         0.08398077 0.8451468 ]	[0.66592788 0.78859908 0.96817455]	[1.70729423 1.         1.        ]
77 	48   	[0.4271832  0.21619535 0.04496606]	[0.         0.08398077 0.8451468 ]	[0.6179621  0.83660447 0.96964256]	[1.70729423 1.         1.        ]
78 	48   	[0.39633619 0.21251787 0.0446515 ]	[0.         0.08398077 0.8451468 ]	[0.65994413 0.8289044  0.96871648]	[1.70729423 1.         1.        ]
79 	48   	[0.42692215 0.21650993 0.04470777]	[0.         0.08398077 0.8451468 ]	[0.61604274 0.83853003 0.97089035]	[1.70729423 1.         1.        ]
80 	48   	[0.41731495 0.21527168 0.04460986]	[0.         0.08398077 0.8451468 ]	[0.62888224 0.83530491 0.97068968]	[1.70729423 1.         1.        ]
81 	48   	[0.40262082 0.2119342  0.05407092]	[0.         0.08398077 0.74707826]	[0.66453546 0.82617146 0.96849715]	[1.70729423 1.         1.        ]
82 	48   	[0.41977689 0.21386407 0.05401631]	[0.         0.08398077 0.74707826]	[0.66542327 0.82151526 0.96836802]	[1.70729423 1.         1.        ]
83 	48   	[0.42430142 0.21684411 0.05416076]	[0.         0.08398077 0.74707826]	[0.67446866 0.81581772 0.96891753]	[1.70729423 1.         1.        ]
84 	48   	[0.46288928 0.234439   0.14378688]	[0.         0.08398077 0.09919132]	[0.62401692 0.81967156 0.94361858]	[1.70729423 1.         1.        ]
85 	48   	[0.4590585  0.22309874 0.05941167]	[0.         0.08398077 0.74707826]	[0.62363031 0.82903742 0.96313779]	[1.70729423 1.         1.        ]
86 	48   	[0.47635214 0.22595146 0.06078266]	[0.         0.08398077 0.74707826]	[0.59730328 0.83445309 0.9609712 ]	[1.70729423 1.         1.        ]
87 	48   	[0.48873063 0.2417089  0.06152517]	[0.         0.08398077 0.74707826]	[0.58317777 0.8260914  0.95903825]	[1.70729423 1.         1.        ]
88 	48   	[0.48754802 0.24194511 0.06112182]	[0.         0.08398077 0.74707826]	[0.58547408 0.8264884  0.9581606 ]	[1.70729423 1.         1.        ]
89 	48   	[0.48898666 0.24197297 0.05905054]	[0.         0.08398077 0.74707826]	[0.57908486 0.82712068 0.95995174]	[1.70729423 1.         1.        ]
90 	48   	[0.4953644  0.24369348 0.05932635]	[0.         0.08398077 0.74707826]	[0.56380986 0.8312443  0.96161167]	[1.70729423 1.         1.        ]
91 	48   	[0.48150862 0.24249833 0.05817481]	[0.         0.08398077 0.74707826]	[0.60713341 0.82469374 0.95939039]	[1.70729423 1.         1.        ]
92 	48   	[0.50253836 0.24684043 0.10261679]	[0.         0.08398077 0.36906163]	[0.50030544 0.85597737 0.94386755]	[1.70729423 1.         1.        ]
93 	48   	[0.49139367 0.23800059 0.0605317 ]	[0.         0.08398077 0.74707826]	[0.46387554 0.87134132 0.9537127 ]	[1.70729423 1.         1.        ]
94 	48   	[0.48727838 0.23961198 0.05893099]	[0.         0.08398077 0.74707826]	[0.4944595  0.86325608 0.95351368]	[1.70729423 1.         1.        ]
95 	48   	[0.48786763 0.23963609 0.05877089]	[0.         0.08398077 0.74707826]	[0.49093952 0.8633018  0.95305925]	[1.70729423 1.         1.        ]
96 	48   	[0.47759777 0.23749037 0.06875707]	[0.         0.08398077 0.69748715]	[0.52751316 0.85776616 0.94848265]	[1.70729423 1.         1.        ]
97 	48   	[0.46639964 0.23657374 0.06966799]	[0.         0.08398077 0.69748715]	[0.55929945 0.85559292 0.94524589]	[1.70729423 1.         1.        ]
98 	48   	[0.49053266 0.23894282 0.09673712]	[0.         0.08398077 0.5080754 ]	[0.50765074 0.85794864 0.93861914]	[1.70729423 1.         1.        ]
99 	48   	[0.48840415 0.23926942 0.07484954]	[0.         0.08398077 0.69748715]	[0.52105387 0.86226269 0.93748632]	[1.70729423 1.         1.        ]
[4, 2, 2, 10, 3, 5, 3, 10, 8, 10, 10, 1, 1, 7, 5, 3, 9, 10, 9, 7, 5, 2, 4]
(0.08405545927209701, 0.9997853804029072, 0.7470782630040594)
[4, 2, 6, 10, 3, 5, 3, 10, 8, 10, 10, 4, 2, 5, 9, 5, 9, 10, 9, 7, 1, 4, 8]
(0.08228840125391845, 0.9999634343160768, 0.8257753796780748)
[4, 2, 1, 10, 3, 5, 3, 10, 8, 10, 10, 3, 3, 9, 5, 3, 9, 9, 9, 5, 5, 2, 4]
(0.06563039723661479, 0.999998940706749, 0.8451263472264524)
[4, 2, 1, 10, 3, 5, 3, 10, 8, 10, 10, 3, 3, 9, 5, 3, 9, 9, 9, 5, 5, 2, 4]
(0.06649395509499134, 0.9999986879415678, 0.8451263472264522)
[4, 2, 1, 10, 3, 5, 3, 10, 8, 10, 10, 3, 3, 9, 5, 3, 9, 9, 9, 5, 5, 2, 4]
(0.06649395509499134, 0.9999986879415678, 0.8451263472264522)
[4, 2, 1, 10, 3, 5, 3, 10, 8, 10, 10, 3, 3, 9, 5, 3, 9, 9, 9, 5, 5, 2, 4]
(0.06649395509499134, 0.9999982419859602, 0.8451468027946852)
[4, 2, 2, 10, 3, 5, 3, 10, 8, 10, 10, 3, 2, 9, 5, 4, 9, 9, 9, 5, 5, 2, 4]
(0.0679012345679012, 0.9999942775657573, 0.8455877339321511)
[4, 2, 1, 10, 3, 5, 3, 10, 8, 10, 10, 3, 3, 8, 5, 3, 9, 10, 9, 7, 5, 2, 4]
(0.04525288376220049, 0.9999994475792878, 0.8833396215265309)
[4, 2, 1, 10, 3, 5, 3, 10, 8, 10, 10, 3, 3, 8, 5, 3, 9, 9, 9, 5, 5, 2, 4]
(0.04525288376220049, 0.9999958805508171, 0.8837328230047866)
[4, 1, 4, 4, 10, 9, 3, 10, 10, 5, 10, 2, 2, 9, 5, 4, 9, 10, 9, 7, 10, 2, 8]
(0.0033120146185472987, 0.9264120698224684, 1.0)
[4, 2, 2, 10, 3, 5, 3, 10, 8, 10, 10, 6, 2, 5, 9, 7, 2, 10, 9, 7, 1, 4, 4]
(0.03148425787106446, 0.9998161764373265, 0.9583206433048925)
[4, 2, 2, 7, 3, 5, 3, 10, 8, 10, 10, 6, 2, 5, 9, 7, 5, 9, 2, 5, 5, 2, 4]
(0.0, 1.0, 1.0)
[4, 2, 2, 10, 3, 5, 3, 10, 8, 10, 10, 6, 2, 5, 9, 7, 5, 9, 9, 5, 5, 2, 4]
(0.0, 1.0, 1.0)
[4, 2, 2, 10, 4, 10, 3, 10, 8, 10, 10, 1, 1, 7, 5, 3, 9, 9, 9, 3, 5, 2, 4]
(0.0, 1.0, 1.0)
[10, 2, 2, 10, 3, 5, 3, 7, 8, 10, 10, 4, 2, 5, 9, 5, 9, 10, 9, 5, 7, 2, 4]
(0.0, 1.0, 1.0)
[4, 2, 2, 10, 10, 9, 5, 10, 6, 10, 10, 4, 2, 5, 9, 5, 9, 10, 9, 5, 5, 2, 4]
(0.0, 1.0, 1.0)
[4, 2, 2, 10, 3, 5, 3, 10, 8, 10, 10, 4, 2, 5, 9, 5, 1, 10, 9, 5, 5, 2, 4]
(0.0, 1.0, 1.0)
[4, 2, 1, 10, 3, 5, 10, 10, 8, 10, 10, 1, 1, 7, 5, 3, 9, 9, 9, 3, 8, 2, 4]
(0.0, 1.0, 1.0)
[4, 2, 2, 10, 3, 5, 3, 10, 8, 10, 10, 3, 2, 5, 9, 7, 2, 10, 9, 7, 1, 4, 8]
(0.18561484918793503, 0.9994862013278318, 0.866806976712472)
[4, 2, 2, 10, 3, 5, 3, 10, 8, 10, 10, 4, 2, 5, 9, 5, 2, 10, 9, 7, 1, 4, 8]
(0.17248908296943233, 0.9994767899317534, 0.9123319802353754)
[4, 2, 2, 10, 3, 5, 3, 10, 8, 10, 10, 3, 2, 5, 9, 7, 2, 10, 9, 2, 1, 4, 8]
(0.25768008474576276, 0.995532614701433, 0.9317034033519858)
[4, 2, 2, 10, 3, 5, 3, 10, 8, 10, 10, 3, 2, 5, 9, 7, 2, 8, 9, 4, 1, 4, 8]
(0.25741525423728817, 0.9967499835731666, 0.9317602243748552)
[3, 2, 2, 10, 3, 5, 3, 10, 8, 10, 10, 3, 1, 7, 5, 8, 9, 10, 9, 7, 5, 2, 4]
(0.2617403314917127, 0.9977224649506905, 0.9314261167603834)
[4, 1, 4, 4, 10, 9, 3, 10, 3, 5, 10, 4, 3, 9, 5, 4, 10, 9, 9, 7, 10, 2, 8]
(0.45053003533568914, 0.9106724166526984, 1.0)
[4, 2, 2, 7, 3, 5, 3, 10, 8, 10, 10, 3, 2, 5, 2, 7, 5, 9, 9, 5, 5, 2, 4]
(0.8070580474934037, 0.9107900187778185, 0.6974871470846269)
[4, 2, 4, 4, 10, 9, 3, 10, 3, 9, 8, 1, 1, 7, 6, 5, 10, 10, 6, 5, 1, 5, 8]
(1.311757645987667, 0.2252398615851253, 0.8910240966593785)
[4, 2, 2, 10, 3, 5, 3, 10, 8, 10, 10, 6, 10, 7, 5, 10, 10, 10, 3, 5, 7, 2, 4]
(0.4827781983345949, 0.9728544493030089, 0.9872198155362313)
[4, 2, 2, 10, 3, 5, 3, 10, 8, 10, 10, 1, 1, 7, 5, 10, 10, 10, 9, 5, 7, 2, 4]
(0.6182760855476345, 0.9798893158555725, 0.8525789925859929)
[6, 2, 2, 10, 6, 5, 9, 2, 6, 7, 4, 3, 2, 2, 5, 10, 10, 10, 4, 3, 3, 10, 5]
(1.3719733079122975, 0.08601663427447682, 0.9962998149907495)
[4, 2, 2, 10, 3, 5, 3, 10, 8, 10, 10, 6, 10, 7, 9, 7, 9, 10, 9, 7, 5, 2, 4]
(0.5338164251207729, 0.9867497580029599, 0.964155025933115)
[4, 2, 2, 8, 7, 6, 5, 2, 9, 5, 4, 1, 1, 7, 5, 10, 2, 7, 4, 7, 1, 4, 8]
(1.4836291309669523, 0.08398077142113566, 0.9882721408797713)
[4, 1, 4, 4, 10, 4, 2, 8, 1, 10, 4, 1, 1, 7, 4, 3, 9, 2, 6, 5, 1, 5, 4]
(0.6407618832306562, 0.9244272377225282, 0.9946270040774766)
[4, 1, 4, 4, 10, 5, 3, 10, 3, 9, 8, 1, 1, 7, 5, 10, 10, 10, 4, 3, 3, 5, 4]
(0.6965967600150698, 0.8811580979981478, 0.9961975371495847)
[4, 2, 2, 10, 7, 5, 3, 10, 8, 10, 10, 6, 10, 7, 9, 7, 9, 9, 6, 7, 5, 2, 4]
(0.7680690399137001, 0.9398204803409664, 0.8666001481892277)
[4, 2, 2, 10, 7, 5, 3, 10, 8, 9, 10, 6, 10, 7, 9, 7, 9, 9, 6, 7, 5, 2, 4]
(0.7693574958813837, 0.9334873300215907, 0.8753914968475697)
[4, 1, 4, 4, 3, 5, 3, 10, 9, 10, 10, 4, 3, 7, 5, 7, 9, 9, 9, 3, 3, 5, 4]
(0.9737452046035805, 0.6261838401424024, 0.9996022528399148)
[4, 1, 4, 4, 10, 4, 2, 2, 8, 4, 8, 1, 1, 7, 2, 4, 10, 9, 6, 5, 3, 5, 4]
(0.7310190652944155, 0.8941524641549966, 0.9865379632617994)
[4, 1, 4, 4, 3, 5, 3, 10, 9, 10, 10, 4, 3, 7, 5, 7, 9, 9, 9, 3, 3, 5, 4]
(1.0569282763800225, 0.5717250580082467, 1.0)
[4, 1, 4, 4, 10, 4, 8, 8, 1, 10, 4, 1, 1, 7, 4, 3, 10, 2, 6, 5, 1, 5, 4]
(0.7232618025751073, 0.9217415838557097, 0.9941542531672038)
[4, 1, 4, 4, 9, 4, 2, 8, 8, 4, 8, 1, 1, 7, 2, 5, 10, 9, 6, 3, 3, 5, 4]
(0.7630181056411791, 0.9065856505004446, 0.9794807922214293)
[4, 1, 4, 4, 10, 9, 3, 10, 8, 10, 10, 9, 3, 8, 5, 3, 9, 10, 4, 3, 3, 5, 1]
(1.095359491613094, 0.5694488457966462, 0.9954361354431357)
[4, 2, 2, 10, 3, 5, 3, 10, 8, 10, 10, 3, 2, 5, 9, 5, 2, 10, 9, 7, 1, 5, 8]
(0.7622458410351203, 0.9794569204134372, 0.9783648273322757)
[4, 1, 4, 4, 10, 9, 3, 10, 4, 10, 10, 4, 3, 7, 5, 7, 9, 9, 9, 3, 3, 5, 4]
(1.170819823992589, 0.6275606547925154, 0.9952656723745278)
[4, 1, 4, 4, 10, 4, 2, 8, 10, 4, 8, 1, 1, 7, 5, 9, 10, 10, 9, 5, 1, 5, 4]
(0.9992764109985529, 0.8082022345010609, 0.9946110941910732)
[4, 1, 4, 4, 10, 4, 2, 8, 10, 5, 10, 3, 3, 9, 5, 4, 9, 9, 9, 7, 10, 2, 8]
(0.9483347566182752, 0.8804281135523073, 1.0)
[4, 1, 4, 4, 10, 4, 5, 10, 8, 10, 10, 3, 1, 7, 5, 10, 10, 10, 6, 5, 3, 5, 4]
(1.0805202056627037, 0.7925428234908848, 0.984969703030606)
[4, 2, 4, 4, 10, 4, 2, 10, 7, 4, 8, 1, 1, 7, 6, 5, 10, 10, 6, 5, 1, 5, 8]
(1.7072942336126171, 0.2810628891030718, 0.8879148502879688)
[4, 1, 4, 4, 10, 4, 2, 8, 10, 10, 10, 4, 3, 7, 5, 7, 9, 9, 9, 3, 3, 5, 4]
(1.304559625876851, 0.7795023465370442, 0.9947633745323631)
