-1.0, 0.255, 0.585, -1.0, 0.21, 0.24, 0.345, 0.32999999999999996, 0.21, 0.0, -1.0, 0.21, 0.495, 0.22499999999999998, -1.0, 0.24, -1.0, -1.0
0.705, -1.0, 0.585, -1.0, 0.21, 0.24, 1.4849999999999999, 0.32999999999999996, 0.21, -1.0, -1.0, 0.195, 0.495, -1.0, -1.0, 0.24, -1.0, -1.0
0.345, 0.27, -1.0, -1.0, 0.24, 0.27, 10.365, 0.975, 0.21, 0.0, 0.44999999999999996, 0.21, 0.16499999999999998, 0.24, 0.195, 0.24, -1.0, 7.574999999999999
0.345, 0.24, 0.57, -1.0, 0.22499999999999998, 0.24, 0.345, 0.345, 0.21, 0.42, 0.42, 0.195, 0.16499999999999998, 0.57, -1.0, 0.24, -1.0, -1.0
0.345, 0.0, 0.585, -1.0, -1.0, 0.24, 8.145, 0.345, 0.21, -1.0, -1.0, 0.40499999999999997, 0.15, 8.145, -1.0, 0.48, -1.0, -1.0
0.705, 0.0, 0.585, -1.0, 0.21, -1.0, 0.36, 0.32999999999999996, 0.21, 0.645, 0.0, 0.22499999999999998, 0.495, 0.195, -1.0, 0.24, -1.0, -1.0
0.705, 7.529999999999999, 0.585, -1.0, 0.21, 0.24, -1.0, 0.32999999999999996, 0.21, 0.40499999999999997, 0.40499999999999997, 0.24, 0.16499999999999998, 0.24, -1.0, 0.24, -1.0, -1.0
0.345, 0.255, 0.585, -1.0, 0.21, 0.24, 0.345, -1.0, 0.21, 0.0, -1.0, 0.7949999999999999, 0.16499999999999998, 7.6499999999999995, -1.0, 0.48, -1.0, -1.0
0.705, 0.0, 0.585, -1.0, 0.21, 0.24, 0.345, 0.345, -1.0, 0.0, -1.0, 0.40499999999999997, 0.495, -1.0, -1.0, 0.24, -1.0, -1.0
0.345, 7.694999999999999, 0.54, -1.0, 0.195, 0.24, 0.345, 0.32999999999999996, 0.21, -1.0, 0.0, 0.21, 0.495, 8.415, -1.0, 0.22499999999999998, -1.0, -1.0
0.705, 0.24, 0.585, -1.0, 0.21, 0.24, 7.725, 0.32999999999999996, 0.195, 0.0, -1.0, 0.40499999999999997, 0.495, 8.295, -1.0, 0.24, -1.0, -1.0
0.345, 0.0, 0.585, -1.0, 0.21, 0.24, 0.36, 0.32999999999999996, 0.42, 0.0, -1.0, -1.0, 0.495, 7.935, -1.0, 0.24, -1.0, -1.0
0.705, 0.0, 0.585, -1.0, 0.21, 0.24, 1.2149999999999999, 0.32999999999999996, 0.42, 0.0, 0.345, 0.40499999999999997, -1.0, -1.0, -1.0, 0.24, -1.0, -1.0
0.345, 7.095, 0.585, -1.0, 0.21, 0.24, 0.345, 0.32999999999999996, 0.21, 0.0, 0.39, 0.21, 0.16499999999999998, -1.0, -1.0, 0.24, -1.0, -1.0
0.705, -1.0, 0.585, -1.0, 0.21, 0.24, 0.36, 0.345, 0.21, -1.0, -1.0, 0.39, 0.495, -1.0, -1.0, 0.24, -1.0, 6.404999999999999
0.705, 0.51, 7.83, -1.0, 0.21, 6.3, 0.345, 6.33, 6.42, 0.0, 0.40499999999999997, 0.21, 6.3, 7.83, -1.0, -1.0, -1.0, 5.91
0.705, -1.0, 0.615, -1.0, 0.21, 0.24, -1.0, 0.32999999999999996, 0.21, -1.0, -1.0, 0.22499999999999998, 0.16499999999999998, -1.0, -1.0, 0.48, -1.0, 6.359999999999999
0.705, 0.24, 0.585, 0.48, 0.21, 0.24, 0.32999999999999996, 0.69, 0.42, 0.42, 0.39, 0.22499999999999998, 0.495, 0.46499999999999997, 0.195, 0.48, 0.195, -1.0
0.345, 0.0, 0.585, -1.0, 0.21, 0.24, 0.32999999999999996, 0.345, 0.21, 0.0, -1.0, 0.21, 0.15, 0.3, -1.0, 0.24, -1.0, -1.0
0.345, 0.24, 0.495, 0.54, 0.22499999999999998, 0.255, 0.36, 0.39, 0.21, 0.44999999999999996, 0.435, 0.22499999999999998, 0.16499999999999998, 0.22499999999999998, 0.78, 0.255, 0.195, 0.27
0.345, 0.255, 0.48, 0.46499999999999997, 0.21, 0.27, 0.6599999999999999, 0.345, 0.21, 0.435, 0.9149999999999999, 0.22499999999999998, 0.16499999999999998, 0.22499999999999998, 0.42, 0.22499999999999998, -1.0, 1.92
0.345, 0.615, 0.51, -1.0, 0.22499999999999998, 0.255, 0.345, 0.345, 0.21, 0.0, -1.0, 0.21, 0.32999999999999996, 0.255, 0.195, 0.24, -1.0, 2.82
0.345, 0.24, 0.585, 0.48, 0.21, 0.24, 0.32999999999999996, 0.69, 0.42, 0.42, 0.39, 0.22499999999999998, 0.495, 0.46499999999999997, 0.195, 0.48, 0.195, -1.0
0.705, 0.27, 0.57, 0.46499999999999997, 0.21, 0.255, 0.36, 0.32999999999999996, 0.21, 0.46499999999999997, 0.435, 0.21, 0.16499999999999998, 0.22499999999999998, 0.78, 0.24, -1.0, 3.5999999999999996
0.705, -1.0, 0.585, -1.0, 0.21, 0.24, 0.0, 0.32999999999999996, 0.42, -1.0, -1.0, 0.0, 0.495, -1.0, -1.0, 0.48, -1.0, -1.0
0.705, 0.24, 0.585, 0.48, 0.21, 0.24, 0.32999999999999996, 0.69, 0.42, 0.42, 0.39, 0.22499999999999998, 0.495, 0.46499999999999997, 0.195, 0.48, -1.0, -1.0
0.345, 0.6749999999999999, 0.585, -1.0, 0.21, 0.24, 0.0, 0.32999999999999996, 0.42, 0.0, -1.0, -1.0, 0.495, -1.0, -1.0, 0.24, -1.0, -1.0
0.705, 0.24, 0.585, 0.48, 0.21, 0.24, 0.32999999999999996, 0.69, 0.42, 0.42, 0.39, 0.22499999999999998, 0.495, 0.46499999999999997, 0.195, 0.48, 0.195, -1.0
0.345, 0.255, 0.585, -1.0, 0.21, 0.24, 0.345, 0.32999999999999996, 0.42, 0.0, -1.0, 0.69, 0.495, 0.315, -1.0, 0.24, -1.0, -1.0
0.345, 0.24, 0.585, 0.48, 0.21, 0.24, 0.32999999999999996, 0.69, 0.42, 0.42, 0.39, 0.22499999999999998, 0.495, 0.46499999999999997, 0.195, 0.48, 0.195, -1.0
0.705, 0.255, 0.585, -1.0, 0.21, 0.24, 4.995, 0.32999999999999996, 0.42, -1.0, -1.0, 0.40499999999999997, 0.495, 0.3, -1.0, 0.48, -1.0, -1.0
0.345, 0.24, 0.57, 0.46499999999999997, 0.21, 0.24, 0.32999999999999996, 0.32999999999999996, 0.21, 0.42, 0.855, 0.21, 0.16499999999999998, 0.44999999999999996, 0.78, 0.24, -1.0, 7.635
0.705, 0.27, 0.525, 0.44999999999999996, 0.21, 0.255, 0.39, 0.32999999999999996, 0.21, -1.0, 0.495, 0.24, 0.32999999999999996, 0.5549999999999999, -1.0, 0.24, -1.0, 7.109999999999999
0.36, -1.0, 0.48, -1.0, 0.21, 0.255, -1.0, 0.32999999999999996, 0.21, -1.0, -1.0, 0.24, 0.16499999999999998, -1.0, 0.42, 0.255, -1.0, 0.0
0.36, 0.27, 0.46499999999999997, 0.46499999999999997, 0.21, 0.24, 0.645, 0.345, 0.21, 0.42, 0.40499999999999997, 0.24, 0.15, 0.22499999999999998, 0.195, 0.495, 0.195, 1.47
0.705, 0.24, -1.0, 0.48, 0.21, 0.255, 0.32999999999999996, 0.32999999999999996, 0.21, 0.42, -1.0, 0.24, 0.495, 0.46499999999999997, 0.42, 0.255, -1.0, 0.44999999999999996
0.195, -1.0, 0.285, 0.3, -1.0, -1.0, -1.0, -1.0, -1.0, 0.315, 0.3, -1.0, 0.3, 0.3, 0.0, -1.0, 0.255, -1.0
0.0, -1.0, 0.285, 0.87, 0.0, -1.0, -1.0, -1.0, -1.0, -1.0, 0.3, -1.0, 0.3, 0.3, 0.0, -1.0, 0.285, -1.0
0.18, 0.315, 0.285, 1.155, -1.0, 0.24, 0.0, -1.0, -1.0, 0.315, 0.3, -1.0, 5.055, 0.3, 0.0, -1.0, 0.285, 4.8149999999999995
0.18, 0.3, 0.285, 6.944999999999999, -1.0, -1.0, 0.0, -1.0, -1.0, 0.3, 0.3, -1.0, 0.0, 0.3, 0.0, -1.0, 0.285, -1.0
-1.0, -1.0, 0.285, 0.825, -1.0, -1.0, -1.0, -1.0, -1.0, 0.315, 0.3, -1.0, 0.3, 0.3, 0.0, -1.0, 0.0, -1.0
0.0, -1.0, 0.57, 0.255, -1.0, -1.0, -1.0, -1.0, -1.0, 0.315, 0.3, -1.0, 0.3, 0.3, 0.27, -1.0, 0.285, -1.0
9.465, -1.0, 0.285, 3.855, -1.0, -1.0, -1.0, -1.0, -1.0, 0.315, 0.3, -1.0, 0.0, 0.3, 0.0, -1.0, 10.725, -1.0
-1.0, -1.0, 0.285, 0.255, -1.0, -1.0, -1.0, -1.0, -1.0, 6.42, 0.3, -1.0, 0.3, 0.3, 0.0, -1.0, 0.27, -1.0
0.18, -1.0, 0.285, 0.255, -1.0, -1.0, -1.0, -1.0, -1.0, 6.39, 0.3, -1.0, 0.3, 0.3, -1.0, -1.0, 0.285, -1.0
-1.0, -1.0, 0.285, 0.27, -1.0, -1.0, 0.0, -1.0, -1.0, 6.51, 0.3, -1.0, 0.0, 0.3, 0.0, -1.0, 0.0, -1.0
0.18, -1.0, 0.285, 0.27, -1.0, -1.0, -1.0, -1.0, -1.0, 6.4799999999999995, 0.3, -1.0, 0.3, 0.3, 0.0, -1.0, 0.255, -1.0
-1.0, -1.0, 0.285, 0.255, -1.0, -1.0, -1.0, -1.0, -1.0, 0.315, 0.3, -1.0, 0.3, 0.3, 7.739999999999999, -1.0, 0.255, -1.0
0.12, -1.0, 0.285, 0.255, -1.0, -1.0, -1.0, -1.0, -1.0, 0.63, 0.3, -1.0, 0.3, 0.3, 0.0, -1.0, 0.975, -1.0
-1.0, -1.0, 0.285, 0.255, -1.0, -1.0, -1.0, -1.0, -1.0, 0.315, 0.3, -1.0, 0.3, 0.3, 0.0, -1.0, 7.859999999999999, -1.0
-1.0, 0.315, 0.585, 2.8649999999999998, -1.0, -1.0, 0.0, -1.0, -1.0, 0.315, 0.3, -1.0, 0.32999999999999996, 0.3, -1.0, -1.0, 0.255, 3.3
0.0, -1.0, 0.285, 6.225, -1.0, -1.0, 0.285, -1.0, -1.0, 0.315, 0.3, -1.0, 0.0, 0.3, 0.0, -1.0, 0.255, -1.0
-1.0, -1.0, 0.285, 0.255, -1.0, -1.0, 0.0, -1.0, -1.0, 6.6899999999999995, 0.3, -1.0, 0.32999999999999996, 0.3, 0.0, -1.0, 0.255, -1.0
0.51, -1.0, 0.285, 0.255, 0.27, 0.54, 0.285, 0.345, 0.22499999999999998, 0.63, 0.3, 0.27, 0.3, 0.3, 0.825, 0.285, 0.255, -1.0
-1.0, 0.315, 0.285, 0.255, -1.0, 0.21, -1.0, -1.0, -1.0, 0.315, 0.3, -1.0, 0.315, 0.3, 0.765, -1.0, 0.255, -1.0
0.195, -1.0, 0.285, 0.255, -1.0, 0.21, 0.285, 0.345, -1.0, 0.315, 0.3, -1.0, 0.3, 0.3, 0.3, -1.0, 0.285, -1.0
0.195, 0.315, -1.0, 2.13, -1.0, 0.24, 0.0, -1.0, 0.0, 1.275, 0.3, 0.0, 0.6, 0.3, 0.0, 0.0, 0.255, 12.48
0.18, -1.0, 0.285, -1.0, -1.0, -1.0, -1.0, -1.0, -1.0, 0.315, 0.3, -1.0, 0.315, 0.3, 0.885, -1.0, 0.0, -1.0
0.51, 0.27, 0.285, 0.255, -1.0, 0.54, 0.285, 0.345, -1.0, -1.0, 0.3, 0.27, 0.3, 0.3, 0.825, -1.0, 0.255, 0.255
0.195, 0.315, 0.285, 0.27, 0.0, -1.0, 0.255, -1.0, -1.0, 0.315, 0.3, -1.0, 0.345, 0.3, 0.0, -1.0, 0.27, -1.0
-1.0, -1.0, 0.285, 0.255, 2.5949999999999998, -1.0, -1.0, -1.0, 0.0, -1.0, 0.3, -1.0, 0.3, 0.3, 0.87, -1.0, 0.48, -1.0
0.51, 0.27, 0.285, 0.255, 0.27, 0.255, 0.285, -1.0, -1.0, 0.63, 0.3, 0.27, 0.3, 0.3, 0.825, 0.285, 0.255, 0.255
0.825, -1.0, 0.285, 0.255, -1.0, -1.0, -1.0, -1.0, -1.0, -1.0, 0.3, -1.0, 0.3, 0.3, 0.825, -1.0, 0.0, -1.0
0.51, 0.27, -1.0, 0.255, 0.27, -1.0, 0.285, 0.345, 0.22499999999999998, -1.0, 0.3, -1.0, 0.3, 0.3, 0.825, -1.0, 0.255, -1.0
-1.0, -1.0, 0.285, 0.255, 0.0, -1.0, -1.0, -1.0, -1.0, 0.315, -1.0, -1.0, 0.3, 0.3, 1.2149999999999999, -1.0, 0.0, -1.0
0.51, -1.0, 0.285, 0.255, 0.27, 0.255, 0.285, 0.345, 0.22499999999999998, -1.0, 0.3, -1.0, 0.3, -1.0, 0.825, -1.0, 0.255, -1.0
-1.0, -1.0, 0.285, 0.255, 0.0, -1.0, -1.0, -1.0, -1.0, 0.3, 0.3, -1.0, -1.0, 0.3, 0.0, -1.0, 0.255, -1.0
0.195, 0.315, 0.285, 8.04, 0.0, 0.24, 0.285, -1.0, -1.0, 0.315, 0.3, -1.0, 7.484999999999999, -1.0, 0.0, -1.0, 0.3, 0.0
-1.0, -1.0, 0.3, 10.035, -1.0, 0.22499999999999998, -1.0, -1.0, -1.0, 7.17, 0.3, -1.0, 0.0, 0.3, -1.0, 0.0, 0.32999999999999996, -1.0
-1.0, -1.0, 0.285, 0.255, -1.0, 0.21, -1.0, -1.0, -1.0, 0.315, 0.3, -1.0, 0.285, 0.3, -1.0, -1.0, 0.255, 0.0
0.195, 0.285, 0.285, 0.255, -1.0, 0.22499999999999998, 0.0, -1.0, -1.0, 0.63, 0.3, 0.0, -1.0, 0.3, 0.0, 0.0, -1.0, -1.0
-1.0, 0.27, -1.0, 2.5949999999999998, -1.0, -1.0, -1.0, -1.0, -1.0, 0.315, 0.3, 0.27, 0.69, 0.6, 0.6, -1.0, 0.285, -1.0
