gen	evals	std                                          	min                                                  	avg                                              	max                                          
0  	168  	[0.29031707 2.61715273 0.2720467  1.39181429]	[ -1.37614108 -31.98107056  -2.42370168   0.94856175]	[ 0.0106795  -0.33463973 -0.06095779  5.08823852]	[3.07206917 2.3867654  0.30049705 6.24572328]
1  	168  	[0.32289508 0.8489142  0.43268395 1.07009254]	[-1.65550754 -3.78789069 -3.66098207  2.21072893]    	[ 0.03133135  0.01571482 -0.0694755   5.45796909]	[3.07206917 3.32989553 1.00453213 6.24572328]
2  	168  	[0.40961101 1.22563457 0.42501826 0.49198861]	[-1.78762878 -6.78106981 -3.29640186  2.38349627]    	[ 0.05931356  0.27536638 -0.03542499  6.02002874]	[3.07206917 5.30958738 2.41477683 6.24572328]
3  	168  	[0.43362492 2.05011285 0.58379691 0.74209578]	[ -1.65550754 -19.85490128  -4.93302949   2.38349627]	[ 0.11148615  0.27945969 -0.03681542  5.8836804 ]	[3.07206917 5.30958738 2.41477683 6.2457296 ]
4  	168  	[0.46559016 2.13291183 0.61757696 0.87712016]	[ -1.65550754 -19.85490128  -4.93302949   2.34435153]	[0.14937393 0.31783497 0.02265358 5.83358962]    	[3.07206917 5.30958738 2.41477683 6.2457296 ]
5  	168  	[0.46633336 1.54526032 0.4123242  0.39219319]	[-2.49373134 -6.78106981 -2.30704006  2.5678803 ]    	[0.18447907 0.65920447 0.12155594 6.02641717]    	[3.07206917 5.67073041 2.41477683 6.2457243 ]
6  	168  	[0.47262121 1.50672029 0.37936529 0.18108622]	[-0.09470843 -6.78106981 -0.67814816  5.36762114]    	[0.33827054 0.86132207 0.2003486  6.01154887]    	[3.07206917 6.16580621 2.81433044 6.24572405]
7  	168  	[0.5792763  1.67397985 0.49162732 0.20154054]	[-1.20591191 -6.78106981 -0.67814816  5.36762114]    	[0.55283171 1.13170657 0.26857406 5.92196472]    	[3.07206917 6.16580621 2.81433044 6.24744373]
8  	168  	[0.69031034 2.09134774 0.65483726 0.21144766]	[-0.64436061 -6.78106981 -0.79800431  5.36762114]    	[0.72882627 0.77308665 0.31417726 5.91771444]    	[3.07206917 6.16580621 4.37013148 6.24744373]
9  	168  	[0.69243379 2.31946424 0.79232731 0.19568765]	[-0.64436061 -6.78106981 -0.79800431  5.4460599 ]    	[0.84145953 1.77965927 0.59901639 5.85221163]    	[3.07206917 6.16580621 4.37013148 6.24744373]
10 	168  	[0.72358094 2.56723357 0.84570103 0.19393686]	[-0.64436061 -3.09051017 -0.79800431  5.4460599 ]    	[0.93537642 2.22377645 0.67617392 5.84359155]    	[3.07206917 6.17484172 4.37013148 6.24744373]
11 	168  	[0.81181144 2.55316563 0.87745108 0.24818028]	[-0.97978185 -3.09051017 -0.79800431  4.79154481]    	[0.95122376 1.70434769 0.5040799  5.88578702]    	[3.07206917 6.17484172 4.72717641 6.24744373]
12 	168  	[0.76829686 2.61343415 0.93784613 0.26561304]	[-1.14514684 -3.11533691 -0.79800431  4.79154481]    	[0.67698894 1.43104624 0.52013469 5.96095201]    	[3.07206917 6.17484172 4.72717641 6.24744373]
13 	168  	[0.82452728 2.92127146 1.13289869 0.20094348]	[-0.64436061 -2.70423401 -1.36471091  5.27822485]    	[0.97640302 2.94273309 0.76066779 5.88310742]    	[4.45286834 6.16580621 4.72717641 6.24015197]
14 	168  	[0.83224217 2.66782671 1.07744534 0.1907828 ]	[-0.44695236 -6.16641799 -1.36471091  5.27822485]    	[1.16528736 2.83921478 0.89709857 5.87663675]    	[4.45286834 6.16580621 4.72717641 6.24208049]
15 	168  	[0.9102553  2.62681275 1.17899198 0.18916311]	[-1.2057534  -6.16641799 -1.36471091  5.27822485]    	[1.20475721 3.54816951 1.14606413 5.83366925]    	[4.45286834 6.23721685 4.72717641 6.24121758]
16 	168  	[1.15699418 3.1407185  1.29416003 0.21352808]	[-0.58278619 -9.47804843 -1.36471091  5.27822485]    	[1.20983654 2.96526457 1.52734629 5.83607514]    	[6.44170514 6.17733485 4.72717641 6.24234948]
17 	168  	[1.28181912 3.27826875 1.42315092 0.20854028]	[-1.10000175 -9.47804843 -1.36471091  5.27822485]    	[1.41728502 2.87617209 1.55028825 5.80743458]    	[6.44170514 6.17733485 4.72717641 6.24234948]
18 	168  	[1.43514791 3.32189595 1.48411415 0.22482724]	[-1.10000175 -9.47804843 -1.36471091  5.27822485]    	[1.47963805 2.82026626 1.53632783 5.80382385]    	[6.44170514 6.22568814 5.88041758 6.24230322]
19 	168  	[1.60802839 3.4471849  1.64464838 0.21594102]	[ -1.18854641 -11.5336214   -1.36471091   5.27822485]	[1.47704146 2.53316334 1.65304258 5.83341562]    	[6.44170514 6.22568814 5.88041758 6.24230322]
20 	168  	[1.56209119 3.39018293 1.7660493  0.20990318]	[ -1.18854641 -11.5336214   -1.36471091   5.27822485]	[1.45533999 2.6791409  1.7975062  5.84961686]    	[6.44170514 6.22568814 5.88041758 6.24230322]
21 	168  	[1.61867139 3.19379248 1.71711779 0.20858649]	[ -1.74311155 -11.5336214   -0.92988183   5.27822485]	[1.46033949 3.11732066 2.01849355 5.83118188]    	[6.44170514 6.22568814 5.88041758 6.24179096]
22 	168  	[1.61274918 3.43592085 1.79478961 0.20266137]	[ -1.18854641 -13.15115841  -0.92988183   5.27822485]	[1.5304062  2.83250326 1.86037097 5.86681294]    	[6.44170514 6.22568814 8.66271777 6.24179096]
23 	168  	[1.70285682 2.99196816 1.72988827 0.2011252 ]	[ -1.8215227  -13.15115841  -0.92988183   5.27822485]	[1.47268417 3.7400248  2.21732639 5.85250899]    	[6.44170514 6.22568814 8.66271777 6.24195863]
24 	168  	[1.67304047 3.66260822 1.84878478 0.22976084]	[ -1.8215227  -19.68100945  -0.92988183   5.27822485]	[1.51186248 3.09013266 2.12444119 5.86861563]    	[6.44170514 6.22568814 8.66271777 6.24195863]
25 	168  	[1.80048136 3.60440979 2.11808215 0.24100824]	[ -3.21796761 -16.16226828  -0.92988183   5.34799441]	[1.60944676 2.6437195  2.56926337 5.81623731]    	[ 6.44170514  6.23129794 11.15365444  6.24182617]
26 	168  	[1.95234058 3.31023839 1.929864   0.21551061]	[ -3.21796761 -16.16226828  -0.98303586   5.21999361]	[2.04695646 3.1214252  2.81427278 5.79408816]    	[ 6.44170514  6.23129794 11.15365444  6.24182617]
27 	168  	[1.9588547  3.61995031 2.02618521 0.22906185]	[ -3.21796761 -16.16226828  -0.98303586   5.21999361]	[2.26260234 2.58091068 2.68431248 5.78991812]    	[ 6.44170514  6.23129794 11.15365444  6.24182617]
28 	168  	[2.13943756 3.8554778  2.11317436 0.21833401]	[ -3.21796761 -16.16226828  -1.45008051   5.21999361]	[2.43712216 2.36762775 2.48689577 5.79743267]    	[ 6.44170514  6.23129794 11.15365444  6.24182617]
29 	168  	[2.30925869 4.30104739 2.18021669 0.21080303]	[ -3.21796761 -16.16226828  -3.20967854   5.21999361]	[2.43220245 2.23386938 2.28790394 5.80580914]    	[ 6.44170514  6.23129794 11.15365444  6.24182617]
30 	168  	[2.33441576 4.43489524 2.14283507 0.20600251]	[ -3.21796761 -16.16226828  -3.20967854   5.21999361]	[2.35867247 2.4027188  2.39370357 5.80692688]    	[ 6.44170514  6.24116781 11.15365444  6.24182617]
31 	168  	[2.34431439 4.39512197 2.13410125 0.18974317]	[ -3.21796761 -16.16226828  -2.279905     5.21999361]	[2.31908929 2.36978538 2.4372828  5.82762341]    	[ 6.44170514  6.23559733 11.15365444  6.24182617]
32 	168  	[2.32481688 4.24265755 2.21149504 0.19184762]	[ -3.21796761 -16.16226828  -2.279905     5.21999361]	[2.33971787 2.16882419 2.43129473 5.83439766]    	[ 6.44170514  6.23559733 11.15365444  6.24182617]
33 	168  	[2.23584967 4.12062797 2.21961532 0.19333992]	[ -3.21796761 -16.16226828  -2.279905     5.21999361]	[2.22936564 2.29533    2.59722261 5.82587713]    	[ 6.44170514  6.23559733 11.15365444  6.24182617]
34 	168  	[2.28929567 4.22277297 2.31692054 0.19036309]	[ -3.21796761 -16.16226828  -2.279905     5.21999361]	[2.37734391 2.10989951 2.75480373 5.81700711]    	[ 6.44170514  6.21283951 11.15365444  6.24216821]
35 	168  	[2.32639412 4.26284896 2.29837299 0.18660051]	[ -3.21796761 -16.16226828  -2.279905     5.21999361]	[2.41704527 2.28362003 2.77047995 5.825769  ]    	[ 7.06781167  6.21283951 11.15365444  6.24182617]
36 	168  	[2.34063511 4.19767383 2.24722939 0.18523011]	[ -3.21796761 -16.16226828  -2.279905     5.21999361]	[2.29573426 2.47044805 2.83758443 5.82213297]    	[ 7.06781167  6.24352307 11.15365444  6.24182617]
37 	168  	[2.44504035 4.43840605 2.21506929 0.1906727 ]	[ -3.21796761 -16.16226828  -1.31179787   4.81937701]	[2.78988127 2.34199755 2.81465716 5.79159638]    	[ 7.06781167  6.24352307 11.15365444  6.24182617]
38 	168  	[2.48642464 4.80307299 2.38508993 0.19036059]	[ -3.21796761 -16.16226828  -2.03526909   4.81937701]	[2.92808706 1.74078174 2.64443064 5.80389381]    	[ 7.06781167  6.24352307 11.15365444  6.24182617]
39 	168  	[2.54913758 5.00490085 2.40944311 0.19029794]	[ -3.71947504 -16.16226828  -2.03526909   4.81937701]	[2.9912141  1.57695184 2.71927571 5.79780458]    	[ 7.06781167  6.24352307 11.15365444  6.24182617]
40 	168  	[2.47884686 4.397534   2.3376277  0.19209508]	[ -3.71947504 -16.16226828  -2.03526909   5.21999361]	[2.66978367 2.32188747 2.74827592 5.83074429]    	[ 7.06781167  6.21288895 11.15365444  6.24182617]
41 	168  	[2.65166436 4.3237128  2.4582267  0.19532491]	[ -3.71947504 -16.16226828  -2.03526909   5.21999361]	[2.51850393 2.10855562 3.02063874 5.81585918]    	[ 7.06781167  6.21288895 11.15365444  6.24182617]
42 	168  	[2.72064308 4.8192269  2.44470506 0.19611698]	[ -3.71947504 -18.60382141  -2.03526909   5.21999361]	[2.75679195 1.77987839 3.25430464 5.80724162]    	[ 7.40520495  6.21283951 11.15365444  6.24182617]
43 	168  	[2.90848313 5.24850483 2.59187248 0.21887224]	[ -3.71947504 -18.60382141  -2.03526909   4.98885637]	[2.69857206 1.81139699 3.4400994  5.77347088]    	[ 7.40520495  6.21989537 11.15365444  6.24200264]
44 	168  	[2.99333975 6.53172464 2.80182943 0.22007835]	[ -4.74655556 -18.71448601  -2.215163     4.98885637]	[2.8240786  0.73160959 3.93566207 5.72611614]    	[ 7.40520495  6.21266096 11.15365444  6.24182617]
45 	168  	[3.13354344 8.02788744 2.91449175 0.20721141]	[ -4.74655556 -41.27548937  -2.215163     4.98885637]	[ 2.63706553 -0.81087755  4.37321535  5.73944836]	[ 7.40520495  6.21266096 11.15365444  6.24182617]
46 	168  	[2.98723459 7.80047284 2.98320421 0.20986937]	[ -4.74655556 -41.27548937  -2.215163     4.98885637]	[ 2.70427192 -0.77638018  4.40497649  5.7369584 ]	[ 7.40520495  6.21266096 11.15365444  6.24022501]
47 	168  	[3.06324306 7.76381276 3.1106848  0.21602528]	[ -3.71947504 -41.27548937  -1.5862681    4.98885637]	[ 2.65258736 -1.03131653  4.33368935  5.74248145]	[ 7.40520495  6.22858001 11.15365444  6.24173237]
48 	168  	[2.91530433 7.71150554 2.99037231 0.22803396]	[ -3.71947504 -41.27548937  -0.65880465   4.98885637]	[ 2.80244189 -1.22903291  4.49857209  5.734865  ]	[ 7.40520495  6.22858001 11.15365444  6.24173237]
49 	168  	[2.8687815  7.53019148 2.95969496 0.21939401]	[ -3.71947504 -41.27548937  -0.65880465   4.98885637]	[ 2.88123971 -1.3365751   4.49860119  5.72653214]	[ 7.40520495  6.22858001 11.15365444  6.24173237]
50 	168  	[2.8825059  7.74259895 2.96747592 0.21786112]	[ -3.21796761 -41.27548937  -0.65880465   4.98885637]	[ 3.10614437 -1.62599132  4.52907711  5.72080878]	[ 7.40520495  6.22858001 11.15365444  6.22637618]
51 	168  	[2.9221887  7.78104811 2.96000346 0.22260962]	[ -3.21796761 -41.27548937  -0.65880465   4.98885637]	[ 3.14482972 -1.23534321  4.37066071  5.72352144]	[ 7.40520495  6.22858001 11.15365444  6.22637618]
52 	168  	[2.91450402 7.73597488 2.96158605 0.22072444]	[ -3.21796761 -41.27548937  -0.65880465   4.98885637]	[ 3.17678882 -1.20509732  4.36619908  5.73207172]	[ 7.40520495  6.22858001 11.15365444  6.22677564]
53 	168  	[2.90231567 7.74497897 2.92677806 0.22377953]	[ -3.21796761 -41.27548937  -0.65880465   4.98885637]	[ 2.9865311  -0.95043993  4.43381414  5.73582917]	[ 7.40520495  6.22858001 11.15365444  6.22681512]
54 	168  	[3.13205367 7.92437585 3.21845463 0.23232034]	[ -3.21796761 -41.27548937  -1.87899668   4.98885637]	[ 2.78887317 -1.6564143   4.27008525  5.72164251]	[ 8.86057748  6.22858001 11.15365444  6.22681512]
55 	168  	[3.12048293 7.78806165 3.18463862 0.23344552]	[ -3.21796761 -41.27548937  -1.87899668   4.98885637]	[ 3.06126012 -1.55072367  4.18673841  5.71840596]	[ 8.86057748  6.22858001 11.15365444  6.23104934]
56 	168  	[3.16582858 8.40688401 3.28207404 0.227459  ]	[ -3.21796761 -41.27548937  -4.00256645   4.98885637]	[ 3.16115105 -1.94557153  4.27103646  5.69557029]	[ 8.86057748  6.22858001 11.15365444  6.22762168]
57 	168  	[3.24554922 8.34424669 3.38015148 0.22708886]	[ -3.30079933 -41.27548937  -4.00256645   4.98885637]	[ 3.34124769 -1.93649984  4.29942673  5.67770164]	[ 8.86057748  6.22858001 11.15365444  6.2271934 ]
58 	168  	[3.39710442 7.78748385 3.50675613 0.21443951]	[ -4.69631916 -41.27548937  -4.32275325   4.98885637]	[ 3.09851306 -1.1485848   4.19232857  5.73145154]	[ 8.86057748  6.22858001 11.15365444  6.22645197]
59 	168  	[3.37954003 7.81834188 3.67493023 0.22775399]	[ -3.59367013 -41.27548937  -6.55475663   4.98885637]	[ 3.47435292 -1.69176603  3.92085894  5.71648649]	[ 9.25600214  6.2358135  11.15365444  6.22955975]
60 	168  	[2.97989992 8.58340999 3.41688498 0.24445548]	[ -3.59367013 -41.27548937  -4.32275325   4.98885637]	[ 3.26467177 -1.8048147   4.54376272  5.70579362]	[ 9.29719519  6.2358135  11.15365444  6.22638798]
61 	168  	[3.04240188 8.35306861 3.50052008 0.24715266]	[ -3.59367013 -41.27548937  -4.32275325   4.98885637]	[ 3.18261538 -1.44163442  4.37304866  5.69403593]	[ 9.29719519  6.2358135  11.15365444  6.22867486]
62 	168  	[3.09743398 8.46882254 3.74218544 0.25363532]	[ -3.83654743 -41.27548937  -4.32275325   4.98885637]	[ 2.97778532 -1.32260901  4.04205315  5.71937147]	[ 9.29719519  6.2358135  11.15365444  6.22873763]
63 	168  	[3.02405958 8.63185218 3.72294304 0.25529445]	[ -3.83654743 -41.27548937  -4.32275325   4.98885637]	[ 3.096425   -1.22873995  3.97756043  5.72211032]	[ 9.29719519  6.2358135  11.15365444  6.22873763]
64 	168  	[3.14582191 8.61249282 3.58833069 0.23702403]	[ -5.04816056 -41.27548937  -4.32275325   4.98885637]	[ 3.03746813 -1.37994204  4.42079952  5.69594992]	[ 9.29719519  6.2358135  11.15365444  6.22917099]
65 	168  	[3.32064998 8.6818683  3.53104177 0.23659768]	[ -5.04816056 -41.27548937  -4.32275325   4.98885637]	[ 2.98820771 -1.52288661  4.51180318  5.68867752]	[ 9.29719519  6.20659248 11.15365444  6.2291583 ]
66 	168  	[3.22972837 8.50152572 3.58310317 0.2357018 ]	[ -5.04816056 -41.27548937  -4.32275325   4.98885637]	[ 3.03296274 -1.75542327  4.55693141  5.68991451]	[ 9.29719519  6.20659248 11.15365444  6.22596397]
67 	168  	[3.30147363 8.71211381 3.48242102 0.24025796]	[ -5.04816056 -41.27548937  -4.32275325   4.98885637]	[ 2.94842592 -1.68560659  4.52313932  5.69374277]	[ 9.29719519  6.20659248 11.15365444  6.22675896]
68 	168  	[3.32307386 8.59854413 3.33051095 0.23527626]	[ -5.04816056 -41.27548937  -2.9050397    4.98885637]	[ 3.08115116 -1.37487602  4.38516428  5.70683868]	[ 9.29719519  6.20659248 11.15365444  6.22675896]
69 	168  	[3.35165266 8.59340072 3.47472038 0.2404205 ]	[ -5.04816056 -41.27548937  -3.12526255   4.98885637]	[ 3.22923852 -1.93466634  4.33952178  5.6952398 ]	[ 9.29719519  6.20659248 11.15365444  6.22737931]
70 	168  	[3.24551687 8.49082811 3.47881492 0.23372345]	[ -5.04816056 -41.27548937  -2.9050397    4.98885637]	[ 3.10314439 -1.91585923  4.45772702  5.70203958]	[ 9.29719519  6.20659248 11.15365444  6.22825871]
71 	168  	[3.61185062 9.10530162 3.70068506 0.25512343]	[ -5.81233254 -41.27548937 -11.04238453   4.18815163]	[ 2.98831654 -2.49989007  4.29106892  5.68839612]	[11.26370479  6.20659248 11.15365444  6.22782164]
72 	168  	[3.7346278  8.87101286 3.7479396  0.24572831]	[ -5.81233254 -41.27548937 -11.04238453   4.98885637]	[ 2.95559604 -2.36045142  4.00699369  5.71040452]	[11.26370479  6.20659248 11.15365444  6.23985802]
73 	168  	[3.79108515 9.19917117 3.86234441 0.24181524]	[ -6.38795768 -41.27548937 -11.04238453   4.98885637]	[ 2.89286146 -2.88867032  3.82131933  5.70388451]	[11.26370479  6.20659248 11.15365444  6.23985802]
74 	168  	[3.82507111 9.04236092 3.82915654 0.23908858]	[ -6.38795768 -41.27548937 -11.04238453   4.98885637]	[ 2.76092835 -2.92829814  4.099798    5.70380816]	[11.26370479  6.20659248 11.15365444  6.23985802]
75 	168  	[3.99547764 9.86274122 3.90719122 0.38006236]	[-11.61042476 -41.27548937 -11.04238453   3.66276126]	[ 2.54258329 -3.64695743  4.30269635  5.64217378]	[11.26370479  6.20868208 11.15365444  6.22928959]
76 	168  	[4.37194218 9.96349596 3.96339619 0.39835771]	[-11.61042476 -37.28131495 -11.04238453   3.66276126]	[ 2.64320568 -3.43985968  4.19661819  5.65268708]	[11.26370479  6.20868208 11.15365444  6.22595896]
77 	168  	[ 3.95151557 10.24213957  3.89262407  0.42095184]	[ -6.38795768 -37.28131495 -11.04238453   3.66276126]	[ 3.00588518 -4.06778152  4.74332356  5.61036441]	[11.26370479  6.20868208 11.15365444  6.22998496]
78 	168  	[3.70314276 9.89095859 4.28705598 0.4786167 ]    	[ -8.73987179 -46.07083617 -11.04238453   3.66276126]	[ 2.84411468 -2.73248451  4.38815142  5.62563646]	[11.26370479  6.20868208 11.15365444  6.22998496]
79 	168  	[3.57189623 9.79186848 4.19878126 0.44803073]    	[ -8.73987179 -46.07083617 -11.04238453   3.66276126]	[ 3.301153   -2.7881615   4.81336952  5.62614801]	[11.26370479  6.20868208 11.15365444  6.22998496]
80 	168  	[ 3.70927476 10.89506482  4.56077854  0.44888255]	[ -8.73987179 -46.07083617 -11.04238453   3.66276126]	[ 3.60313568 -4.46705506  4.54357383  5.62287508]	[11.26370479  6.20868208 11.15365444  6.22998496]
81 	168  	[ 3.78208671 11.59357752  4.63478897  0.4164906 ]	[ -8.73987179 -56.16054818 -11.04238453   3.66276126]	[ 3.69557781 -5.35725772  4.58827384  5.64064266]	[11.26370479  6.20868208 11.15365444  6.23032283]
82 	168  	[ 3.63102787 11.75353154  4.69172509  0.41921107]	[ -8.73987179 -56.16054818 -11.04238453   3.66276126]	[ 3.55518582 -5.58383721  4.513851    5.65483987]	[11.26370479  6.20868208 11.15365444  6.19275524]
83 	168  	[ 3.84716573 11.37070862  4.74351484  0.25196946]	[ -8.73987179 -56.16054818 -11.04238453   4.98885637]	[ 3.42198421 -5.5216764   4.60596545  5.71187082]	[11.26370479  6.21898494 11.15365444  6.22684901]
84 	168  	[ 3.91962207 11.08168939  4.63244853  0.25112236]	[ -8.73987179 -56.16054818 -11.04238453   4.98885637]	[ 3.64288504 -5.22650828  4.39359208  5.71472058]	[11.26370479  6.21898494 11.15365444  6.23881247]
85 	168  	[ 3.91973984 10.73612012  4.49860437  0.24825591]	[ -8.73987179 -56.16054818 -11.04238453   4.98885637]	[ 3.46494436 -4.71741126  4.51313606  5.71913657]	[11.29761753  6.21898494 11.15365444  6.23881354]
86 	168  	[ 4.13268553 11.64874195  4.3682623   0.24534107]	[ -8.73987179 -60.16194818 -11.04238453   4.98885637]	[ 3.6645357  -4.61759081  3.80559006  5.7509913 ]	[11.29761753  6.20659248 11.83641954  6.23985684]
87 	168  	[ 4.17921411 13.08438999  4.52114622  0.23882511]	[ -5.81233254 -60.16194818 -11.04238453   4.98885637]	[ 4.38984486 -5.51938403  3.70448986  5.72456443]	[11.29761753  6.20659248 11.83641954  6.23985684]
88 	168  	[ 4.062833   12.69893191  4.49099771  0.23587036]	[ -5.81233254 -60.16194818 -11.04238453   4.98885637]	[ 4.23688373 -4.69823641  3.68739012  5.7420958 ]	[11.26370479  6.20659248 11.83641954  6.23985684]
89 	168  	[ 3.69228649 13.47067315  4.45594532  0.21212484]	[ -5.81233254 -60.16194818 -11.04238453   4.98885637]	[ 4.79710528 -5.49780341  3.60303009  5.76218164]	[11.26370479  6.20659248 11.83641954  6.23985684]
90 	168  	[ 3.61472275 14.01569673  4.49424407  0.21910431]	[ -5.81233254 -60.16194818 -11.04238453   4.98885637]	[ 4.94508818 -5.94347225  3.43837891  5.76217445]	[11.26370479  6.20659248 11.0663532   6.23985684]
91 	168  	[ 3.62464902 13.77092615  4.4910334   0.20687664]	[ -5.81233254 -60.16194818 -11.04238453   4.98885637]	[ 4.92664427 -5.57934853  3.5644705   5.75971038]	[11.62252197  6.20659248 11.88949274  6.23936778]
92 	168  	[ 3.63237007 14.2587993   4.56368663  0.20960068]	[ -5.81233254 -60.16194818 -11.04238453   4.98885637]	[ 4.87551688 -6.07742241  3.6063167   5.76027734]	[11.62252197  6.20659248 11.88949274  6.23936778]
93 	168  	[ 3.68578977 14.47652174  4.63040236  0.21880067]	[ -5.81233254 -60.16194818 -11.04238453   4.98885637]	[ 4.88448369 -6.47784166  3.61543141  5.75164518]	[11.62252197  6.20659248 11.88949274  6.23803635]
94 	168  	[ 3.98708426 13.34331648  4.72421201  0.21568229]	[ -5.81233254 -60.16194818 -11.49563385   4.98885637]	[ 4.52745948 -6.13577515  3.89522549  5.74786469]	[11.62252197  6.20736362 11.88949274  6.23803635]
95 	168  	[ 4.12702452 13.53650499  5.20658079  0.21639249]	[ -5.81233254 -60.16194818 -11.04238453   4.98885637]	[ 4.62173077 -6.70617976  3.79686106  5.73344511]	[11.62252197  6.20659248 11.88949274  6.23856808]
96 	168  	[ 4.1274522  12.80012242  5.22552371  0.20753294]	[ -5.81233254 -60.16194818 -11.04238453   4.9694651 ]	[ 4.68290392 -6.67900671  3.72158201  5.74041652]	[11.44766725  6.07695226 11.88949274  6.23856808]
97 	168  	[ 4.11673093 12.97247263  5.29566174  0.20112944]	[ -5.81233254 -60.16194818 -11.33763412   4.9694651 ]	[ 4.79104036 -6.92722769  3.69934162  5.74656349]	[11.44766725  6.07695226 11.88949274  6.23945593]
98 	168  	[ 4.03459098 12.9834097   5.28822157  0.20550595]	[ -5.81233254 -60.16194818 -11.04238453   4.9694651 ]	[ 4.88656952 -7.24418043  3.79693063  5.74238568]	[11.44766725  6.07695226 11.88949274  6.23945593]
99 	168  	[ 3.91775756 13.1838339   5.27746553  0.20305142]	[ -5.81233254 -60.16194818 -11.04238453   4.9694651 ]	[ 4.92172183 -6.76825202  3.69076392  5.74241922]	[11.44766725  6.10461746 11.88949274  6.23945593]
100	168  	[ 3.90359701 13.34591893  5.30961186  0.20775095]	[ -5.81233254 -60.16194818 -11.04238453   4.9694651 ]	[ 5.0987705  -7.52327588  3.70442774  5.74154574]	[11.44766725  6.07695226 11.88949274  6.23945593]
101	168  	[ 3.8986027  13.34394793  5.26013819  0.2050276 ]	[ -5.81233254 -60.16194818 -11.04238453   4.9694651 ]	[ 5.03736775 -6.9670063   3.74436464  5.74836973]	[11.44766725  6.07695226 11.88949274  6.23945593]
102	168  	[ 3.84444816 13.22211437  5.31235819  0.20522772]	[ -5.81233254 -60.16194818 -11.04238453   4.9694651 ]	[ 5.10595985 -6.772629    3.63248734  5.74483084]	[11.44766725  6.21472655 11.88949274  6.23945593]
103	168  	[ 3.8842258  13.51026214  5.32231581  0.20283318]	[ -5.81233254 -60.16194818 -11.04238453   4.9694651 ]	[ 5.1811395  -7.21250969  3.64509218  5.74494359]	[11.44766725  6.09668339 11.88949274  6.23945593]
104	168  	[ 3.87866679 13.61551483  5.27353529  0.1964155 ]	[ -5.81233254 -60.16194818 -11.04238453   5.14094863]	[ 5.1121025  -7.54830587  3.75571419  5.74692153]	[11.44766725  6.09668339 11.88949274  6.23945593]
105	168  	[ 3.85226284 13.46980256  5.38792362  0.19209635]	[ -5.81233254 -60.16194818 -11.04238453   5.14094863]	[ 5.09316928 -7.6773031   3.7256128   5.75107252]	[11.44766725  6.09668339 11.88949274  6.23945593]
106	168  	[ 3.88096062 13.10736747  5.19040691  0.19546568]	[ -5.81233254 -60.16194818 -10.70737325   5.14094863]	[ 5.02454938 -7.03528519  3.6396387   5.76474683]	[12.00632852  6.09668339 11.88949274  6.23945593]
107	168  	[ 4.04581271 13.45122438  5.36280611  0.19064781]	[ -5.81233254 -60.16194818 -10.70737325   5.14094863]	[ 4.95858396 -7.34299526  3.4257441   5.76441041]	[12.00632852  6.09668339 12.48264165  6.24025996]
108	168  	[ 4.00163195 13.54738714  5.21156234  0.19500938]	[ -5.81233254 -60.16194818  -8.25966958   5.14094863]	[ 4.9211358  -7.61817501  3.56874312  5.76797364]	[12.00632852  6.09668339 11.88949274  6.24025996]
109	168  	[ 3.95639904 13.46620378  5.27180392  0.18780133]	[ -5.81233254 -60.16194818 -13.7219247    5.14094863]	[ 5.11175361 -7.60902781  3.62686827  5.75830593]	[12.00632852  6.20289261 11.88949274  6.24025996]
110	168  	[ 3.99342905 14.08453768  5.05405562  0.19684301]	[ -5.81233254 -60.40720478 -13.7219247    5.14094863]	[ 4.99755135 -7.69690898  4.01780736  5.75020039]	[12.00632852  6.20289261 11.88949274  6.24025996]
111	168  	[ 3.9981485  14.25401088  4.97126546  0.20082308]	[ -5.81233254 -64.23815528 -13.7219247    5.14094863]	[ 4.95325972 -7.4095851   4.257524    5.75244332]	[12.00632852  6.20289261 12.42520513  6.24025996]
112	168  	[ 4.06574271 14.68076396  5.12019812  0.19586288]	[ -5.81233254 -64.23815528 -13.7219247    5.14094863]	[ 4.99418579 -8.45283306  4.46603817  5.74254602]	[12.00632852  6.20289261 12.74354645  6.24025996]
113	168  	[ 4.30404774 14.54633097  5.04603332  0.21660544]	[ -5.81233254 -64.23815528  -7.14732051   5.14094863]	[ 4.71401997 -7.41483194  4.07072955  5.75192629]	[12.00632852  6.20289261 13.77746682  6.24025996]
114	168  	[ 4.51240239 15.26485313  5.06724     0.2100587 ]	[ -6.30980777 -64.23815528  -7.14732051   5.14094863]	[ 4.81757778 -8.8515541   4.11744334  5.7448486 ]	[12.00632852  6.20289261 13.77746682  6.24026878]
115	168  	[ 4.96198269 16.20795963  5.3345617   0.19941092]	[ -6.30980777 -64.23815528  -7.14732051   5.14094863]	[ 4.63829647 -9.92127141  3.96813291  5.74808622]	[12.00632852  6.20289261 13.77746682  6.24026878]
116	168  	[ 5.02664776 16.62391752  5.28348695  0.20487479]	[ -6.30980777 -64.23815528  -7.14732051   5.14094863]	[  4.49574131 -10.13019335   4.16161146   5.73898589]	[12.00632852  6.20289261 13.77746682  6.24026878]
117	168  	[ 5.04714287 18.56924512  5.27583664  0.20710687]	[ -6.30980777 -74.37176389  -7.14732051   5.14094863]	[  4.22969784 -11.45391556   4.66139498   5.73553886]	[12.00632852  6.20289261 13.77746682  6.24032093]
118	168  	[ 5.2761847  20.37576386  5.24528186  0.19478902]	[ -6.30980777 -74.37176389  -7.14732051   5.14094863]	[  3.91624764 -13.29598137   5.01479188   5.73704262]	[11.44766725  6.23840361 13.77746682  6.24026878]
119	168  	[ 5.32810472 19.43120343  5.39793084  0.19193017]	[ -6.30980777 -74.37176389 -10.35585075   5.14094863]	[  4.10085233 -13.69245932   4.71847031   5.74559506]	[14.77686356  6.23840361 13.77746682  6.24026878]
120	168  	[ 5.40759408 20.32014892  5.35433959  0.18791776]	[ -6.30980777 -74.37176389 -10.35585075   5.14094863]	[  3.99214059 -15.0956693    5.1605576    5.75450217]	[14.77686356  6.23840361 13.77746682  6.24026878]
121	168  	[ 5.27393356 21.15670605  5.81858369  0.18015789]	[ -6.30980777 -74.37176389 -11.65911247   5.14094863]	[  4.45589245 -15.5910966    5.12339277   5.75184415]	[14.77686356  6.13567947 13.77746682  6.24026878]
122	168  	[ 5.23253324 22.83766399  5.89362495  0.17380456]	[ -6.30980777 -74.37176389 -11.65911247   5.14094863]	[  4.58660399 -17.37389472   5.18415711   5.74921658]	[14.77686356  6.13567947 13.77746682  6.24026878]
123	168  	[ 5.29910277 23.36691681  5.6717884   0.184637  ]	[ -8.70607305 -74.37176389 -11.65911247   5.14094863]	[  4.39400752 -16.62594331   5.51276823   5.74900847]	[14.77686356  6.13567947 13.77746682  6.24001587]
124	168  	[ 5.38086923 23.64689655  5.74485403  0.18223971]	[ -8.70607305 -74.37176389 -11.65911247   5.14094863]	[  4.581142   -17.88599108   5.65647275   5.74236191]	[14.77686356  6.17450277 13.77746682  6.24001587]
125	168  	[ 5.44654035 23.09120651  5.55156514  0.18746362]	[ -8.70607305 -74.37176389 -11.65911247   5.14094863]	[  4.693415   -17.69554831   5.75202901   5.74347356]	[15.91646236  6.17435299 13.77746682  6.2388061 ]
126	168  	[ 5.13196437 23.36736916  5.50476394  0.18665078]	[ -8.70607305 -74.37176389 -10.35585075   5.14094863]	[  4.97457423 -17.64725946   5.65813159   5.7459326 ]	[15.91646236  6.17837456 13.77746682  6.2388061 ]
127	168  	[ 5.36167437 23.50116281  5.26692324  0.18689246]	[ -8.70607305 -74.37176389 -10.35585075   5.14094863]	[  4.51010699 -17.73024908   5.99188378   5.75223882]	[15.91646236  6.17837456 13.77746682  6.23971599]
128	168  	[ 5.49965902 23.74537834  5.32801186  0.18093223]	[ -8.70607305 -74.37176389 -10.35585075   5.14094863]	[  4.65779787 -18.33661802   6.05799538   5.74771232]	[15.91646236  6.06762147 13.77746682  6.23880587]
129	168  	[ 5.51082554 22.29451964  5.42318693  0.18433112]	[ -8.70607305 -74.37176389 -10.35585075   5.14094863]	[  4.70478373 -17.83392981   5.82973131   5.74110858]	[15.91646236  6.05957381 13.77746682  6.23880587]
130	168  	[ 5.56369789 22.78599033  5.45812714  0.1817223 ]	[ -9.5224358  -74.37176389 -10.35585075   5.14094863]	[  4.59339345 -18.79036854   6.05940579   5.74761989]	[15.91646236  6.05957381 13.77746682  6.23880587]
131	168  	[ 5.50314768 22.61189155  5.48907331  0.17809348]	[ -9.5224358  -74.37176389 -10.35585075   5.14094863]	[  4.83624957 -18.54108934   6.02609905   5.74099463]	[15.91646236  6.00356381 13.77746682  6.23880587]
132	168  	[ 5.53576588 22.0523644   5.81614666  0.17822315]	[ -9.5224358  -67.3243178  -10.35585075   5.14094863]	[  4.86170708 -17.74921364   5.70807835   5.74329224]	[15.91646236  6.00356381 13.77746682  6.24002   ]
133	168  	[ 5.6168513  21.6751966   5.63611136  0.17874095]	[ -9.5224358  -67.3243178  -10.35585075   5.14094863]	[  4.53403645 -17.39771494   5.85845773   5.74120062]	[15.91646236  5.93039721 13.77746682  6.24002   ]
134	168  	[ 5.62294001 21.33220548  5.70456646  0.16749563]	[ -9.5224358  -67.3243178  -10.35585075   5.14094863]	[  4.41611823 -17.53631549   5.95527028   5.7440699 ]	[15.91646236  5.93039721 13.77746682  6.24006023]
135	168  	[ 5.75028418 23.02592959  5.89145694  0.25115533]	[ -9.5224358  -67.3243178  -10.35585075   3.2967685 ]	[  4.62645176 -18.90987816   5.7309023    5.71690582]	[15.91646236  5.95044899 13.77746682  6.24002   ]
136	168  	[ 5.94610881 22.77910731  6.04322059  0.25126298]	[-11.55750378 -66.88617531 -10.35585075   3.2967685 ]	[  4.60868243 -18.08292004   5.20436568   5.7260186 ]	[15.91646236  5.89145878 13.77746682  6.2004428 ]
137	168  	[ 6.06252887 22.76692704  5.95641638  0.25815432]	[-12.06431891 -66.88617531 -10.35585075   3.2967685 ]	[  4.59389495 -17.95663971   4.88703399   5.72432948]	[15.91646236  6.14294682 13.77746682  6.22635083]
138	168  	[ 6.03511898 21.88420459  5.49566912  0.25324734]	[-12.06431891 -66.88617531 -10.35585075   3.2967685 ]	[  4.4733285  -16.25583503   5.72036211   5.72414134]	[15.91646236  6.14294682 13.77746682  6.12458548]
139	168  	[ 6.1005363  22.77520528  5.49667066  0.26016668]	[-12.06431891 -66.88617531 -10.35585075   3.2967685 ]	[  4.09949404 -16.35247623   5.66612802   5.7286049 ]	[15.91646236  6.14294682 13.77746682  6.2250049 ]
140	168  	[ 6.05005957 21.98866451  5.46938586  0.25454179]	[-12.06431891 -66.69956758 -10.35585075   3.2967685 ]	[  4.2252307  -16.2853963    6.03796967   5.71828039]	[15.91646236  6.04949154 13.77746682  6.22486548]
141	168  	[ 6.23272573 22.29876043  5.28428071  0.25677853]	[-12.06431891 -66.69956758  -7.14732051   3.2967685 ]	[  4.24206113 -17.25930039   6.13999919   5.72874653]	[15.91646236  6.04949154 13.77746682  6.22502259]
142	168  	[ 5.02039765 21.19178786  5.32483276  0.25791596]	[ -7.99382617 -66.69956758  -7.14732051   3.2967685 ]	[  5.56401384 -15.6595039    6.03814259   5.72864112]	[15.91646236  5.91426537 13.77746682  6.18039173]
143	168  	[ 4.79920022 20.47853945  5.5490941   0.40927099]	[ -7.99382617 -66.69956758  -7.14732051   3.2967685 ]	[  6.07254863 -14.15346235   6.01638289   5.68901653]	[15.91646236  5.91426537 13.94539551  6.18683954]
144	168  	[ 5.13682911 20.99058901  5.58973357  0.44951068]	[ -7.99382617 -71.8735003   -7.14732051   3.2967685 ]	[  5.88070793 -14.60337888   6.02269868   5.66775571]	[15.91646236  5.91426537 15.24137924  6.22510625]
145	168  	[ 5.13256265 20.43560856  5.80364428  0.44772874]	[ -7.99382617 -71.8735003   -7.14732051   3.2967685 ]	[  5.82139175 -14.50473817   5.87630162   5.66873808]	[15.91646236  5.96365255 15.24137924  6.22504024]
146	168  	[ 5.26994698 20.50157028  5.85729024  0.44435431]	[ -7.99382617 -71.8735003   -7.14732051   3.2967685 ]	[  5.63566709 -15.04374373   5.94119562   5.66289833]	[15.91646236  6.21580834 15.24137924  6.22440824]
147	168  	[ 4.91146311 20.62869255  5.35610198  0.37078528]	[ -5.88254762 -71.8735003   -8.10383706   3.2967685 ]	[  5.8404623  -14.80139112   6.15975699   5.69169395]	[15.91646236  6.21580834 15.24137924  6.21285608]
148	168  	[ 5.18084423 21.12070525  5.50217592  0.4846213 ]	[ -5.88254762 -72.40066631  -8.10383706   3.2967685 ]	[  5.8199483  -14.89917185   5.77547      5.64310122]	[15.91646236  6.06828251 15.24137924  6.22586688]
149	168  	[ 5.05548518 21.0150282   5.31430087  0.45177273]	[ -5.88254762 -72.40066631  -8.10383706   3.2967685 ]	[  5.65209608 -14.47534117   6.08548811   5.66680821]	[15.91646236  5.96365255 15.24137924  6.22522481]
150	168  	[ 5.32510935 21.58690832  5.34644395  0.48893615]	[ -5.88254762 -72.40066631  -6.94786641   3.27293399]	[  5.84936262 -15.21172612   5.90072542   5.66103357]	[15.91646236  5.96365255 15.24137924  6.22522481]
151	168  	[ 5.09027627 21.78169521  5.41858443  0.49136194]	[ -5.57175545 -72.40066631  -6.94786641   3.27293399]	[  6.26749286 -15.73785755   6.05511009   5.63981505]	[15.91646236  5.96365255 15.24137924  6.22653205]
152	168  	[ 5.10653314 21.39165037  5.92361282  0.4430284 ]	[ -5.57175545 -72.40066631  -6.94786641   3.27293399]	[  6.58655023 -16.01352155   5.88785328   5.65386778]	[15.91646236  5.96365255 15.24137924  6.19754442]
153	168  	[ 5.20008183 21.32212663  5.78816939  0.46908868]	[ -5.57175545 -88.49388898  -6.94786641   3.27293399]	[  6.71905714 -15.15300414   6.16221879   5.63079684]	[15.91646236  5.96365255 15.24137924  6.22596095]
154	168  	[ 5.44333986 21.41250923  5.85367458  0.43311681]	[-10.13067585 -88.49388898  -6.74278255   3.27293399]	[  6.48630309 -16.33158273   5.95052762   5.65510643]	[15.91646236  5.96365255 15.24137924  6.22596095]
155	168  	[ 5.7331042  20.92772946  5.80064181  0.49814553]	[-10.13067585 -75.13033342  -4.88660492   3.27293399]	[  6.42754003 -15.72100359   5.9699425    5.62681908]	[17.5628223   5.96365255 15.24137924  6.24010872]
156	168  	[ 5.34230491 19.43893078  6.23701509  0.47977632]	[ -5.57175545 -75.13033342 -10.46905916   3.27293399]	[  6.83283873 -13.71532119   5.01512722   5.62492842]	[17.5628223   6.0694673  15.24137924  6.22511309]
157	168  	[ 5.55662151 19.37534543  6.23682256  0.46779664]	[ -9.87612349 -75.13033342 -10.46905916   3.337085  ]	[  6.70745221 -13.96715201   5.15616644   5.63016006]	[17.5628223   6.0694673  15.24137924  6.2255548 ]
158	168  	[ 5.57101722 19.37127255  6.10418069  0.49169325]	[ -9.87612349 -75.13033342 -10.46905916   3.337085  ]	[  6.64587291 -14.53901656   5.19250749   5.61839707]	[17.5628223   6.05412042 15.24137924  6.22568509]
159	168  	[ 5.62288349 20.48439221  5.91052294  0.51770428]	[ -9.87612349 -79.21194185 -10.46905916   3.337085  ]	[  6.83522344 -15.00210127   5.26625728   5.60510887]	[17.5628223   6.08486315 15.24137924  6.22630765]
160	168  	[ 5.71197668 20.91347835  5.9010244   0.47181444]	[ -9.87612349 -79.21194185 -10.46905916   3.337085  ]	[  6.17736671 -15.32435007   5.54751774   5.64527023]	[17.5628223   6.13344585 14.88079252  6.22657561]
161	168  	[ 5.53435975 20.49424338  6.11536725  0.49397566]	[ -9.87612349 -79.21194185 -10.46905916   3.337085  ]	[  6.50345427 -14.77050324   5.58058521   5.61898716]	[17.5628223   6.05412042 14.88079252  6.22664411]
162	168  	[ 5.62358464 21.47310424  5.99611557  0.4442852 ]	[ -9.87612349 -79.21194185 -10.46905916   3.337085  ]	[  6.48288803 -16.17953777   5.91418412   5.64747048]	[17.5628223   5.96365255 14.24078683  6.22664411]
163	168  	[ 6.32151502 24.47137891  5.97975117  0.4536089 ]	[-16.66781616 -81.63904574  -8.19996407   3.337085  ]	[  6.1727487  -18.02566105   5.7038205    5.65774749]	[17.5628223   6.08435125 14.24078683  6.22527333]
164	168  	[ 6.50007779 22.84218922  6.03428816  0.45585848]	[-16.66781616 -79.21194185  -8.19996407   3.337085  ]	[  6.0755279  -16.93011828   5.50892329   5.64874024]	[17.5628223   6.08435125 14.24078683  6.2283464 ]
165	168  	[ 6.3253943  21.58095656  6.01421951  0.45215144]	[-16.66781616 -75.60370084  -8.19996407   3.337085  ]	[  6.19485966 -16.07121264   5.66557501   5.6417177 ]	[17.5628223   6.22117762 14.24078683  6.22623444]
166	168  	[ 6.24243858 20.79604622  6.18959747  0.47819262]	[-16.66781616 -75.60370084  -8.19996407   3.337085  ]	[  6.4677324  -15.05129873   5.07352577   5.62571175]	[17.5628223   6.21678635 14.24078683  6.22623444]
167	168  	[ 6.24680687 21.01671208  6.47905696  0.58796462]	[-16.66781616 -75.60370084 -18.09384049   3.337085  ]	[  6.61473165 -14.2609501    4.4430278    5.58002076]	[17.5628223   6.16886645 14.24078683  6.22625491]
168	168  	[ 6.13173595 21.80298104  6.28747705  0.5904548 ]	[-16.66781616 -75.60370084 -18.09384049   3.337085  ]	[  6.8766952  -14.29077433   4.30453944   5.58156863]	[17.5628223   6.16886645 14.24078683  6.22919885]
169	168  	[ 6.18831218 22.04947845  6.45111503  0.56176921]	[-16.66781616 -75.60370084 -18.09384049   3.337085  ]	[  7.0272842  -15.37984005   4.27523256   5.58645212]	[17.5628223   6.16886645 14.24078683  6.22509915]
170	168  	[ 6.5113719  21.45931306  6.40677531  0.45583938]	[-16.66781616 -75.60370084 -18.09384049   3.337085  ]	[  6.42800255 -15.16856342   4.58520398   5.64655762]	[17.5628223   6.16886645 14.24078683  6.22510926]
171	168  	[ 7.10071519 20.4486473   6.45638485  0.45776734]	[-16.66781616 -74.15976495 -18.09384049   3.337085  ]	[  5.78837841 -14.3384199    4.88975286   5.64813398]	[17.5628223   6.1789896  14.24078683  6.22527204]
172	168  	[ 7.06202542 20.42743355  6.60575116  0.45948083]	[-16.66781616 -74.15976495 -18.09384049   3.337085  ]	[  5.93658643 -14.42719775   4.84126302   5.64195593]	[17.5628223   6.1789896  14.24078683  6.2354787 ]
173	168  	[ 7.42661049 16.38499783  6.82966362  0.49553952]	[-20.80146569 -69.16262004 -18.09384049   3.337085  ]	[  5.41370956 -10.40006005   4.38253949   5.6326466 ]	[17.5628223   6.12555171 14.24078683  6.22634535]
174	168  	[ 7.47639565 17.00094305  6.60524199  0.5253461 ]	[-20.80146569 -69.16262004 -18.09384049   3.337085  ]	[ 5.76844693 -9.32693736  3.67461433  5.62118568]    	[17.5628223   6.12555171 14.24078683  6.22636784]
175	168  	[ 7.61906754 16.68130726  7.171826    0.49750188]	[-20.80146569 -69.16262004 -18.09384049   3.337085  ]	[ 5.79289037 -9.03871561  3.34403041  5.63123056]    	[17.5628223   6.12555171 14.24078683  6.22689047]
176	168  	[ 7.50194824 16.28871632  7.6712539   0.45638756]	[-20.80146569 -69.16262004 -20.23376512   3.337085  ]	[ 6.2230013  -9.15227964  2.84727701  5.63569896]    	[17.5628223   6.19674685 14.24078683  6.22689047]
177	168  	[ 7.67937169 16.55298601  7.66671149  0.46863116]	[-20.80146569 -69.16262004 -20.23376512   3.337085  ]	[ 6.03725178 -8.87638283  3.35645786  5.64148313]    	[17.5628223   6.18341996 14.24078683  6.22636798]
178	168  	[ 7.58744119 15.05375238  7.71730415  0.4456347 ]	[-20.80146569 -69.16262004 -20.23376512   3.337085  ]	[ 6.23821139 -8.20731805  3.0361492   5.64821928]    	[17.5628223   6.18341996 14.24078683  6.22639653]
179	168  	[ 7.75852814 16.15127925  7.75973876  0.47810607]	[-16.55327354 -69.16262004 -20.23376512   3.337085  ]	[ 5.83801762 -8.49431341  2.94410874  5.63603171]    	[17.5628223   6.18341996 13.87234514  6.22713136]
180	168  	[ 7.56736541 16.39671658  7.88911175  0.48299666]	[-16.55327354 -69.16262004 -20.23376512   3.337085  ]	[ 6.40298268 -8.75626408  2.75087829  5.62922059]    	[17.5628223   6.18341996 13.87234514  6.18500249]
181	168  	[ 7.09706084 15.65143614  7.59970094  0.46382507]	[-16.55327354 -69.16262004 -20.23376512   3.337085  ]	[ 6.42217021 -8.13931448  2.71406885  5.64244664]    	[17.5628223   6.18341996 13.87234514  6.22523854]
182	168  	[ 7.57512778 15.63224066  7.98764448  0.47954922]	[-16.55327354 -69.16262004 -20.23376512   3.337085  ]	[ 6.79190443 -9.35034137  2.95845094  5.6442631 ]    	[17.5628223   6.18341996 13.87234514  6.2398507 ]
183	168  	[ 7.49994896 16.27859752  7.82333325  0.4709004 ]	[-16.55327354 -69.16262004 -20.23376512   3.337085  ]	[ 6.86602121 -9.14825267  3.62804946  5.66108739]    	[17.5628223   6.18341996 13.87234514  6.23992128]
184	168  	[ 7.68862644 17.23645247  7.30583269  0.4598502 ]	[-16.55327354 -73.86224961 -20.23376512   3.42369085]	[ 6.80144661 -9.48839018  4.33825013  5.65975129]    	[18.37330345  6.16702081 14.13636513  6.239916  ]
185	168  	[ 7.81818799 19.34471827  7.06427193  0.43762147]	[-16.55327354 -73.86224961 -20.23376512   3.42369085]	[  6.57760985 -10.33031717   4.86052072   5.67953021]	[18.37330345  6.14063891 15.5582108   6.22566879]
186	168  	[ 7.56369029 20.52187046  7.13786169  0.41622258]	[-16.55327354 -73.86224961 -20.23376512   3.42369085]	[  6.64008683 -11.35239007   4.97828275   5.6867892 ]	[18.37330345  6.14063891 15.5582108   6.22566879]
187	168  	[ 7.65950881 20.77587002  7.20447465  0.43531395]	[-16.55327354 -73.86224961 -20.23376512   3.42369085]	[  6.72474067 -12.40391275   5.42058223   5.69317444]	[18.37330345  6.18606307 15.5582108   6.22512583]
188	168  	[ 7.88474798 18.87598703  6.93048011  0.46449175]	[-16.55327354 -73.86224961 -20.23376512   3.42369085]	[  6.60949863 -10.1020434    5.18524712   5.69964266]	[20.12000513  6.18606307 15.5582108   6.2251607 ]
189	168  	[ 7.37315528 22.00417425  7.64285539  0.47778423]	[ -16.55327354 -132.48064243  -20.23376512    3.42369085]	[  7.75751156 -13.06522261   4.96472542   5.65164284]	[20.12000513  6.18606307 17.28766329  6.24045184]
190	168  	[ 7.58122753 26.05339154  7.65907691  0.47195409]	[ -16.55327354 -138.05438018  -20.23376512    3.6629365 ]	[  7.54348021 -16.0281804    5.23221959   5.65382479]	[20.12000513  6.18606307 17.28766329  6.22836894]
191	168  	[ 8.19028811 31.07895909  7.92112185  0.4884101 ]	[ -16.55327354 -132.48064243  -20.23376512    3.6629365 ]	[  6.70324545 -19.02909914   5.50213525   5.62806903]	[20.12000513  6.18606307 17.41907497  6.22565728]
192	168  	[ 8.21501174 29.2007656   7.87191639  0.58746754]	[ -16.55327354 -132.48064243  -20.23376512    3.6629365 ]	[  6.62435494 -17.75330809   5.84219724   5.57488933]	[20.12000513  6.18606307 17.73605427  6.22565728]
193	168  	[ 7.92625963 28.26557924  8.06555794  0.57305115]	[ -16.55327354 -132.48064243  -20.23376512    3.60046202]	[  7.25262821 -16.37148759   5.23980492   5.59159672]	[20.12000513  6.18606307 17.73605427  6.2258948 ]
194	168  	[ 8.23570018 27.27960019  8.48093397  0.62402584]	[ -16.55327354 -132.48064243  -20.23376512    3.60405758]	[  7.62726003 -15.46203706   4.51049446   5.54163756]	[20.12000513  6.18606307 17.73605427  6.22511024]
195	168  	[ 8.43699376 28.51310179  8.54267681  0.61914493]	[ -16.55327354 -132.48064243  -20.23376512    3.60405758]	[  7.53623424 -17.06570373   5.0458384    5.54092611]	[20.12000513  6.18606307 17.28766329  6.22840959]
196	168  	[ 8.71823866 27.07916607  8.3511617   0.65066322]	[ -16.55327354 -132.48064243  -18.09384049    3.60405758]	[  7.54614607 -16.23485535   4.55255413   5.51846851]	[20.12000513  6.18606307 17.28766329  6.22716257]
197	168  	[ 8.02833559 28.75790182  8.08444683  0.47409539]	[ -16.55327354 -132.48064243  -18.09384049    3.6629365 ]	[  6.90115056 -18.15341449   5.64499261   5.66036174]	[20.12000513  6.18606307 17.28766329  6.24221307]
198	168  	[ 8.08529554 29.97636576  7.85292155  0.42926617]	[ -20.19705098 -143.55760692  -18.09384049    3.46964314]	[  6.64733617 -17.73276375   5.9052101    5.67908918]	[20.12000513  6.18606307 17.28766329  6.24221307]
199	168  	[ 7.68877644 29.80108856  7.62733989  0.45611641]	[ -16.55327354 -143.55760692  -18.09384049    3.46964314]	[  6.87064398 -17.48056833   6.13444172   5.66548942]	[20.12000513  6.20978696 17.28766329  6.22637134]
[2, 8, 10, 7, 6, 6, 5, 4, 7, 5, 2, 9, 6, 8, 9, 5, 10, 10, 6, 5, 3, 10, 6, 1, 5, 3, 7, 3, 2, 4, 3, 10, 5, 3, 8, 1, 10]
(17.23574976549457, -6.224235185028625, 0.26786577032940806, 3.4696431427799768)
[2, 8, 10, 7, 6, 6, 5, 4, 7, 5, 2, 9, 6, 8, 9, 3, 10, 10, 6, 5, 1, 9, 2, 1, 9, 3, 4, 3, 2, 4, 4, 10, 5, 3, 8, 1, 10]
(15.045787788402963, -7.520383713161105, 0.08457722985628384, 3.5501210521786946)
[2, 8, 10, 7, 6, 6, 5, 3, 7, 5, 2, 9, 6, 8, 9, 5, 10, 10, 6, 5, 1, 9, 2, 1, 9, 4, 4, 3, 2, 1, 4, 10, 5, 3, 8, 1, 10]
(20.120005129474478, -4.139547197023158, -0.4643572744185027, 3.719564110762539)
[2, 8, 10, 7, 6, 6, 5, 3, 7, 5, 2, 9, 6, 8, 9, 5, 10, 10, 6, 5, 1, 9, 2, 1, 9, 4, 4, 3, 2, 1, 4, 10, 5, 3, 8, 1, 10]
(20.120005129474478, -4.139547197023158, -0.4643572744185027, 3.719564110762539)
[2, 8, 10, 7, 6, 6, 5, 3, 7, 5, 2, 9, 6, 8, 9, 5, 10, 10, 6, 5, 1, 9, 2, 1, 9, 4, 4, 3, 2, 1, 4, 10, 5, 3, 8, 1, 10]
(20.120005129474478, -4.139547197023158, -0.4643572744185027, 3.719564110762539)
[2, 8, 10, 7, 6, 6, 5, 3, 7, 5, 2, 9, 6, 8, 9, 5, 10, 10, 6, 5, 1, 9, 2, 1, 9, 4, 4, 3, 2, 1, 4, 10, 5, 3, 8, 1, 10]
(20.120005129474478, -4.139547197023158, -0.4643572744185027, 3.719564110762539)
[2, 8, 10, 7, 6, 6, 5, 3, 7, 5, 2, 9, 6, 8, 9, 5, 10, 10, 6, 5, 1, 9, 2, 1, 9, 4, 4, 3, 2, 1, 4, 10, 5, 3, 8, 1, 10]
(20.120005129474478, -4.139547197023158, -0.4643572744185027, 3.719564110762539)
[2, 8, 10, 7, 6, 6, 5, 4, 7, 5, 2, 9, 6, 8, 9, 5, 10, 8, 6, 7, 1, 9, 6, 1, 3, 3, 4, 3, 2, 8, 4, 10, 5, 3, 8, 1, 2]
(0.22653986599466425, -18.298686781072767, 13.6269304779253, 5.087268493954048)
[2, 8, 10, 7, 6, 6, 5, 3, 7, 5, 2, 9, 6, 8, 9, 5, 10, 10, 6, 5, 1, 9, 2, 1, 9, 4, 4, 3, 2, 1, 4, 10, 5, 3, 8, 1, 10]
(18.13418781554309, -5.231672026825954, -0.10771627905355054, 5.410045278865005)
[2, 8, 10, 7, 6, 6, 5, 4, 7, 5, 2, 10, 5, 8, 9, 9, 10, 7, 2, 5, 1, 7, 9, 1, 9, 3, 4, 3, 2, 4, 4, 10, 5, 3, 8, 1, 10]
(14.755568424843483, 6.186063073331217, 2.955053635957152, 5.4344936067752565)
[2, 8, 10, 7, 6, 6, 5, 4, 7, 5, 2, 10, 5, 8, 9, 9, 10, 7, 2, 5, 1, 7, 9, 1, 9, 3, 4, 3, 2, 4, 4, 10, 5, 3, 8, 1, 10]
(14.755568424843483, 6.186063073331217, 2.955053635957152, 5.4344936067752565)
[2, 8, 10, 7, 6, 6, 5, 4, 7, 5, 2, 10, 5, 8, 9, 9, 10, 7, 2, 5, 1, 7, 9, 1, 9, 3, 4, 3, 2, 4, 4, 10, 5, 3, 8, 1, 10]
(14.755568424843483, 6.186063073331217, 2.955053635957152, 5.4344936067752565)
[2, 8, 10, 7, 6, 6, 5, 4, 7, 5, 2, 10, 5, 8, 9, 9, 10, 7, 2, 5, 1, 7, 9, 1, 9, 3, 4, 3, 2, 4, 4, 10, 5, 3, 8, 1, 10]
(14.755568424843483, 6.186063073331217, 2.955053635957152, 5.4344936067752565)
[2, 8, 10, 7, 6, 6, 5, 4, 7, 5, 2, 10, 5, 8, 9, 9, 10, 7, 2, 5, 1, 7, 9, 1, 9, 3, 4, 3, 2, 4, 4, 10, 5, 3, 8, 1, 10]
(14.755568424843483, 6.186063073331217, 2.955053635957152, 5.4344936067752565)
[2, 8, 10, 7, 6, 6, 5, 4, 7, 5, 2, 10, 5, 8, 9, 9, 10, 7, 2, 5, 1, 7, 9, 1, 9, 3, 4, 3, 2, 4, 4, 10, 5, 3, 8, 1, 10]
(14.755568424843483, 6.186063073331217, 2.955053635957152, 5.4344936067752565)
[2, 8, 10, 7, 6, 6, 5, 4, 7, 5, 2, 9, 6, 8, 9, 5, 10, 10, 6, 5, 1, 9, 2, 1, 9, 3, 4, 3, 2, 4, 4, 10, 5, 3, 8, 1, 10]
(14.028503778093679, -11.608077278856815, -0.7134753270965744, 5.439875353742685)
[2, 8, 10, 7, 6, 6, 6, 3, 8, 5, 4, 9, 6, 8, 9, 5, 10, 10, 6, 5, 1, 9, 6, 1, 9, 3, 7, 3, 2, 4, 3, 10, 5, 3, 8, 1, 10]
(18.373303453900732, -31.08293412059344, -8.929752580622988, 5.446815314453988)
[2, 8, 10, 7, 6, 6, 6, 3, 8, 5, 4, 9, 6, 8, 9, 5, 10, 10, 6, 5, 1, 9, 6, 1, 9, 3, 7, 3, 2, 4, 3, 10, 5, 3, 8, 1, 10]
(18.373303453900732, -31.08293412059344, -8.929752580622988, 5.446815314453988)
[2, 8, 10, 7, 6, 6, 6, 3, 8, 5, 4, 9, 6, 8, 9, 5, 10, 10, 6, 5, 1, 9, 6, 1, 9, 3, 7, 3, 2, 4, 3, 10, 5, 3, 8, 1, 10]
(18.373303453900732, -31.08293412059344, -8.929752580622988, 5.446815314453988)
[2, 8, 10, 7, 6, 6, 6, 3, 8, 5, 4, 9, 6, 8, 9, 5, 10, 10, 6, 5, 1, 9, 6, 1, 9, 3, 7, 3, 2, 4, 3, 10, 5, 3, 8, 1, 10]
(18.373303453900732, -31.08293412059344, -8.929752580622988, 5.446815314453988)
[2, 8, 10, 7, 6, 6, 5, 4, 7, 5, 2, 9, 6, 8, 9, 5, 10, 10, 6, 5, 1, 9, 2, 1, 9, 3, 4, 3, 2, 4, 4, 10, 5, 3, 8, 1, 10]
(14.358173121872817, -5.263411789022708, -0.8177782115640114, 5.4510744919431975)
[2, 8, 10, 7, 6, 6, 5, 4, 7, 5, 2, 9, 6, 8, 9, 5, 10, 10, 6, 5, 1, 9, 2, 1, 9, 3, 4, 3, 2, 4, 4, 10, 5, 3, 8, 1, 10]
(14.358173121872817, -5.263411789022708, -0.8177782115640114, 5.4510744919431975)
[2, 8, 10, 7, 6, 6, 5, 4, 7, 5, 2, 9, 6, 8, 9, 5, 10, 10, 6, 5, 1, 9, 2, 1, 9, 3, 4, 3, 2, 4, 4, 10, 5, 3, 8, 1, 10]
(14.358173121872817, -5.263411789022708, -0.8177782115640114, 5.4510744919431975)
[2, 8, 10, 7, 6, 6, 5, 4, 7, 5, 2, 9, 6, 8, 9, 5, 10, 10, 6, 5, 3, 10, 6, 1, 9, 3, 4, 3, 2, 4, 4, 10, 5, 3, 8, 1, 10]
(18.028970190729112, -7.136045538632718, -4.7704803334272725, 5.461672064165698)
[2, 8, 10, 7, 6, 6, 5, 4, 7, 4, 3, 9, 6, 8, 9, 7, 10, 3, 2, 7, 1, 10, 2, 1, 9, 3, 4, 3, 2, 4, 2, 7, 5, 3, 8, 1, 10]
(-1.3565892971859697, -84.81637421524721, 15.188732781256721, 5.4840579536263405)
[2, 8, 10, 7, 6, 6, 1, 4, 7, 5, 2, 9, 6, 8, 9, 5, 10, 10, 7, 5, 1, 7, 2, 1, 2, 3, 4, 3, 2, 4, 4, 10, 5, 3, 8, 1, 10]
(13.705629138155018, 3.480661299600797, -12.141705614231808, 5.5121979434828)
[2, 8, 10, 7, 6, 6, 1, 4, 7, 5, 2, 9, 6, 8, 9, 5, 10, 10, 7, 5, 1, 7, 2, 1, 2, 3, 4, 3, 2, 4, 4, 10, 5, 3, 8, 1, 10]
(13.705629138155018, 3.480661299600797, -12.141705614231808, 5.5121979434828)
[2, 8, 10, 7, 6, 6, 1, 4, 7, 5, 2, 9, 6, 8, 9, 5, 10, 10, 7, 5, 1, 7, 2, 1, 2, 3, 4, 3, 2, 4, 4, 10, 5, 3, 8, 1, 10]
(13.705629138155018, 3.480661299600797, -12.141705614231808, 5.5121979434828)
[2, 8, 10, 7, 6, 6, 1, 4, 7, 5, 2, 9, 6, 8, 9, 5, 10, 10, 7, 5, 1, 7, 2, 1, 2, 3, 4, 3, 2, 4, 4, 10, 5, 3, 8, 1, 10]
(13.705629138155018, 3.480661299600797, -12.141705614231808, 5.5121979434828)
[2, 8, 10, 7, 6, 6, 1, 4, 7, 5, 2, 9, 6, 8, 9, 5, 10, 10, 7, 5, 1, 7, 2, 1, 2, 3, 4, 3, 2, 4, 4, 10, 5, 3, 8, 1, 10]
(13.705629138155018, 3.480661299600797, -12.141705614231808, 5.5121979434828)
[2, 8, 10, 7, 6, 6, 5, 4, 7, 6, 2, 10, 6, 8, 9, 6, 10, 10, 1, 5, 1, 4, 3, 1, 9, 4, 4, 7, 2, 2, 4, 10, 5, 5, 8, 1, 10]
(12.97720783612458, 0.1258480931437691, 1.0757381961393173, 5.517308129645223)
[2, 8, 10, 7, 6, 6, 5, 4, 7, 6, 2, 10, 6, 8, 9, 6, 10, 10, 1, 5, 1, 4, 3, 1, 9, 4, 4, 7, 2, 2, 4, 10, 5, 5, 8, 1, 10]
(12.97720783612458, 0.1258480931437691, 1.0757381961393173, 5.517308129645223)
[2, 8, 10, 7, 6, 6, 5, 4, 7, 5, 2, 7, 6, 8, 9, 8, 10, 3, 2, 7, 1, 10, 2, 1, 9, 3, 7, 3, 2, 4, 3, 10, 5, 3, 8, 1, 10]
(-0.16231763608307226, -29.806084556973197, 14.580727124026179, 5.531269175677642)
[2, 8, 10, 7, 6, 6, 5, 4, 7, 5, 2, 7, 6, 8, 9, 8, 10, 3, 2, 7, 1, 10, 2, 1, 9, 3, 7, 3, 2, 4, 3, 10, 5, 3, 8, 1, 10]
(-0.16231763608307226, -29.806084556973197, 14.580727124026179, 5.531269175677642)
[2, 8, 10, 7, 6, 6, 5, 4, 7, 5, 2, 7, 6, 8, 9, 8, 10, 3, 2, 7, 1, 10, 2, 1, 9, 3, 7, 3, 2, 4, 3, 10, 5, 3, 8, 1, 10]
(-0.16231763608307226, -29.806084556973197, 14.580727124026179, 5.531269175677642)
[2, 8, 10, 7, 6, 6, 5, 4, 7, 5, 2, 7, 6, 8, 9, 8, 10, 3, 2, 7, 1, 10, 2, 1, 9, 3, 7, 3, 2, 4, 3, 10, 5, 3, 8, 1, 10]
(-0.16231763608307226, -29.806084556973197, 14.580727124026179, 5.531269175677642)
[2, 8, 10, 7, 6, 6, 5, 4, 7, 5, 2, 7, 6, 8, 9, 8, 10, 3, 2, 7, 1, 10, 2, 1, 9, 3, 7, 3, 2, 4, 3, 10, 5, 3, 8, 1, 10]
(-0.16231763608307226, -29.806084556973197, 14.580727124026179, 5.531269175677642)
[2, 8, 10, 7, 6, 6, 5, 4, 7, 5, 2, 7, 6, 8, 9, 8, 10, 3, 2, 7, 1, 10, 2, 1, 9, 3, 7, 3, 2, 4, 3, 10, 5, 3, 8, 1, 10]
(-0.16231763608307226, -29.806084556973197, 14.580727124026179, 5.531269175677642)
[2, 8, 10, 7, 6, 6, 5, 4, 7, 5, 2, 9, 6, 8, 9, 7, 10, 3, 2, 7, 3, 10, 2, 1, 9, 3, 4, 3, 2, 4, 4, 7, 5, 3, 8, 1, 10]
(-4.017231826962228, -143.55760691829383, 15.040450060826974, 5.534578519429878)
[2, 8, 10, 7, 6, 6, 5, 5, 7, 5, 2, 9, 6, 8, 9, 5, 10, 10, 6, 5, 1, 9, 6, 1, 9, 3, 7, 3, 2, 4, 3, 10, 5, 3, 8, 1, 10]
(15.902497488434886, -40.06128814278161, -18.093840491093772, 5.535781400818366)
[2, 8, 10, 7, 6, 6, 5, 4, 7, 5, 2, 9, 6, 8, 9, 7, 10, 3, 2, 7, 3, 10, 2, 1, 9, 3, 4, 3, 2, 4, 4, 7, 5, 3, 8, 1, 10]
(-7.876166928967722, -132.4806424348041, 17.287663286972535, 5.538180740106117)
[2, 8, 10, 7, 6, 6, 5, 4, 7, 5, 2, 9, 6, 8, 9, 7, 10, 3, 2, 7, 3, 10, 2, 1, 9, 3, 4, 3, 2, 4, 4, 7, 5, 3, 8, 1, 10]
(-7.876166928967722, -132.4806424348041, 17.287663286972535, 5.538180740106117)
[2, 8, 10, 7, 6, 6, 5, 4, 7, 5, 2, 9, 6, 8, 9, 7, 10, 3, 2, 7, 3, 10, 2, 1, 9, 3, 4, 3, 2, 4, 4, 7, 5, 3, 8, 1, 10]
(-7.876166928967722, -132.4806424348041, 17.287663286972535, 5.538180740106117)
[2, 8, 10, 7, 6, 6, 5, 4, 7, 5, 2, 9, 6, 8, 9, 7, 10, 3, 2, 7, 3, 10, 2, 1, 9, 3, 4, 3, 2, 4, 4, 7, 5, 3, 8, 1, 10]
(-7.876166928967722, -132.4806424348041, 17.287663286972535, 5.538180740106117)
[2, 8, 10, 7, 6, 6, 5, 4, 7, 5, 2, 9, 6, 8, 9, 7, 10, 3, 2, 7, 3, 10, 2, 1, 9, 3, 4, 3, 2, 4, 4, 7, 5, 3, 8, 1, 10]
(-7.876166928967722, -132.4806424348041, 17.287663286972535, 5.538180740106117)
[2, 8, 10, 7, 6, 6, 5, 4, 7, 5, 2, 9, 5, 8, 9, 7, 10, 3, 2, 7, 1, 10, 2, 1, 9, 3, 4, 3, 2, 4, 4, 7, 5, 3, 8, 1, 10]
(-5.148166353719762, -64.9404405269434, 16.475962452962825, 5.540068967447187)
[2, 8, 10, 9, 6, 4, 10, 3, 8, 5, 4, 9, 4, 8, 7, 6, 10, 9, 3, 5, 1, 7, 2, 1, 9, 3, 4, 3, 2, 4, 4, 10, 5, 3, 8, 1, 10]
(11.487950002103572, -18.94643029409342, 11.253820570183475, 5.62280189339284)
[2, 8, 10, 7, 6, 6, 5, 4, 7, 5, 2, 10, 6, 8, 9, 7, 10, 10, 7, 5, 1, 10, 2, 1, 9, 3, 2, 3, 2, 1, 2, 10, 5, 5, 8, 1, 10]
(9.609074917837448, 5.522961687158447, -1.2194792313833451, 5.661239904489249)
[2, 8, 10, 7, 6, 6, 5, 4, 7, 5, 2, 10, 6, 8, 9, 7, 10, 10, 7, 5, 1, 10, 2, 1, 9, 3, 2, 3, 2, 1, 2, 10, 5, 5, 8, 1, 10]
(9.609074917837448, 5.522961687158447, -1.2194792313833451, 5.661239904489249)
[2, 8, 10, 7, 6, 6, 5, 4, 7, 5, 2, 10, 6, 8, 9, 7, 10, 10, 7, 5, 1, 10, 2, 1, 9, 3, 2, 3, 2, 1, 2, 10, 5, 5, 8, 1, 10]
(9.609074917837448, 5.522961687158447, -1.2194792313833451, 5.661239904489249)
[2, 8, 10, 7, 6, 6, 5, 4, 7, 5, 2, 10, 6, 8, 9, 7, 10, 10, 7, 5, 1, 10, 2, 1, 9, 3, 2, 3, 2, 1, 2, 10, 5, 5, 8, 1, 10]
(9.609074917837448, 5.522961687158447, -1.2194792313833451, 5.661239904489249)
[2, 8, 10, 7, 6, 6, 5, 4, 7, 5, 2, 10, 6, 8, 9, 7, 10, 10, 7, 5, 1, 10, 2, 1, 9, 3, 2, 3, 2, 1, 8, 10, 5, 5, 8, 1, 10]
(6.300414438675476, 6.127439943648524, -0.3382868890897123, 5.667203487129994)
[2, 8, 10, 7, 6, 6, 5, 4, 7, 5, 2, 10, 6, 9, 9, 5, 10, 10, 7, 5, 1, 10, 2, 1, 9, 3, 2, 3, 2, 1, 2, 10, 5, 5, 8, 1, 10]
(-8.251455838495348, 6.209786958984525, 1.4487865172665846, 5.718547137134881)
[2, 8, 10, 7, 6, 6, 5, 4, 7, 5, 2, 8, 6, 10, 9, 7, 10, 10, 2, 1, 1, 10, 2, 1, 9, 5, 4, 5, 3, 3, 5, 10, 6, 5, 8, 1, 10]
(13.48371693925419, -8.959424030088392, 2.9632067366056942, 5.720480714336794)
[2, 8, 10, 7, 6, 6, 5, 4, 7, 5, 2, 10, 6, 8, 9, 5, 10, 10, 2, 5, 1, 5, 2, 1, 9, 3, 4, 3, 2, 2, 4, 10, 5, 5, 8, 1, 10]
(8.337904894116537, -23.965176011210044, 12.751126029055799, 5.723251492607703)
[2, 8, 10, 7, 6, 6, 5, 4, 7, 5, 2, 10, 6, 8, 9, 5, 10, 10, 2, 5, 1, 5, 2, 1, 9, 3, 4, 3, 2, 2, 4, 10, 5, 5, 8, 1, 10]
(8.337904894116537, -23.965176011210044, 12.751126029055799, 5.723251492607703)
[2, 8, 10, 7, 6, 6, 5, 4, 7, 5, 2, 10, 6, 8, 9, 5, 10, 10, 2, 5, 1, 5, 2, 1, 9, 3, 4, 3, 2, 2, 4, 10, 5, 5, 8, 1, 10]
(8.337904894116537, -23.965176011210044, 12.751126029055799, 5.723251492607703)
[2, 8, 10, 7, 6, 6, 5, 4, 7, 5, 2, 10, 6, 8, 9, 5, 10, 10, 2, 5, 1, 5, 2, 1, 9, 3, 4, 3, 2, 2, 4, 10, 5, 5, 8, 1, 10]
(7.293753038564949, -23.330418301147372, 13.099781561058311, 5.733445424837951)
[2, 8, 10, 7, 6, 6, 5, 4, 7, 5, 2, 10, 6, 8, 9, 5, 10, 10, 2, 5, 1, 5, 2, 1, 9, 3, 4, 3, 2, 2, 4, 10, 5, 5, 8, 1, 10]
(7.293753038564949, -23.330418301147372, 13.099781561058311, 5.733445424837951)
[2, 8, 10, 7, 6, 6, 5, 4, 7, 5, 2, 10, 6, 8, 9, 5, 10, 10, 2, 5, 1, 5, 2, 1, 9, 3, 4, 3, 2, 2, 4, 10, 5, 5, 8, 1, 10]
(10.634110080771235, -45.481857801603, 13.464721539895958, 5.736177936905769)
[2, 8, 10, 7, 6, 6, 5, 4, 7, 5, 2, 10, 6, 8, 9, 5, 10, 10, 2, 5, 1, 5, 2, 1, 9, 3, 4, 3, 2, 2, 4, 10, 5, 5, 8, 1, 10]
(10.634110080771235, -45.481857801603, 13.464721539895958, 5.736177936905769)
[2, 8, 10, 7, 6, 6, 5, 4, 7, 5, 2, 10, 6, 8, 9, 5, 10, 10, 2, 5, 1, 5, 2, 1, 9, 3, 4, 3, 2, 2, 4, 10, 5, 5, 8, 1, 10]
(10.634110080771235, -45.481857801603, 13.464721539895958, 5.736177936905769)
[2, 8, 10, 7, 6, 6, 5, 4, 7, 5, 2, 10, 6, 8, 9, 5, 10, 10, 2, 5, 1, 5, 2, 1, 9, 3, 4, 3, 2, 2, 4, 10, 5, 5, 8, 1, 10]
(10.634110080771235, -45.481857801603, 13.464721539895958, 5.736177936905769)
[2, 8, 10, 7, 6, 6, 5, 4, 7, 5, 2, 10, 6, 8, 9, 5, 10, 10, 2, 5, 1, 5, 2, 1, 9, 3, 4, 3, 2, 2, 4, 10, 5, 5, 8, 1, 10]
(10.634110080771235, -45.481857801603, 13.464721539895958, 5.736177936905769)
[2, 8, 10, 7, 6, 6, 5, 4, 7, 5, 2, 10, 6, 8, 9, 9, 10, 10, 2, 5, 1, 5, 3, 1, 9, 4, 4, 3, 7, 1, 4, 10, 5, 5, 8, 1, 10]
(0.21101803656911144, -29.08815564528158, 13.268060764926837, 5.741466763135379)
[2, 8, 10, 7, 6, 6, 5, 4, 7, 5, 2, 10, 6, 8, 9, 9, 10, 10, 2, 5, 1, 5, 3, 1, 9, 4, 4, 3, 7, 1, 4, 10, 5, 5, 8, 1, 10]
(0.21101803656911144, -29.08815564528158, 13.268060764926837, 5.741466763135379)
[2, 8, 10, 7, 6, 6, 5, 4, 7, 5, 2, 10, 6, 8, 9, 9, 10, 10, 2, 5, 1, 5, 3, 1, 9, 4, 4, 3, 7, 1, 4, 10, 5, 5, 8, 1, 10]
(0.21101803656911144, -29.08815564528158, 13.268060764926837, 5.741466763135379)
[2, 8, 10, 7, 6, 6, 5, 4, 7, 5, 2, 10, 6, 8, 9, 9, 10, 10, 2, 5, 1, 5, 3, 1, 9, 4, 4, 3, 7, 1, 4, 10, 5, 5, 8, 1, 10]
(0.21101803656911144, -29.08815564528158, 13.268060764926837, 5.741466763135379)
[2, 8, 10, 7, 6, 6, 5, 4, 7, 5, 2, 10, 6, 8, 9, 9, 10, 10, 2, 5, 1, 5, 3, 1, 9, 4, 4, 3, 7, 1, 4, 10, 5, 5, 8, 1, 10]
(0.21101803656911144, -29.08815564528158, 13.268060764926837, 5.741466763135379)
[2, 8, 10, 7, 6, 6, 5, 4, 7, 5, 2, 10, 6, 8, 9, 9, 10, 10, 2, 5, 1, 5, 3, 1, 9, 4, 4, 3, 7, 1, 4, 10, 5, 5, 8, 1, 10]
(0.21101803656911144, -29.08815564528158, 13.268060764926837, 5.741466763135379)
[2, 8, 10, 7, 6, 6, 7, 4, 7, 5, 2, 10, 6, 8, 9, 5, 10, 10, 6, 5, 3, 10, 2, 1, 6, 3, 4, 4, 2, 1, 4, 10, 5, 5, 8, 1, 10]
(11.655437693522979, -21.06367639383121, 12.214428351536817, 5.742139210798196)
[2, 8, 10, 7, 6, 6, 7, 4, 7, 5, 2, 10, 6, 8, 9, 5, 10, 10, 6, 5, 3, 10, 2, 1, 6, 3, 4, 4, 2, 1, 4, 10, 5, 5, 8, 1, 10]
(11.655437693522979, -21.06367639383121, 12.214428351536817, 5.742139210798196)
[2, 8, 10, 7, 6, 6, 5, 4, 7, 5, 2, 10, 6, 8, 9, 9, 10, 10, 2, 5, 1, 5, 3, 1, 9, 4, 4, 3, 2, 1, 4, 10, 5, 5, 8, 1, 10]
(10.756552017791135, -69.49180576908927, 13.046168669497824, 5.748538964370017)
[2, 8, 10, 7, 6, 6, 5, 4, 7, 5, 2, 10, 6, 8, 9, 9, 10, 10, 2, 5, 1, 5, 3, 1, 9, 4, 4, 3, 2, 1, 4, 10, 5, 5, 8, 1, 10]
(10.756552017791135, -69.49180576908927, 13.046168669497824, 5.748538964370017)
[2, 8, 10, 7, 6, 6, 5, 4, 7, 5, 2, 10, 6, 8, 9, 9, 10, 10, 2, 5, 1, 5, 3, 1, 9, 4, 4, 3, 2, 1, 4, 10, 5, 5, 8, 1, 10]
(10.756552017791135, -69.49180576908927, 13.046168669497824, 5.748538964370017)
[2, 8, 10, 7, 6, 6, 5, 4, 7, 5, 2, 10, 6, 8, 9, 9, 10, 10, 2, 5, 1, 5, 3, 1, 9, 4, 4, 3, 2, 1, 4, 10, 5, 5, 8, 1, 10]
(10.756552017791135, -69.49180576908927, 13.046168669497824, 5.748538964370017)
[2, 8, 10, 7, 6, 6, 5, 4, 7, 5, 2, 10, 6, 8, 9, 5, 10, 10, 2, 5, 1, 5, 2, 1, 9, 3, 4, 3, 2, 2, 4, 10, 5, 5, 8, 1, 10]
(10.315146174922122, -63.781270635829316, 12.238269758256596, 5.753212704611448)
[2, 8, 10, 7, 6, 6, 7, 4, 7, 5, 2, 10, 6, 8, 9, 4, 8, 10, 2, 5, 1, 5, 3, 1, 9, 4, 4, 3, 7, 1, 4, 10, 5, 5, 8, 1, 10]
(-2.2144169337991118, -94.07397932582927, 13.169572206264036, 5.754108235503423)
[4, 7, 10, 9, 6, 4, 10, 3, 8, 5, 4, 9, 6, 8, 9, 7, 10, 10, 6, 5, 6, 9, 2, 1, 9, 3, 4, 4, 2, 1, 4, 10, 5, 3, 8, 2, 10]
(6.841438323817681, 3.1150023622073837, 6.116938305725724, 5.760324744427168)
[4, 7, 10, 9, 6, 4, 10, 3, 8, 5, 4, 9, 6, 8, 9, 7, 10, 10, 6, 5, 6, 9, 2, 1, 9, 3, 4, 4, 2, 1, 4, 10, 5, 3, 8, 2, 10]
(6.841438323817681, 3.1150023622073837, 6.116938305725724, 5.760324744427168)
[4, 7, 10, 9, 6, 4, 10, 3, 8, 5, 4, 9, 6, 8, 9, 7, 10, 10, 6, 5, 6, 9, 2, 1, 9, 3, 4, 4, 2, 1, 4, 10, 5, 3, 8, 2, 10]
(6.841438323817681, 3.1150023622073837, 6.116938305725724, 5.760324744427168)
[2, 7, 10, 9, 6, 4, 10, 3, 8, 5, 4, 9, 4, 8, 7, 6, 10, 10, 1, 5, 1, 7, 2, 1, 9, 3, 4, 3, 2, 4, 4, 10, 5, 3, 8, 1, 10]
(7.664916494672693, -6.194971229287091, 12.460038356410735, 5.782215247953098)
[2, 7, 10, 9, 6, 4, 10, 3, 8, 5, 4, 9, 4, 8, 7, 6, 10, 10, 1, 5, 1, 7, 2, 1, 9, 3, 4, 3, 2, 4, 4, 10, 5, 3, 8, 1, 10]
(7.664916494672693, -6.194971229287091, 12.460038356410735, 5.782215247953098)
[2, 7, 10, 9, 6, 4, 10, 3, 8, 5, 4, 9, 6, 9, 9, 5, 10, 10, 6, 5, 6, 9, 2, 1, 9, 3, 4, 4, 2, 1, 4, 10, 5, 3, 8, 2, 10]
(10.82756640617572, -0.4227428988230537, 10.257437640549737, 5.790136839827872)
[2, 7, 10, 9, 6, 4, 10, 3, 8, 5, 4, 9, 6, 9, 9, 5, 10, 10, 6, 5, 6, 9, 2, 1, 9, 3, 4, 4, 2, 1, 4, 10, 5, 3, 8, 2, 10]
(10.82756640617572, -0.4227428988230537, 10.257437640549737, 5.790136839827872)
[2, 8, 10, 7, 6, 6, 5, 4, 7, 5, 2, 9, 6, 10, 9, 7, 10, 10, 2, 5, 1, 10, 2, 1, 9, 3, 4, 3, 2, 4, 4, 10, 5, 5, 8, 1, 10]
(13.680770765589557, -7.765099530131458, -6.616428060585296, 5.799775644283398)
[2, 8, 10, 7, 6, 6, 5, 4, 7, 5, 2, 9, 6, 10, 9, 7, 10, 10, 2, 5, 1, 10, 2, 1, 9, 3, 4, 3, 2, 4, 4, 10, 5, 5, 8, 1, 10]
(13.680770765589557, -7.765099530131458, -6.616428060585296, 5.799775644283398)
[2, 8, 10, 7, 6, 6, 5, 4, 7, 5, 2, 9, 6, 10, 9, 7, 10, 10, 2, 5, 1, 10, 2, 1, 9, 3, 4, 3, 2, 4, 8, 10, 5, 5, 8, 1, 10]
(13.397788267722307, -7.334632588971386, -7.674355008016872, 5.7999481692324455)
[2, 8, 10, 7, 6, 6, 5, 4, 7, 5, 2, 9, 6, 10, 9, 7, 10, 10, 2, 5, 1, 10, 2, 1, 9, 3, 4, 3, 2, 4, 8, 10, 5, 5, 8, 1, 10]
(13.397788267722307, -7.334632588971386, -7.674355008016872, 5.7999481692324455)
[2, 8, 10, 7, 6, 6, 5, 4, 7, 5, 2, 9, 6, 10, 9, 7, 10, 10, 2, 5, 1, 10, 2, 1, 9, 3, 4, 3, 2, 4, 8, 10, 5, 5, 8, 1, 10]
(13.397788267722307, -7.334632588971386, -7.674355008016872, 5.7999481692324455)
[2, 8, 10, 7, 6, 6, 5, 4, 7, 3, 2, 9, 6, 8, 9, 5, 10, 10, 2, 5, 1, 5, 2, 1, 9, 3, 4, 3, 2, 2, 4, 10, 5, 5, 8, 1, 10]
(8.125949628639503, -44.08624817640573, 12.866729843603414, 5.80063142726697)
[2, 8, 10, 7, 6, 6, 5, 4, 7, 3, 2, 9, 6, 8, 9, 5, 10, 10, 2, 5, 1, 5, 2, 1, 9, 3, 4, 3, 2, 2, 4, 10, 5, 5, 8, 1, 10]
(8.125949628639503, -44.08624817640573, 12.866729843603414, 5.80063142726697)
[2, 8, 10, 7, 6, 6, 5, 4, 7, 3, 2, 9, 6, 8, 9, 5, 10, 10, 2, 5, 1, 5, 2, 1, 9, 3, 4, 3, 2, 2, 4, 10, 5, 5, 8, 1, 10]
(8.125949628639503, -44.08624817640573, 12.866729843603414, 5.80063142726697)
[2, 7, 10, 9, 6, 4, 10, 3, 8, 5, 4, 9, 6, 8, 9, 5, 10, 10, 6, 5, 1, 9, 2, 1, 9, 3, 4, 4, 2, 1, 4, 10, 5, 3, 8, 2, 10]
(-16.55327353608754, -7.007008933782431, 12.4632285087091, 5.802727310728912)
[2, 7, 10, 9, 6, 4, 10, 3, 8, 5, 4, 9, 6, 8, 9, 5, 10, 10, 6, 5, 1, 9, 2, 1, 9, 3, 4, 4, 2, 1, 4, 10, 5, 3, 8, 2, 10]
(-16.55327353608754, -7.007008933782431, 12.4632285087091, 5.802727310728912)
[2, 7, 10, 9, 6, 4, 10, 3, 8, 5, 4, 9, 6, 8, 9, 5, 10, 10, 6, 5, 1, 9, 2, 1, 9, 3, 4, 4, 2, 1, 4, 10, 5, 3, 8, 2, 10]
(-16.55327353608754, -7.007008933782431, 12.4632285087091, 5.802727310728912)
[2, 7, 10, 9, 6, 4, 10, 3, 8, 5, 4, 9, 4, 8, 7, 6, 10, 10, 3, 5, 1, 7, 2, 1, 9, 3, 4, 3, 2, 4, 4, 10, 5, 3, 8, 2, 10]
(8.968183666525828, -9.335796153465285, 12.344995281076875, 5.81075813068036)
[2, 7, 10, 9, 6, 4, 10, 3, 8, 5, 4, 9, 6, 9, 9, 5, 10, 10, 6, 5, 6, 9, 2, 1, 9, 3, 4, 4, 2, 1, 4, 10, 5, 3, 8, 2, 10]
(12.273823353628858, -0.11245043321329495, 7.855617829921483, 5.811679443313173)
[2, 7, 10, 9, 6, 4, 10, 3, 8, 5, 4, 9, 6, 9, 9, 5, 10, 10, 6, 5, 6, 9, 2, 1, 9, 3, 4, 4, 2, 1, 4, 10, 5, 3, 8, 2, 10]
(12.273823353628858, -0.11245043321329495, 7.855617829921483, 5.811679443313173)
[2, 7, 10, 9, 6, 4, 10, 3, 8, 5, 4, 9, 6, 9, 9, 5, 10, 10, 6, 5, 6, 9, 2, 1, 9, 3, 4, 4, 2, 1, 4, 10, 5, 3, 8, 2, 10]
(12.273823353628858, -0.11245043321329495, 7.855617829921483, 5.811679443313173)
[2, 7, 10, 9, 6, 4, 10, 3, 8, 5, 4, 9, 4, 8, 7, 6, 10, 10, 3, 5, 1, 7, 2, 1, 9, 3, 4, 3, 2, 4, 4, 10, 5, 3, 8, 1, 10]
(6.52096454947532, -10.73016051032139, 12.253623022245696, 5.825510011241464)
[2, 7, 10, 9, 6, 4, 10, 3, 8, 5, 4, 9, 4, 8, 7, 6, 10, 10, 3, 5, 1, 7, 2, 1, 9, 3, 4, 3, 2, 4, 4, 10, 5, 3, 8, 1, 10]
(6.52096454947532, -10.73016051032139, 12.253623022245696, 5.825510011241464)
[2, 7, 10, 9, 6, 4, 10, 3, 8, 5, 4, 9, 4, 8, 7, 6, 10, 9, 3, 5, 1, 7, 2, 1, 9, 3, 4, 3, 2, 4, 4, 10, 5, 3, 8, 2, 10]
(3.308808436390061, -8.665093902994773, 12.23012510482287, 5.826295271877257)
[2, 7, 10, 9, 6, 4, 10, 3, 8, 2, 4, 9, 4, 9, 9, 5, 10, 10, 6, 5, 6, 9, 2, 1, 9, 3, 4, 4, 2, 1, 4, 10, 5, 3, 8, 2, 10]
(9.057045534640519, 3.610338488797653, -4.004486784084359, 5.8321770460505915)
[2, 7, 10, 9, 6, 4, 10, 3, 8, 2, 4, 9, 4, 9, 9, 5, 10, 10, 6, 5, 6, 9, 2, 1, 9, 3, 4, 4, 2, 1, 4, 10, 5, 3, 8, 2, 10]
(9.057045534640519, 3.610338488797653, -4.004486784084359, 5.8321770460505915)
[2, 7, 10, 9, 6, 4, 10, 3, 8, 2, 4, 9, 4, 9, 9, 5, 10, 10, 6, 5, 6, 9, 2, 1, 9, 3, 4, 4, 2, 1, 4, 10, 5, 3, 8, 2, 10]
(9.057045534640519, 3.610338488797653, -4.004486784084359, 5.8321770460505915)
[2, 7, 10, 9, 6, 3, 10, 3, 8, 5, 4, 9, 6, 8, 9, 5, 10, 10, 4, 5, 6, 9, 2, 1, 4, 3, 4, 4, 2, 1, 4, 10, 5, 3, 8, 2, 10]
(2.9125609274704356, -1.828714702277661, 12.186735107879691, 5.841439621291904)
[2, 7, 10, 9, 6, 3, 10, 3, 8, 5, 4, 9, 6, 8, 9, 5, 10, 10, 4, 5, 6, 9, 2, 1, 4, 3, 4, 4, 2, 1, 4, 10, 5, 3, 8, 2, 10]
(6.400918005816084, 0.2602894578074988, 12.168775508666753, 5.842343243276017)
[2, 7, 10, 9, 6, 4, 10, 3, 8, 5, 4, 9, 6, 8, 9, 5, 10, 10, 6, 5, 2, 9, 2, 1, 9, 3, 4, 4, 2, 1, 4, 10, 5, 3, 8, 2, 10]
(-1.2493527749968045, -10.463494487725606, 11.947851672731357, 5.855435189691389)
[2, 7, 10, 9, 6, 4, 10, 3, 8, 5, 4, 9, 6, 8, 9, 5, 10, 10, 6, 5, 2, 9, 2, 1, 9, 3, 4, 4, 2, 1, 4, 10, 5, 3, 8, 2, 10]
(-1.2493527749968045, -10.463494487725606, 11.947851672731357, 5.855435189691389)
[2, 7, 10, 9, 6, 4, 10, 3, 8, 5, 4, 9, 6, 8, 9, 5, 10, 10, 6, 5, 2, 9, 2, 1, 9, 3, 4, 4, 2, 1, 4, 10, 5, 3, 8, 2, 10]
(-1.2493527749968045, -10.463494487725606, 11.947851672731357, 5.855435189691389)
[2, 7, 10, 9, 6, 4, 10, 3, 8, 1, 4, 9, 4, 8, 7, 6, 10, 10, 3, 5, 1, 7, 2, 1, 9, 3, 4, 3, 2, 4, 4, 10, 5, 3, 8, 1, 10]
(5.739578141471382, 2.8368340117583424, 10.705977631416715, 5.855510668294918)
[2, 7, 10, 9, 6, 4, 10, 3, 8, 1, 4, 9, 4, 8, 7, 6, 10, 10, 3, 5, 1, 7, 2, 1, 9, 3, 4, 3, 2, 4, 4, 10, 5, 3, 8, 1, 10]
(5.739578141471382, 2.8368340117583424, 10.705977631416715, 5.855510668294918)
[2, 7, 10, 9, 6, 4, 10, 3, 8, 5, 4, 9, 6, 8, 9, 5, 10, 10, 6, 5, 1, 9, 2, 1, 9, 3, 4, 4, 2, 1, 4, 10, 5, 3, 8, 1, 10]
(12.335011198831308, -2.914615155729476, 9.603911636572997, 5.863311428889781)
[2, 7, 10, 9, 6, 4, 10, 3, 8, 5, 4, 9, 6, 8, 9, 5, 10, 10, 6, 5, 1, 9, 2, 1, 9, 3, 4, 4, 2, 1, 4, 10, 5, 3, 8, 1, 10]
(12.762319002860343, -3.919477127061857, 10.360386721809572, 5.867986949984301)
[2, 7, 10, 9, 6, 4, 10, 3, 8, 5, 4, 9, 6, 8, 9, 5, 10, 10, 6, 5, 1, 9, 2, 1, 9, 3, 4, 4, 2, 1, 4, 10, 5, 3, 8, 1, 10]
(12.762319002860343, -3.919477127061857, 10.360386721809572, 5.867986949984301)
[2, 7, 10, 9, 6, 4, 10, 3, 8, 5, 4, 9, 6, 8, 9, 5, 10, 10, 6, 5, 1, 9, 2, 1, 9, 3, 4, 4, 2, 1, 4, 10, 5, 3, 8, 1, 10]
(9.667272905990789, -5.160003890533376, 8.987677747293256, 5.869828800947487)
[2, 7, 10, 9, 6, 4, 10, 3, 8, 5, 4, 9, 6, 8, 9, 5, 10, 10, 6, 5, 1, 9, 2, 1, 9, 3, 4, 4, 2, 1, 4, 10, 5, 3, 8, 1, 10]
(9.667272905990789, -5.160003890533376, 8.987677747293256, 5.869828800947487)
[2, 7, 10, 9, 6, 4, 10, 3, 8, 5, 4, 9, 6, 8, 9, 5, 10, 10, 6, 5, 1, 9, 2, 1, 9, 3, 4, 4, 2, 1, 4, 10, 5, 3, 8, 1, 10]
(9.667272905990789, -5.160003890533376, 8.987677747293256, 5.869828800947487)
[2, 8, 10, 7, 6, 6, 5, 4, 7, 5, 2, 9, 4, 8, 10, 8, 10, 10, 2, 4, 5, 8, 2, 1, 9, 3, 2, 3, 7, 6, 7, 10, 5, 5, 7, 1, 10]
(9.880896552676676, -6.51847387124357, -0.8299514590489583, 5.873084769979475)
[2, 7, 10, 9, 6, 4, 10, 3, 8, 5, 4, 9, 6, 8, 9, 5, 10, 10, 6, 5, 6, 9, 2, 1, 9, 3, 4, 4, 2, 1, 4, 10, 5, 3, 8, 2, 10]
(6.311907176203211, -1.9431126083910653, 11.816231898405086, 5.873908605273251)
[2, 7, 10, 9, 6, 4, 10, 3, 8, 5, 4, 9, 6, 8, 9, 5, 10, 10, 6, 5, 6, 9, 2, 1, 9, 3, 4, 4, 2, 1, 4, 10, 5, 3, 8, 2, 10]
(6.311907176203211, -1.9431126083910653, 11.816231898405086, 5.873908605273251)
[2, 7, 10, 9, 6, 4, 10, 3, 8, 5, 4, 9, 6, 8, 9, 5, 10, 10, 6, 5, 6, 9, 2, 1, 9, 3, 4, 4, 2, 1, 4, 10, 5, 3, 8, 2, 10]
(6.311907176203211, -1.9431126083910653, 11.816231898405086, 5.873908605273251)
[2, 7, 10, 9, 6, 4, 10, 3, 8, 5, 4, 9, 6, 8, 9, 5, 10, 10, 6, 5, 6, 9, 2, 1, 9, 3, 4, 4, 2, 1, 4, 10, 5, 3, 8, 2, 10]
(6.311907176203211, -1.9431126083910653, 11.816231898405086, 5.873908605273251)
[2, 8, 10, 7, 6, 6, 5, 4, 7, 5, 2, 9, 4, 8, 10, 8, 10, 10, 2, 4, 2, 8, 2, 1, 9, 3, 2, 3, 7, 1, 7, 10, 5, 5, 7, 1, 10]
(8.096037246143158, -18.1818985154537, 3.641782018028649, 5.882103316532688)
[2, 8, 10, 7, 6, 6, 5, 4, 7, 5, 2, 9, 4, 8, 10, 8, 10, 10, 2, 4, 2, 8, 2, 1, 9, 3, 2, 3, 7, 1, 7, 10, 5, 5, 7, 1, 10]
(8.096037246143158, -18.1818985154537, 3.641782018028649, 5.882103316532688)
[2, 8, 10, 7, 6, 6, 5, 4, 7, 5, 2, 9, 4, 8, 10, 4, 10, 10, 2, 5, 2, 8, 2, 1, 9, 2, 2, 3, 7, 1, 7, 10, 5, 5, 7, 1, 10]
(9.215267446782025, -20.28045783965373, 9.254170273854443, 5.884550918631016)
[2, 8, 10, 7, 6, 6, 5, 4, 7, 5, 2, 9, 4, 8, 10, 4, 10, 10, 2, 5, 2, 8, 2, 1, 9, 2, 2, 3, 7, 1, 7, 10, 5, 5, 7, 1, 10]
(9.215267446782025, -20.28045783965373, 9.254170273854443, 5.884550918631016)
[2, 8, 10, 7, 6, 6, 5, 4, 7, 5, 2, 9, 4, 8, 10, 4, 10, 10, 2, 5, 2, 8, 2, 1, 9, 2, 2, 3, 7, 1, 7, 10, 5, 5, 7, 1, 10]
(9.215267446782025, -20.28045783965373, 9.254170273854443, 5.884550918631016)
[2, 8, 10, 7, 6, 6, 5, 4, 7, 5, 2, 9, 4, 8, 10, 4, 10, 10, 2, 5, 2, 8, 2, 1, 9, 2, 2, 3, 7, 1, 7, 10, 5, 5, 7, 1, 10]
(9.215267446782025, -20.28045783965373, 9.254170273854443, 5.884550918631016)
[2, 8, 10, 7, 6, 6, 5, 4, 7, 5, 2, 9, 4, 8, 10, 4, 10, 10, 2, 5, 2, 8, 2, 1, 9, 2, 2, 3, 7, 1, 7, 10, 5, 5, 7, 1, 10]
(9.215267446782025, -20.28045783965373, 9.254170273854443, 5.884550918631016)
[2, 8, 10, 7, 6, 6, 3, 4, 7, 5, 2, 9, 4, 8, 10, 8, 10, 10, 2, 5, 2, 5, 2, 1, 9, 3, 2, 3, 7, 1, 7, 10, 5, 5, 7, 1, 10]
(7.957152128219604, -1.0617862450448712, -2.278022009907178, 5.884695446661277)
[2, 8, 10, 7, 6, 6, 3, 4, 7, 5, 2, 9, 4, 8, 10, 8, 10, 10, 2, 5, 2, 5, 2, 1, 9, 3, 2, 3, 7, 1, 7, 10, 5, 5, 7, 1, 10]
(7.957152128219604, -1.0617862450448712, -2.278022009907178, 5.884695446661277)
[2, 8, 10, 7, 6, 6, 5, 4, 7, 5, 2, 9, 4, 8, 10, 4, 10, 10, 2, 5, 2, 8, 2, 1, 9, 2, 2, 3, 7, 1, 7, 10, 5, 5, 7, 1, 10]
(9.08219605654699, -25.913433054358794, 9.190837281517025, 5.884838155820033)
[2, 7, 10, 9, 6, 4, 3, 3, 8, 5, 4, 9, 6, 9, 9, 5, 10, 10, 6, 5, 6, 9, 2, 1, 9, 3, 4, 3, 8, 1, 6, 10, 6, 3, 8, 2, 10]
(3.9167406109365412, 5.133477936425004, 7.72732551868723, 5.885302824473685)
[2, 7, 10, 9, 6, 4, 3, 3, 8, 5, 4, 9, 6, 9, 9, 5, 10, 10, 6, 5, 6, 9, 2, 1, 9, 3, 4, 3, 8, 1, 6, 10, 6, 3, 8, 2, 10]
(3.9167406109365412, 5.133477936425004, 7.72732551868723, 5.885302824473685)
[2, 7, 10, 9, 6, 4, 3, 3, 8, 5, 4, 9, 6, 9, 9, 5, 10, 10, 6, 5, 6, 9, 2, 1, 9, 3, 4, 3, 8, 1, 6, 10, 6, 3, 8, 2, 10]
(3.9167406109365412, 5.133477936425004, 7.72732551868723, 5.885302824473685)
[2, 7, 10, 9, 6, 4, 3, 3, 8, 5, 4, 9, 6, 9, 9, 5, 10, 10, 6, 5, 6, 9, 2, 1, 9, 3, 4, 3, 8, 1, 6, 10, 6, 3, 8, 2, 10]
(3.9167406109365412, 5.133477936425004, 7.72732551868723, 5.885302824473685)
[2, 7, 10, 9, 6, 6, 6, 3, 8, 5, 4, 9, 6, 8, 9, 5, 10, 10, 6, 5, 6, 9, 2, 1, 9, 3, 7, 3, 2, 4, 3, 10, 5, 3, 8, 1, 10]
(-12.03912402279748, -19.012606681253523, 11.180997924254045, 5.885608549353282)
[2, 7, 10, 9, 6, 6, 6, 3, 8, 5, 4, 9, 6, 8, 9, 5, 10, 10, 6, 5, 6, 9, 2, 1, 9, 3, 7, 3, 2, 4, 3, 10, 5, 3, 8, 1, 10]
(-12.03912402279748, -19.012606681253523, 11.180997924254045, 5.885608549353282)
[2, 7, 10, 9, 6, 4, 10, 3, 8, 5, 6, 9, 4, 7, 9, 5, 10, 10, 6, 5, 1, 9, 2, 1, 1, 2, 6, 5, 7, 9, 10, 10, 5, 3, 8, 2, 10]
(-8.02902161133261, 3.2332554086545064, 10.61716110641941, 5.8922004323496155)
[2, 7, 10, 9, 6, 4, 10, 3, 8, 5, 6, 9, 4, 7, 9, 5, 10, 10, 6, 5, 1, 9, 2, 1, 1, 2, 6, 5, 7, 9, 10, 10, 5, 3, 8, 2, 10]
(-8.02902161133261, 3.2332554086545064, 10.61716110641941, 5.8922004323496155)
[2, 8, 10, 7, 6, 6, 5, 4, 7, 5, 2, 9, 4, 8, 10, 4, 10, 10, 2, 5, 2, 8, 2, 1, 9, 2, 2, 3, 7, 1, 7, 10, 5, 5, 7, 1, 10]
(9.284451317085722, -30.968476859838173, 4.214706080892564, 5.894098205613591)
[2, 8, 10, 7, 6, 6, 5, 4, 7, 5, 2, 9, 4, 8, 10, 4, 10, 10, 2, 5, 2, 8, 2, 1, 9, 2, 2, 3, 7, 1, 7, 10, 5, 5, 7, 1, 10]
(9.284451317085722, -30.968476859838173, 4.214706080892564, 5.894098205613591)
[2, 8, 10, 7, 6, 6, 5, 4, 7, 5, 2, 9, 4, 8, 10, 4, 10, 10, 2, 5, 2, 8, 2, 1, 9, 2, 2, 3, 7, 1, 7, 10, 5, 5, 7, 1, 10]
(9.284451317085722, -30.968476859838173, 4.214706080892564, 5.894098205613591)
[2, 8, 10, 7, 6, 6, 5, 4, 7, 5, 2, 9, 4, 8, 10, 4, 10, 10, 2, 5, 2, 8, 2, 1, 9, 2, 2, 3, 7, 1, 7, 10, 5, 5, 7, 1, 10]
(9.284451317085722, -30.968476859838173, 4.214706080892564, 5.894098205613591)
[2, 8, 10, 7, 6, 6, 5, 4, 7, 5, 2, 9, 4, 8, 10, 4, 10, 10, 2, 5, 2, 8, 2, 1, 9, 2, 2, 3, 7, 1, 7, 10, 5, 5, 7, 1, 10]
(9.284451317085722, -30.968476859838173, 4.214706080892564, 5.894098205613591)
[2, 7, 10, 9, 6, 4, 3, 3, 8, 5, 4, 9, 6, 9, 9, 5, 10, 10, 6, 5, 6, 9, 2, 1, 9, 3, 4, 3, 7, 1, 4, 10, 6, 3, 8, 2, 10]
(-4.02945057285251, 5.299861278602632, 7.9402449515741385, 5.897319169653642)
[2, 7, 10, 9, 6, 4, 3, 3, 8, 5, 4, 9, 6, 9, 9, 5, 10, 10, 6, 5, 6, 9, 2, 1, 9, 3, 4, 3, 7, 1, 4, 10, 6, 3, 8, 2, 10]
(-4.02945057285251, 5.299861278602632, 7.9402449515741385, 5.897319169653642)
[2, 7, 10, 9, 6, 6, 6, 3, 8, 5, 4, 9, 6, 8, 9, 7, 10, 10, 5, 5, 6, 9, 6, 1, 9, 3, 4, 3, 2, 4, 9, 7, 5, 3, 8, 1, 10]
(11.480415558688222, -8.58610858626744, 3.389585138386499, 5.897701072381874)
[2, 7, 10, 9, 6, 6, 6, 3, 8, 5, 4, 9, 6, 8, 9, 7, 10, 10, 5, 5, 6, 9, 6, 1, 9, 3, 4, 3, 2, 4, 9, 7, 5, 3, 8, 1, 10]
(11.480415558688222, -8.58610858626744, 3.389585138386499, 5.897701072381874)
[2, 7, 10, 9, 6, 4, 10, 3, 8, 5, 6, 9, 4, 7, 9, 5, 10, 10, 6, 5, 1, 9, 2, 1, 1, 2, 6, 5, 7, 9, 10, 10, 5, 3, 8, 2, 10]
(0.8403554838143474, 3.5524409558044066, 9.552607190765707, 5.9016678250587224)
[2, 7, 10, 9, 6, 6, 6, 3, 8, 5, 4, 9, 6, 8, 9, 7, 10, 10, 5, 5, 6, 9, 6, 1, 9, 3, 4, 3, 2, 4, 4, 7, 5, 3, 8, 1, 10]
(4.9767344499558055, -4.206767790667902, 9.523142572277559, 5.914915712357619)
[2, 7, 10, 9, 6, 6, 6, 3, 8, 5, 4, 9, 6, 8, 9, 7, 10, 10, 5, 5, 6, 9, 6, 1, 9, 3, 4, 3, 2, 4, 4, 7, 5, 3, 8, 1, 10]
(9.98187926009773, -7.157135557274362, -1.6074285651519382, 5.918943738007262)
[2, 7, 10, 9, 6, 6, 6, 3, 8, 5, 4, 9, 6, 8, 9, 7, 10, 10, 5, 5, 6, 9, 6, 1, 9, 3, 4, 3, 2, 4, 4, 7, 5, 3, 8, 1, 10]
(9.98187926009773, -7.157135557274362, -1.6074285651519382, 5.918943738007262)
[2, 7, 10, 9, 6, 4, 3, 3, 8, 5, 4, 9, 6, 8, 9, 5, 10, 10, 6, 5, 6, 9, 2, 1, 9, 3, 4, 3, 7, 1, 7, 10, 6, 3, 8, 2, 10]
(-2.2097492418326534, 4.792959522116663, 8.679015124259436, 5.930560972342746)
[2, 7, 10, 9, 6, 4, 3, 3, 8, 5, 4, 9, 6, 8, 9, 5, 10, 10, 6, 5, 6, 9, 2, 1, 9, 3, 4, 3, 7, 1, 7, 10, 6, 3, 8, 2, 10]
(-2.2097492418326534, 4.792959522116663, 8.679015124259436, 5.930560972342746)
[2, 5, 10, 9, 6, 4, 10, 3, 8, 5, 4, 10, 6, 8, 9, 5, 10, 6, 2, 5, 6, 9, 2, 1, 10, 3, 4, 5, 3, 3, 5, 10, 6, 3, 8, 2, 10]
(0.5545804182347167, 5.586060790909357, 7.861359659062957, 5.932865778907799)
[2, 7, 10, 9, 6, 4, 10, 3, 7, 5, 6, 9, 4, 7, 9, 5, 10, 10, 6, 5, 6, 9, 2, 1, 1, 2, 6, 5, 7, 9, 10, 10, 5, 3, 8, 2, 10]
(7.8216208326759435, 2.917302249117386, 4.709448904625847, 5.936574713202069)
[2, 5, 10, 9, 6, 4, 10, 3, 8, 5, 4, 10, 6, 8, 9, 5, 10, 6, 2, 5, 6, 9, 2, 1, 9, 3, 4, 4, 2, 1, 4, 10, 5, 3, 8, 2, 10]
(6.543520376642435, 6.004574807016552, 4.7315040708649025, 5.957760678635322)
[2, 8, 10, 7, 6, 6, 5, 9, 7, 5, 2, 9, 6, 8, 8, 7, 10, 3, 2, 7, 3, 10, 2, 1, 9, 3, 4, 3, 2, 4, 4, 7, 5, 3, 8, 1, 10]
(4.330743449037425, 0.9261177334125779, 1.5841660196056693, 5.974401452825165)
[2, 8, 10, 7, 6, 6, 5, 4, 7, 5, 2, 3, 4, 8, 10, 8, 10, 10, 2, 5, 1, 5, 2, 1, 7, 3, 4, 3, 2, 2, 7, 10, 5, 5, 7, 1, 10]
(4.611852915200143, 3.2887244087263823, -0.7183684531583163, 5.981433498563578)
[2, 7, 10, 9, 6, 4, 10, 4, 7, 5, 2, 9, 4, 8, 10, 4, 10, 10, 2, 5, 2, 8, 2, 1, 9, 2, 9, 3, 7, 1, 7, 10, 5, 5, 7, 1, 10]
(-1.3007971522676602, 6.005502180198795, -0.49297850295122225, 5.9864765093406085)
[2, 7, 10, 9, 6, 4, 7, 4, 2, 5, 2, 10, 5, 8, 9, 9, 10, 10, 2, 5, 1, 7, 9, 1, 9, 3, 4, 3, 2, 4, 4, 10, 5, 3, 8, 2, 10]
(0.2506807723165253, 2.2473930598450313, 0.3182138942952237, 6.163883307178979)
[2, 1, 10, 7, 9, 6, 5, 4, 7, 6, 2, 8, 6, 10, 9, 7, 10, 10, 2, 1, 1, 10, 2, 1, 1, 5, 4, 5, 3, 8, 5, 10, 6, 6, 7, 1, 10]
(0.0011463139089755714, 4.766518029984878e-06, 4.772056083478566e-07, 6.2249173325086)
[2, 8, 2, 3, 6, 6, 5, 4, 7, 5, 2, 9, 6, 8, 3, 7, 10, 3, 2, 7, 3, 10, 2, 1, 9, 3, 4, 3, 2, 4, 4, 7, 5, 3, 8, 1, 10]
(0.0011248559683735948, 9.503454834028924e-06, 1.9006971650931618e-06, 6.22504127867666)
[2, 4, 3, 9, 6, 4, 10, 4, 2, 5, 2, 10, 6, 8, 9, 6, 10, 10, 3, 5, 10, 7, 2, 1, 3, 3, 4, 3, 2, 4, 4, 10, 5, 3, 8, 2, 10]
(0.001213073706412615, -4.7689909831477015e-05, 9.528425152447945e-07, 6.226371343151671)
[2, 4, 3, 9, 6, 4, 10, 4, 2, 5, 2, 10, 6, 8, 9, 6, 10, 10, 3, 5, 10, 7, 2, 1, 3, 3, 4, 3, 2, 4, 4, 10, 5, 3, 8, 2, 10]
(0.001213073706412615, -4.7689909831477015e-05, 9.528425152447945e-07, 6.226371343151671)
