[10, 7, 2, 10, 5, 7, 1, 8, 8, 1, 8, 8, 3, 3, 9, 1, 5, 6, 2, 1, 6, 10, 10, 4, 1, 4, 9, 8, 5, 2, 6, 8, 5, 3, 8, 1, 10]
(-2.6667569678066223, 2.4463312087005127, -0.8302501254248182, 5.514565246814792)
[10, 7, 2, 10, 5, 7, 1, 8, 8, 1, 8, 8, 3, 3, 9, 1, 5, 6, 2, 1, 6, 10, 10, 4, 1, 4, 9, 8, 5, 2, 6, 8, 5, 3, 8, 1, 10]
(-2.6667569678066223, 2.4463312087005127, -0.8302501254248182, 5.514565246814792)
[10, 3, 2, 5, 5, 7, 1, 6, 2, 8, 9, 8, 4, 1, 10, 10, 5, 8, 3, 1, 6, 10, 10, 4, 1, 4, 9, 8, 5, 2, 6, 8, 5, 1, 8, 1, 9]
(-2.194508558857023, -3.210067688410443, -0.5570515868660674, 5.543735447067226)
[10, 3, 2, 5, 5, 7, 1, 6, 2, 8, 9, 8, 4, 1, 10, 10, 5, 8, 3, 1, 6, 10, 10, 4, 1, 4, 9, 8, 5, 2, 6, 8, 5, 1, 8, 1, 9]
(-2.194508558857023, -3.210067688410443, -0.5570515868660674, 5.543735447067226)
[10, 3, 2, 5, 5, 7, 1, 6, 2, 8, 9, 8, 4, 1, 10, 10, 5, 8, 3, 1, 6, 10, 10, 4, 1, 4, 9, 8, 5, 2, 6, 8, 5, 1, 8, 1, 9]
(-2.194508558857023, -3.210067688410443, -0.5570515868660674, 5.543735447067226)
[10, 3, 2, 5, 5, 7, 1, 6, 2, 8, 9, 8, 4, 1, 10, 10, 5, 8, 3, 1, 6, 10, 10, 4, 1, 4, 9, 8, 5, 2, 6, 8, 5, 1, 8, 1, 9]
(-2.194508558857023, -3.210067688410443, -0.5570515868660674, 5.543735447067226)
[10, 3, 2, 5, 5, 7, 1, 6, 2, 8, 9, 8, 4, 9, 10, 10, 5, 8, 5, 1, 6, 7, 10, 4, 1, 1, 4, 4, 4, 6, 4, 7, 6, 1, 8, 1, 9]
(10.126382348147265, 2.147074848096689, 10.31412220471937, 5.594012237603282)
[10, 3, 2, 5, 5, 7, 1, 6, 2, 8, 9, 8, 4, 9, 10, 10, 5, 8, 5, 1, 6, 7, 10, 4, 1, 1, 4, 4, 4, 6, 4, 7, 6, 1, 8, 1, 9]
(10.126382348147265, 2.147074848096689, 10.31412220471937, 5.594012237603282)
[10, 3, 2, 5, 5, 7, 1, 6, 2, 8, 9, 8, 4, 9, 10, 10, 5, 8, 5, 1, 6, 7, 10, 4, 1, 1, 4, 4, 4, 6, 4, 7, 6, 1, 8, 1, 9]
(10.126382348147265, 2.147074848096689, 10.31412220471937, 5.594012237603282)
[10, 3, 2, 5, 5, 7, 1, 6, 2, 8, 9, 8, 4, 9, 10, 10, 5, 8, 5, 1, 6, 7, 10, 4, 1, 1, 4, 4, 4, 6, 4, 7, 6, 1, 8, 1, 9]
(10.126382348147265, 2.147074848096689, 10.31412220471937, 5.594012237603282)
[10, 3, 2, 5, 5, 7, 1, 6, 2, 8, 9, 8, 4, 9, 10, 10, 5, 8, 5, 1, 6, 7, 10, 4, 1, 1, 4, 4, 4, 6, 4, 7, 6, 1, 8, 1, 9]
(10.126382348147265, 2.147074848096689, 10.31412220471937, 5.594012237603282)
[10, 3, 2, 5, 5, 7, 1, 6, 2, 8, 9, 8, 4, 9, 10, 10, 5, 8, 5, 1, 6, 7, 10, 4, 1, 1, 4, 4, 4, 6, 4, 7, 6, 1, 8, 1, 9]
(10.126382348147265, 2.147074848096689, 10.31412220471937, 5.594012237603282)
[10, 3, 2, 5, 5, 7, 1, 6, 2, 8, 9, 8, 4, 9, 10, 10, 5, 8, 5, 1, 6, 7, 10, 4, 1, 1, 4, 4, 4, 6, 4, 7, 6, 1, 8, 1, 9]
(10.126382348147265, 2.147074848096689, 10.31412220471937, 5.594012237603282)
[10, 3, 2, 5, 5, 7, 1, 6, 2, 8, 9, 8, 4, 9, 10, 10, 5, 8, 5, 1, 6, 7, 10, 4, 1, 1, 4, 4, 4, 6, 4, 7, 6, 1, 8, 1, 9]
(10.126382348147265, 2.147074848096689, 10.31412220471937, 5.594012237603282)
[10, 3, 2, 5, 5, 7, 1, 6, 2, 8, 9, 8, 4, 9, 10, 10, 5, 8, 5, 1, 6, 7, 10, 4, 1, 1, 4, 4, 4, 6, 4, 7, 6, 1, 8, 1, 9]
(10.126382348147265, 2.147074848096689, 10.31412220471937, 5.594012237603282)
[10, 3, 2, 5, 5, 7, 1, 6, 2, 8, 9, 8, 4, 9, 10, 10, 5, 8, 5, 1, 6, 7, 10, 4, 1, 1, 4, 4, 4, 6, 4, 7, 6, 1, 8, 1, 9]
(10.126382348147265, 2.147074848096689, 10.31412220471937, 5.594012237603282)
[10, 3, 2, 5, 5, 7, 1, 6, 2, 8, 9, 8, 4, 9, 10, 10, 5, 8, 5, 1, 6, 7, 10, 4, 1, 1, 4, 4, 4, 6, 4, 7, 4, 1, 8, 1, 9]
(7.607479636109883, 2.1110674362670805, 10.526476330829345, 5.597490037084751)
[10, 3, 2, 5, 5, 7, 1, 6, 2, 8, 9, 8, 4, 9, 10, 10, 5, 8, 5, 1, 6, 7, 10, 4, 1, 1, 4, 4, 4, 6, 4, 7, 4, 1, 8, 1, 9]
(7.607479636109883, 2.1110674362670805, 10.526476330829345, 5.597490037084751)
[10, 3, 2, 5, 5, 7, 1, 6, 2, 8, 9, 8, 4, 9, 10, 10, 5, 8, 5, 1, 6, 7, 10, 4, 1, 1, 4, 4, 4, 6, 4, 7, 4, 1, 8, 1, 9]
(7.607479636109883, 2.1110674362670805, 10.526476330829345, 5.597490037084751)
[10, 3, 2, 5, 5, 7, 1, 6, 2, 8, 9, 8, 4, 9, 10, 10, 5, 8, 5, 1, 6, 7, 10, 4, 1, 1, 4, 4, 4, 6, 4, 7, 6, 1, 8, 1, 9]
(10.126382348147265, 2.147074848096689, 10.31412220471937, 5.594012237603282)
[10, 3, 2, 5, 5, 7, 1, 6, 2, 8, 9, 8, 4, 9, 10, 10, 5, 8, 5, 1, 6, 7, 10, 4, 1, 1, 4, 4, 4, 6, 4, 7, 6, 1, 8, 1, 9]
(10.126382348147265, 2.147074848096689, 10.31412220471937, 5.594012237603282)
[10, 3, 2, 5, 5, 7, 1, 6, 2, 8, 9, 8, 4, 9, 10, 10, 5, 8, 5, 1, 6, 7, 10, 4, 1, 1, 4, 4, 4, 6, 4, 7, 4, 1, 8, 1, 9]
(7.607479636109883, 2.1110674362670805, 10.526476330829345, 5.597490037084751)
[10, 3, 2, 5, 5, 7, 1, 6, 2, 8, 9, 8, 4, 9, 9, 8, 5, 8, 5, 3, 6, 7, 10, 4, 1, 6, 4, 4, 4, 6, 4, 8, 6, 1, 8, 1, 9]
(-0.2957648702942617, 0.7795427906465968, 9.044871973499735, 5.607808986263278)
[10, 3, 2, 5, 5, 7, 1, 6, 2, 8, 9, 8, 4, 9, 9, 8, 5, 8, 5, 3, 6, 7, 10, 4, 1, 6, 4, 4, 4, 6, 4, 8, 6, 1, 8, 1, 9]
(-0.2957648702942617, 0.7795427906465968, 9.044871973499735, 5.607808986263278)
[10, 3, 2, 5, 5, 7, 1, 6, 2, 8, 9, 8, 4, 9, 10, 10, 5, 8, 5, 1, 6, 7, 10, 5, 1, 1, 4, 4, 4, 6, 4, 7, 6, 1, 8, 1, 9]
(6.232323242537675, -17.516464843929235, 9.046023610925998, 5.612844581226164)
[10, 3, 2, 5, 5, 7, 1, 6, 2, 7, 9, 8, 4, 9, 10, 10, 5, 8, 5, 6, 6, 7, 10, 4, 1, 1, 4, 4, 4, 6, 4, 7, 6, 1, 8, 1, 9]
(3.1682151640618086, 0.6357043091064614, 10.137171536790673, 5.613771561373952)
[10, 3, 2, 5, 5, 7, 1, 6, 2, 7, 9, 8, 4, 9, 10, 10, 5, 8, 5, 6, 6, 7, 10, 4, 1, 1, 4, 4, 4, 6, 4, 7, 6, 1, 8, 1, 9]
(3.1682151640618086, 0.6357043091064614, 10.137171536790673, 5.613771561373952)
[10, 3, 2, 5, 5, 7, 1, 6, 2, 7, 9, 8, 4, 9, 10, 10, 5, 8, 5, 6, 6, 7, 10, 4, 1, 1, 4, 4, 4, 6, 4, 7, 6, 1, 8, 1, 9]
(3.1682151640618086, 0.6357043091064614, 10.137171536790673, 5.613771561373952)
[10, 3, 2, 5, 5, 7, 1, 6, 2, 8, 9, 8, 4, 9, 9, 8, 5, 8, 5, 3, 6, 7, 10, 4, 1, 1, 4, 4, 4, 6, 4, 3, 9, 1, 8, 1, 9]
(6.7938988738313135, -1.8118465650469169, 9.614645140425031, 5.612449248826)
[10, 3, 2, 5, 5, 7, 1, 6, 2, 8, 9, 8, 4, 9, 9, 8, 5, 8, 5, 3, 6, 7, 10, 4, 1, 1, 4, 4, 4, 6, 4, 3, 9, 1, 8, 1, 9]
(6.7938988738313135, -1.8118465650469169, 9.614645140425031, 5.612449248826)
[10, 3, 2, 5, 5, 7, 1, 6, 2, 7, 9, 8, 4, 9, 10, 10, 5, 8, 5, 6, 6, 7, 10, 4, 1, 1, 4, 4, 4, 6, 4, 7, 6, 1, 8, 1, 9]
(3.1682151640618086, 0.6357043091064614, 10.137171536790673, 5.613771561373952)
[10, 3, 2, 5, 5, 7, 1, 6, 2, 8, 9, 8, 4, 9, 10, 10, 5, 8, 5, 1, 6, 7, 10, 4, 1, 1, 9, 4, 5, 6, 4, 7, 6, 1, 8, 1, 9]
(7.150531274123931, -6.304215814800202, 9.058284073238054, 5.617574327870585)
[10, 3, 2, 5, 5, 7, 1, 6, 2, 8, 9, 8, 4, 9, 10, 10, 5, 8, 5, 1, 6, 7, 10, 4, 1, 1, 9, 4, 5, 6, 4, 7, 6, 1, 8, 1, 9]
(7.150531274123931, -6.304215814800202, 9.058284073238054, 5.617574327870585)
[10, 3, 2, 5, 5, 7, 1, 6, 2, 8, 9, 8, 4, 9, 10, 10, 5, 8, 5, 1, 6, 7, 10, 4, 1, 1, 9, 4, 5, 6, 4, 7, 6, 1, 8, 1, 9]
(7.150531274123931, -6.304215814800202, 9.058284073238054, 5.617574327870585)
[10, 3, 2, 5, 5, 7, 1, 6, 2, 8, 9, 8, 4, 9, 10, 10, 5, 8, 5, 1, 6, 7, 10, 4, 1, 1, 9, 4, 5, 6, 4, 7, 6, 1, 8, 1, 9]
(7.150531274123931, -6.304215814800202, 9.058284073238054, 5.617574327870585)
[10, 7, 2, 10, 5, 7, 1, 8, 5, 7, 8, 10, 3, 3, 7, 8, 5, 8, 5, 1, 6, 7, 3, 4, 1, 1, 6, 4, 4, 4, 10, 8, 5, 3, 8, 1, 10]
(-4.4571873529025225, -62.05283496591815, 13.674781453075829, 5.642260175752042)
[10, 7, 2, 10, 5, 7, 1, 8, 5, 7, 8, 10, 3, 3, 7, 8, 5, 8, 5, 1, 6, 7, 3, 4, 1, 1, 6, 4, 4, 4, 10, 8, 5, 3, 8, 1, 10]
(-4.4571873529025225, -62.05283496591815, 13.674781453075829, 5.642260175752042)
[10, 7, 2, 10, 5, 7, 1, 8, 5, 7, 8, 10, 3, 3, 7, 8, 5, 8, 5, 1, 6, 7, 3, 4, 1, 1, 6, 4, 4, 4, 10, 8, 5, 3, 8, 1, 10]
(-4.4571873529025225, -62.05283496591815, 13.674781453075829, 5.642260175752042)
[10, 7, 2, 10, 5, 7, 1, 8, 5, 7, 8, 10, 3, 3, 7, 8, 5, 8, 5, 1, 6, 7, 3, 4, 1, 1, 6, 4, 4, 4, 10, 8, 5, 3, 8, 1, 10]
(-4.4571873529025225, -62.05283496591815, 13.674781453075829, 5.642260175752042)
[10, 7, 2, 10, 5, 7, 1, 8, 5, 7, 8, 8, 3, 3, 7, 8, 5, 8, 5, 1, 6, 7, 3, 4, 1, 1, 6, 3, 4, 3, 10, 8, 5, 3, 8, 1, 10]
(-12.124372548062818, -58.772242756760384, 12.790283598257455, 5.669361581017199)
[10, 7, 2, 10, 5, 7, 1, 8, 8, 1, 8, 8, 3, 3, 9, 1, 5, 8, 2, 1, 6, 10, 10, 4, 1, 4, 9, 8, 5, 2, 6, 8, 5, 3, 8, 1, 10]
(-15.476651197536727, -0.024116883589096395, 0.7979839536191533, 5.641112923167069)
[10, 7, 2, 10, 5, 7, 1, 8, 8, 1, 8, 8, 3, 3, 9, 1, 5, 8, 2, 1, 6, 10, 10, 4, 1, 4, 9, 8, 5, 2, 6, 8, 5, 3, 8, 1, 10]
(-15.476651197536727, -0.024116883589096395, 0.7979839536191533, 5.641112923167069)
[10, 7, 2, 10, 5, 7, 1, 8, 8, 1, 8, 8, 3, 3, 9, 1, 5, 8, 2, 1, 6, 10, 10, 4, 1, 4, 9, 8, 5, 2, 6, 8, 5, 3, 8, 1, 10]
(-15.476651197536727, -0.024116883589096395, 0.7979839536191533, 5.641112923167069)
[10, 7, 2, 10, 5, 7, 1, 8, 8, 1, 8, 8, 3, 3, 9, 1, 5, 8, 2, 1, 6, 10, 10, 4, 1, 4, 9, 8, 5, 2, 6, 8, 5, 3, 8, 1, 10]
(-15.476651197536727, -0.024116883589096395, 0.7979839536191533, 5.641112923167069)
[10, 7, 2, 10, 5, 7, 1, 8, 3, 1, 8, 8, 3, 3, 9, 1, 5, 8, 2, 1, 6, 10, 10, 4, 1, 4, 9, 8, 5, 2, 6, 8, 5, 3, 8, 1, 10]
(9.825445702287837, 2.1941920580538468, -1.0979957769672608, 5.6835183830207745)
[10, 7, 2, 10, 5, 7, 1, 8, 3, 1, 8, 8, 3, 3, 9, 1, 5, 8, 2, 1, 6, 10, 10, 4, 1, 4, 9, 8, 5, 2, 6, 8, 5, 3, 8, 1, 10]
(9.825445702287837, 2.1941920580538468, -1.0979957769672608, 5.6835183830207745)
[10, 7, 2, 10, 5, 7, 1, 8, 3, 1, 8, 8, 3, 3, 9, 1, 5, 8, 2, 1, 6, 10, 10, 4, 1, 4, 9, 8, 5, 2, 6, 8, 5, 3, 8, 1, 10]
(9.825445702287837, 2.1941920580538468, -1.0979957769672608, 5.6835183830207745)
[10, 7, 2, 10, 5, 7, 1, 7, 5, 7, 8, 10, 3, 3, 7, 10, 5, 8, 5, 1, 6, 7, 10, 4, 1, 1, 4, 4, 4, 6, 4, 7, 6, 1, 8, 1, 10]
(8.831520907783851, -26.554314814353646, 11.271479619392288, 5.710493052966209)
[10, 7, 2, 10, 5, 7, 1, 7, 5, 7, 8, 10, 3, 3, 7, 10, 5, 8, 5, 1, 6, 10, 10, 4, 1, 1, 4, 4, 4, 6, 4, 7, 6, 1, 8, 1, 10]
(2.9833129581629696, -60.41104196666167, 1.8443882289966975, 5.722461977309789)
[10, 7, 2, 10, 5, 7, 1, 8, 8, 1, 8, 8, 3, 3, 9, 1, 5, 8, 3, 1, 6, 10, 10, 4, 1, 4, 9, 4, 4, 2, 10, 8, 5, 3, 8, 1, 10]
(-0.3411752180489156, 2.159547399814736, 0.6892882889235574, 5.744914912329345)
[10, 7, 2, 10, 5, 7, 1, 8, 8, 1, 8, 8, 3, 3, 9, 1, 5, 8, 3, 1, 6, 10, 10, 4, 1, 4, 9, 4, 4, 2, 10, 8, 5, 3, 8, 1, 10]
(-0.3411752180489156, 2.159547399814736, 0.6892882889235574, 5.744914912329345)
[10, 7, 2, 10, 5, 7, 1, 10, 8, 1, 9, 8, 3, 3, 9, 1, 6, 8, 5, 1, 6, 10, 10, 4, 1, 1, 9, 3, 4, 2, 10, 8, 5, 3, 9, 1, 10]
(3.612679083299332, -9.30281573186669, -6.592229916069449, 5.743711139726639)
[10, 7, 2, 10, 5, 7, 1, 10, 8, 1, 9, 8, 3, 3, 9, 1, 6, 8, 5, 1, 6, 10, 10, 4, 1, 1, 9, 3, 4, 2, 10, 8, 5, 3, 9, 1, 10]
(3.612679083299332, -9.30281573186669, -6.592229916069449, 5.743711139726639)
[10, 7, 2, 10, 5, 7, 1, 8, 8, 1, 8, 8, 3, 3, 9, 1, 5, 8, 5, 1, 6, 10, 10, 4, 1, 1, 9, 6, 4, 7, 8, 8, 5, 3, 8, 6, 10]
(4.669135233240004, 2.3968214215966035, 2.7107760416454965, 5.7717934426254995)
[10, 7, 2, 10, 5, 7, 1, 6, 10, 8, 9, 8, 4, 9, 9, 8, 5, 8, 5, 3, 6, 10, 10, 4, 1, 4, 9, 8, 5, 2, 6, 4, 4, 3, 8, 1, 10]
(4.91357674680147, 1.072243033606889, 0.9960046153507616, 5.781636238075331)
[10, 7, 2, 10, 5, 7, 1, 6, 2, 3, 7, 8, 10, 9, 10, 8, 6, 7, 5, 1, 6, 10, 10, 4, 1, 1, 9, 4, 4, 2, 10, 8, 5, 3, 8, 1, 10]
(10.922359362223462, -1.6845669192777857, -0.8961788768447922, 5.813564805377474)
[10, 7, 2, 10, 5, 7, 1, 6, 2, 3, 7, 8, 10, 9, 10, 8, 6, 7, 5, 1, 6, 10, 10, 4, 1, 1, 9, 4, 4, 2, 10, 8, 5, 3, 8, 1, 10]
(10.922359362223462, -1.6845669192777857, -0.8961788768447922, 5.813564805377474)
[10, 7, 2, 10, 5, 7, 1, 6, 2, 3, 7, 8, 10, 9, 10, 8, 6, 7, 5, 1, 6, 10, 10, 4, 1, 1, 9, 4, 4, 2, 10, 8, 5, 3, 8, 1, 10]
(10.922359362223462, -1.6845669192777857, -0.8961788768447922, 5.813564805377474)
[10, 7, 2, 10, 5, 7, 1, 8, 2, 8, 9, 9, 3, 3, 9, 1, 6, 6, 5, 5, 6, 7, 3, 4, 1, 1, 6, 3, 4, 3, 10, 8, 5, 3, 8, 1, 10]
(4.251450398414775, -101.20999547275832, 10.262146380135029, 5.821255886742818)
[10, 7, 2, 10, 5, 7, 1, 10, 8, 1, 9, 8, 3, 3, 9, 1, 5, 8, 5, 1, 6, 10, 10, 4, 1, 1, 9, 3, 4, 2, 10, 8, 5, 3, 8, 1, 10]
(0.3515182180555758, -16.551198072761093, 4.090856285411893, 5.838048557632512)
[10, 7, 2, 10, 5, 7, 1, 10, 8, 1, 9, 8, 3, 3, 9, 1, 5, 8, 5, 1, 6, 10, 10, 4, 1, 1, 9, 3, 4, 2, 10, 8, 5, 3, 8, 1, 10]
(0.3515182180555758, -16.551198072761093, 4.090856285411893, 5.838048557632512)
[10, 7, 2, 10, 5, 7, 1, 10, 8, 1, 9, 8, 3, 3, 9, 1, 5, 8, 5, 1, 6, 10, 10, 4, 1, 1, 9, 3, 4, 2, 10, 8, 5, 3, 8, 1, 10]
(0.3515182180555758, -16.551198072761093, 4.090856285411893, 5.838048557632512)
[10, 7, 2, 10, 5, 7, 1, 10, 8, 1, 9, 8, 3, 3, 9, 1, 5, 8, 5, 1, 6, 10, 10, 4, 1, 1, 9, 3, 4, 2, 10, 8, 5, 3, 8, 1, 10]
(0.3515182180555758, -16.551198072761093, 4.090856285411893, 5.838048557632512)
[10, 7, 2, 10, 5, 7, 1, 10, 8, 1, 9, 8, 3, 3, 9, 1, 5, 8, 5, 1, 6, 10, 10, 4, 1, 1, 9, 3, 4, 2, 10, 8, 5, 3, 8, 1, 10]
(0.3515182180555758, -16.551198072761093, 4.090856285411893, 5.838048557632512)
[10, 7, 2, 10, 5, 7, 1, 10, 8, 1, 9, 8, 3, 3, 9, 1, 5, 8, 5, 1, 6, 10, 10, 4, 1, 1, 9, 4, 4, 2, 10, 8, 5, 3, 8, 1, 10]
(5.039053085847803, -19.172578887260567, 9.325751566601769, 5.8401841799254175)
[10, 7, 2, 10, 5, 7, 1, 10, 8, 1, 9, 8, 3, 3, 9, 1, 6, 8, 5, 1, 6, 10, 10, 4, 1, 1, 9, 4, 4, 2, 10, 8, 5, 3, 8, 1, 10]
(1.4366874281824469, -18.425279997886737, 5.788555380534131, 5.843694693638434)
[10, 7, 2, 10, 5, 7, 1, 10, 8, 1, 9, 8, 3, 3, 9, 1, 6, 8, 5, 1, 6, 10, 10, 4, 1, 1, 9, 4, 4, 2, 10, 8, 5, 3, 8, 1, 10]
(1.4366874281824469, -18.425279997886737, 5.788555380534131, 5.843694693638434)
[10, 7, 2, 10, 5, 7, 1, 10, 8, 1, 9, 8, 3, 3, 9, 1, 6, 8, 5, 1, 6, 10, 10, 4, 1, 1, 9, 4, 4, 2, 10, 8, 5, 3, 8, 1, 10]
(1.4366874281824469, -18.425279997886737, 5.788555380534131, 5.843694693638434)
[10, 7, 2, 10, 5, 7, 1, 10, 8, 1, 9, 8, 3, 3, 9, 1, 6, 8, 5, 1, 6, 10, 10, 4, 1, 1, 9, 4, 4, 2, 10, 8, 5, 3, 8, 1, 10]
(1.4366874281824469, -18.425279997886737, 5.788555380534131, 5.843694693638434)
[10, 7, 2, 10, 5, 7, 1, 10, 8, 1, 9, 8, 3, 3, 9, 1, 6, 8, 5, 1, 6, 10, 10, 4, 1, 1, 9, 4, 4, 2, 10, 8, 5, 3, 8, 1, 10]
(1.4366874281824469, -18.425279997886737, 5.788555380534131, 5.843694693638434)
[10, 7, 2, 10, 5, 7, 1, 10, 8, 1, 9, 8, 3, 3, 9, 1, 6, 8, 5, 1, 6, 10, 10, 4, 1, 1, 9, 3, 4, 2, 10, 8, 5, 3, 8, 1, 10]
(4.3603913846534885, -20.539242281766267, 5.398567591479813, 5.849076180266551)
[10, 7, 2, 10, 5, 7, 1, 10, 8, 1, 9, 8, 3, 3, 9, 1, 6, 8, 5, 1, 6, 10, 10, 4, 1, 1, 9, 3, 4, 2, 10, 8, 5, 3, 8, 1, 10]
(4.3603913846534885, -20.539242281766267, 5.398567591479813, 5.849076180266551)
[10, 7, 2, 10, 5, 7, 1, 10, 8, 1, 9, 8, 3, 3, 9, 1, 6, 8, 5, 1, 6, 10, 10, 4, 1, 1, 9, 3, 4, 2, 10, 8, 5, 3, 8, 1, 10]
(4.3603913846534885, -20.539242281766267, 5.398567591479813, 5.849076180266551)
[10, 7, 2, 10, 5, 7, 1, 10, 8, 1, 9, 8, 3, 3, 9, 1, 6, 8, 5, 1, 6, 10, 10, 4, 1, 1, 9, 3, 4, 2, 10, 8, 5, 3, 8, 1, 10]
(4.3603913846534885, -20.539242281766267, 5.398567591479813, 5.849076180266551)
[10, 7, 2, 10, 5, 7, 1, 10, 8, 1, 9, 8, 3, 3, 9, 1, 6, 8, 5, 1, 6, 10, 10, 4, 1, 1, 9, 3, 4, 2, 10, 8, 5, 3, 8, 1, 10]
(4.3603913846534885, -20.539242281766267, 5.398567591479813, 5.849076180266551)
[10, 7, 2, 10, 5, 7, 1, 10, 8, 1, 9, 8, 3, 3, 9, 1, 5, 8, 5, 1, 6, 10, 10, 4, 1, 1, 9, 3, 4, 2, 10, 8, 5, 3, 8, 1, 10]
(0.3515182180555758, -16.551198072761093, 4.090856285411893, 5.838048557632512)
[10, 7, 2, 10, 5, 7, 1, 10, 8, 1, 3, 8, 3, 3, 9, 1, 6, 8, 5, 1, 6, 10, 10, 4, 5, 1, 9, 3, 4, 2, 10, 8, 5, 3, 8, 1, 10]
(3.7880736326404083, -7.566865709382492, 5.624432717290644, 5.859785473710662)
[10, 3, 2, 5, 5, 7, 1, 6, 2, 10, 9, 8, 4, 9, 9, 8, 5, 8, 5, 6, 6, 7, 10, 4, 4, 9, 9, 1, 3, 2, 4, 4, 6, 2, 8, 1, 10]
(6.943731149665426, 2.4714576840263227, 6.859328549195352, 5.8749186150850985)
[10, 3, 2, 5, 5, 7, 1, 6, 2, 10, 9, 8, 4, 9, 9, 8, 5, 8, 5, 6, 6, 7, 10, 4, 4, 9, 9, 1, 3, 2, 4, 4, 6, 2, 8, 1, 10]
(6.943731149665426, 2.4714576840263227, 6.859328549195352, 5.8749186150850985)
[10, 3, 2, 5, 5, 7, 1, 6, 2, 10, 9, 8, 4, 9, 9, 8, 5, 8, 5, 6, 6, 7, 10, 4, 4, 9, 9, 1, 3, 2, 4, 4, 6, 2, 8, 1, 10]
(6.943731149665426, 2.4714576840263227, 6.859328549195352, 5.8749186150850985)
[10, 7, 2, 10, 5, 7, 1, 10, 8, 1, 8, 8, 3, 3, 9, 1, 5, 8, 5, 1, 6, 10, 10, 8, 1, 4, 9, 5, 5, 2, 10, 8, 5, 3, 8, 1, 10]
(11.741368166593706, -21.500292263647783, 3.0709927008436404, 5.895294641364069)
[10, 7, 2, 5, 5, 7, 1, 6, 2, 8, 9, 8, 4, 9, 9, 8, 5, 8, 5, 3, 6, 10, 10, 4, 1, 4, 9, 8, 5, 2, 6, 4, 5, 3, 8, 1, 10]
(11.071101860233465, 2.8020024709829183, -2.7580049709770913, 5.893509831082038)
[10, 7, 2, 5, 5, 7, 1, 6, 2, 8, 9, 8, 4, 9, 9, 8, 5, 8, 5, 3, 6, 10, 10, 4, 1, 4, 9, 8, 5, 2, 6, 4, 5, 3, 8, 1, 10]
(11.071101860233465, 2.8020024709829183, -2.7580049709770913, 5.893509831082038)
[10, 7, 2, 10, 5, 7, 5, 8, 8, 1, 4, 8, 4, 1, 10, 1, 3, 8, 5, 3, 6, 10, 10, 4, 1, 4, 9, 8, 4, 2, 6, 9, 10, 3, 8, 1, 10]
(4.64740432519302, 5.684114126284799, 3.21087786085617, 5.897826419416905)
[10, 7, 2, 10, 5, 7, 5, 8, 8, 1, 4, 8, 4, 1, 10, 1, 3, 8, 5, 3, 6, 10, 10, 4, 1, 4, 9, 8, 4, 2, 6, 9, 10, 3, 8, 1, 10]
(4.64740432519302, 5.684114126284799, 3.21087786085617, 5.897826419416905)
[10, 7, 2, 10, 5, 7, 1, 8, 8, 1, 8, 8, 3, 3, 9, 1, 5, 8, 5, 1, 6, 7, 10, 4, 1, 1, 4, 4, 4, 4, 10, 8, 5, 1, 8, 1, 10]
(5.089142219540194, -33.879190567203494, 9.919564194374507, 5.9073806303271175)
[10, 7, 2, 10, 5, 7, 1, 8, 8, 1, 8, 8, 3, 3, 9, 1, 5, 8, 5, 1, 6, 7, 10, 4, 1, 1, 4, 4, 4, 4, 10, 8, 5, 1, 8, 1, 10]
(5.089142219540194, -33.879190567203494, 9.919564194374507, 5.9073806303271175)
[10, 7, 2, 10, 5, 7, 1, 8, 8, 1, 8, 8, 3, 3, 9, 1, 5, 8, 5, 1, 6, 7, 10, 4, 1, 1, 4, 4, 4, 4, 10, 8, 5, 1, 8, 1, 10]
(5.089142219540194, -33.879190567203494, 9.919564194374507, 5.9073806303271175)
[10, 7, 2, 10, 5, 7, 1, 8, 8, 1, 8, 8, 3, 3, 9, 1, 5, 8, 5, 1, 6, 7, 10, 4, 1, 1, 4, 4, 4, 4, 10, 8, 5, 1, 8, 1, 10]
(5.089142219540194, -33.879190567203494, 9.919564194374507, 5.9073806303271175)
[10, 7, 2, 10, 5, 7, 1, 8, 8, 1, 8, 8, 3, 3, 9, 1, 5, 8, 5, 1, 6, 7, 10, 4, 1, 1, 4, 4, 4, 4, 10, 8, 5, 1, 8, 1, 10]
(5.089142219540194, -33.879190567203494, 9.919564194374507, 5.9073806303271175)
[10, 3, 2, 5, 5, 7, 1, 2, 2, 7, 9, 8, 4, 9, 10, 10, 5, 8, 5, 6, 6, 7, 10, 4, 1, 1, 4, 4, 4, 6, 4, 7, 6, 1, 8, 1, 10]
(2.158547549125057, -0.555121940938649, 4.66254442462437, 5.876499416034503)
[10, 7, 2, 10, 5, 7, 1, 8, 8, 1, 8, 8, 3, 3, 9, 1, 6, 8, 5, 1, 6, 10, 10, 4, 1, 1, 9, 4, 4, 2, 10, 8, 5, 3, 8, 1, 10]
(9.952609909872805, -12.825134564575897, 5.617055586008677, 5.889189996891575)
[10, 7, 2, 10, 5, 7, 1, 8, 8, 1, 8, 8, 3, 3, 9, 1, 6, 8, 5, 1, 6, 10, 10, 4, 1, 1, 9, 4, 4, 2, 10, 8, 5, 3, 8, 1, 10]
(9.952609909872805, -12.825134564575897, 5.617055586008677, 5.889189996891575)
[10, 7, 2, 10, 5, 7, 1, 8, 8, 1, 8, 8, 3, 3, 9, 1, 6, 8, 5, 1, 6, 10, 10, 4, 1, 1, 9, 4, 4, 2, 10, 8, 5, 3, 8, 1, 10]
(9.952609909872805, -12.825134564575897, 5.617055586008677, 5.889189996891575)
[10, 7, 3, 10, 5, 7, 1, 7, 9, 7, 8, 9, 3, 3, 7, 8, 5, 8, 5, 8, 2, 5, 4, 3, 1, 10, 1, 3, 9, 2, 9, 5, 6, 1, 10, 2, 9]
(-0.5566113878157917, -2.0119751822237353, -2.2619292606416628, 5.873795473662851)
[10, 3, 2, 5, 5, 7, 1, 6, 2, 3, 7, 8, 10, 9, 10, 8, 6, 8, 5, 1, 6, 10, 10, 4, 1, 1, 9, 3, 8, 7, 8, 9, 9, 1, 7, 1, 9]
(-4.090201214688022, 6.025632731123505, 3.4966581016126477, 5.9076971329699735)
[10, 3, 2, 5, 5, 7, 1, 6, 2, 3, 7, 8, 10, 9, 10, 8, 6, 8, 5, 1, 6, 10, 10, 4, 1, 1, 9, 3, 8, 7, 8, 9, 9, 1, 7, 1, 9]
(-4.090201214688022, 6.025632731123505, 3.4966581016126477, 5.9076971329699735)
[10, 7, 2, 10, 5, 7, 1, 8, 8, 1, 8, 8, 3, 3, 9, 1, 5, 8, 5, 1, 6, 7, 10, 4, 1, 1, 4, 4, 8, 4, 10, 8, 5, 1, 8, 1, 10]
(5.633054771550817, -6.567022277706482, -8.37558767257858, 5.916551109229502)
[10, 7, 2, 10, 5, 7, 1, 8, 8, 1, 8, 8, 3, 3, 9, 1, 5, 8, 5, 1, 6, 7, 10, 4, 1, 1, 4, 4, 4, 4, 10, 8, 5, 1, 8, 1, 10]
(5.089142219540194, -33.879190567203494, 9.919564194374507, 5.9073806303271175)
[10, 7, 2, 10, 5, 7, 1, 8, 8, 1, 8, 8, 3, 3, 9, 1, 5, 8, 5, 1, 6, 7, 10, 4, 1, 1, 4, 4, 4, 4, 10, 8, 5, 1, 8, 1, 10]
(5.089142219540194, -33.879190567203494, 9.919564194374507, 5.9073806303271175)
[10, 7, 2, 10, 5, 7, 1, 8, 8, 1, 8, 8, 3, 3, 9, 1, 5, 8, 5, 1, 6, 7, 10, 4, 1, 1, 4, 4, 4, 4, 10, 8, 5, 1, 8, 1, 10]
(5.089142219540194, -33.879190567203494, 9.919564194374507, 5.9073806303271175)
[10, 7, 2, 10, 5, 7, 1, 8, 8, 1, 8, 8, 3, 3, 9, 1, 5, 8, 5, 1, 6, 7, 10, 4, 1, 1, 4, 4, 4, 4, 10, 8, 5, 1, 8, 1, 10]
(5.089142219540194, -33.879190567203494, 9.919564194374507, 5.9073806303271175)
[10, 7, 2, 10, 5, 7, 1, 8, 8, 1, 8, 8, 3, 3, 9, 1, 5, 8, 5, 1, 6, 7, 10, 4, 1, 1, 4, 4, 4, 4, 10, 8, 5, 1, 8, 1, 10]
(5.089142219540194, -33.879190567203494, 9.919564194374507, 5.9073806303271175)
[10, 7, 2, 10, 5, 7, 1, 8, 7, 1, 8, 8, 3, 3, 9, 1, 5, 8, 5, 1, 6, 7, 10, 4, 1, 1, 4, 4, 4, 4, 10, 8, 5, 1, 8, 1, 10]
(1.1555740171445006, -18.19196254017372, 9.347270768298307, 5.909239096316621)
[10, 7, 2, 10, 5, 7, 1, 8, 7, 1, 8, 8, 3, 3, 9, 1, 5, 8, 5, 1, 6, 7, 10, 4, 1, 1, 4, 4, 4, 4, 10, 8, 5, 1, 8, 1, 10]
(1.1555740171445006, -18.19196254017372, 9.347270768298307, 5.909239096316621)
[10, 7, 2, 10, 5, 7, 1, 8, 7, 1, 8, 8, 3, 3, 9, 1, 5, 8, 5, 1, 6, 7, 10, 4, 1, 1, 4, 4, 4, 4, 10, 8, 5, 1, 8, 1, 10]
(1.1555740171445006, -18.19196254017372, 9.347270768298307, 5.909239096316621)
[10, 7, 2, 10, 5, 7, 1, 10, 6, 1, 9, 8, 3, 3, 9, 1, 1, 8, 5, 1, 6, 10, 10, 4, 1, 1, 9, 3, 4, 2, 10, 8, 6, 3, 5, 1, 10]
(-1.234697775126551, 5.489951397249444, 2.133411880046348, 5.926729440648493)
[10, 7, 2, 10, 5, 7, 1, 8, 8, 1, 8, 8, 3, 3, 9, 1, 5, 8, 5, 1, 6, 7, 10, 4, 1, 1, 9, 6, 4, 4, 8, 8, 5, 3, 8, 6, 10]
(3.125783251542714, 5.058250514423636, 1.771274853253182, 5.874282293980195)
[10, 7, 2, 10, 5, 7, 1, 10, 8, 1, 9, 8, 3, 3, 9, 1, 1, 8, 5, 1, 6, 10, 10, 4, 1, 1, 9, 3, 4, 2, 10, 8, 6, 3, 8, 1, 10]
(0.9322296040016225, -6.652055676355332, 6.738686992307793, 5.927364355742954)
[10, 7, 2, 10, 5, 7, 1, 10, 8, 1, 9, 8, 3, 3, 9, 1, 1, 8, 5, 1, 6, 10, 10, 4, 1, 1, 9, 3, 4, 2, 10, 8, 6, 3, 8, 1, 10]
(0.9322296040016225, -6.652055676355332, 6.738686992307793, 5.927364355742954)
[10, 7, 2, 10, 5, 7, 1, 8, 8, 1, 8, 8, 3, 3, 9, 1, 5, 8, 5, 1, 6, 10, 10, 4, 1, 4, 9, 8, 5, 1, 6, 6, 5, 3, 8, 1, 10]
(8.915899154721673, -6.707703473747871, 5.600446019756535, 5.938747184833425)
[10, 7, 2, 10, 5, 7, 1, 8, 8, 1, 8, 8, 3, 3, 9, 1, 5, 8, 5, 1, 6, 10, 10, 4, 1, 4, 9, 8, 5, 1, 6, 6, 5, 3, 8, 1, 10]
(8.915899154721673, -6.707703473747871, 5.600446019756535, 5.938747184833425)
[10, 7, 2, 10, 5, 7, 1, 8, 8, 1, 8, 5, 3, 3, 9, 1, 5, 8, 5, 1, 6, 10, 10, 4, 1, 4, 9, 5, 4, 3, 1, 8, 5, 3, 8, 1, 10]
(9.581937955714965, -16.65403506286278, 4.233131677600404, 5.926919121873764)
[10, 7, 2, 10, 5, 7, 1, 8, 8, 1, 8, 5, 3, 3, 9, 1, 5, 8, 5, 1, 6, 10, 10, 4, 1, 4, 9, 5, 4, 3, 1, 8, 5, 3, 8, 1, 10]
(9.581937955714965, -16.65403506286278, 4.233131677600404, 5.926919121873764)
[10, 7, 2, 10, 5, 7, 1, 8, 8, 1, 8, 8, 3, 3, 9, 1, 5, 8, 5, 1, 6, 10, 10, 4, 1, 4, 9, 8, 5, 2, 6, 8, 5, 3, 8, 1, 10]
(9.073574712686238, -13.767111519556767, 5.619463828854393, 5.951259187350623)
[10, 7, 2, 10, 5, 7, 1, 8, 8, 1, 8, 8, 3, 3, 9, 1, 5, 8, 5, 1, 6, 10, 10, 4, 1, 4, 9, 8, 5, 2, 6, 8, 5, 3, 8, 1, 10]
(9.073574712686238, -13.767111519556767, 5.619463828854393, 5.951259187350623)
[10, 7, 2, 10, 5, 7, 1, 8, 8, 1, 8, 8, 3, 3, 9, 1, 5, 8, 5, 1, 6, 10, 10, 4, 1, 4, 9, 8, 5, 2, 6, 8, 5, 3, 8, 1, 10]
(9.073574712686238, -13.767111519556767, 5.619463828854393, 5.951259187350623)
[10, 7, 2, 10, 5, 7, 1, 8, 8, 1, 8, 8, 3, 3, 9, 1, 5, 8, 5, 1, 6, 10, 10, 4, 1, 4, 9, 8, 5, 2, 6, 8, 5, 3, 8, 1, 10]
(9.073574712686238, -13.767111519556767, 5.619463828854393, 5.951259187350623)
[10, 7, 2, 10, 5, 7, 1, 8, 8, 1, 8, 8, 3, 3, 9, 1, 5, 8, 5, 1, 6, 10, 10, 4, 1, 4, 9, 8, 5, 2, 6, 8, 5, 3, 8, 1, 10]
(9.073574712686238, -13.767111519556767, 5.619463828854393, 5.951259187350623)
[10, 7, 2, 10, 5, 7, 1, 8, 8, 1, 8, 8, 3, 3, 9, 1, 5, 8, 5, 1, 6, 10, 10, 8, 1, 4, 9, 8, 5, 2, 6, 8, 5, 3, 8, 1, 10]
(6.560572342026308, -5.2391298769125605, -2.7794983527925403, 5.965105459949137)
[10, 7, 2, 10, 5, 7, 1, 8, 8, 1, 8, 8, 3, 3, 9, 1, 5, 8, 5, 1, 6, 10, 10, 8, 1, 4, 9, 8, 5, 2, 6, 8, 5, 3, 8, 1, 10]
(6.560572342026308, -5.2391298769125605, -2.7794983527925403, 5.965105459949137)
[10, 7, 2, 10, 5, 7, 1, 8, 8, 1, 8, 8, 3, 3, 9, 1, 5, 8, 5, 1, 6, 10, 10, 8, 1, 4, 9, 8, 5, 2, 6, 8, 5, 3, 8, 1, 10]
(6.560572342026308, -5.2391298769125605, -2.7794983527925403, 5.965105459949137)
[10, 7, 2, 10, 5, 7, 1, 8, 8, 1, 8, 8, 3, 3, 9, 1, 5, 8, 5, 1, 6, 10, 10, 8, 1, 4, 9, 8, 5, 2, 6, 8, 5, 3, 8, 1, 10]
(6.560572342026308, -5.2391298769125605, -2.7794983527925403, 5.965105459949137)
[10, 7, 2, 10, 5, 7, 1, 8, 10, 7, 8, 8, 3, 3, 9, 1, 6, 8, 5, 1, 6, 10, 10, 4, 1, 10, 1, 3, 4, 7, 10, 6, 5, 3, 8, 1, 10]
(4.201238999012958, 0.20627016231315043, -3.274748938673319, 5.961115804934666)
[10, 7, 2, 10, 5, 7, 1, 8, 10, 7, 8, 8, 3, 3, 9, 1, 6, 8, 5, 1, 6, 10, 10, 4, 1, 10, 1, 3, 4, 7, 10, 6, 5, 3, 8, 1, 10]
(4.201238999012958, 0.20627016231315043, -3.274748938673319, 5.961115804934666)
[10, 7, 2, 10, 5, 7, 1, 8, 8, 6, 4, 8, 3, 3, 9, 2, 6, 8, 5, 1, 6, 10, 10, 4, 1, 4, 9, 8, 5, 2, 6, 8, 5, 3, 8, 1, 10]
(-8.160025936756755, -18.093868742980398, 8.986539441270741, 5.975615335153721)
[10, 7, 1, 10, 5, 7, 1, 4, 8, 1, 5, 8, 2, 3, 9, 1, 9, 8, 5, 1, 6, 10, 10, 4, 1, 1, 4, 7, 4, 10, 7, 5, 5, 3, 8, 1, 10]
(3.865078315239043, -9.221804960141986, 5.64104963363583, 5.98388480019123)
[10, 7, 1, 10, 5, 7, 1, 6, 8, 1, 5, 5, 2, 3, 9, 1, 9, 8, 5, 1, 6, 10, 10, 4, 1, 1, 8, 7, 4, 10, 7, 5, 5, 3, 8, 1, 10]
(6.9482565644877345, -20.12267916712981, 8.43757018743494, 5.982097196376515)
[10, 7, 1, 10, 5, 7, 1, 8, 8, 1, 5, 8, 2, 3, 9, 1, 9, 8, 5, 1, 6, 10, 10, 4, 1, 1, 4, 7, 4, 10, 10, 8, 5, 3, 8, 1, 10]
(6.529296226728139, -18.085975668185178, 8.548496866207918, 5.997121769839149)
[10, 7, 1, 10, 5, 7, 1, 8, 8, 1, 5, 8, 2, 3, 9, 1, 9, 8, 5, 1, 6, 10, 10, 4, 1, 1, 4, 7, 4, 10, 10, 8, 5, 3, 8, 1, 10]
(6.529296226728139, -18.085975668185178, 8.548496866207918, 5.997121769839149)
[10, 7, 2, 10, 5, 7, 2, 8, 8, 1, 8, 8, 3, 3, 9, 1, 5, 8, 5, 1, 6, 7, 10, 4, 1, 1, 9, 6, 4, 4, 8, 8, 5, 3, 8, 1, 10]
(0.5445533303427509, -10.749561727737808, 7.492243568750904, 5.987189055572082)
[10, 7, 2, 10, 5, 7, 1, 2, 8, 1, 10, 8, 3, 3, 9, 1, 6, 8, 5, 1, 6, 7, 6, 4, 1, 1, 9, 8, 5, 2, 10, 8, 5, 3, 8, 1, 10]
(3.121712711264262, -9.00045399702831, 4.978939999437151, 5.995957448079343)
[10, 7, 1, 10, 5, 7, 1, 8, 8, 1, 5, 8, 2, 3, 9, 1, 9, 8, 5, 1, 6, 10, 10, 4, 1, 1, 4, 7, 4, 10, 7, 5, 5, 3, 8, 1, 10]
(6.031465276663766, -21.87343396764936, 8.268676614957569, 6.0006966737382035)
[10, 7, 1, 10, 5, 7, 1, 8, 8, 1, 5, 8, 2, 3, 9, 1, 9, 8, 5, 1, 6, 10, 10, 4, 1, 1, 4, 7, 4, 10, 7, 5, 5, 3, 8, 1, 10]
(6.031465276663766, -21.87343396764936, 8.268676614957569, 6.0006966737382035)
[10, 7, 1, 10, 5, 7, 1, 8, 8, 1, 5, 8, 2, 3, 9, 1, 9, 8, 5, 1, 6, 10, 10, 4, 1, 1, 4, 7, 4, 10, 7, 5, 5, 3, 8, 1, 10]
(6.031465276663766, -21.87343396764936, 8.268676614957569, 6.0006966737382035)
[10, 7, 2, 10, 5, 7, 1, 8, 8, 1, 8, 8, 3, 3, 9, 1, 5, 8, 5, 1, 6, 7, 10, 4, 1, 1, 4, 4, 8, 2, 6, 8, 5, 3, 8, 1, 10]
(2.190903456506885, -10.425959978665933, 6.094569283997947, 5.998601306353872)
[10, 7, 2, 10, 5, 7, 1, 8, 8, 1, 8, 8, 3, 3, 9, 1, 5, 8, 5, 1, 6, 7, 10, 4, 1, 1, 4, 4, 4, 4, 10, 8, 5, 3, 8, 1, 10]
(1.4870766068652195, -9.553046434975762, 6.95861231155271, 5.9999773309883535)
[10, 7, 2, 10, 5, 7, 1, 8, 3, 1, 8, 8, 3, 3, 9, 1, 5, 7, 5, 1, 6, 7, 10, 4, 1, 4, 9, 8, 5, 2, 6, 8, 5, 3, 8, 1, 10]
(9.479602536717541, -1.8682244313396565, 3.1286718052213023, 6.003487734416132)
[10, 7, 2, 10, 5, 7, 2, 8, 8, 1, 6, 8, 3, 3, 7, 1, 5, 8, 5, 1, 6, 10, 10, 4, 1, 4, 9, 8, 5, 2, 6, 8, 5, 3, 8, 1, 10]
(1.7255786071571038, -14.850370542181741, 7.670674416769771, 5.993988095500584)
[10, 7, 2, 10, 5, 7, 2, 8, 8, 1, 6, 8, 3, 3, 7, 1, 5, 8, 5, 1, 6, 10, 10, 6, 1, 4, 9, 8, 5, 2, 10, 8, 5, 3, 8, 1, 10]
(4.809096970024982, -13.431601722096126, 7.926136589860256, 6.009632644382007)
[10, 7, 2, 10, 5, 7, 2, 8, 8, 1, 6, 8, 3, 3, 7, 1, 5, 8, 5, 1, 6, 10, 10, 6, 1, 4, 9, 8, 5, 2, 10, 8, 5, 3, 8, 1, 10]
(4.809096970024982, -13.431601722096126, 7.926136589860256, 6.009632644382007)
[10, 7, 2, 10, 5, 7, 2, 8, 8, 1, 6, 8, 3, 3, 7, 1, 5, 8, 5, 1, 6, 10, 10, 6, 1, 4, 9, 8, 5, 2, 10, 8, 5, 3, 8, 1, 10]
(4.809096970024982, -13.431601722096126, 7.926136589860256, 6.009632644382007)
[10, 7, 2, 10, 5, 7, 1, 2, 8, 8, 5, 8, 2, 3, 9, 1, 6, 8, 5, 1, 6, 7, 6, 10, 1, 1, 9, 8, 5, 2, 10, 8, 5, 3, 8, 1, 10]
(1.8735193987609358, -2.34699817333485, 4.218179663749255, 6.016940064173328)
[10, 7, 2, 10, 5, 7, 1, 8, 8, 1, 9, 9, 3, 1, 9, 10, 5, 7, 5, 1, 3, 7, 8, 3, 1, 7, 1, 5, 4, 3, 1, 8, 5, 3, 8, 1, 10]
(3.2689443725448215, 0.7513033316345963, -4.859162573129677, 6.025385238595795)
[10, 7, 2, 10, 5, 7, 1, 10, 8, 1, 9, 8, 3, 3, 9, 1, 6, 8, 5, 1, 6, 10, 10, 4, 1, 1, 4, 7, 4, 10, 1, 8, 1, 3, 8, 1, 10]
(-1.2319486479509576, 2.695299403835863, 5.833180129289135, 6.016426895416752)
[10, 7, 2, 10, 5, 7, 1, 10, 8, 1, 9, 8, 3, 3, 9, 1, 6, 8, 5, 1, 6, 10, 10, 4, 1, 1, 4, 7, 4, 10, 1, 8, 1, 3, 8, 1, 10]
(-1.2319486479509576, 2.695299403835863, 5.833180129289135, 6.016426895416752)
[10, 7, 2, 10, 5, 7, 1, 10, 8, 1, 9, 8, 3, 3, 9, 1, 6, 8, 5, 1, 6, 10, 10, 4, 1, 1, 4, 7, 4, 10, 1, 8, 1, 3, 8, 1, 10]
(-1.2319486479509576, 2.695299403835863, 5.833180129289135, 6.016426895416752)
[10, 7, 2, 10, 5, 7, 1, 6, 8, 1, 6, 8, 3, 3, 7, 1, 3, 8, 5, 1, 6, 10, 10, 4, 1, 4, 9, 8, 5, 2, 6, 8, 5, 3, 8, 1, 10]
(2.323993944092763, 4.427186410322243, 3.8301389417745946, 6.020971074209123)
[10, 7, 2, 10, 5, 7, 1, 8, 8, 1, 8, 9, 3, 3, 7, 8, 5, 8, 5, 8, 3, 5, 4, 3, 1, 10, 1, 3, 9, 2, 9, 5, 5, 1, 8, 1, 10]
(5.2149428007942324, 4.728007161661198, -0.6111651386359547, 6.026171610629689)
[10, 7, 2, 10, 5, 7, 1, 8, 8, 1, 8, 9, 3, 3, 7, 8, 5, 8, 5, 8, 3, 5, 4, 3, 1, 10, 1, 3, 9, 2, 9, 5, 5, 1, 8, 1, 10]
(5.2149428007942324, 4.728007161661198, -0.6111651386359547, 6.026171610629689)
[10, 7, 2, 10, 5, 7, 1, 8, 8, 1, 8, 9, 3, 3, 7, 8, 5, 8, 5, 8, 3, 5, 4, 3, 1, 10, 1, 3, 9, 2, 9, 5, 5, 1, 8, 1, 10]
(5.2149428007942324, 4.728007161661198, -0.6111651386359547, 6.026171610629689)
[10, 7, 2, 10, 5, 7, 1, 8, 8, 1, 9, 9, 3, 1, 9, 1, 5, 8, 5, 1, 3, 7, 8, 3, 1, 7, 1, 5, 4, 3, 1, 8, 5, 3, 8, 1, 10]
(0.2824837471459887, 5.535638907793869, 3.148941072663171, 6.02693838230891)
[10, 7, 2, 10, 5, 7, 1, 8, 8, 1, 9, 9, 3, 1, 9, 1, 5, 8, 5, 1, 3, 7, 8, 3, 1, 7, 1, 5, 4, 3, 1, 8, 5, 3, 8, 1, 10]
(0.2824837471459887, 5.535638907793869, 3.148941072663171, 6.02693838230891)
[10, 7, 2, 10, 5, 7, 1, 8, 8, 7, 8, 8, 3, 3, 7, 8, 5, 8, 5, 8, 1, 5, 4, 3, 1, 10, 1, 3, 4, 2, 10, 6, 5, 3, 8, 1, 10]
(0.061301144677418054, -1.820004830624453, 2.589446753398044, 6.060921914558993)
[10, 7, 3, 10, 5, 7, 1, 7, 9, 7, 8, 9, 3, 3, 7, 8, 5, 8, 5, 8, 1, 5, 4, 3, 1, 10, 1, 3, 9, 2, 9, 8, 6, 1, 8, 2, 9]
(0.00039910016744215687, 4.8156342738809945, -1.3890482133307884, 6.083428360982405)
[10, 7, 3, 10, 5, 7, 1, 7, 9, 7, 8, 9, 3, 3, 7, 8, 5, 8, 5, 8, 1, 5, 4, 3, 1, 10, 1, 3, 9, 2, 9, 8, 6, 1, 8, 2, 9]
(0.00039910016744215687, 4.8156342738809945, -1.3890482133307884, 6.083428360982405)
[10, 7, 3, 10, 5, 7, 1, 7, 9, 7, 8, 9, 3, 3, 7, 8, 5, 8, 5, 8, 1, 5, 4, 3, 1, 10, 1, 3, 9, 2, 9, 8, 6, 1, 8, 2, 9]
(0.00039910016744215687, 4.8156342738809945, -1.3890482133307884, 6.083428360982405)
[10, 7, 3, 10, 5, 7, 1, 7, 9, 7, 8, 9, 3, 3, 7, 8, 5, 8, 5, 8, 1, 5, 4, 3, 1, 10, 1, 3, 9, 2, 9, 8, 6, 1, 8, 2, 9]
(0.00039910016744215687, 4.8156342738809945, -1.3890482133307884, 6.083428360982405)
[10, 7, 3, 10, 5, 7, 1, 7, 9, 7, 8, 9, 3, 3, 7, 8, 5, 8, 5, 8, 1, 5, 4, 3, 1, 10, 1, 3, 9, 2, 9, 8, 6, 1, 8, 2, 9]
(0.00039910016744215687, 4.8156342738809945, -1.3890482133307884, 6.083428360982405)
[10, 7, 3, 10, 5, 7, 1, 7, 3, 7, 8, 9, 3, 3, 7, 8, 5, 8, 5, 8, 1, 5, 4, 3, 1, 10, 1, 3, 9, 2, 9, 8, 5, 3, 8, 1, 10]
(0.0011043534094710595, 5.467036533054092, -0.992875014096901, 6.129967949025212)
[10, 7, 3, 10, 5, 7, 1, 7, 3, 7, 8, 9, 3, 3, 7, 8, 5, 8, 5, 8, 1, 5, 4, 3, 1, 10, 1, 3, 9, 2, 9, 8, 5, 3, 8, 1, 10]
(0.0011043534094710595, 5.467036533054092, -0.992875014096901, 6.129967949025212)
[10, 7, 1, 10, 5, 7, 1, 8, 8, 1, 5, 8, 2, 3, 9, 9, 9, 8, 5, 1, 6, 10, 10, 4, 1, 1, 4, 7, 4, 10, 7, 5, 5, 3, 8, 1, 10]
(0.025847197304710797, 0.691879957585013, 0.13968970503181222, 6.131367051820106)
[10, 7, 3, 10, 5, 7, 1, 7, 3, 7, 8, 9, 3, 3, 7, 8, 5, 8, 5, 8, 1, 5, 4, 3, 1, 10, 1, 3, 9, 2, 7, 8, 5, 3, 8, 1, 10]
(0.0011057827940021525, -0.0023110565109793297, 0.7485373286051672, 6.163879286416644)
[8, 7, 1, 10, 5, 7, 1, 6, 2, 10, 9, 8, 4, 9, 9, 1, 6, 8, 2, 1, 6, 10, 10, 4, 1, 4, 9, 8, 5, 2, 6, 8, 5, 3, 8, 1, 10]
(0.0011396391837024567, 0.00025291059260287103, -3.765285408924892e-05, 6.2256832392162424)
[8, 7, 1, 10, 5, 7, 1, 6, 2, 10, 9, 8, 4, 9, 9, 1, 6, 8, 2, 1, 6, 10, 10, 4, 1, 4, 9, 8, 5, 2, 6, 8, 5, 3, 8, 1, 10]
(0.0011396391837024567, 0.00025291059260287103, -3.765285408924892e-05, 6.2256832392162424)
[10, 7, 5, 10, 5, 7, 1, 8, 8, 1, 9, 8, 3, 7, 9, 1, 5, 8, 8, 1, 6, 4, 7, 4, 1, 8, 7, 3, 6, 2, 5, 7, 5, 3, 8, 9, 10]
(-0.00010463710060548681, 0.00022172724397449817, -4.672985063555613e-05, 6.24154735719603)
[10, 7, 5, 10, 5, 7, 1, 8, 8, 1, 9, 8, 3, 7, 9, 1, 5, 8, 8, 1, 6, 4, 7, 4, 1, 1, 7, 3, 4, 2, 10, 8, 5, 3, 8, 9, 10]
(-0.00019292180154479848, 0.00023603126197774718, -4.911420646657797e-05, 6.241033616902013)
[10, 7, 2, 10, 5, 7, 1, 8, 8, 1, 8, 10, 9, 9, 10, 10, 5, 8, 5, 10, 6, 10, 10, 4, 1, 4, 9, 5, 4, 3, 1, 8, 5, 3, 8, 9, 10]
(7.994357179086397e-05, 0.0002288785274319741, -4.625300121678514e-05, 6.242519793626901)
