[3, 9, 10, 8, 5, 7, 1, 3, 9, 8, 6, 7, 9, 10, 10, 4, 7, 7, 9, 9, 7, 10, 5, 1, 3, 5, 4, 7, 2, 6, 2, 2, 9, 3, 10, 2, 10]
(0.8215666339076056, 0.2132945565036548, -0.03184704015228304, 4.917193506365065)
[3, 9, 10, 8, 5, 7, 1, 3, 5, 2, 1, 6, 10, 9, 9, 4, 7, 7, 4, 9, 7, 10, 5, 1, 3, 5, 2, 7, 2, 6, 2, 2, 9, 3, 10, 2, 10]
(8.430207252880237, 3.003350508277116, 2.7485548126049655, 5.367473079603887)
[3, 9, 10, 8, 5, 7, 1, 3, 5, 2, 1, 6, 10, 9, 9, 4, 7, 7, 4, 9, 7, 10, 5, 1, 3, 5, 2, 7, 2, 6, 2, 2, 9, 3, 10, 2, 10]
(8.430207252880237, 3.003350508277116, 2.7485548126049655, 5.367473079603887)
[3, 9, 10, 8, 5, 7, 1, 3, 5, 2, 1, 6, 10, 9, 9, 4, 7, 7, 4, 9, 7, 10, 5, 1, 3, 5, 2, 7, 2, 6, 2, 2, 9, 3, 10, 2, 10]
(8.430207252880237, 3.003350508277116, 2.7485548126049655, 5.367473079603887)
[3, 9, 10, 8, 5, 7, 1, 3, 5, 2, 1, 6, 10, 9, 9, 4, 7, 7, 4, 9, 7, 10, 5, 1, 3, 5, 2, 7, 2, 6, 2, 2, 9, 3, 10, 2, 10]
(8.430207252880237, 3.003350508277116, 2.7485548126049655, 5.367473079603887)
[3, 9, 10, 8, 5, 7, 1, 3, 5, 2, 1, 6, 10, 9, 9, 4, 7, 7, 4, 9, 7, 10, 5, 1, 3, 5, 2, 7, 2, 6, 2, 2, 9, 3, 10, 2, 10]
(8.430207252880237, 3.003350508277116, 2.7485548126049655, 5.367473079603887)
[3, 9, 10, 8, 5, 7, 1, 3, 5, 6, 2, 4, 1, 9, 10, 4, 7, 7, 4, 6, 7, 10, 2, 1, 3, 7, 2, 7, 2, 9, 4, 3, 10, 3, 10, 1, 10]
(-1.6108299264713424, -55.68641865487689, 13.513074969536, 5.402475715132867)
[2, 9, 9, 8, 6, 7, 6, 7, 9, 9, 2, 8, 10, 9, 10, 4, 9, 7, 8, 3, 7, 10, 2, 1, 1, 4, 4, 1, 1, 5, 4, 8, 5, 3, 10, 1, 10]
(8.722220299195033, -136.77417509766804, 8.645690594783858, 5.5177461822029645)
[2, 9, 9, 8, 6, 7, 6, 7, 9, 9, 2, 8, 10, 9, 10, 4, 9, 7, 8, 3, 7, 10, 2, 1, 1, 4, 4, 1, 1, 5, 4, 8, 5, 3, 10, 1, 10]
(8.722220299195033, -136.77417509766804, 8.645690594783858, 5.5177461822029645)
[2, 9, 9, 8, 6, 7, 6, 7, 9, 7, 2, 8, 10, 9, 10, 4, 9, 7, 8, 3, 7, 10, 2, 1, 1, 4, 4, 1, 1, 5, 4, 8, 5, 3, 10, 1, 10]
(12.508693559767558, -131.51639393287252, 16.874640411444677, 5.542298226575773)
[2, 9, 9, 8, 6, 7, 6, 7, 9, 7, 2, 8, 10, 9, 10, 4, 9, 7, 8, 3, 7, 10, 2, 1, 1, 4, 4, 1, 1, 5, 4, 8, 5, 3, 10, 1, 10]
(12.508693559767558, -131.51639393287252, 16.874640411444677, 5.542298226575773)
[2, 9, 9, 8, 6, 7, 5, 7, 9, 7, 2, 8, 10, 9, 10, 4, 9, 7, 8, 3, 7, 10, 2, 1, 1, 9, 10, 1, 1, 5, 4, 8, 5, 3, 10, 1, 10]
(12.847708694396667, -109.06730376337069, 16.380720802701024, 5.562194539452489)
[2, 9, 9, 8, 6, 7, 5, 7, 9, 6, 2, 8, 10, 9, 10, 4, 9, 7, 8, 3, 7, 10, 2, 1, 1, 4, 10, 1, 1, 5, 4, 8, 5, 3, 10, 1, 10]
(10.428346427490354, -113.07067603640569, 15.251350024493423, 5.575996312609115)
[2, 9, 9, 8, 6, 7, 5, 7, 9, 6, 2, 8, 10, 9, 10, 4, 9, 7, 8, 3, 7, 10, 2, 1, 1, 4, 10, 1, 1, 5, 4, 8, 5, 3, 10, 1, 10]
(10.428346427490354, -113.07067603640569, 15.251350024493423, 5.575996312609115)
[2, 9, 9, 8, 6, 7, 5, 7, 9, 6, 2, 8, 10, 9, 10, 4, 9, 7, 8, 3, 7, 10, 2, 1, 1, 4, 10, 1, 1, 5, 4, 8, 5, 3, 10, 1, 10]
(10.428346427490354, -113.07067603640569, 15.251350024493423, 5.575996312609115)
[2, 9, 9, 8, 6, 7, 4, 7, 9, 7, 2, 8, 10, 9, 10, 4, 9, 7, 8, 3, 7, 10, 2, 1, 1, 4, 4, 1, 1, 5, 4, 8, 5, 3, 10, 1, 10]
(14.307714225393239, -102.23629234268435, 16.143724988541116, 5.573435912101518)
[2, 9, 9, 8, 6, 7, 4, 7, 9, 7, 2, 8, 10, 9, 10, 4, 9, 7, 8, 3, 7, 10, 2, 1, 1, 4, 4, 1, 1, 5, 4, 8, 5, 3, 10, 1, 10]
(14.307714225393239, -102.23629234268435, 16.143724988541116, 5.573435912101518)
[2, 9, 9, 8, 6, 7, 4, 7, 9, 7, 2, 8, 10, 9, 10, 4, 9, 7, 8, 3, 7, 10, 2, 1, 1, 4, 4, 1, 1, 5, 4, 8, 5, 3, 10, 1, 10]
(14.307714225393239, -102.23629234268435, 16.143724988541116, 5.573435912101518)
[2, 9, 9, 8, 6, 7, 4, 7, 9, 7, 2, 8, 10, 9, 10, 4, 9, 7, 8, 3, 7, 10, 2, 1, 1, 4, 4, 1, 1, 5, 4, 8, 5, 3, 10, 1, 10]
(14.307714225393239, -102.23629234268435, 16.143724988541116, 5.573435912101518)
[2, 9, 9, 8, 6, 7, 4, 7, 9, 7, 2, 8, 10, 9, 10, 4, 9, 7, 8, 3, 7, 10, 2, 1, 1, 4, 4, 1, 1, 5, 4, 8, 5, 3, 10, 1, 10]
(14.307714225393239, -102.23629234268435, 16.143724988541116, 5.573435912101518)
[2, 9, 9, 8, 6, 7, 4, 7, 9, 7, 2, 8, 10, 9, 10, 4, 9, 7, 8, 3, 7, 10, 2, 1, 10, 4, 4, 1, 1, 5, 4, 8, 5, 3, 10, 1, 10]
(13.830038749540106, -100.85073211839085, 14.389535894250324, 5.578760194531131)
[2, 9, 9, 8, 6, 7, 4, 7, 9, 7, 2, 8, 10, 9, 10, 4, 9, 7, 8, 3, 7, 10, 2, 1, 10, 4, 4, 1, 1, 5, 4, 8, 5, 3, 10, 1, 10]
(13.830038749540106, -100.85073211839085, 14.389535894250324, 5.578760194531131)
[2, 9, 9, 8, 6, 7, 4, 7, 9, 7, 2, 8, 10, 9, 10, 4, 9, 7, 8, 3, 7, 10, 2, 1, 10, 4, 4, 1, 1, 5, 4, 8, 5, 3, 10, 1, 10]
(13.830038749540106, -100.85073211839085, 14.389535894250324, 5.578760194531131)
[2, 9, 9, 8, 6, 7, 4, 7, 9, 7, 2, 8, 10, 9, 10, 4, 9, 7, 8, 3, 7, 10, 2, 1, 10, 4, 4, 1, 1, 5, 4, 8, 5, 3, 10, 1, 10]
(13.830038749540106, -100.85073211839085, 14.389535894250324, 5.578760194531131)
[2, 9, 9, 8, 6, 7, 1, 4, 9, 8, 2, 10, 8, 9, 10, 5, 7, 7, 4, 6, 7, 10, 2, 7, 1, 4, 10, 8, 3, 2, 4, 2, 9, 3, 10, 1, 10]
(-9.226194832990767, -74.3967605169447, 16.75457829242245, 5.591548442027788)
[2, 9, 9, 8, 6, 7, 4, 7, 9, 5, 2, 8, 10, 9, 10, 4, 9, 7, 8, 3, 7, 10, 2, 1, 1, 4, 4, 1, 1, 5, 4, 8, 5, 3, 10, 1, 10]
(13.100257946750157, -105.2398075524457, 13.179390580489379, 5.606052479699497)
[2, 9, 9, 8, 6, 7, 4, 7, 9, 5, 2, 8, 10, 9, 10, 4, 9, 7, 8, 3, 7, 10, 2, 1, 1, 4, 4, 1, 1, 5, 4, 8, 5, 3, 10, 1, 10]
(13.100257946750157, -105.2398075524457, 13.179390580489379, 5.606052479699497)
[2, 9, 9, 8, 6, 7, 4, 7, 9, 5, 2, 8, 10, 9, 10, 4, 9, 7, 8, 3, 7, 10, 2, 1, 1, 4, 4, 1, 1, 5, 4, 8, 5, 3, 10, 1, 10]
(13.100257946750157, -105.2398075524457, 13.179390580489379, 5.606052479699497)
[2, 9, 9, 8, 6, 7, 4, 7, 9, 5, 2, 8, 10, 9, 10, 4, 9, 7, 8, 3, 7, 10, 2, 1, 1, 4, 4, 1, 1, 5, 4, 8, 5, 3, 10, 1, 10]
(13.100257946750157, -105.2398075524457, 13.179390580489379, 5.606052479699497)
[2, 9, 9, 8, 6, 7, 1, 4, 9, 8, 2, 10, 8, 9, 10, 5, 7, 7, 4, 6, 7, 10, 2, 7, 1, 4, 10, 8, 3, 3, 4, 2, 9, 3, 10, 1, 10]
(-9.247086281337078, -56.70386775013557, 16.91805136019676, 5.597883687727321)
[2, 9, 9, 8, 6, 7, 1, 4, 9, 8, 2, 10, 8, 9, 10, 5, 7, 7, 4, 6, 7, 10, 2, 7, 1, 4, 10, 8, 3, 3, 4, 2, 9, 3, 10, 1, 10]
(-9.247086281337078, -56.70386775013557, 16.91805136019676, 5.597883687727321)
[2, 9, 9, 8, 6, 7, 1, 4, 9, 8, 2, 10, 8, 9, 10, 5, 7, 7, 4, 6, 7, 10, 2, 7, 1, 4, 10, 8, 3, 3, 4, 2, 9, 3, 10, 1, 10]
(-9.247086281337078, -56.70386775013557, 16.91805136019676, 5.597883687727321)
[2, 9, 9, 8, 6, 7, 1, 4, 9, 8, 2, 9, 8, 9, 8, 5, 7, 7, 4, 6, 7, 10, 2, 1, 1, 4, 10, 10, 2, 6, 7, 8, 5, 4, 10, 1, 10]
(15.735719665622307, -4.685054604699587, 5.066524329576924, 5.604857003667191)
[2, 9, 9, 8, 5, 7, 1, 3, 9, 8, 6, 7, 9, 10, 10, 4, 7, 7, 9, 6, 7, 10, 1, 1, 1, 8, 4, 5, 2, 5, 3, 2, 10, 3, 10, 1, 10]
(0.013684269926851123, -17.20870239226311, 11.315036286943455, 5.6126246871844065)
[2, 9, 9, 8, 5, 7, 1, 3, 9, 8, 6, 7, 9, 10, 10, 4, 7, 7, 9, 6, 7, 10, 1, 1, 1, 8, 4, 5, 2, 5, 3, 2, 10, 3, 10, 1, 10]
(0.013684269926851123, -17.20870239226311, 11.315036286943455, 5.6126246871844065)
[2, 9, 9, 8, 5, 7, 1, 3, 5, 6, 2, 3, 1, 9, 6, 8, 3, 8, 7, 3, 7, 10, 2, 9, 1, 1, 2, 2, 2, 6, 3, 2, 10, 3, 10, 1, 10]
(-1.2719453655777329, -77.18158119890586, 13.006185519289877, 5.639283646926837)
[2, 9, 9, 8, 5, 7, 1, 3, 5, 6, 2, 3, 1, 9, 6, 8, 3, 8, 7, 3, 7, 10, 2, 9, 1, 1, 2, 2, 2, 6, 3, 2, 10, 3, 10, 1, 10]
(-1.2719453655777329, -77.18158119890586, 13.006185519289877, 5.639283646926837)
[2, 9, 9, 8, 5, 7, 1, 3, 5, 6, 2, 3, 1, 9, 6, 8, 3, 8, 7, 3, 7, 10, 2, 9, 1, 1, 2, 2, 2, 6, 3, 2, 10, 3, 10, 1, 10]
(-1.2719453655777329, -77.18158119890586, 13.006185519289877, 5.639283646926837)
[2, 9, 9, 8, 5, 7, 1, 3, 5, 6, 2, 3, 1, 9, 6, 8, 3, 8, 7, 3, 7, 10, 2, 9, 1, 1, 2, 2, 2, 6, 3, 2, 10, 3, 10, 1, 10]
(-1.2719453655777329, -77.18158119890586, 13.006185519289877, 5.639283646926837)
[2, 9, 9, 8, 5, 7, 1, 3, 5, 6, 2, 3, 1, 9, 6, 8, 3, 8, 7, 3, 7, 10, 2, 9, 1, 1, 2, 2, 2, 6, 3, 2, 10, 3, 10, 1, 10]
(-1.2719453655777329, -77.18158119890586, 13.006185519289877, 5.639283646926837)
[2, 9, 9, 8, 5, 7, 1, 3, 5, 6, 2, 3, 1, 9, 6, 8, 3, 8, 7, 3, 7, 10, 2, 9, 1, 1, 2, 2, 2, 6, 3, 2, 10, 3, 10, 1, 10]
(-1.2719453655777329, -77.18158119890586, 13.006185519289877, 5.639283646926837)
[2, 9, 9, 8, 6, 7, 1, 4, 9, 8, 2, 6, 8, 9, 8, 5, 7, 7, 4, 6, 7, 10, 2, 1, 5, 4, 10, 5, 2, 5, 4, 8, 5, 4, 10, 1, 10]
(12.215777949175216, -26.45384534589232, 9.943265718529895, 5.6974989520074555)
[2, 9, 9, 8, 6, 7, 1, 4, 9, 8, 2, 6, 8, 9, 8, 5, 7, 7, 4, 6, 7, 10, 2, 1, 5, 4, 10, 5, 2, 5, 4, 8, 5, 4, 10, 1, 10]
(12.215777949175216, -26.45384534589232, 9.943265718529895, 5.6974989520074555)
[2, 9, 9, 8, 6, 7, 1, 4, 9, 8, 2, 6, 8, 9, 8, 5, 7, 7, 4, 6, 7, 10, 2, 1, 5, 4, 10, 5, 2, 5, 4, 8, 5, 4, 10, 1, 10]
(12.215777949175216, -26.45384534589232, 9.943265718529895, 5.6974989520074555)
[2, 9, 9, 8, 6, 7, 1, 4, 9, 8, 2, 6, 8, 9, 8, 5, 7, 7, 4, 6, 7, 10, 2, 1, 5, 4, 10, 5, 2, 5, 4, 8, 5, 4, 10, 1, 10]
(12.215777949175216, -26.45384534589232, 9.943265718529895, 5.6974989520074555)
[2, 9, 9, 8, 6, 7, 1, 4, 9, 8, 2, 6, 8, 9, 8, 5, 7, 7, 4, 6, 7, 10, 2, 1, 5, 4, 10, 5, 2, 5, 4, 8, 5, 4, 10, 1, 10]
(12.215777949175216, -26.45384534589232, 9.943265718529895, 5.6974989520074555)
[2, 9, 9, 8, 6, 7, 1, 4, 9, 8, 2, 6, 8, 9, 8, 5, 7, 7, 4, 6, 7, 10, 2, 1, 5, 4, 10, 5, 2, 5, 4, 6, 5, 4, 10, 1, 10]
(11.278930628915992, -17.620260710850253, 6.322450848888321, 5.654120769482415)
[2, 9, 9, 8, 6, 7, 1, 4, 9, 8, 2, 6, 8, 9, 8, 5, 7, 7, 4, 6, 7, 10, 2, 1, 5, 4, 10, 5, 2, 5, 4, 6, 5, 4, 10, 1, 10]
(11.278930628915992, -17.620260710850253, 6.322450848888321, 5.654120769482415)
[2, 9, 9, 8, 6, 7, 1, 4, 9, 8, 2, 6, 8, 9, 8, 5, 7, 7, 4, 6, 7, 10, 2, 1, 5, 4, 10, 5, 2, 5, 4, 6, 5, 4, 10, 1, 10]
(11.278930628915992, -17.620260710850253, 6.322450848888321, 5.654120769482415)
[2, 9, 9, 8, 6, 7, 1, 4, 9, 8, 2, 6, 8, 9, 8, 5, 7, 7, 4, 6, 7, 10, 2, 1, 5, 4, 10, 5, 2, 5, 4, 6, 5, 4, 10, 1, 10]
(11.278930628915992, -17.620260710850253, 6.322450848888321, 5.654120769482415)
[2, 9, 9, 8, 6, 7, 9, 7, 9, 8, 2, 6, 6, 9, 10, 4, 7, 7, 4, 6, 7, 10, 2, 1, 1, 4, 10, 6, 2, 5, 5, 8, 5, 3, 10, 1, 10]
(11.942663444534947, -38.30901003763159, 8.241233033282834, 5.6971830802172105)
[2, 9, 9, 8, 6, 7, 9, 7, 9, 8, 2, 6, 6, 9, 10, 4, 7, 7, 4, 6, 7, 10, 2, 1, 1, 4, 10, 6, 2, 5, 5, 8, 5, 3, 10, 1, 10]
(11.942663444534947, -38.30901003763159, 8.241233033282834, 5.6971830802172105)
[2, 9, 9, 8, 6, 7, 9, 7, 9, 8, 2, 6, 6, 9, 10, 4, 7, 7, 4, 6, 7, 10, 2, 1, 1, 4, 10, 6, 2, 5, 5, 8, 5, 3, 10, 1, 10]
(11.942663444534947, -38.30901003763159, 8.241233033282834, 5.6971830802172105)
[2, 9, 9, 8, 6, 7, 9, 7, 9, 8, 2, 6, 6, 9, 10, 4, 7, 7, 4, 6, 7, 10, 2, 1, 1, 4, 10, 6, 2, 5, 5, 8, 5, 3, 10, 1, 10]
(11.942663444534947, -38.30901003763159, 8.241233033282834, 5.6971830802172105)
[2, 9, 9, 8, 6, 7, 1, 4, 9, 8, 2, 6, 8, 9, 8, 5, 7, 7, 4, 6, 7, 10, 2, 1, 5, 4, 10, 5, 2, 5, 4, 8, 5, 4, 10, 1, 10]
(12.215777949175216, -26.45384534589232, 9.943265718529895, 5.6974989520074555)
[2, 9, 9, 8, 5, 7, 1, 7, 9, 7, 2, 8, 10, 9, 10, 6, 9, 7, 8, 3, 7, 10, 5, 1, 1, 2, 10, 7, 3, 5, 4, 8, 5, 3, 10, 1, 10]
(4.9088085377290565, -21.561714496175394, -2.691246420083547, 5.574154166991736)
[2, 9, 9, 8, 6, 7, 2, 4, 9, 8, 9, 7, 6, 10, 10, 4, 7, 7, 6, 6, 7, 10, 2, 1, 1, 4, 10, 5, 2, 1, 2, 8, 5, 3, 10, 5, 10]
(2.7648412753856513, 4.378976877195269, 1.4418049482887958, 5.708339387894879)
[2, 9, 9, 8, 6, 7, 2, 4, 9, 8, 9, 7, 6, 10, 10, 4, 7, 7, 6, 6, 7, 10, 2, 1, 1, 4, 10, 5, 2, 1, 2, 8, 5, 3, 10, 5, 10]
(2.7648412753856513, 4.378976877195269, 1.4418049482887958, 5.708339387894879)
[2, 9, 9, 8, 6, 7, 1, 4, 10, 8, 6, 7, 8, 10, 10, 2, 7, 7, 4, 4, 7, 10, 2, 1, 1, 4, 10, 1, 2, 5, 4, 8, 5, 3, 10, 1, 10]
(10.54966916941298, -10.78576924046087, 11.408496031111397, 5.726901242429525)
[2, 9, 9, 8, 6, 7, 1, 4, 10, 8, 6, 7, 8, 10, 10, 2, 7, 7, 4, 4, 7, 10, 2, 1, 1, 4, 10, 1, 2, 5, 4, 8, 5, 3, 10, 1, 10]
(10.54966916941298, -10.78576924046087, 11.408496031111397, 5.726901242429525)
[2, 9, 9, 8, 6, 7, 1, 4, 10, 8, 6, 7, 8, 10, 10, 2, 7, 7, 4, 4, 7, 10, 2, 1, 1, 4, 10, 1, 2, 5, 4, 8, 5, 3, 10, 1, 10]
(10.54966916941298, -10.78576924046087, 11.408496031111397, 5.726901242429525)
[2, 9, 9, 8, 6, 7, 1, 4, 10, 8, 6, 7, 8, 10, 10, 2, 7, 7, 4, 4, 7, 10, 2, 1, 1, 4, 10, 1, 2, 5, 4, 8, 5, 3, 10, 1, 10]
(10.54966916941298, -10.78576924046087, 11.408496031111397, 5.726901242429525)
[2, 9, 9, 8, 6, 7, 1, 4, 10, 8, 6, 7, 8, 10, 10, 2, 7, 7, 4, 4, 7, 10, 2, 1, 1, 4, 10, 1, 2, 5, 4, 8, 5, 3, 10, 1, 10]
(10.54966916941298, -10.78576924046087, 11.408496031111397, 5.726901242429525)
[2, 9, 9, 8, 6, 7, 1, 4, 10, 8, 6, 7, 8, 10, 10, 4, 7, 7, 9, 6, 7, 10, 2, 1, 1, 4, 10, 1, 2, 5, 4, 8, 5, 3, 10, 1, 10]
(7.0864200895910034, -29.514463011216332, 12.390019118710319, 5.734794998832673)
[2, 9, 9, 8, 6, 7, 1, 4, 10, 8, 6, 7, 8, 10, 10, 4, 7, 7, 9, 6, 7, 10, 2, 1, 1, 4, 10, 1, 2, 5, 4, 8, 5, 3, 10, 1, 10]
(7.0864200895910034, -29.514463011216332, 12.390019118710319, 5.734794998832673)
[2, 6, 9, 8, 6, 5, 10, 7, 9, 6, 2, 6, 8, 9, 10, 10, 7, 9, 5, 4, 7, 10, 2, 1, 1, 4, 10, 8, 5, 3, 3, 7, 9, 4, 10, 1, 10]
(6.5221399690228266, 1.4114311430862725, 5.018840618264576, 5.775065581045564)
[2, 6, 9, 8, 6, 7, 10, 7, 10, 8, 6, 7, 8, 10, 4, 4, 7, 6, 4, 6, 7, 10, 2, 10, 1, 4, 10, 8, 5, 2, 3, 7, 9, 2, 10, 1, 10]
(-2.387064433879451, 3.906419274445899, 3.229892062040976, 5.7786297675824985)
[2, 9, 9, 8, 6, 7, 8, 7, 9, 6, 2, 4, 8, 9, 10, 4, 4, 7, 4, 6, 7, 10, 2, 1, 1, 4, 2, 1, 7, 6, 4, 5, 10, 3, 10, 1, 10]
(-18.08541536885968, -3.149619695311267, 3.8681500625828695, 5.788389919599302)
[2, 9, 9, 8, 6, 7, 1, 4, 9, 8, 6, 7, 8, 10, 10, 4, 7, 7, 9, 6, 7, 10, 2, 1, 1, 4, 10, 5, 2, 5, 4, 8, 5, 3, 10, 1, 10]
(0.5298482485147247, -9.397033687307388, 10.276839069341918, 5.790506384053391)
[2, 9, 9, 8, 6, 7, 1, 4, 9, 8, 6, 7, 8, 10, 10, 4, 7, 7, 9, 6, 7, 10, 2, 1, 1, 4, 10, 5, 2, 5, 4, 8, 5, 3, 10, 1, 10]
(0.5298482485147247, -9.397033687307388, 10.276839069341918, 5.790506384053391)
[2, 9, 9, 8, 6, 7, 1, 4, 9, 8, 6, 7, 8, 10, 10, 4, 7, 7, 9, 6, 7, 10, 2, 1, 1, 4, 10, 5, 2, 5, 4, 8, 5, 3, 10, 1, 10]
(0.5298482485147247, -9.397033687307388, 10.276839069341918, 5.790506384053391)
[2, 9, 9, 8, 6, 7, 1, 4, 9, 8, 6, 7, 8, 10, 10, 4, 7, 7, 9, 6, 7, 10, 2, 1, 1, 4, 10, 5, 2, 5, 4, 8, 5, 3, 10, 1, 10]
(0.5298482485147247, -9.397033687307388, 10.276839069341918, 5.790506384053391)
[2, 9, 9, 8, 6, 7, 1, 4, 9, 8, 6, 7, 8, 10, 10, 4, 7, 7, 9, 6, 7, 10, 2, 1, 1, 4, 10, 5, 2, 5, 4, 8, 5, 3, 10, 1, 10]
(0.5298482485147247, -9.397033687307388, 10.276839069341918, 5.790506384053391)
[2, 9, 9, 8, 6, 7, 2, 4, 9, 8, 6, 7, 6, 8, 10, 4, 7, 7, 4, 6, 7, 10, 2, 1, 7, 4, 10, 5, 2, 1, 2, 8, 5, 3, 10, 1, 10]
(11.46195931016682, -19.202256615956003, 8.330474912798676, 5.805936216176548)
[2, 9, 9, 8, 6, 7, 1, 7, 9, 8, 2, 7, 10, 9, 10, 4, 7, 9, 4, 3, 5, 10, 1, 1, 1, 8, 4, 5, 2, 5, 4, 5, 5, 3, 10, 1, 10]
(12.2178204746469, -7.80513569463522, 8.828802494916811, 5.818609850343988)
[2, 9, 9, 8, 6, 7, 1, 7, 9, 8, 2, 7, 10, 9, 10, 4, 7, 9, 4, 3, 5, 10, 1, 1, 1, 8, 4, 5, 2, 5, 4, 5, 5, 3, 10, 1, 10]
(12.2178204746469, -7.80513569463522, 8.828802494916811, 5.818609850343988)
[2, 9, 9, 8, 6, 7, 1, 7, 9, 8, 2, 7, 10, 9, 10, 4, 7, 9, 4, 3, 5, 10, 1, 1, 1, 8, 4, 5, 2, 5, 4, 5, 5, 3, 10, 1, 10]
(12.2178204746469, -7.80513569463522, 8.828802494916811, 5.818609850343988)
[2, 9, 9, 8, 6, 7, 1, 7, 9, 8, 2, 7, 10, 9, 10, 4, 7, 9, 4, 3, 7, 10, 2, 2, 1, 2, 10, 8, 3, 5, 4, 8, 5, 3, 10, 1, 10]
(14.697611564769618, -21.4504095793542, -2.7881010150146768, 5.832133704525642)
[2, 9, 9, 8, 6, 7, 1, 7, 9, 8, 2, 7, 10, 9, 10, 4, 7, 9, 4, 3, 7, 10, 2, 2, 1, 2, 10, 8, 3, 5, 4, 8, 5, 3, 10, 1, 10]
(14.697611564769618, -21.4504095793542, -2.7881010150146768, 5.832133704525642)
[2, 9, 9, 8, 6, 7, 1, 4, 9, 8, 6, 7, 8, 10, 10, 4, 7, 7, 9, 6, 7, 10, 2, 1, 1, 4, 10, 1, 2, 5, 4, 8, 5, 3, 10, 1, 10]
(6.965799454829542, -8.001367509391075, 9.60692573951058, 5.811813127190131)
[2, 9, 9, 8, 6, 7, 1, 4, 9, 8, 6, 7, 8, 10, 10, 4, 7, 7, 9, 6, 7, 10, 2, 1, 1, 4, 10, 1, 2, 5, 4, 8, 5, 3, 10, 1, 10]
(6.965799454829542, -8.001367509391075, 9.60692573951058, 5.811813127190131)
[2, 9, 9, 8, 6, 7, 1, 4, 9, 8, 6, 7, 8, 10, 10, 4, 7, 7, 9, 6, 7, 10, 2, 1, 1, 4, 10, 1, 2, 5, 4, 8, 5, 3, 10, 1, 10]
(6.965799454829542, -8.001367509391075, 9.60692573951058, 5.811813127190131)
[2, 9, 9, 8, 6, 7, 1, 4, 9, 8, 6, 7, 8, 10, 10, 4, 7, 7, 9, 6, 7, 10, 2, 1, 1, 4, 10, 1, 2, 5, 4, 8, 5, 3, 10, 1, 10]
(6.965799454829542, -8.001367509391075, 9.60692573951058, 5.811813127190131)
[2, 9, 9, 8, 6, 7, 1, 4, 9, 8, 6, 7, 8, 10, 10, 4, 7, 7, 9, 6, 7, 10, 2, 1, 1, 4, 10, 1, 2, 5, 4, 8, 5, 3, 10, 1, 10]
(6.965799454829542, -8.001367509391075, 9.60692573951058, 5.811813127190131)
[2, 9, 9, 8, 6, 7, 1, 4, 9, 6, 6, 7, 6, 10, 10, 2, 7, 7, 4, 4, 7, 10, 2, 1, 1, 4, 10, 5, 2, 1, 4, 5, 5, 3, 10, 1, 10]
(-5.0400659755398, -5.152723988686998, 10.692643270271324, 5.834002035759946)
[2, 9, 9, 8, 6, 7, 1, 4, 9, 6, 6, 7, 6, 10, 10, 2, 7, 7, 4, 4, 7, 10, 2, 1, 1, 4, 10, 5, 2, 1, 4, 5, 5, 3, 10, 1, 10]
(-5.0400659755398, -5.152723988686998, 10.692643270271324, 5.834002035759946)
[2, 9, 9, 8, 6, 7, 1, 4, 9, 6, 6, 7, 6, 10, 10, 2, 7, 7, 4, 4, 7, 10, 2, 1, 1, 4, 10, 5, 2, 1, 4, 5, 5, 3, 10, 1, 10]
(-5.0400659755398, -5.152723988686998, 10.692643270271324, 5.834002035759946)
[2, 6, 9, 8, 6, 7, 10, 7, 10, 6, 2, 6, 8, 9, 10, 5, 7, 7, 4, 6, 7, 10, 2, 10, 1, 4, 10, 8, 5, 3, 3, 7, 9, 2, 10, 1, 10]
(0.4876216316681141, -47.61159108261783, 11.365493670811496, 5.837914843377438)
[2, 6, 9, 8, 6, 7, 10, 7, 10, 6, 2, 6, 8, 9, 10, 5, 7, 7, 4, 6, 7, 10, 2, 10, 1, 4, 10, 8, 5, 3, 3, 7, 9, 2, 10, 1, 10]
(0.4876216316681141, -47.61159108261783, 11.365493670811496, 5.837914843377438)
[2, 6, 9, 8, 6, 7, 10, 7, 10, 6, 2, 6, 8, 9, 10, 5, 7, 7, 4, 6, 7, 10, 2, 10, 1, 4, 10, 8, 5, 3, 3, 7, 9, 2, 10, 1, 10]
(0.4876216316681141, -47.61159108261783, 11.365493670811496, 5.837914843377438)
[2, 6, 9, 8, 6, 7, 10, 7, 10, 6, 2, 6, 8, 9, 10, 5, 7, 7, 4, 6, 7, 10, 2, 10, 1, 4, 10, 8, 5, 3, 3, 7, 9, 2, 10, 1, 10]
(0.4876216316681141, -47.61159108261783, 11.365493670811496, 5.837914843377438)
[2, 6, 9, 8, 6, 7, 10, 7, 10, 6, 2, 6, 8, 9, 10, 5, 7, 7, 4, 6, 7, 10, 2, 10, 1, 4, 10, 8, 5, 3, 3, 7, 9, 2, 10, 1, 10]
(0.4876216316681141, -47.61159108261783, 11.365493670811496, 5.837914843377438)
[2, 6, 9, 8, 6, 7, 10, 7, 10, 6, 2, 6, 8, 9, 10, 5, 7, 7, 4, 6, 7, 10, 2, 10, 1, 4, 10, 8, 5, 3, 3, 7, 9, 2, 10, 1, 10]
(0.4876216316681141, -47.61159108261783, 11.365493670811496, 5.837914843377438)
[2, 9, 9, 8, 6, 7, 1, 4, 9, 4, 6, 7, 8, 9, 10, 5, 7, 7, 9, 6, 7, 10, 2, 7, 5, 3, 10, 1, 2, 5, 4, 5, 5, 3, 10, 1, 10]
(0.0867697385051997, -7.080032122287529, 11.101657709419495, 5.86213885383706)
[2, 9, 9, 8, 6, 7, 1, 4, 9, 4, 6, 7, 8, 9, 10, 5, 7, 7, 9, 6, 7, 10, 2, 7, 5, 3, 10, 1, 2, 5, 4, 5, 5, 3, 10, 1, 10]
(0.0867697385051997, -7.080032122287529, 11.101657709419495, 5.86213885383706)
[2, 6, 9, 8, 6, 7, 10, 7, 9, 5, 2, 6, 8, 9, 10, 4, 7, 7, 4, 6, 7, 10, 2, 7, 1, 4, 10, 7, 2, 10, 4, 3, 10, 3, 10, 1, 10]
(12.611343943761513, -11.205514001530924, 8.3709360809085, 5.873877703242206)
[2, 6, 9, 8, 6, 7, 10, 7, 9, 5, 2, 6, 8, 9, 10, 4, 7, 7, 4, 6, 7, 10, 2, 7, 1, 4, 10, 7, 2, 10, 4, 3, 10, 3, 10, 1, 10]
(12.611343943761513, -11.205514001530924, 8.3709360809085, 5.873877703242206)
[2, 6, 9, 8, 6, 7, 10, 7, 10, 6, 2, 6, 8, 9, 10, 5, 7, 7, 4, 6, 7, 10, 2, 7, 1, 4, 10, 8, 5, 3, 3, 7, 9, 2, 10, 1, 10]
(0.9747246072058235, -40.661686099745005, 9.736422697550964, 5.887889962809981)
[2, 6, 9, 8, 6, 7, 10, 7, 7, 6, 2, 6, 8, 9, 10, 5, 7, 4, 4, 5, 7, 9, 2, 7, 1, 4, 10, 8, 7, 3, 9, 1, 9, 2, 10, 1, 10]
(-12.731948502304292, -46.88932477468617, 12.463841496198615, 5.886564608254981)
[2, 6, 9, 8, 6, 7, 8, 7, 9, 6, 2, 6, 10, 9, 10, 4, 7, 7, 6, 6, 7, 10, 2, 1, 5, 4, 10, 10, 7, 8, 8, 5, 10, 3, 10, 1, 10]
(-6.039993224887441, 2.416052799252226, 5.824306164007805, 5.8935432686599905)
[2, 6, 9, 8, 6, 7, 10, 7, 7, 6, 2, 6, 8, 10, 10, 5, 7, 7, 4, 6, 7, 10, 2, 7, 1, 4, 10, 8, 8, 4, 9, 7, 9, 2, 10, 1, 10]
(9.807447515541567, -6.156526341319902, -8.272078014145936, 5.8962815430735525)
[2, 6, 9, 8, 6, 7, 10, 7, 9, 4, 2, 6, 8, 9, 10, 5, 7, 7, 4, 6, 7, 10, 2, 10, 1, 4, 10, 8, 5, 3, 3, 7, 9, 2, 10, 1, 10]
(9.772227365220491, -32.91854358619457, 11.028326718351465, 5.9127608738222195)
[2, 6, 9, 8, 6, 7, 10, 7, 7, 6, 2, 6, 8, 9, 10, 5, 7, 4, 4, 5, 7, 9, 2, 7, 1, 4, 10, 8, 7, 3, 9, 7, 9, 2, 10, 1, 10]
(-14.758214104175565, -40.71233732678583, 7.124980064120253, 5.909487033252839)
[2, 6, 9, 8, 6, 7, 10, 7, 7, 6, 2, 6, 8, 9, 10, 5, 7, 4, 4, 5, 7, 9, 2, 7, 1, 4, 10, 8, 7, 3, 9, 7, 9, 2, 10, 1, 10]
(-14.758214104175565, -40.71233732678583, 7.124980064120253, 5.909487033252839)
[2, 6, 9, 8, 6, 7, 10, 7, 7, 6, 2, 6, 8, 9, 10, 5, 7, 4, 4, 5, 7, 9, 2, 7, 1, 4, 10, 8, 7, 3, 9, 7, 9, 2, 10, 1, 10]
(-14.758214104175565, -40.71233732678583, 7.124980064120253, 5.909487033252839)
[2, 6, 9, 8, 6, 7, 10, 7, 9, 4, 2, 6, 8, 9, 10, 5, 7, 7, 4, 6, 7, 10, 2, 10, 1, 4, 10, 8, 5, 3, 3, 7, 9, 2, 10, 1, 10]
(9.772227365220491, -32.91854358619457, 11.028326718351465, 5.9127608738222195)
[2, 6, 9, 8, 6, 7, 10, 7, 9, 4, 2, 6, 8, 9, 10, 5, 7, 7, 4, 6, 7, 10, 2, 10, 1, 4, 10, 8, 5, 3, 3, 7, 9, 2, 10, 1, 10]
(9.772227365220491, -32.91854358619457, 11.028326718351465, 5.9127608738222195)
[2, 6, 9, 8, 6, 7, 10, 7, 7, 6, 2, 6, 8, 9, 10, 5, 7, 7, 4, 5, 7, 10, 2, 7, 1, 4, 10, 8, 10, 3, 9, 7, 9, 2, 10, 1, 10]
(15.04367145503329, -29.072660057979064, 3.8780876944363696, 5.910464491354267)
[2, 6, 9, 8, 6, 7, 10, 7, 7, 6, 2, 6, 8, 9, 10, 5, 7, 7, 4, 5, 7, 10, 2, 7, 1, 4, 10, 8, 10, 3, 9, 7, 9, 2, 10, 1, 10]
(15.04367145503329, -29.072660057979064, 3.8780876944363696, 5.910464491354267)
[2, 6, 9, 8, 6, 7, 10, 7, 7, 6, 2, 6, 8, 9, 10, 5, 7, 7, 4, 6, 7, 10, 2, 7, 1, 4, 10, 8, 8, 4, 9, 7, 9, 2, 10, 1, 10]
(12.25044263255477, -36.914109179833275, 10.36126978874947, 5.918997405677447)
[2, 6, 9, 8, 6, 7, 10, 7, 7, 6, 2, 6, 8, 9, 10, 5, 7, 7, 4, 6, 7, 10, 2, 7, 1, 4, 10, 8, 8, 4, 9, 7, 9, 2, 10, 1, 10]
(12.25044263255477, -36.914109179833275, 10.36126978874947, 5.918997405677447)
[2, 6, 9, 8, 6, 7, 10, 7, 7, 6, 2, 6, 8, 9, 10, 5, 7, 7, 4, 6, 7, 10, 2, 7, 1, 4, 10, 8, 8, 4, 9, 7, 9, 2, 10, 1, 10]
(12.25044263255477, -36.914109179833275, 10.36126978874947, 5.918997405677447)
[2, 6, 9, 8, 6, 7, 10, 7, 7, 6, 2, 6, 8, 9, 10, 5, 7, 7, 4, 5, 7, 10, 2, 7, 1, 4, 10, 8, 10, 3, 9, 7, 9, 2, 10, 1, 10]
(15.04367145503329, -29.072660057979064, 3.8780876944363696, 5.910464491354267)
[2, 6, 9, 8, 6, 7, 10, 7, 7, 6, 2, 6, 8, 9, 10, 5, 7, 7, 4, 5, 7, 10, 2, 7, 1, 4, 10, 8, 10, 3, 9, 7, 9, 2, 10, 1, 10]
(15.04367145503329, -29.072660057979064, 3.8780876944363696, 5.910464491354267)
[2, 6, 9, 8, 6, 7, 10, 7, 9, 5, 2, 6, 8, 9, 10, 4, 7, 7, 4, 6, 7, 10, 2, 1, 5, 4, 10, 10, 2, 6, 6, 2, 9, 3, 10, 1, 10]
(11.990190501981077, -2.207697413500621, 7.195511634212083, 5.926796432400606)
[2, 6, 9, 8, 6, 7, 10, 7, 9, 5, 2, 6, 8, 9, 10, 4, 7, 7, 4, 6, 7, 10, 2, 1, 5, 4, 10, 10, 2, 6, 6, 2, 9, 3, 10, 1, 10]
(11.990190501981077, -2.207697413500621, 7.195511634212083, 5.926796432400606)
[2, 6, 9, 8, 6, 7, 10, 7, 9, 5, 2, 6, 8, 9, 10, 4, 7, 7, 4, 6, 7, 10, 2, 1, 5, 4, 10, 10, 2, 6, 6, 2, 9, 3, 10, 1, 10]
(11.990190501981077, -2.207697413500621, 7.195511634212083, 5.926796432400606)
[2, 6, 9, 8, 6, 7, 10, 7, 9, 5, 2, 6, 8, 9, 10, 4, 7, 7, 4, 6, 7, 10, 2, 1, 5, 4, 10, 10, 2, 6, 6, 2, 9, 3, 10, 1, 10]
(11.990190501981077, -2.207697413500621, 7.195511634212083, 5.926796432400606)
[2, 6, 9, 8, 6, 7, 10, 7, 9, 5, 2, 6, 8, 9, 10, 4, 7, 7, 4, 6, 7, 10, 2, 1, 5, 4, 10, 10, 2, 6, 6, 2, 9, 3, 10, 1, 10]
(11.990190501981077, -2.207697413500621, 7.195511634212083, 5.926796432400606)
[2, 6, 9, 8, 6, 7, 10, 7, 9, 5, 2, 6, 8, 9, 10, 4, 7, 7, 4, 6, 7, 10, 2, 1, 5, 4, 10, 10, 2, 6, 6, 2, 9, 3, 10, 1, 10]
(11.990190501981077, -2.207697413500621, 7.195511634212083, 5.926796432400606)
[2, 6, 9, 8, 6, 7, 10, 7, 9, 5, 2, 6, 8, 9, 10, 4, 7, 7, 4, 6, 7, 10, 2, 1, 5, 4, 10, 7, 2, 9, 4, 3, 10, 3, 10, 1, 10]
(11.818276139315959, -2.279835688115206, 4.970236920326768, 5.930825527781663)
[2, 6, 9, 8, 6, 5, 10, 7, 9, 6, 2, 6, 8, 9, 10, 4, 7, 9, 5, 4, 7, 10, 2, 1, 1, 4, 10, 8, 5, 3, 3, 7, 9, 3, 10, 1, 10]
(12.064455201055127, -3.55854664268663, 4.959111753383135, 5.944822452340509)
[2, 6, 9, 8, 6, 7, 10, 7, 9, 6, 2, 4, 8, 9, 10, 4, 7, 7, 4, 6, 7, 10, 2, 1, 5, 4, 10, 10, 2, 6, 6, 2, 9, 3, 10, 1, 10]
(10.023254610150968, 2.1165065352492736, 1.3075918447492416, 5.953045893370888)
[2, 6, 9, 9, 6, 7, 10, 7, 7, 6, 2, 6, 8, 9, 10, 5, 7, 7, 4, 6, 7, 10, 2, 7, 1, 4, 10, 7, 2, 9, 4, 3, 10, 3, 10, 1, 10]
(4.601022203568571, -13.661980590432998, 7.276448499829183, 5.949434267090251)
[2, 6, 9, 9, 6, 7, 10, 7, 7, 6, 2, 6, 8, 9, 10, 5, 7, 7, 4, 6, 7, 10, 2, 7, 1, 4, 10, 7, 2, 9, 4, 3, 10, 3, 10, 1, 10]
(4.601022203568571, -13.661980590432998, 7.276448499829183, 5.949434267090251)
[2, 6, 9, 9, 6, 7, 10, 7, 7, 6, 2, 6, 8, 9, 10, 5, 7, 7, 4, 6, 7, 10, 2, 7, 1, 4, 10, 7, 2, 9, 4, 3, 10, 3, 10, 1, 10]
(4.601022203568571, -13.661980590432998, 7.276448499829183, 5.949434267090251)
[2, 6, 9, 8, 6, 5, 4, 7, 9, 7, 2, 8, 10, 8, 10, 4, 9, 7, 8, 3, 7, 10, 2, 1, 1, 4, 4, 1, 4, 5, 4, 8, 5, 3, 10, 1, 10]
(-1.6117163958301262, 3.6422255777598136, 5.610482034942897, 5.952743101384003)
[2, 6, 9, 8, 6, 5, 4, 7, 9, 7, 2, 8, 10, 8, 10, 4, 9, 7, 8, 3, 7, 10, 2, 1, 1, 4, 4, 1, 4, 5, 4, 8, 5, 3, 10, 1, 10]
(-1.6117163958301262, 3.6422255777598136, 5.610482034942897, 5.952743101384003)
[2, 6, 9, 8, 6, 7, 10, 7, 9, 6, 2, 9, 8, 9, 10, 4, 7, 6, 5, 6, 7, 10, 2, 1, 1, 1, 6, 2, 2, 6, 3, 10, 9, 2, 10, 1, 10]
(11.725559540907122, -33.0735165826727, 10.351233328019964, 5.958428541753279)
[2, 6, 9, 8, 6, 7, 10, 7, 9, 6, 2, 9, 8, 9, 10, 4, 7, 6, 5, 6, 7, 10, 2, 1, 1, 1, 6, 2, 2, 6, 3, 10, 9, 2, 10, 1, 10]
(11.725559540907122, -33.0735165826727, 10.351233328019964, 5.958428541753279)
[2, 6, 9, 8, 6, 5, 10, 7, 9, 5, 2, 6, 8, 9, 10, 2, 7, 7, 4, 4, 7, 10, 2, 1, 1, 7, 10, 8, 5, 3, 3, 7, 9, 3, 10, 1, 10]
(3.0055750953380995, -6.084047318544769, 8.769308028237738, 5.9626807003145785)
[2, 9, 9, 8, 6, 8, 10, 7, 9, 6, 2, 6, 8, 9, 10, 4, 8, 7, 4, 6, 9, 10, 2, 8, 1, 2, 9, 1, 2, 5, 4, 8, 5, 3, 8, 1, 10]
(-10.865248165720732, -25.49872666131435, 9.350142664146704, 5.9716077726684205)
[2, 9, 9, 8, 6, 8, 10, 7, 9, 6, 2, 6, 8, 9, 10, 4, 8, 7, 3, 6, 9, 10, 2, 8, 1, 2, 9, 1, 2, 5, 4, 8, 5, 3, 8, 1, 10]
(-0.0613419063888159, -18.387460760008995, 8.9327299277128, 5.964019537988605)
[2, 9, 9, 8, 6, 8, 10, 7, 9, 6, 2, 6, 8, 9, 10, 4, 8, 7, 3, 6, 9, 10, 2, 8, 1, 2, 9, 1, 2, 5, 4, 8, 5, 3, 8, 1, 10]
(-0.0613419063888159, -18.387460760008995, 8.9327299277128, 5.964019537988605)
[2, 6, 9, 8, 6, 5, 10, 7, 9, 5, 2, 6, 8, 9, 10, 2, 7, 7, 4, 4, 7, 10, 2, 1, 1, 4, 10, 8, 5, 3, 3, 7, 8, 3, 10, 1, 10]
(2.0250499198284224, -3.0878241562288067, 7.909363901549293, 5.967284190833441)
[2, 6, 9, 8, 6, 5, 10, 7, 9, 5, 2, 6, 8, 9, 10, 2, 7, 7, 4, 4, 7, 10, 2, 1, 1, 4, 10, 8, 5, 3, 3, 7, 9, 3, 10, 1, 10]
(4.929257501069329, -5.365965204442567, 8.762359042084372, 5.969062167182421)
[2, 6, 9, 8, 6, 7, 10, 7, 9, 6, 2, 4, 8, 9, 10, 4, 7, 7, 4, 6, 7, 10, 2, 1, 5, 4, 10, 10, 7, 6, 4, 5, 10, 3, 10, 1, 10]
(4.693430797901057, 0.9595627895101613, -6.89486976931896, 5.969859238763875)
[2, 6, 9, 8, 6, 7, 8, 7, 9, 6, 2, 6, 8, 9, 10, 4, 7, 7, 6, 6, 7, 10, 1, 1, 5, 1, 10, 10, 2, 6, 5, 7, 8, 3, 10, 1, 10]
(10.972368886981668, 2.636198194793838, -4.641994321631202, 5.981714285781865)
[2, 6, 9, 8, 6, 7, 8, 7, 9, 6, 2, 6, 8, 9, 10, 4, 7, 7, 6, 6, 7, 10, 1, 1, 5, 1, 10, 10, 2, 6, 5, 7, 8, 3, 10, 1, 10]
(10.972368886981668, 2.636198194793838, -4.641994321631202, 5.981714285781865)
[2, 6, 9, 8, 6, 7, 8, 7, 9, 6, 2, 6, 8, 9, 10, 4, 7, 7, 6, 6, 7, 10, 1, 1, 5, 1, 10, 10, 2, 6, 5, 7, 8, 3, 10, 1, 10]
(10.972368886981668, 2.636198194793838, -4.641994321631202, 5.981714285781865)
[2, 6, 9, 9, 6, 7, 10, 7, 9, 5, 2, 6, 8, 9, 10, 4, 7, 7, 4, 6, 7, 10, 2, 1, 5, 4, 10, 7, 2, 9, 4, 3, 10, 3, 10, 1, 10]
(2.1316688049544146, 5.299571911183376, 4.147305447673373, 5.988296176105791)
[2, 6, 9, 9, 6, 7, 10, 7, 9, 5, 2, 6, 8, 9, 10, 4, 7, 7, 4, 6, 7, 10, 2, 1, 5, 4, 10, 7, 2, 9, 4, 3, 10, 3, 10, 1, 10]
(2.1316688049544146, 5.299571911183376, 4.147305447673373, 5.988296176105791)
[2, 9, 9, 8, 6, 7, 2, 4, 9, 6, 9, 7, 6, 10, 10, 4, 7, 7, 6, 8, 7, 10, 2, 1, 1, 4, 10, 5, 2, 5, 4, 8, 5, 3, 10, 1, 10]
(0.10771520387333844, 5.8432792349030676, -2.8094187218666207, 5.99874454227285)
[2, 6, 9, 8, 6, 7, 10, 7, 9, 5, 2, 6, 8, 9, 10, 4, 7, 6, 5, 6, 7, 10, 2, 1, 1, 1, 6, 2, 2, 6, 9, 10, 9, 2, 10, 1, 10]
(7.509491514737599, -5.83128719402115, 8.30625660046993, 5.990760915236107)
[2, 6, 9, 8, 6, 7, 10, 7, 9, 6, 2, 6, 8, 9, 10, 4, 7, 6, 5, 6, 7, 10, 2, 1, 1, 1, 6, 2, 2, 6, 3, 10, 9, 2, 10, 1, 10]
(10.877193189451239, -3.4573210474224076, 5.612456787025388, 6.002164168848456)
[2, 6, 9, 8, 6, 7, 10, 7, 9, 6, 2, 6, 8, 9, 10, 4, 7, 6, 5, 6, 7, 10, 2, 1, 1, 1, 6, 2, 2, 6, 3, 10, 9, 2, 10, 1, 10]
(10.877193189451239, -3.4573210474224076, 5.612456787025388, 6.002164168848456)
[2, 6, 9, 8, 6, 7, 10, 7, 9, 6, 2, 6, 8, 9, 10, 4, 7, 6, 5, 6, 7, 10, 2, 1, 1, 1, 6, 2, 2, 6, 3, 10, 9, 2, 10, 1, 10]
(10.877193189451239, -3.4573210474224076, 5.612456787025388, 6.002164168848456)
[2, 6, 9, 8, 6, 7, 10, 7, 9, 6, 2, 6, 8, 9, 10, 4, 7, 6, 5, 6, 7, 10, 2, 1, 1, 1, 6, 2, 2, 6, 3, 10, 9, 2, 10, 1, 10]
(10.877193189451239, -3.4573210474224076, 5.612456787025388, 6.002164168848456)
[2, 6, 9, 8, 6, 7, 10, 7, 10, 8, 6, 7, 8, 10, 10, 2, 7, 7, 4, 4, 7, 10, 2, 1, 1, 4, 10, 1, 2, 5, 4, 8, 5, 3, 10, 1, 10]
(5.557419261955103, 5.4841581143065445, 1.6020082068428128, 6.00448310189079)
[2, 6, 9, 8, 6, 7, 10, 7, 10, 8, 6, 7, 8, 10, 10, 2, 7, 7, 4, 4, 7, 10, 2, 1, 1, 4, 10, 1, 2, 5, 4, 8, 5, 3, 10, 1, 10]
(5.557419261955103, 5.4841581143065445, 1.6020082068428128, 6.00448310189079)
[2, 6, 9, 8, 6, 7, 10, 7, 9, 6, 2, 4, 8, 9, 10, 4, 4, 7, 4, 6, 7, 10, 2, 1, 1, 4, 2, 1, 7, 6, 4, 5, 10, 3, 10, 1, 10]
(-10.51446840925946, 2.7383163668304626, 5.351278618370126, 6.007006162180281)
[2, 6, 9, 8, 6, 7, 10, 7, 9, 6, 2, 4, 8, 9, 10, 4, 4, 7, 4, 6, 7, 10, 2, 1, 1, 4, 2, 1, 7, 6, 4, 5, 10, 3, 10, 1, 10]
(-10.51446840925946, 2.7383163668304626, 5.351278618370126, 6.007006162180281)
[2, 6, 9, 8, 6, 7, 10, 7, 9, 6, 2, 4, 8, 9, 10, 4, 4, 7, 4, 6, 7, 10, 2, 1, 1, 4, 2, 1, 7, 6, 4, 5, 10, 3, 10, 1, 10]
(-10.51446840925946, 2.7383163668304626, 5.351278618370126, 6.007006162180281)
[2, 6, 9, 8, 6, 7, 10, 7, 9, 6, 2, 4, 8, 9, 10, 4, 4, 7, 4, 6, 7, 10, 2, 1, 1, 4, 2, 1, 7, 6, 4, 5, 10, 3, 10, 1, 10]
(-10.51446840925946, 2.7383163668304626, 5.351278618370126, 6.007006162180281)
[2, 6, 9, 8, 6, 7, 10, 7, 9, 6, 2, 4, 8, 9, 10, 4, 4, 7, 4, 6, 7, 10, 2, 1, 1, 4, 2, 1, 7, 6, 4, 5, 10, 3, 10, 1, 10]
(-10.51446840925946, 2.7383163668304626, 5.351278618370126, 6.007006162180281)
[2, 6, 9, 8, 6, 7, 5, 7, 7, 6, 2, 10, 8, 9, 10, 5, 7, 4, 4, 5, 7, 9, 2, 7, 1, 10, 10, 8, 7, 3, 9, 7, 9, 2, 10, 1, 10]
(-2.1806401426056707, -20.251656217109737, 4.645409938559849, 6.009549839016932)
[2, 6, 9, 8, 6, 7, 8, 7, 9, 6, 2, 3, 8, 9, 10, 4, 4, 7, 4, 6, 7, 10, 2, 2, 5, 4, 10, 5, 2, 5, 4, 2, 8, 3, 10, 1, 10]
(1.1713123358493247, 2.2660618759440494, 0.38809244977907165, 6.014424217243427)
[2, 6, 9, 8, 6, 7, 4, 7, 9, 7, 2, 2, 10, 9, 10, 4, 7, 7, 4, 9, 7, 10, 5, 2, 1, 4, 2, 7, 7, 6, 4, 5, 10, 3, 10, 1, 10]
(3.4521727869709937, 5.360301038536792, 1.1857361413529073, 6.024859160922681)
[2, 9, 9, 8, 6, 7, 4, 7, 9, 5, 9, 8, 10, 9, 10, 3, 7, 7, 4, 5, 9, 8, 2, 7, 1, 4, 10, 1, 10, 3, 9, 7, 7, 2, 10, 1, 10]
(4.874977104066499, 0.5097906283891734, -0.3866196421921457, 6.049478661072617)
[2, 6, 9, 8, 6, 7, 8, 7, 5, 7, 2, 8, 10, 9, 10, 4, 9, 4, 8, 3, 7, 10, 2, 1, 5, 1, 10, 10, 2, 6, 5, 7, 8, 3, 7, 1, 10]
(0.7447827594395562, -3.8383874404261875, -0.3893727711715953, 6.084362267871718)
[4, 6, 9, 8, 6, 7, 1, 4, 5, 8, 6, 7, 8, 10, 10, 4, 7, 7, 9, 6, 7, 10, 2, 1, 1, 4, 10, 1, 2, 5, 4, 8, 5, 3, 10, 1, 8]
(0.14995344103476785, 2.580562326429343, 0.41041543623393134, 6.099431811306756)
[2, 5, 9, 8, 6, 7, 4, 7, 1, 7, 2, 8, 10, 9, 10, 4, 9, 7, 8, 3, 7, 10, 2, 10, 1, 1, 6, 2, 2, 6, 3, 7, 9, 3, 10, 1, 10]
(0.24606139580372427, 1.2756858661751005, 0.07260523635874898, 6.159901394458085)
[2, 5, 9, 8, 6, 7, 4, 7, 1, 7, 2, 8, 10, 9, 10, 4, 9, 7, 8, 3, 7, 10, 2, 10, 1, 1, 6, 2, 2, 6, 3, 7, 9, 3, 10, 1, 10]
(0.24606139580372427, 1.2756858661751005, 0.07260523635874898, 6.159901394458085)
[2, 9, 5, 8, 6, 8, 10, 7, 9, 7, 2, 6, 8, 9, 10, 4, 8, 7, 3, 6, 9, 10, 2, 8, 1, 2, 9, 1, 2, 5, 4, 8, 5, 3, 8, 1, 10]
(0.00968382336485547, 0.00012123961372491442, 4.261936347332968e-05, 6.217838448476182)
[2, 9, 5, 8, 6, 8, 10, 7, 9, 7, 2, 6, 8, 9, 10, 4, 8, 7, 3, 6, 9, 10, 2, 8, 1, 2, 9, 1, 2, 5, 4, 8, 5, 3, 8, 1, 10]
(0.00968382336485547, 0.00012123961372491442, 4.261936347332968e-05, 6.217838448476182)
[2, 6, 9, 8, 6, 7, 10, 7, 9, 4, 2, 6, 8, 9, 10, 4, 7, 7, 9, 6, 7, 10, 2, 1, 1, 4, 10, 1, 2, 6, 6, 2, 9, 3, 10, 1, 10]
(0.001216886946156137, 0.00019789848627486676, -5.4357519056542906e-05, 6.225415025153582)
[3, 9, 3, 8, 5, 7, 1, 3, 9, 6, 2, 6, 8, 9, 7, 4, 7, 7, 6, 6, 7, 10, 5, 1, 1, 4, 5, 1, 2, 6, 2, 2, 9, 3, 10, 2, 10]
(0.0012607573735294864, -9.80721959850187e-10, -9.278966365597714e-11, 6.226330447040462)
[5, 9, 9, 8, 5, 2, 4, 7, 9, 7, 1, 8, 6, 8, 1, 4, 9, 7, 5, 3, 7, 10, 1, 1, 1, 8, 10, 1, 2, 9, 4, 8, 3, 3, 10, 1, 8]
(-0.00173443682888319, 5.960450016419545e-05, 0.0004566839848914687, 6.240448570981512)
