[2, 8, 10, 7, 6, 6, 5, 4, 7, 5, 2, 9, 6, 8, 9, 5, 10, 10, 6, 5, 3, 10, 6, 1, 5, 3, 7, 3, 2, 4, 3, 10, 5, 3, 8, 1, 10]
(5.069057817745318, -15.726140979550614, -3.2224241208527986, 5.4688558487708265)
[2, 8, 10, 7, 6, 6, 5, 4, 7, 5, 2, 9, 6, 8, 9, 3, 10, 10, 6, 5, 1, 9, 2, 1, 9, 3, 4, 3, 2, 4, 4, 10, 5, 3, 8, 1, 10]
(14.539202624896282, -9.08824916553336, -0.34118524587008253, 5.373431898812516)
[2, 8, 10, 7, 6, 6, 5, 3, 7, 5, 2, 9, 6, 8, 9, 5, 10, 10, 6, 5, 1, 9, 2, 1, 9, 4, 4, 3, 2, 1, 4, 10, 5, 3, 8, 1, 10]
(13.2240194335971, -8.258585410532007, -0.3771257242023124, 3.847636418944235)
[2, 8, 10, 7, 6, 6, 5, 3, 7, 5, 2, 9, 6, 8, 9, 5, 10, 10, 6, 5, 1, 9, 2, 1, 9, 4, 4, 3, 2, 1, 4, 10, 5, 3, 8, 1, 10]
(13.2240194335971, -8.258585410532007, -0.3771257242023124, 3.847636418944235)
[2, 8, 10, 7, 6, 6, 5, 3, 7, 5, 2, 9, 6, 8, 9, 5, 10, 10, 6, 5, 1, 9, 2, 1, 9, 4, 4, 3, 2, 1, 4, 10, 5, 3, 8, 1, 10]
(13.2240194335971, -8.258585410532007, -0.3771257242023124, 3.847636418944235)
[2, 8, 10, 7, 6, 6, 5, 3, 7, 5, 2, 9, 6, 8, 9, 5, 10, 10, 6, 5, 1, 9, 2, 1, 9, 4, 4, 3, 2, 1, 4, 10, 5, 3, 8, 1, 10]
(13.2240194335971, -8.258585410532007, -0.3771257242023124, 3.847636418944235)
[2, 8, 10, 7, 6, 6, 5, 3, 7, 5, 2, 9, 6, 8, 9, 5, 10, 10, 6, 5, 1, 9, 2, 1, 9, 4, 4, 3, 2, 1, 4, 10, 5, 3, 8, 1, 10]
(13.2240194335971, -8.258585410532007, -0.3771257242023124, 3.847636418944235)
[2, 8, 10, 7, 6, 6, 5, 4, 7, 5, 2, 9, 6, 8, 9, 5, 10, 8, 6, 7, 1, 9, 6, 1, 3, 3, 4, 3, 2, 8, 4, 10, 5, 3, 8, 1, 2]
(-0.7377039052662894, -44.11500714742158, 4.086908718635074, 5.136499497509824)
[2, 8, 10, 7, 6, 6, 5, 3, 7, 5, 2, 9, 6, 8, 9, 5, 10, 10, 6, 5, 1, 9, 2, 1, 9, 4, 4, 3, 2, 1, 4, 10, 5, 3, 8, 1, 10]
(13.2240194335971, -8.258585410532007, -0.3771257242023124, 3.847636418944235)
[2, 8, 10, 7, 6, 6, 5, 4, 7, 5, 2, 10, 5, 8, 9, 9, 10, 7, 2, 5, 1, 7, 9, 1, 9, 3, 4, 3, 2, 4, 4, 10, 5, 3, 8, 1, 10]
(1.0415099554504195, -1.86481725894135, -4.300325971267954, 5.424653898253345)
[2, 8, 10, 7, 6, 6, 5, 4, 7, 5, 2, 10, 5, 8, 9, 9, 10, 7, 2, 5, 1, 7, 9, 1, 9, 3, 4, 3, 2, 4, 4, 10, 5, 3, 8, 1, 10]
(1.0415099554504195, -1.86481725894135, -4.300325971267954, 5.424653898253345)
[2, 8, 10, 7, 6, 6, 5, 4, 7, 5, 2, 10, 5, 8, 9, 9, 10, 7, 2, 5, 1, 7, 9, 1, 9, 3, 4, 3, 2, 4, 4, 10, 5, 3, 8, 1, 10]
(1.0415099554504195, -1.86481725894135, -4.300325971267954, 5.424653898253345)
[2, 8, 10, 7, 6, 6, 5, 4, 7, 5, 2, 10, 5, 8, 9, 9, 10, 7, 2, 5, 1, 7, 9, 1, 9, 3, 4, 3, 2, 4, 4, 10, 5, 3, 8, 1, 10]
(1.0415099554504195, -1.86481725894135, -4.300325971267954, 5.424653898253345)
[2, 8, 10, 7, 6, 6, 5, 4, 7, 5, 2, 10, 5, 8, 9, 9, 10, 7, 2, 5, 1, 7, 9, 1, 9, 3, 4, 3, 2, 4, 4, 10, 5, 3, 8, 1, 10]
(1.0415099554504195, -1.86481725894135, -4.300325971267954, 5.424653898253345)
[2, 8, 10, 7, 6, 6, 5, 4, 7, 5, 2, 10, 5, 8, 9, 9, 10, 7, 2, 5, 1, 7, 9, 1, 9, 3, 4, 3, 2, 4, 4, 10, 5, 3, 8, 1, 10]
(1.0415099554504195, -1.86481725894135, -4.300325971267954, 5.424653898253345)
[2, 8, 10, 7, 6, 6, 5, 4, 7, 5, 2, 9, 6, 8, 9, 5, 10, 10, 6, 5, 1, 9, 2, 1, 9, 3, 4, 3, 2, 4, 4, 10, 5, 3, 8, 1, 10]
(13.759970714592596, -7.29151619323424, -0.09120090443853188, 5.408390341986098)
[2, 8, 10, 7, 6, 6, 6, 3, 8, 5, 4, 9, 6, 8, 9, 5, 10, 10, 6, 5, 1, 9, 6, 1, 9, 3, 7, 3, 2, 4, 3, 10, 5, 3, 8, 1, 10]
(6.921436908066239, -16.247290768392855, 0.37924046031003505, 3.465649107851394)
[2, 8, 10, 7, 6, 6, 6, 3, 8, 5, 4, 9, 6, 8, 9, 5, 10, 10, 6, 5, 1, 9, 6, 1, 9, 3, 7, 3, 2, 4, 3, 10, 5, 3, 8, 1, 10]
(6.921436908066239, -16.247290768392855, 0.37924046031003505, 3.465649107851394)
[2, 8, 10, 7, 6, 6, 6, 3, 8, 5, 4, 9, 6, 8, 9, 5, 10, 10, 6, 5, 1, 9, 6, 1, 9, 3, 7, 3, 2, 4, 3, 10, 5, 3, 8, 1, 10]
(6.921436908066239, -16.247290768392855, 0.37924046031003505, 3.465649107851394)
[2, 8, 10, 7, 6, 6, 6, 3, 8, 5, 4, 9, 6, 8, 9, 5, 10, 10, 6, 5, 1, 9, 6, 1, 9, 3, 7, 3, 2, 4, 3, 10, 5, 3, 8, 1, 10]
(6.921436908066239, -16.247290768392855, 0.37924046031003505, 3.465649107851394)
[2, 8, 10, 7, 6, 6, 5, 4, 7, 5, 2, 9, 6, 8, 9, 5, 10, 10, 6, 5, 1, 9, 2, 1, 9, 3, 4, 3, 2, 4, 4, 10, 5, 3, 8, 1, 10]
(13.759970714592596, -7.29151619323424, -0.09120090443853188, 5.408390341986098)
[2, 8, 10, 7, 6, 6, 5, 4, 7, 5, 2, 9, 6, 8, 9, 5, 10, 10, 6, 5, 1, 9, 2, 1, 9, 3, 4, 3, 2, 4, 4, 10, 5, 3, 8, 1, 10]
(13.759970714592596, -7.29151619323424, -0.09120090443853188, 5.408390341986098)
[2, 8, 10, 7, 6, 6, 5, 4, 7, 5, 2, 9, 6, 8, 9, 5, 10, 10, 6, 5, 1, 9, 2, 1, 9, 3, 4, 3, 2, 4, 4, 10, 5, 3, 8, 1, 10]
(13.759970714592596, -7.29151619323424, -0.09120090443853188, 5.408390341986098)
[2, 8, 10, 7, 6, 6, 5, 4, 7, 5, 2, 9, 6, 8, 9, 5, 10, 10, 6, 5, 3, 10, 6, 1, 9, 3, 4, 3, 2, 4, 4, 10, 5, 3, 8, 1, 10]
(4.192373247566129, -7.46022307951789, -4.037747469268407, 5.418017158961178)
[2, 8, 10, 7, 6, 6, 5, 4, 7, 4, 3, 9, 6, 8, 9, 7, 10, 3, 2, 7, 1, 10, 2, 1, 9, 3, 4, 3, 2, 4, 2, 7, 5, 3, 8, 1, 10]
(-7.009129016019869, -92.8798643723396, 12.523354024375166, 5.490946101949631)
[2, 8, 10, 7, 6, 6, 1, 4, 7, 5, 2, 9, 6, 8, 9, 5, 10, 10, 7, 5, 1, 7, 2, 1, 2, 3, 4, 3, 2, 4, 4, 10, 5, 3, 8, 1, 10]
(10.305988134552495, -1.4072516454790804, -10.816076971018212, 5.510899343251368)
[2, 8, 10, 7, 6, 6, 1, 4, 7, 5, 2, 9, 6, 8, 9, 5, 10, 10, 7, 5, 1, 7, 2, 1, 2, 3, 4, 3, 2, 4, 4, 10, 5, 3, 8, 1, 10]
(10.305988134552495, -1.4072516454790804, -10.816076971018212, 5.510899343251368)
[2, 8, 10, 7, 6, 6, 1, 4, 7, 5, 2, 9, 6, 8, 9, 5, 10, 10, 7, 5, 1, 7, 2, 1, 2, 3, 4, 3, 2, 4, 4, 10, 5, 3, 8, 1, 10]
(10.305988134552495, -1.4072516454790804, -10.816076971018212, 5.510899343251368)
[2, 8, 10, 7, 6, 6, 1, 4, 7, 5, 2, 9, 6, 8, 9, 5, 10, 10, 7, 5, 1, 7, 2, 1, 2, 3, 4, 3, 2, 4, 4, 10, 5, 3, 8, 1, 10]
(10.305988134552495, -1.4072516454790804, -10.816076971018212, 5.510899343251368)
[2, 8, 10, 7, 6, 6, 1, 4, 7, 5, 2, 9, 6, 8, 9, 5, 10, 10, 7, 5, 1, 7, 2, 1, 2, 3, 4, 3, 2, 4, 4, 10, 5, 3, 8, 1, 10]
(10.305988134552495, -1.4072516454790804, -10.816076971018212, 5.510899343251368)
[2, 8, 10, 7, 6, 6, 5, 4, 7, 6, 2, 10, 6, 8, 9, 6, 10, 10, 1, 5, 1, 4, 3, 1, 9, 4, 4, 7, 2, 2, 4, 10, 5, 5, 8, 1, 10]
(9.553510621175338, -6.689462861492063, -2.627084733752014, 5.5107009141847)
[2, 8, 10, 7, 6, 6, 5, 4, 7, 6, 2, 10, 6, 8, 9, 6, 10, 10, 1, 5, 1, 4, 3, 1, 9, 4, 4, 7, 2, 2, 4, 10, 5, 5, 8, 1, 10]
(9.553510621175338, -6.689462861492063, -2.627084733752014, 5.5107009141847)
[2, 8, 10, 7, 6, 6, 5, 4, 7, 5, 2, 7, 6, 8, 9, 8, 10, 3, 2, 7, 1, 10, 2, 1, 9, 3, 7, 3, 2, 4, 3, 10, 5, 3, 8, 1, 10]
(-2.659451161488687, -30.45265444194063, 12.342107199260452, 5.529351565179203)
[2, 8, 10, 7, 6, 6, 5, 4, 7, 5, 2, 7, 6, 8, 9, 8, 10, 3, 2, 7, 1, 10, 2, 1, 9, 3, 7, 3, 2, 4, 3, 10, 5, 3, 8, 1, 10]
(-2.659451161488687, -30.45265444194063, 12.342107199260452, 5.529351565179203)
[2, 8, 10, 7, 6, 6, 5, 4, 7, 5, 2, 7, 6, 8, 9, 8, 10, 3, 2, 7, 1, 10, 2, 1, 9, 3, 7, 3, 2, 4, 3, 10, 5, 3, 8, 1, 10]
(-2.659451161488687, -30.45265444194063, 12.342107199260452, 5.529351565179203)
[2, 8, 10, 7, 6, 6, 5, 4, 7, 5, 2, 7, 6, 8, 9, 8, 10, 3, 2, 7, 1, 10, 2, 1, 9, 3, 7, 3, 2, 4, 3, 10, 5, 3, 8, 1, 10]
(-2.659451161488687, -30.45265444194063, 12.342107199260452, 5.529351565179203)
[2, 8, 10, 7, 6, 6, 5, 4, 7, 5, 2, 7, 6, 8, 9, 8, 10, 3, 2, 7, 1, 10, 2, 1, 9, 3, 7, 3, 2, 4, 3, 10, 5, 3, 8, 1, 10]
(-2.659451161488687, -30.45265444194063, 12.342107199260452, 5.529351565179203)
[2, 8, 10, 7, 6, 6, 5, 4, 7, 5, 2, 7, 6, 8, 9, 8, 10, 3, 2, 7, 1, 10, 2, 1, 9, 3, 7, 3, 2, 4, 3, 10, 5, 3, 8, 1, 10]
(-2.659451161488687, -30.45265444194063, 12.342107199260452, 5.529351565179203)
[2, 8, 10, 7, 6, 6, 5, 4, 7, 5, 2, 9, 6, 8, 9, 7, 10, 3, 2, 7, 3, 10, 2, 1, 9, 3, 4, 3, 2, 4, 4, 7, 5, 3, 8, 1, 10]
(-6.02080102409691, -124.64055281895276, 13.542216006704397, 5.525777209453584)
[2, 8, 10, 7, 6, 6, 5, 5, 7, 5, 2, 9, 6, 8, 9, 5, 10, 10, 6, 5, 1, 9, 6, 1, 9, 3, 7, 3, 2, 4, 3, 10, 5, 3, 8, 1, 10]
(6.2743579721265625, -48.30305550855508, -16.919573149159778, 5.528298724491707)
[2, 8, 10, 7, 6, 6, 5, 4, 7, 5, 2, 9, 6, 8, 9, 7, 10, 3, 2, 7, 3, 10, 2, 1, 9, 3, 4, 3, 2, 4, 4, 7, 5, 3, 8, 1, 10]
(-6.02080102409691, -124.64055281895276, 13.542216006704397, 5.525777209453584)
[2, 8, 10, 7, 6, 6, 5, 4, 7, 5, 2, 9, 6, 8, 9, 7, 10, 3, 2, 7, 3, 10, 2, 1, 9, 3, 4, 3, 2, 4, 4, 7, 5, 3, 8, 1, 10]
(-6.02080102409691, -124.64055281895276, 13.542216006704397, 5.525777209453584)
[2, 8, 10, 7, 6, 6, 5, 4, 7, 5, 2, 9, 6, 8, 9, 7, 10, 3, 2, 7, 3, 10, 2, 1, 9, 3, 4, 3, 2, 4, 4, 7, 5, 3, 8, 1, 10]
(-6.02080102409691, -124.64055281895276, 13.542216006704397, 5.525777209453584)
[2, 8, 10, 7, 6, 6, 5, 4, 7, 5, 2, 9, 6, 8, 9, 7, 10, 3, 2, 7, 3, 10, 2, 1, 9, 3, 4, 3, 2, 4, 4, 7, 5, 3, 8, 1, 10]
(-6.02080102409691, -124.64055281895276, 13.542216006704397, 5.525777209453584)
[2, 8, 10, 7, 6, 6, 5, 4, 7, 5, 2, 9, 6, 8, 9, 7, 10, 3, 2, 7, 3, 10, 2, 1, 9, 3, 4, 3, 2, 4, 4, 7, 5, 3, 8, 1, 10]
(-6.02080102409691, -124.64055281895276, 13.542216006704397, 5.525777209453584)
[2, 8, 10, 7, 6, 6, 5, 4, 7, 5, 2, 9, 5, 8, 9, 7, 10, 3, 2, 7, 1, 10, 2, 1, 9, 3, 4, 3, 2, 4, 4, 7, 5, 3, 8, 1, 10]
(-4.106716455675087, -139.21113717719004, 17.02212129955418, 5.535421480940167)
[2, 8, 10, 9, 6, 4, 10, 3, 8, 5, 4, 9, 4, 8, 7, 6, 10, 9, 3, 5, 1, 7, 2, 1, 9, 3, 4, 3, 2, 4, 4, 10, 5, 3, 8, 1, 10]
(-2.7587088865293934, -8.90837188631759, 11.346720826471554, 5.683454155311539)
[2, 8, 10, 7, 6, 6, 5, 4, 7, 5, 2, 10, 6, 8, 9, 7, 10, 10, 7, 5, 1, 10, 2, 1, 9, 3, 2, 3, 2, 1, 2, 10, 5, 5, 8, 1, 10]
(5.471412340921679, 2.5174184306697733, -1.096219301522221, 5.665258600057518)
[2, 8, 10, 7, 6, 6, 5, 4, 7, 5, 2, 10, 6, 8, 9, 7, 10, 10, 7, 5, 1, 10, 2, 1, 9, 3, 2, 3, 2, 1, 2, 10, 5, 5, 8, 1, 10]
(5.471412340921679, 2.5174184306697733, -1.096219301522221, 5.665258600057518)
[2, 8, 10, 7, 6, 6, 5, 4, 7, 5, 2, 10, 6, 8, 9, 7, 10, 10, 7, 5, 1, 10, 2, 1, 9, 3, 2, 3, 2, 1, 2, 10, 5, 5, 8, 1, 10]
(5.471412340921679, 2.5174184306697733, -1.096219301522221, 5.665258600057518)
[2, 8, 10, 7, 6, 6, 5, 4, 7, 5, 2, 10, 6, 8, 9, 7, 10, 10, 7, 5, 1, 10, 2, 1, 9, 3, 2, 3, 2, 1, 2, 10, 5, 5, 8, 1, 10]
(5.471412340921679, 2.5174184306697733, -1.096219301522221, 5.665258600057518)
[2, 8, 10, 7, 6, 6, 5, 4, 7, 5, 2, 10, 6, 8, 9, 7, 10, 10, 7, 5, 1, 10, 2, 1, 9, 3, 2, 3, 2, 1, 8, 10, 5, 5, 8, 1, 10]
(8.344354857052618, 3.3873962265738538, -0.20977730154828586, 5.670152129888962)
[2, 8, 10, 7, 6, 6, 5, 4, 7, 5, 2, 10, 6, 9, 9, 5, 10, 10, 7, 5, 1, 10, 2, 1, 9, 3, 2, 3, 2, 1, 2, 10, 5, 5, 8, 1, 10]
(-0.656757975940117, 6.124212163419396, 1.8058704544458049, 5.725709150834337)
[2, 8, 10, 7, 6, 6, 5, 4, 7, 5, 2, 8, 6, 10, 9, 7, 10, 10, 2, 1, 1, 10, 2, 1, 9, 5, 4, 5, 3, 3, 5, 10, 6, 5, 8, 1, 10]
(11.621047881196132, -9.72513985636363, -0.4333711212087563, 5.721370826987908)
[2, 8, 10, 7, 6, 6, 5, 4, 7, 5, 2, 10, 6, 8, 9, 5, 10, 10, 2, 5, 1, 5, 2, 1, 9, 3, 4, 3, 2, 2, 4, 10, 5, 5, 8, 1, 10]
(9.91775757703272, -55.68156499978851, 12.966123845055241, 5.730661812102291)
[2, 8, 10, 7, 6, 6, 5, 4, 7, 5, 2, 10, 6, 8, 9, 5, 10, 10, 2, 5, 1, 5, 2, 1, 9, 3, 4, 3, 2, 2, 4, 10, 5, 5, 8, 1, 10]
(9.91775757703272, -55.68156499978851, 12.966123845055241, 5.730661812102291)
[2, 8, 10, 7, 6, 6, 5, 4, 7, 5, 2, 10, 6, 8, 9, 5, 10, 10, 2, 5, 1, 5, 2, 1, 9, 3, 4, 3, 2, 2, 4, 10, 5, 5, 8, 1, 10]
(9.91775757703272, -55.68156499978851, 12.966123845055241, 5.730661812102291)
[2, 8, 10, 7, 6, 6, 5, 4, 7, 5, 2, 10, 6, 8, 9, 5, 10, 10, 2, 5, 1, 5, 2, 1, 9, 3, 4, 3, 2, 2, 4, 10, 5, 5, 8, 1, 10]
(9.91775757703272, -55.68156499978851, 12.966123845055241, 5.730661812102291)
[2, 8, 10, 7, 6, 6, 5, 4, 7, 5, 2, 10, 6, 8, 9, 5, 10, 10, 2, 5, 1, 5, 2, 1, 9, 3, 4, 3, 2, 2, 4, 10, 5, 5, 8, 1, 10]
(9.91775757703272, -55.68156499978851, 12.966123845055241, 5.730661812102291)
[2, 8, 10, 7, 6, 6, 5, 4, 7, 5, 2, 10, 6, 8, 9, 5, 10, 10, 2, 5, 1, 5, 2, 1, 9, 3, 4, 3, 2, 2, 4, 10, 5, 5, 8, 1, 10]
(9.91775757703272, -55.68156499978851, 12.966123845055241, 5.730661812102291)
[2, 8, 10, 7, 6, 6, 5, 4, 7, 5, 2, 10, 6, 8, 9, 5, 10, 10, 2, 5, 1, 5, 2, 1, 9, 3, 4, 3, 2, 2, 4, 10, 5, 5, 8, 1, 10]
(9.91775757703272, -55.68156499978851, 12.966123845055241, 5.730661812102291)
[2, 8, 10, 7, 6, 6, 5, 4, 7, 5, 2, 10, 6, 8, 9, 5, 10, 10, 2, 5, 1, 5, 2, 1, 9, 3, 4, 3, 2, 2, 4, 10, 5, 5, 8, 1, 10]
(9.91775757703272, -55.68156499978851, 12.966123845055241, 5.730661812102291)
[2, 8, 10, 7, 6, 6, 5, 4, 7, 5, 2, 10, 6, 8, 9, 5, 10, 10, 2, 5, 1, 5, 2, 1, 9, 3, 4, 3, 2, 2, 4, 10, 5, 5, 8, 1, 10]
(9.91775757703272, -55.68156499978851, 12.966123845055241, 5.730661812102291)
[2, 8, 10, 7, 6, 6, 5, 4, 7, 5, 2, 10, 6, 8, 9, 5, 10, 10, 2, 5, 1, 5, 2, 1, 9, 3, 4, 3, 2, 2, 4, 10, 5, 5, 8, 1, 10]
(9.91775757703272, -55.68156499978851, 12.966123845055241, 5.730661812102291)
[2, 8, 10, 7, 6, 6, 5, 4, 7, 5, 2, 10, 6, 8, 9, 9, 10, 10, 2, 5, 1, 5, 3, 1, 9, 4, 4, 3, 7, 1, 4, 10, 5, 5, 8, 1, 10]
(1.2054057840461585, -50.64113285127143, 9.337741878971833, 5.737820409752083)
[2, 8, 10, 7, 6, 6, 5, 4, 7, 5, 2, 10, 6, 8, 9, 9, 10, 10, 2, 5, 1, 5, 3, 1, 9, 4, 4, 3, 7, 1, 4, 10, 5, 5, 8, 1, 10]
(1.2054057840461585, -50.64113285127143, 9.337741878971833, 5.737820409752083)
[2, 8, 10, 7, 6, 6, 5, 4, 7, 5, 2, 10, 6, 8, 9, 9, 10, 10, 2, 5, 1, 5, 3, 1, 9, 4, 4, 3, 7, 1, 4, 10, 5, 5, 8, 1, 10]
(1.2054057840461585, -50.64113285127143, 9.337741878971833, 5.737820409752083)
[2, 8, 10, 7, 6, 6, 5, 4, 7, 5, 2, 10, 6, 8, 9, 9, 10, 10, 2, 5, 1, 5, 3, 1, 9, 4, 4, 3, 7, 1, 4, 10, 5, 5, 8, 1, 10]
(1.2054057840461585, -50.64113285127143, 9.337741878971833, 5.737820409752083)
[2, 8, 10, 7, 6, 6, 5, 4, 7, 5, 2, 10, 6, 8, 9, 9, 10, 10, 2, 5, 1, 5, 3, 1, 9, 4, 4, 3, 7, 1, 4, 10, 5, 5, 8, 1, 10]
(1.2054057840461585, -50.64113285127143, 9.337741878971833, 5.737820409752083)
[2, 8, 10, 7, 6, 6, 5, 4, 7, 5, 2, 10, 6, 8, 9, 9, 10, 10, 2, 5, 1, 5, 3, 1, 9, 4, 4, 3, 7, 1, 4, 10, 5, 5, 8, 1, 10]
(1.2054057840461585, -50.64113285127143, 9.337741878971833, 5.737820409752083)
[2, 8, 10, 7, 6, 6, 7, 4, 7, 5, 2, 10, 6, 8, 9, 5, 10, 10, 6, 5, 3, 10, 2, 1, 6, 3, 4, 4, 2, 1, 4, 10, 5, 5, 8, 1, 10]
(13.172584949820703, -62.55801628657542, 8.056194566096352, 5.735897894117839)
[2, 8, 10, 7, 6, 6, 7, 4, 7, 5, 2, 10, 6, 8, 9, 5, 10, 10, 6, 5, 3, 10, 2, 1, 6, 3, 4, 4, 2, 1, 4, 10, 5, 5, 8, 1, 10]
(13.172584949820703, -62.55801628657542, 8.056194566096352, 5.735897894117839)
[2, 8, 10, 7, 6, 6, 5, 4, 7, 5, 2, 10, 6, 8, 9, 9, 10, 10, 2, 5, 1, 5, 3, 1, 9, 4, 4, 3, 2, 1, 4, 10, 5, 5, 8, 1, 10]
(10.572278505560414, -48.66492008058425, 11.934374652149868, 5.74060037895151)
[2, 8, 10, 7, 6, 6, 5, 4, 7, 5, 2, 10, 6, 8, 9, 9, 10, 10, 2, 5, 1, 5, 3, 1, 9, 4, 4, 3, 2, 1, 4, 10, 5, 5, 8, 1, 10]
(10.572278505560414, -48.66492008058425, 11.934374652149868, 5.74060037895151)
[2, 8, 10, 7, 6, 6, 5, 4, 7, 5, 2, 10, 6, 8, 9, 9, 10, 10, 2, 5, 1, 5, 3, 1, 9, 4, 4, 3, 2, 1, 4, 10, 5, 5, 8, 1, 10]
(10.572278505560414, -48.66492008058425, 11.934374652149868, 5.74060037895151)
[2, 8, 10, 7, 6, 6, 5, 4, 7, 5, 2, 10, 6, 8, 9, 9, 10, 10, 2, 5, 1, 5, 3, 1, 9, 4, 4, 3, 2, 1, 4, 10, 5, 5, 8, 1, 10]
(10.572278505560414, -48.66492008058425, 11.934374652149868, 5.74060037895151)
[2, 8, 10, 7, 6, 6, 5, 4, 7, 5, 2, 10, 6, 8, 9, 5, 10, 10, 2, 5, 1, 5, 2, 1, 9, 3, 4, 3, 2, 2, 4, 10, 5, 5, 8, 1, 10]
(9.91775757703272, -55.68156499978851, 12.966123845055241, 5.730661812102291)
[2, 8, 10, 7, 6, 6, 7, 4, 7, 5, 2, 10, 6, 8, 9, 4, 8, 10, 2, 5, 1, 5, 3, 1, 9, 4, 4, 3, 7, 1, 4, 10, 5, 5, 8, 1, 10]
(-0.11710021372709889, -82.85070297920498, 13.406998164346506, 5.756081964718183)
[4, 7, 10, 9, 6, 4, 10, 3, 8, 5, 4, 9, 6, 8, 9, 7, 10, 10, 6, 5, 6, 9, 2, 1, 9, 3, 4, 4, 2, 1, 4, 10, 5, 3, 8, 2, 10]
(4.739019134201544, -3.390030633640068, 6.746464101131018, 5.752986584172947)
[4, 7, 10, 9, 6, 4, 10, 3, 8, 5, 4, 9, 6, 8, 9, 7, 10, 10, 6, 5, 6, 9, 2, 1, 9, 3, 4, 4, 2, 1, 4, 10, 5, 3, 8, 2, 10]
(4.739019134201544, -3.390030633640068, 6.746464101131018, 5.752986584172947)
[4, 7, 10, 9, 6, 4, 10, 3, 8, 5, 4, 9, 6, 8, 9, 7, 10, 10, 6, 5, 6, 9, 2, 1, 9, 3, 4, 4, 2, 1, 4, 10, 5, 3, 8, 2, 10]
(4.739019134201544, -3.390030633640068, 6.746464101131018, 5.752986584172947)
[2, 7, 10, 9, 6, 4, 10, 3, 8, 5, 4, 9, 4, 8, 7, 6, 10, 10, 1, 5, 1, 7, 2, 1, 9, 3, 4, 3, 2, 4, 4, 10, 5, 3, 8, 1, 10]
(7.826244885839049, -10.368968222077447, 12.007133396758672, 5.779298098521321)
[2, 7, 10, 9, 6, 4, 10, 3, 8, 5, 4, 9, 4, 8, 7, 6, 10, 10, 1, 5, 1, 7, 2, 1, 9, 3, 4, 3, 2, 4, 4, 10, 5, 3, 8, 1, 10]
(7.826244885839049, -10.368968222077447, 12.007133396758672, 5.779298098521321)
[2, 7, 10, 9, 6, 4, 10, 3, 8, 5, 4, 9, 6, 9, 9, 5, 10, 10, 6, 5, 6, 9, 2, 1, 9, 3, 4, 4, 2, 1, 4, 10, 5, 3, 8, 2, 10]
(7.040758084935812, 0.12464715898590795, 7.532948453889898, 5.809514208329926)
[2, 7, 10, 9, 6, 4, 10, 3, 8, 5, 4, 9, 6, 9, 9, 5, 10, 10, 6, 5, 6, 9, 2, 1, 9, 3, 4, 4, 2, 1, 4, 10, 5, 3, 8, 2, 10]
(7.040758084935812, 0.12464715898590795, 7.532948453889898, 5.809514208329926)
[2, 8, 10, 7, 6, 6, 5, 4, 7, 5, 2, 9, 6, 10, 9, 7, 10, 10, 2, 5, 1, 10, 2, 1, 9, 3, 4, 3, 2, 4, 4, 10, 5, 5, 8, 1, 10]
(13.37171503159898, -8.845164145371514, -7.630571055294461, 5.797366784773858)
[2, 8, 10, 7, 6, 6, 5, 4, 7, 5, 2, 9, 6, 10, 9, 7, 10, 10, 2, 5, 1, 10, 2, 1, 9, 3, 4, 3, 2, 4, 4, 10, 5, 5, 8, 1, 10]
(13.37171503159898, -8.845164145371514, -7.630571055294461, 5.797366784773858)
[2, 8, 10, 7, 6, 6, 5, 4, 7, 5, 2, 9, 6, 10, 9, 7, 10, 10, 2, 5, 1, 10, 2, 1, 9, 3, 4, 3, 2, 4, 8, 10, 5, 5, 8, 1, 10]
(13.305934998022666, -14.02362862564204, -6.6899745139892, 5.802845601431112)
[2, 8, 10, 7, 6, 6, 5, 4, 7, 5, 2, 9, 6, 10, 9, 7, 10, 10, 2, 5, 1, 10, 2, 1, 9, 3, 4, 3, 2, 4, 8, 10, 5, 5, 8, 1, 10]
(13.305934998022666, -14.02362862564204, -6.6899745139892, 5.802845601431112)
[2, 8, 10, 7, 6, 6, 5, 4, 7, 5, 2, 9, 6, 10, 9, 7, 10, 10, 2, 5, 1, 10, 2, 1, 9, 3, 4, 3, 2, 4, 8, 10, 5, 5, 8, 1, 10]
(13.305934998022666, -14.02362862564204, -6.6899745139892, 5.802845601431112)
[2, 8, 10, 7, 6, 6, 5, 4, 7, 3, 2, 9, 6, 8, 9, 5, 10, 10, 2, 5, 1, 5, 2, 1, 9, 3, 4, 3, 2, 2, 4, 10, 5, 5, 8, 1, 10]
(7.524875650735291, -36.74624717431217, 11.26286340353881, 5.789143535463532)
[2, 8, 10, 7, 6, 6, 5, 4, 7, 3, 2, 9, 6, 8, 9, 5, 10, 10, 2, 5, 1, 5, 2, 1, 9, 3, 4, 3, 2, 2, 4, 10, 5, 5, 8, 1, 10]
(7.524875650735291, -36.74624717431217, 11.26286340353881, 5.789143535463532)
[2, 8, 10, 7, 6, 6, 5, 4, 7, 3, 2, 9, 6, 8, 9, 5, 10, 10, 2, 5, 1, 5, 2, 1, 9, 3, 4, 3, 2, 2, 4, 10, 5, 5, 8, 1, 10]
(7.524875650735291, -36.74624717431217, 11.26286340353881, 5.789143535463532)
[2, 7, 10, 9, 6, 4, 10, 3, 8, 5, 4, 9, 6, 8, 9, 5, 10, 10, 6, 5, 1, 9, 2, 1, 9, 3, 4, 4, 2, 1, 4, 10, 5, 3, 8, 2, 10]
(-6.783607437320649, -9.206392470486607, 11.83246530184895, 5.8161199224165125)
[2, 7, 10, 9, 6, 4, 10, 3, 8, 5, 4, 9, 6, 8, 9, 5, 10, 10, 6, 5, 1, 9, 2, 1, 9, 3, 4, 4, 2, 1, 4, 10, 5, 3, 8, 2, 10]
(-6.783607437320649, -9.206392470486607, 11.83246530184895, 5.8161199224165125)
[2, 7, 10, 9, 6, 4, 10, 3, 8, 5, 4, 9, 6, 8, 9, 5, 10, 10, 6, 5, 1, 9, 2, 1, 9, 3, 4, 4, 2, 1, 4, 10, 5, 3, 8, 2, 10]
(-6.783607437320649, -9.206392470486607, 11.83246530184895, 5.8161199224165125)
[2, 7, 10, 9, 6, 4, 10, 3, 8, 5, 4, 9, 4, 8, 7, 6, 10, 10, 3, 5, 1, 7, 2, 1, 9, 3, 4, 3, 2, 4, 4, 10, 5, 3, 8, 2, 10]
(1.1269475275773853, -11.630791565973137, 11.705252959359415, 5.818652817453804)
[2, 7, 10, 9, 6, 4, 10, 3, 8, 5, 4, 9, 6, 9, 9, 5, 10, 10, 6, 5, 6, 9, 2, 1, 9, 3, 4, 4, 2, 1, 4, 10, 5, 3, 8, 2, 10]
(7.040758084935812, 0.12464715898590795, 7.532948453889898, 5.809514208329926)
[2, 7, 10, 9, 6, 4, 10, 3, 8, 5, 4, 9, 6, 9, 9, 5, 10, 10, 6, 5, 6, 9, 2, 1, 9, 3, 4, 4, 2, 1, 4, 10, 5, 3, 8, 2, 10]
(7.040758084935812, 0.12464715898590795, 7.532948453889898, 5.809514208329926)
[2, 7, 10, 9, 6, 4, 10, 3, 8, 5, 4, 9, 6, 9, 9, 5, 10, 10, 6, 5, 6, 9, 2, 1, 9, 3, 4, 4, 2, 1, 4, 10, 5, 3, 8, 2, 10]
(7.040758084935812, 0.12464715898590795, 7.532948453889898, 5.809514208329926)
[2, 7, 10, 9, 6, 4, 10, 3, 8, 5, 4, 9, 4, 8, 7, 6, 10, 10, 3, 5, 1, 7, 2, 1, 9, 3, 4, 3, 2, 4, 4, 10, 5, 3, 8, 1, 10]
(5.47484122445967, -9.17954078386668, 11.751997093173632, 5.8384278356231425)
[2, 7, 10, 9, 6, 4, 10, 3, 8, 5, 4, 9, 4, 8, 7, 6, 10, 10, 3, 5, 1, 7, 2, 1, 9, 3, 4, 3, 2, 4, 4, 10, 5, 3, 8, 1, 10]
(5.47484122445967, -9.17954078386668, 11.751997093173632, 5.8384278356231425)
[2, 7, 10, 9, 6, 4, 10, 3, 8, 5, 4, 9, 4, 8, 7, 6, 10, 9, 3, 5, 1, 7, 2, 1, 9, 3, 4, 3, 2, 4, 4, 10, 5, 3, 8, 2, 10]
(5.9836392052193395, -11.785287288290307, 12.19797213400802, 5.821621905381533)
[2, 7, 10, 9, 6, 4, 10, 3, 8, 2, 4, 9, 4, 9, 9, 5, 10, 10, 6, 5, 6, 9, 2, 1, 9, 3, 4, 4, 2, 1, 4, 10, 5, 3, 8, 2, 10]
(3.0625877640558308, 3.0903041836880063, -7.021299957668333, 5.8276323771307315)
[2, 7, 10, 9, 6, 4, 10, 3, 8, 2, 4, 9, 4, 9, 9, 5, 10, 10, 6, 5, 6, 9, 2, 1, 9, 3, 4, 4, 2, 1, 4, 10, 5, 3, 8, 2, 10]
(3.0625877640558308, 3.0903041836880063, -7.021299957668333, 5.8276323771307315)
[2, 7, 10, 9, 6, 4, 10, 3, 8, 2, 4, 9, 4, 9, 9, 5, 10, 10, 6, 5, 6, 9, 2, 1, 9, 3, 4, 4, 2, 1, 4, 10, 5, 3, 8, 2, 10]
(3.0625877640558308, 3.0903041836880063, -7.021299957668333, 5.8276323771307315)
[2, 7, 10, 9, 6, 3, 10, 3, 8, 5, 4, 9, 6, 8, 9, 5, 10, 10, 4, 5, 6, 9, 2, 1, 4, 3, 4, 4, 2, 1, 4, 10, 5, 3, 8, 2, 10]
(7.350827498819447, -4.9181677107008905, 11.237966437419544, 5.832646488637417)
[2, 7, 10, 9, 6, 3, 10, 3, 8, 5, 4, 9, 6, 8, 9, 5, 10, 10, 4, 5, 6, 9, 2, 1, 4, 3, 4, 4, 2, 1, 4, 10, 5, 3, 8, 2, 10]
(7.350827498819447, -4.9181677107008905, 11.237966437419544, 5.832646488637417)
[2, 7, 10, 9, 6, 4, 10, 3, 8, 5, 4, 9, 6, 8, 9, 5, 10, 10, 6, 5, 2, 9, 2, 1, 9, 3, 4, 4, 2, 1, 4, 10, 5, 3, 8, 2, 10]
(-2.426384710161246, -8.451535350294193, 11.453622437328145, 5.827333119827369)
[2, 7, 10, 9, 6, 4, 10, 3, 8, 5, 4, 9, 6, 8, 9, 5, 10, 10, 6, 5, 2, 9, 2, 1, 9, 3, 4, 4, 2, 1, 4, 10, 5, 3, 8, 2, 10]
(-2.426384710161246, -8.451535350294193, 11.453622437328145, 5.827333119827369)
[2, 7, 10, 9, 6, 4, 10, 3, 8, 5, 4, 9, 6, 8, 9, 5, 10, 10, 6, 5, 2, 9, 2, 1, 9, 3, 4, 4, 2, 1, 4, 10, 5, 3, 8, 2, 10]
(-2.426384710161246, -8.451535350294193, 11.453622437328145, 5.827333119827369)
[2, 7, 10, 9, 6, 4, 10, 3, 8, 1, 4, 9, 4, 8, 7, 6, 10, 10, 3, 5, 1, 7, 2, 1, 9, 3, 4, 3, 2, 4, 4, 10, 5, 3, 8, 1, 10]
(4.8575143164867365, 2.6905023370053316, 10.366771817080032, 5.885470113085024)
[2, 7, 10, 9, 6, 4, 10, 3, 8, 1, 4, 9, 4, 8, 7, 6, 10, 10, 3, 5, 1, 7, 2, 1, 9, 3, 4, 3, 2, 4, 4, 10, 5, 3, 8, 1, 10]
(4.8575143164867365, 2.6905023370053316, 10.366771817080032, 5.885470113085024)
[2, 7, 10, 9, 6, 4, 10, 3, 8, 5, 4, 9, 6, 8, 9, 5, 10, 10, 6, 5, 1, 9, 2, 1, 9, 3, 4, 4, 2, 1, 4, 10, 5, 3, 8, 1, 10]
(3.7492039208972985, -4.661003713720511, 9.518536499806151, 5.869454505152982)
[2, 7, 10, 9, 6, 4, 10, 3, 8, 5, 4, 9, 6, 8, 9, 5, 10, 10, 6, 5, 1, 9, 2, 1, 9, 3, 4, 4, 2, 1, 4, 10, 5, 3, 8, 1, 10]
(3.7492039208972985, -4.661003713720511, 9.518536499806151, 5.869454505152982)
[2, 7, 10, 9, 6, 4, 10, 3, 8, 5, 4, 9, 6, 8, 9, 5, 10, 10, 6, 5, 1, 9, 2, 1, 9, 3, 4, 4, 2, 1, 4, 10, 5, 3, 8, 1, 10]
(3.7492039208972985, -4.661003713720511, 9.518536499806151, 5.869454505152982)
[2, 7, 10, 9, 6, 4, 10, 3, 8, 5, 4, 9, 6, 8, 9, 5, 10, 10, 6, 5, 1, 9, 2, 1, 9, 3, 4, 4, 2, 1, 4, 10, 5, 3, 8, 1, 10]
(3.7492039208972985, -4.661003713720511, 9.518536499806151, 5.869454505152982)
[2, 7, 10, 9, 6, 4, 10, 3, 8, 5, 4, 9, 6, 8, 9, 5, 10, 10, 6, 5, 1, 9, 2, 1, 9, 3, 4, 4, 2, 1, 4, 10, 5, 3, 8, 1, 10]
(3.7492039208972985, -4.661003713720511, 9.518536499806151, 5.869454505152982)
[2, 7, 10, 9, 6, 4, 10, 3, 8, 5, 4, 9, 6, 8, 9, 5, 10, 10, 6, 5, 1, 9, 2, 1, 9, 3, 4, 4, 2, 1, 4, 10, 5, 3, 8, 1, 10]
(3.7492039208972985, -4.661003713720511, 9.518536499806151, 5.869454505152982)
[2, 8, 10, 7, 6, 6, 5, 4, 7, 5, 2, 9, 4, 8, 10, 8, 10, 10, 2, 4, 5, 8, 2, 1, 9, 3, 2, 3, 7, 6, 7, 10, 5, 5, 7, 1, 10]
(8.768651814242004, -5.386492990064413, 0.5512913921895986, 5.866988019724469)
[2, 7, 10, 9, 6, 4, 10, 3, 8, 5, 4, 9, 6, 8, 9, 5, 10, 10, 6, 5, 6, 9, 2, 1, 9, 3, 4, 4, 2, 1, 4, 10, 5, 3, 8, 2, 10]
(-6.266604039864605, -5.833499953165874, 10.15700823647054, 5.855208885420812)
[2, 7, 10, 9, 6, 4, 10, 3, 8, 5, 4, 9, 6, 8, 9, 5, 10, 10, 6, 5, 6, 9, 2, 1, 9, 3, 4, 4, 2, 1, 4, 10, 5, 3, 8, 2, 10]
(-6.266604039864605, -5.833499953165874, 10.15700823647054, 5.855208885420812)
[2, 7, 10, 9, 6, 4, 10, 3, 8, 5, 4, 9, 6, 8, 9, 5, 10, 10, 6, 5, 6, 9, 2, 1, 9, 3, 4, 4, 2, 1, 4, 10, 5, 3, 8, 2, 10]
(-6.266604039864605, -5.833499953165874, 10.15700823647054, 5.855208885420812)
[2, 7, 10, 9, 6, 4, 10, 3, 8, 5, 4, 9, 6, 8, 9, 5, 10, 10, 6, 5, 6, 9, 2, 1, 9, 3, 4, 4, 2, 1, 4, 10, 5, 3, 8, 2, 10]
(-6.266604039864605, -5.833499953165874, 10.15700823647054, 5.855208885420812)
[2, 8, 10, 7, 6, 6, 5, 4, 7, 5, 2, 9, 4, 8, 10, 8, 10, 10, 2, 4, 2, 8, 2, 1, 9, 3, 2, 3, 7, 1, 7, 10, 5, 5, 7, 1, 10]
(4.40171366051686, -16.63330923441382, 2.1327725180205923, 5.893762366873805)
[2, 8, 10, 7, 6, 6, 5, 4, 7, 5, 2, 9, 4, 8, 10, 8, 10, 10, 2, 4, 2, 8, 2, 1, 9, 3, 2, 3, 7, 1, 7, 10, 5, 5, 7, 1, 10]
(4.40171366051686, -16.63330923441382, 2.1327725180205923, 5.893762366873805)
[2, 8, 10, 7, 6, 6, 5, 4, 7, 5, 2, 9, 4, 8, 10, 4, 10, 10, 2, 5, 2, 8, 2, 1, 9, 2, 2, 3, 7, 1, 7, 10, 5, 5, 7, 1, 10]
(9.16739660149641, -28.4001020901832, 7.077237943290778, 5.889723090544182)
[2, 8, 10, 7, 6, 6, 5, 4, 7, 5, 2, 9, 4, 8, 10, 4, 10, 10, 2, 5, 2, 8, 2, 1, 9, 2, 2, 3, 7, 1, 7, 10, 5, 5, 7, 1, 10]
(9.16739660149641, -28.4001020901832, 7.077237943290778, 5.889723090544182)
[2, 8, 10, 7, 6, 6, 5, 4, 7, 5, 2, 9, 4, 8, 10, 4, 10, 10, 2, 5, 2, 8, 2, 1, 9, 2, 2, 3, 7, 1, 7, 10, 5, 5, 7, 1, 10]
(9.16739660149641, -28.4001020901832, 7.077237943290778, 5.889723090544182)
[2, 8, 10, 7, 6, 6, 5, 4, 7, 5, 2, 9, 4, 8, 10, 4, 10, 10, 2, 5, 2, 8, 2, 1, 9, 2, 2, 3, 7, 1, 7, 10, 5, 5, 7, 1, 10]
(9.16739660149641, -28.4001020901832, 7.077237943290778, 5.889723090544182)
[2, 8, 10, 7, 6, 6, 5, 4, 7, 5, 2, 9, 4, 8, 10, 4, 10, 10, 2, 5, 2, 8, 2, 1, 9, 2, 2, 3, 7, 1, 7, 10, 5, 5, 7, 1, 10]
(9.16739660149641, -28.4001020901832, 7.077237943290778, 5.889723090544182)
[2, 8, 10, 7, 6, 6, 3, 4, 7, 5, 2, 9, 4, 8, 10, 8, 10, 10, 2, 5, 2, 5, 2, 1, 9, 3, 2, 3, 7, 1, 7, 10, 5, 5, 7, 1, 10]
(7.7906619931098255, -7.992316550160407, -4.87581928583638, 5.888841108626967)
[2, 8, 10, 7, 6, 6, 3, 4, 7, 5, 2, 9, 4, 8, 10, 8, 10, 10, 2, 5, 2, 5, 2, 1, 9, 3, 2, 3, 7, 1, 7, 10, 5, 5, 7, 1, 10]
(7.7906619931098255, -7.992316550160407, -4.87581928583638, 5.888841108626967)
[2, 8, 10, 7, 6, 6, 5, 4, 7, 5, 2, 9, 4, 8, 10, 4, 10, 10, 2, 5, 2, 8, 2, 1, 9, 2, 2, 3, 7, 1, 7, 10, 5, 5, 7, 1, 10]
(9.16739660149641, -28.4001020901832, 7.077237943290778, 5.889723090544182)
[2, 7, 10, 9, 6, 4, 3, 3, 8, 5, 4, 9, 6, 9, 9, 5, 10, 10, 6, 5, 6, 9, 2, 1, 9, 3, 4, 3, 8, 1, 6, 10, 6, 3, 8, 2, 10]
(-0.2069020594710338, 5.142262006868354, 6.44401397616295, 5.904293423242489)
[2, 7, 10, 9, 6, 4, 3, 3, 8, 5, 4, 9, 6, 9, 9, 5, 10, 10, 6, 5, 6, 9, 2, 1, 9, 3, 4, 3, 8, 1, 6, 10, 6, 3, 8, 2, 10]
(-0.2069020594710338, 5.142262006868354, 6.44401397616295, 5.904293423242489)
[2, 7, 10, 9, 6, 4, 3, 3, 8, 5, 4, 9, 6, 9, 9, 5, 10, 10, 6, 5, 6, 9, 2, 1, 9, 3, 4, 3, 8, 1, 6, 10, 6, 3, 8, 2, 10]
(-0.2069020594710338, 5.142262006868354, 6.44401397616295, 5.904293423242489)
[2, 7, 10, 9, 6, 4, 3, 3, 8, 5, 4, 9, 6, 9, 9, 5, 10, 10, 6, 5, 6, 9, 2, 1, 9, 3, 4, 3, 8, 1, 6, 10, 6, 3, 8, 2, 10]
(-0.2069020594710338, 5.142262006868354, 6.44401397616295, 5.904293423242489)
[2, 7, 10, 9, 6, 6, 6, 3, 8, 5, 4, 9, 6, 8, 9, 5, 10, 10, 6, 5, 6, 9, 2, 1, 9, 3, 7, 3, 2, 4, 3, 10, 5, 3, 8, 1, 10]
(-11.421317358682423, -17.306504942096407, 9.357900634013761, 5.8904169625485965)
[2, 7, 10, 9, 6, 6, 6, 3, 8, 5, 4, 9, 6, 8, 9, 5, 10, 10, 6, 5, 6, 9, 2, 1, 9, 3, 7, 3, 2, 4, 3, 10, 5, 3, 8, 1, 10]
(-11.421317358682423, -17.306504942096407, 9.357900634013761, 5.8904169625485965)
[2, 7, 10, 9, 6, 4, 10, 3, 8, 5, 6, 9, 4, 7, 9, 5, 10, 10, 6, 5, 1, 9, 2, 1, 1, 2, 6, 5, 7, 9, 10, 10, 5, 3, 8, 2, 10]
(-6.583127054193938, 3.5587189759036675, 10.479514838520073, 5.895044895155068)
[2, 7, 10, 9, 6, 4, 10, 3, 8, 5, 6, 9, 4, 7, 9, 5, 10, 10, 6, 5, 1, 9, 2, 1, 1, 2, 6, 5, 7, 9, 10, 10, 5, 3, 8, 2, 10]
(-6.583127054193938, 3.5587189759036675, 10.479514838520073, 5.895044895155068)
[2, 8, 10, 7, 6, 6, 5, 4, 7, 5, 2, 9, 4, 8, 10, 4, 10, 10, 2, 5, 2, 8, 2, 1, 9, 2, 2, 3, 7, 1, 7, 10, 5, 5, 7, 1, 10]
(9.16739660149641, -28.4001020901832, 7.077237943290778, 5.889723090544182)
[2, 8, 10, 7, 6, 6, 5, 4, 7, 5, 2, 9, 4, 8, 10, 4, 10, 10, 2, 5, 2, 8, 2, 1, 9, 2, 2, 3, 7, 1, 7, 10, 5, 5, 7, 1, 10]
(9.16739660149641, -28.4001020901832, 7.077237943290778, 5.889723090544182)
[2, 8, 10, 7, 6, 6, 5, 4, 7, 5, 2, 9, 4, 8, 10, 4, 10, 10, 2, 5, 2, 8, 2, 1, 9, 2, 2, 3, 7, 1, 7, 10, 5, 5, 7, 1, 10]
(9.16739660149641, -28.4001020901832, 7.077237943290778, 5.889723090544182)
[2, 8, 10, 7, 6, 6, 5, 4, 7, 5, 2, 9, 4, 8, 10, 4, 10, 10, 2, 5, 2, 8, 2, 1, 9, 2, 2, 3, 7, 1, 7, 10, 5, 5, 7, 1, 10]
(9.16739660149641, -28.4001020901832, 7.077237943290778, 5.889723090544182)
[2, 8, 10, 7, 6, 6, 5, 4, 7, 5, 2, 9, 4, 8, 10, 4, 10, 10, 2, 5, 2, 8, 2, 1, 9, 2, 2, 3, 7, 1, 7, 10, 5, 5, 7, 1, 10]
(9.16739660149641, -28.4001020901832, 7.077237943290778, 5.889723090544182)
[2, 7, 10, 9, 6, 4, 3, 3, 8, 5, 4, 9, 6, 9, 9, 5, 10, 10, 6, 5, 6, 9, 2, 1, 9, 3, 4, 3, 7, 1, 4, 10, 6, 3, 8, 2, 10]
(-1.3548950675824027, 5.274028908568549, 7.217796471709172, 5.899338757516043)
[2, 7, 10, 9, 6, 4, 3, 3, 8, 5, 4, 9, 6, 9, 9, 5, 10, 10, 6, 5, 6, 9, 2, 1, 9, 3, 4, 3, 7, 1, 4, 10, 6, 3, 8, 2, 10]
(-1.3548950675824027, 5.274028908568549, 7.217796471709172, 5.899338757516043)
[2, 7, 10, 9, 6, 6, 6, 3, 8, 5, 4, 9, 6, 8, 9, 7, 10, 10, 5, 5, 6, 9, 6, 1, 9, 3, 4, 3, 2, 4, 9, 7, 5, 3, 8, 1, 10]
(10.292044686094599, -9.217315933131005, -0.5786601240345313, 5.89568851892315)
[2, 7, 10, 9, 6, 6, 6, 3, 8, 5, 4, 9, 6, 8, 9, 7, 10, 10, 5, 5, 6, 9, 6, 1, 9, 3, 4, 3, 2, 4, 9, 7, 5, 3, 8, 1, 10]
(10.292044686094599, -9.217315933131005, -0.5786601240345313, 5.89568851892315)
[2, 7, 10, 9, 6, 4, 10, 3, 8, 5, 6, 9, 4, 7, 9, 5, 10, 10, 6, 5, 1, 9, 2, 1, 1, 2, 6, 5, 7, 9, 10, 10, 5, 3, 8, 2, 10]
(-6.583127054193938, 3.5587189759036675, 10.479514838520073, 5.895044895155068)
[2, 7, 10, 9, 6, 6, 6, 3, 8, 5, 4, 9, 6, 8, 9, 7, 10, 10, 5, 5, 6, 9, 6, 1, 9, 3, 4, 3, 2, 4, 4, 7, 5, 3, 8, 1, 10]
(10.498947443702388, -6.56135261918716, 5.419310097581002, 5.915414851532308)
[2, 7, 10, 9, 6, 6, 6, 3, 8, 5, 4, 9, 6, 8, 9, 7, 10, 10, 5, 5, 6, 9, 6, 1, 9, 3, 4, 3, 2, 4, 4, 7, 5, 3, 8, 1, 10]
(10.498947443702388, -6.56135261918716, 5.419310097581002, 5.915414851532308)
[2, 7, 10, 9, 6, 6, 6, 3, 8, 5, 4, 9, 6, 8, 9, 7, 10, 10, 5, 5, 6, 9, 6, 1, 9, 3, 4, 3, 2, 4, 4, 7, 5, 3, 8, 1, 10]
(10.498947443702388, -6.56135261918716, 5.419310097581002, 5.915414851532308)
[2, 7, 10, 9, 6, 4, 3, 3, 8, 5, 4, 9, 6, 8, 9, 5, 10, 10, 6, 5, 6, 9, 2, 1, 9, 3, 4, 3, 7, 1, 7, 10, 6, 3, 8, 2, 10]
(-2.0586619640615016, 4.7743222823343885, 7.994756601331827, 5.925094555443046)
[2, 7, 10, 9, 6, 4, 3, 3, 8, 5, 4, 9, 6, 8, 9, 5, 10, 10, 6, 5, 6, 9, 2, 1, 9, 3, 4, 3, 7, 1, 7, 10, 6, 3, 8, 2, 10]
(-2.0586619640615016, 4.7743222823343885, 7.994756601331827, 5.925094555443046)
[2, 5, 10, 9, 6, 4, 10, 3, 8, 5, 4, 10, 6, 8, 9, 5, 10, 6, 2, 5, 6, 9, 2, 1, 10, 3, 4, 5, 3, 3, 5, 10, 6, 3, 8, 2, 10]
(-1.4530769195336664, 5.458022785920998, 7.93429313120348, 5.9207674853820595)
[2, 7, 10, 9, 6, 4, 10, 3, 7, 5, 6, 9, 4, 7, 9, 5, 10, 10, 6, 5, 6, 9, 2, 1, 1, 2, 6, 5, 7, 9, 10, 10, 5, 3, 8, 2, 10]
(6.101507003932955, 3.9138865892504677, 2.7639757723894007, 5.93336478763782)
[2, 5, 10, 9, 6, 4, 10, 3, 8, 5, 4, 10, 6, 8, 9, 5, 10, 6, 2, 5, 6, 9, 2, 1, 9, 3, 4, 4, 2, 1, 4, 10, 5, 3, 8, 2, 10]
(5.36289494048087, 6.056943601907318, 5.148649037468567, 5.954921904609566)
[2, 8, 10, 7, 6, 6, 5, 9, 7, 5, 2, 9, 6, 8, 8, 7, 10, 3, 2, 7, 3, 10, 2, 1, 9, 3, 4, 3, 2, 4, 4, 7, 5, 3, 8, 1, 10]
(3.567652914180826, -2.1197565990894414, 1.3866758046703092, 5.976702610377699)
[2, 8, 10, 7, 6, 6, 5, 4, 7, 5, 2, 3, 4, 8, 10, 8, 10, 10, 2, 5, 1, 5, 2, 1, 7, 3, 4, 3, 2, 2, 7, 10, 5, 5, 7, 1, 10]
(4.633971527532412, 2.864386455088239, -0.6082450615105153, 5.97765638510584)
[2, 7, 10, 9, 6, 4, 10, 4, 7, 5, 2, 9, 4, 8, 10, 4, 10, 10, 2, 5, 2, 8, 2, 1, 9, 2, 9, 3, 7, 1, 7, 10, 5, 5, 7, 1, 10]
(-0.7361462267144814, 6.000816951835413, -0.4319091685600072, 5.985540275514757)
[2, 7, 10, 9, 6, 4, 7, 4, 2, 5, 2, 10, 5, 8, 9, 9, 10, 10, 2, 5, 1, 7, 9, 1, 9, 3, 4, 3, 2, 4, 4, 10, 5, 3, 8, 2, 10]
(0.34256309776169475, 2.3528085110576975, 0.28665237360198964, 6.164225966139013)
[2, 1, 10, 7, 9, 6, 5, 4, 7, 6, 2, 8, 6, 10, 9, 7, 10, 10, 2, 1, 1, 10, 2, 1, 1, 5, 4, 5, 3, 8, 5, 10, 6, 6, 7, 1, 10]
(0.0011463138980502662, 2.3823364740874977e-06, 4.772054380407746e-07, 6.224917265029597)
[2, 8, 2, 3, 6, 6, 5, 4, 7, 5, 2, 9, 6, 8, 3, 7, 10, 3, 2, 7, 3, 10, 2, 1, 9, 3, 4, 3, 2, 4, 4, 7, 5, 3, 8, 1, 10]
(0.0011243796029589245, 9.50345493151818e-06, 1.9088219815136584e-06, 6.225046964028463)
[2, 4, 3, 9, 6, 4, 10, 4, 2, 5, 2, 10, 6, 8, 9, 6, 10, 10, 3, 5, 10, 7, 2, 1, 3, 3, 4, 3, 2, 4, 4, 10, 5, 3, 8, 2, 10]
(0.001211643187059508, -4.530655917098334e-05, 9.528454589464272e-07, 6.226358890960976)
[2, 4, 3, 9, 6, 4, 10, 4, 2, 5, 2, 10, 6, 8, 9, 6, 10, 10, 3, 5, 10, 7, 2, 1, 3, 3, 4, 3, 2, 4, 4, 10, 5, 3, 8, 2, 10]
(0.001211643187059508, -4.530655917098334e-05, 9.528454589464272e-07, 6.226358890960976)
