gen	evals	std                                          	min                                                  	avg                                                              	max                                          
0  	168  	[0.20183436 1.56816929 0.33299387 1.40859391]	[ -1.65524098 -12.47133836  -3.98422073   1.22352412]	[-3.63329917e-03 -2.67042597e-01 -3.69457230e-02  5.04474494e+00]	[1.17212949 6.17756127 0.31988772 6.2437424 ]
1  	168  	[0.26041593 1.97477108 0.36838867 0.7886976 ]	[ -1.65524098 -17.84007549  -3.98422073   1.6710007 ]	[ 0.02109562 -0.21395763 -0.02733862  5.80307103]                	[1.17212949 6.17756127 0.5842164  6.2437424 ]
2  	168  	[0.42563593 1.45581236 0.39800379 0.24456478]	[-2.72794588 -9.38276443 -3.98422073  4.97487035]    	[0.03871685 0.07076962 0.03687092 5.98343374]                    	[2.21805362 6.17756127 1.36609433 6.2437424 ]
3  	168  	[0.46321504 1.69673687 0.43538273 0.38765037]	[-2.72794588 -9.38276443 -3.98422073  2.92421785]    	[0.07163647 0.21169092 0.04548698 5.95915674]                    	[2.21805362 6.17756127 1.36609433 6.2444497 ]
4  	168  	[0.41635768 1.28445017 0.29375815 0.30309852]	[-2.04211431 -3.50237338 -0.80077454  4.90130298]    	[0.02671061 0.44151109 0.0738721  6.06749619]                    	[2.21805362 6.17756127 1.52802273 6.2444497 ]
5  	168  	[0.54327278 1.35102621 0.39794085 0.23998267]	[-3.15032594 -5.30436964 -0.68952518  4.89833626]    	[-5.37516480e-03  3.82767366e-01  1.02863183e-01  6.12365640e+00]	[2.71938802 6.17756127 3.19019201 6.2444497 ]
6  	168  	[0.53976509 1.51479664 0.36920411 0.2427217 ]	[-2.82754012 -5.30436964 -0.68952518  4.89833626]    	[0.01257391 0.71081439 0.13665118 6.07826453]                    	[2.71938802 6.17756127 3.19019201 6.2444497 ]
7  	168  	[0.56961439 1.26023454 0.39991744 0.14149908]	[-2.82754012 -5.30436964 -0.68952518  5.22526064]    	[0.0401864  0.63491016 0.17391502 6.10530565]                    	[2.71938802 6.17756127 3.19019201 6.2444497 ]
8  	168  	[0.72511296 1.44929958 0.41243877 0.14307716]	[-2.82754012 -5.30436964 -0.05592009  5.22526064]    	[0.10284177 1.08030083 0.25683107 6.05073412]                    	[2.71938802 6.17756127 3.19019201 6.24303965]
9  	168  	[0.81672777 1.58208833 0.48780997 0.15933089]	[-2.82754012 -1.72167451 -0.3114212   5.22526064]    	[0.17293167 0.91214272 0.27433353 6.04145969]                    	[3.32171571 6.17756127 3.19019201 6.24303965]
10 	168  	[0.94241512 1.59882711 0.52290539 0.13984369]	[-2.82754012 -1.35511409 -0.21742486  5.46746656]    	[0.36114892 0.89124843 0.46045206 6.01982976]                    	[3.58125401 6.22273234 3.19019201 6.24303965]
11 	168  	[1.00258048 1.85195275 0.6130573  0.17443405]	[-2.82754012 -5.95100015 -0.41402455  5.24972212]    	[0.46953038 0.79321034 0.4748598  6.04209369]                    	[3.58125401 6.22273234 3.19019201 6.24303965]
12 	168  	[1.33831313 2.17382536 0.67403163 0.18928659]	[-3.00303188 -5.95100015 -0.21742486  5.24972212]    	[0.55142425 1.04625987 0.48342632 6.04250014]                    	[3.78711183 6.22273234 3.19019201 6.24303965]
13 	168  	[1.70958577 2.60605068 0.79621592 0.20049834]	[-3.00303188 -5.95100015 -0.47813051  5.24972212]    	[0.68653025 2.79502739 0.88338528 5.9517733 ]                    	[3.78711183 6.22273234 3.19019201 6.24202549]
14 	168  	[1.53348282 2.51455785 0.82661521 0.15150611]	[-2.99130514 -5.95100015 -0.06964177  5.24972212]    	[0.76875014 3.28566374 1.08450241 5.95396935]                    	[3.78711183 6.22273234 3.19019201 6.23942236]
15 	168  	[1.59543192 2.42362487 0.86591487 0.15314397]	[-2.99130514 -5.95100015 -0.12138234  5.24972212]    	[0.92747681 3.51922891 1.1446142  5.93067846]                    	[5.96445361 6.22273234 3.47530803 6.23514507]
16 	168  	[1.50827698 2.33784121 0.86849407 0.1487642 ]	[-2.99130514 -5.95100015 -0.09924381  5.24972212]    	[0.96752611 3.50832627 1.1268499  5.93726798]                    	[5.96445361 6.22273234 3.47530803 6.23905276]
17 	168  	[1.50769265 2.21618707 0.89787806 0.15859926]	[-2.99130514 -5.95100015 -0.06964177  5.24972212]    	[0.76144396 3.99756391 1.25804458 5.95019822]                    	[5.96445361 6.22273234 3.47530803 6.23999733]
18 	168  	[1.61077051 2.3137054  1.04694465 0.15990948]	[-1.95628559 -5.95100015 -4.54711929  5.24972212]    	[0.93351211 3.93102794 1.25603014 5.92627389]                    	[7.00683627 6.22273234 3.47530803 6.24015768]
19 	168  	[1.68310923 2.29055768 1.04698936 0.1539581 ]	[-1.95628559 -5.95100015 -4.54711929  5.24972212]    	[1.09436155 4.18390416 1.36133635 5.90275769]                    	[7.00683627 6.22273234 3.47530803 6.23493979]
20 	168  	[1.74973997 2.24889126 1.01674254 0.15524448]	[-1.95628559 -5.95100015 -4.54711929  5.24972212]    	[1.07382004 4.27672312 1.42600691 5.89777032]                    	[7.00683627 6.22273234 3.47530803 6.23945461]
21 	168  	[1.87903617 2.47320624 1.05383441 0.1796053 ]	[-3.54752819 -5.95100015 -4.54711929  5.24972212]    	[1.19236389 4.12011535 1.45310963 5.9086175 ]                    	[7.00683627 6.22273234 3.47530803 6.23997331]
22 	168  	[1.81321524 2.45373403 1.03594458 0.16382592]	[-1.95628559 -1.97831349 -4.54711929  5.53571786]    	[1.36575296 3.79785981 1.32295089 5.92488515]                    	[7.00683627 6.22273234 3.68735625 6.23997331]
23 	168  	[1.84445823 2.24012249 1.03444524 0.16209938]	[-1.95628559 -1.97831349 -4.54711929  5.53455804]    	[1.63954982 4.02911863 1.31008398 5.90680507]                    	[7.00683627 6.22273234 3.6988234  6.24493833]
24 	168  	[2.09904533 1.97391062 1.05936281 0.1564627 ]	[-1.95628559 -1.52529463 -0.93564859  5.4563031 ]    	[1.62338829 4.32437004 1.53799808 5.90104089]                    	[8.01471075 6.24265365 3.6988234  6.24493833]
25 	168  	[2.26610978 1.85865161 1.14523853 0.16331929]	[-3.40434695 -1.52529463 -0.93564859  5.4563031 ]    	[2.02445367 4.20616249 1.59437615 5.89065689]                    	[8.01471075 6.24265365 4.12343022 6.23946049]
26 	168  	[2.4083592  2.07371745 1.17763916 0.17586521]	[-3.40434695 -2.37168976 -0.93564859  5.40057672]    	[2.28399317 3.92606823 1.70213992 5.87568478]                    	[8.01471075 6.24265365 4.12343022 6.23910158]
27 	168  	[2.8651186  3.54679212 1.50259238 0.21893094]	[ -3.40434695 -31.30359706  -2.89157713   5.31191015]	[2.48750141 3.07108648 1.67363509 5.8759474 ]                    	[8.86308642 6.24265365 9.19473634 6.23910158]
28 	168  	[3.2700667  5.07094211 1.55005351 0.22188476]	[-11.70283854 -42.5045871   -2.89157713   5.31191015]	[2.37312423 3.00285444 1.7481934  5.85394905]                    	[9.35675754 6.22717168 9.19473634 6.2352478 ]
29 	168  	[3.35184698 5.13694989 1.67658034 0.23059815]	[-11.70283854 -42.5045871   -2.89157713   5.31191015]	[2.68325796 2.78614579 1.67870002 5.83912899]                    	[9.35675754 6.23773853 9.19473634 6.23896136]
30 	168  	[3.33734081 7.31308843 1.99731903 0.23798244]	[-11.70283854 -44.38786069  -2.79249724   5.31191015]	[2.49245969 1.96826711 1.95345127 5.83714295]                    	[9.35675754 6.24251039 9.73790844 6.23924893]
31 	168  	[ 3.5396764  11.2460015   2.24123411  0.24015891]	[ -11.70283854 -109.54660329   -2.79249724    5.31191015]	[2.91445704 1.17791114 2.14728096 5.7784366 ]                    	[10.68296277  6.23773853  9.73790844  6.240042  ]
32 	168  	[ 3.56570236 12.14160129  2.46913312  0.2449625 ]	[ -11.70283854 -109.54660329   -1.45024825    5.31191015]	[2.72854624 0.53675672 2.32141477 5.78562186]                    	[10.68296277  6.24365408 10.40321111  6.24092624]
33 	168  	[ 4.03029994 13.45387502  3.02607406  0.26918816]	[ -11.70283854 -109.54660329   -8.40886773    5.31191015]	[ 3.04664207 -0.46067756  2.83005821  5.74399308]                	[10.68296277  6.24372422 10.40321111  6.24092624]
34 	168  	[ 4.61114037 12.88248744  3.22048746  0.25554266]	[ -11.70283854 -109.54660329   -8.40886773    5.31191015]	[ 3.16199968 -0.92683216  3.23403668  5.71298543]                	[11.83129235  6.23773853 11.72345296  6.24081171]
35 	168  	[ 5.86676738 14.73146614  3.80034185  0.25688015]	[ -23.39155902 -109.54660329   -8.40886773    5.25689416]	[ 2.4209693  -3.12981494  3.528513    5.69865698]                	[12.87398981  6.23773853 13.88178052  6.24010698]
36 	168  	[ 5.81654155 15.28441293  3.87679112  0.26333779]	[ -23.39155902 -109.54660329   -8.40886773    5.10537168]	[ 2.99766296 -3.90190133  3.88596827  5.66202992]                	[12.87398981  6.23773853 13.88178052  6.24036526]
37 	168  	[ 5.76077814 15.27223801  3.88684735  0.26135093]	[ -23.39155902 -109.54660329   -8.40886773    5.10537168]	[ 3.22506166 -4.37847447  3.89288929  5.6563409 ]                	[12.87398981  6.23773853 13.88178052  6.24035624]
38 	168  	[ 5.89129384 16.61242239  4.2244243   0.25368539]	[ -23.39155902 -109.54660329  -13.94678183    5.10537168]	[ 4.36142216 -5.9487177   3.71588346  5.63802593]                	[12.87398981  6.19634834 13.88178052  6.24035624]
39 	168  	[ 5.94114139 18.43156079  4.41078196  0.2664871 ]	[ -23.39155902 -121.77595432  -13.94678183    5.09786827]	[ 4.57527523 -5.73801523  3.69201728  5.63089878]                	[12.87398981  6.19634834 13.88178052  6.24035624]
40 	168  	[ 6.02905924 18.55867432  4.83260977  0.25238114]	[ -23.39155902 -121.77595432  -13.94678183    5.09786827]	[ 4.77920321 -7.89263881  3.70369879  5.63458266]                	[13.41988434  6.19634834 13.88178052  6.24035624]
41 	168  	[ 5.97375266 15.20519639  5.19762958  0.23839701]	[-23.39155902 -75.131932   -13.94678183   5.09786827]    	[ 4.72017673 -7.31037817  3.63049355  5.6268932 ]                	[13.41988434  6.19634834 13.88178052  6.24035601]
42 	168  	[ 5.88703592 15.38084826  4.95354304  0.23280388]	[-23.39155902 -75.131932   -13.94678183   5.09786827]    	[ 4.95244472 -7.63049122  4.04598713  5.62872156]                	[13.41988434  6.16833598 13.88178052  6.23978346]
43 	168  	[ 5.90757115 15.89715506  4.96629983  0.23407558]	[-23.39155902 -70.97119136 -12.08759083   5.09786827]    	[ 5.12483398 -8.46918595  4.28938295  5.63130223]                	[13.41988434  6.16833598 13.88178052  6.23978426]
44 	168  	[ 6.34597151 16.66376777  4.88575805  0.24604006]	[-23.39155902 -70.97119136 -12.08759083   5.09786827]    	[ 4.79721424 -9.25377953  4.76009175  5.63442193]                	[13.41988434  6.16833598 13.88178052  6.23972793]
45 	168  	[ 6.28177023 17.65200568  4.73589992  0.24292407]	[-23.39155902 -70.97119136 -12.08759083   5.09786827]    	[  5.31244748 -11.10385232   5.41298026   5.62200337]            	[14.49442992  6.16833598 13.88178052  6.23972793]
46 	168  	[ 6.19841386 17.9608283   4.63157338  0.25928187]	[-23.39155902 -66.2327806   -6.50934016   5.09786827]    	[  5.35599653 -11.15945474   5.30788054   5.63047171]            	[14.21831938  6.1737471  13.88178052  6.23972793]
47 	168  	[ 6.11006229 18.00339689  4.74842882  0.25183041]	[-23.39155902 -66.2327806  -12.68807145   5.0829015 ]    	[  5.34742805 -11.33336078   5.28203286   5.63659876]            	[14.21831938  6.20057791 13.88178052  6.2398226 ]
48 	168  	[ 6.66630064 17.20256655  5.15027258  0.25836481]	[-23.39155902 -66.2327806  -23.39736546   5.0829015 ]    	[  4.54525021 -10.92052911   5.73084937   5.61905881]            	[14.21831938  6.20057791 13.88178052  6.23907415]
49 	168  	[ 7.23314009 19.81268341  5.29649014  0.26636732]	[-23.39155902 -66.61891974 -23.39736546   5.22804334]    	[  4.45215717 -12.8498397    5.78711954   5.63600512]            	[14.21831938  6.20057791 13.88178052  6.23907415]
50 	168  	[ 6.9800854  19.42333399  5.30951015  0.26867368]	[-23.39155902 -66.61891974 -23.39736546   5.22804334]    	[  4.63224581 -12.07920018   5.49577605   5.65262576]            	[14.21831938  6.20057791 13.88178052  6.23909427]
51 	168  	[ 7.11667822 19.7473634   5.61177511  0.2608168 ]	[-23.39155902 -66.61891974 -23.39736546   5.22804334]    	[  4.50715835 -12.43928561   5.37547087   5.65191313]            	[14.42710201  6.20057791 13.88178052  6.23909467]
52 	168  	[ 7.21558439 20.00206533  6.07095679  0.25264175]	[-23.39155902 -66.61891974 -23.39736546   5.22804334]    	[  4.6159484  -13.3812315    5.16419703   5.6552419 ]            	[14.42710201  6.20057791 13.88178052  6.23909467]
53 	168  	[ 7.0811229  20.9275466   6.12668894  0.25128027]	[-23.39155902 -66.61891974 -19.27222036   5.22804334]    	[  4.40288432 -14.12873239   5.06073305   5.69064904]            	[14.42710201  6.20057791 13.88178052  6.23909467]
54 	168  	[ 7.46720752 21.76429743  6.46583015  0.25535521]	[-23.39155902 -66.61891974 -19.27222036   5.21544869]    	[  4.34755874 -15.222431     5.07830629   5.68241987]            	[14.42710201  6.20057791 13.88178052  6.23909467]
55 	168  	[ 7.00693118 22.05267247  6.63620783  0.25888215]	[-23.39155902 -89.02471316 -19.27222036   5.22286253]    	[  4.99667435 -14.83763932   4.54691053   5.7143475 ]            	[17.81792665  6.20057791 15.22732453  6.23909393]
56 	168  	[ 6.81542742 22.69837228  6.60310861  0.24575045]	[-23.39155902 -89.02471316 -19.27222036   5.22286253]    	[  4.62375347 -15.55750581   4.82121607   5.73381904]            	[17.81792665  6.20057791 15.22732453  6.23909393]
57 	168  	[ 6.78712408 22.86250837  6.44777822  0.2499379 ]	[-23.39155902 -89.02471316 -19.27222036   5.22286253]    	[  4.63691109 -16.40019703   4.94368551   5.73198483]            	[17.81792665  6.21216655 15.22732453  6.23909393]
58 	168  	[ 7.00946879 23.48569034  6.71106189  0.23859559]	[-23.39155902 -89.02471316 -30.66189688   5.22286253]    	[  4.95424882 -19.14253336   5.40147156   5.71394814]            	[17.81792665  6.21216655 15.22732453  6.23909393]
59 	168  	[ 7.0592405  23.79188079  6.83456293  0.23853901]	[-23.39155902 -89.02471316 -30.66189688   5.22286253]    	[  4.66427446 -18.74652227   5.34100819   5.7159309 ]            	[17.81792665  6.21216655 15.22732453  6.23909725]
60 	168  	[ 7.17896885 23.35894236  6.66026015  0.24432003]	[-23.39155902 -89.02471316 -30.66189688   5.2183274 ]    	[  4.96968204 -19.11286674   5.56838117   5.70058876]            	[17.81792665  6.21216655 15.22732453  6.23909725]
61 	168  	[ 7.2073138  23.3900457   6.79077822  0.2293568 ]	[-23.39155902 -89.02471316 -30.66189688   5.22286253]    	[  5.04218543 -19.66331156   5.40027352   5.70166523]            	[17.81792665  6.21216655 15.22732453  6.23909725]
62 	168  	[ 7.24319215 23.04822866  7.33604133  0.22968842]	[-23.39155902 -89.02471316 -30.66189688   5.22286253]    	[  5.02084461 -18.70441956   4.9242013    5.72500866]            	[17.81792665  6.21216655 15.22732453  6.23909725]
63 	168  	[ 7.82182702 22.26090606  7.08921414  0.22452746]	[-23.39155902 -89.02471316 -30.66189688   5.22286253]    	[  4.57074151 -17.06950177   5.26688254   5.73466023]            	[17.81792665  6.21216655 15.22732453  6.23907914]
64 	168  	[ 8.03079734 23.75994806  7.4318797   0.23657329]	[-23.39155902 -89.02471316 -30.66189688   5.19051783]    	[  4.78273955 -18.22358258   4.77074234   5.72845738]            	[17.81792665  6.13610672 16.60112678  6.23907914]
65 	168  	[ 8.16565734 24.69053191  7.54888652  0.23799133]	[-23.39155902 -89.02471316 -30.66189688   5.21779932]    	[  4.70707914 -19.56528428   5.00483564   5.7218074 ]            	[17.81792665  6.03121803 16.60112678  6.23907914]
66 	168  	[ 8.1868279  25.36083522  8.28962708  0.23161373]	[-23.39155902 -89.02471316 -30.66189688   5.21779932]    	[  5.21006097 -20.09576626   4.76782514   5.71591034]            	[17.81792665  6.18832219 16.60112678  6.23907914]
67 	168  	[ 8.4510248  25.04615579  7.3952689   0.24111289]	[-23.39155902 -89.02471316 -30.66189688   5.21779932]    	[  4.74175735 -19.21804887   5.46167723   5.72177525]            	[17.81792665  6.18832219 16.60112678  6.23907914]
68 	168  	[ 7.89936271 24.48700154  6.96544668  0.23660726]	[-23.39155902 -89.02471316 -27.90583556   5.21779932]    	[  5.02955859 -16.93426907   5.22647611   5.72876897]            	[17.81792665  6.18832219 16.60112678  6.23907914]
69 	168  	[ 7.9666822  25.37336622  7.17792574  0.23500412]	[-23.39155902 -89.02471316 -27.90583556   5.21779932]    	[  4.91025471 -17.68865415   5.26642401   5.73175256]            	[17.81792665  6.06338321 16.60112678  6.23907914]
70 	168  	[ 7.68044803 25.78285618  7.42566699  0.22748934]	[-23.39155902 -89.02471316 -27.90583556   5.22286253]    	[  5.32608173 -18.32665215   4.95800548   5.73379089]            	[17.81792665  6.06338321 16.60112678  6.23908076]
71 	168  	[ 7.74572151 24.76170121  7.09692427  0.22197927]	[-23.39155902 -89.02471316 -27.90583556   5.30169455]    	[  5.28057651 -18.45050299   5.25729153   5.73984098]            	[17.81792665  5.93667918 16.60112678  6.2390792 ]
72 	168  	[ 7.96738043 25.03790942  7.0031998   0.22564476]	[-23.39155902 -89.02471316 -27.90583556   5.29281086]    	[  5.0309569  -19.08519625   5.37314602   5.74438013]            	[17.81792665  6.12743484 16.60112678  6.2390792 ]
73 	168  	[ 8.53561522 26.41597788  7.33283097  0.21351583]	[-23.39155902 -97.74641042 -27.90583556   5.29281086]    	[  4.51218078 -20.97208553   4.90917928   5.75669715]            	[17.81792665  6.07509927 16.60112678  6.23903929]
74 	168  	[ 8.87851923 25.86112386  8.04514132  0.20995356]	[-23.39155902 -97.74641042 -29.43310461   5.29281086]    	[  4.40434491 -21.0354534    4.80127499   5.75724006]            	[17.81792665  6.07509927 16.60112678  6.23903929]
75 	168  	[ 8.77066838 26.26281139  8.61265863  0.21646195]	[-23.39155902 -97.74641042 -29.43310461   5.29281086]    	[  4.64154851 -20.79525473   4.38544903   5.7449065 ]            	[17.81792665  5.93667918 16.60112678  6.23903929]
76 	168  	[ 8.51652736 25.93955155  8.04758105  0.21236835]	[-23.39155902 -97.74641042 -29.43310461   5.29281086]    	[  4.67162087 -20.88162735   4.92567558   5.76068895]            	[17.81792665  5.93667918 16.60112678  6.23903929]
77 	168  	[ 8.82643817 25.82859901  7.9939371   0.20855496]	[-23.39155902 -97.74641042 -27.90583556   5.29487823]    	[  4.29373318 -20.94106858   4.88464634   5.76071195]            	[17.81792665  5.93667918 16.60112678  6.23903929]
78 	168  	[ 8.50329306 25.37838853  7.93645827  0.21684299]	[-23.39155902 -97.74641042 -27.90583556   5.29487823]    	[  4.67135447 -20.98525935   4.88090279   5.76191079]            	[17.81792665  6.09871101 16.60112678  6.23903929]
79 	168  	[ 8.66412409 25.22278731  7.86975968  0.214526  ]	[-23.39155902 -97.74641042 -27.90583556   5.29487823]    	[  4.49247687 -20.80940018   5.0151977    5.76690878]            	[17.81792665  6.09871101 16.60112678  6.2390405 ]
80 	168  	[ 8.52680053 25.20874173  8.03150163  0.20209698]	[-23.39155902 -97.74641042 -23.26818056   5.29487823]    	[  4.89168626 -21.05465159   4.87508363   5.77057659]            	[17.81792665  6.09871101 16.60112678  6.23916174]
81 	168  	[ 8.56188575 25.71394117  8.06105758  0.20297652]	[-23.39155902 -97.74641042 -23.26818056   5.29487823]    	[  4.78495615 -21.97175011   5.15351458   5.76244188]            	[17.81792665  6.16470759 16.60112678  6.23916174]
82 	168  	[ 8.60013555 25.59311213  7.96487126  0.19690847]	[-23.39155902 -97.74641042 -23.26818056   5.29487823]    	[  4.67503546 -21.44664416   4.93823323   5.76745778]            	[17.81792665  5.93667918 16.60112678  6.23846879]
83 	168  	[ 8.43577292 26.07773026  7.96928435  0.19669284]	[-23.39155902 -97.74641042 -23.26818056   5.29487823]    	[  4.80683047 -22.24328339   5.1634829    5.76623722]            	[17.81792665  6.18913068 16.60112678  6.23845899]
84 	168  	[ 8.73009612 25.94747824  8.21098082  0.20013987]	[-23.39155902 -97.74641042 -23.26818056   5.29487823]    	[  4.50352954 -21.71145995   5.0764689    5.76816896]            	[17.81792665  6.19290345 16.60112678  6.24360439]
85 	168  	[ 8.68554222 27.03210744  8.16459006  0.19999682]	[-23.53750659 -97.74641042 -23.26818056   5.30169455]    	[  4.93064648 -22.95238494   5.13020986   5.7642341 ]            	[17.81792665  6.19290345 16.60112678  6.24360439]
86 	168  	[ 8.77412187 26.95771611  8.58811344  0.19410642]	[-23.53750659 -97.74641042 -28.46182288   5.30169455]    	[  4.70874871 -21.95871935   4.83414233   5.76833204]            	[17.81792665  6.19290345 16.60112678  6.24360439]
87 	168  	[ 8.74350209 26.73342341  8.59757093  0.20113459]	[ -23.53750659 -107.98908048  -28.46182288    5.30169455]	[  5.04077592 -20.26884103   4.34606618   5.77201657]            	[17.81792665  6.19290345 16.60112678  6.24360439]
88 	168  	[ 8.86656561 26.51710558  8.46783123  0.19939919]	[ -23.53750659 -107.98908048  -28.46182288    5.30169455]	[  4.90211218 -20.40929002   4.57484315   5.76605321]            	[17.81792665  6.19290345 16.60112678  6.24360439]
89 	168  	[ 8.43036202 27.37091532  8.46762081  0.20584243]	[ -23.53750659 -107.98908048  -28.46182288    5.14992415]	[  5.23247383 -22.04222976   4.5131947    5.773548  ]            	[17.81792665  6.19013756 16.60112678  6.24360439]
90 	168  	[ 8.36004247 26.88776451  9.02527514  0.19449069]	[ -23.39155902 -107.98908048  -28.46182288    5.30169455]	[  5.48343015 -22.01104023   4.10049627   5.76597426]            	[17.81792665  6.19013756 16.60112678  6.24360439]
91 	168  	[ 7.73150076 27.17149235  8.82575932  0.18410441]	[ -19.21910778 -107.98908048  -28.46182288    5.30169455]	[  5.82814559 -22.45708651   4.42845396   5.76034441]            	[17.81792665  6.19013756 16.60112678  6.24360439]
92 	168  	[ 8.16239455 27.29296929  9.25202708  0.18739626]	[ -19.21910778 -107.98908048  -28.46182288    5.30169455]	[  5.65384445 -21.67172787   4.38290832   5.75077366]            	[17.81792665  6.10544616 16.60112678  6.24360439]
93 	168  	[ 8.10966758 28.60567708  9.04244882  0.19165993]	[ -19.21910778 -104.00760253  -28.46182288    5.30169455]	[  5.44438972 -22.9434835    5.27056076   5.75550376]            	[17.81792665  6.10544616 16.60112678  6.24360439]
94 	168  	[ 8.27709583 29.66944775  9.44839085  0.18807383]	[ -19.21910778 -104.00760253  -28.46182288    5.30169455]	[  5.54013995 -23.22481015   4.85758659   5.75818529]            	[17.81792665  6.12745201 16.60112678  6.24360439]
95 	168  	[ 8.28572961 29.15017379  8.89831396  0.19273201]	[ -19.21910778 -104.00760253  -28.46182288    5.30169455]	[  5.27434449 -21.72825567   5.09269862   5.76288512]            	[17.81792665  5.93667918 16.60112678  6.24360737]
96 	168  	[ 8.38019284 28.84437075  9.76238241  0.18460219]	[ -19.21910778 -108.33076825  -28.46182288    5.30169455]	[  5.35127052 -22.72171492   4.94586401   5.76253069]            	[17.81792665  5.93667918 16.60112678  6.24360737]
97 	168  	[ 8.51688977 29.02558399  9.83436828  0.19517951]	[ -19.21910778 -108.33076825  -28.46182288    5.30169455]	[  5.31886752 -23.42739503   5.19053347   5.76343453]            	[17.81792665  5.93667918 16.60112678  6.24360737]
98 	168  	[ 8.18932401 29.38267381  9.79526527  0.1953472 ]	[ -19.21910778 -108.33076825  -28.46182288    5.30169455]	[  5.55172182 -22.20290703   4.80908102   5.76986956]            	[17.81792665  5.93667918 16.60112678  6.24360737]
99 	168  	[ 8.44674758 29.70972044  9.14885076  0.1909786 ]	[ -19.21910778 -108.33076825  -28.46182288    5.30169455]	[  5.5867337  -22.82285368   5.10024636   5.76272289]            	[17.81792665  5.93667918 16.60112678  6.24375492]
100	168  	[ 8.11229865 29.47700401  9.52637449  0.1832697 ]	[ -15.70687775 -108.33076825  -28.46182288    5.30169455]	[  5.98239602 -23.22635789   5.09703439   5.77191326]            	[18.61280834  5.93667918 16.60112678  6.24375851]
101	168  	[ 7.83506005 27.93558837  9.88588663  0.26317701]	[ -12.37654587 -108.33076825  -28.46182288    4.23515864]	[  6.73597162 -23.03042503   4.52453429   5.74914457]            	[18.61280834  5.93667918 16.60112678  6.22951687]
102	168  	[ 8.0902784  29.49865823  9.57078402  0.23996596]	[ -34.73225415 -108.33076825  -28.46182288    4.23515864]	[  6.92648086 -24.25109014   4.79680854   5.75554312]            	[18.61280834  5.850306   16.60112678  6.22951687]
103	168  	[ 8.18218977 29.70902095  9.83045045  0.17145348]	[ -34.73225415 -108.33076825  -23.26818056    5.30169455]	[  7.42780648 -25.97528447   4.30362034   5.77881673]            	[18.61280834  5.53190261 16.60112678  6.22951687]
104	168  	[ 8.23802873 29.95139311  9.7108879   0.17269414]	[ -34.73225415 -108.33076825  -23.26818056    5.30169455]	[  7.02025024 -26.49364175   4.37333192   5.78072797]            	[18.61280834  5.78867783 15.90195943  6.22951687]
105	168  	[ 7.97334595 29.65421501  9.57497479  0.18649342]	[ -34.73225415 -108.33076825  -23.26818056    5.30169455]	[  6.78404593 -25.58531927   4.54531481   5.80100533]            	[18.61280834  5.90356454 15.83818807  6.23677457]
106	168  	[ 7.98412043 28.58021343  9.90602243  0.17268719]	[ -34.73225415 -108.49413186  -26.54195515    5.30169455]	[  6.9368856  -24.56183632   3.85276935   5.79481008]            	[18.61280834  5.92189206 15.96690931  6.23907229]
107	168  	[ 7.9247621  26.43795966 10.08275205  0.17706343]	[ -34.73225415 -108.49413186  -26.54195515    5.30169455]	[  6.95659992 -22.63678857   3.70848975   5.80203949]            	[18.61280834  6.03833838 15.96690931  6.23907229]
108	168  	[ 7.95206917 29.47241271 10.6142385   0.17072146]	[ -34.73225415 -119.24270343  -26.63852492    5.30169455]	[  7.16527282 -23.66861443   2.82481351   5.80045631]            	[18.61280834  6.22037849 16.00401796  6.23906668]
109	168  	[ 7.96951164 29.02967009 10.33537063  0.16935475]	[ -34.73225415 -119.24270343  -26.63852492    5.30354098]	[  7.04543864 -23.17508959   3.16824643   5.81231912]            	[18.61280834  6.22037849 16.00401796  6.23906668]
110	168  	[ 8.00467078 27.77157381 10.68669073  0.16096722]	[ -34.73225415 -119.24270343  -26.63852492    5.30354098]	[  7.27789524 -22.47862867   3.16412837   5.8191799 ]            	[18.61280834  6.22037849 16.00401796  6.23906668]
111	168  	[ 7.45712749 29.27955522 10.8272615   0.16820817]	[ -14.03272557 -119.24270343  -26.63852492    5.30354098]	[  8.56952043 -24.06857477   2.77067944   5.79814588]            	[18.61280834  5.90356454 16.00401796  6.23906668]
112	168  	[ 8.90725391 29.64908457 10.78516913  0.16779727]	[ -46.98894312 -119.24270343  -26.63852492    5.30354098]	[  7.64325686 -22.89291677   2.94960087   5.80067664]            	[18.61280834  6.14224026 16.00401796  6.23905603]
113	168  	[ 9.02393798 29.56700455 10.77502708  0.16865874]	[ -46.98894312 -119.24270343  -26.63852492    5.30354098]	[  7.21731186 -23.73148203   3.29381225   5.80635979]            	[18.61280834  6.14224026 16.00401796  6.23905568]
114	168  	[ 9.0995365  29.15803217 10.85686366  0.18349463]	[ -46.98894312 -119.24270343  -26.63852492    5.27744482]	[  7.44284797 -23.90548217   3.35908412   5.79740235]            	[18.61280834  6.08726517 16.00401796  6.23905568]
115	168  	[ 8.96901136 27.83680664 10.86777388  0.1763227 ]	[ -46.98894312 -119.24270343  -32.23820542    5.27744482]	[  7.30990923 -22.57011143   3.71757141   5.80183025]            	[18.61280834  5.94169187 16.00401796  6.23905568]
116	168  	[ 9.18127463 28.72172819 11.33380263  0.16260286]	[ -46.98894312 -119.24270343  -26.63852492    5.30354098]	[  7.19481572 -24.20713486   3.23238447   5.81704676]            	[18.61280834  6.03223862 16.00401796  6.23905568]
117	168  	[ 9.16117543 28.65273651 10.23855001  0.16382265]	[ -46.98894312 -119.24270343  -26.63852492    5.30354098]	[  6.85108538 -24.48812469   4.35825043   5.82282227]            	[18.61280834  6.03223862 16.00401796  6.23908833]
118	168  	[ 9.34273284 28.30917697 10.46150618  0.16167819]	[ -46.98894312 -119.24270343  -26.63852492    5.30354098]	[  6.71910329 -24.92061647   4.41628878   5.82187959]            	[18.61280834  6.00749525 16.00401796  6.2390558 ]
119	168  	[ 9.20994245 27.59924187 10.6304441   0.15862564]	[ -46.98894312 -130.57720211  -26.63852492    5.30354098]	[  6.78815403 -23.0288432    4.27242482   5.82439017]            	[17.94083781  6.15618326 16.00401796  6.24013698]
120	168  	[ 9.27714344 26.38958477 10.84376732  0.15657174]	[ -46.98894312 -130.57720211  -26.63852492    5.30354098]	[  6.75083908 -21.7195128    3.87121343   5.8335753 ]            	[17.94083781  6.04442874 16.00401796  6.24013698]
121	168  	[ 9.2984578  26.73710783 11.05723265  0.15558332]	[ -46.98894312 -130.57720211  -26.63852492    5.30354098]	[  6.78028374 -22.55253748   4.18187941   5.82631728]            	[17.94083781  6.18097152 16.00401796  6.24016865]
122	168  	[ 8.96424319 27.74121096 11.25851241  0.15144256]	[ -46.98894312 -130.57720211  -26.63852492    5.30354098]	[  7.51467043 -23.34828457   3.89509024   5.82612576]            	[17.94083781  6.18097152 16.00401796  6.24021097]
123	168  	[ 8.94031525 28.06616249 11.37727267  0.15827256]	[ -46.98894312 -130.57720211  -26.54195515    5.30354098]	[  7.65608176 -22.44750837   3.64621728   5.82145722]            	[17.94083781  6.18097152 16.00401796  6.24021097]
124	168  	[ 9.00303411 31.97415357 10.69805139  0.15607908]	[ -46.98894312 -130.57720211  -26.54195515    5.30354098]	[  7.0292733  -24.83890306   4.46879402   5.82944272]            	[17.94083781  6.18097152 16.3843455   6.24021097]
125	168  	[ 9.31196468 31.58494065 11.1188078   0.15356835]	[ -46.98894312 -130.57720211  -26.54195515    5.30354098]	[  7.19981079 -23.89012731   3.97113967   5.82732248]            	[17.94083781  6.18097152 16.00401796  6.24021097]
126	168  	[ 8.9019553  30.8028061  10.9906332   0.15154884]	[ -20.37325811 -130.57720211  -26.54195515    5.30354098]	[  7.1333727  -22.36016068   4.06926064   5.82534642]            	[17.94083781  6.18097152 16.00401796  6.24021097]
127	168  	[ 7.62238697 31.32191898 11.55111769  0.15740987]	[ -13.29664195 -130.57720211  -26.54195515    5.30354098]	[  8.64354343 -22.68320497   2.42147729   5.81621608]            	[17.94083781  6.18097152 15.81117563  6.24021097]
128	168  	[ 7.56230641 32.79263987 10.1696131   0.15278691]	[ -13.63938358 -130.57720211  -26.16813004    5.30354098]	[  8.57915304 -23.43718988   3.8257094    5.8235583 ]            	[17.94083781  6.18097152 15.94676781  6.24021285]
129	168  	[ 7.75994003 30.97506326 10.04859721  0.15718908]	[ -13.63938358 -130.57720211  -26.16813004    5.30354098]	[  8.2542465  -22.11413813   3.47986433   5.83006091]            	[17.94083781  6.18097152 15.94676781  6.24021285]
130	168  	[ 8.21205648 31.6097687   9.87875273  0.15583409]	[ -14.89634667 -130.57720211  -26.16813004    5.30354098]	[  8.14153364 -23.67211124   4.17965065   5.82011478]            	[17.94083781  6.20113213 15.94676781  6.24021285]
131	168  	[ 8.12051906 32.85116691  9.57729741  0.16650286]	[ -14.89634667 -130.57720211  -26.16813004    5.30354098]	[  7.9562665  -23.81697474   4.77363542   5.81564523]            	[17.94083781  6.10657079 15.94676781  6.24021285]
132	168  	[ 8.39254918 32.82331756 10.25145603  0.15997126]	[ -14.89634667 -130.57720211  -26.16813004    5.30354098]	[  8.01337086 -24.10500425   3.9703992    5.81331508]            	[17.94083781  6.10657079 15.81024706  6.24021285]
133	168  	[ 7.96648925 32.18761604 10.63751341  0.15583085]	[ -14.89634667 -130.57720211  -26.16813004    5.30354098]	[  8.30204956 -25.06003665   3.8750903    5.81933113]            	[17.94083781  6.10657079 16.13437883  6.24021285]
134	168  	[ 7.60139073 33.10059735 10.12125511  0.14787314]	[ -14.15572153 -174.85448248  -26.16813004    5.30354098]	[  8.10697799 -24.43592363   3.96485889   5.83735268]            	[17.94083781  6.10657079 16.13437883  6.24021409]
135	168  	[ 7.6087427  31.85445526 10.0883407   0.14755294]	[ -14.15572153 -130.57720211  -27.41522893    5.30354098]	[  8.04852262 -23.50551277   3.65562263   5.84066741]            	[17.94083781  6.10657079 16.13437883  6.24021285]
136	168  	[ 7.50094872 33.13594469 10.25156375  0.15268726]	[ -17.7260116  -130.57720211  -26.16813004    5.30354098]	[  8.73010386 -26.2472575    3.78073664   5.82039517]            	[17.94083781  6.17103698 16.13437883  6.24021285]
137	168  	[ 7.24951527 32.53371394 10.21347858  0.15790647]	[ -17.7260116  -130.57720211  -26.16813004    5.30354098]	[  8.74854197 -25.43662662   3.56091135   5.81802274]            	[17.94083781  6.02560767 16.13437883  6.24011121]
138	168  	[ 7.5127266  33.7497528  10.34727491  0.15159972]	[ -17.7260116  -130.57720211  -26.16813004    5.30354098]	[  8.60535668 -26.1234398    3.51926503   5.8296262 ]            	[17.94083781  6.12564381 16.13437883  6.24011121]
139	168  	[ 7.82340829 33.08735354 10.39511682  0.15440687]	[ -18.33152468 -130.57720211  -26.16813004    5.30354098]	[  8.38831361 -26.00302298   3.45363799   5.8287658 ]            	[17.94083781  5.60938506 16.13437883  6.24011121]
140	168  	[ 7.55558626 33.13199734 10.5965382   0.15179777]	[ -18.33152468 -130.57720211  -26.16813004    5.30354098]	[  8.28327199 -25.97255115   3.33615119   5.82669677]            	[17.12011786  6.08953319 16.13437883  6.24011121]
141	168  	[ 7.57821896 33.38396656 10.35825653  0.15651526]	[ -18.33152468 -130.57720211  -26.16813004    5.30354098]	[  8.18993236 -24.59072183   3.62173932   5.82849956]            	[17.12011786  6.08953319 16.13437883  6.24011121]
142	168  	[ 7.67720639 34.14528261 10.23555685  0.16024388]	[ -18.33152468 -130.57720211  -26.16813004    5.30354098]	[  8.06639463 -24.7261464    3.7381534    5.82883012]            	[17.12011786  6.21702677 16.13437883  6.24011121]
143	168  	[ 7.59886433 33.4894787   9.72793819  0.15749734]	[ -18.33152468 -130.57720211  -26.16813004    5.30354098]	[  8.14074925 -23.9307997    4.30929237   5.8316386 ]            	[17.12011786  6.21702677 16.13437883  6.24005841]
144	168  	[ 7.86710928 33.08791017 10.07487641  0.15949197]	[ -18.33152468 -130.57720211  -26.16813004    5.30354098]	[  8.14743227 -24.04602117   4.03384753   5.82754194]            	[17.12011786  6.21702677 16.13437883  6.24005841]
145	168  	[ 7.60451948 33.52572786 10.11770426  0.16054589]	[ -18.33152468 -130.57720211  -26.16813004    5.30354098]	[  8.13405727 -24.78400885   4.29521215   5.83384458]            	[17.12011786  6.17609904 16.19889192  6.24005841]
146	168  	[ 7.40797894 34.41805193 10.11130085  0.15289268]	[ -18.33152468 -130.57720211  -26.16813004    5.30354098]	[  8.03566531 -24.66069195   4.5406222    5.83658356]            	[17.47507218  6.17609904 16.19889192  6.24009992]
147	168  	[ 6.49691598 32.0184934   9.85388914  0.15748768]	[ -14.77559863 -130.57720211  -26.16813004    5.30354098]	[  8.53002019 -23.09658557   4.35765515   5.83849709]            	[17.12011786  6.17609904 16.19889192  6.24009992]
148	168  	[ 6.80853244 32.71609628 10.08818112  0.15516539]	[ -16.04868646 -130.57720211  -26.16813004    5.30354098]	[  8.48631768 -23.12267339   4.09523583   5.83038977]            	[17.12011786  6.17609904 16.19889192  6.24011025]
149	168  	[ 6.83663401 29.54776159  9.79597994  0.15425126]	[ -16.04868646 -130.57720211  -26.16813004    5.30354098]	[  8.38915782 -21.46229765   4.74729437   5.83590918]            	[17.12011786  6.17609904 16.19889192  6.24011025]
150	168  	[ 6.99724827 32.85075701 10.35581652  0.1581692 ]	[ -21.30686033 -183.46245494  -28.68115564    5.30354098]	[  8.54278769 -23.43898304   4.58837637   5.83393913]            	[17.12011786  6.17609904 16.86265072  6.24011025]
151	168  	[ 7.52809147 33.4413868  11.406673    0.15624048]	[ -21.30686033 -183.46245494  -28.68115564    5.30354098]	[  8.64590188 -25.70512798   4.50393676   5.82437682]            	[17.21869416  6.17609904 17.84608682  6.24206112]
152	168  	[ 6.87080358 34.72080619 10.86276787  0.1564544 ]	[ -21.30686033 -183.46245494  -28.68115564    5.30354098]	[  9.28295528 -26.16757003   4.98975945   5.82259823]            	[17.21869416  6.17609904 16.86265072  6.24206112]
153	168  	[ 6.85322754 35.479038   10.92654513  0.15582094]	[ -21.30686033 -183.46245494  -28.68115564    5.30354098]	[  9.1164013  -25.90061748   4.40495622   5.82759156]            	[17.21869416  6.17609904 16.86265072  6.24206112]
154	168  	[ 6.87693654 35.63992047 11.09249608  0.15929274]	[ -21.30686033 -183.46245494  -28.68115564    5.30354098]	[  9.11941818 -27.26119449   4.51911179   5.82703414]            	[17.21869416  6.17609904 16.86265072  6.24206112]
155	168  	[ 7.42448982 36.86313545 11.40610718  0.16537141]	[ -26.3149437  -183.46245494  -28.68115564    5.30354098]	[  8.9993882  -27.81888755   4.10282318   5.82431427]            	[17.21869416  6.17609904 16.86265072  6.24206112]
156	168  	[ 7.45760106 36.71007333 11.4598409   0.16313727]	[ -23.89994085 -183.46245494  -28.68115564    5.30354098]	[  8.98895329 -28.46118922   4.27576864   5.82567123]            	[17.21869416  6.17609904 16.86265072  6.24206297]
157	168  	[ 7.35008157 37.77293999 11.92643718  0.19841566]	[ -23.89994085 -183.46245494  -28.68115564    4.17965039]	[  9.2923871  -29.74992884   4.22646495   5.81023071]            	[17.21869416  6.18502417 16.86265072  6.24206297]
158	168  	[ 7.47960266 37.86050041 12.03138486  0.20064607]	[ -23.89994085 -183.46245494  -28.68115564    4.17965039]	[  8.92702509 -29.22998981   3.73128294   5.81280346]            	[17.81328763  6.18502417 16.86265072  6.24213074]
159	168  	[ 7.46296165 36.20125121 11.99139025  0.19279209]	[ -23.89994085 -183.46245494  -28.68115564    4.17965039]	[  9.23576385 -28.02153342   4.01926227   5.81014279]            	[17.81328763  6.18502417 16.86265072  6.24213074]
160	168  	[ 7.5006165  33.81801291 12.57395393  0.20571107]	[ -23.89994085 -183.46245494  -28.68115564    4.17965039]	[  9.19261273 -26.59742323   3.44953429   5.80304016]            	[18.41525524  6.18502417 16.86265072  6.24213074]
161	168  	[ 7.34745391 32.03825701 12.50255452  0.20827247]	[ -23.89994085 -183.46245494  -29.41539109    4.17965039]	[  9.1823838  -24.38561138   3.6501779    5.79724593]            	[18.41525524  6.18502417 16.86265072  6.24213074]
162	168  	[ 7.96005457 31.2747889  12.33557634  0.23225613]	[ -24.6143472  -183.46245494  -28.68115564    4.17965039]	[  8.50642598 -22.67880727   3.86229736   5.78741389]            	[18.41525524  6.18502417 16.86265072  6.24213074]
163	168  	[ 8.02088949 31.10013317 11.54650569  0.22670176]	[ -24.6143472  -183.46245494  -28.68115564    4.17965039]	[  8.32776541 -21.75569345   4.46998623   5.77882384]            	[18.41525524  6.19780938 16.86265072  6.24219004]
164	168  	[ 7.89705847 31.27416917 12.69909701  0.23099691]	[ -24.6143472  -183.46245494  -35.14430239    4.17965039]	[  8.5230808  -22.61609502   3.43991128   5.7916096 ]            	[18.41525524  6.19780938 16.86265072  6.24219004]
165	168  	[ 7.96774514 31.53315167 12.45801339  0.23022751]	[ -24.6143472  -183.46245494  -35.14430239    4.17965039]	[  8.60621642 -22.34407606   3.76099791   5.79216952]            	[18.41525524  6.19780938 16.86265072  6.24219004]
166	168  	[ 7.86216235 31.42381564 11.97475233  0.21984758]	[ -24.6143472  -183.46245494  -35.14430239    4.17965039]	[  8.33798334 -22.2575767    4.88861076   5.8034752 ]            	[18.41525524  6.19780938 16.86265072  6.24219004]
167	168  	[ 8.63966889 32.27194931 10.48667771  0.2206644 ]	[ -32.59257268 -183.46245494  -28.68115564    4.17965039]	[  8.13543535 -24.97566956   5.94881071   5.79772751]            	[18.41525524  6.19780938 16.86265072  6.24219004]
168	168  	[ 8.14835615 30.52911572 10.92818565  0.22254243]	[ -32.59257268 -183.46245494  -28.68115564    4.17965039]	[  9.18444591 -20.93280815   4.64730542   5.8063809 ]            	[18.41525524  6.19780938 16.86265072  6.24222407]
169	168  	[ 8.28698753 29.83662772 10.72250214  0.24734171]	[ -32.59257268 -183.46245494  -28.68115564    4.17965039]	[  9.00653504 -20.52090043   4.62245466   5.79737589]            	[18.41525524  6.19780938 16.86265072  6.24222407]
170	168  	[ 8.22369596 29.60664083 11.02004768  0.23729288]	[ -32.59257268 -183.46245494  -28.68115564    4.17965039]	[  9.10784235 -20.79234221   4.69701675   5.80802777]            	[18.41525524  6.22782244 16.86265072  6.24222407]
171	168  	[ 7.66069298 30.23725885 11.28802915  0.24931616]	[ -24.6143472  -183.46245494  -28.68115564    4.17965039]	[  9.13211999 -20.13263251   3.98446802   5.79264364]            	[18.41525524  6.18502417 16.86265072  6.24222407]
172	168  	[ 7.67514546 29.19097283 11.18821197  0.25239689]	[ -24.6143472  -183.46245494  -28.68115564    4.17965039]	[  9.01855054 -18.50986223   3.93004928   5.79568726]            	[18.41525524  6.18502417 16.86265072  6.24222407]
173	168  	[ 8.18272841 29.33728108 10.94167495  0.21039993]	[ -24.6143472  -183.46245494  -28.68115564    4.80462769]	[  8.19395567 -17.66543543   4.72111971   5.82001935]            	[18.41525524  6.20309787 16.86265072  6.24222407]
174	168  	[ 8.20141469 28.78951728  9.92186895  0.19861867]	[ -24.6143472  -183.46245494  -31.73801757    4.80462769]	[  7.79411684 -18.01532113   5.43159429   5.82374933]            	[18.41525524  6.20309787 16.86265072  6.24222407]
175	168  	[ 8.15625298 28.70534075 10.35985045  0.20178055]	[ -24.6143472  -183.46245494  -36.28007797    4.80462769]	[  7.8308767  -18.58610901   5.30716934   5.82387624]            	[18.41525524  6.20309787 16.86265072  6.24222407]
176	168  	[ 8.45278695 30.98338368 10.20970248  0.17519929]	[ -24.6143472  -183.46245494  -36.28007797    5.27470201]	[  7.48291689 -18.66887608   5.7452128    5.83546022]            	[18.41525524  6.20309787 17.03484366  6.24222407]
177	168  	[ 8.42212969 29.75952523 10.59792804  0.16775663]	[ -24.6143472  -183.46245494  -36.28007797    5.27470201]	[  7.59183455 -18.39633387   5.18895816   5.84276029]            	[17.37469751  6.20309787 17.03484366  6.24222407]
178	168  	[ 8.25849213 29.64749112 10.89658886  0.18293597]	[ -24.6143472  -183.46245494  -36.28007797    5.27470201]	[  8.06555493 -17.1968664    4.80197182   5.82974913]            	[17.37469751  6.08421184 17.03484366  6.24222407]
179	168  	[ 8.5614196  32.0429436  10.76776227  0.18103573]	[ -24.6143472  -183.46245494  -36.28007797    5.27470201]	[  7.46848099 -18.73360352   4.60163625   5.83559205]            	[17.37469751  6.08421184 17.44222752  6.24222407]
180	168  	[ 8.73376124 32.2801681  10.6424789   0.17728154]	[ -24.6143472  -183.46245494  -31.73801757    5.27470201]	[  7.38719547 -19.44702383   4.57327553   5.83982296]            	[17.37469751  6.12916028 17.44222752  6.24222407]
181	168  	[ 8.87078049 32.87528939 10.62011896  0.1761452 ]	[ -24.6143472  -183.46245494  -31.73801757    5.27470201]	[  7.56531941 -20.92672254   4.25023272   5.83815032]            	[17.37469751  6.17299623 17.44222752  6.24222407]
182	168  	[ 9.07994587 37.34383348 11.27255622  0.17805365]	[ -24.6143472  -185.65297402  -31.73801757    5.27470201]	[  7.34574359 -22.95909048   4.07795581   5.82960339]            	[17.37469751  6.12916028 17.4815387   6.24222407]
183	168  	[ 9.41416087 40.42354129  9.2772384   0.18083927]	[ -24.6143472  -185.65297402  -25.31227366    5.27470201]	[  6.62108337 -24.95696973   5.87722144   5.83324624]            	[17.37469751  6.12916028 17.4815387   6.24222407]
184	168  	[ 9.38872185 39.05647303  9.98956546  0.17366362]	[ -24.6143472  -185.65297402  -28.50615383    5.27470201]	[  6.57275782 -22.51289632   5.41315587   5.83876086]            	[17.37469751  6.12916028 17.4815387   6.24222407]
185	168  	[ 9.4343623  40.54553922 10.05553915  0.16774625]	[ -24.6143472  -185.65297402  -28.50615383    5.27470201]	[  6.44218539 -22.97584558   5.3817489    5.84546361]            	[17.37469751  5.95973096 17.4815387   6.24222407]
186	168  	[ 9.53614146 40.50955589  9.89313715  0.16485384]	[ -24.6143472  -185.65297402  -28.50615383    5.27470201]	[  6.88413758 -24.24969515   5.66492368   5.83266541]            	[17.37469751  6.04408652 17.4815387   6.24217206]
187	168  	[ 9.7137187  40.84684371  9.89347093  0.18342927]	[ -23.89994085 -185.65297402  -28.50615383    5.27470201]	[  6.82882107 -24.83223048   5.44728268   5.83048467]            	[17.37469751  6.04408652 17.4815387   6.24217206]
188	168  	[ 9.59723569 40.53780378 11.30142327  0.17046984]	[ -23.89994085 -185.65297402  -32.96931734    5.27470201]	[  6.93553256 -24.86644008   5.29236427   5.82972994]            	[17.37469751  6.04408652 17.4815387   6.24217206]
189	168  	[ 9.92407178 37.75568917 11.00377089  0.15071063]	[ -23.89994085 -185.65297402  -32.96931734    5.27470201]	[  7.17097808 -24.78925937   5.67235154   5.84152536]            	[17.37469751  6.12915653 17.4815387   6.24217206]
190	168  	[10.04757276 37.82438819 10.6336021   0.1503742 ]	[ -23.89994085 -185.65297402  -32.96931734    5.27470201]	[  7.33126403 -24.63841889   6.12241999   5.84216922]            	[17.37469751  6.12915653 17.4815387   6.24217206]
191	168  	[12.55655885 38.56474279 10.6576702   0.13473074]	[ -42.24277565 -185.65297402  -32.96931734    5.30354098]	[  5.66337604 -25.30217711   5.71374402   5.85399836]            	[17.37469751  6.12915653 18.21449536  6.24217266]
192	168  	[12.66741892 43.49394836 10.36213597  0.12684284]	[ -42.24277565 -185.65297402  -32.96931734    5.30354098]	[  5.06357344 -28.65616644   6.89207568   5.8569097 ]            	[17.37469751  6.04408652 18.21449536  6.24217266]
193	168  	[12.71211164 44.04666089 11.11101367  0.12292437]	[ -42.24277565 -185.65297402  -32.96931734    5.30354098]	[  5.21355172 -29.60003485   6.51066222   5.85416269]            	[17.37469751  6.04408652 18.21449536  6.24222469]
194	168  	[12.49782591 46.20717677 10.03486743  0.13906928]	[ -42.24277565 -185.65297402  -32.96931734    5.30354098]	[  5.21497008 -30.7524383    6.89368516   5.85056138]            	[17.37469751  6.04408652 18.21449536  6.24222469]
195	168  	[12.14959109 45.69887796  9.7899563   0.14771938]	[ -42.24277565 -185.65297402  -24.72568808    5.30354098]	[  4.85839122 -30.81278349   6.9655492    5.84513801]            	[17.37469751  6.04408652 18.21449536  6.24222469]
196	168  	[12.69177147 45.24288625 10.01499767  0.14023862]	[ -42.24277565 -185.65297402  -24.72568808    5.30354098]	[  4.64587922 -31.36482806   7.22314257   5.84705225]            	[17.37469751  6.12892813 18.21449536  6.24222469]
197	168  	[12.07642964 46.03977039  9.97766997  0.12772771]	[ -42.24277565 -185.65297402  -30.3996305     5.30354098]	[  4.97646847 -32.47333164   7.21491319   5.85201824]            	[17.37469751  6.02318364 18.21449536  6.24222469]
198	168  	[12.46170574 45.61830292 10.0553519   0.12251091]	[ -42.24277565 -185.65297402  -30.3996305     5.30354098]	[  4.95524386 -33.08425279   7.21204031   5.85706651]            	[17.37469751  6.02318364 18.21449536  6.24222469]
199	168  	[11.62063129 44.9729238  10.76591451  0.11847531]	[ -42.24277565 -185.65297402  -30.3996305     5.47115475]	[  5.28928091 -31.79260738   6.66333865   5.8589455 ]            	[17.37469751  6.02318364 18.21449536  6.24218545]
[10, 3, 2, 9, 5, 6, 7, 9, 5, 3, 3, 9, 6, 10, 9, 8, 7, 9, 6, 8, 10, 7, 4, 6, 2, 2, 8, 4, 1, 7, 3, 4, 3, 4, 10, 1, 9]
(3.3751241937796297, 4.291772216128196, 4.015422472773378, 5.471154751331681)
[10, 4, 2, 9, 5, 6, 4, 7, 5, 3, 4, 7, 6, 10, 9, 8, 9, 10, 6, 8, 3, 10, 4, 10, 2, 2, 7, 2, 10, 7, 3, 4, 3, 4, 10, 1, 4]
(-2.467292358653549, 4.025041372809099, 5.919860630388457, 5.574525625959165)
[10, 4, 2, 9, 5, 6, 4, 7, 5, 3, 4, 7, 6, 10, 9, 8, 9, 10, 6, 8, 3, 10, 4, 10, 2, 2, 7, 2, 10, 7, 3, 4, 3, 4, 10, 1, 4]
(-2.467292358653549, 4.025041372809099, 5.919860630388457, 5.574525625959165)
[10, 3, 2, 9, 4, 5, 1, 7, 5, 10, 4, 7, 6, 10, 8, 8, 9, 9, 6, 8, 3, 10, 4, 10, 2, 2, 7, 2, 2, 7, 3, 2, 3, 4, 10, 3, 9]
(17.374697514142543, 4.688381961042129, -0.2254940179135323, 5.646712624168016)
[10, 3, 2, 9, 4, 5, 1, 7, 5, 10, 4, 7, 6, 10, 8, 8, 9, 9, 6, 8, 3, 10, 4, 10, 2, 2, 7, 2, 2, 7, 3, 2, 3, 4, 10, 3, 9]
(17.374697514142543, 4.688381961042129, -0.2254940179135323, 5.646712624168016)
[10, 3, 2, 9, 4, 5, 1, 7, 5, 10, 4, 7, 6, 10, 8, 8, 9, 9, 6, 8, 3, 10, 4, 10, 2, 2, 7, 2, 2, 7, 3, 2, 3, 4, 10, 3, 9]
(17.374697514142543, 4.688381961042129, -0.2254940179135323, 5.646712624168016)
[10, 3, 2, 9, 5, 6, 7, 9, 7, 8, 3, 7, 6, 10, 9, 8, 9, 9, 6, 7, 3, 10, 1, 10, 2, 2, 8, 2, 2, 6, 3, 4, 3, 4, 10, 3, 9]
(14.310780396734797, -92.11627896482457, 17.41373220124657, 5.737845757285061)
[10, 3, 2, 9, 5, 6, 7, 9, 7, 8, 3, 7, 6, 10, 9, 8, 9, 9, 6, 7, 3, 10, 1, 10, 2, 2, 8, 2, 2, 6, 3, 4, 3, 4, 10, 3, 9]
(14.310780396734797, -92.11627896482457, 17.41373220124657, 5.737845757285061)
[10, 3, 2, 9, 5, 6, 7, 9, 7, 8, 3, 7, 6, 10, 9, 8, 9, 9, 6, 7, 3, 10, 1, 10, 2, 2, 8, 2, 2, 6, 3, 4, 3, 4, 10, 3, 9]
(14.310780396734797, -92.11627896482457, 17.41373220124657, 5.737845757285061)
[10, 3, 2, 9, 5, 6, 7, 10, 5, 10, 4, 7, 6, 10, 9, 8, 7, 9, 8, 8, 3, 7, 8, 1, 2, 2, 8, 4, 3, 7, 3, 7, 3, 4, 10, 1, 9]
(-3.434179834135466, -185.65297401970258, 17.481538703660867, 5.745660425875882)
[10, 3, 2, 10, 5, 6, 7, 10, 5, 10, 4, 7, 6, 10, 9, 7, 7, 9, 8, 8, 3, 7, 8, 1, 2, 2, 8, 4, 3, 7, 3, 7, 3, 4, 10, 1, 9]
(1.5074790714825212, -150.13532081260877, 16.71022249435531, 5.752445614876931)
[10, 3, 2, 10, 5, 6, 7, 10, 5, 10, 4, 7, 6, 10, 9, 7, 7, 9, 8, 8, 3, 7, 8, 1, 2, 2, 8, 4, 3, 7, 3, 7, 3, 4, 10, 1, 9]
(1.5074790714825212, -150.13532081260877, 16.71022249435531, 5.752445614876931)
[10, 3, 2, 10, 5, 6, 7, 10, 5, 10, 4, 7, 6, 10, 9, 7, 7, 9, 8, 8, 3, 7, 8, 1, 2, 2, 8, 4, 3, 7, 3, 7, 3, 4, 10, 1, 9]
(1.5074790714825212, -150.13532081260877, 16.71022249435531, 5.752445614876931)
[10, 3, 2, 10, 5, 6, 7, 10, 5, 10, 4, 7, 6, 10, 9, 7, 7, 9, 8, 8, 3, 7, 8, 1, 2, 2, 8, 4, 3, 7, 3, 7, 3, 4, 10, 1, 9]
(1.5074790714825212, -150.13532081260877, 16.71022249435531, 5.752445614876931)
[10, 3, 2, 9, 5, 6, 7, 9, 5, 10, 3, 7, 6, 10, 9, 9, 9, 9, 5, 8, 3, 7, 1, 1, 2, 2, 8, 5, 4, 2, 8, 1, 3, 4, 10, 3, 9]
(-26.083194111511858, -33.99456038467026, 17.787588328896888, 5.753033770108516)
[10, 3, 2, 9, 5, 6, 7, 9, 5, 10, 3, 7, 6, 10, 9, 9, 9, 9, 5, 8, 3, 7, 1, 1, 2, 2, 8, 5, 4, 2, 8, 1, 3, 4, 10, 3, 9]
(-26.083194111511858, -33.99456038467026, 17.787588328896888, 5.753033770108516)
[10, 3, 2, 9, 5, 6, 7, 10, 5, 10, 3, 7, 6, 10, 9, 8, 7, 9, 8, 8, 3, 7, 8, 1, 2, 2, 8, 4, 3, 7, 3, 7, 3, 4, 10, 1, 9]
(0.3499141629258672, -49.08203707863319, 16.98456785540348, 5.754418438149921)
[10, 3, 2, 9, 5, 6, 7, 9, 7, 5, 1, 3, 6, 10, 9, 8, 9, 9, 5, 6, 3, 7, 4, 1, 2, 3, 8, 10, 2, 6, 7, 1, 3, 4, 10, 3, 9]
(5.268712171120572, -84.36505090002775, 16.630363132358113, 5.755234424695251)
[10, 3, 2, 9, 5, 6, 7, 9, 7, 5, 1, 3, 6, 10, 9, 8, 9, 9, 5, 6, 3, 7, 4, 1, 2, 3, 8, 10, 2, 6, 7, 1, 3, 4, 10, 3, 9]
(5.268712171120572, -84.36505090002775, 16.630363132358113, 5.755234424695251)
[10, 3, 2, 9, 5, 6, 7, 9, 7, 5, 1, 3, 6, 10, 9, 8, 9, 9, 5, 6, 3, 7, 4, 1, 2, 3, 8, 10, 2, 6, 7, 1, 3, 4, 10, 3, 9]
(5.268712171120572, -84.36505090002775, 16.630363132358113, 5.755234424695251)
[10, 3, 2, 10, 5, 6, 7, 10, 5, 10, 4, 7, 6, 10, 9, 7, 7, 9, 8, 8, 3, 7, 8, 1, 2, 2, 8, 4, 3, 7, 7, 7, 3, 4, 10, 1, 9]
(-2.9803435185859137, -172.84676191124197, 16.455620986420048, 5.759988477682264)
[10, 3, 2, 10, 5, 6, 7, 10, 5, 10, 4, 7, 6, 10, 9, 7, 7, 9, 8, 8, 3, 7, 8, 1, 2, 2, 8, 4, 3, 7, 7, 7, 3, 4, 10, 1, 9]
(-2.9803435185859137, -172.84676191124197, 16.455620986420048, 5.759988477682264)
[10, 3, 2, 10, 5, 6, 7, 10, 5, 10, 4, 7, 6, 10, 9, 7, 7, 9, 8, 8, 3, 7, 8, 1, 2, 2, 8, 4, 3, 7, 7, 7, 3, 4, 10, 1, 9]
(-2.9803435185859137, -172.84676191124197, 16.455620986420048, 5.759988477682264)
[10, 3, 2, 9, 4, 5, 1, 7, 5, 10, 4, 7, 6, 10, 9, 8, 9, 8, 6, 8, 3, 7, 4, 6, 2, 3, 8, 2, 2, 6, 7, 7, 3, 4, 10, 3, 9]
(16.382741383815254, -124.23003624413676, 15.359265396116358, 5.762841098444104)
[10, 3, 2, 9, 4, 5, 1, 7, 5, 10, 4, 7, 6, 10, 9, 8, 9, 8, 6, 8, 3, 7, 4, 6, 2, 3, 8, 2, 2, 6, 7, 7, 3, 4, 10, 3, 9]
(16.382741383815254, -124.23003624413676, 15.359265396116358, 5.762841098444104)
[10, 3, 2, 9, 4, 5, 1, 7, 5, 10, 4, 7, 6, 10, 9, 8, 9, 8, 6, 8, 3, 7, 4, 6, 2, 3, 8, 2, 2, 6, 7, 7, 3, 4, 10, 3, 9]
(16.382741383815254, -124.23003624413676, 15.359265396116358, 5.762841098444104)
[10, 3, 2, 9, 5, 6, 7, 9, 7, 6, 3, 7, 6, 10, 9, 8, 9, 9, 5, 8, 3, 7, 4, 4, 2, 3, 8, 2, 5, 7, 8, 6, 10, 4, 10, 1, 9]
(-16.710808996114075, -118.66596884645767, 17.034843662644818, 5.765520504542947)
[10, 3, 2, 9, 5, 6, 7, 9, 7, 6, 3, 7, 6, 10, 9, 8, 9, 9, 5, 8, 3, 7, 4, 4, 2, 3, 8, 2, 5, 7, 8, 6, 10, 4, 10, 1, 9]
(-16.710808996114075, -118.66596884645767, 17.034843662644818, 5.765520504542947)
[10, 3, 2, 9, 5, 6, 7, 9, 7, 6, 3, 7, 6, 10, 9, 8, 9, 9, 5, 8, 3, 7, 4, 4, 2, 3, 8, 2, 5, 7, 8, 6, 10, 4, 10, 1, 9]
(-16.710808996114075, -118.66596884645767, 17.034843662644818, 5.765520504542947)
[10, 3, 2, 9, 5, 6, 7, 9, 7, 10, 3, 7, 6, 10, 9, 9, 9, 8, 6, 8, 3, 7, 4, 1, 2, 2, 8, 5, 2, 6, 7, 1, 3, 4, 10, 3, 9]
(15.050256583690082, -86.57283977182927, 16.18116133740093, 5.7719904749322986)
[10, 3, 2, 9, 5, 6, 7, 8, 5, 8, 3, 9, 6, 10, 9, 8, 7, 9, 5, 8, 3, 7, 4, 5, 2, 2, 8, 5, 1, 7, 3, 4, 3, 4, 10, 1, 9]
(14.730379939637896, 3.3367062700280883, -11.056996390795016, 5.772545959435023)
[10, 3, 2, 9, 5, 6, 7, 9, 7, 10, 3, 7, 6, 10, 9, 9, 9, 9, 5, 8, 3, 7, 4, 2, 2, 2, 8, 4, 2, 4, 7, 1, 6, 4, 10, 3, 9]
(-42.24277565253742, -72.18704642990708, 18.214495357808385, 5.7748092573489)
[10, 3, 2, 9, 5, 6, 7, 9, 7, 10, 3, 7, 6, 10, 9, 9, 9, 9, 5, 8, 3, 7, 4, 2, 2, 2, 8, 4, 2, 4, 7, 1, 6, 4, 10, 3, 9]
(-42.24277565253742, -72.18704642990708, 18.214495357808385, 5.7748092573489)
[10, 3, 2, 9, 5, 6, 7, 9, 7, 10, 3, 7, 6, 10, 9, 9, 9, 9, 5, 8, 3, 7, 4, 2, 2, 2, 8, 4, 2, 4, 7, 1, 6, 4, 10, 3, 9]
(-42.24277565253742, -72.18704642990708, 18.214495357808385, 5.7748092573489)
[10, 3, 2, 9, 5, 6, 7, 9, 7, 6, 3, 6, 6, 10, 9, 8, 7, 9, 6, 8, 3, 7, 2, 2, 2, 2, 8, 4, 2, 6, 3, 7, 9, 4, 10, 3, 10]
(15.760033500153623, -24.407467290417618, 12.79528976143627, 5.775210376266398)
[10, 3, 2, 9, 5, 6, 7, 9, 7, 6, 3, 6, 6, 10, 9, 8, 7, 9, 6, 8, 3, 7, 2, 2, 2, 2, 8, 4, 2, 6, 3, 7, 9, 4, 10, 3, 10]
(15.760033500153623, -24.407467290417618, 12.79528976143627, 5.775210376266398)
[10, 3, 2, 9, 5, 6, 7, 9, 7, 6, 3, 6, 6, 10, 9, 8, 7, 9, 6, 8, 3, 7, 2, 2, 2, 2, 8, 4, 2, 6, 3, 7, 9, 4, 10, 3, 10]
(16.35986535326173, -23.645988420874115, 12.27204882122719, 5.778659963092606)
[10, 3, 2, 9, 4, 5, 1, 7, 5, 4, 4, 7, 6, 10, 9, 8, 9, 9, 6, 8, 3, 10, 1, 10, 2, 2, 8, 3, 2, 6, 3, 4, 9, 4, 10, 3, 10]
(16.3410355792932, -21.330543552511696, -30.399630504442875, 5.788972356325866)
[10, 3, 2, 9, 4, 5, 1, 7, 5, 4, 4, 7, 6, 10, 9, 8, 9, 9, 6, 8, 3, 10, 1, 10, 2, 2, 8, 3, 2, 6, 3, 4, 9, 4, 10, 3, 10]
(16.3410355792932, -21.330543552511696, -30.399630504442875, 5.788972356325866)
[10, 3, 2, 9, 4, 5, 1, 7, 5, 4, 4, 7, 6, 10, 9, 8, 9, 9, 6, 8, 3, 10, 1, 10, 2, 2, 8, 3, 2, 6, 3, 4, 9, 4, 10, 3, 10]
(16.3410355792932, -21.330543552511696, -30.399630504442875, 5.788972356325866)
[10, 3, 2, 9, 4, 5, 1, 7, 5, 4, 4, 7, 6, 10, 9, 8, 9, 9, 6, 8, 3, 10, 1, 10, 2, 2, 8, 2, 2, 6, 3, 7, 9, 4, 10, 3, 10]
(15.850442786633902, -53.30993532594208, -4.184019213910977, 5.791513881008658)
[10, 3, 2, 9, 4, 5, 1, 7, 5, 4, 4, 7, 6, 10, 9, 8, 9, 9, 6, 8, 3, 10, 1, 10, 2, 2, 8, 2, 2, 6, 3, 7, 9, 4, 10, 3, 10]
(15.850442786633902, -53.30993532594208, -4.184019213910977, 5.791513881008658)
[10, 3, 2, 9, 4, 5, 1, 7, 5, 4, 4, 7, 6, 10, 9, 8, 9, 9, 6, 8, 3, 10, 1, 10, 2, 2, 8, 2, 2, 6, 3, 7, 9, 4, 10, 3, 10]
(15.850442786633902, -53.30993532594208, -4.184019213910977, 5.791513881008658)
[10, 3, 2, 9, 4, 5, 1, 7, 5, 10, 4, 7, 6, 10, 9, 8, 9, 8, 6, 8, 3, 7, 4, 5, 2, 8, 8, 2, 2, 7, 3, 7, 3, 4, 10, 3, 9]
(14.964738305508893, -55.16657368093378, 15.435415801244426, 5.79290719255453)
[10, 3, 2, 9, 4, 5, 1, 7, 5, 10, 4, 7, 6, 10, 9, 8, 9, 8, 6, 8, 3, 7, 4, 5, 2, 8, 8, 2, 2, 7, 3, 7, 3, 4, 10, 3, 9]
(14.964738305508893, -55.16657368093378, 15.435415801244426, 5.79290719255453)
[10, 3, 2, 9, 4, 5, 1, 7, 5, 10, 4, 7, 6, 10, 9, 8, 9, 8, 6, 8, 3, 7, 4, 5, 2, 8, 8, 2, 2, 7, 3, 7, 3, 4, 10, 3, 9]
(14.964738305508893, -55.16657368093378, 15.435415801244426, 5.79290719255453)
[10, 3, 2, 9, 4, 5, 1, 7, 5, 4, 4, 7, 6, 10, 9, 8, 9, 9, 6, 8, 3, 10, 1, 10, 2, 2, 8, 2, 2, 6, 3, 7, 9, 4, 10, 3, 10]
(16.85175096354028, -107.27709479593585, -12.206886753381534, 5.793717671468817)
[10, 3, 2, 9, 4, 5, 1, 7, 5, 4, 4, 7, 6, 10, 9, 8, 9, 9, 6, 8, 3, 10, 1, 10, 2, 2, 8, 2, 2, 6, 3, 7, 9, 4, 10, 3, 10]
(16.85175096354028, -107.27709479593585, -12.206886753381534, 5.793717671468817)
[10, 3, 2, 9, 4, 5, 1, 7, 5, 4, 4, 7, 6, 10, 9, 8, 9, 9, 6, 8, 3, 10, 1, 10, 2, 2, 8, 2, 2, 6, 3, 7, 9, 4, 10, 3, 10]
(16.85175096354028, -107.27709479593585, -12.206886753381534, 5.793717671468817)
[10, 3, 2, 9, 4, 5, 1, 7, 5, 4, 4, 7, 6, 10, 9, 8, 9, 9, 6, 8, 3, 10, 1, 10, 2, 2, 8, 2, 2, 6, 3, 7, 9, 4, 10, 3, 10]
(16.85175096354028, -107.27709479593585, -12.206886753381534, 5.793717671468817)
[10, 3, 2, 9, 4, 5, 1, 7, 5, 4, 4, 7, 6, 10, 9, 8, 9, 9, 6, 8, 3, 10, 1, 10, 2, 2, 8, 2, 2, 6, 3, 7, 9, 4, 10, 3, 9]
(16.60235563281167, -26.82414748915349, -23.065472094207383, 5.7970923124760665)
[10, 3, 2, 9, 5, 6, 7, 9, 7, 6, 3, 7, 6, 10, 9, 9, 9, 9, 5, 8, 3, 7, 4, 4, 8, 3, 8, 2, 5, 7, 8, 8, 3, 4, 10, 1, 9]
(-6.942467268300959, 2.635979834652502, 13.084587472421429, 5.803394454333098)
[10, 3, 2, 9, 5, 6, 7, 9, 7, 6, 3, 7, 6, 10, 9, 9, 9, 9, 5, 8, 3, 7, 4, 4, 8, 3, 8, 2, 5, 7, 8, 8, 3, 4, 10, 1, 9]
(-6.942467268300959, 2.635979834652502, 13.084587472421429, 5.803394454333098)
[10, 3, 2, 9, 5, 6, 7, 9, 7, 6, 3, 7, 6, 10, 9, 9, 9, 9, 5, 8, 3, 7, 4, 4, 8, 3, 8, 2, 5, 7, 8, 8, 3, 4, 10, 1, 9]
(-6.942467268300959, 2.635979834652502, 13.084587472421429, 5.803394454333098)
[10, 3, 2, 9, 5, 6, 7, 9, 7, 6, 3, 7, 6, 10, 9, 9, 9, 9, 5, 8, 3, 7, 4, 4, 8, 3, 8, 2, 5, 7, 8, 8, 3, 4, 10, 1, 9]
(-6.942467268300959, 2.635979834652502, 13.084587472421429, 5.803394454333098)
[10, 3, 2, 9, 5, 6, 7, 9, 7, 10, 3, 7, 6, 10, 9, 9, 9, 9, 5, 8, 3, 7, 4, 2, 2, 2, 8, 4, 2, 4, 7, 1, 3, 4, 10, 3, 9]
(-5.789355989082841, -14.840292751434891, 16.497469296173904, 5.805874620789541)
[10, 3, 2, 9, 5, 6, 7, 9, 7, 10, 3, 7, 6, 10, 9, 9, 9, 9, 5, 8, 3, 7, 4, 2, 2, 2, 8, 4, 2, 4, 7, 1, 3, 4, 10, 3, 9]
(-5.789355989082841, -14.840292751434891, 16.497469296173904, 5.805874620789541)
[10, 3, 2, 9, 5, 6, 7, 9, 7, 10, 3, 7, 6, 10, 9, 9, 9, 9, 5, 8, 3, 7, 4, 2, 2, 2, 8, 4, 2, 4, 7, 1, 3, 4, 10, 3, 9]
(-5.789355989082841, -14.840292751434891, 16.497469296173904, 5.805874620789541)
[10, 3, 2, 9, 5, 6, 7, 9, 7, 10, 3, 7, 6, 10, 9, 9, 9, 9, 5, 8, 3, 7, 4, 2, 2, 2, 8, 4, 2, 4, 7, 1, 3, 4, 10, 3, 9]
(-5.789355989082841, -14.840292751434891, 16.497469296173904, 5.805874620789541)
[10, 3, 2, 9, 5, 6, 7, 9, 7, 10, 3, 7, 6, 10, 9, 9, 9, 9, 5, 8, 3, 7, 4, 2, 2, 2, 8, 4, 2, 4, 7, 1, 3, 4, 10, 3, 9]
(-25.693407931823636, -22.648324835266326, 16.60791624244069, 5.809368680261039)
[10, 3, 2, 9, 5, 6, 7, 9, 7, 10, 3, 7, 6, 10, 9, 9, 9, 9, 5, 8, 3, 7, 4, 1, 2, 2, 8, 5, 2, 2, 7, 1, 3, 4, 10, 3, 9]
(6.1715790140584, -6.268014595363771, 16.178378868008988, 5.810956918483486)
[10, 3, 2, 9, 5, 6, 7, 9, 7, 10, 3, 7, 6, 10, 9, 9, 9, 9, 5, 8, 3, 7, 4, 1, 2, 2, 8, 5, 2, 2, 7, 1, 3, 4, 10, 3, 9]
(6.1715790140584, -6.268014595363771, 16.178378868008988, 5.810956918483486)
[10, 3, 2, 9, 5, 6, 7, 9, 7, 10, 3, 7, 6, 10, 9, 9, 9, 9, 5, 8, 3, 7, 4, 1, 2, 2, 8, 5, 2, 2, 7, 1, 3, 4, 10, 3, 9]
(6.1715790140584, -6.268014595363771, 16.178378868008988, 5.810956918483486)
[10, 3, 2, 9, 5, 6, 7, 9, 7, 10, 3, 7, 6, 10, 9, 9, 9, 9, 5, 8, 3, 7, 4, 1, 2, 2, 8, 5, 2, 2, 7, 1, 3, 4, 10, 3, 9]
(6.1715790140584, -6.268014595363771, 16.178378868008988, 5.810956918483486)
[10, 3, 2, 9, 5, 6, 7, 9, 7, 10, 3, 7, 6, 10, 9, 9, 9, 9, 5, 8, 3, 7, 4, 1, 2, 2, 10, 5, 2, 6, 7, 7, 3, 4, 10, 3, 9]
(3.7843084157355467, -6.7101217529706, 15.406307836110663, 5.816085994026771)
[10, 3, 2, 9, 5, 6, 7, 9, 7, 10, 3, 7, 6, 10, 9, 9, 9, 9, 5, 8, 3, 7, 4, 1, 2, 2, 8, 5, 2, 4, 7, 1, 3, 4, 10, 3, 9]
(13.427180885841837, -9.527568779285588, 16.35954138776264, 5.817805132489171)
[10, 3, 2, 9, 5, 6, 7, 9, 6, 5, 1, 3, 6, 10, 9, 8, 9, 9, 5, 8, 3, 7, 4, 1, 2, 3, 7, 2, 2, 7, 8, 5, 3, 4, 10, 3, 9]
(-11.51648584049036, -6.2329062733528025, 15.408090035874599, 5.81860724246172)
[10, 3, 2, 9, 5, 6, 7, 9, 6, 5, 1, 3, 6, 10, 9, 8, 9, 9, 5, 8, 3, 7, 4, 1, 2, 3, 7, 2, 2, 7, 8, 5, 3, 4, 10, 3, 9]
(-11.51648584049036, -6.2329062733528025, 15.408090035874599, 5.81860724246172)
[10, 3, 2, 9, 5, 6, 7, 9, 6, 5, 1, 3, 6, 10, 9, 8, 9, 9, 5, 8, 3, 7, 4, 1, 2, 3, 7, 2, 2, 7, 8, 5, 3, 4, 10, 3, 9]
(-11.51648584049036, -6.2329062733528025, 15.408090035874599, 5.81860724246172)
[10, 3, 2, 9, 5, 6, 7, 9, 6, 5, 1, 3, 6, 10, 9, 8, 9, 9, 5, 8, 3, 7, 4, 1, 2, 3, 7, 2, 2, 7, 8, 5, 3, 4, 10, 3, 9]
(-11.51648584049036, -6.2329062733528025, 15.408090035874599, 5.81860724246172)
[10, 3, 2, 9, 5, 6, 5, 9, 5, 10, 3, 9, 6, 10, 9, 8, 7, 9, 5, 8, 3, 7, 4, 1, 2, 2, 8, 5, 1, 7, 3, 7, 3, 4, 10, 3, 9]
(12.74573795941087, 2.2847581893851148, 9.036418925873125, 5.822271724200001)
[10, 3, 2, 9, 5, 6, 5, 9, 5, 10, 3, 9, 6, 10, 9, 8, 7, 9, 5, 8, 3, 7, 4, 1, 2, 2, 8, 5, 1, 7, 3, 7, 3, 4, 10, 3, 9]
(12.74573795941087, 2.2847581893851148, 9.036418925873125, 5.822271724200001)
[10, 3, 2, 9, 4, 5, 1, 7, 5, 2, 4, 7, 6, 10, 9, 8, 9, 9, 6, 8, 3, 10, 1, 10, 2, 2, 8, 2, 2, 6, 3, 7, 9, 4, 10, 3, 10]
(15.697307973375427, -74.33118922004446, -15.738181890246523, 5.825239115157034)
[10, 3, 2, 9, 4, 5, 1, 7, 5, 2, 4, 7, 6, 10, 9, 8, 9, 9, 6, 8, 3, 10, 1, 10, 2, 2, 8, 2, 2, 6, 3, 7, 9, 4, 10, 3, 10]
(15.697307973375427, -74.33118922004446, -15.738181890246523, 5.825239115157034)
[10, 3, 2, 9, 4, 5, 1, 7, 5, 2, 4, 7, 6, 10, 9, 8, 9, 9, 6, 8, 3, 10, 1, 10, 2, 2, 8, 2, 2, 6, 3, 7, 9, 4, 10, 3, 10]
(15.697307973375427, -74.33118922004446, -15.738181890246523, 5.825239115157034)
[10, 3, 2, 9, 4, 5, 1, 7, 5, 2, 4, 7, 6, 10, 9, 8, 9, 9, 6, 8, 3, 10, 1, 10, 2, 2, 8, 2, 2, 6, 3, 7, 9, 4, 10, 3, 10]
(15.697307973375427, -74.33118922004446, -15.738181890246523, 5.825239115157034)
[10, 3, 2, 9, 5, 6, 7, 9, 5, 8, 3, 9, 6, 10, 9, 8, 7, 9, 5, 8, 3, 7, 4, 1, 2, 2, 8, 5, 1, 7, 3, 4, 3, 4, 10, 1, 9]
(13.242722718144755, 0.5421418029731857, 14.155544872297748, 5.8277709799420085)
[10, 3, 2, 9, 5, 6, 7, 9, 5, 8, 3, 9, 6, 10, 9, 8, 7, 9, 5, 8, 3, 7, 4, 1, 2, 2, 8, 5, 1, 7, 3, 4, 3, 4, 10, 1, 9]
(13.242722718144755, 0.5421418029731857, 14.155544872297748, 5.8277709799420085)
[10, 3, 2, 9, 5, 6, 7, 9, 5, 8, 3, 9, 6, 10, 9, 8, 7, 9, 5, 8, 3, 7, 4, 1, 2, 2, 8, 5, 1, 7, 3, 4, 3, 4, 10, 1, 9]
(15.626282395570845, -2.3982486512050243, 14.796179809514474, 5.831493918081419)
[10, 3, 2, 9, 5, 6, 7, 9, 5, 8, 3, 10, 6, 10, 9, 9, 7, 9, 5, 8, 3, 7, 4, 1, 9, 2, 8, 5, 2, 2, 7, 4, 3, 4, 10, 1, 9]
(10.781594910991956, 0.5892440073900076, 4.4400828494918265, 5.831567028960843)
[10, 3, 2, 9, 5, 6, 7, 9, 5, 8, 3, 10, 6, 10, 9, 9, 7, 9, 5, 8, 3, 7, 4, 1, 9, 2, 8, 5, 2, 2, 7, 4, 3, 4, 10, 1, 9]
(10.781594910991956, 0.5892440073900076, 4.4400828494918265, 5.831567028960843)
[10, 3, 2, 9, 5, 6, 7, 9, 5, 8, 3, 10, 6, 10, 9, 9, 7, 9, 5, 8, 3, 7, 4, 1, 9, 2, 8, 5, 2, 2, 7, 4, 3, 4, 10, 1, 9]
(10.781594910991956, 0.5892440073900076, 4.4400828494918265, 5.831567028960843)
[10, 3, 2, 9, 5, 6, 7, 9, 5, 8, 3, 9, 6, 10, 9, 8, 7, 9, 5, 8, 3, 7, 4, 1, 2, 2, 8, 5, 1, 7, 3, 4, 3, 4, 10, 1, 9]
(12.244844563934343, -5.075318866614388, 14.85739314594039, 5.833037349592268)
[10, 3, 2, 9, 5, 6, 7, 9, 5, 8, 3, 9, 6, 10, 9, 8, 7, 9, 5, 8, 3, 7, 4, 1, 2, 2, 8, 5, 1, 7, 3, 4, 3, 4, 10, 1, 9]
(12.244844563934343, -5.075318866614388, 14.85739314594039, 5.833037349592268)
[10, 3, 2, 9, 5, 6, 7, 9, 5, 8, 3, 9, 6, 10, 9, 8, 7, 9, 5, 8, 3, 7, 4, 1, 2, 2, 8, 5, 1, 7, 3, 4, 3, 4, 10, 1, 9]
(12.244844563934343, -5.075318866614388, 14.85739314594039, 5.833037349592268)
[10, 3, 2, 9, 5, 6, 7, 9, 5, 8, 3, 9, 6, 10, 9, 8, 7, 9, 5, 8, 3, 7, 4, 1, 2, 2, 8, 5, 1, 7, 3, 4, 3, 4, 10, 1, 9]
(12.244844563934343, -5.075318866614388, 14.85739314594039, 5.833037349592268)
[10, 3, 2, 9, 5, 6, 7, 9, 5, 8, 3, 9, 6, 10, 9, 8, 7, 9, 5, 8, 3, 7, 4, 1, 2, 2, 8, 5, 1, 7, 3, 4, 3, 4, 10, 1, 9]
(15.621435278906164, -8.513520240996911, 13.710843371069316, 5.833213170985867)
[10, 3, 2, 9, 5, 6, 7, 9, 5, 8, 3, 9, 6, 10, 9, 8, 7, 9, 5, 8, 3, 7, 4, 1, 2, 2, 8, 5, 1, 7, 3, 4, 3, 4, 10, 1, 9]
(15.621435278906164, -8.513520240996911, 13.710843371069316, 5.833213170985867)
[10, 3, 2, 9, 5, 6, 7, 9, 5, 8, 3, 9, 6, 10, 9, 8, 7, 9, 5, 8, 3, 7, 4, 1, 2, 2, 8, 5, 1, 7, 3, 4, 3, 4, 10, 1, 9]
(15.42837986305658, 0.3861677744265073, 14.39896941595599, 5.837854842499801)
[10, 3, 2, 9, 5, 6, 7, 9, 5, 8, 3, 9, 6, 10, 9, 8, 7, 9, 5, 8, 3, 7, 4, 1, 2, 2, 8, 5, 1, 7, 3, 4, 3, 4, 10, 1, 9]
(15.42837986305658, 0.3861677744265073, 14.39896941595599, 5.837854842499801)
[10, 3, 2, 9, 5, 6, 7, 9, 5, 8, 3, 10, 6, 10, 9, 8, 7, 9, 5, 8, 3, 7, 4, 1, 9, 2, 8, 5, 2, 2, 7, 4, 3, 4, 10, 1, 9]
(14.54240817761438, -3.254815430895084, -5.212499200106379, 5.838590403234654)
[10, 3, 2, 9, 5, 6, 7, 9, 5, 8, 3, 10, 6, 10, 9, 8, 7, 9, 5, 8, 3, 7, 4, 1, 9, 2, 8, 5, 2, 2, 7, 4, 3, 4, 10, 1, 9]
(14.54240817761438, -3.254815430895084, -5.212499200106379, 5.838590403234654)
[10, 3, 2, 9, 5, 6, 7, 9, 5, 8, 3, 10, 6, 10, 9, 8, 7, 9, 5, 8, 3, 7, 4, 1, 9, 2, 8, 5, 2, 2, 7, 4, 3, 4, 10, 1, 9]
(14.54240817761438, -3.254815430895084, -5.212499200106379, 5.838590403234654)
[10, 2, 2, 9, 5, 6, 7, 9, 5, 8, 3, 9, 6, 10, 9, 8, 7, 9, 5, 8, 3, 7, 4, 1, 2, 2, 8, 9, 1, 7, 3, 6, 3, 4, 10, 1, 9]
(7.221722027985383, 0.5913393448531092, 10.541513392414725, 5.846902195082938)
[10, 2, 2, 9, 5, 6, 7, 9, 5, 8, 3, 9, 6, 10, 9, 8, 7, 9, 5, 8, 3, 7, 4, 1, 2, 2, 8, 9, 1, 7, 3, 6, 3, 4, 10, 1, 9]
(7.221722027985383, 0.5913393448531092, 10.541513392414725, 5.846902195082938)
[10, 2, 2, 9, 5, 6, 7, 9, 5, 8, 3, 9, 6, 10, 9, 8, 7, 9, 5, 8, 3, 7, 4, 1, 2, 2, 8, 9, 1, 7, 3, 6, 3, 4, 10, 1, 9]
(7.0696171374729575, 1.6544566232207196, 13.097283941736245, 5.851555538975825)
[10, 2, 2, 9, 5, 6, 7, 9, 5, 8, 3, 9, 6, 10, 9, 8, 7, 9, 5, 8, 3, 7, 4, 1, 2, 2, 8, 9, 1, 7, 3, 6, 3, 4, 10, 1, 9]
(7.0696171374729575, 1.6544566232207196, 13.097283941736245, 5.851555538975825)
[10, 2, 2, 9, 5, 6, 7, 9, 5, 8, 3, 9, 6, 10, 9, 8, 7, 9, 5, 8, 3, 7, 4, 1, 2, 2, 8, 9, 1, 7, 3, 6, 3, 4, 10, 1, 9]
(7.0696171374729575, 1.6544566232207196, 13.097283941736245, 5.851555538975825)
[10, 3, 2, 9, 5, 6, 7, 7, 5, 9, 3, 7, 6, 10, 7, 8, 10, 9, 8, 8, 3, 7, 4, 1, 2, 2, 8, 4, 6, 10, 3, 7, 3, 4, 10, 1, 9]
(1.7308615766669444, -39.55478756666723, 13.156235944527202, 5.857895112777154)
[10, 3, 2, 9, 5, 6, 7, 7, 5, 9, 3, 7, 6, 10, 7, 8, 10, 9, 8, 8, 3, 7, 4, 1, 2, 2, 8, 4, 6, 10, 3, 7, 3, 4, 10, 1, 9]
(1.7308615766669444, -39.55478756666723, 13.156235944527202, 5.857895112777154)
[10, 3, 2, 9, 5, 6, 7, 7, 5, 9, 3, 7, 6, 10, 7, 8, 10, 9, 8, 8, 3, 7, 4, 1, 2, 2, 8, 4, 6, 10, 3, 7, 3, 4, 10, 1, 9]
(1.7308615766669444, -39.55478756666723, 13.156235944527202, 5.857895112777154)
[10, 3, 2, 9, 5, 6, 7, 7, 5, 9, 3, 7, 6, 10, 7, 8, 10, 9, 8, 8, 3, 7, 4, 1, 2, 2, 8, 4, 6, 10, 3, 7, 3, 4, 10, 1, 9]
(1.7308615766669444, -39.55478756666723, 13.156235944527202, 5.857895112777154)
[10, 3, 2, 9, 5, 6, 7, 7, 5, 9, 3, 7, 6, 10, 7, 8, 10, 9, 8, 8, 3, 7, 4, 1, 2, 2, 8, 4, 6, 10, 3, 7, 3, 4, 10, 1, 9]
(11.31348967926123, -39.90827305115495, 13.02047435002923, 5.861623881810022)
[10, 3, 2, 9, 5, 6, 7, 7, 5, 9, 3, 7, 6, 10, 7, 8, 10, 9, 8, 8, 3, 7, 4, 1, 2, 2, 8, 4, 6, 10, 3, 7, 3, 4, 10, 1, 9]
(11.31348967926123, -39.90827305115495, 13.02047435002923, 5.861623881810022)
[10, 3, 2, 9, 5, 6, 7, 7, 5, 9, 3, 7, 6, 10, 7, 8, 10, 9, 8, 8, 3, 7, 4, 1, 2, 2, 8, 4, 6, 10, 3, 7, 3, 4, 10, 1, 9]
(11.31348967926123, -39.90827305115495, 13.02047435002923, 5.861623881810022)
[10, 3, 2, 9, 5, 6, 7, 7, 5, 9, 3, 7, 6, 10, 7, 8, 10, 9, 8, 8, 3, 7, 4, 1, 2, 2, 8, 4, 6, 10, 3, 7, 3, 4, 10, 1, 9]
(11.31348967926123, -39.90827305115495, 13.02047435002923, 5.861623881810022)
[10, 4, 2, 9, 5, 6, 4, 7, 5, 3, 4, 7, 6, 10, 9, 8, 9, 9, 6, 8, 3, 10, 4, 10, 2, 2, 7, 2, 10, 7, 3, 4, 3, 4, 10, 1, 9]
(13.986412674250449, -63.61839502435785, 10.80825724570591, 5.862684287311698)
[10, 4, 2, 9, 5, 6, 4, 7, 5, 3, 4, 7, 6, 10, 9, 8, 9, 9, 6, 8, 3, 10, 4, 10, 2, 2, 7, 2, 10, 7, 3, 4, 3, 4, 10, 1, 9]
(13.986412674250449, -63.61839502435785, 10.80825724570591, 5.862684287311698)
[10, 4, 2, 9, 5, 6, 4, 7, 5, 3, 4, 7, 6, 10, 9, 8, 9, 9, 6, 8, 3, 10, 4, 10, 2, 2, 7, 2, 10, 7, 3, 4, 3, 4, 10, 1, 9]
(13.986412674250449, -63.61839502435785, 10.80825724570591, 5.862684287311698)
[10, 4, 2, 9, 5, 6, 4, 7, 5, 3, 4, 7, 6, 10, 9, 8, 9, 9, 6, 8, 3, 10, 4, 10, 2, 2, 7, 2, 10, 7, 3, 4, 3, 4, 10, 1, 9]
(13.986412674250449, -63.61839502435785, 10.80825724570591, 5.862684287311698)
[10, 4, 2, 9, 5, 6, 4, 7, 5, 3, 4, 7, 6, 10, 9, 8, 9, 9, 6, 8, 3, 10, 4, 10, 2, 2, 7, 2, 10, 7, 3, 4, 3, 4, 10, 1, 9]
(13.841111196632472, -59.120089713992954, 7.379475691646052, 5.865879142798426)
[10, 3, 2, 9, 4, 5, 1, 7, 6, 10, 4, 7, 6, 10, 9, 8, 9, 8, 8, 8, 3, 9, 4, 1, 2, 1, 8, 8, 3, 7, 3, 7, 3, 4, 10, 1, 9]
(13.733745208786965, -20.181669093865825, -1.8711169511398156, 5.867146845120592)
[10, 3, 2, 9, 4, 5, 1, 7, 6, 10, 4, 7, 6, 10, 9, 8, 9, 8, 8, 8, 3, 9, 4, 1, 2, 1, 8, 8, 3, 7, 3, 7, 3, 4, 10, 1, 9]
(15.007718517560306, -19.07126253952317, -2.1751078218367033, 5.872616510013133)
[10, 3, 2, 9, 4, 5, 1, 7, 6, 10, 4, 7, 6, 10, 9, 8, 9, 8, 8, 8, 3, 9, 4, 1, 2, 1, 8, 8, 3, 7, 3, 7, 3, 4, 10, 1, 9]
(15.007718517560306, -19.07126253952317, -2.1751078218367033, 5.872616510013133)
[10, 3, 2, 9, 4, 5, 1, 7, 6, 10, 4, 7, 6, 10, 9, 8, 9, 8, 8, 8, 3, 9, 4, 1, 2, 1, 8, 8, 3, 7, 3, 7, 3, 4, 10, 1, 9]
(15.007718517560306, -19.07126253952317, -2.1751078218367033, 5.872616510013133)
[10, 4, 2, 9, 5, 6, 7, 9, 7, 10, 3, 7, 6, 10, 9, 8, 9, 9, 6, 2, 3, 10, 4, 10, 2, 2, 7, 2, 10, 7, 8, 4, 3, 4, 6, 1, 9]
(-1.2405014093324211, 3.56558398438346, 5.628692147061947, 5.8771839887420105)
[10, 4, 2, 9, 5, 6, 7, 9, 7, 10, 3, 7, 6, 10, 9, 8, 9, 9, 6, 2, 3, 10, 4, 10, 2, 2, 7, 2, 10, 7, 8, 4, 3, 4, 6, 1, 9]
(-1.2405014093324211, 3.56558398438346, 5.628692147061947, 5.8771839887420105)
[10, 3, 2, 9, 5, 6, 7, 7, 5, 9, 3, 7, 6, 10, 7, 8, 10, 9, 8, 8, 3, 7, 4, 1, 2, 2, 8, 4, 3, 10, 1, 7, 3, 4, 10, 1, 9]
(13.587937302173527, -29.314077756846316, 9.84549051094955, 5.878370687516714)
[10, 3, 2, 9, 5, 6, 7, 7, 5, 9, 3, 7, 6, 10, 7, 8, 10, 9, 8, 8, 3, 7, 4, 1, 2, 2, 8, 4, 3, 10, 1, 7, 3, 4, 10, 1, 9]
(13.587937302173527, -29.314077756846316, 9.84549051094955, 5.878370687516714)
[10, 3, 2, 9, 5, 6, 7, 7, 5, 9, 3, 7, 6, 10, 7, 8, 10, 9, 8, 8, 3, 7, 4, 1, 2, 2, 8, 4, 3, 10, 1, 7, 3, 4, 10, 1, 9]
(13.587937302173527, -29.314077756846316, 9.84549051094955, 5.878370687516714)
[10, 3, 2, 9, 4, 5, 1, 7, 6, 10, 4, 9, 6, 10, 9, 8, 7, 9, 6, 8, 3, 7, 4, 1, 2, 2, 8, 5, 1, 7, 3, 4, 3, 4, 10, 1, 9]
(12.272525905642295, -2.754841158126367, 0.12215842662160858, 5.8837895242023865)
[10, 3, 2, 9, 5, 6, 7, 7, 6, 9, 3, 7, 6, 10, 7, 8, 10, 9, 8, 8, 3, 7, 4, 1, 2, 2, 8, 4, 3, 1, 1, 7, 3, 4, 10, 1, 9]
(10.58204890870184, -29.87612315691798, 10.126118699681342, 5.897258336893518)
[10, 3, 2, 9, 5, 6, 7, 9, 5, 3, 3, 9, 6, 10, 9, 8, 7, 9, 6, 8, 3, 7, 4, 1, 2, 2, 8, 5, 1, 7, 3, 4, 3, 4, 10, 1, 9]
(12.681760879324765, -6.161991922122211, -1.9153310622224957, 5.900866496068563)
[10, 3, 2, 9, 5, 6, 7, 9, 5, 3, 3, 9, 6, 10, 9, 8, 7, 9, 6, 8, 3, 7, 4, 1, 2, 2, 8, 5, 1, 7, 3, 4, 3, 4, 10, 1, 9]
(11.934422918717926, -3.2416621212957737, 7.92934071106301, 5.9022424956313495)
[10, 3, 2, 9, 5, 6, 7, 9, 5, 3, 3, 9, 6, 10, 9, 8, 7, 9, 6, 8, 3, 7, 4, 1, 2, 2, 8, 5, 1, 7, 3, 4, 3, 4, 10, 1, 9]
(11.934422918717926, -3.2416621212957737, 7.92934071106301, 5.9022424956313495)
[10, 3, 2, 9, 5, 6, 7, 9, 5, 3, 3, 9, 6, 10, 9, 8, 7, 9, 6, 8, 3, 7, 4, 1, 2, 2, 8, 5, 1, 7, 3, 4, 3, 4, 10, 1, 9]
(11.934422918717926, -3.2416621212957737, 7.92934071106301, 5.9022424956313495)
[10, 3, 2, 9, 5, 6, 7, 9, 5, 3, 3, 9, 6, 10, 9, 8, 7, 9, 6, 8, 3, 7, 4, 1, 2, 2, 8, 5, 1, 7, 3, 4, 3, 4, 10, 1, 9]
(11.934422918717926, -3.2416621212957737, 7.92934071106301, 5.9022424956313495)
[10, 3, 2, 9, 5, 6, 7, 9, 5, 2, 3, 9, 6, 10, 9, 8, 7, 9, 5, 8, 3, 7, 6, 1, 2, 2, 8, 5, 1, 7, 3, 4, 3, 4, 10, 1, 9]
(12.844334084758842, -9.105275255042574, -24.725688076667765, 5.90891075006279)
[10, 3, 2, 9, 5, 6, 7, 9, 5, 2, 3, 9, 6, 10, 9, 8, 7, 9, 5, 8, 3, 7, 6, 1, 2, 2, 8, 5, 1, 7, 3, 4, 3, 4, 10, 1, 9]
(12.844334084758842, -9.105275255042574, -24.725688076667765, 5.90891075006279)
[10, 3, 2, 9, 5, 6, 7, 7, 5, 9, 3, 7, 10, 10, 7, 8, 10, 9, 8, 8, 3, 7, 4, 1, 2, 2, 8, 4, 6, 10, 3, 8, 2, 4, 7, 1, 9]
(-0.4130936660868542, 5.255199691705788, 2.2835334049454055, 5.928427996609098)
[10, 3, 2, 9, 5, 6, 7, 8, 6, 5, 1, 3, 6, 10, 9, 8, 9, 9, 5, 8, 3, 7, 4, 1, 2, 3, 9, 2, 2, 7, 8, 5, 4, 4, 7, 1, 9]
(10.713332054248896, -0.13030854177814355, -2.044694282332282, 5.937016010724019)
[10, 4, 2, 9, 5, 6, 7, 9, 7, 10, 3, 7, 4, 10, 9, 8, 9, 9, 6, 2, 7, 10, 4, 10, 2, 2, 7, 2, 10, 7, 8, 4, 3, 4, 6, 1, 9]
(2.5251086571135595, 4.298491985450805, 3.1450319618450457, 5.941055344722866)
[10, 3, 2, 9, 5, 6, 7, 9, 7, 10, 3, 7, 6, 10, 9, 9, 9, 9, 5, 8, 3, 7, 4, 1, 2, 1, 5, 2, 7, 7, 8, 5, 4, 4, 7, 1, 9]
(9.433470258715534, -21.07369847683622, -1.3907855200706907, 5.941363992017843)
[10, 3, 2, 9, 5, 6, 7, 9, 7, 10, 3, 7, 6, 10, 9, 9, 9, 9, 5, 8, 3, 7, 4, 1, 2, 1, 5, 2, 7, 7, 8, 5, 4, 4, 7, 1, 9]
(9.433470258715534, -21.07369847683622, -1.3907855200706907, 5.941363992017843)
[10, 3, 2, 9, 5, 6, 7, 8, 6, 5, 1, 3, 6, 10, 9, 8, 7, 9, 6, 8, 3, 7, 4, 2, 2, 2, 4, 4, 2, 7, 8, 5, 4, 4, 7, 1, 9]
(6.153305506129572, 1.1668076819940554, -1.8897638719335463, 5.948920281858029)
[10, 3, 2, 9, 5, 6, 7, 9, 7, 10, 3, 7, 6, 10, 9, 9, 9, 8, 9, 8, 3, 7, 4, 1, 2, 1, 8, 8, 1, 5, 8, 4, 2, 4, 7, 1, 9]
(2.8485433389416377, -2.3700530965285433, 9.772384698910194, 5.9590309087377555)
[10, 3, 2, 9, 5, 6, 7, 9, 7, 6, 3, 6, 6, 10, 9, 8, 7, 8, 8, 8, 3, 7, 4, 1, 3, 2, 8, 8, 5, 5, 8, 8, 2, 4, 7, 1, 9]
(5.1004045383160275, -1.082054873783382, 3.888099600853818, 5.968023640440498)
[10, 3, 2, 9, 5, 6, 7, 9, 7, 6, 3, 6, 6, 10, 9, 8, 7, 8, 8, 8, 3, 7, 4, 1, 3, 2, 8, 8, 5, 5, 8, 8, 2, 4, 7, 1, 9]
(5.1004045383160275, -1.082054873783382, 3.888099600853818, 5.968023640440498)
[10, 3, 2, 9, 5, 6, 7, 9, 7, 10, 3, 7, 6, 10, 9, 9, 9, 9, 8, 8, 3, 5, 4, 1, 2, 1, 8, 8, 1, 5, 8, 4, 2, 4, 7, 1, 9]
(10.565365725274376, -4.6736186556502375, -2.030227917709082, 5.9744660675281205)
[10, 3, 2, 9, 5, 6, 7, 9, 5, 10, 3, 7, 6, 10, 9, 9, 9, 8, 8, 8, 3, 7, 4, 1, 2, 2, 5, 5, 1, 7, 3, 7, 2, 4, 7, 1, 9]
(-8.827326906306732, -11.467321832626649, 11.530912892643464, 5.977885614270293)
[10, 3, 2, 9, 5, 6, 7, 9, 5, 10, 3, 7, 6, 10, 9, 9, 9, 8, 8, 8, 3, 7, 4, 1, 2, 2, 5, 5, 1, 7, 3, 7, 2, 4, 7, 1, 9]
(-8.827326906306732, -11.467321832626649, 11.530912892643464, 5.977885614270293)
[10, 3, 2, 9, 5, 6, 7, 9, 5, 10, 3, 7, 6, 10, 9, 9, 9, 8, 8, 8, 3, 7, 4, 1, 2, 2, 5, 5, 1, 7, 3, 7, 2, 4, 7, 1, 9]
(-8.827326906306732, -11.467321832626649, 11.530912892643464, 5.977885614270293)
[10, 3, 2, 9, 5, 6, 7, 9, 7, 10, 3, 7, 6, 10, 9, 9, 9, 9, 5, 8, 3, 7, 4, 1, 2, 1, 8, 8, 1, 5, 8, 4, 2, 4, 7, 1, 9]
(9.686170577767193, -11.895788671216566, -1.636148772298485, 5.985788729151258)
[10, 3, 2, 9, 5, 6, 7, 9, 7, 10, 3, 7, 6, 10, 9, 9, 9, 8, 8, 8, 3, 7, 4, 1, 2, 1, 8, 8, 1, 5, 8, 4, 2, 4, 7, 1, 9]
(-3.083183485058724, -5.895850115910708, 5.385526415056084, 5.988953083937792)
[10, 3, 2, 9, 5, 6, 7, 9, 7, 10, 3, 7, 6, 10, 9, 9, 9, 9, 5, 8, 3, 7, 4, 1, 2, 1, 8, 8, 1, 5, 8, 4, 2, 4, 7, 1, 9]
(11.65867790840416, -8.26108828160106, -1.708553103629391, 5.988968205601822)
[10, 3, 2, 9, 5, 6, 7, 9, 7, 10, 3, 7, 6, 10, 9, 9, 9, 9, 5, 8, 3, 7, 4, 1, 2, 1, 8, 8, 1, 5, 8, 4, 2, 4, 7, 1, 9]
(11.59971760647004, -14.868570125593418, -1.7626885063821893, 5.989225072298133)
[10, 3, 2, 9, 5, 6, 7, 7, 5, 10, 3, 7, 6, 10, 9, 9, 9, 8, 8, 8, 3, 7, 4, 6, 2, 2, 8, 1, 1, 7, 3, 7, 2, 4, 7, 1, 9]
(7.782413864487127, 3.700163387238528, -4.2094819943731, 5.991366869367742)
[10, 3, 2, 9, 5, 6, 7, 7, 5, 10, 3, 7, 6, 10, 9, 9, 9, 8, 8, 8, 3, 7, 4, 6, 2, 2, 8, 1, 1, 7, 3, 7, 2, 4, 7, 1, 9]
(7.782413864487127, 3.700163387238528, -4.2094819943731, 5.991366869367742)
[10, 3, 2, 9, 5, 6, 7, 9, 7, 10, 3, 7, 6, 10, 9, 9, 9, 8, 8, 8, 3, 7, 4, 1, 2, 1, 8, 8, 1, 5, 8, 4, 2, 4, 7, 1, 9]
(-3.743919964581616, -4.530367524947401, 10.48409184385535, 5.991747421234305)
[10, 3, 2, 9, 5, 6, 7, 9, 7, 10, 3, 7, 6, 10, 9, 9, 9, 8, 8, 8, 3, 7, 4, 1, 2, 1, 8, 8, 1, 5, 8, 4, 2, 4, 7, 1, 9]
(-11.032788739546229, -3.1348708425672527, 8.38528800949343, 5.992340686652472)
[10, 3, 2, 9, 5, 6, 7, 9, 7, 10, 3, 7, 6, 10, 9, 9, 9, 8, 8, 8, 3, 7, 4, 1, 2, 1, 8, 8, 1, 5, 8, 4, 2, 4, 7, 1, 9]
(-11.032788739546229, -3.1348708425672527, 8.38528800949343, 5.992340686652472)
[10, 3, 2, 9, 5, 6, 7, 9, 7, 10, 3, 7, 6, 10, 9, 9, 9, 8, 8, 8, 3, 7, 4, 1, 2, 1, 8, 8, 1, 5, 8, 4, 2, 4, 7, 1, 9]
(-11.032788739546229, -3.1348708425672527, 8.38528800949343, 5.992340686652472)
[10, 3, 2, 9, 5, 6, 9, 6, 7, 10, 3, 7, 6, 1, 9, 9, 5, 8, 6, 8, 3, 7, 4, 2, 2, 1, 8, 8, 1, 5, 8, 4, 2, 4, 7, 1, 9]
(4.2389713874952575, 6.02318363680088, 1.5294441119675533, 6.007363882893027)
[10, 3, 2, 9, 4, 5, 1, 7, 6, 10, 4, 7, 6, 10, 9, 8, 9, 8, 8, 8, 3, 7, 4, 1, 2, 2, 8, 5, 1, 7, 10, 4, 2, 4, 7, 1, 9]
(1.1966138112529279, -17.90438777254264, 8.089530882790068, 6.016097614315261)
[10, 3, 2, 9, 4, 5, 1, 7, 6, 10, 4, 7, 6, 10, 9, 8, 9, 8, 8, 8, 3, 7, 4, 1, 2, 2, 8, 5, 1, 7, 10, 4, 2, 4, 7, 1, 9]
(1.1966138112529279, -17.90438777254264, 8.089530882790068, 6.016097614315261)
[10, 3, 2, 6, 5, 6, 5, 9, 5, 8, 3, 7, 6, 10, 5, 1, 7, 9, 5, 8, 3, 7, 4, 1, 2, 2, 8, 5, 2, 6, 3, 7, 9, 4, 10, 3, 10]
(0.48016764645722043, -0.1499767638802767, 1.9658479154129704, 6.027080988962991)
[10, 3, 2, 9, 5, 6, 1, 7, 6, 10, 4, 7, 6, 10, 9, 8, 9, 8, 8, 8, 3, 9, 4, 1, 3, 9, 8, 1, 5, 5, 8, 8, 2, 4, 7, 1, 9]
(6.3510316624149254, -3.354864567020709, 4.9161469751468925, 6.029599761233169)
[10, 3, 2, 9, 5, 6, 9, 6, 7, 10, 3, 7, 6, 1, 9, 7, 5, 8, 6, 8, 3, 7, 4, 2, 2, 1, 8, 8, 1, 5, 8, 4, 2, 4, 7, 1, 9]
(4.092712517256757, 5.6750513700865, 1.9320882452676298, 6.043220154465532)
[10, 3, 2, 9, 5, 6, 7, 9, 1, 10, 3, 3, 6, 5, 6, 8, 7, 8, 8, 8, 3, 7, 4, 1, 2, 1, 2, 8, 1, 5, 8, 4, 2, 4, 7, 3, 9]
(-0.20385427148180496, 1.3810830721566392, 0.4302378895968772, 6.045978078631882)
[10, 3, 2, 6, 5, 6, 5, 9, 5, 8, 3, 7, 6, 10, 9, 8, 7, 9, 6, 8, 3, 7, 4, 2, 2, 2, 8, 2, 2, 6, 3, 7, 9, 4, 10, 3, 10]
(0.27950508881035574, -0.025373015079261027, 3.2887577456270676, 6.048854856255476)
[10, 3, 2, 6, 5, 6, 5, 9, 5, 9, 3, 9, 6, 10, 9, 8, 7, 9, 5, 8, 3, 7, 4, 1, 2, 2, 8, 2, 6, 7, 3, 7, 9, 4, 10, 3, 10]
(0.556118696256999, 1.5073944741889597e-06, 0.2643976529127851, 6.148265421821224)
[10, 3, 2, 9, 5, 6, 7, 3, 7, 10, 3, 7, 6, 10, 9, 9, 9, 8, 8, 9, 3, 7, 4, 1, 8, 4, 8, 2, 5, 7, 8, 6, 3, 4, 10, 1, 9]
(0.002219306066353965, 2.891048845474035, 0.093024062185775, 6.161460440638094)
[10, 3, 2, 9, 5, 6, 7, 3, 7, 10, 3, 7, 6, 10, 9, 9, 9, 8, 8, 9, 3, 7, 4, 1, 8, 4, 8, 2, 5, 7, 8, 6, 3, 4, 10, 1, 9]
(0.002219306066353965, 2.891048845474035, 0.093024062185775, 6.161460440638094)
[10, 3, 2, 9, 5, 6, 7, 3, 7, 10, 3, 7, 6, 10, 9, 9, 9, 8, 8, 9, 3, 7, 4, 1, 8, 4, 8, 2, 5, 7, 8, 6, 3, 4, 10, 1, 9]
(0.002219306066353965, 2.891048845474035, 0.093024062185775, 6.161460440638094)
[10, 3, 2, 2, 5, 6, 7, 10, 5, 10, 4, 7, 6, 10, 9, 7, 7, 9, 8, 8, 3, 7, 8, 1, 2, 2, 2, 4, 3, 7, 7, 7, 3, 4, 10, 1, 9]
(0.0007615019359832332, -0.0012346933506425795, 0.0005601553437179013, 6.225522518459158)
[2, 3, 2, 10, 5, 6, 7, 10, 5, 10, 4, 7, 6, 10, 9, 9, 7, 9, 8, 8, 3, 7, 8, 1, 2, 2, 8, 4, 3, 7, 3, 7, 3, 4, 10, 1, 9]
(0.0006441915178470481, 0.0003218633700946565, -6.485017629618955e-05, 6.22724108609407)
[1, 1, 8, 9, 9, 5, 1, 6, 5, 2, 3, 7, 6, 10, 9, 8, 7, 9, 3, 8, 3, 7, 2, 2, 2, 6, 8, 4, 2, 6, 3, 7, 6, 4, 5, 9, 10]
(6.091928075875345e-05, 0.00013827872488346795, -2.7179505624891323e-05, 6.242185448349622)
[1, 1, 8, 9, 9, 5, 1, 6, 5, 2, 3, 7, 6, 10, 9, 8, 7, 9, 3, 8, 3, 7, 2, 2, 2, 6, 8, 4, 2, 6, 3, 7, 6, 4, 5, 9, 10]
(6.091928075875345e-05, 0.00013827872488346795, -2.7179505624891323e-05, 6.242185448349622)
