[7, 9, 5, 2, 10, 3, 6, 9, 10, 1, 7, 2, 6, 10, 7, 6, 8, 6, 4, 8, 6, 6, 9, 7, 1, 9, 7, 10, 10, 5, 5, 7, 7, 8, 7, 10, 6, 10, 8, 9, 2, 4, 5, 9, 10, 5, 4, 3, 10, 3, 8, 10, 8, 1, 2, 10, 10, 2, 8, 7, 8, 10, 7, 3, 5, 8, 4, 3, 10, 4, 9, 4, 3, 1]
(1.4286957561968678, 0.010650290912340961, 1.4317994648217076, 0.010381297225274347, 1.4223617749660138, 0.010618736159676045, 1.4204717984794502, 0.010169390729380692, 1.4232862326501732, 0.010652216997039877)
[7, 9, 5, 2, 10, 3, 6, 9, 10, 1, 7, 2, 6, 10, 7, 6, 8, 6, 4, 8, 6, 6, 9, 7, 1, 9, 7, 10, 10, 5, 5, 7, 7, 8, 7, 10, 6, 10, 8, 9, 2, 4, 5, 9, 10, 5, 4, 3, 10, 3, 8, 10, 8, 1, 2, 10, 10, 2, 8, 7, 8, 10, 7, 3, 5, 8, 4, 3, 10, 4, 9, 4, 3, 1]
(1.4286957561968678, 0.010650290912340961, 1.4317994648217076, 0.010381297225274347, 1.4223617749660138, 0.010618736159676045, 1.4204717984794502, 0.010169390729380692, 1.4232862326501732, 0.010652216997039877)
[7, 9, 5, 2, 10, 3, 6, 9, 10, 1, 7, 2, 6, 10, 7, 6, 8, 6, 4, 8, 6, 6, 9, 7, 1, 9, 7, 10, 10, 5, 5, 7, 7, 8, 7, 10, 6, 10, 8, 9, 2, 4, 5, 9, 10, 5, 4, 3, 10, 3, 8, 10, 8, 1, 2, 10, 10, 2, 8, 7, 8, 10, 7, 3, 5, 8, 4, 3, 10, 4, 9, 4, 3, 1]
(1.4286957561968678, 0.010650290912340961, 1.4317994648217076, 0.010381297225274347, 1.4223617749660138, 0.010618736159676045, 1.4204717984794502, 0.010169390729380692, 1.4232862326501732, 0.010652216997039877)
[7, 9, 5, 2, 10, 3, 6, 9, 8, 1, 7, 2, 6, 10, 7, 6, 8, 6, 4, 8, 6, 4, 10, 10, 6, 9, 7, 8, 10, 5, 5, 7, 8, 8, 7, 10, 6, 10, 8, 9, 4, 4, 7, 4, 10, 5, 5, 7, 10, 3, 8, 6, 7, 1, 2, 7, 10, 2, 8, 7, 8, 10, 7, 3, 5, 8, 4, 3, 10, 4, 9, 4, 3, 1]
(1.426829903721702, 0.011161644946590634, 1.4372857619820951, 0.010866558529900875, 1.4242564180492283, 0.011126992295138131, 1.425265701115024, 0.010634599714742128, 1.4296601948140975, 0.011163760444583946)
[7, 9, 5, 2, 10, 3, 6, 9, 8, 1, 7, 2, 6, 10, 7, 6, 8, 6, 4, 8, 6, 4, 10, 10, 6, 9, 7, 8, 10, 5, 5, 7, 8, 8, 7, 10, 6, 10, 8, 9, 4, 4, 7, 4, 10, 5, 5, 7, 10, 3, 8, 6, 7, 1, 2, 7, 10, 2, 8, 7, 8, 10, 7, 3, 5, 8, 4, 3, 10, 4, 9, 4, 3, 1]
(1.426829903721702, 0.011161644946590634, 1.4372857619820951, 0.010866558529900875, 1.4242564180492283, 0.011126992295138131, 1.425265701115024, 0.010634599714742128, 1.4296601948140975, 0.011163760444583946)
[7, 9, 5, 2, 10, 3, 6, 9, 8, 1, 7, 2, 6, 10, 7, 6, 8, 6, 4, 8, 6, 4, 10, 10, 6, 9, 7, 8, 10, 5, 5, 7, 8, 8, 7, 10, 6, 10, 8, 9, 4, 4, 7, 4, 10, 5, 5, 7, 10, 3, 8, 6, 7, 1, 2, 7, 10, 2, 8, 7, 8, 10, 7, 3, 5, 8, 4, 3, 10, 4, 9, 4, 3, 1]
(1.426829903721702, 0.011161644946590634, 1.4372857619820951, 0.010866558529900875, 1.4242564180492283, 0.011126992295138131, 1.425265701115024, 0.010634599714742128, 1.4296601948140975, 0.011163760444583946)
[7, 9, 5, 2, 10, 3, 6, 9, 8, 1, 7, 2, 6, 10, 7, 6, 8, 6, 4, 8, 6, 4, 10, 10, 6, 9, 7, 8, 10, 5, 5, 7, 8, 8, 7, 10, 6, 10, 8, 9, 4, 4, 7, 4, 10, 5, 5, 7, 10, 3, 8, 6, 7, 1, 2, 7, 10, 2, 8, 7, 8, 10, 7, 3, 5, 8, 4, 3, 10, 4, 9, 4, 3, 1]
(1.426829903721702, 0.011161644946590634, 1.4372857619820951, 0.010866558529900875, 1.4242564180492283, 0.011126992295138131, 1.425265701115024, 0.010634599714742128, 1.4296601948140975, 0.011163760444583946)
[9, 9, 6, 2, 2, 4, 2, 7, 6, 8, 4, 2, 6, 10, 7, 6, 3, 6, 4, 8, 6, 4, 9, 10, 6, 9, 7, 8, 10, 5, 5, 7, 8, 8, 7, 10, 6, 10, 8, 9, 4, 4, 5, 8, 10, 5, 4, 3, 10, 3, 8, 10, 7, 3, 2, 10, 10, 2, 8, 8, 8, 8, 5, 5, 3, 8, 4, 3, 2, 5, 4, 4, 6, 1]
(1.4349094665794482, 0.6096624540073604, 1.4812984208016473, 0.20546551553602463, 1.4482030729948385, 0.6491228070175462, 1.4626251387595024, 0.0, 1.4464346398412093, 0.0)
[9, 9, 6, 2, 2, 4, 2, 7, 6, 8, 4, 2, 6, 10, 7, 6, 3, 6, 4, 8, 6, 4, 9, 10, 6, 9, 7, 8, 10, 5, 5, 7, 8, 8, 7, 10, 6, 10, 8, 9, 4, 4, 5, 8, 10, 5, 4, 3, 10, 3, 8, 10, 7, 3, 2, 10, 10, 2, 8, 8, 8, 8, 5, 5, 3, 8, 4, 3, 2, 5, 4, 4, 6, 1]
(1.4349094665794482, 0.6096624540073604, 1.4812984208016473, 0.20546551553602463, 1.4482030729948385, 0.6491228070175462, 1.4626251387595024, 0.0, 1.4464346398412093, 0.0)
[9, 9, 6, 2, 2, 4, 2, 7, 6, 8, 4, 2, 6, 10, 7, 6, 3, 6, 4, 8, 6, 4, 9, 10, 6, 9, 7, 8, 10, 5, 5, 7, 8, 8, 7, 10, 6, 10, 8, 9, 4, 4, 5, 8, 10, 5, 4, 3, 10, 3, 8, 10, 7, 3, 2, 10, 10, 2, 8, 8, 8, 8, 5, 5, 3, 8, 4, 3, 2, 5, 4, 4, 6, 1]
(1.4349094665794482, 0.6096624540073604, 1.4812984208016473, 0.20546551553602463, 1.4482030729948385, 0.6491228070175462, 1.4626251387595024, 0.0, 1.4464346398412093, 0.0)
[9, 9, 6, 2, 2, 4, 2, 7, 6, 8, 4, 2, 6, 10, 7, 6, 3, 6, 4, 8, 6, 4, 9, 10, 6, 9, 7, 8, 10, 5, 5, 7, 8, 8, 7, 10, 6, 10, 8, 9, 4, 4, 5, 8, 10, 5, 4, 3, 10, 3, 8, 10, 7, 3, 2, 10, 10, 2, 8, 8, 8, 8, 5, 5, 3, 8, 4, 3, 2, 5, 4, 4, 6, 1]
(1.4349094665794482, 0.6096624540073604, 1.4812984208016473, 0.20546551553602463, 1.4482030729948385, 0.6491228070175462, 1.4626251387595024, 0.0, 1.4464346398412093, 0.0)
[9, 9, 6, 2, 2, 4, 2, 7, 6, 8, 4, 2, 6, 10, 7, 6, 3, 6, 4, 8, 6, 4, 9, 10, 6, 9, 7, 8, 10, 5, 5, 7, 8, 8, 7, 10, 6, 10, 8, 9, 4, 4, 5, 8, 10, 5, 4, 3, 10, 3, 8, 10, 7, 3, 2, 10, 10, 2, 8, 8, 8, 8, 5, 5, 3, 8, 4, 3, 2, 5, 4, 4, 6, 1]
(1.4349094665794482, 0.6096624540073604, 1.4812984208016473, 0.20546551553602463, 1.4482030729948385, 0.6491228070175462, 1.4626251387595024, 0.0, 1.4464346398412093, 0.0)
[9, 9, 6, 2, 2, 4, 2, 7, 6, 8, 4, 2, 6, 10, 7, 6, 3, 6, 4, 8, 6, 4, 9, 10, 6, 9, 7, 8, 10, 5, 5, 7, 8, 8, 7, 10, 6, 10, 8, 9, 4, 4, 5, 8, 10, 5, 4, 3, 10, 3, 8, 10, 7, 3, 2, 10, 10, 2, 8, 8, 8, 8, 5, 5, 3, 8, 4, 3, 2, 5, 4, 4, 6, 1]
(1.4349094665794482, 0.6096624540073604, 1.4812984208016473, 0.20546551553602463, 1.4482030729948385, 0.6491228070175462, 1.4626251387595024, 0.0, 1.4464346398412093, 0.0)
[9, 9, 6, 2, 2, 4, 2, 7, 6, 8, 4, 2, 6, 10, 7, 6, 3, 6, 4, 8, 6, 4, 9, 10, 6, 9, 7, 8, 10, 5, 5, 7, 8, 8, 7, 10, 6, 10, 8, 9, 4, 4, 5, 8, 10, 5, 4, 3, 10, 3, 8, 10, 7, 3, 2, 10, 10, 2, 8, 8, 8, 8, 5, 5, 3, 8, 4, 3, 2, 5, 4, 4, 6, 1]
(1.4349094665794482, 0.6096624540073604, 1.4812984208016473, 0.20546551553602463, 1.4482030729948385, 0.6491228070175462, 1.4626251387595024, 0.0, 1.4464346398412093, 0.0)
[9, 9, 6, 2, 2, 4, 2, 7, 6, 8, 4, 2, 6, 10, 7, 6, 3, 6, 4, 8, 6, 4, 9, 10, 6, 9, 7, 8, 10, 5, 5, 7, 8, 8, 7, 10, 6, 10, 8, 9, 4, 4, 5, 8, 10, 5, 4, 3, 10, 3, 8, 10, 7, 3, 2, 10, 10, 2, 8, 8, 8, 8, 5, 5, 3, 8, 4, 3, 2, 5, 4, 4, 6, 1]
(1.4349094665794482, 0.6096624540073604, 1.4812984208016473, 0.20546551553602463, 1.4482030729948385, 0.6491228070175462, 1.4626251387595024, 0.0, 1.4464346398412093, 0.0)
[9, 9, 6, 2, 2, 4, 2, 7, 6, 8, 4, 2, 6, 10, 7, 6, 3, 6, 4, 8, 6, 4, 9, 10, 6, 9, 7, 8, 10, 5, 5, 7, 8, 8, 7, 10, 6, 10, 8, 9, 4, 4, 5, 8, 10, 5, 4, 3, 10, 3, 8, 10, 7, 3, 2, 10, 10, 2, 8, 8, 8, 8, 5, 5, 3, 8, 4, 3, 2, 5, 4, 4, 6, 1]
(1.4349094665794482, 0.6096624540073604, 1.4812984208016473, 0.20546551553602463, 1.4482030729948385, 0.6491228070175462, 1.4626251387595024, 0.0, 1.4464346398412093, 0.0)
[9, 9, 6, 2, 2, 4, 2, 7, 6, 8, 4, 2, 6, 10, 7, 6, 3, 6, 4, 8, 6, 4, 9, 10, 6, 9, 7, 8, 10, 5, 5, 7, 8, 8, 7, 10, 6, 10, 8, 9, 4, 4, 5, 8, 10, 5, 4, 3, 10, 3, 8, 10, 7, 3, 2, 10, 10, 2, 8, 8, 8, 8, 5, 5, 3, 8, 4, 3, 2, 5, 4, 4, 6, 1]
(1.4349094665794482, 0.6096624540073604, 1.4812984208016473, 0.20546551553602463, 1.4482030729948385, 0.6491228070175462, 1.4626251387595024, 0.0, 1.4464346398412093, 0.0)
[9, 9, 6, 2, 2, 4, 2, 7, 6, 8, 4, 2, 6, 10, 7, 6, 3, 6, 4, 8, 6, 4, 9, 10, 6, 9, 7, 8, 10, 5, 5, 7, 8, 8, 7, 10, 6, 10, 8, 9, 4, 4, 5, 8, 10, 5, 4, 3, 10, 3, 8, 10, 7, 3, 2, 10, 10, 2, 8, 8, 8, 8, 5, 5, 3, 8, 4, 3, 2, 5, 4, 4, 6, 1]
(1.4349094665794482, 0.6096624540073604, 1.4812984208016473, 0.20546551553602463, 1.4482030729948385, 0.6491228070175462, 1.4626251387595024, 0.0, 1.4464346398412093, 0.0)
[9, 9, 8, 3, 3, 7, 6, 9, 3, 8, 2, 7, 5, 10, 1, 6, 8, 6, 10, 10, 6, 1, 5, 1, 2, 9, 7, 9, 10, 1, 5, 9, 8, 8, 10, 10, 6, 10, 8, 9, 8, 4, 7, 8, 10, 5, 4, 9, 10, 7, 8, 2, 8, 4, 2, 10, 7, 5, 10, 8, 8, 1, 4, 5, 9, 8, 4, 4, 10, 3, 9, 4, 6, 1]
(1.3771117863803068, 0.8101041592857661, 1.4009103874861135, 0.37955156482472424, 1.407171624377265, 0.480519480519481, 1.4206968733667262, 0.18353976226874233, 1.3927329149096168, 0.4939194429318683)
[9, 9, 8, 3, 3, 7, 6, 9, 3, 8, 2, 7, 5, 10, 1, 6, 8, 6, 10, 10, 6, 1, 5, 1, 2, 9, 7, 9, 10, 1, 5, 9, 8, 8, 10, 10, 6, 10, 8, 9, 8, 4, 7, 8, 10, 5, 4, 9, 10, 7, 8, 2, 8, 4, 2, 10, 7, 5, 10, 8, 8, 1, 4, 5, 9, 8, 4, 4, 10, 3, 9, 4, 6, 1]
(1.3771117863803068, 0.8101041592857661, 1.4009103874861135, 0.37955156482472424, 1.407171624377265, 0.480519480519481, 1.4206968733667262, 0.18353976226874233, 1.3927329149096168, 0.4939194429318683)
[9, 9, 8, 3, 3, 7, 6, 9, 3, 8, 2, 7, 5, 10, 1, 6, 8, 6, 10, 10, 6, 1, 5, 1, 2, 9, 7, 9, 10, 1, 5, 9, 8, 8, 10, 10, 6, 10, 8, 9, 8, 4, 7, 8, 10, 5, 4, 9, 10, 7, 8, 2, 8, 4, 2, 10, 7, 5, 10, 8, 8, 1, 4, 5, 9, 8, 4, 4, 10, 3, 9, 4, 6, 1]
(1.3771117863803068, 0.8101041592857661, 1.4009103874861135, 0.37955156482472424, 1.407171624377265, 0.480519480519481, 1.4206968733667262, 0.18353976226874233, 1.3927329149096168, 0.4939194429318683)
[9, 9, 8, 3, 3, 7, 6, 9, 3, 8, 2, 7, 5, 10, 1, 6, 8, 6, 10, 10, 6, 1, 5, 1, 2, 9, 7, 9, 10, 1, 5, 9, 8, 8, 10, 10, 6, 10, 8, 9, 8, 4, 7, 8, 10, 5, 4, 9, 10, 7, 8, 2, 8, 4, 2, 10, 7, 5, 10, 8, 8, 1, 4, 5, 9, 8, 4, 4, 10, 3, 9, 4, 6, 1]
(1.3771117863803068, 0.8101041592857661, 1.4009103874861135, 0.37955156482472424, 1.407171624377265, 0.480519480519481, 1.4206968733667262, 0.18353976226874233, 1.3927329149096168, 0.4939194429318683)
[9, 9, 8, 3, 3, 7, 6, 9, 3, 8, 2, 7, 5, 10, 1, 6, 8, 6, 10, 10, 6, 1, 5, 1, 2, 9, 7, 9, 10, 1, 5, 9, 8, 8, 10, 10, 6, 10, 8, 9, 8, 4, 7, 8, 10, 5, 4, 9, 10, 7, 8, 2, 8, 4, 2, 10, 7, 5, 10, 8, 8, 1, 4, 5, 9, 8, 4, 4, 10, 3, 9, 4, 6, 1]
(1.3771117863803068, 0.8101041592857661, 1.4009103874861135, 0.37955156482472424, 1.407171624377265, 0.480519480519481, 1.4206968733667262, 0.18353976226874233, 1.3927329149096168, 0.4939194429318683)
[9, 9, 8, 3, 3, 7, 6, 9, 3, 8, 2, 7, 5, 10, 1, 6, 8, 6, 10, 10, 6, 1, 5, 1, 2, 9, 7, 9, 10, 1, 5, 9, 8, 8, 10, 10, 6, 10, 8, 9, 8, 4, 7, 8, 10, 5, 4, 9, 10, 7, 8, 2, 8, 4, 2, 10, 7, 5, 10, 8, 8, 1, 4, 5, 9, 8, 4, 4, 10, 3, 9, 4, 6, 1]
(1.3771117863803068, 0.8101041592857661, 1.4009103874861135, 0.37955156482472424, 1.407171624377265, 0.480519480519481, 1.4206968733667262, 0.18353976226874233, 1.3927329149096168, 0.4939194429318683)
[9, 9, 8, 3, 3, 7, 6, 9, 3, 8, 2, 7, 5, 10, 1, 6, 8, 6, 10, 10, 6, 1, 5, 1, 2, 9, 7, 9, 10, 1, 5, 9, 8, 8, 10, 10, 6, 10, 8, 9, 8, 4, 7, 8, 10, 5, 4, 9, 10, 7, 8, 2, 8, 4, 2, 10, 7, 5, 10, 8, 8, 1, 4, 5, 9, 8, 4, 4, 10, 3, 9, 4, 6, 1]
(1.3771117863803068, 0.8101041592857661, 1.4009103874861135, 0.37955156482472424, 1.407171624377265, 0.480519480519481, 1.4206968733667262, 0.18353976226874233, 1.3927329149096168, 0.4939194429318683)
[9, 9, 8, 3, 3, 7, 6, 9, 3, 8, 2, 7, 5, 10, 1, 6, 8, 6, 10, 10, 6, 1, 5, 1, 2, 9, 7, 9, 10, 1, 5, 9, 8, 8, 10, 10, 6, 10, 8, 9, 8, 4, 7, 8, 10, 5, 4, 9, 10, 7, 8, 2, 8, 4, 2, 10, 7, 5, 10, 8, 8, 1, 4, 5, 9, 8, 4, 4, 10, 3, 9, 4, 6, 1]
(1.3771117863803068, 0.8101041592857661, 1.4009103874861135, 0.37955156482472424, 1.407171624377265, 0.480519480519481, 1.4206968733667262, 0.18353976226874233, 1.3927329149096168, 0.4939194429318683)
[9, 9, 8, 3, 3, 7, 6, 9, 3, 8, 2, 7, 5, 10, 1, 6, 8, 6, 10, 10, 6, 1, 5, 1, 2, 9, 7, 9, 10, 1, 5, 9, 8, 8, 10, 10, 6, 10, 8, 9, 8, 4, 7, 8, 10, 5, 4, 9, 10, 7, 8, 2, 8, 4, 2, 10, 7, 5, 10, 8, 8, 1, 4, 5, 9, 8, 4, 4, 10, 3, 9, 4, 6, 1]
(1.3771117863803068, 0.8101041592857661, 1.4009103874861135, 0.37955156482472424, 1.407171624377265, 0.480519480519481, 1.4206968733667262, 0.18353976226874233, 1.3927329149096168, 0.4939194429318683)
[9, 9, 8, 3, 3, 7, 6, 9, 3, 8, 2, 7, 5, 10, 1, 6, 8, 6, 10, 10, 6, 1, 5, 1, 2, 9, 7, 9, 10, 1, 5, 9, 8, 8, 10, 10, 6, 10, 8, 9, 8, 4, 7, 8, 10, 5, 4, 9, 10, 7, 8, 2, 8, 4, 2, 10, 7, 5, 10, 8, 8, 1, 4, 5, 9, 8, 4, 4, 10, 3, 9, 4, 6, 1]
(1.3771117863803068, 0.8101041592857661, 1.4009103874861135, 0.37955156482472424, 1.407171624377265, 0.480519480519481, 1.4206968733667262, 0.18353976226874233, 1.3927329149096168, 0.4939194429318683)
[9, 9, 8, 3, 3, 7, 6, 9, 3, 8, 2, 7, 5, 10, 1, 6, 8, 6, 10, 10, 6, 1, 5, 1, 2, 9, 7, 9, 10, 1, 5, 9, 8, 8, 10, 10, 6, 10, 8, 9, 8, 4, 7, 8, 10, 5, 4, 9, 10, 7, 8, 2, 8, 4, 2, 10, 7, 5, 10, 8, 8, 1, 4, 5, 9, 8, 4, 4, 10, 3, 9, 4, 6, 1]
(1.3771117863803068, 0.8101041592857661, 1.4009103874861135, 0.37955156482472424, 1.407171624377265, 0.480519480519481, 1.4206968733667262, 0.18353976226874233, 1.3927329149096168, 0.4939194429318683)
[9, 9, 8, 3, 3, 7, 6, 9, 3, 8, 2, 7, 5, 10, 1, 6, 8, 6, 10, 10, 6, 1, 5, 1, 2, 9, 7, 9, 10, 1, 5, 9, 8, 8, 10, 10, 6, 10, 8, 9, 8, 4, 7, 8, 10, 5, 4, 9, 10, 7, 8, 2, 8, 4, 2, 10, 7, 5, 10, 8, 8, 1, 4, 5, 9, 8, 4, 4, 10, 3, 9, 4, 6, 1]
(1.3771117863803068, 0.8101041592857661, 1.4009103874861135, 0.37955156482472424, 1.407171624377265, 0.480519480519481, 1.4206968733667262, 0.18353976226874233, 1.3927329149096168, 0.4939194429318683)
[9, 9, 8, 3, 3, 7, 6, 9, 3, 8, 2, 7, 5, 10, 1, 6, 8, 6, 10, 10, 6, 1, 5, 1, 2, 9, 7, 9, 10, 1, 5, 9, 8, 8, 10, 10, 6, 10, 8, 9, 8, 4, 7, 8, 10, 5, 4, 9, 10, 7, 8, 2, 8, 4, 2, 10, 7, 5, 10, 8, 8, 1, 4, 5, 9, 8, 4, 4, 10, 3, 9, 4, 6, 1]
(1.3771117863803068, 0.8101041592857661, 1.4009103874861135, 0.37955156482472424, 1.407171624377265, 0.480519480519481, 1.4206968733667262, 0.18353976226874233, 1.3927329149096168, 0.4939194429318683)
[9, 9, 8, 3, 3, 7, 6, 9, 3, 8, 2, 7, 5, 10, 1, 6, 8, 6, 10, 10, 6, 1, 5, 1, 2, 9, 7, 9, 10, 1, 5, 9, 8, 8, 10, 10, 6, 10, 8, 9, 8, 4, 7, 8, 10, 5, 4, 9, 10, 7, 8, 2, 8, 4, 2, 10, 7, 5, 10, 8, 8, 1, 4, 5, 9, 8, 4, 4, 10, 3, 9, 4, 6, 1]
(1.3771117863803068, 0.8101041592857661, 1.4009103874861135, 0.37955156482472424, 1.407171624377265, 0.480519480519481, 1.4206968733667262, 0.18353976226874233, 1.3927329149096168, 0.4939194429318683)
[9, 9, 8, 3, 3, 7, 6, 9, 3, 8, 2, 7, 5, 10, 1, 6, 8, 6, 10, 10, 6, 1, 5, 1, 2, 9, 7, 9, 10, 1, 5, 9, 8, 8, 10, 10, 6, 10, 8, 9, 8, 4, 7, 8, 10, 5, 4, 9, 10, 7, 8, 2, 8, 4, 2, 10, 7, 5, 10, 8, 8, 1, 4, 5, 9, 8, 4, 4, 10, 3, 9, 4, 6, 1]
(1.3771117863803068, 0.8101041592857661, 1.4009103874861135, 0.37955156482472424, 1.407171624377265, 0.480519480519481, 1.4206968733667262, 0.18353976226874233, 1.3927329149096168, 0.4939194429318683)
[9, 9, 8, 10, 8, 8, 6, 9, 5, 8, 7, 2, 5, 1, 2, 6, 8, 4, 9, 10, 6, 4, 5, 5, 2, 9, 7, 9, 8, 1, 5, 9, 8, 6, 9, 2, 6, 10, 8, 7, 8, 9, 7, 7, 10, 5, 4, 10, 7, 9, 2, 6, 7, 4, 6, 4, 8, 9, 8, 8, 8, 10, 10, 5, 6, 8, 2, 3, 10, 5, 9, 4, 6, 1]
(1.1301585196702912, 0.19562650787947233, 1.138205521404666, 0.23927531223774515, 1.4141133692114498, 1.0, 1.3959230114518546, 0.0, 1.3768012537806218, 0.9781067215632471)
[7, 9, 5, 6, 10, 3, 6, 9, 10, 1, 7, 2, 6, 10, 7, 6, 8, 6, 4, 8, 6, 4, 5, 5, 2, 9, 4, 9, 8, 1, 5, 4, 8, 8, 3, 10, 2, 10, 2, 5, 8, 9, 7, 4, 10, 9, 5, 7, 10, 4, 8, 8, 7, 6, 2, 7, 10, 2, 8, 7, 8, 10, 10, 5, 6, 8, 2, 3, 10, 4, 9, 4, 3, 1]
(1.4284550510345817, 0.33213258577114185, 1.4258165258168105, 0.6130011382319459, 1.40343365721394, 0.6491228070175452, 1.394888514727249, 0.21746201899974127, 1.3885133158414522, 0.8035057579255369)
[9, 9, 6, 2, 2, 4, 2, 7, 6, 8, 4, 2, 6, 10, 7, 6, 3, 6, 4, 8, 6, 4, 9, 10, 6, 9, 7, 8, 10, 5, 5, 7, 8, 8, 7, 10, 6, 9, 8, 9, 4, 4, 5, 8, 10, 5, 4, 3, 10, 3, 8, 10, 7, 3, 2, 10, 10, 2, 8, 8, 8, 8, 5, 5, 3, 8, 4, 3, 2, 5, 4, 4, 6, 1]
(1.4337344296275485, 0.6096624540073604, 1.4784532742946226, 0.20546551553602463, 1.4122327450661791, 0.6491228070175462, 1.4647468398510302, 0.24988319245635646, 1.4459094915537936, 0.9178241805415076)
[9, 9, 6, 2, 2, 4, 2, 7, 6, 8, 4, 2, 6, 10, 7, 6, 3, 6, 4, 8, 6, 4, 9, 10, 6, 9, 7, 8, 10, 5, 5, 7, 8, 8, 7, 10, 6, 9, 8, 9, 4, 4, 5, 8, 10, 5, 4, 3, 10, 3, 8, 10, 7, 3, 2, 10, 10, 2, 8, 8, 8, 8, 5, 5, 3, 8, 4, 3, 2, 5, 4, 4, 6, 1]
(1.4337344296275485, 0.6096624540073604, 1.4784532742946226, 0.20546551553602463, 1.4122327450661791, 0.6491228070175462, 1.4647468398510302, 0.24988319245635646, 1.4459094915537936, 0.9178241805415076)
[9, 9, 6, 2, 2, 4, 2, 7, 6, 8, 4, 2, 6, 10, 7, 6, 3, 6, 4, 8, 6, 4, 9, 10, 6, 9, 7, 8, 10, 5, 5, 7, 8, 8, 7, 10, 6, 9, 8, 9, 4, 4, 5, 8, 10, 5, 4, 3, 10, 3, 8, 10, 7, 3, 2, 10, 10, 2, 8, 8, 8, 8, 5, 5, 3, 8, 4, 3, 2, 5, 4, 4, 6, 1]
(1.4337344296275485, 0.6096624540073604, 1.4784532742946226, 0.20546551553602463, 1.4122327450661791, 0.6491228070175462, 1.4647468398510302, 0.24988319245635646, 1.4459094915537936, 0.9178241805415076)
[9, 9, 6, 2, 2, 4, 2, 7, 6, 8, 4, 2, 6, 10, 7, 6, 3, 6, 4, 8, 6, 4, 9, 10, 6, 9, 7, 8, 10, 5, 5, 7, 8, 8, 7, 10, 6, 9, 8, 9, 4, 4, 5, 8, 10, 5, 4, 3, 10, 3, 8, 10, 7, 3, 2, 10, 10, 2, 8, 8, 8, 8, 5, 5, 3, 8, 4, 3, 2, 5, 4, 4, 6, 1]
(1.4337344296275485, 0.6096624540073604, 1.4784532742946226, 0.20546551553602463, 1.4122327450661791, 0.6491228070175462, 1.4647468398510302, 0.24988319245635646, 1.4459094915537936, 0.9178241805415076)
[7, 9, 8, 2, 10, 7, 6, 9, 8, 1, 5, 2, 6, 10, 7, 4, 3, 6, 4, 8, 6, 3, 9, 7, 1, 9, 7, 10, 10, 5, 5, 7, 7, 8, 7, 10, 6, 10, 8, 9, 7, 4, 5, 5, 10, 5, 4, 3, 10, 3, 8, 10, 8, 1, 2, 10, 10, 2, 8, 8, 8, 10, 3, 3, 7, 8, 4, 3, 10, 5, 9, 4, 3, 1]
(1.4310278899966595, 0.7926922276918849, 1.4409448409079417, 0.27067627184899745, 1.4223336493967893, 0.6491228070175452, 1.413147883117093, 0.17538681692156344, 1.4261416970937375, 0.8035057579255369)
[7, 9, 8, 2, 10, 7, 6, 9, 8, 1, 5, 2, 6, 10, 7, 4, 3, 6, 4, 8, 6, 4, 9, 7, 1, 9, 7, 10, 10, 5, 5, 7, 7, 8, 7, 10, 6, 10, 8, 9, 7, 4, 5, 9, 10, 5, 4, 3, 10, 3, 8, 10, 8, 1, 2, 10, 10, 2, 8, 8, 8, 10, 3, 3, 7, 8, 4, 3, 10, 5, 9, 4, 3, 1]
(1.4280318564920547, 0.7926922276918849, 1.4425391343234888, 0.27067627184899745, 1.4224895118920924, 0.6491228070175452, 1.4148644650726443, 0.17538681692156344, 1.426960768476021, 0.8035057579255369)
[7, 9, 8, 2, 10, 7, 6, 9, 8, 1, 5, 2, 6, 10, 7, 4, 3, 6, 4, 8, 6, 4, 9, 7, 1, 9, 7, 10, 10, 5, 5, 7, 7, 8, 7, 10, 6, 10, 8, 9, 7, 4, 5, 9, 10, 5, 4, 3, 10, 3, 8, 10, 8, 1, 2, 10, 10, 2, 8, 8, 8, 10, 3, 3, 7, 8, 4, 3, 10, 5, 9, 4, 3, 1]
(1.4280318564920547, 0.7926922276918849, 1.4425391343234888, 0.27067627184899745, 1.4224895118920924, 0.6491228070175452, 1.4148644650726443, 0.17538681692156344, 1.426960768476021, 0.8035057579255369)
[7, 9, 8, 2, 10, 7, 6, 9, 8, 1, 5, 2, 6, 10, 7, 4, 3, 6, 4, 8, 6, 4, 9, 7, 1, 9, 7, 10, 10, 5, 5, 7, 7, 8, 7, 10, 6, 10, 8, 9, 7, 4, 5, 9, 10, 5, 4, 3, 10, 3, 8, 10, 8, 1, 2, 10, 10, 2, 8, 8, 8, 10, 3, 3, 7, 8, 4, 3, 10, 5, 9, 4, 3, 1]
(1.4280318564920547, 0.7926922276918849, 1.4425391343234888, 0.27067627184899745, 1.4224895118920924, 0.6491228070175452, 1.4148644650726443, 0.17538681692156344, 1.426960768476021, 0.8035057579255369)
[7, 9, 8, 2, 10, 7, 6, 9, 8, 1, 5, 2, 6, 10, 7, 4, 3, 6, 4, 8, 6, 4, 9, 7, 1, 9, 7, 10, 10, 5, 5, 7, 7, 8, 7, 10, 6, 10, 8, 9, 7, 4, 5, 9, 10, 5, 4, 3, 10, 3, 8, 10, 8, 1, 2, 10, 10, 2, 8, 8, 8, 10, 3, 3, 7, 8, 4, 3, 10, 5, 9, 4, 3, 1]
(1.4280318564920547, 0.7926922276918849, 1.4425391343234888, 0.27067627184899745, 1.4224895118920924, 0.6491228070175452, 1.4148644650726443, 0.17538681692156344, 1.426960768476021, 0.8035057579255369)
[9, 9, 8, 2, 3, 8, 5, 9, 5, 8, 7, 2, 1, 10, 8, 6, 10, 4, 4, 8, 10, 4, 1, 1, 6, 9, 7, 9, 6, 1, 5, 9, 8, 8, 10, 10, 6, 10, 8, 9, 8, 4, 7, 8, 10, 5, 4, 9, 10, 7, 8, 2, 8, 4, 2, 10, 7, 5, 10, 8, 1, 1, 7, 2, 6, 1, 2, 4, 10, 5, 10, 9, 5, 1]
(1.3817700073121943, 0.8101041592857661, 1.4039729517697235, 0.37955156482472424, 1.4056163869052067, 1.0, 1.4199845056979779, 0.20611007952913146, 1.4175999326257829, 0.29753585877160715)
[9, 9, 8, 2, 3, 8, 5, 9, 5, 8, 7, 2, 1, 10, 8, 6, 10, 4, 4, 8, 10, 4, 1, 1, 6, 9, 7, 9, 6, 1, 5, 9, 8, 8, 10, 10, 6, 10, 8, 9, 8, 4, 7, 8, 10, 5, 4, 9, 10, 7, 8, 2, 8, 4, 2, 10, 7, 5, 10, 8, 1, 1, 7, 2, 6, 1, 2, 4, 10, 5, 10, 9, 5, 1]
(1.3817700073121943, 0.8101041592857661, 1.4039729517697235, 0.37955156482472424, 1.4056163869052067, 1.0, 1.4199845056979779, 0.20611007952913146, 1.4175999326257829, 0.29753585877160715)
[9, 9, 8, 2, 3, 8, 5, 9, 5, 8, 7, 2, 1, 10, 8, 6, 10, 4, 4, 8, 10, 4, 1, 1, 6, 9, 7, 9, 6, 1, 5, 9, 8, 8, 10, 10, 6, 10, 8, 9, 8, 4, 7, 8, 10, 5, 4, 9, 10, 7, 8, 2, 8, 4, 2, 10, 7, 5, 10, 8, 1, 1, 7, 2, 6, 1, 2, 4, 10, 5, 10, 9, 5, 1]
(1.3817700073121943, 0.8101041592857661, 1.4039729517697235, 0.37955156482472424, 1.4056163869052067, 1.0, 1.4199845056979779, 0.20611007952913146, 1.4175999326257829, 0.29753585877160715)
[9, 9, 8, 2, 3, 8, 5, 9, 5, 8, 7, 2, 1, 10, 8, 6, 10, 4, 4, 8, 10, 4, 1, 1, 6, 9, 7, 9, 6, 1, 5, 9, 8, 8, 10, 10, 6, 10, 8, 9, 8, 4, 7, 8, 10, 5, 4, 9, 10, 7, 8, 2, 8, 4, 2, 10, 7, 5, 10, 8, 1, 1, 7, 2, 6, 1, 2, 4, 10, 5, 10, 9, 5, 1]
(1.3817700073121943, 0.8101041592857661, 1.4039729517697235, 0.37955156482472424, 1.4056163869052067, 1.0, 1.4199845056979779, 0.20611007952913146, 1.4175999326257829, 0.29753585877160715)
[7, 9, 8, 2, 10, 7, 6, 9, 8, 1, 5, 2, 6, 10, 7, 4, 3, 6, 4, 8, 6, 3, 9, 7, 1, 9, 7, 10, 10, 5, 5, 7, 7, 8, 7, 10, 6, 10, 8, 9, 4, 4, 5, 5, 10, 5, 4, 3, 10, 3, 8, 10, 8, 1, 3, 10, 10, 2, 8, 8, 8, 10, 3, 3, 7, 8, 4, 3, 10, 5, 9, 4, 3, 1]
(1.4310456841437935, 0.7926922276918849, 1.4430860317497365, 0.27067627184899745, 1.4245302157102941, 0.6491228070175452, 1.4106085123865735, 0.18951132300357565, 1.4310257735847343, 0.8035057579255369)
[7, 9, 8, 2, 10, 7, 6, 9, 8, 1, 5, 2, 6, 10, 7, 4, 3, 6, 4, 8, 6, 3, 9, 7, 1, 9, 7, 10, 10, 5, 5, 7, 7, 8, 7, 10, 6, 10, 8, 9, 4, 4, 5, 5, 10, 5, 4, 3, 10, 3, 8, 10, 8, 1, 3, 10, 10, 2, 8, 8, 8, 10, 3, 3, 7, 8, 4, 3, 10, 5, 9, 4, 3, 1]
(1.4310456841437935, 0.7926922276918849, 1.4430860317497365, 0.27067627184899745, 1.4245302157102941, 0.6491228070175452, 1.4106085123865735, 0.18951132300357565, 1.4310257735847343, 0.8035057579255369)
[7, 9, 8, 2, 10, 7, 6, 9, 8, 1, 5, 2, 6, 10, 7, 4, 3, 6, 4, 8, 6, 3, 8, 7, 1, 9, 7, 10, 4, 5, 5, 7, 7, 8, 7, 10, 6, 10, 7, 9, 4, 4, 10, 5, 10, 5, 4, 3, 10, 3, 8, 10, 8, 1, 3, 10, 10, 2, 8, 8, 8, 10, 3, 10, 7, 8, 4, 3, 10, 5, 9, 4, 3, 1]
(1.4333169955759162, 0.7926922276918849, 1.439180439188968, 0.27067627184899745, 1.423307613953841, 0.6491228070175452, 1.4125773257761136, 0.18951132300357565, 1.42282481029619, 0.8035057579255369)
[9, 9, 6, 2, 3, 9, 2, 7, 6, 8, 4, 2, 6, 10, 7, 6, 3, 6, 4, 8, 6, 4, 9, 10, 6, 9, 7, 10, 10, 5, 5, 7, 8, 8, 7, 10, 6, 10, 8, 9, 4, 4, 5, 9, 10, 5, 4, 3, 10, 3, 8, 10, 7, 1, 2, 10, 10, 2, 8, 8, 8, 10, 7, 2, 7, 8, 4, 3, 2, 5, 4, 4, 6, 1]
(1.4502331858127215, 0.6096624540073604, 1.489750597849376, 0.20546551553602463, 1.4291548085211627, 1.0, 1.4552827030419206, 0.20611007952913146, 1.4544455181061127, 0.8035057579255369)
[9, 9, 6, 2, 3, 9, 2, 7, 6, 8, 4, 2, 6, 10, 7, 6, 3, 6, 4, 8, 6, 4, 9, 10, 6, 9, 7, 10, 10, 5, 5, 7, 8, 8, 7, 10, 6, 10, 8, 9, 4, 4, 5, 9, 10, 5, 4, 3, 10, 3, 8, 10, 7, 1, 2, 10, 10, 2, 8, 8, 8, 10, 7, 2, 7, 8, 4, 3, 2, 5, 4, 4, 6, 1]
(1.4502331858127215, 0.6096624540073604, 1.489750597849376, 0.20546551553602463, 1.4291548085211627, 1.0, 1.4552827030419206, 0.20611007952913146, 1.4544455181061127, 0.8035057579255369)
[9, 9, 6, 2, 3, 9, 2, 7, 6, 8, 4, 2, 6, 10, 7, 6, 3, 6, 4, 8, 6, 4, 9, 10, 6, 9, 7, 10, 10, 5, 5, 7, 8, 8, 7, 10, 6, 10, 8, 9, 4, 4, 5, 9, 10, 5, 4, 3, 10, 3, 8, 10, 7, 1, 2, 10, 10, 2, 8, 8, 8, 10, 7, 2, 7, 8, 4, 3, 2, 5, 4, 4, 6, 1]
(1.4502331858127215, 0.6096624540073604, 1.489750597849376, 0.20546551553602463, 1.4291548085211627, 1.0, 1.4552827030419206, 0.20611007952913146, 1.4544455181061127, 0.8035057579255369)
[9, 9, 6, 2, 3, 9, 2, 7, 6, 8, 4, 2, 6, 10, 7, 6, 3, 6, 4, 8, 6, 4, 9, 10, 6, 9, 7, 10, 10, 5, 5, 7, 8, 8, 7, 10, 6, 10, 8, 9, 4, 4, 5, 9, 10, 5, 4, 3, 10, 3, 8, 10, 7, 1, 2, 10, 10, 2, 8, 8, 8, 10, 7, 2, 7, 8, 4, 3, 2, 5, 4, 4, 6, 1]
(1.4502331858127215, 0.6096624540073604, 1.489750597849376, 0.20546551553602463, 1.4291548085211627, 1.0, 1.4552827030419206, 0.20611007952913146, 1.4544455181061127, 0.8035057579255369)
[9, 9, 6, 2, 3, 9, 2, 7, 6, 8, 4, 2, 6, 10, 7, 6, 3, 6, 4, 8, 6, 4, 9, 10, 6, 9, 7, 10, 10, 5, 5, 7, 8, 8, 7, 10, 6, 10, 8, 9, 4, 4, 5, 9, 10, 5, 4, 3, 10, 3, 8, 10, 8, 4, 2, 6, 10, 6, 8, 8, 8, 10, 7, 2, 7, 10, 4, 3, 2, 5, 4, 4, 6, 1]
(1.4592981908469296, 0.6096624540073604, 1.4496110124884944, 0.20546551553602463, 1.4593016008286568, 1.0, 1.4465623307227005, 0.22589563414353192, 1.4326239570974222, 0.8035057579255369)
[9, 9, 6, 2, 3, 9, 2, 7, 6, 8, 4, 2, 6, 10, 7, 6, 3, 6, 4, 8, 7, 4, 9, 10, 6, 9, 7, 10, 10, 5, 5, 7, 8, 8, 7, 10, 6, 10, 8, 9, 4, 4, 5, 9, 10, 5, 1, 3, 10, 3, 8, 10, 7, 1, 2, 10, 10, 2, 8, 8, 8, 10, 7, 4, 7, 8, 4, 3, 2, 5, 4, 4, 6, 1]
(1.4464393883197413, 0.6096624540073604, 1.4823550135641173, 0.20546551553602463, 1.4285575120149967, 1.0, 1.4376373788713332, 0.24988319245635646, 1.4561102506517267, 0.8035057579255369)
[9, 9, 6, 2, 3, 9, 2, 7, 6, 8, 4, 2, 6, 10, 7, 6, 3, 6, 4, 8, 7, 4, 9, 10, 6, 9, 7, 10, 10, 5, 5, 7, 8, 8, 7, 10, 6, 10, 8, 9, 4, 4, 5, 9, 10, 5, 1, 3, 10, 3, 8, 10, 7, 1, 2, 10, 10, 2, 8, 8, 8, 10, 7, 4, 7, 8, 4, 3, 2, 5, 4, 4, 6, 1]
(1.4464393883197413, 0.6096624540073604, 1.4823550135641173, 0.20546551553602463, 1.4285575120149967, 1.0, 1.4376373788713332, 0.24988319245635646, 1.4561102506517267, 0.8035057579255369)
[9, 9, 6, 2, 3, 9, 2, 7, 6, 8, 4, 2, 6, 10, 7, 6, 3, 6, 4, 8, 7, 4, 9, 10, 6, 9, 7, 10, 10, 5, 5, 7, 8, 8, 7, 10, 6, 10, 8, 9, 4, 4, 5, 9, 10, 5, 1, 3, 10, 3, 8, 10, 7, 1, 2, 10, 10, 2, 8, 8, 8, 10, 7, 4, 7, 8, 4, 3, 2, 5, 4, 4, 6, 1]
(1.4464393883197413, 0.6096624540073604, 1.4823550135641173, 0.20546551553602463, 1.4285575120149967, 1.0, 1.4376373788713332, 0.24988319245635646, 1.4561102506517267, 0.8035057579255369)
[9, 9, 6, 2, 3, 9, 2, 7, 6, 8, 4, 2, 6, 10, 7, 6, 3, 6, 4, 8, 7, 4, 9, 10, 6, 9, 7, 10, 10, 5, 5, 7, 8, 8, 7, 10, 6, 10, 8, 9, 4, 4, 5, 9, 10, 5, 1, 3, 10, 3, 8, 10, 7, 1, 2, 10, 10, 2, 8, 8, 8, 10, 7, 4, 7, 8, 4, 3, 2, 5, 4, 4, 6, 1]
(1.4464393883197413, 0.6096624540073604, 1.4823550135641173, 0.20546551553602463, 1.4285575120149967, 1.0, 1.4376373788713332, 0.24988319245635646, 1.4561102506517267, 0.8035057579255369)
[9, 9, 6, 2, 3, 9, 2, 7, 6, 8, 4, 2, 6, 10, 7, 6, 3, 6, 4, 8, 7, 4, 9, 10, 6, 9, 7, 10, 10, 5, 5, 7, 8, 8, 7, 10, 6, 10, 8, 9, 4, 4, 5, 9, 10, 5, 1, 3, 10, 3, 8, 10, 7, 1, 2, 10, 10, 2, 8, 8, 8, 10, 7, 4, 7, 8, 4, 3, 2, 5, 4, 4, 6, 1]
(1.4464393883197413, 0.6096624540073604, 1.4823550135641173, 0.20546551553602463, 1.4285575120149967, 1.0, 1.4376373788713332, 0.24988319245635646, 1.4561102506517267, 0.8035057579255369)
[9, 9, 6, 2, 3, 9, 2, 7, 6, 8, 4, 2, 6, 10, 7, 6, 3, 6, 4, 8, 7, 4, 9, 10, 6, 9, 7, 10, 10, 5, 5, 7, 8, 8, 7, 10, 6, 10, 8, 9, 4, 4, 5, 9, 10, 5, 1, 3, 10, 3, 8, 10, 7, 1, 2, 10, 10, 2, 8, 8, 8, 10, 7, 4, 7, 8, 4, 3, 2, 5, 4, 4, 6, 1]
(1.4464393883197413, 0.6096624540073604, 1.4823550135641173, 0.20546551553602463, 1.4285575120149967, 1.0, 1.4376373788713332, 0.24988319245635646, 1.4561102506517267, 0.8035057579255369)
[9, 9, 6, 2, 3, 9, 2, 7, 6, 8, 4, 2, 6, 10, 7, 6, 3, 6, 4, 8, 7, 4, 9, 10, 6, 9, 7, 10, 10, 5, 5, 7, 8, 8, 7, 10, 6, 10, 8, 9, 4, 4, 5, 9, 10, 5, 1, 3, 10, 3, 8, 10, 7, 1, 2, 10, 10, 2, 8, 8, 8, 10, 7, 4, 7, 8, 4, 3, 2, 5, 4, 4, 6, 1]
(1.4464393883197413, 0.6096624540073604, 1.4823550135641173, 0.20546551553602463, 1.4285575120149967, 1.0, 1.4376373788713332, 0.24988319245635646, 1.4561102506517267, 0.8035057579255369)
[9, 9, 6, 2, 3, 9, 2, 7, 6, 8, 4, 2, 6, 10, 7, 6, 3, 6, 4, 8, 7, 4, 9, 10, 6, 9, 7, 10, 10, 5, 5, 7, 8, 8, 7, 10, 6, 10, 8, 9, 4, 4, 5, 9, 10, 5, 1, 3, 10, 3, 8, 10, 7, 1, 2, 10, 10, 2, 8, 8, 8, 10, 7, 4, 7, 8, 4, 3, 2, 5, 4, 4, 6, 1]
(1.4464393883197413, 0.6096624540073604, 1.4823550135641173, 0.20546551553602463, 1.4285575120149967, 1.0, 1.4376373788713332, 0.24988319245635646, 1.4561102506517267, 0.8035057579255369)
[9, 9, 6, 2, 3, 9, 2, 7, 6, 8, 4, 2, 6, 10, 7, 6, 3, 6, 4, 8, 7, 4, 9, 10, 6, 9, 7, 10, 10, 5, 5, 7, 8, 8, 7, 10, 6, 10, 8, 9, 4, 4, 5, 9, 10, 5, 1, 3, 10, 3, 8, 10, 7, 1, 2, 10, 10, 2, 8, 8, 8, 10, 7, 4, 7, 8, 4, 3, 2, 5, 4, 4, 6, 1]
(1.4464393883197413, 0.6096624540073604, 1.4823550135641173, 0.20546551553602463, 1.4285575120149967, 1.0, 1.4376373788713332, 0.24988319245635646, 1.4561102506517267, 0.8035057579255369)
[9, 9, 6, 2, 3, 9, 2, 7, 6, 8, 4, 2, 6, 10, 7, 6, 3, 6, 4, 8, 7, 4, 9, 10, 6, 9, 7, 10, 10, 5, 5, 7, 8, 8, 7, 10, 6, 10, 8, 9, 4, 4, 5, 9, 10, 5, 1, 3, 10, 3, 8, 10, 7, 1, 2, 10, 10, 2, 8, 8, 8, 10, 7, 4, 7, 8, 4, 3, 2, 5, 4, 4, 6, 1]
(1.4464393883197413, 0.6096624540073604, 1.4823550135641173, 0.20546551553602463, 1.4285575120149967, 1.0, 1.4376373788713332, 0.24988319245635646, 1.4561102506517267, 0.8035057579255369)
[9, 9, 8, 2, 3, 8, 6, 9, 5, 8, 7, 2, 1, 10, 8, 6, 10, 4, 4, 8, 10, 4, 1, 1, 6, 9, 7, 9, 6, 4, 5, 9, 8, 8, 2, 10, 6, 10, 7, 10, 8, 7, 7, 1, 10, 5, 4, 9, 10, 7, 8, 2, 8, 4, 4, 10, 7, 5, 10, 8, 8, 1, 7, 2, 6, 1, 2, 4, 10, 5, 10, 9, 5, 1]
(1.3909107157586964, 0.8101041592857661, 1.3848417078702597, 0.7000625872610862, 1.405786812603368, 1.0, 1.4087557822464836, 0.20611007952913146, 1.4161418141423592, 0.29753585877160715)
[9, 9, 8, 2, 3, 8, 6, 9, 5, 8, 7, 2, 1, 10, 8, 6, 10, 4, 4, 8, 7, 4, 1, 1, 6, 9, 7, 9, 6, 4, 5, 9, 8, 8, 2, 9, 6, 10, 9, 10, 8, 7, 7, 1, 10, 5, 4, 9, 10, 7, 7, 2, 8, 4, 4, 10, 7, 5, 10, 8, 8, 1, 7, 2, 6, 1, 2, 4, 10, 5, 10, 9, 5, 1]
(1.3984175665675547, 0.8101041592857661, 1.3876299968360812, 0.7000625872610862, 1.406567156910791, 1.0, 1.4067428388445513, 0.20611007952913146, 1.418376128077401, 0.29753585877160715)
[9, 9, 8, 2, 3, 8, 6, 9, 5, 8, 7, 2, 1, 10, 8, 6, 10, 4, 4, 8, 10, 4, 1, 1, 6, 9, 7, 9, 6, 4, 5, 9, 8, 8, 2, 10, 6, 10, 7, 10, 8, 7, 7, 1, 10, 5, 4, 9, 10, 7, 8, 2, 8, 4, 4, 10, 7, 5, 10, 8, 8, 1, 7, 2, 6, 1, 2, 4, 10, 5, 10, 9, 5, 1]
(1.3909107157586964, 0.8101041592857661, 1.3848417078702597, 0.7000625872610862, 1.405786812603368, 1.0, 1.4087557822464836, 0.20611007952913146, 1.4161418141423592, 0.29753585877160715)
[9, 9, 8, 2, 3, 8, 6, 9, 5, 8, 7, 2, 1, 10, 8, 6, 10, 4, 4, 8, 10, 4, 1, 1, 6, 9, 7, 9, 6, 4, 5, 9, 8, 8, 2, 10, 6, 10, 7, 10, 8, 7, 7, 1, 10, 5, 4, 9, 10, 7, 8, 2, 8, 4, 4, 10, 7, 5, 10, 8, 8, 1, 7, 2, 6, 1, 2, 4, 10, 5, 10, 9, 5, 1]
(1.3909107157586964, 0.8101041592857661, 1.3848417078702597, 0.7000625872610862, 1.405786812603368, 1.0, 1.4087557822464836, 0.20611007952913146, 1.4161418141423592, 0.29753585877160715)
[9, 9, 8, 2, 3, 8, 6, 9, 5, 8, 7, 2, 1, 10, 8, 6, 10, 4, 4, 8, 10, 4, 1, 1, 6, 9, 7, 9, 6, 4, 5, 9, 8, 8, 2, 10, 6, 10, 7, 10, 8, 7, 7, 1, 10, 5, 4, 9, 10, 7, 8, 2, 8, 4, 4, 10, 7, 5, 10, 8, 8, 1, 7, 2, 6, 1, 2, 4, 10, 5, 10, 9, 5, 1]
(1.3909107157586964, 0.8101041592857661, 1.3848417078702597, 0.7000625872610862, 1.405786812603368, 1.0, 1.4087557822464836, 0.20611007952913146, 1.4161418141423592, 0.29753585877160715)
[9, 9, 8, 2, 3, 8, 6, 9, 5, 8, 7, 2, 1, 10, 8, 6, 10, 4, 4, 8, 10, 4, 1, 1, 6, 9, 7, 9, 6, 4, 5, 9, 8, 8, 8, 10, 6, 10, 7, 10, 8, 7, 7, 1, 10, 5, 4, 9, 10, 7, 8, 2, 8, 4, 4, 10, 7, 5, 10, 8, 8, 1, 5, 2, 6, 1, 2, 4, 10, 5, 10, 5, 5, 1]
(1.3905507156251817, 0.8101041592857661, 1.3880117367206972, 0.7000625872610862, 1.4087026767431632, 1.0, 1.4192924836276894, 0.20611007952913146, 1.4197741945086844, 0.29753585877160715)
[9, 9, 8, 2, 3, 8, 6, 9, 5, 8, 7, 2, 1, 10, 8, 6, 10, 4, 4, 8, 10, 4, 1, 1, 6, 9, 7, 9, 6, 4, 5, 9, 8, 8, 2, 10, 6, 10, 7, 10, 8, 7, 7, 1, 10, 5, 4, 9, 10, 7, 8, 2, 8, 4, 4, 10, 7, 5, 10, 8, 8, 1, 7, 2, 6, 1, 2, 4, 10, 5, 10, 9, 5, 1]
(1.3909107157586964, 0.8101041592857661, 1.3848417078702597, 0.7000625872610862, 1.405786812603368, 1.0, 1.4087557822464836, 0.20611007952913146, 1.4161418141423592, 0.29753585877160715)
[9, 9, 8, 2, 3, 8, 6, 9, 5, 8, 7, 2, 1, 10, 8, 6, 10, 4, 4, 8, 10, 4, 1, 1, 6, 9, 7, 9, 6, 4, 5, 9, 8, 8, 8, 10, 6, 10, 7, 10, 8, 7, 7, 1, 10, 5, 4, 9, 10, 7, 8, 2, 8, 4, 4, 10, 7, 5, 10, 8, 8, 1, 5, 2, 6, 1, 2, 4, 10, 5, 10, 5, 5, 1]
(1.3905507156251817, 0.8101041592857661, 1.3880117367206972, 0.7000625872610862, 1.4087026767431632, 1.0, 1.4192924836276894, 0.20611007952913146, 1.4197741945086844, 0.29753585877160715)
[9, 9, 8, 2, 3, 8, 6, 9, 5, 8, 7, 2, 1, 10, 8, 6, 10, 4, 4, 8, 10, 4, 1, 1, 6, 9, 7, 9, 6, 4, 5, 9, 8, 8, 2, 10, 6, 10, 7, 10, 8, 7, 7, 1, 10, 5, 4, 9, 10, 7, 8, 2, 8, 4, 4, 10, 7, 5, 10, 8, 8, 1, 7, 2, 6, 1, 2, 4, 10, 5, 10, 9, 5, 1]
(1.3909107157586964, 0.8101041592857661, 1.3848417078702597, 0.7000625872610862, 1.405786812603368, 1.0, 1.4087557822464836, 0.20611007952913146, 1.4161418141423592, 0.29753585877160715)
[9, 9, 8, 2, 3, 8, 6, 9, 5, 8, 7, 2, 1, 10, 8, 6, 10, 4, 4, 8, 10, 4, 1, 1, 6, 9, 7, 9, 6, 4, 5, 9, 8, 8, 8, 10, 6, 10, 7, 10, 8, 7, 7, 1, 10, 5, 4, 9, 10, 7, 8, 2, 8, 4, 4, 10, 7, 5, 10, 8, 8, 1, 5, 2, 6, 1, 2, 4, 10, 5, 10, 5, 5, 1]
(1.3905507156251817, 0.8101041592857661, 1.3880117367206972, 0.7000625872610862, 1.4087026767431632, 1.0, 1.4192924836276894, 0.20611007952913146, 1.4197741945086844, 0.29753585877160715)
[9, 9, 8, 2, 3, 8, 6, 9, 5, 8, 7, 2, 1, 10, 8, 6, 10, 4, 4, 8, 7, 4, 1, 1, 6, 9, 7, 9, 6, 4, 5, 9, 8, 8, 2, 9, 6, 10, 9, 10, 8, 7, 7, 1, 10, 5, 4, 9, 10, 7, 7, 2, 8, 4, 4, 10, 7, 5, 10, 8, 8, 1, 7, 2, 6, 1, 2, 4, 10, 5, 10, 9, 5, 1]
(1.3984175665675547, 0.8101041592857661, 1.3876299968360812, 0.7000625872610862, 1.406567156910791, 1.0, 1.4067428388445513, 0.20611007952913146, 1.418376128077401, 0.29753585877160715)
[9, 9, 1, 2, 3, 7, 10, 9, 3, 8, 7, 2, 5, 1, 1, 6, 8, 4, 5, 10, 6, 4, 5, 1, 4, 9, 7, 9, 8, 7, 5, 6, 7, 8, 8, 10, 2, 10, 9, 5, 8, 9, 7, 4, 3, 5, 5, 7, 10, 9, 2, 6, 7, 4, 5, 4, 7, 2, 6, 8, 6, 8, 5, 5, 3, 2, 3, 7, 10, 3, 9, 4, 6, 1]
(1.3728471606968806, 0.6096624540073604, 1.362714816555279, 0.7941128283545433, 1.3607257388531147, 0.2090395480225988, 1.3508501477538533, 0.4343941519604219, 1.3899696524440197, 0.9781067215632471)
[9, 9, 1, 2, 3, 7, 10, 9, 3, 8, 7, 2, 5, 1, 1, 6, 8, 4, 5, 10, 6, 4, 5, 1, 4, 9, 7, 9, 8, 7, 5, 6, 7, 8, 8, 10, 4, 10, 8, 9, 4, 4, 7, 4, 10, 5, 5, 7, 10, 9, 2, 6, 7, 4, 5, 4, 7, 2, 6, 8, 6, 8, 5, 5, 3, 2, 3, 7, 10, 3, 9, 4, 6, 1]
(1.3701979243754314, 0.6096624540073604, 1.36226409293701, 0.7941128283545433, 1.3618417795001443, 0.2090395480225988, 1.3533286128192128, 0.5327356696549846, 1.3886615704744012, 0.9781067215632471)
[9, 9, 9, 2, 3, 7, 10, 9, 3, 8, 7, 2, 5, 1, 5, 6, 5, 4, 5, 10, 6, 4, 5, 1, 4, 9, 7, 9, 8, 7, 5, 6, 7, 8, 8, 5, 2, 10, 9, 5, 8, 4, 5, 8, 10, 5, 4, 7, 10, 9, 2, 6, 7, 4, 3, 4, 7, 2, 6, 8, 6, 8, 5, 5, 3, 2, 3, 7, 10, 3, 9, 4, 6, 1]
(1.3672985997795033, 0.6096624540073604, 1.357568497359651, 0.7941128283545433, 1.362833309695023, 0.2090395480225988, 1.3510082478820267, 0.5327356696549846, 1.4053631173073184, 0.9781067215632471)
[9, 9, 1, 2, 3, 7, 10, 9, 3, 8, 7, 2, 5, 1, 1, 6, 8, 4, 5, 10, 6, 4, 5, 1, 4, 9, 7, 9, 8, 7, 5, 6, 7, 8, 8, 10, 4, 10, 8, 9, 4, 4, 7, 4, 10, 5, 5, 7, 10, 9, 2, 6, 7, 4, 5, 4, 7, 2, 6, 8, 6, 8, 5, 5, 3, 2, 3, 7, 10, 3, 9, 4, 6, 1]
(1.3701979243754314, 0.6096624540073604, 1.36226409293701, 0.7941128283545433, 1.3618417795001443, 0.2090395480225988, 1.3533286128192128, 0.5327356696549846, 1.3886615704744012, 0.9781067215632471)
[9, 9, 1, 2, 3, 8, 6, 9, 3, 8, 7, 2, 5, 1, 1, 6, 8, 4, 5, 10, 6, 4, 5, 1, 4, 9, 7, 9, 8, 7, 5, 6, 7, 8, 8, 10, 2, 10, 9, 5, 8, 9, 7, 4, 10, 5, 5, 7, 10, 9, 2, 6, 7, 4, 5, 4, 7, 2, 6, 8, 6, 8, 5, 5, 3, 2, 3, 7, 10, 3, 9, 4, 6, 1]
(1.3726460263132023, 0.6096624540073604, 1.3604859740286048, 0.7941128283545433, 1.3614319312571461, 0.2090395480225988, 1.3531415167449892, 0.5327356696549846, 1.3911584974824354, 0.9781067215632471)
[9, 9, 1, 2, 3, 7, 10, 9, 3, 8, 7, 2, 5, 1, 1, 6, 8, 4, 5, 10, 6, 4, 5, 1, 4, 9, 7, 9, 8, 7, 5, 6, 7, 8, 8, 10, 4, 10, 8, 9, 4, 4, 7, 4, 10, 5, 5, 7, 10, 9, 2, 6, 7, 4, 5, 4, 7, 2, 6, 8, 6, 8, 5, 5, 3, 2, 3, 7, 10, 3, 9, 4, 6, 1]
(1.3701979243754314, 0.6096624540073604, 1.36226409293701, 0.7941128283545433, 1.3618417795001443, 0.2090395480225988, 1.3533286128192128, 0.5327356696549846, 1.3886615704744012, 0.9781067215632471)
[9, 9, 9, 2, 3, 7, 10, 9, 3, 8, 7, 2, 5, 1, 5, 6, 5, 4, 5, 10, 6, 4, 5, 1, 4, 9, 7, 9, 8, 7, 5, 6, 7, 8, 8, 5, 2, 10, 9, 5, 8, 4, 5, 8, 10, 5, 4, 7, 10, 9, 2, 6, 7, 4, 3, 4, 7, 2, 6, 8, 6, 8, 5, 5, 3, 2, 3, 7, 10, 3, 9, 4, 6, 1]
(1.3672985997795033, 0.6096624540073604, 1.357568497359651, 0.7941128283545433, 1.362833309695023, 0.2090395480225988, 1.3510082478820267, 0.5327356696549846, 1.4053631173073184, 0.9781067215632471)
[9, 9, 1, 2, 3, 8, 6, 9, 3, 8, 7, 2, 5, 1, 1, 6, 8, 4, 5, 10, 6, 4, 5, 1, 4, 9, 7, 9, 8, 7, 5, 6, 7, 8, 8, 10, 2, 10, 9, 5, 8, 9, 7, 4, 10, 5, 5, 7, 10, 9, 2, 6, 7, 4, 5, 4, 7, 2, 6, 8, 6, 8, 5, 5, 3, 2, 3, 7, 10, 3, 9, 4, 6, 1]
(1.3726460263132023, 0.6096624540073604, 1.3604859740286048, 0.7941128283545433, 1.3614319312571461, 0.2090395480225988, 1.3531415167449892, 0.5327356696549846, 1.3911584974824354, 0.9781067215632471)
[9, 9, 1, 2, 3, 8, 6, 9, 3, 8, 7, 2, 5, 1, 1, 6, 8, 4, 5, 10, 6, 4, 5, 1, 4, 9, 7, 9, 8, 7, 5, 6, 7, 8, 8, 10, 2, 10, 9, 5, 8, 9, 7, 4, 10, 5, 5, 7, 10, 9, 2, 6, 7, 4, 5, 4, 7, 2, 6, 8, 6, 8, 5, 5, 3, 2, 3, 7, 10, 3, 9, 4, 6, 1]
(1.3726460263132023, 0.6096624540073604, 1.3604859740286048, 0.7941128283545433, 1.3614319312571461, 0.2090395480225988, 1.3531415167449892, 0.5327356696549846, 1.3911584974824354, 0.9781067215632471)
[9, 9, 1, 2, 3, 8, 6, 9, 3, 8, 7, 2, 5, 1, 1, 6, 8, 4, 5, 10, 6, 4, 5, 1, 4, 9, 7, 9, 8, 7, 5, 6, 7, 8, 8, 10, 2, 10, 9, 5, 8, 9, 7, 4, 10, 5, 5, 7, 10, 9, 2, 6, 7, 4, 5, 4, 7, 2, 6, 8, 6, 8, 5, 5, 3, 2, 3, 7, 10, 3, 9, 4, 6, 1]
(1.3726460263132023, 0.6096624540073604, 1.3604859740286048, 0.7941128283545433, 1.3614319312571461, 0.2090395480225988, 1.3531415167449892, 0.5327356696549846, 1.3911584974824354, 0.9781067215632471)
[9, 9, 1, 2, 3, 8, 6, 9, 3, 8, 7, 2, 5, 1, 1, 6, 8, 4, 5, 10, 6, 4, 5, 1, 4, 9, 7, 9, 8, 7, 5, 6, 7, 8, 8, 10, 2, 10, 9, 5, 8, 9, 7, 4, 10, 5, 5, 7, 10, 9, 2, 6, 7, 4, 5, 4, 7, 2, 6, 8, 6, 8, 5, 5, 3, 2, 3, 7, 10, 3, 9, 4, 6, 1]
(1.3726460263132023, 0.6096624540073604, 1.3604859740286048, 0.7941128283545433, 1.3614319312571461, 0.2090395480225988, 1.3531415167449892, 0.5327356696549846, 1.3911584974824354, 0.9781067215632471)
[9, 9, 1, 2, 3, 8, 6, 9, 3, 8, 7, 2, 5, 1, 1, 6, 8, 4, 5, 10, 6, 4, 5, 1, 4, 9, 7, 9, 8, 7, 5, 6, 7, 8, 8, 10, 2, 10, 9, 5, 8, 9, 7, 4, 10, 5, 5, 7, 10, 9, 2, 6, 7, 4, 5, 4, 7, 2, 6, 8, 6, 8, 5, 5, 3, 2, 3, 7, 10, 3, 9, 4, 6, 1]
(1.3726460263132023, 0.6096624540073604, 1.3604859740286048, 0.7941128283545433, 1.3614319312571461, 0.2090395480225988, 1.3531415167449892, 0.5327356696549846, 1.3911584974824354, 0.9781067215632471)
[9, 9, 9, 2, 3, 7, 10, 9, 3, 8, 7, 2, 5, 1, 5, 6, 5, 4, 5, 10, 6, 4, 5, 1, 4, 9, 7, 9, 8, 7, 5, 6, 7, 8, 8, 5, 2, 10, 9, 5, 8, 4, 5, 8, 10, 5, 4, 7, 10, 9, 2, 6, 7, 4, 3, 4, 7, 2, 6, 8, 6, 8, 5, 5, 3, 2, 3, 7, 10, 3, 9, 4, 6, 1]
(1.3672985997795033, 0.6096624540073604, 1.357568497359651, 0.7941128283545433, 1.362833309695023, 0.2090395480225988, 1.3510082478820267, 0.5327356696549846, 1.4053631173073184, 0.9781067215632471)
[9, 9, 1, 2, 3, 8, 6, 9, 3, 8, 7, 2, 5, 1, 1, 6, 8, 4, 5, 10, 6, 4, 5, 1, 4, 9, 7, 9, 8, 7, 5, 6, 7, 8, 8, 10, 2, 10, 9, 5, 8, 9, 7, 4, 10, 5, 5, 7, 10, 9, 2, 6, 7, 4, 5, 4, 7, 2, 6, 8, 6, 8, 5, 5, 3, 2, 3, 7, 10, 3, 9, 4, 6, 1]
(1.3726460263132023, 0.6096624540073604, 1.3604859740286048, 0.7941128283545433, 1.3614319312571461, 0.2090395480225988, 1.3531415167449892, 0.5327356696549846, 1.3911584974824354, 0.9781067215632471)
[9, 9, 1, 2, 3, 8, 6, 9, 3, 8, 7, 2, 5, 1, 1, 6, 8, 4, 5, 10, 6, 4, 5, 1, 4, 9, 7, 9, 8, 7, 5, 6, 7, 8, 8, 10, 2, 10, 9, 5, 8, 9, 7, 4, 10, 5, 5, 7, 10, 9, 2, 6, 7, 4, 5, 4, 7, 2, 6, 8, 6, 8, 5, 5, 3, 2, 3, 7, 10, 3, 9, 4, 6, 1]
(1.3726460263132023, 0.6096624540073604, 1.3604859740286048, 0.7941128283545433, 1.3614319312571461, 0.2090395480225988, 1.3531415167449892, 0.5327356696549846, 1.3911584974824354, 0.9781067215632471)
