[5, 7, 9, 3, 3, 9, 8, 7, 2, 8, 6, 1, 1, 2, 7, 5, 8, 5, 2, 1, 7, 7, 8, 7, 2, 9, 4, 8, 1, 9, 5, 7, 2, 4, 4, 6, 7, 1, 9, 4, 5, 9, 8, 3, 4, 6, 10, 3, 3, 9, 6, 9, 9, 7, 10, 8, 8, 10, 1, 10, 8, 4, 6, 3, 9, 2, 2, 3, 3, 5, 3, 3, 10, 4]
(1.5483024637399934, 0.7374701670644385, 1.5171715941278985, 0.0, 1.5435749778150347, 0.6666666666666674, 1.536907907351735, 0.0, 1.5459619928895263, 0.8803046789989061)
[5, 7, 9, 3, 3, 9, 8, 7, 2, 8, 6, 1, 1, 2, 7, 5, 8, 5, 2, 1, 7, 7, 8, 7, 2, 9, 4, 8, 1, 9, 5, 7, 2, 4, 4, 6, 7, 1, 9, 4, 5, 9, 8, 3, 4, 6, 10, 3, 3, 9, 6, 9, 9, 7, 10, 8, 8, 10, 1, 10, 8, 4, 6, 3, 9, 2, 2, 3, 3, 5, 3, 3, 10, 4]
(1.5483024637399934, 0.7374701670644385, 1.5171715941278985, 0.0, 1.5435749778150347, 0.6666666666666674, 1.536907907351735, 0.0, 1.5459619928895263, 0.8803046789989061)
[5, 7, 9, 3, 3, 9, 8, 5, 2, 8, 6, 2, 1, 2, 7, 5, 8, 5, 2, 4, 7, 3, 9, 6, 2, 3, 8, 8, 1, 9, 5, 7, 2, 4, 4, 6, 6, 1, 4, 4, 5, 9, 8, 3, 4, 6, 10, 3, 3, 9, 6, 9, 9, 7, 10, 8, 8, 10, 1, 10, 8, 4, 1, 3, 2, 8, 2, 3, 3, 5, 3, 3, 10, 8]
(1.5462161945550468, 0.7374701670644385, 1.5216921258716627, 0.0, 1.5701995003222236, 1.0, 1.528382500782493, 0.575045207956601, 1.5410181383787418, 0.0)
[5, 7, 9, 3, 3, 4, 8, 7, 2, 8, 6, 3, 4, 5, 6, 9, 10, 4, 2, 4, 7, 3, 9, 6, 2, 3, 4, 9, 1, 9, 5, 7, 2, 8, 4, 6, 6, 1, 4, 6, 5, 9, 8, 3, 4, 6, 10, 3, 3, 9, 6, 9, 9, 7, 10, 8, 8, 10, 1, 10, 8, 4, 1, 3, 9, 6, 2, 3, 3, 5, 3, 3, 10, 4]
(1.5344782809166937, 0.7374701670644385, 1.5179887288807683, 0.0, 1.5369853219388756, 1.0, 1.5156999649106317, 0.0, 1.544001411050442, 0.8803046789989061)
[5, 5, 9, 3, 3, 9, 8, 5, 2, 8, 6, 1, 1, 8, 7, 2, 8, 5, 2, 4, 7, 3, 9, 6, 2, 2, 4, 8, 1, 9, 5, 7, 2, 4, 4, 6, 6, 9, 4, 4, 5, 9, 8, 3, 4, 6, 10, 3, 3, 9, 6, 9, 9, 7, 10, 8, 8, 10, 1, 10, 8, 4, 1, 3, 10, 8, 2, 3, 3, 5, 3, 3, 10, 5]
(1.5407510530202424, 0.7374701670644385, 1.5258475773035332, 0.0, 1.5430334344505097, 1.0, 1.5174193933604998, 0.0, 1.5547317511587166, 0.8803046789989061)
[5, 7, 9, 3, 3, 9, 10, 5, 2, 8, 6, 1, 1, 2, 7, 5, 8, 5, 2, 4, 7, 4, 9, 5, 2, 9, 4, 8, 1, 9, 5, 7, 2, 4, 4, 6, 7, 1, 4, 4, 5, 9, 8, 3, 4, 6, 10, 3, 3, 9, 6, 9, 9, 7, 10, 8, 8, 10, 1, 10, 8, 4, 6, 3, 9, 2, 2, 3, 3, 5, 3, 3, 10, 4]
(1.523969736024622, 0.7374701670644385, 1.5114412862806375, 0.0, 1.5514935883133434, 1.0, 1.5256734216212071, 0.0, 1.5564298248289847, 0.8803046789989061)
[5, 7, 9, 3, 2, 9, 8, 1, 2, 8, 6, 1, 1, 2, 7, 7, 8, 5, 2, 5, 7, 3, 9, 6, 3, 9, 4, 8, 1, 9, 5, 7, 2, 2, 4, 6, 6, 3, 6, 3, 5, 9, 8, 3, 4, 6, 10, 3, 3, 9, 6, 9, 9, 7, 10, 8, 8, 10, 1, 10, 8, 4, 6, 3, 9, 2, 2, 3, 3, 5, 3, 3, 10, 4]
(1.5395786706357035, 0.7374701670644385, 1.5167303737996867, 0.0, 1.5402149613945517, 1.0, 1.5278133844583068, 0.0, 1.5400259792058504, 0.8803046789989061)
[5, 7, 9, 3, 3, 4, 8, 7, 2, 8, 6, 3, 4, 5, 6, 9, 10, 4, 2, 4, 7, 3, 9, 6, 2, 3, 4, 9, 1, 9, 5, 7, 2, 8, 4, 6, 6, 1, 4, 6, 5, 9, 8, 3, 4, 6, 10, 3, 3, 9, 6, 9, 9, 7, 10, 8, 8, 10, 1, 10, 8, 4, 1, 3, 9, 6, 2, 3, 3, 5, 3, 3, 10, 4]
(1.5344782809166937, 0.7374701670644385, 1.5179887288807683, 0.0, 1.5369853219388756, 1.0, 1.5156999649106317, 0.0, 1.544001411050442, 0.8803046789989061)
[5, 5, 9, 3, 3, 9, 10, 7, 2, 8, 6, 1, 1, 2, 7, 5, 8, 5, 2, 1, 7, 3, 9, 6, 1, 9, 4, 8, 1, 9, 5, 7, 2, 4, 5, 6, 7, 1, 4, 4, 5, 9, 8, 3, 4, 6, 10, 3, 3, 9, 6, 9, 9, 4, 10, 8, 8, 10, 1, 10, 8, 4, 6, 3, 10, 2, 2, 3, 3, 5, 3, 3, 10, 4]
(1.5224693664907263, 0.7374701670644385, 1.5211357141284982, 0.0, 1.5516857688872836, 1.0, 1.522154288813357, 0.0, 1.5319669523088966, 0.8803046789989061)
[5, 7, 9, 3, 2, 9, 8, 1, 2, 8, 6, 1, 1, 2, 7, 7, 8, 5, 2, 5, 7, 3, 9, 6, 3, 9, 4, 8, 1, 9, 5, 7, 2, 2, 4, 6, 6, 3, 6, 3, 5, 9, 8, 3, 4, 6, 10, 3, 3, 9, 6, 9, 9, 7, 10, 8, 8, 10, 1, 10, 8, 4, 6, 3, 9, 2, 2, 3, 3, 5, 3, 3, 10, 4]
(1.5395786706357035, 0.7374701670644385, 1.5167303737996867, 0.0, 1.5402149613945517, 1.0, 1.5278133844583068, 0.0, 1.5400259792058504, 0.8803046789989061)
[5, 7, 9, 3, 3, 4, 8, 7, 2, 8, 6, 3, 4, 5, 6, 9, 10, 4, 2, 4, 7, 3, 9, 6, 2, 3, 4, 9, 1, 9, 5, 7, 2, 8, 4, 6, 6, 1, 4, 6, 5, 9, 8, 3, 4, 6, 10, 3, 3, 9, 6, 9, 9, 7, 10, 8, 8, 10, 1, 10, 8, 4, 1, 3, 9, 6, 2, 3, 3, 5, 3, 3, 10, 4]
(1.5344782809166937, 0.7374701670644385, 1.5179887288807683, 0.0, 1.5369853219388756, 1.0, 1.5156999649106317, 0.0, 1.544001411050442, 0.8803046789989061)
[5, 7, 9, 3, 3, 9, 8, 5, 2, 8, 6, 4, 1, 5, 7, 5, 8, 5, 2, 4, 5, 3, 9, 6, 2, 8, 4, 8, 1, 9, 5, 7, 2, 4, 4, 6, 6, 3, 4, 3, 5, 9, 8, 3, 4, 6, 10, 3, 3, 9, 6, 9, 9, 7, 10, 8, 8, 10, 1, 10, 8, 4, 1, 3, 10, 8, 2, 3, 3, 5, 3, 3, 10, 5]
(1.5517218453435917, 0.7374701670644385, 1.52605074256647, 0.0, 1.5505572003124979, 1.0, 1.5213566368817133, 0.0, 1.5575232445447462, 0.8803046789989061)
[5, 5, 9, 3, 3, 9, 8, 5, 2, 8, 6, 1, 1, 8, 7, 2, 8, 5, 2, 4, 7, 3, 9, 6, 2, 2, 4, 8, 1, 9, 5, 7, 2, 4, 4, 6, 6, 9, 4, 4, 5, 9, 8, 3, 4, 6, 10, 3, 3, 9, 6, 9, 9, 7, 10, 8, 8, 10, 1, 10, 8, 4, 1, 3, 10, 8, 2, 3, 3, 5, 3, 3, 10, 5]
(1.5407510530202424, 0.7374701670644385, 1.5258475773035332, 0.0, 1.5430334344505097, 1.0, 1.5174193933604998, 0.0, 1.5547317511587166, 0.8803046789989061)
[5, 7, 1, 3, 3, 9, 8, 7, 2, 2, 5, 1, 1, 7, 7, 5, 8, 5, 2, 4, 7, 4, 9, 6, 2, 9, 4, 8, 1, 9, 5, 7, 2, 4, 1, 6, 7, 1, 4, 4, 5, 9, 8, 3, 4, 6, 10, 3, 3, 9, 6, 9, 9, 7, 10, 8, 8, 10, 1, 10, 8, 4, 8, 3, 9, 2, 2, 3, 3, 5, 3, 3, 10, 5]
(1.537549844086054, 0.7374701670644385, 1.524766476601248, 0.0, 1.5450110775976207, 1.0, 1.5339294551311766, 0.0, 1.5444837383924752, 0.8803046789989061)
[5, 7, 9, 3, 3, 9, 8, 5, 2, 8, 6, 4, 1, 5, 7, 5, 8, 5, 2, 4, 5, 3, 9, 6, 2, 8, 4, 8, 1, 9, 5, 7, 2, 4, 4, 6, 6, 3, 4, 3, 5, 9, 8, 3, 4, 6, 10, 3, 3, 9, 6, 9, 9, 7, 10, 8, 8, 10, 1, 10, 8, 4, 1, 3, 10, 8, 2, 3, 3, 5, 3, 3, 10, 5]
(1.5517218453435917, 0.7374701670644385, 1.52605074256647, 0.0, 1.5505572003124979, 1.0, 1.5213566368817133, 0.0, 1.5575232445447462, 0.8803046789989061)
[5, 7, 9, 3, 3, 9, 8, 5, 2, 8, 6, 1, 1, 2, 7, 5, 8, 5, 2, 4, 7, 3, 9, 6, 2, 3, 4, 8, 1, 9, 5, 7, 2, 4, 4, 6, 9, 1, 4, 7, 5, 9, 8, 3, 4, 6, 10, 3, 3, 9, 6, 9, 9, 7, 10, 8, 8, 10, 1, 10, 8, 4, 1, 3, 10, 8, 2, 3, 3, 5, 3, 3, 10, 5]
(1.5566580405085106, 0.7374701670644385, 1.52508455716062, 0.0, 1.5520997291802188, 1.0, 1.5109487812219908, 0.0, 1.5430599213390384, 0.8803046789989061)
[5, 7, 9, 3, 3, 4, 8, 7, 2, 8, 6, 3, 4, 5, 6, 9, 10, 4, 2, 4, 7, 3, 9, 6, 2, 3, 4, 9, 1, 9, 5, 7, 2, 8, 4, 6, 6, 1, 4, 6, 5, 9, 8, 3, 4, 6, 10, 3, 3, 9, 6, 9, 9, 7, 10, 8, 8, 10, 1, 10, 8, 4, 1, 3, 9, 6, 2, 3, 3, 5, 3, 3, 10, 4]
(1.5344782809166937, 0.7374701670644385, 1.5179887288807683, 0.0, 1.5369853219388756, 1.0, 1.5156999649106317, 0.0, 1.544001411050442, 0.8803046789989061)
[5, 7, 9, 3, 3, 9, 8, 5, 2, 8, 6, 4, 1, 5, 7, 5, 8, 5, 2, 4, 5, 3, 9, 6, 2, 8, 4, 8, 1, 9, 5, 7, 2, 4, 4, 6, 6, 3, 4, 3, 5, 9, 8, 3, 4, 6, 10, 3, 3, 9, 6, 9, 9, 7, 10, 8, 8, 10, 1, 10, 8, 4, 1, 3, 10, 8, 2, 3, 3, 5, 3, 3, 10, 5]
(1.5517218453435917, 0.7374701670644385, 1.52605074256647, 0.0, 1.5505572003124979, 1.0, 1.5213566368817133, 0.0, 1.5575232445447462, 0.8803046789989061)
[5, 7, 1, 3, 3, 9, 8, 7, 2, 2, 5, 1, 1, 7, 7, 5, 8, 5, 2, 4, 7, 4, 9, 6, 2, 9, 4, 8, 1, 9, 5, 7, 2, 4, 1, 6, 7, 1, 4, 4, 5, 9, 8, 3, 4, 6, 10, 3, 3, 9, 6, 9, 9, 7, 10, 8, 8, 10, 1, 10, 8, 4, 8, 3, 9, 2, 2, 3, 3, 5, 3, 3, 10, 5]
(1.537549844086054, 0.7374701670644385, 1.524766476601248, 0.0, 1.5450110775976207, 1.0, 1.5339294551311766, 0.0, 1.5444837383924752, 0.8803046789989061)
[5, 7, 9, 3, 3, 4, 8, 7, 2, 8, 6, 3, 4, 5, 6, 9, 10, 4, 2, 4, 7, 3, 9, 6, 2, 3, 4, 9, 1, 9, 5, 7, 2, 8, 4, 6, 6, 1, 4, 6, 5, 9, 8, 3, 4, 6, 10, 3, 3, 9, 6, 9, 9, 7, 10, 8, 8, 10, 1, 10, 8, 4, 1, 3, 9, 6, 2, 3, 3, 5, 3, 3, 10, 4]
(1.5344782809166937, 0.7374701670644385, 1.5179887288807683, 0.0, 1.5369853219388756, 1.0, 1.5156999649106317, 0.0, 1.544001411050442, 0.8803046789989061)
[5, 8, 9, 3, 3, 9, 8, 5, 2, 8, 6, 1, 1, 2, 7, 5, 2, 5, 2, 4, 2, 3, 9, 6, 2, 9, 4, 8, 1, 9, 5, 7, 2, 4, 4, 6, 9, 1, 4, 4, 5, 9, 8, 3, 4, 6, 10, 3, 3, 9, 6, 9, 9, 7, 10, 8, 8, 10, 1, 10, 8, 4, 6, 3, 9, 2, 2, 3, 3, 5, 3, 3, 10, 5]
(1.5130132804809862, 0.7374701670644385, 1.5232079557328266, 0.0, 1.5343966690449753, 1.0, 1.5220631267129219, 0.0, 1.5473489201812767, 0.8803046789989061)
[5, 7, 1, 3, 3, 9, 8, 7, 2, 2, 5, 1, 1, 7, 7, 5, 8, 5, 2, 4, 7, 4, 9, 6, 2, 3, 8, 8, 1, 9, 5, 7, 2, 4, 4, 6, 6, 1, 4, 4, 5, 9, 9, 3, 4, 6, 10, 3, 3, 9, 6, 9, 9, 7, 10, 8, 8, 10, 1, 2, 8, 4, 6, 3, 9, 2, 2, 3, 3, 5, 3, 3, 10, 5]
(1.5329022874681986, 0.7374701670644385, 1.524036841690425, 0.0, 1.557763720378162, 1.0, 1.5263881973176048, 0.0, 1.5345464301853213, 0.8803046789989061)
[5, 7, 9, 3, 3, 4, 8, 7, 2, 8, 6, 3, 4, 5, 6, 9, 10, 4, 2, 4, 7, 3, 9, 6, 2, 3, 4, 9, 1, 9, 5, 7, 2, 8, 4, 6, 6, 1, 4, 6, 5, 9, 8, 3, 4, 6, 10, 3, 3, 9, 6, 9, 9, 7, 10, 8, 8, 10, 1, 10, 8, 4, 1, 3, 9, 6, 2, 3, 3, 5, 3, 3, 10, 4]
(1.5344782809166937, 0.7374701670644385, 1.5179887288807683, 0.0, 1.5369853219388756, 1.0, 1.5156999649106317, 0.0, 1.544001411050442, 0.8803046789989061)
[5, 7, 9, 3, 2, 9, 8, 1, 2, 8, 6, 1, 1, 2, 7, 7, 8, 5, 2, 5, 7, 3, 9, 6, 3, 9, 4, 8, 1, 9, 5, 7, 2, 2, 4, 6, 6, 3, 6, 3, 5, 9, 8, 3, 4, 6, 10, 3, 3, 9, 6, 9, 9, 7, 10, 8, 8, 10, 1, 10, 8, 4, 6, 3, 9, 2, 2, 3, 3, 5, 3, 3, 10, 4]
(1.5395786706357035, 0.7374701670644385, 1.5167303737996867, 0.0, 1.5402149613945517, 1.0, 1.5278133844583068, 0.0, 1.5400259792058504, 0.8803046789989061)
[5, 5, 9, 3, 3, 9, 8, 5, 2, 8, 6, 1, 1, 8, 7, 2, 8, 5, 2, 4, 7, 3, 9, 6, 2, 2, 4, 8, 1, 9, 5, 7, 2, 4, 4, 6, 6, 9, 4, 4, 5, 9, 8, 3, 4, 6, 10, 3, 3, 9, 6, 9, 9, 7, 10, 8, 8, 10, 1, 10, 8, 4, 1, 3, 10, 8, 2, 3, 3, 5, 3, 3, 10, 5]
(1.5407510530202424, 0.7374701670644385, 1.5258475773035332, 0.0, 1.5430334344505097, 1.0, 1.5174193933604998, 0.0, 1.5547317511587166, 0.8803046789989061)
[5, 7, 9, 3, 3, 9, 8, 5, 2, 8, 6, 4, 1, 5, 7, 5, 8, 5, 2, 4, 5, 3, 9, 6, 2, 8, 4, 8, 1, 9, 5, 7, 2, 4, 4, 6, 6, 3, 4, 3, 5, 9, 8, 3, 4, 6, 10, 3, 3, 9, 6, 9, 9, 7, 10, 8, 8, 10, 1, 10, 8, 4, 1, 3, 10, 8, 2, 3, 3, 5, 3, 3, 10, 5]
(1.5517218453435917, 0.7374701670644385, 1.52605074256647, 0.0, 1.5505572003124979, 1.0, 1.5213566368817133, 0.0, 1.5575232445447462, 0.8803046789989061)
[5, 7, 9, 3, 3, 9, 10, 5, 2, 8, 6, 1, 1, 8, 7, 5, 8, 5, 2, 4, 5, 3, 7, 5, 2, 9, 4, 8, 1, 9, 5, 7, 2, 4, 4, 6, 7, 1, 4, 4, 5, 9, 8, 3, 4, 6, 10, 3, 3, 9, 6, 9, 9, 7, 10, 8, 8, 10, 1, 10, 8, 6, 6, 3, 9, 2, 2, 3, 3, 5, 3, 3, 10, 4]
(1.5231809499858662, 0.7374701670644385, 1.5268181131778995, 0.0, 1.5596897282450217, 1.0, 1.5516802441327593, 0.20476497102382488, 1.5475417277960803, 0.8803046789989061)
[5, 7, 9, 3, 3, 9, 8, 7, 2, 8, 6, 1, 1, 2, 1, 5, 9, 5, 2, 4, 7, 3, 8, 7, 2, 9, 4, 8, 1, 9, 5, 7, 2, 4, 4, 6, 7, 1, 4, 4, 5, 9, 8, 3, 4, 6, 7, 3, 3, 9, 6, 9, 9, 7, 10, 8, 8, 10, 1, 10, 8, 7, 6, 3, 9, 2, 2, 3, 3, 5, 3, 3, 8, 4]
(1.5263624433426897, 0.7374701670644385, 1.5186519680916113, 0.0, 1.5369762022792133, 1.0, 1.5487620137630724, 0.20476497102382488, 1.534181603267673, 0.8803046789989061)
[5, 7, 9, 3, 3, 9, 8, 7, 2, 8, 6, 1, 1, 2, 1, 5, 9, 5, 2, 4, 7, 3, 8, 7, 2, 9, 4, 8, 1, 9, 5, 7, 2, 4, 4, 6, 7, 1, 4, 4, 5, 9, 8, 3, 4, 6, 7, 3, 3, 9, 6, 9, 9, 7, 10, 8, 8, 10, 1, 10, 8, 7, 6, 3, 9, 2, 2, 3, 3, 5, 3, 3, 8, 4]
(1.5263624433426897, 0.7374701670644385, 1.5186519680916113, 0.0, 1.5369762022792133, 1.0, 1.5487620137630724, 0.20476497102382488, 1.534181603267673, 0.8803046789989061)
[5, 7, 9, 3, 3, 9, 8, 5, 2, 8, 6, 4, 1, 5, 7, 5, 8, 5, 2, 4, 5, 3, 9, 6, 2, 9, 4, 8, 1, 10, 5, 7, 2, 4, 4, 6, 7, 1, 4, 4, 5, 9, 8, 3, 4, 6, 10, 3, 3, 9, 6, 9, 9, 7, 10, 8, 8, 10, 1, 10, 8, 4, 5, 3, 10, 8, 2, 3, 3, 5, 3, 3, 10, 5]
(1.5485909252612617, 0.7374701670644385, 1.5397670073806073, 0.0, 1.5465363793818976, 1.0, 1.55391354992974, 0.20476497102382488, 1.5714575885235076, 0.8803046789989061)
[5, 7, 9, 3, 3, 9, 10, 5, 2, 8, 6, 1, 1, 8, 7, 5, 8, 5, 2, 4, 5, 3, 7, 5, 2, 9, 4, 8, 1, 9, 5, 7, 2, 4, 4, 6, 7, 1, 4, 4, 5, 9, 8, 3, 4, 6, 10, 3, 3, 9, 6, 9, 9, 7, 10, 8, 8, 10, 1, 10, 8, 6, 6, 3, 9, 2, 2, 3, 3, 5, 3, 3, 10, 4]
(1.5231809499858662, 0.7374701670644385, 1.5268181131778995, 0.0, 1.5596897282450217, 1.0, 1.5516802441327593, 0.20476497102382488, 1.5475417277960803, 0.8803046789989061)
[5, 7, 9, 3, 3, 9, 5, 7, 2, 8, 6, 1, 1, 2, 7, 5, 8, 5, 2, 1, 7, 3, 9, 6, 2, 9, 4, 8, 5, 9, 5, 7, 2, 4, 4, 6, 7, 1, 4, 4, 5, 9, 8, 3, 4, 6, 10, 3, 3, 9, 6, 9, 9, 7, 10, 8, 8, 10, 1, 10, 8, 4, 1, 8, 6, 8, 2, 3, 3, 5, 3, 3, 10, 4]
(1.5166649202256248, 0.7374701670644385, 1.5321716469525128, 0.0, 1.5437292619048382, 1.0, 1.5523928871004595, 0.20476497102382488, 1.5614350651948465, 0.8803046789989061)
[5, 7, 9, 3, 3, 9, 8, 7, 2, 8, 6, 1, 1, 2, 1, 5, 9, 5, 2, 4, 7, 3, 8, 7, 2, 9, 4, 8, 1, 9, 5, 7, 2, 4, 4, 6, 7, 1, 4, 4, 5, 9, 8, 3, 4, 6, 7, 3, 3, 9, 6, 9, 9, 7, 10, 8, 8, 10, 1, 10, 8, 7, 6, 3, 9, 2, 2, 3, 3, 5, 3, 3, 8, 4]
(1.5263624433426897, 0.7374701670644385, 1.5186519680916113, 0.0, 1.5369762022792133, 1.0, 1.5487620137630724, 0.20476497102382488, 1.534181603267673, 0.8803046789989061)
[5, 7, 9, 3, 3, 9, 10, 5, 2, 8, 6, 1, 1, 8, 7, 5, 8, 5, 2, 4, 5, 3, 7, 5, 2, 9, 4, 8, 1, 9, 5, 7, 2, 4, 4, 6, 7, 1, 4, 4, 5, 9, 8, 3, 4, 6, 10, 3, 3, 9, 6, 9, 9, 7, 10, 8, 8, 10, 1, 10, 8, 6, 6, 3, 9, 2, 2, 3, 3, 5, 3, 3, 10, 4]
(1.5231809499858662, 0.7374701670644385, 1.5268181131778995, 0.0, 1.5596897282450217, 1.0, 1.5516802441327593, 0.20476497102382488, 1.5475417277960803, 0.8803046789989061)
[5, 7, 9, 3, 3, 9, 10, 5, 2, 8, 6, 1, 1, 8, 7, 5, 8, 5, 2, 4, 5, 3, 7, 5, 2, 9, 4, 8, 1, 9, 5, 7, 2, 4, 4, 6, 7, 1, 4, 4, 5, 9, 8, 3, 4, 6, 10, 3, 3, 9, 6, 9, 9, 7, 10, 8, 8, 10, 1, 10, 8, 6, 6, 3, 9, 2, 2, 3, 3, 5, 3, 3, 10, 4]
(1.5231809499858662, 0.7374701670644385, 1.5268181131778995, 0.0, 1.5596897282450217, 1.0, 1.5516802441327593, 0.20476497102382488, 1.5475417277960803, 0.8803046789989061)
[5, 7, 9, 3, 3, 9, 5, 7, 2, 8, 6, 1, 1, 2, 7, 5, 8, 5, 2, 1, 7, 3, 9, 6, 2, 9, 4, 8, 5, 9, 5, 7, 2, 4, 4, 6, 7, 1, 4, 4, 5, 9, 8, 3, 4, 6, 10, 3, 3, 9, 6, 9, 9, 7, 10, 8, 8, 10, 1, 10, 8, 4, 1, 8, 6, 8, 2, 3, 3, 5, 3, 3, 10, 4]
(1.5166649202256248, 0.7374701670644385, 1.5321716469525128, 0.0, 1.5437292619048382, 1.0, 1.5523928871004595, 0.20476497102382488, 1.5614350651948465, 0.8803046789989061)
[5, 7, 9, 3, 3, 9, 8, 7, 2, 8, 6, 1, 1, 2, 1, 5, 9, 5, 2, 4, 7, 3, 8, 7, 2, 9, 4, 8, 1, 9, 5, 7, 2, 4, 4, 6, 7, 1, 4, 4, 5, 9, 8, 3, 4, 6, 7, 3, 3, 9, 6, 9, 9, 7, 10, 8, 8, 10, 1, 10, 8, 7, 6, 3, 9, 2, 2, 3, 3, 5, 3, 3, 8, 4]
(1.5263624433426897, 0.7374701670644385, 1.5186519680916113, 0.0, 1.5369762022792133, 1.0, 1.5487620137630724, 0.20476497102382488, 1.534181603267673, 0.8803046789989061)
[5, 7, 9, 3, 3, 9, 10, 5, 2, 8, 6, 1, 1, 8, 7, 5, 8, 5, 2, 4, 5, 3, 7, 5, 2, 9, 4, 8, 1, 9, 5, 7, 2, 4, 4, 6, 7, 1, 4, 4, 5, 9, 8, 3, 4, 6, 10, 3, 3, 9, 6, 9, 9, 7, 10, 8, 8, 10, 1, 10, 8, 6, 6, 3, 9, 2, 2, 3, 3, 5, 3, 3, 10, 4]
(1.5231809499858662, 0.7374701670644385, 1.5268181131778995, 0.0, 1.5596897282450217, 1.0, 1.5516802441327593, 0.20476497102382488, 1.5475417277960803, 0.8803046789989061)
[5, 7, 9, 3, 3, 9, 8, 7, 2, 8, 6, 1, 1, 2, 7, 5, 8, 5, 2, 1, 7, 3, 9, 6, 2, 9, 4, 8, 1, 9, 5, 7, 2, 4, 4, 6, 7, 1, 4, 3, 5, 9, 8, 3, 4, 6, 10, 3, 3, 9, 6, 9, 9, 7, 10, 8, 8, 10, 1, 10, 8, 4, 6, 3, 9, 2, 2, 3, 3, 5, 3, 3, 10, 4]
(1.5446664860098385, 0.7374701670644385, 1.517856103479748, 0.0, 1.5480102299897691, 1.0, 1.5481741930543207, 0.2226890756302521, 1.5640871798990974, 0.8803046789989061)
[5, 7, 9, 3, 3, 9, 8, 5, 2, 8, 6, 4, 1, 5, 7, 5, 8, 5, 2, 8, 5, 3, 9, 6, 2, 9, 4, 8, 1, 7, 5, 7, 2, 4, 4, 6, 7, 1, 4, 4, 5, 9, 8, 3, 4, 6, 10, 3, 3, 9, 6, 9, 9, 7, 10, 8, 8, 10, 1, 10, 8, 4, 5, 3, 10, 8, 2, 3, 3, 5, 3, 3, 10, 5]
(1.5273698882757465, 0.7374701670644385, 1.5257840339093247, 0.0, 1.5649410853533765, 1.0, 1.5462004191427259, 0.2226890756302521, 1.5704720855503091, 0.8803046789989061)
[5, 7, 9, 3, 3, 9, 8, 5, 2, 8, 6, 4, 1, 5, 7, 5, 8, 5, 2, 8, 5, 3, 9, 6, 2, 9, 4, 8, 1, 7, 5, 7, 2, 4, 4, 6, 7, 1, 4, 4, 5, 9, 8, 3, 4, 6, 10, 3, 3, 9, 6, 9, 9, 7, 10, 8, 8, 10, 1, 10, 8, 4, 5, 3, 10, 8, 2, 3, 3, 5, 3, 3, 10, 5]
(1.5273698882757465, 0.7374701670644385, 1.5257840339093247, 0.0, 1.5649410853533765, 1.0, 1.5462004191427259, 0.2226890756302521, 1.5704720855503091, 0.8803046789989061)
[5, 7, 9, 3, 3, 9, 8, 5, 2, 8, 6, 4, 1, 5, 7, 5, 8, 5, 2, 8, 5, 3, 9, 6, 2, 9, 4, 8, 1, 7, 5, 7, 2, 4, 4, 6, 7, 1, 4, 4, 5, 9, 8, 3, 4, 6, 10, 3, 3, 9, 6, 9, 9, 7, 10, 8, 8, 10, 1, 10, 8, 4, 5, 3, 10, 8, 2, 3, 3, 5, 3, 3, 10, 5]
(1.5273698882757465, 0.7374701670644385, 1.5257840339093247, 0.0, 1.5649410853533765, 1.0, 1.5462004191427259, 0.2226890756302521, 1.5704720855503091, 0.8803046789989061)
[5, 7, 9, 3, 3, 9, 8, 7, 2, 8, 6, 1, 1, 2, 7, 5, 8, 5, 2, 1, 7, 3, 9, 6, 2, 9, 4, 8, 1, 9, 5, 7, 2, 4, 4, 6, 7, 1, 4, 4, 5, 9, 8, 3, 4, 6, 10, 3, 3, 9, 6, 9, 9, 7, 10, 8, 8, 10, 1, 10, 8, 4, 6, 3, 9, 2, 2, 3, 3, 5, 3, 3, 10, 4]
(1.5451350939272674, 0.7374701670644385, 1.5226351962982458, 0.0, 1.546862895935657, 1.0, 1.5378931946306262, 0.24405218726016878, 1.5609784060715453, 0.8803046789989061)
[5, 7, 9, 3, 3, 9, 8, 7, 2, 8, 6, 1, 1, 2, 7, 5, 8, 5, 2, 1, 7, 3, 9, 6, 2, 9, 4, 8, 1, 9, 5, 7, 2, 4, 4, 6, 7, 1, 4, 4, 5, 9, 8, 3, 4, 6, 10, 3, 3, 9, 6, 9, 9, 7, 10, 8, 8, 10, 1, 10, 8, 4, 6, 3, 9, 2, 2, 3, 3, 5, 3, 3, 10, 4]
(1.5451350939272674, 0.7374701670644385, 1.5226351962982458, 0.0, 1.546862895935657, 1.0, 1.5378931946306262, 0.24405218726016878, 1.5609784060715453, 0.8803046789989061)
[5, 7, 9, 3, 3, 9, 10, 5, 2, 8, 6, 1, 1, 2, 7, 5, 8, 5, 2, 4, 7, 4, 9, 5, 2, 9, 4, 8, 1, 9, 5, 7, 2, 4, 4, 6, 7, 1, 4, 4, 5, 9, 8, 3, 4, 6, 10, 3, 3, 9, 6, 9, 9, 7, 10, 8, 8, 10, 1, 10, 8, 6, 6, 3, 9, 2, 2, 3, 3, 5, 3, 3, 10, 4]
(1.5179866067318961, 0.7374701670644385, 1.520340488627439, 0.0, 1.5448807819186472, 1.0, 1.5387927176057128, 0.24405218726016878, 1.5571995822339075, 0.8803046789989061)
[5, 7, 9, 3, 3, 9, 8, 7, 2, 8, 6, 1, 1, 2, 7, 5, 8, 5, 2, 1, 7, 3, 9, 6, 2, 9, 4, 8, 1, 9, 5, 7, 2, 4, 4, 6, 7, 1, 4, 4, 5, 9, 8, 3, 4, 6, 10, 3, 3, 9, 6, 9, 9, 7, 10, 8, 8, 10, 1, 10, 8, 4, 6, 3, 9, 2, 2, 3, 3, 5, 3, 3, 10, 4]
(1.5451350939272674, 0.7374701670644385, 1.5226351962982458, 0.0, 1.546862895935657, 1.0, 1.5378931946306262, 0.24405218726016878, 1.5609784060715453, 0.8803046789989061)
[5, 7, 9, 3, 2, 9, 8, 1, 2, 8, 6, 1, 1, 2, 7, 5, 8, 5, 2, 4, 7, 4, 9, 6, 2, 1, 8, 8, 1, 9, 5, 7, 2, 4, 4, 6, 6, 1, 4, 4, 5, 9, 8, 3, 4, 6, 10, 3, 3, 9, 6, 9, 9, 7, 10, 8, 8, 10, 1, 10, 8, 4, 6, 3, 9, 2, 2, 3, 3, 5, 3, 3, 10, 4]
(1.5209967650471974, 0.7374701670644385, 1.515999004840736, 0.0, 1.5521692400424503, 1.0, 1.538348539098981, 0.24405218726016878, 1.5545569869874738, 0.8803046789989061)
[5, 7, 9, 3, 2, 9, 8, 1, 2, 8, 6, 1, 1, 2, 7, 5, 8, 5, 2, 4, 7, 4, 9, 6, 2, 1, 8, 8, 1, 9, 5, 7, 2, 4, 4, 6, 6, 1, 4, 4, 5, 9, 8, 3, 4, 6, 10, 3, 3, 9, 6, 9, 9, 7, 10, 8, 8, 10, 1, 10, 8, 4, 6, 3, 9, 2, 2, 3, 3, 5, 3, 3, 10, 4]
(1.5209967650471974, 0.7374701670644385, 1.515999004840736, 0.0, 1.5521692400424503, 1.0, 1.538348539098981, 0.24405218726016878, 1.5545569869874738, 0.8803046789989061)
[5, 7, 9, 3, 2, 9, 8, 1, 2, 8, 6, 1, 1, 2, 7, 5, 8, 5, 2, 4, 7, 4, 9, 6, 2, 1, 8, 8, 1, 9, 5, 7, 2, 4, 4, 6, 6, 1, 4, 4, 5, 9, 8, 3, 4, 6, 10, 3, 3, 9, 6, 9, 9, 7, 10, 8, 8, 10, 1, 10, 8, 4, 6, 3, 9, 2, 2, 3, 3, 5, 3, 3, 10, 4]
(1.5209967650471974, 0.7374701670644385, 1.515999004840736, 0.0, 1.5521692400424503, 1.0, 1.538348539098981, 0.24405218726016878, 1.5545569869874738, 0.8803046789989061)
[5, 7, 9, 3, 3, 9, 8, 7, 2, 8, 6, 1, 1, 2, 7, 5, 8, 5, 2, 1, 7, 3, 9, 6, 2, 9, 4, 8, 1, 9, 5, 7, 2, 4, 4, 6, 7, 1, 4, 4, 5, 9, 8, 3, 4, 6, 10, 3, 3, 9, 6, 9, 9, 7, 10, 8, 8, 10, 1, 10, 8, 4, 6, 3, 9, 2, 2, 3, 3, 5, 3, 3, 10, 4]
(1.5451350939272674, 0.7374701670644385, 1.5226351962982458, 0.0, 1.546862895935657, 1.0, 1.5378931946306262, 0.24405218726016878, 1.5609784060715453, 0.8803046789989061)
[5, 7, 9, 3, 3, 9, 8, 7, 2, 8, 6, 1, 1, 2, 7, 5, 8, 5, 2, 1, 7, 3, 9, 6, 2, 9, 4, 8, 1, 9, 5, 7, 2, 4, 4, 6, 7, 1, 4, 4, 5, 9, 8, 3, 4, 6, 10, 3, 3, 9, 6, 9, 9, 7, 10, 8, 8, 10, 1, 10, 8, 4, 6, 3, 9, 2, 2, 3, 3, 5, 3, 3, 10, 4]
(1.5451350939272674, 0.7374701670644385, 1.5226351962982458, 0.0, 1.546862895935657, 1.0, 1.5378931946306262, 0.24405218726016878, 1.5609784060715453, 0.8803046789989061)
[5, 7, 9, 3, 3, 9, 8, 7, 2, 8, 6, 1, 1, 2, 7, 5, 8, 5, 2, 1, 7, 3, 9, 6, 2, 9, 4, 8, 1, 9, 5, 7, 2, 4, 4, 6, 7, 1, 4, 4, 5, 9, 8, 3, 4, 6, 10, 3, 3, 9, 6, 9, 9, 7, 10, 8, 8, 10, 1, 10, 8, 4, 6, 3, 9, 2, 2, 3, 3, 5, 3, 3, 10, 4]
(1.5451350939272674, 0.7374701670644385, 1.5226351962982458, 0.0, 1.546862895935657, 1.0, 1.5378931946306262, 0.24405218726016878, 1.5609784060715453, 0.8803046789989061)
[5, 7, 9, 3, 3, 9, 8, 7, 2, 8, 6, 1, 1, 2, 7, 5, 8, 5, 2, 1, 7, 3, 9, 6, 2, 9, 4, 8, 1, 9, 5, 7, 2, 4, 4, 6, 7, 1, 4, 4, 5, 9, 8, 3, 4, 6, 10, 3, 3, 9, 6, 9, 9, 7, 10, 8, 8, 10, 1, 10, 8, 4, 6, 3, 9, 2, 2, 3, 3, 5, 3, 3, 10, 4]
(1.5451350939272674, 0.7374701670644385, 1.5226351962982458, 0.0, 1.546862895935657, 1.0, 1.5378931946306262, 0.24405218726016878, 1.5609784060715453, 0.8803046789989061)
[5, 8, 9, 3, 2, 9, 8, 5, 2, 8, 6, 1, 1, 2, 7, 5, 3, 5, 2, 4, 7, 3, 9, 6, 2, 9, 4, 8, 1, 9, 5, 7, 2, 4, 4, 6, 7, 1, 4, 4, 5, 9, 8, 3, 4, 6, 10, 3, 3, 9, 6, 9, 9, 7, 10, 8, 8, 10, 1, 9, 8, 4, 6, 3, 6, 2, 2, 3, 3, 5, 3, 3, 10, 5]
(1.5106661342828323, 0.7374701670644385, 1.5185255762933536, 0.0, 1.5307691958545484, 1.0, 1.5384623312948977, 0.24405218726016878, 1.5565057644246838, 0.8803046789989061)
[5, 7, 9, 3, 3, 9, 8, 7, 2, 8, 6, 1, 1, 2, 7, 5, 8, 5, 2, 1, 7, 3, 9, 6, 2, 9, 4, 8, 1, 9, 5, 7, 2, 4, 4, 6, 7, 1, 4, 4, 5, 9, 8, 3, 4, 6, 10, 3, 3, 9, 6, 9, 9, 7, 10, 8, 8, 10, 1, 10, 8, 4, 6, 3, 9, 2, 2, 3, 3, 5, 3, 3, 10, 4]
(1.5451350939272674, 0.7374701670644385, 1.5226351962982458, 0.0, 1.546862895935657, 1.0, 1.5378931946306262, 0.24405218726016878, 1.5609784060715453, 0.8803046789989061)
[5, 7, 9, 3, 3, 9, 8, 7, 2, 8, 6, 1, 1, 2, 7, 5, 8, 5, 2, 1, 7, 4, 9, 5, 2, 9, 9, 8, 1, 9, 5, 7, 2, 4, 4, 6, 7, 1, 4, 4, 5, 9, 8, 3, 4, 6, 10, 3, 3, 9, 6, 9, 9, 7, 10, 8, 8, 10, 1, 10, 8, 4, 6, 3, 9, 2, 2, 3, 3, 5, 3, 3, 10, 4]
(1.5434329470990928, 0.7374701670644385, 1.5313373126833474, 0.0, 1.5539305591582078, 1.0, 1.533503873199109, 0.24405218726016878, 1.5633254735170616, 0.8803046789989061)
[5, 7, 9, 3, 3, 9, 8, 7, 2, 8, 6, 1, 1, 2, 7, 5, 8, 5, 2, 1, 7, 3, 9, 6, 2, 9, 4, 8, 1, 9, 5, 7, 2, 4, 4, 6, 7, 1, 4, 4, 5, 9, 8, 3, 4, 6, 10, 3, 3, 9, 6, 9, 9, 7, 10, 8, 8, 10, 1, 10, 8, 4, 6, 3, 9, 2, 2, 3, 3, 5, 3, 3, 10, 4]
(1.5451350939272674, 0.7374701670644385, 1.5226351962982458, 0.0, 1.546862895935657, 1.0, 1.5378931946306262, 0.24405218726016878, 1.5609784060715453, 0.8803046789989061)
[5, 7, 9, 3, 3, 9, 8, 5, 2, 8, 6, 1, 1, 2, 7, 5, 8, 5, 2, 9, 3, 3, 9, 6, 2, 8, 4, 8, 1, 9, 6, 7, 2, 4, 4, 6, 6, 1, 4, 5, 3, 9, 8, 3, 4, 6, 10, 3, 1, 9, 6, 9, 9, 7, 10, 8, 8, 10, 1, 10, 8, 4, 6, 3, 9, 2, 2, 3, 3, 5, 3, 3, 10, 5]
(1.5503265559672141, 0.7374701670644385, 1.5170390044151587, 0.0, 1.555682786255958, 1.0, 1.534281997457031, 0.2699490662139216, 1.5337659151850973, 0.8803046789989061)
[5, 7, 9, 3, 3, 9, 8, 7, 2, 8, 6, 1, 1, 2, 7, 5, 8, 5, 2, 1, 7, 3, 9, 6, 2, 9, 4, 8, 1, 9, 5, 7, 2, 4, 4, 6, 7, 1, 4, 4, 5, 9, 8, 3, 4, 6, 10, 3, 3, 9, 6, 9, 9, 7, 10, 8, 8, 10, 1, 10, 8, 4, 6, 3, 9, 2, 2, 3, 3, 5, 3, 3, 10, 5]
(1.5464569522439267, 0.7374701670644385, 1.515068032145386, 0.0, 1.5446859787403366, 1.0, 1.5297293100504907, 0.2699490662139216, 1.553830617219093, 0.8803046789989061)
[5, 7, 9, 3, 3, 9, 8, 7, 2, 8, 6, 1, 1, 2, 7, 5, 9, 5, 2, 4, 7, 3, 9, 6, 2, 9, 4, 8, 1, 9, 5, 7, 2, 4, 4, 6, 7, 1, 4, 4, 5, 9, 8, 3, 4, 6, 10, 3, 3, 9, 6, 9, 9, 7, 10, 8, 8, 10, 1, 10, 8, 4, 6, 3, 9, 2, 2, 3, 3, 5, 3, 3, 8, 4]
(1.531467553898577, 0.7374701670644385, 1.506285782083755, 0.0, 1.5537032518534681, 1.0, 1.5242006693779275, 0.2699490662139216, 1.546082694381359, 0.8803046789989061)
[5, 7, 9, 3, 3, 9, 8, 7, 2, 8, 6, 1, 1, 2, 7, 5, 9, 5, 2, 4, 7, 3, 9, 6, 2, 9, 4, 8, 1, 9, 5, 7, 2, 4, 4, 6, 7, 1, 4, 4, 5, 9, 8, 3, 4, 6, 10, 3, 3, 9, 6, 9, 9, 7, 10, 8, 8, 10, 1, 10, 8, 4, 6, 3, 9, 2, 2, 3, 3, 5, 3, 3, 8, 4]
(1.531467553898577, 0.7374701670644385, 1.506285782083755, 0.0, 1.5537032518534681, 1.0, 1.5242006693779275, 0.2699490662139216, 1.546082694381359, 0.8803046789989061)
[5, 7, 9, 3, 3, 9, 8, 7, 2, 8, 6, 1, 1, 2, 7, 5, 8, 5, 2, 1, 7, 3, 9, 6, 2, 9, 4, 8, 1, 9, 5, 7, 2, 4, 4, 6, 7, 1, 4, 4, 5, 9, 8, 3, 4, 6, 10, 3, 3, 9, 6, 9, 9, 7, 10, 8, 8, 10, 1, 10, 8, 4, 6, 3, 9, 2, 2, 3, 3, 5, 3, 3, 10, 5]
(1.5464569522439267, 0.7374701670644385, 1.515068032145386, 0.0, 1.5446859787403366, 1.0, 1.5297293100504907, 0.2699490662139216, 1.553830617219093, 0.8803046789989061)
[5, 7, 9, 3, 3, 9, 8, 7, 2, 8, 6, 1, 1, 2, 7, 5, 9, 5, 2, 4, 7, 3, 9, 6, 2, 9, 4, 8, 1, 9, 5, 7, 2, 4, 4, 6, 7, 1, 4, 4, 5, 9, 8, 3, 4, 6, 10, 3, 3, 9, 6, 9, 9, 7, 10, 8, 8, 10, 1, 10, 8, 4, 6, 3, 9, 2, 2, 3, 3, 5, 3, 3, 8, 4]
(1.531467553898577, 0.7374701670644385, 1.506285782083755, 0.0, 1.5537032518534681, 1.0, 1.5242006693779275, 0.2699490662139216, 1.546082694381359, 0.8803046789989061)
[5, 1, 9, 3, 3, 9, 8, 7, 2, 8, 6, 1, 1, 2, 7, 5, 8, 5, 2, 1, 7, 3, 9, 6, 2, 9, 4, 8, 1, 9, 5, 7, 2, 4, 4, 6, 7, 1, 4, 4, 5, 9, 8, 3, 4, 6, 10, 3, 3, 9, 6, 9, 9, 7, 10, 8, 8, 10, 1, 10, 8, 4, 6, 3, 9, 2, 2, 3, 3, 5, 3, 3, 10, 5]
(1.5441129177062536, 0.7374701670644385, 1.5228288518636275, 0.0, 1.5474429389088176, 1.0, 1.5382997398822336, 0.2699490662139216, 1.554013065993669, 0.8803046789989061)
[5, 7, 9, 3, 3, 9, 8, 7, 2, 8, 6, 1, 1, 2, 7, 5, 9, 5, 2, 4, 7, 3, 9, 6, 2, 9, 4, 8, 1, 9, 5, 7, 2, 4, 4, 6, 7, 1, 4, 4, 5, 9, 8, 3, 4, 6, 10, 3, 3, 9, 6, 9, 9, 7, 10, 8, 8, 10, 1, 10, 8, 4, 6, 3, 9, 2, 2, 3, 3, 5, 3, 3, 8, 4]
(1.531467553898577, 0.7374701670644385, 1.506285782083755, 0.0, 1.5537032518534681, 1.0, 1.5242006693779275, 0.2699490662139216, 1.546082694381359, 0.8803046789989061)
[5, 7, 9, 3, 3, 9, 8, 7, 2, 8, 6, 1, 1, 2, 7, 5, 8, 5, 2, 1, 7, 3, 9, 6, 2, 9, 4, 8, 1, 9, 5, 7, 2, 4, 4, 6, 7, 1, 4, 4, 5, 9, 8, 3, 4, 6, 10, 3, 3, 9, 6, 9, 9, 7, 10, 8, 8, 10, 1, 10, 8, 4, 6, 3, 9, 2, 2, 3, 3, 5, 3, 3, 10, 5]
(1.5464569522439267, 0.7374701670644385, 1.515068032145386, 0.0, 1.5446859787403366, 1.0, 1.5297293100504907, 0.2699490662139216, 1.553830617219093, 0.8803046789989061)
[5, 7, 9, 3, 3, 9, 8, 7, 2, 8, 6, 1, 1, 2, 7, 5, 9, 5, 2, 4, 7, 3, 9, 6, 2, 9, 4, 8, 1, 9, 5, 7, 2, 4, 4, 6, 7, 1, 4, 4, 5, 9, 8, 3, 4, 6, 10, 3, 3, 9, 6, 9, 9, 7, 10, 8, 8, 10, 1, 10, 8, 4, 6, 3, 9, 2, 2, 3, 3, 5, 3, 3, 8, 4]
(1.531467553898577, 0.7374701670644385, 1.506285782083755, 0.0, 1.5537032518534681, 1.0, 1.5242006693779275, 0.2699490662139216, 1.546082694381359, 0.8803046789989061)
[5, 7, 9, 3, 3, 9, 8, 1, 2, 8, 6, 1, 1, 2, 7, 5, 8, 5, 2, 1, 7, 3, 9, 6, 2, 9, 4, 8, 1, 9, 5, 7, 2, 4, 4, 6, 7, 1, 4, 4, 5, 9, 8, 3, 4, 6, 10, 3, 3, 9, 6, 9, 9, 4, 10, 8, 8, 10, 1, 10, 8, 4, 6, 3, 9, 2, 2, 3, 3, 5, 3, 3, 10, 4]
(1.5332604465632471, 0.7374701670644385, 1.5221200350670863, 0.0, 1.5429640501736432, 1.0, 1.5255891424416348, 0.2699490662139216, 1.5296330907939717, 0.8803046789989061)
[5, 7, 9, 3, 3, 9, 8, 7, 2, 8, 6, 1, 1, 2, 7, 5, 9, 5, 2, 4, 7, 3, 9, 6, 2, 9, 4, 8, 1, 9, 5, 7, 2, 4, 4, 6, 7, 1, 4, 4, 5, 9, 8, 3, 4, 6, 10, 3, 3, 9, 6, 9, 9, 7, 10, 8, 8, 10, 1, 10, 8, 4, 6, 3, 9, 2, 2, 3, 3, 5, 3, 3, 8, 4]
(1.531467553898577, 0.7374701670644385, 1.506285782083755, 0.0, 1.5537032518534681, 1.0, 1.5242006693779275, 0.2699490662139216, 1.546082694381359, 0.8803046789989061)
[5, 7, 9, 3, 3, 9, 8, 7, 2, 8, 6, 1, 1, 2, 7, 5, 8, 5, 2, 1, 7, 3, 9, 6, 2, 9, 4, 8, 1, 9, 5, 7, 2, 4, 4, 6, 7, 1, 4, 4, 5, 9, 8, 3, 4, 6, 10, 3, 3, 9, 6, 9, 9, 7, 10, 8, 8, 10, 1, 10, 8, 4, 6, 3, 9, 2, 2, 3, 3, 5, 3, 3, 10, 5]
(1.5464569522439267, 0.7374701670644385, 1.515068032145386, 0.0, 1.5446859787403366, 1.0, 1.5297293100504907, 0.2699490662139216, 1.553830617219093, 0.8803046789989061)
[5, 7, 9, 3, 3, 9, 8, 7, 2, 8, 6, 1, 1, 2, 7, 5, 9, 5, 2, 4, 7, 3, 9, 6, 2, 9, 4, 8, 1, 9, 5, 7, 2, 4, 4, 6, 7, 1, 4, 4, 5, 9, 8, 3, 4, 6, 10, 3, 3, 9, 6, 9, 9, 7, 10, 8, 8, 10, 1, 10, 8, 4, 6, 3, 9, 2, 2, 3, 3, 5, 3, 3, 8, 4]
(1.531467553898577, 0.7374701670644385, 1.506285782083755, 0.0, 1.5537032518534681, 1.0, 1.5242006693779275, 0.2699490662139216, 1.546082694381359, 0.8803046789989061)
[5, 7, 9, 3, 3, 9, 8, 7, 2, 8, 6, 1, 1, 2, 7, 5, 9, 5, 2, 4, 7, 3, 9, 6, 2, 9, 4, 8, 1, 9, 5, 7, 2, 4, 4, 6, 7, 1, 4, 4, 5, 9, 8, 3, 4, 6, 10, 3, 3, 9, 6, 9, 9, 7, 10, 8, 8, 10, 1, 10, 8, 4, 6, 3, 9, 2, 2, 3, 3, 5, 3, 3, 8, 4]
(1.531467553898577, 0.7374701670644385, 1.506285782083755, 0.0, 1.5537032518534681, 1.0, 1.5242006693779275, 0.2699490662139216, 1.546082694381359, 0.8803046789989061)
[5, 7, 9, 3, 3, 9, 8, 5, 2, 8, 6, 1, 1, 2, 7, 5, 8, 5, 2, 4, 3, 3, 9, 6, 2, 8, 4, 8, 1, 9, 5, 7, 2, 4, 4, 6, 6, 1, 4, 4, 5, 9, 8, 3, 4, 6, 10, 3, 3, 9, 6, 9, 9, 7, 10, 8, 8, 10, 1, 10, 8, 4, 1, 3, 5, 8, 2, 3, 3, 5, 3, 3, 10, 5]
(1.5419685484467776, 0.7374701670644385, 1.5355073772369654, 0.0, 1.5514509909598853, 1.0, 1.5315008972584043, 0.2699490662139216, 1.5593003540484918, 0.8803046789989061)
[5, 7, 9, 3, 3, 9, 8, 7, 2, 8, 6, 1, 1, 2, 7, 5, 9, 5, 2, 4, 7, 3, 9, 6, 2, 9, 4, 8, 1, 9, 5, 7, 2, 4, 4, 6, 7, 1, 4, 4, 5, 9, 8, 3, 4, 6, 10, 3, 3, 9, 6, 9, 9, 7, 10, 8, 8, 10, 1, 10, 8, 4, 6, 3, 9, 2, 2, 3, 3, 5, 3, 3, 8, 4]
(1.531467553898577, 0.7374701670644385, 1.506285782083755, 0.0, 1.5537032518534681, 1.0, 1.5242006693779275, 0.2699490662139216, 1.546082694381359, 0.8803046789989061)
[5, 7, 9, 3, 3, 9, 8, 7, 2, 8, 6, 1, 1, 2, 7, 5, 9, 5, 2, 4, 7, 3, 9, 6, 2, 9, 4, 8, 1, 9, 5, 7, 2, 4, 4, 6, 7, 1, 4, 4, 5, 9, 8, 3, 4, 6, 10, 3, 3, 9, 6, 9, 9, 7, 10, 8, 8, 10, 1, 10, 8, 4, 6, 3, 9, 2, 2, 3, 3, 5, 3, 3, 8, 4]
(1.531467553898577, 0.7374701670644385, 1.506285782083755, 0.0, 1.5537032518534681, 1.0, 1.5242006693779275, 0.2699490662139216, 1.546082694381359, 0.8803046789989061)
[5, 8, 9, 3, 3, 9, 8, 5, 2, 8, 6, 1, 1, 2, 7, 5, 8, 5, 2, 4, 2, 4, 9, 5, 2, 9, 9, 8, 1, 9, 5, 7, 2, 4, 4, 6, 7, 1, 4, 4, 5, 9, 8, 3, 4, 6, 10, 3, 3, 9, 6, 9, 9, 7, 10, 8, 8, 10, 1, 10, 8, 4, 6, 3, 9, 2, 2, 3, 3, 5, 3, 3, 10, 5]
(1.5559220583735727, 0.7374701670644385, 1.5280458314715657, 0.0, 1.5645341856031436, 1.0, 1.5292745038865843, 0.3019943019943018, 1.5478911773114228, 0.8803046789989061)
[5, 7, 9, 3, 3, 9, 5, 7, 2, 8, 6, 1, 1, 2, 7, 5, 8, 5, 2, 4, 7, 4, 9, 6, 2, 1, 8, 8, 1, 9, 5, 7, 2, 4, 4, 6, 6, 1, 4, 4, 5, 9, 8, 3, 4, 6, 10, 3, 3, 9, 6, 9, 9, 7, 10, 8, 8, 10, 1, 2, 8, 4, 6, 3, 9, 2, 2, 3, 3, 5, 3, 3, 10, 5]
(1.535085299387458, 0.7374701670644385, 1.5388604055343902, 0.1800274851122309, 1.5374142368136674, 1.0, 1.5444222538917096, 0.20476497102382488, 1.56863293990481, 0.8803046789989061)
[5, 7, 9, 3, 3, 9, 5, 7, 2, 8, 6, 1, 1, 2, 7, 5, 8, 5, 2, 4, 7, 4, 9, 6, 2, 1, 8, 8, 1, 9, 5, 7, 2, 4, 4, 6, 6, 1, 4, 4, 5, 9, 8, 3, 4, 6, 10, 3, 3, 9, 6, 9, 9, 7, 10, 8, 8, 10, 1, 2, 8, 4, 6, 3, 9, 2, 2, 3, 3, 5, 3, 3, 10, 5]
(1.535085299387458, 0.7374701670644385, 1.5388604055343902, 0.1800274851122309, 1.5374142368136674, 1.0, 1.5444222538917096, 0.20476497102382488, 1.56863293990481, 0.8803046789989061)
[5, 7, 9, 3, 3, 9, 5, 7, 2, 8, 6, 1, 1, 2, 7, 5, 8, 5, 2, 4, 7, 4, 9, 6, 2, 1, 8, 8, 1, 9, 5, 7, 2, 4, 4, 6, 6, 1, 4, 4, 5, 9, 8, 3, 4, 6, 10, 3, 3, 9, 6, 9, 9, 7, 10, 8, 8, 10, 1, 2, 8, 4, 6, 3, 9, 2, 2, 3, 3, 5, 3, 3, 10, 5]
(1.535085299387458, 0.7374701670644385, 1.5388604055343902, 0.1800274851122309, 1.5374142368136674, 1.0, 1.5444222538917096, 0.20476497102382488, 1.56863293990481, 0.8803046789989061)
[5, 7, 9, 3, 3, 9, 5, 7, 2, 8, 6, 1, 1, 2, 7, 5, 8, 5, 2, 4, 7, 4, 9, 6, 2, 1, 8, 8, 1, 9, 5, 7, 2, 4, 4, 6, 6, 1, 4, 4, 5, 9, 8, 3, 4, 6, 10, 3, 3, 9, 6, 9, 9, 7, 10, 8, 8, 10, 1, 2, 8, 4, 6, 3, 9, 2, 2, 3, 3, 5, 3, 3, 10, 5]
(1.535085299387458, 0.7374701670644385, 1.5388604055343902, 0.1800274851122309, 1.5374142368136674, 1.0, 1.5444222538917096, 0.20476497102382488, 1.56863293990481, 0.8803046789989061)
[5, 7, 9, 3, 3, 9, 8, 7, 2, 8, 6, 1, 1, 2, 7, 5, 8, 5, 2, 1, 7, 3, 9, 6, 2, 9, 4, 8, 1, 9, 5, 7, 2, 4, 4, 6, 7, 1, 4, 4, 5, 9, 8, 3, 4, 6, 10, 3, 3, 9, 6, 9, 9, 7, 10, 8, 8, 10, 1, 10, 8, 4, 6, 3, 5, 8, 2, 3, 3, 5, 3, 3, 10, 4]
(1.5141105007379099, 0.7374701670644385, 1.5378737360982926, 0.1800274851122309, 1.5511375924198647, 1.0, 1.5576697775720374, 0.20476497102382488, 1.5701763728259817, 0.8803046789989061)
[5, 7, 9, 3, 3, 9, 5, 7, 2, 8, 6, 1, 1, 2, 7, 5, 8, 5, 2, 4, 7, 4, 9, 6, 2, 1, 8, 8, 1, 9, 5, 7, 2, 4, 4, 6, 6, 1, 4, 4, 5, 9, 8, 3, 4, 6, 10, 3, 3, 9, 6, 9, 9, 7, 10, 8, 8, 10, 1, 2, 8, 4, 6, 3, 9, 2, 2, 3, 3, 5, 3, 3, 10, 5]
(1.535085299387458, 0.7374701670644385, 1.5388604055343902, 0.1800274851122309, 1.5374142368136674, 1.0, 1.5444222538917096, 0.20476497102382488, 1.56863293990481, 0.8803046789989061)
[5, 7, 9, 3, 3, 9, 6, 7, 2, 8, 6, 1, 1, 2, 7, 5, 8, 5, 2, 1, 7, 3, 9, 6, 2, 9, 1, 8, 1, 9, 5, 7, 2, 4, 4, 6, 7, 1, 9, 4, 5, 9, 8, 3, 10, 6, 10, 3, 3, 9, 6, 9, 9, 7, 10, 8, 8, 10, 1, 10, 8, 4, 6, 3, 9, 2, 2, 3, 3, 5, 3, 3, 10, 4]
(1.5276349287478959, 0.7374701670644385, 1.5181934266536279, 0.4212218649517685, 1.5614427793769852, 1.0, 1.5256891992687023, 0.0, 1.5407244357465546, 0.8803046789989061)
[5, 7, 9, 3, 3, 9, 8, 5, 9, 8, 6, 1, 1, 2, 7, 5, 8, 5, 2, 4, 3, 3, 9, 6, 2, 9, 4, 8, 1, 9, 5, 7, 2, 4, 4, 6, 6, 3, 4, 3, 5, 9, 8, 3, 4, 6, 10, 3, 3, 9, 6, 9, 9, 7, 10, 8, 8, 10, 1, 10, 8, 4, 1, 7, 10, 8, 2, 3, 3, 5, 3, 3, 10, 5]
(1.5504201560466315, 0.7374701670644385, 1.5530758751182583, 0.20331091567511628, 1.5463397771863967, 1.0, 1.5341138987242013, 0.3019943019943018, 1.561891361102344, 0.8803046789989061)
[5, 7, 9, 3, 3, 9, 8, 7, 2, 8, 6, 1, 1, 2, 1, 5, 9, 5, 2, 4, 7, 3, 8, 7, 2, 9, 4, 8, 1, 9, 4, 7, 2, 4, 4, 6, 7, 1, 4, 4, 5, 9, 8, 3, 4, 6, 7, 3, 3, 9, 6, 9, 9, 7, 10, 8, 8, 10, 1, 9, 8, 4, 6, 3, 6, 2, 2, 3, 3, 5, 3, 3, 10, 5]
(1.5268456149100111, 0.7374701670644385, 1.5158165722339212, 0.33220625528317776, 1.538464026152971, 1.0, 1.5325189512966912, 0.2226890756302521, 1.5512815603612684, 0.8803046789989061)
[5, 7, 9, 3, 3, 9, 8, 5, 9, 8, 6, 1, 1, 2, 7, 5, 8, 5, 2, 4, 3, 3, 9, 6, 2, 8, 4, 8, 1, 7, 5, 7, 2, 2, 4, 6, 6, 3, 4, 3, 5, 9, 8, 3, 4, 6, 10, 3, 3, 9, 6, 9, 9, 7, 10, 8, 8, 10, 1, 10, 8, 4, 1, 3, 10, 8, 2, 3, 3, 5, 3, 3, 10, 5]
(1.5387503208218847, 0.7374701670644385, 1.5455084126441512, 0.0, 1.5468398261069085, 1.0, 1.5217808649687814, 0.575045207956601, 1.5525728015600462, 0.8803046789989061)
[5, 7, 9, 3, 3, 9, 8, 5, 9, 8, 6, 1, 1, 2, 7, 5, 8, 5, 2, 4, 3, 3, 9, 6, 2, 8, 4, 8, 1, 7, 5, 7, 2, 2, 4, 6, 6, 3, 4, 3, 5, 9, 8, 3, 4, 6, 10, 3, 3, 9, 6, 9, 9, 7, 10, 8, 8, 10, 1, 10, 8, 4, 1, 3, 10, 8, 2, 3, 3, 5, 3, 3, 10, 5]
(1.5387503208218847, 0.7374701670644385, 1.5455084126441512, 0.0, 1.5468398261069085, 1.0, 1.5217808649687814, 0.575045207956601, 1.5525728015600462, 0.8803046789989061)
[5, 7, 9, 3, 3, 9, 8, 5, 9, 8, 6, 1, 1, 2, 7, 5, 8, 5, 2, 4, 3, 3, 9, 6, 2, 8, 4, 8, 1, 7, 5, 7, 2, 2, 4, 6, 6, 3, 4, 3, 5, 9, 8, 3, 4, 6, 10, 3, 3, 9, 6, 9, 9, 7, 10, 8, 8, 10, 1, 10, 8, 4, 1, 3, 10, 8, 2, 3, 3, 5, 3, 3, 10, 5]
(1.5387503208218847, 0.7374701670644385, 1.5455084126441512, 0.0, 1.5468398261069085, 1.0, 1.5217808649687814, 0.575045207956601, 1.5525728015600462, 0.8803046789989061)
[5, 7, 9, 3, 3, 9, 8, 5, 9, 8, 6, 1, 1, 2, 7, 5, 8, 5, 2, 4, 3, 3, 9, 6, 2, 8, 4, 8, 1, 7, 5, 7, 2, 2, 4, 6, 6, 3, 4, 3, 5, 9, 8, 3, 4, 6, 10, 3, 3, 9, 6, 9, 9, 7, 10, 8, 8, 10, 1, 10, 8, 4, 1, 3, 10, 8, 2, 3, 3, 5, 3, 3, 10, 5]
(1.5387503208218847, 0.7374701670644385, 1.5455084126441512, 0.0, 1.5468398261069085, 1.0, 1.5217808649687814, 0.575045207956601, 1.5525728015600462, 0.8803046789989061)
[5, 7, 9, 3, 3, 9, 10, 5, 4, 8, 6, 1, 1, 2, 7, 5, 8, 5, 2, 4, 7, 3, 9, 6, 2, 9, 9, 8, 1, 9, 5, 7, 2, 4, 4, 6, 7, 1, 4, 4, 5, 9, 8, 3, 4, 6, 10, 3, 3, 9, 6, 9, 9, 7, 10, 8, 8, 10, 1, 10, 8, 6, 6, 3, 9, 2, 2, 3, 3, 5, 3, 3, 10, 4]
(1.517542071640376, 0.7374701670644385, 1.526997835561518, 0.4212218649517685, 1.5575777310876864, 1.0, 1.532333146333579, 0.2699490662139216, 1.560732698589446, 0.8803046789989061)
[5, 7, 9, 3, 3, 9, 10, 5, 4, 8, 6, 1, 1, 2, 7, 5, 8, 5, 2, 4, 7, 3, 9, 6, 2, 9, 9, 8, 1, 9, 5, 7, 2, 4, 4, 6, 7, 1, 4, 4, 5, 9, 8, 3, 4, 6, 10, 3, 3, 9, 6, 9, 9, 7, 10, 8, 8, 10, 1, 10, 8, 6, 6, 3, 9, 2, 2, 3, 3, 5, 3, 3, 10, 4]
(1.517542071640376, 0.7374701670644385, 1.526997835561518, 0.4212218649517685, 1.5575777310876864, 1.0, 1.532333146333579, 0.2699490662139216, 1.560732698589446, 0.8803046789989061)
[5, 7, 9, 3, 3, 9, 10, 5, 4, 8, 6, 1, 1, 2, 7, 5, 8, 5, 2, 4, 7, 3, 9, 6, 2, 9, 9, 8, 1, 9, 5, 7, 2, 4, 4, 6, 7, 1, 4, 4, 5, 9, 8, 3, 4, 6, 10, 3, 3, 9, 6, 9, 9, 7, 10, 8, 8, 10, 1, 10, 8, 6, 6, 3, 9, 2, 2, 3, 3, 5, 3, 3, 10, 4]
(1.517542071640376, 0.7374701670644385, 1.526997835561518, 0.4212218649517685, 1.5575777310876864, 1.0, 1.532333146333579, 0.2699490662139216, 1.560732698589446, 0.8803046789989061)
