Matsuoka quadruped, body parameters:[2, 7, 10, 9, 6, 4, 10, 3, 8, 5, 4, 9, 6, 9, 9, 5, 10, 10, 6, 5, 6, 9, 2, 1, 9, 3, 4, 4, 2, 1, 4, 10, 5, 3, 8, 2, 10]
{'b': 0.08000000000000002, 'gam': 0.04000000000000001, 'x0': 0.3, 'c': 4.5, 'a': 0.2}
Inter-module:
[[ 0.  -1.8  0.  -1.  -0.2  0. ]
 [-0.4  0.  -1.  -0.2 -1.2 -0.4]
 [ 0.  -1.2  0.   0.  -0.4 -1. ]
 [-1.  -0.2  0.   0.  -1.8  0. ]
 [-0.2 -1.2 -0.4 -0.4  0.  -1. ]
 [ 0.  -0.4 -1.   0.  -1.2  0. ]]
Intra-module:
[[ 0.  -1.4  0.2]
 [-0.4  0.   1.8]
 [ 0.6 -1.4  0. ]]
Bias:[1.9 1.4 1.5]
Drive coeff:[ 0.5 -0.5  0.9]
Base period:0.7949999999999999
gen	evals	std                               	min       	avg                               	max                               
0  	92   	[0.         0.02544745 0.10832297]	[0. 0. 0.]	[0.         0.00266762 0.01584994]	[0.         0.24542078 0.99813767]
1  	92   	[0.02202842 0.02544745 0.10832297]	[0. 0. 0.]	[0.00230921 0.00266762 0.01584994]	[0.21244692 0.24542078 0.99813767]
2  	92   	[0.10626294 0.02544745 0.14944159]	[0. 0. 0.]	[0.01479386 0.00266762 0.02861419]	[0.99513885 0.24542078 0.99813767]
3  	92   	[0.10746111 0.03978194 0.15265481]	[0. 0. 0.]	[0.0166418  0.00728083 0.0353465 ]	[0.99513885 0.24542078 0.99813767]
4  	92   	[0.13938902 0.08446851 0.17578612]	[0. 0. 0.]	[0.02729715 0.01517244 0.048977  ]	[0.99513885 0.7260274  0.99813767]
5  	92   	[0.13938902 0.11208346 0.17744989]	[0. 0. 0.]	[0.02729715 0.02306404 0.05393381]	[0.99513885 0.7260274  0.99813767]
6  	92   	[0.16529612 0.1439495  0.2236627 ]	[0. 0. 0.]	[0.03911064 0.03753827 0.09052393]	[0.99513885 0.84126984 0.99813767]
7  	92   	[0.17189107 0.15245003 0.2580647 ]	[0. 0. 0.]	[0.05363934 0.05262201 0.13523178]	[0.99513885 0.84126984 0.99813767]
8  	92   	[0.19861499 0.17605856 0.29914968]	[0. 0. 0.]	[0.07282563 0.07368972 0.22933066]	[0.99513885 0.84126984 0.99813767]
9  	92   	[0.25994417 0.22949565 0.32421936]	[0. 0. 0.]	[0.1317292  0.12191027 0.31335981]	[0.99513885 0.84126984 0.99813767]
10 	92   	[0.30717165 0.29924461 0.38879961]	[0. 0. 0.]	[0.1902243  0.22428992 0.40134228]	[0.99513885 0.84126984 0.99813767]
11 	92   	[0.36795139 0.35211514 0.42268542]	[0. 0. 0.]	[0.27660714 0.31083792 0.52873087]	[0.99513885 1.         0.99813767]
12 	92   	[0.40763446 0.37578364 0.41200241]	[0. 0. 0.]	[0.3506805  0.41347054 0.67348166]	[0.99513885 1.         0.99813767]
13 	92   	[0.43813898 0.40001749 0.34340778]	[0. 0. 0.]	[0.41203658 0.44235855 0.80581022]	[0.99513885 1.         0.99813767]
14 	92   	[0.43412424 0.3320488  0.35086353]	[0. 0. 0.]	[0.52083899 0.63233301 0.76995354]	[0.99513885 1.         0.99813767]
15 	92   	[0.43626801 0.29477344 0.26403356]	[0. 0. 0.]	[0.62318189 0.69562329 0.87702786]	[0.99513885 1.         0.99813767]
16 	92   	[0.4168228  0.24832305 0.29133342]	[0. 0. 0.]	[0.64944251 0.74902573 0.86400732]	[0.99513885 1.         0.99813767]
17 	92   	[0.38848055 0.26202043 0.25164602]	[0. 0. 0.]	[0.71059645 0.75007343 0.89261096]	[0.99513885 1.         0.99813767]
18 	92   	[0.27957191 0.29510779 0.25091649]	[0. 0. 0.]	[0.83088614 0.72812395 0.89033279]	[0.99513885 1.         0.99813767]
19 	92   	[0.25079113 0.26551887 0.25821666]	[0. 0. 0.]	[0.86535064 0.76591945 0.89434198]	[0.99513885 1.         0.99813767]
20 	92   	[0.281837   0.08938614 0.25732114]	[0.         0.63855422 0.        ]	[0.85397931 0.84489875 0.89138562]	[0.99513885 1.         0.99813767]
21 	92   	[0.31540766 0.08577863 0.27520598]	[0.         0.63855422 0.        ]	[0.82253332 0.86747523 0.88700046]	[0.99513885 1.         0.99813767]
22 	92   	[0.23109306 0.07683584 0.29034803]	[0.        0.7260274 0.       ]   	[0.8842026  0.8746892  0.87836222]	[0.99513885 1.         0.99813767]
23 	92   	[0.23482466 0.0797031  0.17507375]	[0.        0.7260274 0.       ]   	[0.88778173 0.87986519 0.94288861]	[0.99513885 1.         0.99813767]
24 	92   	[0.28950228 0.07560008 0.10461229]	[0.         0.84126984 0.        ]	[0.85808195 0.89648033 0.96695597]	[0.99513885 1.         0.99813767]
25 	92   	[0.0806848  0.07227868 0.1752593 ]	[0.48399681 0.84126984 0.        ]	[0.94987659 0.88785369 0.94410013]	[0.99513885 1.         0.99813767]
26 	92   	[0.06522941 0.07374641 0.02640576]	[0.68704115 0.84126984 0.9440738 ]	[0.95268418 0.89130435 0.9754909 ]	[0.99513885 1.         0.99813767]
27 	92   	[0.06164897 0.11427598 0.02535761]	[0.68704115 0.         0.9440738 ]	[0.9611639  0.87180814 0.97962257]	[0.99513885 1.         0.99813767]
28 	92   	[0.05830376 0.07061208 0.02493206]	[0.68704115 0.84126984 0.9440738 ]	[0.9669103  0.88440304 0.98079787]	[0.99513885 1.         0.99813767]
29 	92   	[0.05430296 0.07061208 0.02525815]	[0.68704115 0.84126984 0.9440738 ]	[0.97257676 0.88440304 0.979695  ]	[0.99513885 1.         0.99813767]
30 	92   	[0.04653842 0.06425543 0.0231634 ]	[0.86572924 0.84126984 0.9440738 ]	[0.97459895 0.87405107 0.98437809]	[0.99513885 1.         0.99813767]
31 	92   	[0.04389726 0.06296856 0.0188208 ]	[0.86572924 0.84126984 0.94573968]	[0.97733228 0.87232574 0.99016407]	[0.99513885 1.         0.99813767]
32 	92   	[0.03925136 0.06547159 0.01764666]	[0.86572924 0.84126984 0.94573968]	[0.98143226 0.8757764  0.99130315]	[0.99513885 1.         0.99813767]
33 	92   	[0.02867275 0.06969983 0.01389266]	[0.86572924 0.84126984 0.94573968]	[0.98826557 0.88267771 0.99415087]	[0.99513885 1.         0.99813767]
34 	92   	[0.01303712 0.07227868 0.01476425]	[0.86940596 0.84126984 0.94573968]	[0.99377218 0.88785369 0.99358133]	[0.99513885 1.         0.99813767]
35 	92   	[0.02233144 0.07929003 0.022689  ]	[0.86940596 0.84126984 0.94573968]	[0.99103886 0.92408558 0.98503818]	[0.99513885 1.         0.99813767]
36 	92   	[0.02564085 0.07929003 0.02078638]	[0.86940596 0.84126984 0.94573968]	[0.9896722  0.92408558 0.98788589]	[0.99513885 1.         0.99813767]
37 	92   	[0.03333647 0.07919612 0.01986066]	[0.86940596 0.84126984 0.94573968]	[0.98557221 0.9258109  0.98902498]	[0.99513885 1.         0.99813767]
38 	92   	[0.04079434 0.07868705 0.01825207]	[0.86940596 0.84126984 0.94573968]	[0.98010557 0.93098689 0.99073361]	[0.99513885 1.         0.99813767]
39 	92   	[0.05894101 0.07502697 0.00764123]	[0.86940596 0.84126984 0.94573968]	[0.95413899 0.94651484 0.99699859]	[0.99513885 1.         0.99813767]
40 	92   	[5.94301513e-02 7.50269665e-02 1.33226763e-15]	[0.86940596 0.84126984 0.99813767]	[0.95277233 0.94651484 0.99813767]	[0.99513885 1.         0.99813767]
41 	92   	[0.05894101 0.07502697 0.00560583]            	[0.86940596 0.84126984 0.9440738 ]	[0.95413899 0.94651484 0.99755002]	[0.99513885 1.         0.99813767]
42 	92   	[0.05943015 0.07440945 0.00560583]            	[0.86940596 0.84126984 0.9440738 ]	[0.95277233 0.94824017 0.99755002]	[0.99513885 1.         0.99813767]
43 	92   	[5.89410060e-02 7.44094501e-02 1.33226763e-15]	[0.86940596 0.84126984 0.99813767]	[0.95413899 0.94824017 0.99813767]	[0.99513885 1.         0.99813767]
44 	92   	[5.78535582e-02 7.30366131e-02 1.33226763e-15]	[0.86940596 0.84126984 0.99813767]	[0.95687231 0.95169082 0.99813767]	[0.99513885 1.         0.99813767]
45 	92   	[5.66134620e-02 7.14710669e-02 1.33226763e-15]	[0.86940596 0.84126984 0.99813767]	[0.95960564 0.95514148 0.99813767]	[0.99513885 1.         0.99813767]
46 	92   	[5.52104325e-02 7.06120840e-02 1.33226763e-15]	[0.86940596 0.84126984 0.99813767]	[0.96233896 0.9568668  0.99813767]	[0.99513885 1.         0.99813767]
47 	92   	[5.44439386e-02 6.87321749e-02 1.33226763e-15]	[0.86940596 0.84126984 0.99813767]	[0.96370562 0.96031746 0.99813767]	[0.99513885 1.         0.99813767]
48 	92   	[5.36316838e-02 6.77067525e-02 1.33226763e-15]	[0.86940596 0.84126984 0.99813767]	[0.96507229 0.96204279 0.99813767]	[0.99513885 1.         0.99813767]
49 	92   	[5.36316838e-02 6.77067525e-02 1.33226763e-15]	[0.86940596 0.84126984 0.99813767]	[0.96507229 0.96204279 0.99813767]	[0.99513885 1.         0.99813767]
50 	92   	[5.36316838e-02 6.66208923e-02 1.33226763e-15]	[0.86940596 0.84126984 0.99813767]	[0.96507229 0.96376812 0.99813767]	[0.99513885 1.         0.99813767]
51 	92   	[5.18611709e-02 6.42554329e-02 1.33226763e-15]	[0.86940596 0.84126984 0.99813767]	[0.96780561 0.96721877 0.99813767]	[0.99513885 1.         0.99813767]
52 	92   	[4.98784770e-02 6.29685562e-02 1.33226763e-15]	[0.86940596 0.84126984 0.99813767]	[0.97053893 0.9689441  0.99813767]	[0.99513885 1.         0.99813767]
53 	92   	[4.87995890e-02 6.01642366e-02 1.33226763e-15]	[0.86940596 0.84126984 0.99813767]	[0.9719056  0.97239476 0.99813767]	[0.99513885 1.         0.99813767]
54 	92   	[4.76571272e-02 6.01642366e-02 1.33226763e-15]	[0.86940596 0.84126984 0.99813767]	[0.97327226 0.97239476 0.99813767]	[0.99513885 1.         0.99813767]
55 	92   	[4.76571272e-02 6.01642366e-02 1.33226763e-15]	[0.86940596 0.84126984 0.99813767]	[0.97327226 0.97239476 0.99813767]	[0.99513885 1.         0.99813767]
56 	92   	[4.76571272e-02 6.01642366e-02 1.33226763e-15]	[0.86940596 0.84126984 0.99813767]	[0.97327226 0.97239476 0.99813767]	[0.99513885 1.         0.99813767]
57 	92   	[4.76571272e-02 6.01642366e-02 1.33226763e-15]	[0.86940596 0.84126984 0.99813767]	[0.97327226 0.97239476 0.99813767]	[0.99513885 1.         0.99813767]
58 	92   	[4.76571272e-02 6.01642366e-02 1.33226763e-15]	[0.86940596 0.84126984 0.99813767]	[0.97327226 0.97239476 0.99813767]	[0.99513885 1.         0.99813767]
59 	92   	[4.76571272e-02 6.01642366e-02 1.33226763e-15]	[0.86940596 0.84126984 0.99813767]	[0.97327226 0.97239476 0.99813767]	[0.99513885 1.         0.99813767]
60 	92   	[4.51619194e-02 5.70141879e-02 1.33226763e-15]	[0.86940596 0.84126984 0.99813767]	[0.97600558 0.97584541 0.99813767]	[0.99513885 1.         0.99813767]
61 	92   	[4.37971947e-02 5.70141879e-02 1.33226763e-15]	[0.86940596 0.84126984 0.99813767]	[0.97737224 0.97584541 0.99813767]	[0.99513885 1.         0.99813767]
62 	92   	[4.37971947e-02 5.52913056e-02 1.33226763e-15]	[0.86940596 0.84126984 0.99813767]	[0.97737224 0.97757074 0.99813767]	[0.99513885 1.         0.99813767]
63 	92   	[4.23444687e-02 5.34573271e-02 1.33226763e-15]	[0.86940596 0.84126984 0.99813767]	[0.9787389  0.97929607 0.99813767]	[0.99513885 1.         0.99813767]
64 	92   	[4.07943412e-02 5.15003849e-02 1.33226763e-15]	[0.86940596 0.84126984 0.99813767]	[0.98010557 0.98102139 0.99813767]	[0.99513885 1.         0.99813767]
65 	92   	[3.91352397e-02 5.15003849e-02 1.33226763e-15]	[0.86940596 0.84126984 0.99813767]	[0.98147223 0.98102139 0.99813767]	[0.99513885 1.         0.99813767]
66 	92   	[3.91352397e-02 4.71554533e-02 1.33226763e-15]	[0.86940596 0.84126984 0.99813767]	[0.98147223 0.98447205 0.99813767]	[0.99513885 1.         0.99813767]
67 	92   	[3.73526461e-02 4.71554533e-02 1.33226763e-15]	[0.86940596 0.84126984 0.99813767]	[0.98283889 0.98447205 0.99813767]	[0.99513885 1.         0.99813767]
68 	92   	[3.73526461e-02 4.71554533e-02 1.33226763e-15]	[0.86940596 0.84126984 0.99813767]	[0.98283889 0.98447205 0.99813767]	[0.99513885 1.         0.99813767]
69 	92   	[3.33364657e-02 4.20852689e-02 1.33226763e-15]	[0.86940596 0.84126984 0.99813767]	[0.98557221 0.98792271 0.99813767]	[0.99513885 1.         0.99813767]
70 	92   	[3.33364657e-02 4.20852689e-02 1.33226763e-15]	[0.86940596 0.84126984 0.99813767]	[0.98557221 0.98792271 0.99813767]	[0.99513885 1.         0.99813767]
71 	92   	[3.10445896e-02 3.59845646e-02 1.33226763e-15]	[0.86940596 0.84126984 0.99813767]	[0.98693888 0.99137336 0.99813767]	[0.99513885 1.         0.99813767]
72 	92   	[2.56408491e-02 2.81920887e-02 1.33226763e-15]	[0.86940596 0.84126984 0.99813767]	[0.9896722  0.99482402 0.99813767]	[0.99513885 1.         0.99813767]
73 	92   	[1.83356928e-02 1.64585784e-02 1.33226763e-15]	[0.86940596 0.84126984 0.99813767]	[0.99240552 0.99827467 0.99813767]	[0.99513885 1.         0.99813767]
74 	92   	[7.77156117e-16 0.00000000e+00 1.33226763e-15]	[0.99513885 1.         0.99813767]	[0.99513885 1.         0.99813767]	[0.99513885 1.         0.99813767]
75 	92   	[7.77156117e-16 0.00000000e+00 1.33226763e-15]	[0.99513885 1.         0.99813767]	[0.99513885 1.         0.99813767]	[0.99513885 1.         0.99813767]
76 	92   	[7.77156117e-16 0.00000000e+00 1.33226763e-15]	[0.99513885 1.         0.99813767]	[0.99513885 1.         0.99813767]	[0.99513885 1.         0.99813767]
77 	92   	[7.77156117e-16 0.00000000e+00 1.33226763e-15]	[0.99513885 1.         0.99813767]	[0.99513885 1.         0.99813767]	[0.99513885 1.         0.99813767]
78 	92   	[7.77156117e-16 0.00000000e+00 1.33226763e-15]	[0.99513885 1.         0.99813767]	[0.99513885 1.         0.99813767]	[0.99513885 1.         0.99813767]
79 	92   	[7.77156117e-16 0.00000000e+00 1.33226763e-15]	[0.99513885 1.         0.99813767]	[0.99513885 1.         0.99813767]	[0.99513885 1.         0.99813767]
80 	92   	[7.77156117e-16 0.00000000e+00 1.33226763e-15]	[0.99513885 1.         0.99813767]	[0.99513885 1.         0.99813767]	[0.99513885 1.         0.99813767]
81 	92   	[7.77156117e-16 0.00000000e+00 1.33226763e-15]	[0.99513885 1.         0.99813767]	[0.99513885 1.         0.99813767]	[0.99513885 1.         0.99813767]
82 	92   	[7.77156117e-16 0.00000000e+00 1.33226763e-15]	[0.99513885 1.         0.99813767]	[0.99513885 1.         0.99813767]	[0.99513885 1.         0.99813767]
83 	92   	[7.77156117e-16 0.00000000e+00 1.33226763e-15]	[0.99513885 1.         0.99813767]	[0.99513885 1.         0.99813767]	[0.99513885 1.         0.99813767]
84 	92   	[7.77156117e-16 0.00000000e+00 1.33226763e-15]	[0.99513885 1.         0.99813767]	[0.99513885 1.         0.99813767]	[0.99513885 1.         0.99813767]
85 	92   	[7.77156117e-16 0.00000000e+00 1.33226763e-15]	[0.99513885 1.         0.99813767]	[0.99513885 1.         0.99813767]	[0.99513885 1.         0.99813767]
86 	92   	[7.77156117e-16 0.00000000e+00 1.33226763e-15]	[0.99513885 1.         0.99813767]	[0.99513885 1.         0.99813767]	[0.99513885 1.         0.99813767]
87 	92   	[7.77156117e-16 0.00000000e+00 1.33226763e-15]	[0.99513885 1.         0.99813767]	[0.99513885 1.         0.99813767]	[0.99513885 1.         0.99813767]
88 	92   	[7.77156117e-16 0.00000000e+00 1.33226763e-15]	[0.99513885 1.         0.99813767]	[0.99513885 1.         0.99813767]	[0.99513885 1.         0.99813767]
89 	92   	[7.77156117e-16 0.00000000e+00 1.33226763e-15]	[0.99513885 1.         0.99813767]	[0.99513885 1.         0.99813767]	[0.99513885 1.         0.99813767]
90 	92   	[7.77156117e-16 0.00000000e+00 1.33226763e-15]	[0.99513885 1.         0.99813767]	[0.99513885 1.         0.99813767]	[0.99513885 1.         0.99813767]
91 	92   	[7.77156117e-16 0.00000000e+00 1.33226763e-15]	[0.99513885 1.         0.99813767]	[0.99513885 1.         0.99813767]	[0.99513885 1.         0.99813767]
92 	92   	[7.77156117e-16 0.00000000e+00 1.33226763e-15]	[0.99513885 1.         0.99813767]	[0.99513885 1.         0.99813767]	[0.99513885 1.         0.99813767]
93 	92   	[7.77156117e-16 0.00000000e+00 1.33226763e-15]	[0.99513885 1.         0.99813767]	[0.99513885 1.         0.99813767]	[0.99513885 1.         0.99813767]
94 	92   	[7.77156117e-16 0.00000000e+00 1.33226763e-15]	[0.99513885 1.         0.99813767]	[0.99513885 1.         0.99813767]	[0.99513885 1.         0.99813767]
95 	92   	[7.77156117e-16 0.00000000e+00 1.33226763e-15]	[0.99513885 1.         0.99813767]	[0.99513885 1.         0.99813767]	[0.99513885 1.         0.99813767]
96 	92   	[7.77156117e-16 0.00000000e+00 1.33226763e-15]	[0.99513885 1.         0.99813767]	[0.99513885 1.         0.99813767]	[0.99513885 1.         0.99813767]
97 	92   	[7.77156117e-16 0.00000000e+00 1.33226763e-15]	[0.99513885 1.         0.99813767]	[0.99513885 1.         0.99813767]	[0.99513885 1.         0.99813767]
98 	92   	[7.77156117e-16 0.00000000e+00 1.33226763e-15]	[0.99513885 1.         0.99813767]	[0.99513885 1.         0.99813767]	[0.99513885 1.         0.99813767]
99 	92   	[7.77156117e-16 0.00000000e+00 1.33226763e-15]	[0.99513885 1.         0.99813767]	[0.99513885 1.         0.99813767]	[0.99513885 1.         0.99813767]
100	92   	[7.77156117e-16 0.00000000e+00 1.33226763e-15]	[0.99513885 1.         0.99813767]	[0.99513885 1.         0.99813767]	[0.99513885 1.         0.99813767]
101	92   	[7.77156117e-16 0.00000000e+00 1.33226763e-15]	[0.99513885 1.         0.99813767]	[0.99513885 1.         0.99813767]	[0.99513885 1.         0.99813767]
102	92   	[7.77156117e-16 0.00000000e+00 1.33226763e-15]	[0.99513885 1.         0.99813767]	[0.99513885 1.         0.99813767]	[0.99513885 1.         0.99813767]
103	92   	[7.77156117e-16 0.00000000e+00 1.33226763e-15]	[0.99513885 1.         0.99813767]	[0.99513885 1.         0.99813767]	[0.99513885 1.         0.99813767]
104	92   	[7.77156117e-16 0.00000000e+00 1.33226763e-15]	[0.99513885 1.         0.99813767]	[0.99513885 1.         0.99813767]	[0.99513885 1.         0.99813767]
105	92   	[7.77156117e-16 0.00000000e+00 1.33226763e-15]	[0.99513885 1.         0.99813767]	[0.99513885 1.         0.99813767]	[0.99513885 1.         0.99813767]
106	92   	[7.77156117e-16 0.00000000e+00 1.33226763e-15]	[0.99513885 1.         0.99813767]	[0.99513885 1.         0.99813767]	[0.99513885 1.         0.99813767]
107	92   	[7.77156117e-16 0.00000000e+00 1.33226763e-15]	[0.99513885 1.         0.99813767]	[0.99513885 1.         0.99813767]	[0.99513885 1.         0.99813767]
108	92   	[7.77156117e-16 0.00000000e+00 1.33226763e-15]	[0.99513885 1.         0.99813767]	[0.99513885 1.         0.99813767]	[0.99513885 1.         0.99813767]
109	92   	[7.77156117e-16 0.00000000e+00 1.33226763e-15]	[0.99513885 1.         0.99813767]	[0.99513885 1.         0.99813767]	[0.99513885 1.         0.99813767]
110	92   	[7.77156117e-16 0.00000000e+00 1.33226763e-15]	[0.99513885 1.         0.99813767]	[0.99513885 1.         0.99813767]	[0.99513885 1.         0.99813767]
111	92   	[7.77156117e-16 0.00000000e+00 1.33226763e-15]	[0.99513885 1.         0.99813767]	[0.99513885 1.         0.99813767]	[0.99513885 1.         0.99813767]
112	92   	[7.77156117e-16 0.00000000e+00 1.33226763e-15]	[0.99513885 1.         0.99813767]	[0.99513885 1.         0.99813767]	[0.99513885 1.         0.99813767]
113	92   	[7.77156117e-16 0.00000000e+00 1.33226763e-15]	[0.99513885 1.         0.99813767]	[0.99513885 1.         0.99813767]	[0.99513885 1.         0.99813767]
114	92   	[7.77156117e-16 0.00000000e+00 1.33226763e-15]	[0.99513885 1.         0.99813767]	[0.99513885 1.         0.99813767]	[0.99513885 1.         0.99813767]
115	92   	[7.77156117e-16 0.00000000e+00 1.33226763e-15]	[0.99513885 1.         0.99813767]	[0.99513885 1.         0.99813767]	[0.99513885 1.         0.99813767]
116	92   	[7.77156117e-16 0.00000000e+00 1.33226763e-15]	[0.99513885 1.         0.99813767]	[0.99513885 1.         0.99813767]	[0.99513885 1.         0.99813767]
117	92   	[7.77156117e-16 0.00000000e+00 1.33226763e-15]	[0.99513885 1.         0.99813767]	[0.99513885 1.         0.99813767]	[0.99513885 1.         0.99813767]
118	92   	[7.77156117e-16 0.00000000e+00 1.33226763e-15]	[0.99513885 1.         0.99813767]	[0.99513885 1.         0.99813767]	[0.99513885 1.         0.99813767]
119	92   	[7.77156117e-16 0.00000000e+00 1.33226763e-15]	[0.99513885 1.         0.99813767]	[0.99513885 1.         0.99813767]	[0.99513885 1.         0.99813767]
120	92   	[7.77156117e-16 0.00000000e+00 1.33226763e-15]	[0.99513885 1.         0.99813767]	[0.99513885 1.         0.99813767]	[0.99513885 1.         0.99813767]
121	92   	[7.77156117e-16 0.00000000e+00 1.33226763e-15]	[0.99513885 1.         0.99813767]	[0.99513885 1.         0.99813767]	[0.99513885 1.         0.99813767]
122	92   	[7.77156117e-16 0.00000000e+00 1.33226763e-15]	[0.99513885 1.         0.99813767]	[0.99513885 1.         0.99813767]	[0.99513885 1.         0.99813767]
123	92   	[7.77156117e-16 0.00000000e+00 1.33226763e-15]	[0.99513885 1.         0.99813767]	[0.99513885 1.         0.99813767]	[0.99513885 1.         0.99813767]
124	92   	[7.77156117e-16 0.00000000e+00 1.33226763e-15]	[0.99513885 1.         0.99813767]	[0.99513885 1.         0.99813767]	[0.99513885 1.         0.99813767]
125	92   	[7.77156117e-16 0.00000000e+00 1.33226763e-15]	[0.99513885 1.         0.99813767]	[0.99513885 1.         0.99813767]	[0.99513885 1.         0.99813767]
126	92   	[7.77156117e-16 0.00000000e+00 1.33226763e-15]	[0.99513885 1.         0.99813767]	[0.99513885 1.         0.99813767]	[0.99513885 1.         0.99813767]
127	92   	[7.77156117e-16 0.00000000e+00 1.33226763e-15]	[0.99513885 1.         0.99813767]	[0.99513885 1.         0.99813767]	[0.99513885 1.         0.99813767]
128	92   	[7.77156117e-16 0.00000000e+00 1.33226763e-15]	[0.99513885 1.         0.99813767]	[0.99513885 1.         0.99813767]	[0.99513885 1.         0.99813767]
129	92   	[7.77156117e-16 0.00000000e+00 1.33226763e-15]	[0.99513885 1.         0.99813767]	[0.99513885 1.         0.99813767]	[0.99513885 1.         0.99813767]
130	92   	[7.77156117e-16 0.00000000e+00 1.33226763e-15]	[0.99513885 1.         0.99813767]	[0.99513885 1.         0.99813767]	[0.99513885 1.         0.99813767]
131	92   	[7.77156117e-16 0.00000000e+00 1.33226763e-15]	[0.99513885 1.         0.99813767]	[0.99513885 1.         0.99813767]	[0.99513885 1.         0.99813767]
132	92   	[7.77156117e-16 0.00000000e+00 1.33226763e-15]	[0.99513885 1.         0.99813767]	[0.99513885 1.         0.99813767]	[0.99513885 1.         0.99813767]
133	92   	[7.77156117e-16 0.00000000e+00 1.33226763e-15]	[0.99513885 1.         0.99813767]	[0.99513885 1.         0.99813767]	[0.99513885 1.         0.99813767]
134	92   	[7.77156117e-16 0.00000000e+00 1.33226763e-15]	[0.99513885 1.         0.99813767]	[0.99513885 1.         0.99813767]	[0.99513885 1.         0.99813767]
135	92   	[7.77156117e-16 0.00000000e+00 1.33226763e-15]	[0.99513885 1.         0.99813767]	[0.99513885 1.         0.99813767]	[0.99513885 1.         0.99813767]
136	92   	[7.77156117e-16 0.00000000e+00 1.33226763e-15]	[0.99513885 1.         0.99813767]	[0.99513885 1.         0.99813767]	[0.99513885 1.         0.99813767]
137	92   	[7.77156117e-16 0.00000000e+00 1.33226763e-15]	[0.99513885 1.         0.99813767]	[0.99513885 1.         0.99813767]	[0.99513885 1.         0.99813767]
138	92   	[7.77156117e-16 0.00000000e+00 1.33226763e-15]	[0.99513885 1.         0.99813767]	[0.99513885 1.         0.99813767]	[0.99513885 1.         0.99813767]
139	92   	[7.77156117e-16 0.00000000e+00 1.33226763e-15]	[0.99513885 1.         0.99813767]	[0.99513885 1.         0.99813767]	[0.99513885 1.         0.99813767]
140	92   	[7.77156117e-16 0.00000000e+00 1.33226763e-15]	[0.99513885 1.         0.99813767]	[0.99513885 1.         0.99813767]	[0.99513885 1.         0.99813767]
141	92   	[7.77156117e-16 0.00000000e+00 1.33226763e-15]	[0.99513885 1.         0.99813767]	[0.99513885 1.         0.99813767]	[0.99513885 1.         0.99813767]
142	92   	[7.77156117e-16 0.00000000e+00 1.33226763e-15]	[0.99513885 1.         0.99813767]	[0.99513885 1.         0.99813767]	[0.99513885 1.         0.99813767]
143	92   	[7.77156117e-16 0.00000000e+00 1.33226763e-15]	[0.99513885 1.         0.99813767]	[0.99513885 1.         0.99813767]	[0.99513885 1.         0.99813767]
144	92   	[7.77156117e-16 0.00000000e+00 1.33226763e-15]	[0.99513885 1.         0.99813767]	[0.99513885 1.         0.99813767]	[0.99513885 1.         0.99813767]
145	92   	[7.77156117e-16 0.00000000e+00 1.33226763e-15]	[0.99513885 1.         0.99813767]	[0.99513885 1.         0.99813767]	[0.99513885 1.         0.99813767]
146	92   	[7.77156117e-16 0.00000000e+00 1.33226763e-15]	[0.99513885 1.         0.99813767]	[0.99513885 1.         0.99813767]	[0.99513885 1.         0.99813767]
147	92   	[7.77156117e-16 0.00000000e+00 1.33226763e-15]	[0.99513885 1.         0.99813767]	[0.99513885 1.         0.99813767]	[0.99513885 1.         0.99813767]
148	92   	[7.77156117e-16 0.00000000e+00 1.33226763e-15]	[0.99513885 1.         0.99813767]	[0.99513885 1.         0.99813767]	[0.99513885 1.         0.99813767]
149	92   	[7.77156117e-16 0.00000000e+00 1.33226763e-15]	[0.99513885 1.         0.99813767]	[0.99513885 1.         0.99813767]	[0.99513885 1.         0.99813767]
[4, 8, 1, 3, 6, 5, 9, 1, 9, 9, 4, 1, 4, 1, 2, 4, 8, 9, 10, 4, 7, 9, 8, 8, 9, 4, 7, 5, 9, 6, 10, 7, 4, 3, 3, 7, 1, 8, 7, 4, 1, 10, 10, 5, 1, 9, 3, 6, 2, 9, 8, 7, 7, 9, 1, 1, 4, 10, 2, 8, 5, 5, 7, 4, 10, 4, 1, 2, 4, 3, 2, 5, 4, 7]
(0.9951388466913766, 1.0, 0.9981376725562744)
[4, 8, 1, 3, 6, 5, 10, 1, 9, 9, 4, 1, 7, 1, 2, 1, 8, 9, 10, 4, 7, 3, 8, 8, 9, 4, 7, 5, 9, 6, 10, 7, 4, 3, 3, 7, 1, 8, 7, 4, 1, 10, 10, 5, 1, 9, 3, 6, 2, 9, 8, 6, 7, 9, 1, 1, 4, 10, 2, 8, 5, 5, 7, 4, 9, 4, 1, 2, 4, 3, 2, 5, 4, 7]
(0.9951388466913766, 1.0, 0.9981376725562744)
[6, 8, 1, 7, 6, 2, 9, 6, 8, 9, 4, 1, 7, 1, 6, 2, 4, 7, 5, 8, 7, 3, 8, 3, 9, 4, 7, 4, 9, 6, 4, 6, 4, 4, 5, 7, 4, 8, 7, 4, 1, 10, 10, 5, 1, 9, 3, 6, 2, 9, 8, 7, 7, 9, 3, 1, 4, 10, 2, 8, 3, 5, 7, 4, 9, 4, 1, 2, 4, 3, 2, 5, 4, 7]
(0.9951388466913766, 1.0, 0.9981376725562744)
[4, 8, 1, 3, 6, 5, 9, 1, 9, 9, 4, 1, 7, 1, 2, 4, 8, 9, 10, 4, 7, 3, 8, 8, 9, 4, 7, 5, 9, 6, 10, 7, 4, 3, 3, 7, 1, 8, 7, 4, 1, 10, 10, 5, 1, 9, 3, 6, 2, 9, 8, 7, 7, 10, 1, 1, 4, 10, 2, 8, 5, 5, 7, 4, 10, 4, 1, 2, 4, 3, 2, 5, 1, 7]
(0.9951388466913766, 1.0, 0.9981376725562744)
[4, 8, 1, 3, 6, 5, 9, 1, 9, 9, 4, 1, 7, 1, 2, 4, 8, 9, 10, 4, 7, 3, 8, 8, 9, 4, 7, 5, 9, 6, 10, 7, 4, 3, 3, 7, 1, 8, 7, 4, 1, 10, 10, 5, 1, 9, 3, 6, 2, 9, 8, 7, 7, 10, 1, 1, 4, 10, 2, 8, 5, 5, 7, 4, 10, 4, 1, 2, 4, 3, 2, 5, 1, 7]
(0.9951388466913766, 1.0, 0.9981376725562744)
[6, 8, 1, 7, 6, 2, 9, 6, 8, 9, 4, 1, 7, 1, 6, 2, 4, 7, 5, 8, 7, 3, 8, 3, 9, 4, 7, 4, 9, 6, 4, 6, 4, 4, 5, 7, 4, 8, 7, 4, 1, 10, 10, 5, 1, 9, 3, 6, 2, 9, 8, 7, 7, 9, 3, 1, 4, 10, 2, 8, 3, 5, 7, 4, 9, 4, 1, 2, 4, 3, 2, 5, 4, 7]
(0.9951388466913766, 1.0, 0.9981376725562744)
[6, 6, 6, 3, 6, 5, 9, 1, 9, 9, 4, 1, 7, 1, 9, 9, 8, 9, 10, 8, 6, 3, 8, 8, 9, 4, 7, 5, 9, 6, 10, 7, 4, 3, 3, 7, 1, 8, 7, 4, 1, 10, 10, 5, 1, 9, 3, 6, 2, 9, 8, 7, 7, 9, 1, 1, 4, 10, 2, 8, 3, 5, 7, 3, 9, 4, 1, 2, 4, 3, 2, 5, 4, 7]
(0.9951388466913766, 1.0, 0.9981376725562744)
[6, 8, 1, 7, 6, 2, 9, 6, 8, 9, 4, 1, 7, 1, 6, 2, 4, 7, 5, 8, 7, 3, 8, 3, 9, 4, 7, 4, 9, 6, 4, 6, 4, 4, 5, 7, 4, 8, 7, 4, 1, 10, 10, 5, 1, 9, 3, 6, 2, 9, 8, 7, 7, 9, 3, 1, 4, 10, 2, 8, 3, 5, 7, 4, 9, 4, 1, 2, 4, 3, 2, 5, 4, 7]
(0.9951388466913766, 1.0, 0.9981376725562744)
[6, 8, 1, 3, 6, 5, 9, 1, 9, 9, 4, 1, 7, 1, 2, 4, 8, 9, 10, 4, 7, 3, 8, 8, 9, 4, 7, 5, 9, 6, 10, 7, 4, 3, 3, 3, 1, 8, 7, 4, 1, 10, 10, 5, 1, 9, 3, 6, 2, 9, 8, 7, 7, 9, 1, 1, 4, 10, 2, 8, 5, 5, 7, 4, 10, 4, 1, 2, 4, 3, 2, 5, 4, 7]
(0.9951388466913766, 1.0, 0.9981376725562744)
[4, 8, 3, 3, 6, 5, 9, 1, 9, 9, 4, 1, 7, 1, 6, 1, 9, 9, 5, 8, 5, 4, 1, 8, 9, 4, 7, 5, 9, 6, 10, 7, 4, 3, 3, 3, 1, 8, 7, 4, 1, 10, 10, 5, 1, 9, 3, 6, 2, 9, 8, 7, 7, 9, 1, 1, 4, 10, 2, 8, 5, 5, 7, 4, 10, 4, 1, 2, 4, 3, 2, 5, 4, 7]
(0.9951388466913766, 1.0, 0.9981376725562744)
[6, 8, 1, 3, 6, 5, 9, 1, 9, 9, 4, 1, 7, 1, 9, 4, 8, 9, 10, 8, 7, 3, 8, 8, 9, 4, 7, 5, 9, 6, 10, 7, 6, 3, 3, 3, 1, 8, 7, 4, 1, 10, 10, 5, 1, 9, 3, 6, 2, 9, 8, 7, 7, 10, 3, 1, 4, 10, 2, 8, 8, 5, 7, 4, 10, 4, 1, 2, 4, 3, 2, 5, 4, 7]
(0.9951388466913766, 1.0, 0.9981376725562744)
[6, 8, 1, 7, 6, 2, 9, 6, 8, 9, 4, 1, 7, 1, 6, 2, 4, 7, 5, 8, 7, 3, 8, 3, 9, 4, 7, 4, 9, 6, 4, 6, 4, 4, 5, 7, 4, 8, 7, 4, 1, 10, 10, 5, 1, 9, 3, 6, 2, 9, 8, 7, 7, 9, 3, 1, 4, 10, 2, 8, 3, 5, 7, 4, 9, 4, 1, 2, 4, 3, 2, 5, 4, 7]
(0.9951388466913766, 1.0, 0.9981376725562744)
[6, 8, 1, 7, 6, 2, 9, 6, 8, 9, 4, 1, 7, 1, 6, 2, 4, 7, 5, 8, 7, 3, 8, 3, 9, 4, 7, 4, 9, 6, 4, 6, 4, 4, 5, 7, 4, 8, 7, 4, 1, 10, 10, 5, 1, 9, 3, 6, 2, 9, 8, 7, 7, 9, 3, 1, 4, 10, 2, 8, 3, 5, 7, 4, 9, 4, 1, 2, 4, 3, 2, 5, 4, 7]
(0.9951388466913766, 1.0, 0.9981376725562744)
[4, 8, 3, 3, 6, 5, 9, 1, 9, 9, 4, 1, 7, 1, 6, 1, 9, 9, 5, 8, 5, 4, 8, 7, 9, 4, 7, 5, 9, 6, 10, 7, 4, 3, 3, 7, 1, 8, 7, 4, 1, 10, 10, 5, 1, 9, 3, 6, 2, 9, 8, 7, 7, 9, 1, 1, 4, 10, 2, 8, 5, 5, 7, 4, 10, 4, 1, 2, 4, 3, 2, 5, 4, 7]
(0.9951388466913766, 1.0, 0.9981376725562744)
[6, 8, 6, 3, 6, 5, 9, 1, 9, 9, 4, 1, 7, 1, 9, 4, 8, 9, 10, 8, 7, 3, 8, 8, 9, 4, 7, 5, 9, 6, 10, 7, 6, 3, 3, 3, 1, 8, 7, 4, 1, 10, 10, 5, 1, 9, 3, 6, 2, 9, 8, 7, 7, 9, 3, 1, 4, 10, 2, 8, 3, 5, 7, 3, 9, 4, 1, 2, 4, 3, 2, 5, 4, 7]
(0.9951388466913766, 1.0, 0.9981376725562744)
[4, 8, 3, 3, 6, 5, 9, 1, 9, 9, 4, 1, 7, 1, 6, 1, 9, 9, 5, 8, 5, 4, 1, 8, 9, 4, 7, 5, 9, 6, 10, 7, 4, 3, 3, 3, 1, 8, 7, 4, 1, 10, 10, 5, 1, 9, 3, 6, 2, 9, 8, 7, 7, 9, 1, 1, 4, 10, 2, 8, 5, 5, 7, 4, 10, 4, 1, 2, 4, 3, 2, 5, 4, 7]
(0.9951388466913766, 1.0, 0.9981376725562744)
[4, 8, 1, 3, 6, 5, 9, 1, 9, 9, 4, 1, 4, 1, 2, 4, 8, 9, 10, 4, 7, 9, 8, 8, 9, 4, 7, 5, 9, 6, 10, 7, 4, 3, 3, 7, 1, 8, 7, 4, 1, 10, 10, 5, 1, 9, 3, 6, 2, 9, 8, 7, 7, 9, 1, 1, 4, 10, 2, 8, 5, 5, 7, 4, 10, 4, 1, 2, 4, 3, 2, 5, 4, 7]
(0.9951388466913766, 1.0, 0.9981376725562744)
[4, 8, 1, 3, 6, 5, 9, 1, 9, 9, 4, 1, 7, 1, 2, 1, 8, 9, 10, 4, 7, 3, 8, 8, 9, 4, 7, 5, 9, 6, 10, 7, 4, 3, 3, 7, 1, 8, 7, 4, 1, 10, 10, 5, 1, 9, 3, 6, 2, 9, 8, 7, 7, 9, 1, 1, 4, 10, 2, 8, 5, 5, 7, 4, 10, 4, 1, 2, 4, 3, 2, 5, 4, 7]
(0.9951388466913766, 1.0, 0.9981376725562744)
[6, 8, 1, 7, 6, 2, 9, 6, 8, 9, 4, 1, 7, 1, 6, 2, 4, 7, 5, 8, 7, 3, 8, 3, 9, 4, 7, 4, 9, 6, 4, 6, 4, 4, 5, 7, 4, 8, 7, 4, 1, 10, 10, 5, 1, 9, 3, 6, 2, 9, 8, 7, 7, 9, 3, 1, 4, 10, 2, 8, 3, 5, 7, 4, 9, 4, 1, 2, 4, 3, 2, 5, 4, 7]
(0.9951388466913766, 1.0, 0.9981376725562744)
[4, 8, 1, 3, 6, 5, 9, 1, 9, 9, 4, 1, 4, 1, 2, 4, 8, 9, 10, 4, 7, 9, 8, 8, 9, 4, 7, 5, 9, 6, 10, 7, 4, 3, 3, 7, 1, 8, 7, 4, 1, 10, 10, 5, 1, 9, 3, 6, 2, 9, 8, 7, 7, 9, 1, 1, 4, 10, 2, 8, 5, 5, 7, 4, 10, 4, 1, 2, 4, 3, 2, 5, 4, 7]
(0.9951388466913766, 1.0, 0.9981376725562744)
[4, 8, 1, 3, 6, 5, 9, 1, 9, 9, 4, 1, 4, 1, 2, 4, 8, 9, 10, 4, 7, 9, 8, 8, 9, 4, 7, 5, 9, 6, 10, 7, 4, 3, 3, 7, 1, 8, 7, 4, 1, 10, 10, 5, 1, 9, 3, 6, 2, 9, 8, 7, 7, 9, 1, 1, 4, 10, 2, 8, 5, 5, 7, 4, 10, 4, 1, 2, 4, 3, 2, 5, 4, 7]
(0.9951388466913766, 1.0, 0.9981376725562744)
[6, 8, 1, 3, 6, 5, 9, 1, 9, 9, 4, 1, 7, 1, 2, 4, 8, 9, 10, 4, 7, 3, 8, 8, 9, 4, 7, 5, 9, 6, 10, 7, 4, 3, 3, 3, 1, 8, 7, 4, 1, 10, 10, 5, 1, 9, 3, 6, 2, 9, 8, 7, 7, 9, 1, 1, 4, 10, 2, 8, 5, 5, 7, 4, 10, 4, 1, 2, 4, 3, 2, 5, 4, 7]
(0.9951388466913766, 1.0, 0.9981376725562744)
[6, 8, 1, 7, 6, 2, 9, 6, 8, 9, 4, 1, 7, 1, 6, 2, 4, 7, 5, 8, 7, 3, 8, 3, 9, 4, 7, 4, 9, 6, 4, 6, 4, 4, 5, 7, 4, 8, 7, 4, 1, 10, 10, 5, 1, 9, 3, 6, 2, 9, 8, 7, 7, 9, 3, 1, 4, 10, 2, 8, 3, 5, 7, 4, 9, 4, 1, 2, 4, 3, 2, 5, 4, 7]
(0.9951388466913766, 1.0, 0.9981376725562744)
[6, 8, 1, 7, 6, 2, 9, 6, 8, 9, 4, 1, 7, 1, 6, 2, 4, 7, 5, 8, 7, 3, 8, 3, 9, 4, 7, 4, 9, 6, 4, 6, 4, 4, 5, 7, 4, 8, 7, 4, 1, 10, 10, 5, 1, 9, 3, 6, 2, 9, 8, 7, 7, 9, 3, 1, 4, 10, 2, 8, 3, 5, 7, 4, 9, 4, 1, 2, 4, 3, 2, 5, 4, 7]
(0.9951388466913766, 1.0, 0.9981376725562744)
[6, 8, 1, 7, 6, 2, 9, 6, 8, 9, 4, 1, 7, 1, 6, 2, 4, 7, 5, 8, 7, 3, 8, 3, 9, 4, 7, 4, 9, 6, 4, 6, 4, 4, 5, 7, 4, 8, 7, 4, 1, 10, 10, 5, 1, 9, 3, 6, 2, 9, 8, 7, 7, 9, 3, 1, 4, 10, 2, 8, 3, 5, 7, 4, 9, 4, 1, 2, 4, 3, 2, 5, 4, 7]
(0.9951388466913766, 1.0, 0.9981376725562744)
[4, 8, 3, 3, 6, 5, 9, 1, 9, 9, 4, 1, 7, 1, 6, 1, 9, 9, 5, 8, 5, 4, 8, 7, 9, 4, 7, 5, 9, 6, 10, 7, 4, 3, 3, 7, 1, 8, 7, 4, 1, 10, 10, 5, 1, 9, 3, 6, 2, 9, 8, 7, 7, 9, 1, 1, 4, 10, 2, 8, 5, 5, 7, 4, 10, 4, 1, 2, 4, 3, 2, 5, 4, 7]
(0.9951388466913766, 1.0, 0.9981376725562744)
[4, 8, 3, 3, 6, 5, 9, 1, 9, 9, 4, 1, 7, 1, 6, 1, 9, 9, 5, 8, 5, 4, 8, 7, 9, 4, 7, 5, 9, 6, 10, 7, 4, 3, 3, 7, 1, 8, 7, 4, 1, 10, 10, 5, 1, 9, 3, 6, 2, 9, 8, 7, 7, 9, 1, 1, 4, 10, 2, 8, 5, 5, 7, 4, 10, 4, 1, 2, 4, 3, 2, 5, 4, 7]
(0.9951388466913766, 1.0, 0.9981376725562744)
[6, 8, 1, 7, 6, 2, 9, 6, 8, 9, 4, 1, 7, 1, 6, 2, 8, 9, 10, 4, 7, 9, 8, 8, 9, 4, 7, 4, 9, 6, 4, 6, 4, 4, 5, 7, 4, 8, 7, 4, 1, 10, 10, 5, 1, 9, 3, 6, 2, 9, 8, 7, 7, 9, 3, 1, 4, 10, 2, 8, 3, 5, 7, 4, 9, 4, 1, 2, 4, 3, 2, 5, 4, 7]
(0.9951388466913766, 1.0, 0.9981376725562744)
[4, 8, 1, 3, 6, 5, 9, 1, 9, 9, 4, 1, 7, 1, 2, 1, 8, 9, 10, 4, 7, 3, 8, 8, 9, 4, 7, 5, 9, 6, 10, 7, 4, 3, 3, 7, 1, 8, 7, 4, 1, 10, 10, 5, 1, 9, 3, 6, 2, 9, 8, 7, 7, 9, 1, 1, 4, 10, 2, 8, 5, 5, 7, 4, 10, 4, 1, 2, 4, 3, 2, 5, 4, 7]
(0.9951388466913766, 1.0, 0.9981376725562744)
[4, 8, 1, 3, 6, 5, 7, 1, 9, 9, 4, 1, 4, 1, 2, 4, 8, 9, 10, 4, 7, 9, 8, 8, 9, 4, 7, 8, 9, 6, 10, 7, 4, 3, 3, 7, 1, 8, 7, 4, 1, 10, 10, 5, 1, 9, 3, 6, 2, 9, 8, 7, 7, 9, 1, 1, 4, 10, 2, 8, 5, 5, 7, 4, 10, 4, 1, 2, 4, 3, 2, 5, 4, 7]
(0.9951388466913766, 1.0, 0.9981376725562744)
[6, 8, 1, 7, 6, 2, 9, 6, 8, 9, 4, 1, 7, 1, 6, 2, 4, 7, 5, 8, 7, 3, 8, 3, 9, 4, 7, 4, 9, 6, 4, 6, 4, 4, 5, 7, 4, 8, 7, 4, 1, 10, 10, 5, 1, 9, 3, 6, 2, 9, 8, 7, 7, 9, 3, 1, 4, 10, 2, 8, 3, 5, 7, 4, 9, 4, 1, 2, 4, 3, 2, 5, 4, 7]
(0.9951388466913766, 1.0, 0.9981376725562744)
[6, 8, 1, 7, 6, 2, 9, 6, 8, 9, 4, 1, 7, 1, 6, 2, 4, 7, 5, 8, 7, 3, 8, 3, 9, 4, 7, 4, 9, 6, 4, 6, 4, 4, 5, 7, 4, 8, 7, 4, 1, 10, 10, 5, 1, 9, 3, 6, 2, 9, 8, 7, 7, 9, 3, 1, 4, 10, 2, 8, 3, 5, 7, 4, 9, 4, 1, 2, 4, 3, 2, 5, 4, 7]
(0.9951388466913766, 1.0, 0.9981376725562744)
[6, 8, 1, 3, 6, 5, 9, 1, 9, 9, 4, 1, 7, 2, 2, 4, 8, 9, 10, 4, 7, 3, 8, 8, 9, 4, 7, 5, 9, 6, 10, 7, 4, 3, 3, 3, 1, 8, 7, 4, 1, 10, 10, 5, 1, 9, 3, 6, 2, 9, 8, 7, 7, 9, 1, 1, 4, 10, 2, 8, 5, 5, 7, 4, 10, 4, 1, 2, 4, 3, 2, 5, 4, 7]
(0.9951388466913766, 1.0, 0.9981376725562744)
[4, 8, 1, 3, 6, 5, 9, 1, 9, 9, 4, 1, 4, 1, 2, 4, 8, 9, 10, 4, 7, 9, 8, 8, 9, 4, 7, 5, 9, 6, 10, 7, 4, 3, 3, 7, 1, 8, 7, 4, 1, 10, 10, 5, 1, 9, 3, 6, 2, 9, 8, 7, 7, 9, 1, 1, 4, 10, 2, 8, 5, 5, 7, 4, 10, 4, 1, 2, 4, 3, 2, 5, 4, 7]
(0.9951388466913766, 1.0, 0.9981376725562744)
[6, 8, 1, 7, 6, 2, 9, 6, 8, 9, 4, 1, 7, 1, 6, 2, 4, 7, 5, 8, 7, 3, 8, 3, 9, 4, 7, 4, 9, 6, 4, 6, 4, 4, 5, 7, 4, 8, 7, 4, 1, 10, 10, 5, 1, 9, 3, 6, 2, 9, 8, 7, 7, 9, 3, 1, 4, 10, 2, 8, 3, 5, 7, 4, 9, 4, 1, 2, 4, 3, 2, 5, 4, 7]
(0.9951388466913766, 1.0, 0.9981376725562744)
[6, 8, 6, 3, 6, 5, 9, 1, 9, 9, 4, 1, 7, 1, 9, 4, 8, 9, 10, 8, 7, 3, 8, 8, 9, 4, 7, 5, 9, 6, 10, 7, 6, 3, 3, 3, 1, 8, 7, 4, 1, 10, 10, 5, 1, 9, 3, 6, 2, 9, 8, 7, 7, 9, 3, 1, 4, 10, 2, 8, 3, 5, 7, 3, 9, 4, 1, 2, 4, 3, 2, 5, 4, 7]
(0.9951388466913766, 1.0, 0.9981376725562744)
[4, 8, 1, 3, 6, 5, 7, 1, 9, 9, 4, 1, 4, 1, 2, 4, 8, 9, 10, 4, 7, 9, 8, 8, 9, 4, 7, 8, 9, 6, 10, 7, 4, 3, 3, 7, 1, 8, 7, 4, 1, 10, 10, 5, 1, 9, 3, 6, 2, 9, 8, 7, 7, 9, 1, 1, 4, 10, 2, 8, 5, 5, 7, 4, 10, 4, 1, 2, 4, 3, 2, 5, 4, 7]
(0.9951388466913766, 1.0, 0.9981376725562744)
[6, 8, 1, 7, 6, 2, 9, 6, 8, 9, 4, 1, 7, 1, 6, 2, 4, 7, 5, 8, 7, 3, 8, 3, 9, 4, 7, 4, 9, 6, 4, 6, 4, 4, 5, 7, 4, 8, 7, 4, 1, 10, 10, 5, 1, 9, 3, 6, 2, 9, 8, 7, 7, 9, 3, 1, 4, 10, 2, 8, 3, 5, 7, 4, 9, 4, 1, 2, 4, 3, 2, 5, 4, 7]
(0.9951388466913766, 1.0, 0.9981376725562744)
[4, 8, 1, 3, 6, 5, 9, 1, 9, 9, 4, 1, 4, 1, 2, 4, 8, 9, 10, 4, 7, 9, 8, 8, 9, 4, 7, 5, 9, 6, 10, 7, 4, 3, 3, 7, 1, 8, 7, 4, 1, 10, 10, 5, 1, 9, 3, 6, 2, 9, 8, 7, 7, 9, 1, 1, 4, 10, 2, 8, 5, 5, 7, 4, 10, 4, 1, 2, 4, 3, 2, 5, 4, 7]
(0.9951388466913766, 1.0, 0.9981376725562744)
[6, 8, 1, 7, 6, 2, 9, 6, 8, 9, 4, 1, 7, 1, 6, 2, 4, 7, 5, 8, 7, 3, 8, 3, 9, 4, 7, 4, 9, 6, 4, 6, 4, 4, 5, 7, 4, 8, 7, 4, 1, 10, 10, 5, 1, 9, 3, 6, 2, 9, 8, 7, 7, 9, 3, 1, 4, 10, 2, 8, 3, 5, 7, 4, 9, 4, 1, 2, 4, 3, 2, 5, 4, 7]
(0.9951388466913766, 1.0, 0.9981376725562744)
[6, 8, 1, 7, 6, 2, 9, 6, 8, 9, 4, 1, 7, 1, 6, 2, 8, 9, 10, 4, 7, 9, 8, 8, 9, 4, 7, 4, 9, 6, 4, 6, 4, 4, 5, 7, 4, 8, 7, 4, 1, 10, 10, 5, 1, 9, 3, 6, 2, 9, 8, 7, 7, 9, 3, 1, 4, 10, 2, 8, 3, 5, 7, 4, 9, 4, 1, 2, 4, 3, 2, 5, 4, 7]
(0.9951388466913766, 1.0, 0.9981376725562744)
[4, 8, 1, 3, 6, 5, 10, 1, 9, 9, 4, 1, 7, 1, 2, 1, 8, 9, 10, 4, 7, 3, 8, 8, 9, 4, 7, 5, 9, 6, 10, 7, 4, 3, 3, 7, 1, 8, 7, 4, 1, 10, 10, 5, 1, 9, 3, 6, 2, 9, 8, 6, 7, 9, 1, 1, 4, 10, 2, 8, 5, 5, 7, 4, 9, 4, 1, 2, 4, 3, 2, 5, 4, 7]
(0.9951388466913766, 1.0, 0.9981376725562744)
[6, 8, 6, 3, 6, 5, 9, 1, 9, 9, 4, 1, 7, 1, 9, 4, 8, 9, 10, 8, 7, 3, 8, 8, 9, 4, 7, 5, 9, 6, 10, 7, 6, 3, 3, 3, 1, 8, 7, 4, 1, 10, 10, 5, 1, 9, 3, 6, 2, 9, 8, 7, 7, 9, 3, 1, 4, 10, 2, 8, 3, 5, 7, 3, 9, 4, 1, 2, 4, 3, 2, 5, 4, 7]
(0.9951388466913766, 1.0, 0.9981376725562744)
[6, 8, 1, 7, 6, 2, 9, 6, 8, 9, 4, 1, 7, 1, 6, 2, 4, 7, 5, 8, 7, 3, 8, 3, 9, 4, 7, 4, 9, 6, 4, 6, 4, 4, 5, 7, 4, 8, 7, 4, 1, 10, 10, 5, 1, 9, 3, 6, 2, 9, 8, 7, 7, 9, 3, 1, 4, 10, 2, 8, 3, 5, 7, 4, 9, 4, 1, 2, 4, 3, 2, 5, 4, 7]
(0.9951388466913766, 1.0, 0.9981376725562744)
[6, 8, 1, 7, 6, 2, 9, 6, 8, 9, 4, 1, 7, 1, 6, 2, 4, 7, 5, 8, 7, 3, 8, 3, 9, 4, 7, 4, 9, 6, 4, 6, 4, 4, 5, 7, 4, 8, 7, 4, 1, 10, 10, 5, 1, 9, 3, 6, 2, 9, 8, 7, 7, 9, 3, 1, 4, 10, 2, 8, 3, 5, 7, 4, 9, 4, 1, 2, 4, 3, 2, 5, 4, 7]
(0.9951388466913766, 1.0, 0.9981376725562744)
[6, 8, 6, 3, 6, 5, 9, 1, 9, 9, 4, 1, 7, 1, 9, 4, 8, 9, 10, 8, 7, 3, 8, 8, 9, 4, 7, 5, 9, 6, 10, 7, 6, 3, 3, 3, 1, 8, 7, 4, 1, 10, 10, 5, 1, 9, 3, 6, 2, 9, 8, 7, 7, 9, 3, 1, 4, 10, 2, 8, 3, 5, 7, 3, 9, 4, 1, 2, 4, 3, 2, 5, 4, 7]
(0.9951388466913766, 1.0, 0.9981376725562744)
[6, 8, 1, 7, 6, 2, 9, 6, 8, 9, 4, 1, 7, 1, 6, 2, 4, 7, 5, 8, 7, 3, 8, 3, 9, 4, 7, 4, 9, 6, 4, 6, 4, 4, 5, 7, 4, 8, 7, 4, 1, 10, 10, 5, 1, 9, 3, 6, 2, 9, 8, 7, 7, 9, 3, 1, 4, 10, 2, 8, 3, 5, 7, 4, 9, 4, 1, 2, 4, 3, 2, 5, 4, 7]
(0.9951388466913766, 1.0, 0.9981376725562744)
[4, 8, 1, 3, 6, 5, 9, 1, 9, 9, 4, 1, 7, 1, 6, 2, 4, 7, 5, 8, 7, 3, 8, 3, 9, 4, 7, 4, 9, 7, 4, 6, 4, 4, 5, 7, 4, 8, 7, 4, 1, 10, 10, 5, 1, 9, 3, 6, 2, 9, 8, 7, 7, 9, 1, 1, 4, 10, 2, 8, 5, 5, 7, 4, 10, 4, 1, 2, 4, 3, 2, 5, 4, 7]
(0.9951388466913766, 1.0, 0.9981376725562744)
[6, 8, 1, 7, 6, 2, 9, 6, 8, 9, 4, 1, 7, 1, 6, 2, 8, 9, 10, 4, 7, 9, 8, 8, 9, 4, 7, 4, 9, 6, 4, 6, 4, 4, 5, 7, 4, 8, 7, 4, 1, 10, 10, 5, 1, 9, 3, 6, 2, 9, 8, 7, 7, 9, 3, 1, 4, 10, 2, 8, 3, 5, 7, 4, 9, 4, 1, 2, 4, 3, 2, 5, 4, 7]
(0.9951388466913766, 1.0, 0.9981376725562744)
[4, 8, 1, 3, 6, 5, 9, 1, 9, 9, 4, 1, 7, 1, 2, 1, 8, 9, 10, 4, 7, 3, 8, 8, 9, 4, 7, 5, 9, 6, 10, 7, 4, 3, 3, 7, 1, 8, 7, 4, 1, 10, 10, 5, 1, 9, 3, 6, 2, 9, 8, 7, 7, 9, 1, 1, 4, 10, 2, 8, 5, 5, 7, 4, 10, 4, 1, 2, 4, 3, 2, 5, 4, 7]
(0.9951388466913766, 1.0, 0.9981376725562744)
[4, 8, 1, 3, 6, 5, 9, 1, 9, 9, 4, 1, 4, 1, 2, 4, 8, 9, 10, 4, 7, 9, 8, 8, 9, 4, 7, 5, 9, 6, 10, 7, 4, 3, 3, 7, 1, 8, 7, 4, 1, 10, 10, 5, 1, 9, 3, 6, 2, 9, 8, 7, 7, 9, 1, 1, 4, 10, 2, 8, 5, 5, 7, 4, 10, 4, 1, 2, 4, 3, 2, 5, 4, 7]
(0.9951388466913766, 1.0, 0.9981376725562744)
[4, 8, 1, 3, 6, 5, 9, 1, 9, 9, 4, 1, 7, 1, 2, 1, 8, 9, 10, 4, 7, 3, 8, 8, 9, 4, 7, 5, 9, 6, 10, 7, 4, 3, 3, 7, 1, 8, 7, 4, 1, 10, 10, 5, 1, 9, 3, 6, 2, 9, 8, 7, 7, 9, 1, 1, 4, 10, 2, 8, 5, 5, 7, 4, 10, 4, 1, 2, 4, 3, 2, 5, 4, 7]
(0.9951388466913766, 1.0, 0.9981376725562744)
[4, 8, 1, 3, 6, 5, 7, 1, 9, 9, 4, 1, 4, 1, 2, 4, 8, 9, 10, 4, 7, 9, 8, 8, 9, 4, 7, 8, 9, 6, 10, 7, 4, 3, 3, 7, 1, 8, 7, 4, 1, 10, 10, 5, 1, 9, 3, 6, 2, 9, 8, 7, 7, 9, 1, 1, 4, 10, 2, 8, 5, 5, 7, 4, 10, 4, 1, 2, 4, 3, 2, 5, 4, 7]
(0.9951388466913766, 1.0, 0.9981376725562744)
[6, 8, 1, 3, 6, 5, 9, 1, 9, 9, 4, 1, 7, 1, 9, 4, 8, 9, 10, 8, 7, 3, 8, 8, 9, 4, 7, 5, 9, 6, 10, 7, 6, 3, 3, 3, 1, 8, 7, 4, 1, 10, 10, 5, 1, 9, 3, 6, 2, 9, 8, 7, 7, 10, 3, 1, 4, 10, 2, 8, 8, 5, 7, 4, 10, 4, 1, 2, 4, 3, 2, 5, 4, 7]
(0.9951388466913766, 1.0, 0.9981376725562744)
[6, 8, 1, 7, 6, 2, 9, 6, 8, 9, 4, 1, 7, 1, 6, 2, 4, 7, 5, 8, 7, 3, 8, 3, 9, 4, 7, 4, 9, 6, 4, 6, 4, 4, 5, 7, 4, 8, 7, 4, 1, 10, 10, 5, 1, 9, 3, 6, 2, 9, 8, 7, 7, 9, 3, 1, 4, 10, 2, 8, 3, 5, 7, 4, 9, 4, 1, 2, 4, 3, 2, 5, 4, 7]
(0.9951388466913766, 1.0, 0.9981376725562744)
[4, 8, 1, 3, 6, 5, 9, 1, 9, 9, 4, 1, 7, 1, 2, 4, 8, 9, 10, 4, 7, 3, 8, 8, 9, 4, 7, 5, 9, 6, 10, 7, 4, 3, 3, 7, 1, 8, 7, 4, 1, 10, 10, 5, 1, 9, 3, 6, 2, 9, 8, 7, 7, 10, 1, 1, 4, 10, 2, 8, 5, 5, 7, 4, 10, 4, 1, 2, 4, 3, 2, 5, 1, 7]
(0.9951388466913766, 1.0, 0.9981376725562744)
[6, 8, 1, 3, 6, 5, 9, 1, 9, 9, 4, 1, 7, 1, 6, 4, 9, 9, 5, 8, 5, 4, 8, 7, 9, 4, 7, 5, 9, 6, 10, 7, 4, 3, 3, 7, 1, 8, 7, 4, 1, 10, 10, 5, 1, 9, 3, 6, 2, 9, 8, 7, 7, 9, 1, 1, 4, 10, 2, 8, 5, 5, 7, 4, 10, 4, 1, 2, 4, 3, 2, 5, 4, 7]
(0.9951388466913766, 1.0, 0.9981376725562744)
[6, 8, 1, 7, 6, 2, 9, 6, 8, 9, 4, 1, 7, 1, 6, 2, 4, 7, 5, 8, 7, 3, 8, 3, 9, 4, 7, 4, 9, 6, 4, 6, 4, 4, 5, 7, 4, 8, 7, 4, 1, 10, 10, 5, 1, 9, 3, 6, 2, 9, 8, 7, 7, 9, 3, 1, 4, 10, 2, 8, 3, 5, 7, 4, 9, 4, 1, 2, 4, 3, 2, 5, 4, 7]
(0.9951388466913766, 1.0, 0.9981376725562744)
[4, 8, 3, 3, 6, 5, 9, 1, 9, 9, 4, 1, 7, 1, 6, 1, 9, 9, 5, 8, 5, 4, 8, 7, 9, 9, 7, 5, 9, 6, 10, 7, 4, 3, 3, 7, 1, 8, 7, 4, 1, 10, 10, 5, 1, 9, 3, 6, 2, 9, 8, 7, 7, 9, 1, 1, 4, 10, 2, 8, 5, 5, 7, 4, 9, 4, 1, 2, 4, 3, 2, 5, 4, 7]
(0.9951388466913766, 1.0, 0.9981376725562744)
[6, 8, 6, 3, 6, 5, 9, 6, 8, 9, 4, 1, 7, 1, 6, 2, 4, 7, 5, 8, 8, 3, 8, 3, 9, 4, 9, 5, 9, 6, 10, 7, 4, 3, 2, 3, 1, 8, 6, 4, 1, 10, 10, 5, 1, 9, 3, 6, 2, 9, 9, 7, 7, 7, 1, 1, 4, 10, 2, 8, 5, 5, 7, 4, 10, 4, 1, 1, 4, 3, 2, 5, 4, 7]
(0.9951388466913766, 1.0, 0.9981376725562744)
[6, 8, 1, 3, 6, 5, 9, 1, 9, 9, 4, 1, 7, 1, 2, 4, 8, 9, 10, 4, 7, 3, 8, 8, 9, 4, 7, 5, 9, 6, 10, 7, 4, 3, 3, 3, 1, 8, 7, 4, 1, 10, 10, 5, 1, 9, 3, 6, 2, 9, 8, 7, 7, 9, 1, 1, 4, 10, 2, 8, 5, 5, 7, 4, 10, 4, 1, 2, 4, 3, 2, 5, 4, 7]
(0.9951388466913766, 1.0, 0.9981376725562744)
[4, 8, 3, 3, 6, 5, 9, 1, 9, 9, 4, 1, 7, 1, 6, 1, 9, 9, 5, 8, 5, 4, 8, 7, 9, 4, 7, 5, 9, 6, 10, 7, 4, 3, 3, 7, 1, 8, 7, 4, 1, 10, 10, 5, 1, 9, 3, 6, 2, 9, 8, 7, 7, 9, 1, 1, 4, 10, 2, 8, 5, 5, 7, 4, 10, 4, 1, 2, 4, 3, 2, 5, 4, 7]
(0.9951388466913766, 1.0, 0.9981376725562744)
[4, 8, 3, 3, 6, 5, 9, 1, 9, 9, 4, 1, 7, 1, 6, 1, 9, 9, 5, 8, 5, 4, 8, 7, 9, 4, 7, 5, 9, 6, 10, 7, 4, 3, 3, 7, 1, 8, 7, 4, 1, 10, 10, 5, 1, 9, 3, 6, 2, 9, 8, 7, 7, 9, 1, 1, 4, 10, 2, 8, 5, 5, 7, 4, 10, 4, 1, 2, 4, 3, 2, 5, 4, 7]
(0.9951388466913766, 1.0, 0.9981376725562744)
[6, 8, 1, 7, 6, 2, 9, 6, 8, 9, 4, 1, 7, 1, 6, 2, 4, 7, 5, 8, 7, 3, 8, 3, 9, 4, 7, 4, 9, 6, 4, 6, 4, 4, 5, 7, 4, 8, 7, 4, 1, 10, 10, 5, 1, 9, 3, 6, 2, 9, 8, 7, 7, 9, 3, 1, 4, 10, 2, 8, 3, 5, 7, 4, 9, 4, 1, 2, 4, 3, 2, 5, 4, 7]
(0.9951388466913766, 1.0, 0.9981376725562744)
[6, 8, 1, 7, 6, 2, 9, 6, 8, 9, 4, 1, 7, 1, 6, 2, 4, 7, 5, 8, 7, 3, 8, 3, 9, 4, 7, 4, 9, 6, 4, 6, 4, 4, 5, 7, 4, 8, 7, 4, 1, 10, 10, 5, 1, 9, 3, 6, 2, 9, 8, 7, 7, 9, 3, 1, 4, 10, 2, 8, 3, 5, 7, 4, 9, 4, 1, 2, 4, 3, 2, 5, 4, 7]
(0.9951388466913766, 1.0, 0.9981376725562744)
[6, 8, 1, 7, 6, 2, 9, 6, 8, 9, 4, 1, 7, 1, 6, 2, 4, 7, 5, 8, 7, 3, 8, 3, 9, 4, 7, 4, 9, 6, 4, 6, 4, 4, 5, 7, 4, 8, 7, 4, 1, 10, 10, 5, 1, 9, 3, 6, 2, 9, 8, 7, 7, 9, 3, 1, 4, 10, 2, 8, 3, 5, 7, 4, 9, 4, 1, 2, 4, 3, 2, 5, 4, 7]
(0.9951388466913766, 1.0, 0.9981376725562744)
[4, 8, 1, 3, 6, 5, 9, 1, 9, 9, 4, 1, 7, 1, 2, 1, 8, 9, 10, 4, 7, 3, 8, 8, 9, 4, 7, 5, 9, 6, 10, 7, 4, 3, 3, 7, 1, 8, 7, 4, 1, 10, 10, 5, 1, 9, 3, 6, 2, 9, 8, 7, 7, 9, 1, 1, 4, 10, 2, 8, 5, 5, 7, 4, 10, 4, 1, 2, 4, 3, 2, 5, 4, 7]
(0.9951388466913766, 1.0, 0.9981376725562744)
[6, 8, 6, 3, 6, 5, 9, 1, 9, 9, 4, 1, 7, 1, 9, 4, 8, 9, 10, 8, 7, 3, 8, 8, 9, 4, 7, 5, 9, 6, 10, 7, 6, 3, 3, 3, 1, 8, 7, 4, 1, 10, 10, 5, 1, 9, 3, 6, 2, 9, 8, 7, 7, 9, 3, 1, 4, 10, 2, 8, 3, 5, 7, 3, 9, 4, 1, 2, 4, 3, 2, 5, 4, 7]
(0.9951388466913766, 1.0, 0.9981376725562744)
[6, 8, 1, 3, 6, 5, 9, 1, 9, 9, 4, 1, 7, 1, 2, 4, 8, 9, 10, 4, 7, 3, 8, 8, 9, 4, 7, 5, 9, 6, 10, 7, 4, 3, 3, 3, 1, 8, 7, 4, 1, 10, 10, 5, 1, 9, 3, 6, 2, 9, 8, 7, 7, 9, 1, 1, 4, 10, 2, 8, 5, 5, 7, 4, 10, 4, 1, 2, 4, 3, 2, 5, 4, 7]
(0.9951388466913766, 1.0, 0.9981376725562744)
[6, 8, 6, 3, 6, 5, 9, 1, 9, 9, 4, 1, 7, 1, 9, 4, 8, 9, 10, 8, 7, 3, 8, 8, 9, 4, 7, 5, 9, 6, 10, 7, 6, 3, 3, 3, 1, 8, 7, 4, 1, 10, 10, 5, 1, 9, 3, 6, 2, 9, 8, 7, 7, 9, 3, 1, 4, 10, 2, 8, 3, 5, 7, 3, 9, 4, 1, 2, 4, 3, 2, 5, 4, 7]
(0.9951388466913766, 1.0, 0.9981376725562744)
[6, 8, 6, 3, 6, 5, 9, 1, 9, 9, 4, 1, 7, 1, 9, 4, 8, 9, 10, 8, 7, 3, 8, 8, 9, 4, 7, 5, 9, 6, 10, 7, 6, 3, 3, 3, 1, 8, 7, 4, 1, 10, 10, 5, 1, 9, 3, 6, 2, 9, 8, 7, 7, 9, 3, 1, 4, 10, 2, 8, 3, 5, 7, 3, 9, 4, 1, 2, 4, 3, 2, 5, 4, 7]
(0.9951388466913766, 1.0, 0.9981376725562744)
[6, 8, 1, 7, 6, 2, 9, 6, 8, 9, 4, 1, 7, 1, 6, 2, 4, 7, 5, 8, 7, 3, 8, 3, 9, 4, 7, 4, 9, 6, 4, 6, 4, 4, 5, 7, 4, 8, 7, 4, 1, 10, 10, 5, 1, 9, 3, 6, 2, 9, 8, 7, 7, 9, 3, 1, 4, 10, 2, 8, 3, 5, 7, 4, 9, 4, 1, 2, 4, 3, 2, 5, 4, 7]
(0.9951388466913766, 1.0, 0.9981376725562744)
[6, 8, 1, 7, 6, 2, 9, 6, 8, 9, 4, 1, 7, 1, 6, 2, 4, 7, 5, 8, 7, 3, 8, 3, 9, 4, 7, 4, 9, 6, 4, 6, 4, 4, 5, 7, 4, 8, 7, 4, 1, 10, 10, 5, 1, 9, 3, 6, 2, 9, 8, 7, 7, 9, 3, 1, 4, 10, 2, 8, 3, 5, 7, 4, 9, 4, 1, 2, 4, 3, 2, 5, 4, 7]
(0.9951388466913766, 1.0, 0.9981376725562744)
[6, 8, 6, 3, 6, 5, 9, 1, 9, 9, 4, 1, 7, 1, 9, 4, 8, 9, 10, 8, 7, 3, 8, 8, 9, 4, 7, 5, 9, 6, 10, 7, 6, 3, 3, 3, 1, 8, 7, 4, 1, 10, 10, 5, 1, 9, 3, 6, 2, 9, 8, 7, 7, 9, 3, 1, 4, 10, 2, 8, 3, 5, 7, 3, 9, 4, 1, 2, 4, 3, 2, 5, 4, 7]
(0.9951388466913766, 1.0, 0.9981376725562744)
[4, 8, 3, 3, 6, 5, 9, 1, 9, 9, 4, 1, 7, 1, 6, 1, 9, 9, 5, 8, 5, 4, 8, 7, 9, 4, 7, 5, 9, 6, 10, 7, 4, 3, 3, 7, 1, 8, 7, 4, 1, 10, 10, 5, 1, 9, 3, 6, 2, 9, 8, 7, 7, 9, 1, 1, 4, 10, 2, 8, 5, 5, 7, 4, 10, 4, 1, 2, 4, 3, 2, 5, 4, 7]
(0.9951388466913766, 1.0, 0.9981376725562744)
[6, 8, 1, 7, 6, 2, 9, 6, 8, 9, 4, 1, 7, 1, 6, 2, 4, 7, 5, 8, 7, 3, 8, 3, 9, 4, 7, 4, 9, 6, 4, 6, 4, 4, 5, 7, 4, 8, 7, 4, 1, 10, 10, 5, 1, 9, 3, 6, 2, 9, 8, 7, 7, 9, 3, 1, 4, 10, 2, 8, 3, 5, 7, 4, 9, 4, 1, 2, 4, 3, 2, 5, 4, 7]
(0.9951388466913766, 1.0, 0.9981376725562744)
[6, 8, 1, 7, 6, 2, 9, 6, 8, 9, 4, 1, 7, 1, 6, 2, 4, 7, 5, 8, 7, 3, 8, 3, 9, 4, 7, 4, 9, 6, 4, 6, 4, 4, 5, 7, 4, 8, 7, 4, 1, 10, 10, 5, 1, 9, 3, 6, 2, 9, 8, 7, 7, 9, 3, 1, 4, 10, 2, 8, 3, 5, 7, 4, 9, 4, 1, 2, 4, 3, 2, 5, 4, 7]
(0.9951388466913766, 1.0, 0.9981376725562744)
[4, 8, 1, 3, 6, 5, 9, 1, 9, 9, 4, 1, 7, 1, 2, 1, 8, 9, 10, 4, 7, 3, 8, 8, 9, 4, 7, 5, 9, 6, 10, 7, 4, 3, 3, 7, 1, 8, 7, 4, 1, 10, 10, 5, 1, 9, 3, 6, 2, 9, 8, 7, 7, 9, 1, 1, 4, 10, 2, 8, 5, 5, 7, 4, 10, 4, 1, 2, 4, 3, 2, 5, 4, 7]
(0.9951388466913766, 1.0, 0.9981376725562744)
[6, 8, 1, 7, 6, 5, 9, 6, 8, 9, 4, 1, 7, 1, 6, 2, 4, 7, 5, 8, 7, 3, 8, 3, 9, 4, 7, 4, 9, 6, 4, 6, 4, 4, 5, 7, 4, 8, 7, 4, 1, 10, 10, 5, 1, 9, 3, 2, 2, 9, 8, 7, 7, 9, 3, 1, 4, 10, 2, 8, 3, 5, 9, 4, 9, 4, 1, 2, 4, 3, 2, 5, 4, 7]
(0.9951388466913766, 1.0, 0.9981376725562744)
[4, 8, 3, 3, 6, 5, 9, 1, 9, 9, 4, 1, 7, 1, 6, 1, 9, 9, 5, 8, 5, 4, 8, 7, 9, 4, 7, 5, 9, 6, 10, 7, 4, 3, 3, 7, 1, 8, 7, 4, 1, 10, 10, 5, 1, 9, 3, 6, 2, 9, 8, 7, 7, 9, 1, 1, 4, 10, 2, 8, 5, 5, 7, 4, 10, 4, 1, 2, 4, 3, 2, 5, 4, 7]
(0.9951388466913766, 1.0, 0.9981376725562744)
[4, 8, 1, 3, 6, 5, 9, 1, 9, 9, 4, 1, 7, 1, 2, 1, 8, 9, 10, 4, 7, 3, 8, 8, 9, 4, 7, 5, 9, 6, 10, 7, 4, 3, 3, 7, 1, 8, 7, 4, 1, 10, 10, 5, 1, 9, 3, 6, 2, 9, 8, 7, 7, 9, 1, 1, 4, 10, 2, 8, 5, 5, 7, 4, 10, 4, 1, 2, 4, 3, 2, 5, 4, 7]
(0.9951388466913766, 1.0, 0.9981376725562744)
[6, 8, 1, 3, 6, 5, 9, 1, 9, 9, 4, 1, 7, 1, 9, 4, 8, 9, 10, 8, 7, 3, 8, 8, 9, 4, 7, 5, 9, 6, 10, 7, 6, 3, 3, 3, 1, 8, 7, 4, 1, 10, 10, 5, 1, 9, 3, 6, 2, 9, 8, 7, 7, 10, 3, 1, 4, 10, 2, 8, 8, 5, 7, 4, 10, 4, 1, 2, 4, 3, 2, 5, 4, 7]
(0.9951388466913766, 1.0, 0.9981376725562744)
[6, 8, 6, 3, 6, 5, 9, 1, 9, 9, 4, 1, 7, 1, 9, 4, 8, 9, 10, 8, 7, 3, 8, 8, 9, 4, 7, 5, 9, 6, 10, 7, 6, 3, 3, 3, 1, 8, 7, 4, 1, 10, 10, 5, 1, 9, 3, 6, 2, 9, 8, 7, 7, 9, 3, 1, 4, 10, 2, 8, 3, 5, 7, 3, 9, 4, 1, 2, 4, 3, 2, 5, 4, 7]
(0.9951388466913766, 1.0, 0.9981376725562744)
[6, 8, 6, 3, 6, 5, 9, 1, 9, 9, 4, 1, 7, 1, 9, 4, 8, 9, 10, 8, 7, 3, 8, 8, 9, 4, 7, 5, 9, 6, 10, 7, 6, 3, 3, 3, 1, 8, 7, 4, 1, 10, 10, 5, 1, 9, 3, 6, 2, 9, 8, 7, 7, 9, 3, 1, 4, 10, 2, 8, 3, 5, 7, 3, 9, 4, 1, 2, 4, 3, 2, 5, 4, 7]
(0.9951388466913766, 1.0, 0.9981376725562744)
[6, 8, 1, 7, 6, 2, 9, 6, 8, 9, 4, 1, 7, 1, 6, 2, 4, 7, 5, 8, 7, 3, 8, 3, 9, 4, 7, 4, 9, 6, 4, 6, 4, 4, 5, 7, 4, 8, 7, 4, 1, 10, 10, 5, 1, 9, 3, 6, 2, 9, 8, 7, 7, 9, 3, 1, 4, 10, 2, 8, 3, 5, 7, 4, 9, 4, 1, 2, 4, 3, 2, 5, 4, 7]
(0.9951388466913766, 1.0, 0.9981376725562744)
[6, 8, 1, 3, 6, 5, 9, 1, 9, 9, 4, 1, 7, 1, 6, 4, 9, 9, 5, 8, 5, 4, 8, 7, 9, 4, 7, 5, 9, 6, 10, 7, 4, 3, 3, 7, 1, 8, 7, 4, 1, 10, 10, 5, 1, 9, 3, 6, 2, 9, 8, 7, 7, 9, 1, 1, 4, 10, 2, 8, 5, 5, 7, 4, 10, 4, 1, 2, 4, 3, 2, 5, 4, 7]
(0.9951388466913766, 1.0, 0.9981376725562744)
[6, 8, 1, 7, 6, 2, 9, 6, 8, 9, 4, 1, 7, 1, 6, 2, 4, 7, 5, 8, 7, 3, 8, 3, 9, 4, 7, 4, 9, 6, 4, 6, 4, 4, 5, 7, 4, 8, 7, 4, 1, 10, 10, 5, 1, 9, 3, 6, 2, 9, 8, 7, 7, 9, 3, 1, 4, 10, 2, 8, 3, 5, 7, 4, 9, 4, 1, 2, 4, 3, 2, 5, 4, 7]
(0.9951388466913766, 1.0, 0.9981376725562744)
[6, 8, 1, 7, 6, 2, 9, 6, 8, 9, 4, 1, 7, 1, 6, 2, 4, 7, 5, 8, 7, 3, 8, 3, 9, 4, 7, 4, 9, 6, 4, 6, 4, 4, 5, 7, 4, 8, 7, 4, 1, 10, 10, 5, 1, 9, 3, 6, 2, 9, 8, 7, 7, 9, 3, 1, 4, 10, 2, 8, 3, 5, 7, 4, 9, 4, 1, 2, 4, 3, 2, 5, 4, 7]
(0.9951388466913766, 1.0, 0.9981376725562744)
[6, 8, 1, 7, 6, 2, 9, 6, 8, 9, 4, 1, 7, 1, 6, 2, 4, 7, 5, 8, 7, 3, 8, 3, 9, 4, 7, 4, 9, 6, 4, 6, 4, 4, 5, 7, 4, 8, 7, 4, 1, 10, 10, 5, 1, 9, 3, 6, 2, 9, 8, 7, 7, 9, 3, 1, 4, 10, 2, 8, 3, 5, 7, 4, 9, 4, 1, 2, 4, 3, 2, 5, 4, 7]
(0.9951388466913766, 1.0, 0.9981376725562744)
[6, 8, 1, 7, 6, 2, 9, 6, 8, 9, 4, 1, 7, 1, 6, 2, 4, 7, 5, 8, 7, 3, 8, 3, 9, 4, 7, 4, 9, 6, 4, 6, 4, 4, 5, 7, 4, 8, 7, 4, 1, 10, 10, 5, 1, 9, 3, 6, 2, 9, 8, 7, 7, 9, 3, 1, 4, 10, 2, 8, 3, 5, 7, 4, 9, 4, 1, 2, 4, 3, 2, 5, 4, 7]
(0.9951388466913766, 1.0, 0.9981376725562744)
[6, 8, 1, 7, 6, 2, 9, 6, 8, 9, 4, 1, 7, 1, 6, 2, 4, 7, 5, 8, 7, 3, 8, 3, 9, 4, 7, 4, 9, 6, 4, 6, 4, 4, 5, 7, 4, 8, 7, 4, 1, 10, 10, 5, 1, 9, 3, 6, 2, 9, 8, 7, 7, 9, 3, 1, 4, 10, 2, 8, 3, 5, 7, 4, 9, 4, 1, 2, 4, 3, 2, 5, 4, 7]
(0.9951388466913766, 1.0, 0.9981376725562744)
[6, 8, 6, 3, 6, 5, 9, 1, 9, 9, 4, 1, 7, 1, 9, 9, 8, 9, 10, 8, 7, 3, 8, 8, 9, 4, 7, 5, 9, 6, 10, 7, 4, 3, 3, 7, 1, 8, 7, 4, 1, 10, 10, 5, 1, 9, 3, 6, 2, 9, 8, 7, 7, 8, 1, 1, 4, 10, 2, 8, 5, 5, 7, 4, 10, 7, 1, 2, 4, 3, 2, 5, 4, 7]
(0.9951388466913766, 1.0, 0.9981376725562744)
