Matsuoka quadruped, body parameters:[2, 5, 10, 9, 6, 4, 10, 3, 8, 5, 4, 10, 6, 8, 9, 5, 10, 6, 2, 5, 6, 9, 2, 1, 9, 3, 4, 4, 2, 1, 4, 10, 5, 3, 8, 2, 10]
{'b': 0.08000000000000002, 'gam': 0.04000000000000001, 'x0': 0.3, 'c': 4.5, 'a': 0.2}
Inter-module:
[[ 0.  -1.8  0.  -1.8 -1.   0. ]
 [-0.4  0.  -1.  -0.2 -1.2 -0.4]
 [ 0.  -1.2  0.   0.  -0.6 -1. ]
 [-1.8 -1.   0.   0.  -1.8  0. ]
 [-0.2 -1.2 -0.4 -0.4  0.  -1. ]
 [ 0.  -0.6 -1.   0.  -1.2  0. ]]
Intra-module:
[[ 0.  -1.4  0.2]
 [-0.4  0.   1.8]
 [-0.2 -1.4  0. ]]
Bias:[2.  1.4 1.5]
Drive coeff:[ 0.5 -0.5  0.9]
Base period:0.27749999999999997
gen	evals	std                               	min       	avg                               	max                               
0  	92   	[0.04959918 0.         0.        ]	[0. 0. 0.]	[0.01057014 0.         0.        ]	[0.37992224 0.         0.        ]
1  	92   	[0.06785068 0.01594628 0.        ]	[0. 0. 0.]	[0.02160221 0.00167162 0.        ]	[0.37992224 0.15378944 0.        ]
2  	92   	[0.08153032 0.02564503 0.        ]	[0. 0. 0.]	[0.03311935 0.00466129 0.        ]	[0.37992224 0.16018635 0.        ]
3  	92   	[0.09824519 0.0278445  0.        ]	[0. 0. 0.]	[0.05438142 0.0058507  0.        ]	[0.37992224 0.16018635 0.        ]
4  	92   	[0.12219331 0.03828575 0.        ]	[0. 0. 0.]	[0.08080052 0.01095089 0.        ]	[0.50204189 0.17061011 0.        ]
5  	92   	[0.13041099 0.05718259 0.        ]	[0. 0. 0.]	[0.10892259 0.0243749  0.        ]	[0.50204189 0.27007299 0.        ]
6  	92   	[0.13146902 0.06745328 0.03233173]	[0. 0. 0.]	[0.14347353 0.03791522 0.00479647]	[0.50204189 0.27007299 0.24215494]
7  	92   	[0.12311959 0.07897298 0.03797555]	[0. 0. 0.]	[0.18262961 0.05456718 0.00693802]	[0.50204189 0.33985    0.24215494]
8  	92   	[0.15241429 0.08778144 0.04971162]	[0. 0. 0.]	[0.21280344 0.07780088 0.01037798]	[0.79269223 0.33985    0.3164767 ]
9  	92   	[0.13172013 0.10187414 0.09531546]	[0. 0. 0.]	[0.26147231 0.09398219 0.02457934]	[0.79269223 0.33985    0.59152619]
10 	92   	[0.11105531 0.1114655  0.09531546]	[0. 0. 0.]	[0.30185617 0.08945295 0.02457934]	[0.79269223 0.33985    0.59152619]
11 	92   	[0.12191165 0.13328418 0.10419488]	[0. 0. 0.]	[0.33405582 0.08302694 0.03046359]	[0.79269223 0.64912281 0.59152619]
12 	92   	[0.13053403 0.15342791 0.14056606]	[0. 0. 0.]	[0.33821106 0.12130294 0.04731955]	[0.79269223 0.64912281 0.73721154]
13 	92   	[0.15029553 0.1660945  0.1546865 ]	[0. 0. 0.]	[0.34531469 0.16352909 0.05630309]	[0.79269223 0.64912281 0.73721154]
14 	92   	[0.17256236 0.16203723 0.18940091]	[0. 0. 0.]	[0.35696474 0.21850867 0.07678091]	[0.79269223 0.64912281 0.73721154]
15 	92   	[0.16434576 0.17915833 0.20175126]	[0. 0. 0.]	[0.39332084 0.19874498 0.08132334]	[0.79269223 0.64912281 0.73721154]
16 	92   	[0.17893342 0.18514999 0.22450177]	[0. 0. 0.]	[0.39299401 0.22706077 0.10222888]	[0.79269223 0.64912281 0.73721154]
17 	92   	[0.20191393 0.17724322 0.23678083]	[0. 0. 0.]	[0.3970663  0.28640407 0.12082539]	[0.79269223 0.64912281 0.73721154]
18 	92   	[0.22093047 0.16763441 0.24962767]	[0. 0. 0.]	[0.39104724 0.32349653 0.13032333]	[0.89509121 0.64912281 0.73721154]
19 	92   	[0.25989117 0.2090348  0.28037146]	[0. 0. 0.]	[0.35527315 0.37950054 0.17455629]	[0.89509121 0.64912281 0.73721154]
20 	92   	[0.25948615 0.20951879 0.29905349]	[0. 0. 0.]	[0.3817756  0.35157042 0.2247013 ]	[0.89509121 0.64912281 0.73721154]
21 	92   	[0.21415597 0.18108323 0.31840963]	[0. 0. 0.]	[0.46586282 0.29253871 0.28563958]	[0.89509121 0.64912281 0.73721154]
22 	92   	[0.20509858 0.15997994 0.32595672]	[0. 0. 0.]	[0.47978394 0.30401404 0.34989139]	[0.89509121 0.64912281 0.80350576]
23 	92   	[0.18996693 0.1340757  0.30754061]	[0. 0. 0.]	[0.44896169 0.33197038 0.45711387]	[0.89509121 0.64912281 0.80350576]
24 	92   	[0.19276868 0.14109579 0.33291777]	[0. 0. 0.]	[0.52932466 0.37363041 0.37227693]	[0.89509121 0.64912281 0.80350576]
25 	92   	[0.18634966 0.16518807 0.3341672 ]	[0. 0. 0.]	[0.51893718 0.417801   0.31450572]	[0.89509121 0.64912281 0.80350576]
26 	92   	[0.18429266 0.16717557 0.33293703]	[0. 0. 0.]	[0.52513666 0.42840197 0.29363329]	[0.89509121 0.64912281 0.80350576]
27 	92   	[0.19197888 0.16910852 0.32447335]	[0. 0. 0.]	[0.52843728 0.45459401 0.25030488]	[0.89509121 0.64912281 0.80350576]
28 	92   	[0.18689686 0.1881125  0.33353099]	[0. 0. 0.]	[0.50632904 0.46206718 0.30637155]	[0.89509121 1.         0.80350576]
29 	92   	[0.18055454 0.19416568 0.33832105]	[0. 0. 0.]	[0.48488511 0.44876451 0.37796747]	[0.89509121 1.         0.80350576]
30 	92   	[0.17981225 0.190887   0.32290684]	[0. 0. 0.]	[0.47928364 0.41738435 0.42139136]	[0.89509121 1.         0.80350576]
31 	92   	[0.20169435 0.18930859 0.32580331]	[0. 0. 0.]	[0.48287533 0.42445367 0.40575754]	[0.89509121 1.         0.80350576]
32 	92   	[0.24561862 0.19871653 0.33323429]	[0. 0. 0.]	[0.49916892 0.42624057 0.34764598]	[0.89509121 1.         0.80350576]
33 	92   	[0.28323121 0.21181947 0.33723404]	[0. 0. 0.]	[0.50237701 0.43123795 0.3150151 ]	[0.89509121 1.         0.80350576]
34 	92   	[0.28458352 0.19423015 0.31897377]	[0. 0. 0.]	[0.51386735 0.47252974 0.26119898]	[0.89509121 1.         0.80350576]
35 	92   	[0.27336853 0.19842377 0.30490508]	[0. 0. 0.]	[0.53994888 0.45329372 0.28229485]	[0.89509121 1.         0.80350576]
36 	92   	[0.28223395 0.2139604  0.30619933]	[0. 0. 0.]	[0.56268019 0.44461803 0.27123038]	[0.89509121 1.         0.80350576]
37 	92   	[0.23394505 0.23845324 0.30548853]	[0. 0. 0.]	[0.65113747 0.42052372 0.26982909]	[0.89509121 1.         0.80350576]
38 	92   	[0.23646225 0.2614354  0.30221111]	[0. 0. 0.]	[0.6950841  0.41387182 0.23893986]	[0.89509121 1.         0.80350576]
39 	92   	[0.24015063 0.28385558 0.29533664]	[0. 0. 0.]	[0.73810556 0.36967873 0.21201803]	[0.89509121 1.         0.80350576]
40 	92   	[0.34851248 0.26442864 0.34535747]	[0. 0. 0.]	[0.60857422 0.4255751  0.35001645]	[0.89509121 1.         0.80350576]
41 	92   	[0.32801247 0.25344973 0.34672384]	[0. 0. 0.]	[0.59801421 0.4129409  0.38519632]	[0.89509121 1.         0.80350576]
42 	92   	[0.32542093 0.24808487 0.34630354]	[0. 0. 0.]	[0.58278953 0.40843294 0.4118803 ]	[0.89509121 1.         0.80350576]
43 	92   	[0.33601009 0.24602298 0.33865539]	[0. 0. 0.]	[0.54618081 0.40069454 0.4498799 ]	[0.89509121 1.         0.80350576]
44 	92   	[0.33334103 0.1940995  0.22974314]	[0. 0. 0.]	[0.41613064 0.44848304 0.61832471]	[0.89509121 1.         0.80350576]
45 	92   	[0.34462372 0.15580289 0.18163683]	[0.         0.31623932 0.        ]	[0.39819229 0.49218845 0.65170498]	[0.89509121 1.         0.80350576]
46 	92   	[0.26788189 0.14410178 0.16453892]	[0.         0.31623932 0.        ]	[0.56617453 0.41947223 0.58505557]	[0.89509121 1.         0.80350576]
47 	92   	[0.21743907 0.1293288  0.16640627]	[0.         0.31623932 0.        ]	[0.64169624 0.40555857 0.55399376]	[0.89509121 1.         0.80350576]
48 	92   	[0.17775772 0.1221895  0.13866788]	[0.         0.31623932 0.        ]	[0.61752148 0.38258051 0.60528537]	[0.89509121 1.         0.80350576]
49 	92   	[0.1734181  0.15655421 0.13480722]	[0.         0.31623932 0.        ]	[0.58929819 0.43842168 0.58148505]	[0.89509121 1.         0.80350576]
50 	92   	[0.15306324 0.17647155 0.14943627]	[0.         0.31623932 0.        ]	[0.52988966 0.4590864  0.58376043]	[0.89509121 1.         0.80350576]
51 	92   	[0.10250581 0.18384817 0.15252646]	[0.         0.31623932 0.        ]	[0.47468013 0.50996639 0.58638916]	[0.89509121 1.         0.80350576]
52 	92   	[0.09670698 0.18656464 0.13978308]	[0.         0.31623932 0.        ]	[0.46778878 0.50314496 0.61129492]	[0.89509121 1.         0.80350576]
53 	92   	[0.10818916 0.19298577 0.14064072]	[0.         0.31623932 0.        ]	[0.46270047 0.50695884 0.61465998]	[0.89509121 1.         0.80350576]
54 	92   	[0.1506368  0.21893827 0.14433389]	[0.         0.31623932 0.        ]	[0.43725893 0.53688315 0.62355189]	[0.89509121 1.         0.80350576]
55 	92   	[0.15726859 0.22478003 0.14488024]	[0. 0. 0.]                        	[0.43217062 0.53344577 0.62691696]	[0.89509121 1.         0.80350576]
56 	92   	[0.19257822 0.25767711 0.16928147]	[0. 0. 0.]                        	[0.41290849 0.47302018 0.63937058]	[0.89509121 1.         0.80350576]
57 	92   	[0.22434701 0.2752672  0.18953835]	[0. 0. 0.]                        	[0.38081825 0.41801321 0.65855434]	[0.89509121 1.         0.80350576]
58 	92   	[0.25401783 0.31360445 0.2120856 ]	[0. 0. 0.]                        	[0.31975855 0.40902614 0.67774647]	[0.89509121 1.         0.80350576]
59 	92   	[0.24275661 0.29880107 0.24062494]	[0. 0. 0.]                        	[0.34930387 0.48378801 0.64239665]	[0.89509121 1.         0.80350576]
60 	92   	[0.25394433 0.30678457 0.25013992]	[0. 0. 0.]                        	[0.35901118 0.504071   0.64586423]	[0.89509121 1.         0.80350576]
61 	92   	[0.25857726 0.32852306 0.23124493]	[0. 0. 0.]                        	[0.35699979 0.53057259 0.67164542]	[0.89509121 1.         0.80350576]
62 	92   	[0.27975544 0.32398326 0.22371231]	[0. 0. 0.]                        	[0.29485264 0.62205199 0.68830566]	[0.89509121 1.         0.80350576]
63 	92   	[0.29608644 0.32019272 0.25750958]	[0. 0. 0.]                        	[0.26274046 0.67382001 0.66738639]	[0.89509121 1.         0.80350576]
64 	92   	[0.30234789 0.31857312 0.2878908 ]	[0. 0. 0.]                        	[0.18750694 0.73180963 0.64992771]	[0.89509121 1.         0.80350576]
65 	92   	[0.28288989 0.28202481 0.22526952]	[0. 0. 0.]                        	[0.14483296 0.78478063 0.71059489]	[0.89509121 1.         0.80350576]
66 	92   	[0.2779096  0.24456473 0.19269683]	[0. 0. 0.]                        	[0.14454673 0.83645874 0.73948975]	[0.89509121 1.         0.80350576]
67 	92   	[0.27433249 0.25459659 0.19113162]	[0. 0. 0.]                        	[0.15655821 0.87135576 0.74528529]	[0.89509121 1.         0.95715154]
68 	92   	[0.29067103 0.25590804 0.191408  ]	[0. 0. 0.]                        	[0.26157781 0.80072464 0.74543938]	[0.89509121 1.         0.95715154]
69 	92   	[0.2948007  0.24845293 0.19763548]	[0. 0. 0.]                        	[0.33166084 0.75877193 0.73197911]	[0.89509121 1.         0.95715154]
70 	92   	[0.33689458 0.31450474 0.28705145]	[0. 0. 0.]                        	[0.49336702 0.6495042  0.59953418]	[0.89509121 1.         0.95715154]
71 	92   	[0.3389572  0.36133005 0.33111007]	[0. 0. 0.]                        	[0.55010516 0.5745614  0.53072232]	[0.89509121 1.         0.95715154]
72 	92   	[0.33317554 0.35371473 0.33229001]	[0. 0. 0.]                        	[0.55408043 0.5778032  0.53408739]	[0.89509121 1.         0.95715154]
73 	92   	[0.33016516 0.35634503 0.32993289]	[0. 0. 0.]                        	[0.55248865 0.58161709 0.54388471]	[0.89509121 1.         0.95715154]
74 	92   	[0.34484256 0.36297692 0.32648868]	[0. 0. 0.]                        	[0.55733088 0.5832921  0.53272585]	[0.89509121 1.         0.95715154]
75 	92   	[0.34074301 0.38357592 0.32890908]	[0. 0. 0.]                        	[0.53449403 0.63794702 0.54530844]	[0.89509121 1.         0.95715154]
76 	92   	[0.3326081  0.36980589 0.32684299]	[0. 0. 0.]                        	[0.53941108 0.6482445  0.56077234]	[0.89509121 1.         0.95715154]
77 	92   	[0.32157528 0.35600834 0.33234124]	[0. 0. 0.]                        	[0.5608917  0.64004465 0.55601014]	[0.89509121 1.         0.95715154]
78 	92   	[0.3190388  0.36413016 0.35097168]	[0. 0. 0.]                        	[0.53711394 0.63680285 0.55852304]	[0.89509121 1.         0.95715154]
79 	92   	[0.33326684 0.39660118 0.35144813]	[0. 0. 0.]                        	[0.52009617 0.62764953 0.57534278]	[0.89509121 1.         0.95715154]
80 	92   	[0.30444835 0.33908878 0.30315896]	[0. 0. 0.]                        	[0.55372176 0.64652825 0.61208101]	[0.89509121 1.         0.95715154]
81 	92   	[0.30074359 0.33908878 0.30516718]	[0. 0. 0.]                        	[0.55628708 0.64652825 0.61741939]	[0.89509121 1.         0.95715154]
82 	92   	[0.30180407 0.34565128 0.31115573]	[0. 0. 0.]                        	[0.55740011 0.63947257 0.60868563]	[0.89509121 1.         0.95715154]
83 	92   	[0.29652649 0.34565128 0.30659806]	[0. 0. 0.]                        	[0.5541361  0.63947257 0.61908945]	[0.89509121 1.         0.95715154]
84 	92   	[0.27155306 0.34670222 0.32150293]	[0. 0. 0.]                        	[0.58403513 0.60629179 0.60556855]	[0.89509121 1.         0.95715154]
85 	92   	[0.23364973 0.29364547 0.27043771]	[0.23600933 0.         0.        ]	[0.6072181  0.60362696 0.66022688]	[0.89509121 1.         0.95715154]
86 	92   	[0.20665535 0.22485221 0.24114179]	[0.23600933 0.         0.        ]	[0.64913314 0.61926388 0.66932405]	[0.89509121 1.         0.95715154]
87 	92   	[0.20227967 0.25017282 0.27583584]	[0.23600933 0.         0.        ]	[0.69833863 0.59809683 0.62596388]	[0.89509121 1.         0.95715154]
88 	92   	[0.19068664 0.17622778 0.22484596]	[0.23600933 0.         0.        ]	[0.70621704 0.66217006 0.66154108]	[0.89509121 1.         0.95715154]
89 	92   	[0.24892868 0.26425326 0.21902865]	[0.23600933 0.         0.        ]	[0.59966427 0.69878333 0.70615483]	[0.89509121 1.         0.95715154]
90 	92   	[0.26116134 0.32998478 0.22680485]	[0. 0. 0.]                        	[0.55202827 0.64233787 0.7365435 ]	[0.89509121 1.         0.97810672]
91 	92   	[0.26364695 0.35956658 0.23176883]	[0. 0. 0.]                        	[0.50362106 0.64024024 0.77004453]	[0.89509121 1.         0.97810672]
92 	92   	[0.26424507 0.35956658 0.23255616]	[0. 0. 0.]                        	[0.50295375 0.64024024 0.77171459]	[0.89509121 1.         0.97810672]
93 	92   	[0.26333107 0.36149625 0.23074493]	[0. 0. 0.]                        	[0.49757016 0.64405412 0.77507966]	[0.89509121 1.         0.97810672]
94 	92   	[0.26333107 0.36149625 0.23074493]	[0. 0. 0.]                        	[0.49757016 0.64405412 0.77507966]	[0.89509121 1.         0.97810672]
95 	92   	[0.2607788  0.37500433 0.27751944]	[0. 0. 0.]                        	[0.4635265  0.65225397 0.75357996]	[0.89509121 1.         0.97810672]
96 	92   	[0.26672577 0.37140466 0.23332564]	[0. 0. 0.]                        	[0.46073961 0.6446262  0.78635545]	[0.89509121 1.         0.97810672]
97 	92   	[0.27553783 0.33179057 0.24573434]	[0. 0. 0.]                        	[0.47421161 0.69077418 0.77428156]	[0.89509121 1.         0.97810672]
98 	92   	[0.26099388 0.32935491 0.24321561]	[0. 0. 0.]                        	[0.46572557 0.71334109 0.77839827]	[0.89509121 1.         0.97810672]
99 	92   	[0.25963546 0.32433221 0.24080644]	[0. 0. 0.]                        	[0.45540411 0.73183842 0.78846853]	[0.89509121 1.         0.97810672]
100	92   	[0.26413547 0.208124   0.23615298]	[0. 0. 0.]                        	[0.47434037 0.82502285 0.78484131]	[0.89509121 1.         0.97810672]
101	92   	[0.25605236 0.20720607 0.24494657]	[0. 0. 0.]                        	[0.44337427 0.84409226 0.79253984]	[0.89509121 1.         0.97810672]
102	92   	[0.25726917 0.20580699 0.24694654]	[0. 0. 0.]                        	[0.43865969 0.85553391 0.80937479]	[0.89509121 1.         0.97810672]
103	92   	[0.27372095 0.20082383 0.29980424]	[0. 0. 0.]                        	[0.52880274 0.80194397 0.75237044]	[0.89509121 1.         0.97810672]
104	92   	[0.27194176 0.19390546 0.33948745]	[0. 0. 0.]                        	[0.54842201 0.76761902 0.72381241]	[0.89509121 1.         0.97810672]
105	92   	[0.27346431 0.19498493 0.35821884]	[0. 0. 0.]                        	[0.57155536 0.77143291 0.68926082]	[0.89509121 1.         0.97810672]
106	92   	[0.27305019 0.19774723 0.33632717]	[0. 0. 0.]                        	[0.56931392 0.78287455 0.71713216]	[0.89509121 1.         0.97810672]
107	92   	[0.26924832 0.19598426 0.31459368]	[0. 0. 0.]                        	[0.56058587 0.77524679 0.75502388]	[0.89509121 1.         0.97810672]
108	92   	[0.27295573 0.19498493 0.29729324]	[0. 0. 0.]                        	[0.53886803 0.77143291 0.78251177]	[0.89509121 1.         0.97810672]
109	92   	[0.27728431 0.19793368 0.28691252]	[0. 0. 0.]                        	[0.53025181 0.77341414 0.79481343]	[0.89509121 1.         0.97810672]
110	92   	[0.2765985  0.20054239 0.27454822]	[0. 0. 0.]                        	[0.52189949 0.78485579 0.80354719]	[0.89509121 1.         0.97810672]
111	92   	[0.27976762 0.19974944 0.27407568]	[0. 0. 0.]                        	[0.53489275 0.78104191 0.80187712]	[0.89509121 1.         0.97810672]
112	92   	[0.28199616 0.1993076  0.26130844]	[0. 0. 0.]                        	[0.5341501  0.7853576  0.81228094]	[0.89509121 1.         0.97810672]
113	92   	[0.2855642  0.19845239 0.24744745]	[0. 0. 0.]                        	[0.53990408 0.78988022 0.82268477]	[0.89509121 1.         0.97810672]
114	92   	[0.28776078 0.19908125 0.23195113]	[0. 0. 0.]                        	[0.53916143 0.7936941  0.83141852]	[0.89509121 1.         0.97810672]
115	92   	[0.29225392 0.19845239 0.23122163]	[0. 0. 0.]                        	[0.58572725 0.78988022 0.8280784 ]	[0.89509121 1.         0.97810672]
116	92   	[0.24990739 0.15057363 0.29698967]	[0. 0. 0.]                        	[0.71547479 0.69071928 0.74561472]	[0.89509121 1.         0.97810672]
117	92   	[0.23699105 0.13956633 0.27098859]	[0. 0. 0.]                        	[0.75111358 0.67927763 0.75306186]	[0.89509121 1.         0.97810672]
118	92   	[0.22508389 0.12916918 0.24360852]	[0. 0. 0.]                        	[0.77561479 0.67272678 0.76384912]	[0.89509121 1.         0.97810672]
119	92   	[0.20966673 0.11962515 0.21218547]	[0. 0. 0.]                        	[0.800116   0.66509901 0.77463639]	[0.89509121 1.         0.97810672]
120	92   	[0.18630073 0.10871665 0.17363101]	[0. 0. 0.]                        	[0.82925816 0.65747125 0.78375359]	[0.89509121 1.         0.97810672]
121	92   	[0.14828536 0.08868385 0.12290863]	[0. 0. 0.]                        	[0.860256   0.6460296  0.79287079]	[0.89509121 1.         0.97810672]
122	92   	[0.11722642 0.05433061 0.02878661]	[0.         0.48051948 0.77560698]	[0.87221132 0.65491793 0.80844047]	[0.89509121 1.         0.97810672]
123	92   	[0.11722642 0.05433061 0.02878661]	[0.         0.48051948 0.77560698]	[0.87221132 0.65491793 0.80844047]	[0.89509121 1.         0.97810672]
124	92   	[0.12031616 0.06504822 0.02898328]	[0.         0.48051948 0.77560698]	[0.86910883 0.65873181 0.80813722]	[0.89509121 1.         0.97810672]
125	92   	[0.12604013 0.08187128 0.02936326]	[0.         0.48051948 0.77560698]	[0.86290386 0.66635957 0.80753073]	[0.89509121 1.         0.97810672]
126	92   	[0.16193082 0.12420061 0.04363404]	[0.         0.48051948 0.77560698]	[0.81952019 0.69687064 0.811785  ]	[0.89509121 1.         0.97810672]
127	92   	[0.18142791 0.17640818 0.062115  ]	[0.         0.48051948 0.77560698]	[0.70326644 0.79984546 0.81528775]	[0.89509121 1.         0.97810672]
128	92   	[0.20345084 0.18719539 0.06653103]	[0.         0.20903955 0.61599407]	[0.69348729 0.77689686 0.81643588]	[0.89509121 1.         0.97810672]
129	92   	[0.21654695 0.20707048 0.10819383]	[0. 0. 0.]                        	[0.7346465  0.66921999 0.82278875]	[0.89509121 1.         0.97810672]
130	92   	[0.23512282 0.1493223  0.13919361]	[0. 0. 0.]                        	[0.75764933 0.63050908 0.8230074 ]	[0.89509121 1.         0.97810672]
131	92   	[0.22358784 0.05433061 0.07708096]	[0.         0.48051948 0.80350576]	[0.6726507  0.65491793 0.88055642]	[0.89509121 1.         0.97810672]
132	92   	[0.22358784 0.05433061 0.07708096]	[0.         0.48051948 0.80350576]	[0.6726507  0.65491793 0.88055642]	[0.89509121 1.         0.97810672]
133	92   	[0.22358784 0.05433061 0.07708096]	[0.         0.48051948 0.80350576]	[0.6726507  0.65491793 0.88055642]	[0.89509121 1.         0.97810672]
134	92   	[0.22358784 0.05433061 0.07708096]	[0.         0.48051948 0.80350576]	[0.6726507  0.65491793 0.88055642]	[0.89509121 1.         0.97810672]
135	92   	[0.22335363 0.05433061 0.07705793]	[0.         0.48051948 0.80350576]	[0.66800976 0.65491793 0.88222648]	[0.89509121 1.         0.97810672]
136	92   	[0.22358784 0.05433061 0.07708096]	[0.         0.48051948 0.80350576]	[0.6726507  0.65491793 0.88055642]	[0.89509121 1.         0.97810672]
137	92   	[0.22358784 0.05433061 0.07708096]	[0.         0.48051948 0.80350576]	[0.6726507  0.65491793 0.88055642]	[0.89509121 1.         0.97810672]
138	92   	[0.22742926 0.06128541 0.07730962]	[0.         0.3814433  0.80350576]	[0.66520489 0.65200837 0.88245426]	[0.89509121 1.         0.97810672]
139	92   	[0.22742926 0.06128541 0.07730962]	[0.         0.3814433  0.80350576]	[0.66520489 0.65200837 0.88245426]	[0.89509121 1.         0.97810672]
140	92   	[0.22742926 0.06128541 0.07730962]	[0.         0.3814433  0.80350576]	[0.66520489 0.65200837 0.88245426]	[0.89509121 1.         0.97810672]
141	92   	[0.22742926 0.06128541 0.07730962]	[0.         0.3814433  0.80350576]	[0.66520489 0.65200837 0.88245426]	[0.89509121 1.         0.97810672]
142	92   	[0.21665696 0.0511686  0.11928413]	[0.25736668 0.64912281 0.        ]	[0.67544816 0.65675057 0.87182266]	[0.89509121 1.         0.97810672]
143	92   	[0.21647523 0.0511686  0.07705793]	[0.25736668 0.64912281 0.80350576]	[0.67080722 0.65675057 0.88222648]	[0.89509121 1.         0.97810672]
144	92   	[0.21647523 0.0511686  0.07705793]	[0.25736668 0.64912281 0.80350576]	[0.67080722 0.65675057 0.88222648]	[0.89509121 1.         0.97810672]
145	92   	[0.21665696 0.0511686  0.07708096]	[0.25736668 0.64912281 0.80350576]	[0.67544816 0.65675057 0.88055642]	[0.89509121 1.         0.97810672]
146	92   	[0.21647523 0.0511686  0.07705793]	[0.25736668 0.64912281 0.80350576]	[0.67080722 0.65675057 0.88222648]	[0.89509121 1.         0.97810672]
147	92   	[0.21665696 0.0511686  0.07708096]	[0.25736668 0.64912281 0.80350576]	[0.67544816 0.65675057 0.88055642]	[0.89509121 1.         0.97810672]
148	92   	[0.21647523 0.0511686  0.07705793]	[0.25736668 0.64912281 0.80350576]	[0.67080722 0.65675057 0.88222648]	[0.89509121 1.         0.97810672]
149	92   	[0.21647523 0.0511686  0.07705793]	[0.25736668 0.64912281 0.80350576]	[0.67080722 0.65675057 0.88222648]	[0.89509121 1.         0.97810672]
[8, 7, 9, 10, 10, 8, 2, 1, 1, 1, 9, 10, 9, 3, 10, 10, 6, 1, 3, 7, 1, 10, 3, 5, 7, 7, 7, 2, 3, 6, 3, 7, 1, 3, 4, 10, 6, 10, 7, 8, 8, 9, 5, 5, 7, 8, 1, 6, 3, 2, 6, 1, 1, 2, 8, 9, 10, 7, 10, 4, 6, 3, 2, 8, 2, 5, 2, 7, 1, 3, 10, 9, 4, 1]
(0.2573666794228216, 0.6491228070175452, 0.9781067215632471)
[8, 7, 9, 10, 10, 8, 2, 1, 1, 1, 9, 10, 4, 3, 10, 10, 6, 1, 3, 7, 1, 10, 4, 5, 7, 7, 7, 2, 3, 6, 3, 7, 1, 10, 10, 10, 6, 10, 7, 8, 8, 9, 7, 10, 9, 8, 1, 1, 8, 2, 5, 1, 1, 2, 8, 9, 10, 7, 10, 6, 6, 3, 2, 8, 2, 5, 7, 7, 1, 3, 10, 9, 6, 1]
(0.46812430905294256, 0.6491228070175462, 0.9571515364691618)
[8, 7, 9, 10, 10, 8, 2, 1, 1, 1, 9, 7, 9, 3, 10, 10, 6, 1, 3, 7, 1, 10, 3, 5, 7, 7, 7, 2, 3, 6, 3, 7, 1, 10, 4, 10, 6, 10, 7, 8, 8, 9, 7, 10, 9, 8, 1, 6, 3, 2, 6, 1, 1, 2, 8, 9, 10, 7, 10, 4, 6, 3, 2, 8, 2, 5, 7, 7, 1, 3, 10, 9, 4, 1]
(0.46812430905294256, 0.6491228070175462, 0.9571515364691618)
[8, 7, 9, 10, 10, 8, 2, 1, 1, 1, 9, 7, 4, 3, 10, 10, 6, 1, 3, 7, 1, 10, 4, 5, 7, 7, 7, 2, 3, 6, 3, 7, 1, 10, 4, 10, 6, 10, 7, 8, 8, 9, 7, 10, 9, 8, 1, 6, 3, 2, 6, 1, 1, 2, 8, 9, 10, 7, 10, 4, 6, 3, 2, 8, 2, 5, 7, 7, 1, 3, 10, 9, 4, 1]
(0.46812430905294256, 0.6491228070175462, 0.9571515364691618)
[8, 7, 9, 10, 10, 8, 2, 1, 1, 1, 9, 7, 9, 3, 10, 10, 6, 1, 3, 7, 1, 10, 3, 5, 7, 7, 7, 2, 3, 6, 3, 7, 1, 10, 4, 10, 6, 10, 7, 8, 8, 9, 7, 10, 9, 8, 1, 6, 3, 2, 6, 1, 1, 2, 8, 9, 10, 7, 10, 4, 6, 3, 2, 8, 2, 5, 7, 7, 1, 3, 10, 9, 4, 1]
(0.46812430905294256, 0.6491228070175462, 0.9571515364691618)
[8, 7, 9, 10, 10, 8, 2, 1, 5, 1, 9, 7, 9, 3, 1, 10, 6, 1, 3, 7, 1, 10, 3, 5, 7, 7, 7, 2, 3, 6, 3, 7, 1, 10, 4, 10, 6, 10, 7, 8, 8, 9, 7, 10, 9, 8, 1, 6, 3, 2, 6, 1, 1, 2, 8, 9, 10, 7, 10, 4, 6, 3, 2, 8, 2, 5, 7, 7, 1, 3, 10, 9, 4, 1]
(0.46812430905294256, 0.6491228070175462, 0.9571515364691618)
[8, 7, 9, 10, 10, 8, 2, 1, 1, 1, 9, 7, 4, 3, 10, 10, 6, 1, 3, 7, 1, 10, 4, 5, 7, 7, 7, 2, 3, 6, 3, 7, 1, 10, 4, 10, 6, 10, 7, 8, 8, 9, 7, 10, 9, 8, 1, 6, 3, 2, 6, 1, 1, 2, 8, 9, 10, 7, 10, 4, 6, 3, 2, 8, 2, 5, 7, 7, 1, 3, 10, 9, 4, 1]
(0.46812430905294256, 0.6491228070175462, 0.9571515364691618)
[8, 7, 9, 10, 10, 8, 2, 1, 1, 1, 9, 10, 4, 3, 10, 10, 6, 1, 3, 7, 1, 10, 4, 5, 7, 7, 7, 2, 3, 6, 3, 7, 1, 10, 10, 10, 6, 10, 7, 8, 8, 9, 7, 10, 9, 8, 1, 1, 8, 2, 5, 1, 1, 2, 8, 9, 10, 7, 10, 6, 6, 3, 2, 8, 2, 5, 7, 7, 1, 3, 10, 9, 6, 1]
(0.46812430905294256, 0.6491228070175462, 0.9571515364691618)
[8, 7, 9, 10, 10, 8, 2, 1, 1, 1, 9, 7, 9, 3, 10, 10, 6, 1, 3, 7, 1, 10, 3, 5, 7, 7, 7, 2, 3, 6, 3, 7, 1, 10, 4, 10, 6, 10, 7, 8, 8, 9, 7, 10, 9, 8, 1, 6, 3, 2, 6, 1, 1, 2, 8, 9, 10, 7, 10, 4, 6, 3, 2, 8, 2, 5, 7, 7, 1, 3, 10, 9, 4, 1]
(0.46812430905294256, 0.6491228070175462, 0.9571515364691618)
[8, 7, 9, 10, 10, 8, 2, 1, 1, 1, 9, 10, 4, 3, 10, 10, 6, 1, 3, 7, 1, 10, 4, 5, 7, 7, 7, 2, 3, 6, 3, 7, 1, 10, 10, 10, 6, 10, 7, 8, 8, 9, 7, 10, 9, 8, 1, 1, 8, 2, 5, 1, 1, 2, 8, 9, 10, 7, 10, 6, 6, 3, 2, 8, 2, 5, 7, 7, 1, 3, 10, 9, 6, 1]
(0.46812430905294256, 0.6491228070175462, 0.9571515364691618)
[8, 7, 9, 10, 10, 8, 2, 1, 1, 1, 9, 7, 9, 3, 10, 10, 6, 1, 3, 7, 1, 10, 3, 5, 7, 7, 7, 2, 3, 6, 3, 7, 1, 10, 4, 10, 6, 10, 7, 8, 8, 9, 7, 10, 9, 8, 1, 6, 3, 2, 6, 1, 1, 2, 8, 9, 10, 7, 10, 4, 6, 3, 2, 8, 2, 5, 7, 7, 1, 3, 10, 9, 4, 1]
(0.46812430905294256, 0.6491228070175462, 0.9571515364691618)
[8, 7, 9, 10, 10, 8, 2, 1, 1, 1, 9, 7, 4, 3, 10, 10, 6, 1, 3, 7, 1, 10, 4, 5, 7, 7, 7, 2, 3, 6, 3, 7, 1, 10, 4, 10, 6, 10, 7, 8, 8, 9, 7, 10, 9, 8, 1, 6, 3, 2, 6, 1, 1, 2, 8, 9, 10, 7, 10, 4, 6, 3, 2, 8, 2, 5, 7, 7, 1, 3, 10, 9, 4, 1]
(0.46812430905294256, 0.6491228070175462, 0.9571515364691618)
[8, 7, 9, 10, 10, 8, 2, 1, 1, 1, 9, 10, 4, 3, 10, 10, 6, 1, 3, 7, 1, 10, 4, 5, 7, 7, 7, 2, 3, 6, 3, 7, 1, 10, 10, 10, 6, 10, 7, 8, 8, 9, 7, 10, 9, 8, 1, 1, 8, 2, 5, 1, 1, 2, 8, 9, 10, 7, 10, 6, 6, 3, 2, 8, 2, 5, 7, 7, 1, 3, 10, 9, 6, 1]
(0.46812430905294256, 0.6491228070175462, 0.9571515364691618)
[8, 7, 9, 10, 10, 8, 2, 1, 1, 1, 9, 10, 4, 3, 10, 10, 6, 1, 3, 7, 1, 10, 4, 5, 7, 7, 7, 2, 3, 6, 3, 7, 1, 10, 10, 10, 6, 10, 7, 8, 8, 9, 7, 10, 9, 8, 1, 1, 8, 2, 5, 1, 1, 2, 8, 9, 10, 7, 10, 6, 6, 3, 2, 8, 2, 5, 7, 7, 1, 3, 10, 9, 6, 1]
(0.46812430905294256, 0.6491228070175462, 0.9571515364691618)
[8, 7, 9, 10, 10, 8, 2, 1, 1, 2, 9, 7, 4, 3, 10, 10, 6, 1, 3, 7, 1, 10, 4, 5, 7, 7, 7, 2, 3, 6, 3, 7, 1, 10, 4, 10, 6, 10, 7, 8, 8, 9, 7, 10, 9, 8, 1, 6, 3, 2, 6, 1, 1, 2, 8, 9, 10, 7, 10, 4, 3, 3, 2, 8, 2, 5, 7, 7, 1, 3, 10, 9, 4, 1]
(0.46812430905294256, 0.6491228070175462, 0.9571515364691618)
[8, 7, 9, 10, 10, 8, 8, 5, 5, 5, 6, 9, 10, 7, 10, 10, 6, 1, 3, 7, 1, 10, 4, 5, 7, 7, 7, 2, 3, 6, 3, 7, 1, 10, 4, 10, 6, 10, 7, 8, 8, 9, 5, 10, 9, 8, 1, 6, 3, 2, 6, 1, 1, 2, 8, 9, 10, 7, 10, 4, 3, 3, 2, 4, 2, 5, 7, 7, 1, 3, 10, 9, 4, 1]
(0.46812430905294256, 0.6491228070175462, 0.9571515364691618)
[8, 7, 9, 10, 10, 8, 2, 1, 1, 1, 9, 7, 4, 3, 10, 10, 6, 1, 3, 7, 1, 10, 3, 5, 7, 7, 7, 2, 3, 6, 3, 7, 1, 10, 4, 10, 6, 10, 7, 8, 8, 9, 7, 10, 9, 8, 1, 6, 3, 2, 6, 1, 1, 2, 8, 9, 10, 7, 10, 4, 6, 3, 2, 8, 2, 5, 7, 7, 1, 3, 10, 9, 4, 1]
(0.46812430905294256, 0.6491228070175462, 0.9571515364691618)
[8, 7, 9, 10, 10, 8, 2, 1, 1, 1, 9, 7, 4, 3, 10, 10, 6, 1, 3, 7, 1, 10, 4, 5, 7, 7, 7, 2, 3, 6, 3, 7, 1, 10, 4, 10, 6, 10, 7, 8, 8, 9, 7, 10, 9, 8, 1, 6, 3, 2, 6, 1, 1, 2, 8, 9, 10, 7, 10, 4, 6, 3, 2, 8, 2, 5, 7, 7, 1, 3, 10, 9, 4, 1]
(0.46812430905294256, 0.6491228070175462, 0.9571515364691618)
[8, 7, 9, 10, 10, 8, 2, 1, 1, 1, 9, 7, 4, 3, 10, 10, 6, 1, 3, 7, 1, 10, 4, 5, 7, 7, 7, 2, 3, 6, 3, 7, 1, 10, 4, 10, 6, 10, 7, 8, 8, 9, 7, 10, 9, 8, 1, 6, 3, 2, 6, 1, 1, 2, 8, 9, 10, 7, 10, 4, 6, 3, 2, 8, 2, 5, 7, 7, 1, 3, 10, 9, 4, 1]
(0.46812430905294256, 0.6491228070175462, 0.9571515364691618)
[8, 7, 9, 10, 10, 8, 2, 1, 1, 1, 9, 7, 4, 3, 10, 10, 6, 1, 3, 7, 1, 10, 4, 5, 7, 7, 7, 2, 3, 6, 3, 7, 1, 10, 4, 10, 6, 10, 7, 8, 8, 9, 7, 10, 9, 8, 1, 6, 3, 2, 6, 1, 1, 2, 8, 9, 10, 7, 10, 4, 6, 3, 2, 8, 2, 5, 7, 7, 1, 3, 10, 9, 4, 1]
(0.46812430905294256, 0.6491228070175462, 0.9571515364691618)
[8, 7, 9, 10, 10, 8, 2, 1, 1, 1, 9, 7, 4, 3, 10, 10, 6, 1, 3, 7, 1, 10, 4, 5, 7, 7, 7, 2, 3, 6, 3, 7, 1, 10, 4, 10, 6, 10, 7, 8, 8, 9, 7, 10, 9, 8, 1, 6, 3, 2, 6, 1, 1, 2, 8, 9, 10, 7, 10, 4, 6, 3, 2, 8, 2, 5, 7, 7, 1, 3, 10, 9, 4, 1]
(0.46812430905294256, 0.6491228070175462, 0.9571515364691618)
[8, 7, 9, 10, 10, 8, 8, 5, 5, 5, 6, 9, 10, 7, 10, 10, 6, 1, 3, 7, 1, 10, 4, 5, 7, 7, 7, 2, 3, 6, 3, 7, 1, 10, 4, 10, 6, 10, 7, 8, 8, 9, 5, 10, 9, 8, 1, 6, 3, 2, 6, 1, 1, 2, 8, 9, 10, 7, 10, 4, 3, 3, 2, 4, 2, 5, 7, 7, 1, 3, 10, 9, 4, 1]
(0.46812430905294256, 0.6491228070175462, 0.9571515364691618)
[8, 7, 9, 10, 10, 8, 2, 1, 1, 1, 9, 7, 4, 3, 10, 10, 6, 1, 3, 7, 1, 10, 4, 5, 7, 7, 7, 2, 3, 6, 3, 7, 1, 10, 4, 10, 6, 10, 7, 8, 8, 9, 7, 10, 9, 8, 1, 6, 3, 2, 6, 1, 1, 2, 8, 9, 10, 7, 10, 4, 6, 3, 2, 8, 2, 5, 7, 7, 1, 3, 10, 9, 4, 1]
(0.46812430905294256, 0.6491228070175462, 0.9571515364691618)
[8, 7, 9, 10, 10, 8, 2, 1, 5, 1, 9, 7, 9, 3, 2, 10, 6, 1, 3, 7, 1, 10, 3, 5, 7, 7, 7, 2, 3, 6, 3, 7, 1, 10, 10, 10, 6, 10, 7, 8, 8, 9, 7, 10, 9, 8, 1, 1, 8, 2, 5, 1, 1, 2, 8, 9, 10, 7, 10, 6, 6, 3, 2, 8, 2, 5, 7, 7, 1, 3, 10, 9, 4, 1]
(0.46812430905294256, 0.6491228070175462, 0.9571515364691618)
[8, 7, 9, 10, 10, 8, 2, 1, 5, 1, 9, 7, 9, 3, 1, 10, 6, 1, 3, 7, 1, 10, 3, 5, 7, 7, 7, 2, 3, 6, 3, 7, 1, 10, 4, 10, 6, 10, 7, 8, 8, 9, 7, 10, 9, 8, 1, 6, 3, 2, 6, 1, 1, 2, 8, 9, 10, 7, 10, 4, 6, 3, 2, 8, 2, 5, 7, 7, 1, 3, 10, 9, 4, 1]
(0.46812430905294256, 0.6491228070175462, 0.9571515364691618)
[8, 7, 9, 10, 10, 8, 2, 1, 1, 1, 9, 10, 4, 3, 10, 10, 6, 1, 3, 7, 1, 10, 4, 5, 7, 7, 7, 2, 3, 6, 3, 7, 1, 10, 10, 10, 6, 10, 7, 8, 8, 9, 7, 10, 9, 8, 1, 1, 8, 2, 5, 1, 1, 2, 8, 9, 10, 7, 10, 6, 6, 3, 2, 8, 2, 5, 7, 7, 1, 3, 10, 9, 4, 1]
(0.46812430905294256, 0.6491228070175462, 0.9571515364691618)
[8, 7, 9, 10, 10, 8, 2, 1, 1, 1, 9, 7, 4, 3, 10, 10, 6, 1, 3, 7, 1, 10, 3, 5, 7, 7, 7, 2, 3, 6, 3, 7, 1, 10, 4, 10, 6, 10, 7, 8, 8, 9, 7, 10, 9, 8, 1, 6, 3, 2, 6, 1, 1, 2, 8, 9, 10, 7, 10, 4, 6, 3, 2, 8, 2, 5, 7, 7, 1, 3, 10, 9, 4, 1]
(0.46812430905294256, 0.6491228070175462, 0.9571515364691618)
[8, 7, 9, 10, 10, 8, 2, 1, 1, 1, 9, 7, 9, 3, 10, 10, 6, 1, 3, 7, 1, 10, 3, 5, 7, 7, 7, 2, 3, 6, 3, 7, 1, 10, 4, 10, 6, 10, 7, 8, 8, 9, 7, 10, 9, 8, 1, 6, 3, 2, 6, 1, 1, 2, 8, 9, 10, 7, 10, 4, 6, 3, 2, 8, 2, 5, 7, 7, 1, 3, 10, 9, 4, 1]
(0.46812430905294256, 0.6491228070175462, 0.9571515364691618)
[8, 7, 9, 10, 10, 8, 2, 1, 1, 1, 9, 7, 4, 3, 10, 10, 6, 1, 3, 7, 1, 10, 3, 5, 7, 7, 7, 2, 3, 6, 3, 7, 1, 10, 4, 10, 6, 10, 7, 8, 8, 9, 7, 10, 9, 8, 1, 6, 3, 2, 6, 1, 1, 2, 8, 9, 10, 7, 10, 4, 6, 3, 2, 8, 2, 5, 7, 7, 1, 3, 10, 9, 4, 1]
(0.46812430905294256, 0.6491228070175462, 0.9571515364691618)
[8, 7, 9, 10, 10, 8, 2, 1, 1, 2, 9, 7, 4, 3, 10, 10, 6, 1, 3, 7, 1, 10, 4, 5, 7, 7, 7, 2, 3, 6, 3, 7, 1, 10, 4, 10, 6, 10, 7, 8, 8, 9, 7, 10, 9, 8, 1, 6, 3, 2, 6, 1, 1, 2, 8, 9, 10, 7, 10, 4, 3, 3, 2, 8, 2, 5, 7, 7, 1, 3, 10, 9, 4, 1]
(0.46812430905294256, 0.6491228070175462, 0.9571515364691618)
[8, 7, 9, 10, 10, 8, 2, 1, 1, 1, 9, 7, 9, 3, 10, 10, 6, 1, 3, 7, 1, 10, 3, 5, 7, 7, 7, 2, 3, 6, 3, 7, 1, 10, 4, 10, 6, 10, 7, 8, 8, 9, 7, 10, 9, 8, 1, 6, 3, 2, 6, 1, 1, 2, 8, 9, 10, 7, 10, 4, 6, 3, 2, 8, 2, 5, 7, 7, 1, 3, 10, 9, 4, 1]
(0.46812430905294256, 0.6491228070175462, 0.9571515364691618)
[8, 7, 9, 10, 10, 8, 2, 1, 1, 1, 9, 7, 4, 3, 10, 10, 6, 1, 3, 7, 1, 10, 4, 5, 7, 7, 7, 2, 3, 6, 3, 7, 1, 10, 4, 10, 6, 10, 7, 8, 8, 9, 7, 10, 9, 8, 1, 6, 3, 2, 6, 1, 1, 2, 8, 9, 10, 7, 10, 4, 6, 3, 2, 8, 2, 5, 7, 7, 1, 3, 10, 9, 4, 1]
(0.46812430905294256, 0.6491228070175462, 0.9571515364691618)
[8, 7, 9, 10, 10, 8, 2, 1, 1, 1, 9, 7, 4, 3, 10, 10, 6, 1, 3, 7, 1, 10, 4, 5, 7, 7, 7, 2, 3, 6, 3, 7, 1, 10, 4, 10, 6, 10, 7, 8, 8, 9, 7, 10, 9, 8, 1, 6, 3, 2, 6, 1, 1, 2, 8, 9, 10, 7, 10, 4, 6, 3, 2, 8, 2, 5, 7, 7, 1, 3, 10, 9, 4, 1]
(0.46812430905294256, 0.6491228070175462, 0.9571515364691618)
[8, 7, 9, 10, 10, 8, 2, 1, 1, 1, 9, 10, 4, 3, 10, 10, 6, 1, 3, 7, 1, 10, 4, 5, 7, 7, 7, 2, 3, 6, 3, 7, 1, 10, 10, 10, 6, 10, 7, 8, 8, 9, 7, 10, 9, 8, 1, 1, 8, 2, 5, 1, 1, 2, 8, 9, 10, 7, 10, 6, 6, 3, 2, 8, 2, 5, 7, 7, 1, 3, 10, 9, 6, 1]
(0.46812430905294256, 0.6491228070175462, 0.9571515364691618)
[8, 7, 9, 10, 10, 8, 2, 1, 1, 1, 9, 10, 4, 3, 10, 10, 6, 1, 3, 7, 1, 10, 4, 5, 7, 7, 7, 2, 3, 6, 3, 7, 1, 10, 10, 10, 6, 10, 7, 8, 8, 9, 7, 10, 9, 8, 1, 1, 8, 2, 5, 1, 1, 2, 8, 9, 10, 7, 10, 6, 6, 3, 2, 8, 2, 5, 7, 7, 1, 3, 10, 9, 6, 1]
(0.46812430905294256, 0.6491228070175462, 0.9571515364691618)
[8, 7, 9, 10, 10, 8, 2, 1, 1, 1, 9, 10, 4, 3, 10, 10, 6, 1, 3, 7, 1, 10, 4, 5, 7, 7, 7, 2, 3, 6, 3, 7, 1, 10, 10, 10, 6, 10, 7, 8, 8, 9, 7, 10, 9, 8, 1, 1, 8, 2, 5, 1, 1, 2, 8, 9, 10, 7, 10, 6, 6, 3, 2, 8, 2, 5, 7, 7, 1, 3, 10, 9, 4, 1]
(0.46812430905294256, 0.6491228070175462, 0.9571515364691618)
[8, 7, 9, 10, 10, 8, 2, 1, 1, 1, 9, 7, 9, 3, 10, 10, 6, 1, 3, 7, 1, 10, 3, 5, 7, 7, 7, 2, 3, 6, 3, 7, 1, 10, 4, 10, 6, 10, 7, 8, 8, 9, 7, 10, 9, 8, 1, 6, 3, 2, 6, 1, 1, 2, 8, 9, 10, 7, 10, 4, 6, 3, 2, 8, 2, 5, 7, 7, 1, 3, 10, 9, 4, 1]
(0.46812430905294256, 0.6491228070175462, 0.9571515364691618)
[8, 7, 9, 10, 10, 8, 2, 1, 1, 2, 9, 7, 4, 3, 10, 10, 6, 1, 3, 7, 1, 10, 4, 5, 7, 7, 7, 2, 3, 6, 3, 7, 1, 10, 4, 10, 6, 10, 7, 8, 8, 9, 7, 10, 9, 8, 1, 6, 3, 2, 6, 1, 1, 2, 8, 9, 10, 7, 10, 4, 3, 3, 2, 8, 2, 5, 7, 7, 1, 3, 10, 9, 4, 1]
(0.46812430905294256, 0.6491228070175462, 0.9571515364691618)
[8, 7, 9, 10, 10, 8, 2, 1, 1, 1, 9, 7, 9, 3, 10, 10, 6, 1, 3, 7, 1, 10, 3, 5, 7, 7, 7, 2, 3, 6, 3, 7, 1, 10, 4, 10, 6, 10, 7, 8, 8, 9, 7, 10, 9, 8, 1, 6, 3, 2, 6, 1, 1, 2, 8, 9, 10, 7, 10, 4, 6, 3, 2, 8, 2, 5, 7, 7, 1, 3, 10, 9, 4, 1]
(0.46812430905294256, 0.6491228070175462, 0.9571515364691618)
[8, 7, 9, 10, 10, 8, 2, 1, 1, 2, 9, 7, 4, 3, 10, 10, 6, 1, 3, 7, 1, 10, 4, 5, 7, 7, 7, 2, 3, 6, 3, 7, 1, 10, 4, 10, 6, 10, 7, 8, 8, 9, 7, 10, 9, 8, 1, 6, 3, 2, 6, 1, 1, 2, 8, 9, 10, 7, 10, 4, 3, 3, 2, 8, 2, 5, 7, 7, 1, 3, 10, 9, 4, 1]
(0.46812430905294256, 0.6491228070175462, 0.9571515364691618)
[8, 7, 9, 10, 10, 8, 2, 1, 1, 9, 9, 1, 9, 3, 10, 10, 6, 1, 3, 7, 1, 10, 4, 5, 7, 7, 7, 2, 3, 6, 3, 7, 1, 10, 4, 10, 6, 10, 7, 8, 8, 9, 7, 10, 9, 8, 1, 1, 8, 2, 5, 1, 1, 2, 8, 9, 10, 7, 10, 6, 6, 3, 2, 8, 2, 5, 7, 7, 1, 3, 10, 9, 4, 1]
(0.46812430905294256, 0.6491228070175462, 0.9571515364691618)
[8, 7, 9, 10, 10, 8, 2, 1, 1, 1, 9, 7, 4, 3, 10, 10, 6, 1, 3, 7, 1, 10, 4, 5, 7, 7, 7, 2, 3, 6, 3, 7, 1, 10, 4, 10, 6, 10, 7, 8, 8, 9, 7, 10, 9, 8, 1, 6, 3, 2, 6, 1, 1, 2, 8, 9, 10, 7, 10, 4, 6, 3, 2, 8, 2, 5, 7, 7, 1, 3, 10, 9, 4, 1]
(0.46812430905294256, 0.6491228070175462, 0.9571515364691618)
[8, 7, 9, 10, 10, 8, 2, 1, 1, 1, 9, 10, 4, 3, 10, 10, 6, 1, 3, 7, 1, 10, 4, 5, 7, 7, 7, 2, 3, 6, 3, 7, 1, 10, 10, 10, 6, 10, 7, 8, 8, 9, 7, 10, 9, 8, 1, 1, 8, 2, 5, 1, 1, 2, 8, 9, 10, 7, 10, 6, 6, 3, 2, 8, 2, 5, 7, 7, 1, 3, 10, 9, 4, 1]
(0.46812430905294256, 0.6491228070175462, 0.9571515364691618)
[8, 7, 9, 10, 10, 8, 2, 1, 1, 1, 9, 7, 4, 3, 10, 10, 6, 1, 3, 7, 1, 10, 4, 5, 7, 7, 7, 2, 3, 6, 3, 7, 1, 10, 4, 10, 6, 10, 7, 8, 8, 9, 7, 10, 9, 8, 1, 6, 3, 2, 6, 1, 1, 2, 8, 9, 10, 7, 10, 4, 6, 3, 2, 8, 2, 5, 7, 7, 1, 3, 10, 9, 4, 1]
(0.46812430905294256, 0.6491228070175462, 0.9571515364691618)
[8, 7, 9, 10, 10, 8, 2, 1, 1, 1, 9, 10, 4, 3, 10, 10, 6, 1, 3, 7, 1, 10, 4, 5, 7, 7, 7, 2, 3, 6, 3, 7, 1, 10, 10, 10, 6, 10, 7, 8, 8, 9, 7, 10, 9, 8, 1, 1, 8, 2, 5, 1, 1, 2, 8, 9, 10, 7, 10, 6, 6, 3, 2, 8, 2, 5, 7, 7, 1, 3, 10, 9, 6, 1]
(0.46812430905294256, 0.6491228070175462, 0.9571515364691618)
[8, 7, 9, 10, 10, 8, 2, 1, 1, 1, 9, 7, 9, 3, 10, 10, 6, 1, 3, 7, 1, 10, 3, 5, 7, 7, 7, 2, 3, 6, 3, 7, 1, 10, 4, 10, 6, 10, 7, 8, 8, 9, 7, 10, 9, 8, 1, 6, 3, 2, 6, 1, 1, 2, 8, 9, 10, 7, 10, 4, 6, 3, 2, 8, 2, 5, 7, 7, 1, 3, 10, 9, 4, 1]
(0.46812430905294256, 0.6491228070175462, 0.9571515364691618)
[1, 1, 7, 4, 8, 10, 1, 5, 5, 5, 6, 9, 10, 7, 10, 10, 6, 6, 3, 6, 2, 5, 7, 9, 3, 2, 1, 2, 6, 4, 1, 7, 1, 10, 3, 2, 3, 10, 8, 5, 6, 5, 5, 8, 7, 8, 2, 7, 9, 2, 5, 1, 5, 8, 6, 9, 3, 7, 9, 4, 7, 8, 8, 10, 9, 6, 2, 4, 10, 8, 10, 9, 4, 1]
(0.8950912080169113, 0.6491228070175462, 0.8035057579255369)
[1, 1, 7, 4, 8, 10, 1, 5, 5, 5, 6, 9, 10, 7, 10, 10, 6, 4, 3, 6, 2, 5, 7, 9, 3, 2, 9, 2, 6, 4, 1, 7, 1, 10, 2, 2, 4, 10, 8, 5, 6, 6, 5, 8, 7, 8, 2, 6, 9, 2, 5, 1, 1, 8, 6, 9, 3, 7, 9, 4, 7, 8, 8, 10, 9, 6, 2, 1, 10, 8, 10, 9, 4, 1]
(0.8950912080169113, 0.6491228070175462, 0.8035057579255369)
[5, 1, 7, 4, 9, 10, 1, 5, 1, 4, 9, 9, 10, 7, 10, 10, 6, 1, 3, 6, 2, 5, 7, 9, 3, 2, 8, 2, 6, 4, 1, 7, 1, 10, 1, 2, 3, 10, 8, 5, 6, 6, 5, 8, 7, 8, 1, 6, 5, 2, 5, 4, 10, 6, 6, 9, 3, 7, 9, 4, 7, 8, 8, 10, 9, 6, 2, 4, 10, 8, 10, 9, 4, 1]
(0.8950912080169113, 0.6491228070175462, 0.8035057579255369)
[1, 1, 7, 4, 8, 10, 1, 5, 5, 5, 6, 9, 10, 7, 10, 10, 6, 6, 3, 6, 2, 5, 7, 9, 3, 2, 1, 2, 6, 4, 1, 7, 1, 10, 3, 2, 3, 10, 8, 5, 6, 5, 5, 8, 7, 8, 2, 7, 9, 2, 5, 1, 5, 8, 6, 9, 3, 7, 9, 4, 7, 8, 8, 10, 9, 6, 2, 4, 10, 8, 10, 9, 4, 1]
(0.8950912080169113, 0.6491228070175462, 0.8035057579255369)
[9, 7, 7, 6, 8, 10, 1, 5, 9, 1, 9, 9, 10, 7, 8, 10, 6, 1, 3, 6, 6, 5, 7, 9, 3, 2, 9, 2, 6, 4, 1, 7, 1, 10, 2, 2, 3, 10, 8, 5, 6, 6, 5, 4, 6, 2, 1, 6, 1, 4, 2, 2, 2, 8, 6, 9, 4, 3, 9, 4, 7, 6, 8, 10, 9, 6, 1, 7, 10, 8, 10, 9, 4, 1]
(0.8950912080169113, 0.6491228070175462, 0.8035057579255369)
[9, 7, 7, 6, 8, 10, 1, 5, 1, 1, 9, 9, 10, 7, 8, 10, 6, 1, 3, 6, 6, 7, 7, 9, 3, 2, 9, 2, 6, 4, 1, 7, 1, 10, 2, 2, 3, 10, 8, 5, 6, 6, 5, 4, 6, 2, 1, 6, 1, 2, 2, 2, 2, 8, 6, 9, 4, 3, 9, 4, 7, 6, 8, 10, 9, 6, 3, 7, 10, 8, 10, 9, 4, 1]
(0.8950912080169113, 0.6491228070175462, 0.8035057579255369)
[1, 1, 7, 4, 8, 10, 1, 5, 5, 5, 6, 9, 10, 7, 10, 10, 6, 6, 3, 6, 2, 5, 7, 9, 3, 2, 1, 2, 6, 4, 1, 7, 1, 10, 3, 2, 3, 10, 8, 5, 6, 5, 5, 8, 7, 8, 2, 7, 9, 2, 5, 1, 5, 8, 6, 9, 3, 7, 9, 4, 7, 8, 8, 10, 9, 6, 2, 4, 10, 8, 10, 9, 4, 1]
(0.8950912080169113, 0.6491228070175462, 0.8035057579255369)
[9, 1, 7, 4, 8, 10, 1, 5, 5, 5, 6, 9, 10, 7, 10, 10, 6, 6, 3, 6, 2, 5, 4, 1, 3, 2, 9, 2, 6, 4, 1, 7, 1, 10, 3, 2, 3, 4, 8, 5, 6, 6, 1, 5, 7, 8, 1, 6, 5, 2, 5, 1, 5, 8, 6, 9, 3, 7, 9, 4, 7, 8, 8, 10, 9, 6, 2, 4, 10, 8, 10, 9, 4, 1]
(0.8950912080169113, 0.6491228070175462, 0.8035057579255369)
[9, 1, 9, 10, 10, 8, 2, 1, 1, 1, 9, 9, 10, 7, 10, 9, 6, 1, 3, 6, 8, 1, 7, 5, 3, 2, 1, 2, 6, 4, 1, 7, 1, 10, 3, 4, 3, 10, 8, 5, 6, 5, 5, 8, 7, 8, 2, 7, 9, 2, 5, 1, 5, 8, 6, 9, 3, 6, 9, 4, 7, 8, 8, 10, 9, 6, 2, 4, 10, 8, 10, 9, 4, 1]
(0.8950912080169113, 0.6491228070175462, 0.8035057579255369)
[9, 1, 7, 4, 8, 10, 1, 5, 5, 5, 6, 9, 10, 7, 10, 10, 6, 6, 3, 6, 2, 5, 4, 1, 10, 2, 5, 2, 6, 4, 1, 7, 1, 10, 2, 2, 3, 10, 8, 5, 10, 6, 10, 6, 5, 7, 2, 1, 9, 2, 5, 1, 5, 8, 6, 9, 3, 7, 9, 4, 7, 8, 8, 10, 9, 6, 2, 4, 10, 8, 10, 9, 4, 1]
(0.8950912080169113, 0.6491228070175462, 0.8035057579255369)
[9, 1, 9, 10, 10, 8, 2, 1, 1, 1, 9, 9, 10, 7, 10, 9, 6, 1, 3, 6, 2, 5, 4, 1, 10, 2, 5, 2, 6, 4, 1, 7, 1, 5, 2, 5, 3, 7, 8, 5, 6, 6, 5, 5, 7, 2, 1, 6, 1, 2, 5, 2, 3, 8, 6, 9, 3, 3, 9, 4, 7, 9, 8, 10, 9, 6, 2, 4, 10, 8, 10, 9, 4, 1]
(0.8950912080169113, 0.6491228070175462, 0.8035057579255369)
[9, 1, 9, 8, 10, 8, 10, 3, 1, 1, 9, 9, 10, 7, 10, 10, 6, 1, 4, 6, 6, 5, 7, 9, 3, 2, 9, 2, 6, 4, 1, 7, 1, 10, 2, 2, 3, 10, 8, 5, 6, 6, 5, 5, 7, 2, 1, 6, 1, 2, 5, 2, 3, 8, 6, 9, 3, 3, 9, 4, 7, 9, 8, 10, 9, 6, 2, 4, 10, 8, 10, 9, 4, 1]
(0.8950912080169113, 0.6491228070175462, 0.8035057579255369)
[1, 1, 7, 4, 8, 10, 1, 5, 5, 5, 6, 9, 10, 7, 10, 10, 6, 6, 3, 6, 2, 5, 7, 9, 3, 2, 1, 2, 6, 4, 1, 7, 1, 10, 3, 2, 3, 10, 8, 5, 6, 5, 5, 8, 7, 8, 2, 7, 9, 2, 5, 1, 5, 8, 6, 9, 3, 7, 9, 4, 7, 8, 8, 10, 9, 6, 2, 4, 10, 8, 10, 9, 4, 1]
(0.8950912080169113, 0.6491228070175462, 0.8035057579255369)
[9, 7, 7, 6, 8, 10, 1, 5, 9, 1, 9, 9, 10, 7, 8, 10, 6, 1, 3, 6, 6, 5, 7, 9, 3, 2, 9, 2, 6, 4, 1, 7, 1, 10, 2, 2, 3, 10, 8, 5, 6, 6, 5, 4, 6, 2, 1, 6, 1, 4, 2, 2, 2, 8, 6, 9, 4, 3, 9, 4, 7, 6, 8, 10, 9, 6, 1, 7, 10, 8, 10, 9, 4, 1]
(0.8950912080169113, 0.6491228070175462, 0.8035057579255369)
[1, 1, 7, 4, 8, 10, 1, 5, 5, 5, 6, 9, 10, 7, 10, 10, 6, 4, 3, 6, 2, 5, 7, 9, 3, 2, 9, 2, 6, 4, 1, 7, 1, 10, 2, 2, 4, 10, 8, 5, 6, 6, 5, 8, 7, 8, 2, 6, 9, 2, 5, 1, 1, 8, 6, 9, 3, 7, 9, 4, 7, 8, 8, 10, 9, 6, 2, 1, 10, 8, 10, 9, 4, 1]
(0.8950912080169113, 0.6491228070175462, 0.8035057579255369)
[9, 7, 7, 6, 8, 10, 1, 5, 9, 1, 9, 9, 10, 7, 8, 10, 6, 1, 3, 6, 6, 5, 7, 9, 3, 2, 9, 2, 6, 4, 1, 7, 1, 10, 2, 2, 3, 10, 8, 5, 6, 6, 5, 4, 6, 2, 1, 6, 1, 2, 2, 2, 2, 8, 6, 9, 4, 3, 9, 4, 7, 6, 8, 10, 9, 6, 3, 7, 10, 8, 10, 9, 4, 1]
(0.8950912080169113, 0.6491228070175462, 0.8035057579255369)
[9, 1, 6, 7, 9, 4, 1, 5, 1, 4, 9, 9, 10, 7, 10, 10, 6, 1, 3, 6, 2, 5, 7, 9, 3, 2, 9, 2, 6, 4, 1, 7, 4, 10, 2, 2, 3, 10, 8, 5, 6, 6, 5, 5, 7, 8, 1, 6, 5, 2, 5, 3, 10, 8, 6, 9, 3, 7, 9, 4, 7, 8, 8, 10, 9, 6, 2, 7, 10, 8, 10, 9, 4, 1]
(0.8950912080169113, 0.6491228070175462, 0.8035057579255369)
[1, 1, 7, 4, 8, 10, 1, 5, 5, 5, 6, 9, 10, 7, 10, 10, 6, 4, 3, 6, 2, 5, 7, 9, 3, 2, 9, 2, 6, 4, 1, 7, 1, 10, 2, 2, 4, 10, 8, 5, 6, 6, 5, 8, 7, 8, 2, 6, 9, 2, 5, 1, 1, 8, 6, 9, 3, 7, 9, 4, 7, 8, 8, 10, 9, 6, 2, 1, 10, 8, 10, 9, 4, 1]
(0.8950912080169113, 0.6491228070175462, 0.8035057579255369)
[9, 1, 7, 4, 8, 10, 1, 5, 5, 5, 6, 9, 10, 7, 10, 10, 6, 6, 3, 6, 2, 5, 4, 1, 10, 2, 5, 2, 6, 4, 1, 7, 1, 10, 2, 2, 3, 10, 8, 5, 10, 6, 10, 6, 5, 7, 2, 1, 9, 2, 5, 1, 5, 8, 6, 9, 3, 7, 9, 4, 7, 8, 8, 10, 9, 6, 2, 4, 10, 8, 10, 9, 4, 1]
(0.8950912080169113, 0.6491228070175462, 0.8035057579255369)
[9, 1, 6, 7, 9, 4, 1, 5, 1, 4, 9, 9, 10, 7, 10, 10, 6, 1, 3, 6, 2, 9, 7, 9, 3, 2, 9, 2, 6, 4, 1, 7, 4, 10, 2, 2, 7, 10, 8, 5, 5, 6, 5, 5, 7, 1, 1, 6, 4, 2, 5, 2, 10, 8, 6, 9, 3, 7, 9, 4, 7, 8, 8, 10, 9, 6, 2, 7, 10, 8, 10, 9, 4, 1]
(0.8950912080169113, 0.6491228070175462, 0.8035057579255369)
[9, 7, 7, 6, 8, 10, 1, 5, 9, 1, 9, 9, 10, 7, 8, 10, 6, 1, 3, 6, 6, 5, 7, 9, 3, 2, 9, 2, 6, 4, 1, 7, 1, 10, 2, 2, 3, 10, 8, 5, 6, 6, 5, 4, 6, 2, 1, 6, 1, 2, 2, 2, 2, 8, 6, 9, 4, 3, 9, 4, 7, 6, 8, 10, 9, 6, 3, 7, 10, 8, 10, 9, 4, 1]
(0.8950912080169113, 0.6491228070175462, 0.8035057579255369)
[9, 1, 7, 4, 8, 10, 1, 5, 5, 5, 6, 9, 10, 7, 10, 10, 6, 6, 3, 6, 2, 5, 4, 1, 10, 2, 5, 2, 6, 4, 1, 7, 1, 10, 2, 2, 3, 10, 8, 5, 10, 6, 10, 6, 5, 7, 2, 1, 9, 2, 5, 1, 5, 8, 6, 9, 3, 7, 9, 4, 7, 8, 8, 10, 9, 6, 2, 4, 10, 8, 10, 9, 4, 1]
(0.8950912080169113, 0.6491228070175462, 0.8035057579255369)
[9, 1, 7, 4, 9, 10, 1, 5, 1, 4, 9, 9, 10, 7, 10, 2, 6, 1, 3, 6, 2, 5, 7, 9, 3, 2, 9, 2, 6, 4, 1, 7, 1, 10, 2, 2, 3, 10, 8, 5, 6, 6, 5, 5, 7, 8, 1, 6, 5, 2, 5, 4, 10, 6, 6, 9, 9, 7, 8, 4, 7, 8, 8, 10, 9, 6, 2, 4, 10, 8, 10, 9, 4, 1]
(0.8950912080169113, 0.6491228070175462, 0.8035057579255369)
[9, 1, 6, 7, 9, 4, 1, 5, 1, 4, 9, 9, 10, 7, 10, 10, 6, 1, 3, 6, 2, 5, 7, 9, 3, 2, 9, 2, 6, 4, 1, 7, 1, 10, 2, 2, 3, 10, 8, 5, 6, 6, 5, 5, 7, 8, 1, 6, 5, 2, 5, 4, 10, 8, 6, 9, 3, 3, 9, 4, 7, 8, 8, 10, 5, 6, 2, 4, 10, 8, 10, 9, 4, 1]
(0.8950912080169113, 0.6491228070175462, 0.8035057579255369)
[9, 1, 7, 4, 8, 10, 1, 5, 5, 5, 6, 9, 10, 7, 10, 10, 6, 6, 3, 6, 2, 5, 4, 1, 10, 2, 5, 2, 6, 4, 1, 7, 1, 10, 2, 2, 3, 10, 8, 5, 10, 6, 10, 6, 5, 7, 2, 1, 9, 2, 5, 1, 5, 8, 6, 9, 3, 7, 9, 4, 7, 8, 8, 10, 9, 6, 2, 4, 10, 8, 10, 9, 4, 1]
(0.8950912080169113, 0.6491228070175462, 0.8035057579255369)
[9, 7, 7, 6, 8, 10, 1, 5, 1, 1, 9, 9, 10, 7, 8, 10, 6, 1, 3, 6, 6, 7, 7, 9, 3, 2, 9, 2, 6, 4, 1, 7, 1, 10, 2, 2, 3, 10, 8, 5, 6, 6, 5, 4, 6, 2, 1, 6, 1, 2, 2, 2, 2, 8, 6, 9, 4, 3, 9, 4, 7, 6, 8, 10, 9, 6, 3, 7, 10, 8, 10, 9, 4, 1]
(0.8950912080169113, 0.6491228070175462, 0.8035057579255369)
[9, 1, 7, 4, 9, 10, 1, 5, 1, 4, 9, 9, 10, 7, 10, 2, 6, 1, 3, 6, 2, 5, 7, 9, 3, 2, 9, 2, 6, 4, 1, 7, 1, 10, 2, 2, 3, 10, 8, 5, 6, 6, 5, 5, 7, 8, 1, 6, 5, 2, 5, 4, 10, 6, 6, 9, 9, 7, 8, 4, 7, 8, 8, 10, 9, 6, 2, 4, 10, 8, 10, 9, 4, 1]
(0.8950912080169113, 0.6491228070175462, 0.8035057579255369)
[9, 5, 7, 4, 8, 10, 1, 5, 5, 5, 6, 9, 10, 7, 8, 10, 6, 1, 3, 6, 9, 5, 7, 1, 3, 2, 9, 2, 9, 4, 1, 7, 1, 10, 2, 2, 3, 10, 8, 5, 10, 6, 10, 6, 5, 7, 2, 1, 9, 2, 5, 1, 5, 8, 6, 9, 3, 7, 9, 4, 7, 8, 8, 10, 9, 6, 2, 4, 10, 8, 10, 9, 4, 1]
(0.8950912080169113, 0.6491228070175462, 0.8035057579255369)
[9, 5, 7, 4, 8, 10, 1, 5, 5, 5, 6, 9, 10, 7, 8, 10, 6, 1, 3, 6, 9, 5, 7, 1, 3, 2, 9, 2, 9, 4, 1, 7, 1, 10, 2, 2, 3, 10, 8, 5, 10, 6, 10, 6, 5, 7, 2, 1, 9, 2, 5, 1, 5, 8, 6, 9, 3, 7, 9, 4, 7, 8, 8, 10, 9, 6, 2, 4, 10, 8, 10, 9, 4, 1]
(0.8950912080169113, 0.6491228070175462, 0.8035057579255369)
[9, 1, 6, 7, 9, 4, 1, 5, 1, 4, 9, 9, 10, 7, 10, 10, 6, 1, 3, 6, 2, 5, 7, 9, 3, 2, 9, 2, 6, 4, 1, 7, 4, 10, 2, 2, 3, 10, 8, 5, 6, 6, 5, 5, 7, 8, 1, 6, 5, 2, 5, 3, 10, 8, 6, 9, 3, 7, 9, 4, 7, 8, 8, 10, 9, 6, 2, 7, 10, 8, 10, 9, 4, 1]
(0.8950912080169113, 0.6491228070175462, 0.8035057579255369)
[9, 1, 7, 4, 8, 10, 1, 5, 5, 5, 6, 9, 10, 7, 10, 10, 6, 6, 3, 6, 2, 5, 4, 1, 10, 2, 5, 2, 6, 4, 1, 7, 1, 10, 2, 2, 3, 10, 8, 5, 10, 6, 10, 6, 5, 7, 2, 1, 9, 2, 5, 1, 5, 8, 6, 9, 3, 7, 9, 4, 7, 8, 8, 10, 9, 6, 2, 4, 10, 8, 10, 9, 4, 1]
(0.8950912080169113, 0.6491228070175462, 0.8035057579255369)
[9, 1, 9, 8, 10, 8, 10, 3, 1, 1, 9, 9, 10, 7, 10, 10, 6, 1, 4, 6, 6, 5, 7, 9, 3, 2, 9, 2, 6, 4, 1, 7, 1, 10, 2, 2, 3, 10, 8, 5, 6, 6, 5, 5, 7, 2, 1, 6, 1, 2, 5, 2, 3, 8, 6, 9, 3, 3, 9, 4, 7, 9, 8, 10, 9, 6, 2, 4, 10, 8, 10, 9, 4, 1]
(0.8950912080169113, 0.6491228070175462, 0.8035057579255369)
[9, 1, 6, 7, 9, 4, 1, 5, 3, 4, 9, 9, 10, 7, 10, 10, 6, 1, 3, 6, 2, 5, 7, 9, 3, 2, 9, 2, 6, 4, 1, 7, 1, 10, 2, 2, 3, 10, 8, 5, 6, 7, 5, 5, 7, 8, 1, 6, 4, 2, 5, 2, 3, 8, 6, 9, 3, 3, 9, 4, 7, 9, 8, 10, 9, 6, 2, 4, 10, 8, 10, 9, 4, 1]
(0.8950912080169113, 0.6491228070175462, 0.8035057579255369)
[9, 1, 6, 7, 9, 4, 1, 5, 1, 4, 9, 9, 10, 7, 10, 10, 6, 1, 3, 6, 2, 5, 7, 9, 3, 2, 9, 2, 6, 4, 1, 7, 1, 10, 2, 2, 3, 10, 8, 5, 6, 6, 5, 5, 7, 8, 1, 6, 5, 2, 5, 4, 10, 8, 6, 9, 3, 3, 9, 4, 7, 8, 8, 10, 5, 6, 2, 4, 10, 8, 10, 9, 4, 1]
(0.8950912080169113, 0.6491228070175462, 0.8035057579255369)
[9, 1, 6, 7, 9, 4, 1, 5, 1, 4, 9, 9, 10, 7, 10, 10, 6, 1, 3, 6, 2, 5, 7, 9, 3, 2, 9, 2, 6, 4, 1, 7, 4, 10, 2, 2, 3, 10, 8, 5, 6, 6, 5, 5, 7, 8, 1, 6, 5, 2, 5, 3, 10, 8, 6, 9, 3, 7, 9, 4, 7, 8, 8, 10, 9, 6, 2, 7, 10, 8, 10, 9, 4, 1]
(0.8950912080169113, 0.6491228070175462, 0.8035057579255369)
[9, 1, 7, 4, 8, 10, 1, 5, 5, 5, 6, 7, 10, 7, 10, 10, 6, 6, 3, 6, 2, 5, 4, 1, 10, 2, 5, 2, 6, 4, 1, 7, 1, 5, 8, 5, 3, 10, 8, 5, 10, 6, 10, 6, 6, 7, 2, 1, 9, 2, 5, 1, 5, 3, 6, 9, 3, 7, 9, 4, 7, 8, 8, 10, 9, 6, 2, 4, 10, 8, 10, 9, 4, 1]
(0.8950912080169113, 0.6491228070175462, 0.8035057579255369)
[9, 1, 9, 8, 10, 8, 10, 3, 1, 1, 9, 9, 10, 7, 10, 10, 6, 1, 4, 6, 6, 5, 7, 9, 3, 2, 9, 2, 6, 4, 1, 7, 1, 10, 2, 2, 3, 10, 8, 5, 6, 6, 5, 5, 7, 2, 1, 6, 1, 2, 5, 2, 3, 8, 6, 9, 3, 3, 9, 4, 7, 9, 8, 10, 9, 6, 2, 4, 10, 8, 10, 9, 4, 1]
(0.8950912080169113, 0.6491228070175462, 0.8035057579255369)
[1, 1, 7, 4, 8, 10, 1, 5, 5, 5, 6, 9, 10, 7, 10, 10, 6, 4, 3, 6, 2, 5, 7, 9, 3, 2, 9, 2, 6, 4, 1, 7, 1, 10, 2, 2, 4, 10, 8, 5, 6, 6, 5, 8, 7, 8, 2, 6, 9, 2, 5, 1, 1, 8, 6, 9, 3, 7, 9, 4, 7, 8, 8, 10, 9, 6, 2, 1, 10, 8, 10, 9, 4, 1]
(0.8950912080169113, 0.6491228070175462, 0.8035057579255369)
[9, 1, 6, 7, 9, 4, 1, 5, 1, 4, 9, 9, 10, 7, 10, 10, 6, 1, 3, 6, 2, 5, 7, 9, 3, 2, 9, 2, 6, 4, 1, 7, 1, 10, 2, 2, 3, 10, 8, 5, 6, 6, 5, 5, 7, 8, 1, 6, 5, 2, 5, 4, 10, 8, 6, 9, 3, 3, 9, 4, 7, 8, 8, 10, 5, 6, 2, 4, 10, 8, 10, 9, 4, 1]
(0.8950912080169113, 0.6491228070175462, 0.8035057579255369)
[9, 1, 9, 10, 10, 8, 2, 1, 1, 1, 9, 9, 10, 7, 10, 9, 6, 1, 3, 6, 8, 5, 7, 5, 3, 2, 1, 2, 6, 4, 1, 7, 1, 10, 3, 2, 3, 10, 8, 5, 6, 5, 5, 8, 7, 8, 2, 7, 9, 2, 5, 1, 5, 8, 6, 9, 3, 7, 9, 4, 7, 8, 8, 10, 9, 6, 2, 4, 10, 8, 10, 9, 4, 1]
(0.8950912080169113, 0.6491228070175462, 0.8035057579255369)
[9, 1, 6, 7, 9, 4, 1, 5, 1, 4, 9, 9, 10, 7, 10, 10, 6, 1, 3, 6, 2, 5, 7, 9, 3, 2, 9, 2, 6, 4, 1, 7, 4, 10, 2, 2, 3, 10, 8, 5, 6, 6, 5, 5, 7, 8, 1, 6, 5, 2, 5, 3, 10, 8, 6, 9, 3, 7, 9, 4, 7, 8, 8, 10, 9, 6, 2, 7, 10, 8, 10, 9, 4, 1]
(0.8950912080169113, 0.6491228070175462, 0.8035057579255369)
[5, 1, 7, 4, 9, 10, 1, 5, 1, 4, 9, 9, 10, 7, 10, 10, 6, 1, 3, 6, 2, 5, 7, 9, 3, 2, 8, 2, 6, 4, 1, 7, 1, 10, 1, 2, 3, 10, 8, 5, 6, 6, 5, 8, 7, 8, 1, 6, 5, 2, 5, 4, 10, 6, 6, 9, 3, 7, 9, 4, 7, 8, 8, 10, 9, 6, 2, 4, 10, 8, 10, 9, 4, 1]
(0.8950912080169113, 0.6491228070175462, 0.8035057579255369)
[9, 1, 7, 4, 9, 10, 1, 5, 1, 4, 9, 9, 10, 7, 10, 2, 6, 1, 3, 6, 2, 5, 7, 9, 3, 2, 9, 2, 6, 4, 1, 7, 1, 10, 2, 2, 3, 10, 8, 5, 6, 6, 5, 5, 7, 8, 1, 6, 5, 2, 5, 4, 10, 6, 6, 9, 9, 7, 8, 4, 7, 8, 8, 10, 9, 6, 2, 4, 10, 8, 10, 9, 4, 1]
(0.8950912080169113, 0.6491228070175462, 0.8035057579255369)
[9, 1, 7, 4, 8, 10, 1, 5, 5, 5, 6, 5, 10, 7, 10, 10, 6, 6, 3, 6, 2, 5, 5, 1, 7, 2, 5, 2, 6, 4, 1, 7, 1, 10, 4, 10, 6, 6, 8, 5, 10, 6, 10, 6, 5, 7, 2, 1, 9, 2, 5, 1, 10, 8, 6, 9, 3, 7, 9, 4, 7, 8, 8, 10, 9, 6, 2, 4, 10, 8, 10, 9, 4, 1]
(0.8950912080169113, 0.6491228070175462, 0.8035057579255369)
[9, 6, 4, 6, 7, 9, 1, 4, 5, 8, 9, 6, 9, 3, 9, 4, 3, 4, 7, 5, 1, 6, 4, 5, 1, 4, 8, 4, 10, 6, 9, 2, 3, 3, 2, 1, 3, 7, 7, 10, 2, 6, 9, 6, 7, 6, 3, 1, 4, 7, 5, 9, 10, 4, 4, 7, 3, 5, 9, 4, 6, 9, 1, 10, 3, 1, 4, 4, 4, 4, 4, 3, 9, 1]
(0.397628073592321, 1.0, 0.9571515364691618)
[9, 6, 2, 6, 2, 9, 8, 4, 5, 5, 9, 2, 9, 3, 9, 4, 3, 10, 7, 5, 1, 5, 4, 10, 1, 4, 8, 9, 10, 6, 1, 2, 3, 3, 2, 2, 3, 7, 7, 10, 2, 6, 9, 6, 7, 6, 3, 1, 4, 7, 5, 10, 10, 4, 4, 7, 3, 4, 9, 4, 7, 10, 1, 10, 3, 1, 4, 4, 4, 4, 4, 3, 9, 1]
(0.6096624540073604, 1.0, 0.8035057579255369)
