Matsuoka quadruped, body parameters:[10, 3, 2, 9, 4, 5, 1, 7, 5, 10, 4, 7, 6, 10, 8, 8, 9, 9, 6, 8, 3, 10, 4, 10, 2, 2, 7, 2, 2, 7, 3, 2, 3, 4, 10, 3, 9]
{'b': 0.04000000000000001, 'gam': 0.06999999999999999, 'x0': 0.2, 'c': 1.0, 'a': 2.0}
Inter-module:
[[ 0.  -1.4  0.  -1.  -0.4  0. ]
 [-0.2  0.  -1.6 -0.4 -0.6 -0.6]
 [ 0.  -0.6  0.   0.  -0.2 -1. ]
 [-1.  -0.4  0.   0.  -1.4  0. ]
 [-0.4 -0.6 -0.6 -0.2  0.  -1.6]
 [ 0.  -0.2 -1.   0.  -0.6  0. ]]
Intra-module:
[[ 0.  -1.2 -0.6]
 [-0.4  0.  -1.4]
 [-1.   1.8  0. ]]
Bias:[1.7 1.4 2. ]
Drive coeff:[-0.1  0.3 -0.9]
Base period:0.2925
gen	evals	std                               	min       	avg                               	max                               
0  	92   	[0.02592515 0.03018894 0.01355604]	[0. 0. 0.]	[0.0045939  0.00425285 0.00142106]	[0.18468394 0.27003362 0.13073745]
1  	92   	[0.03882488 0.04358965 0.03592502]	[0. 0. 0.]	[0.01173296 0.00884564 0.00492427]	[0.18468394 0.27137248 0.32229554]
2  	92   	[0.05138528 0.06382517 0.03592502]	[0. 0. 0.]	[0.02032603 0.02241033 0.00492427]	[0.22491182 0.27137248 0.32229554]
3  	92   	[0.06544803 0.0720333  0.06244271]	[0. 0. 0.]	[0.03556413 0.02845703 0.01378451]	[0.24258486 0.31266797 0.36562248]
4  	92   	[0.07841769 0.09363314 0.0721335 ]	[0. 0. 0.]	[0.05864289 0.04791998 0.02169685]	[0.25637354 0.35875651 0.36562248]
5  	92   	[0.08060019 0.10121113 0.08686334]	[0. 0. 0.]	[0.09396379 0.06526233 0.0348117 ]	[0.2815505  0.35875651 0.36562248]
6  	92   	[0.09287974 0.11269742 0.10776881]	[0. 0. 0.]	[0.11848474 0.09828325 0.06560371]	[0.34167865 0.35875651 0.36562248]
7  	92   	[0.08578304 0.15707324 0.13452516]	[0. 0. 0.]	[0.1430316  0.1413911  0.11383563]	[0.34167865 1.         0.7237962 ]
8  	92   	[0.11726473 0.16925401 0.13870958]	[0. 0. 0.]	[0.17737109 0.19199017 0.13580019]	[0.92196465 1.         0.7237962 ]
9  	92   	[0.12200214 0.21886143 0.15783613]	[0. 0. 0.]	[0.2010792  0.23083156 0.16843585]	[0.92196465 1.         0.7237962 ]
10 	92   	[0.12580712 0.25325769 0.17431655]	[0. 0. 0.]	[0.22474201 0.27398772 0.19846786]	[0.92196465 1.         0.7237962 ]
11 	92   	[0.1238139  0.27393022 0.19787523]	[0. 0. 0.]	[0.25308556 0.29756693 0.22963156]	[0.92196465 1.         0.7237962 ]
12 	92   	[0.14843276 0.28722701 0.23083971]	[0. 0. 0.]	[0.2773957  0.32178323 0.27004135]	[0.92196465 1.         0.7237962 ]
13 	92   	[0.15769958 0.30203174 0.23222651]	[0. 0. 0.]	[0.29340061 0.34851675 0.31377266]	[0.92196465 1.         0.7237962 ]
14 	92   	[0.17328254 0.34899744 0.25651633]	[0. 0. 0.]	[0.32944709 0.39802948 0.33961272]	[0.92196465 1.         0.7237962 ]
15 	92   	[0.16578987 0.35437547 0.24904803]	[0. 0. 0.]	[0.32120522 0.4796897  0.35627758]	[0.92196465 1.         0.7237962 ]
16 	92   	[0.17786658 0.35811027 0.26048687]	[0. 0. 0.]	[0.33680023 0.49921525 0.38311882]	[0.92196465 1.         0.7237962 ]
17 	92   	[0.1728831  0.34191027 0.26191998]	[0. 0. 0.]	[0.34931813 0.55705781 0.39491418]	[0.92196465 1.         0.7237962 ]
18 	92   	[0.1823168  0.35939749 0.26560806]	[0.17088527 0.         0.        ]	[0.3985054  0.53627024 0.37195876]	[0.92196465 1.         0.7237962 ]
19 	92   	[0.19353571 0.3847228  0.27794667]	[0.19912097 0.         0.        ]	[0.43127676 0.52057661 0.39191588]	[0.92196465 1.         0.93926945]
20 	92   	[0.19983649 0.38156319 0.2916355 ]	[0.19912097 0.         0.        ]	[0.46863561 0.48375256 0.38153235]	[0.92196465 1.         0.93926945]
21 	92   	[0.20926599 0.39127835 0.2999271 ]	[0.19912097 0.         0.        ]	[0.50062521 0.47849982 0.3780422 ]	[0.92196465 1.         0.93926945]
22 	92   	[0.22134653 0.38566591 0.30197934]	[0.23853447 0.         0.        ]	[0.54216493 0.42995047 0.35072308]	[0.92196465 1.         0.93926945]
23 	92   	[0.23920607 0.39242492 0.30488275]	[0.17088527 0.         0.        ]	[0.54134337 0.47022848 0.35931663]	[0.92196465 1.         0.93926945]
24 	92   	[0.25637835 0.406995   0.3286942 ]	[0.17088527 0.         0.        ]	[0.57239455 0.45388572 0.36661504]	[0.92196465 1.         0.93926945]
25 	92   	[0.27659912 0.43288255 0.34315564]	[0.17088527 0.         0.        ]	[0.61184388 0.4514076  0.33666254]	[0.92196465 1.         0.93926945]
26 	92   	[0.26114934 0.42212515 0.34017659]	[0.17088527 0.         0.        ]	[0.66973471 0.37182028 0.28599207]	[0.92196465 1.         0.9686838 ]
27 	92   	[0.22821822 0.39099539 0.33313749]	[0.17088527 0.         0.        ]	[0.77250859 0.23307183 0.20800399]	[0.92196465 1.         0.9686838 ]
28 	92   	[0.15029951 0.23671503 0.22981971]	[0.17088527 0.         0.        ]	[0.87453245 0.06689644 0.07009677]	[0.92196465 1.         0.9686838 ]
29 	92   	[0.11744166 0.16016214 0.17613659]	[0.17088527 0.         0.        ]	[0.89814989 0.0289241  0.03728572]	[0.92196465 1.         0.9686838 ]
30 	92   	[0.11744166 0.16016214 0.17613659]	[0.17088527 0.         0.        ]	[0.89814989 0.0289241  0.03728572]	[0.92196465 1.         0.9686838 ]
31 	92   	[0.11744166 0.16016214 0.17613659]	[0.17088527 0.         0.        ]	[0.89814989 0.0289241  0.03728572]	[0.92196465 1.         0.9686838 ]
32 	92   	[0.11744166 0.16016214 0.17613659]	[0.17088527 0.         0.        ]	[0.89814989 0.0289241  0.03728572]	[0.92196465 1.         0.9686838 ]
33 	92   	[0.11744166 0.16016214 0.17613659]	[0.17088527 0.         0.        ]	[0.89814989 0.0289241  0.03728572]	[0.92196465 1.         0.9686838 ]
34 	92   	[0.11744166 0.16016214 0.17613659]	[0.17088527 0.         0.        ]	[0.89814989 0.0289241  0.03728572]	[0.92196465 1.         0.9686838 ]
35 	92   	[0.11744166 0.16016214 0.17613659]	[0.17088527 0.         0.        ]	[0.89814989 0.0289241  0.03728572]	[0.92196465 1.         0.9686838 ]
36 	92   	[0.11744166 0.16016214 0.17613659]	[0.17088527 0.         0.        ]	[0.89814989 0.0289241  0.03728572]	[0.92196465 1.         0.9686838 ]
37 	92   	[0.11744166 0.16016214 0.17613659]	[0.17088527 0.         0.        ]	[0.89814989 0.0289241  0.03728572]	[0.92196465 1.         0.9686838 ]
38 	92   	[0.11744166 0.16016214 0.17613659]	[0.17088527 0.         0.        ]	[0.89814989 0.0289241  0.03728572]	[0.92196465 1.         0.9686838 ]
39 	92   	[0.11744166 0.16016214 0.17613659]	[0.17088527 0.         0.        ]	[0.89814989 0.0289241  0.03728572]	[0.92196465 1.         0.9686838 ]
40 	92   	[0.11744166 0.16016214 0.17613659]	[0.17088527 0.         0.        ]	[0.89814989 0.0289241  0.03728572]	[0.92196465 1.         0.9686838 ]
41 	92   	[0.11744166 0.16016214 0.17613659]	[0.17088527 0.         0.        ]	[0.89814989 0.0289241  0.03728572]	[0.92196465 1.         0.9686838 ]
42 	92   	[0.11744166 0.16016214 0.17613659]	[0.17088527 0.         0.        ]	[0.89814989 0.0289241  0.03728572]	[0.92196465 1.         0.9686838 ]
43 	92   	[0.08934761 0.16016214 0.14863302]	[0.23853447 0.         0.        ]	[0.90631379 0.0289241  0.02707627]	[0.92196465 1.         0.9686838 ]
44 	92   	[0.08934761 0.16016214 0.14863302]	[0.23853447 0.         0.        ]	[0.90631379 0.0289241  0.02707627]	[0.92196465 1.         0.9686838 ]
45 	92   	[0.08934761 0.16016214 0.14863302]	[0.23853447 0.         0.        ]	[0.90631379 0.0289241  0.02707627]	[0.92196465 1.         0.9686838 ]
46 	92   	[0.08934761 0.16016214 0.14863302]	[0.23853447 0.         0.        ]	[0.90631379 0.0289241  0.02707627]	[0.92196465 1.         0.9686838 ]
47 	92   	[0.08934761 0.16016214 0.14863302]	[0.23853447 0.         0.        ]	[0.90631379 0.0289241  0.02707627]	[0.92196465 1.         0.9686838 ]
48 	92   	[0.08934761 0.16016214 0.14863302]	[0.23853447 0.         0.        ]	[0.90631379 0.0289241  0.02707627]	[0.92196465 1.         0.9686838 ]
49 	92   	[0.08934761 0.16016214 0.14863302]	[0.23853447 0.         0.        ]	[0.90631379 0.0289241  0.02707627]	[0.92196465 1.         0.9686838 ]
50 	92   	[0.08934761 0.16016214 0.14863302]	[0.23853447 0.         0.        ]	[0.90631379 0.0289241  0.02707627]	[0.92196465 1.         0.9686838 ]
51 	92   	[0.08934761 0.16016214 0.14863302]	[0.23853447 0.         0.        ]	[0.90631379 0.0289241  0.02707627]	[0.92196465 1.         0.9686838 ]
52 	92   	[0.08934761 0.16016214 0.14863302]	[0.23853447 0.         0.        ]	[0.90631379 0.0289241  0.02707627]	[0.92196465 1.         0.9686838 ]
53 	92   	[0.08934761 0.16016214 0.14863302]	[0.23853447 0.         0.        ]	[0.90631379 0.0289241  0.02707627]	[0.92196465 1.         0.9686838 ]
54 	92   	[0.08934761 0.16016214 0.14863302]	[0.23853447 0.         0.        ]	[0.90631379 0.0289241  0.02707627]	[0.92196465 1.         0.9686838 ]
55 	92   	[0.08934761 0.16016214 0.14863302]	[0.23853447 0.         0.        ]	[0.90631379 0.0289241  0.02707627]	[0.92196465 1.         0.9686838 ]
56 	92   	[0.08934761 0.16016214 0.14863302]	[0.23853447 0.         0.        ]	[0.90631379 0.0289241  0.02707627]	[0.92196465 1.         0.9686838 ]
57 	92   	[0.08934761 0.16016214 0.14863302]	[0.23853447 0.         0.        ]	[0.90631379 0.0289241  0.02707627]	[0.92196465 1.         0.9686838 ]
58 	92   	[0.08934761 0.16016214 0.14863302]	[0.23853447 0.         0.        ]	[0.90631379 0.0289241  0.02707627]	[0.92196465 1.         0.9686838 ]
59 	92   	[0.08934761 0.16016214 0.14863302]	[0.23853447 0.         0.        ]	[0.90631379 0.0289241  0.02707627]	[0.92196465 1.         0.9686838 ]
60 	92   	[0.08934761 0.16016214 0.14863302]	[0.23853447 0.         0.        ]	[0.90631379 0.0289241  0.02707627]	[0.92196465 1.         0.9686838 ]
61 	92   	[0.08934761 0.16016214 0.14863302]	[0.23853447 0.         0.        ]	[0.90631379 0.0289241  0.02707627]	[0.92196465 1.         0.9686838 ]
62 	92   	[0.08934761 0.16016214 0.14863302]	[0.23853447 0.         0.        ]	[0.90631379 0.0289241  0.02707627]	[0.92196465 1.         0.9686838 ]
63 	92   	[0.08934761 0.16016214 0.14863302]	[0.23853447 0.         0.        ]	[0.90631379 0.0289241  0.02707627]	[0.92196465 1.         0.9686838 ]
64 	92   	[0.08934761 0.16016214 0.14863302]	[0.23853447 0.         0.        ]	[0.90631379 0.0289241  0.02707627]	[0.92196465 1.         0.9686838 ]
65 	92   	[0.08934761 0.16016214 0.14863302]	[0.23853447 0.         0.        ]	[0.90631379 0.0289241  0.02707627]	[0.92196465 1.         0.9686838 ]
66 	92   	[0.08934761 0.16016214 0.14863302]	[0.23853447 0.         0.        ]	[0.90631379 0.0289241  0.02707627]	[0.92196465 1.         0.9686838 ]
67 	92   	[0.08934761 0.16016214 0.14863302]	[0.23853447 0.         0.        ]	[0.90631379 0.0289241  0.02707627]	[0.92196465 1.         0.9686838 ]
68 	92   	[0.08934761 0.16016214 0.14863302]	[0.23853447 0.         0.        ]	[0.90631379 0.0289241  0.02707627]	[0.92196465 1.         0.9686838 ]
69 	92   	[0.08934761 0.16016214 0.14863302]	[0.23853447 0.         0.        ]	[0.90631379 0.0289241  0.02707627]	[0.92196465 1.         0.9686838 ]
70 	92   	[0.08934761 0.16016214 0.14863302]	[0.23853447 0.         0.        ]	[0.90631379 0.0289241  0.02707627]	[0.92196465 1.         0.9686838 ]
71 	92   	[0.08934761 0.16016214 0.14863302]	[0.23853447 0.         0.        ]	[0.90631379 0.0289241  0.02707627]	[0.92196465 1.         0.9686838 ]
72 	92   	[0.08934761 0.16016214 0.14863302]	[0.23853447 0.         0.        ]	[0.90631379 0.0289241  0.02707627]	[0.92196465 1.         0.9686838 ]
73 	92   	[0.08934761 0.16016214 0.14863302]	[0.23853447 0.         0.        ]	[0.90631379 0.0289241  0.02707627]	[0.92196465 1.         0.9686838 ]
74 	92   	[0.08934761 0.16016214 0.14863302]	[0.23853447 0.         0.        ]	[0.90631379 0.0289241  0.02707627]	[0.92196465 1.         0.9686838 ]
75 	92   	[0.08934761 0.16016214 0.14863302]	[0.23853447 0.         0.        ]	[0.90631379 0.0289241  0.02707627]	[0.92196465 1.         0.9686838 ]
76 	92   	[0.08934761 0.16016214 0.14863302]	[0.23853447 0.         0.        ]	[0.90631379 0.0289241  0.02707627]	[0.92196465 1.         0.9686838 ]
77 	92   	[0.08934761 0.16016214 0.14863302]	[0.23853447 0.         0.        ]	[0.90631379 0.0289241  0.02707627]	[0.92196465 1.         0.9686838 ]
78 	92   	[0.08934761 0.16016214 0.14863302]	[0.23853447 0.         0.        ]	[0.90631379 0.0289241  0.02707627]	[0.92196465 1.         0.9686838 ]
79 	92   	[0.08934761 0.16016214 0.14863302]	[0.23853447 0.         0.        ]	[0.90631379 0.0289241  0.02707627]	[0.92196465 1.         0.9686838 ]
80 	92   	[0.08934761 0.16016214 0.14863302]	[0.23853447 0.         0.        ]	[0.90631379 0.0289241  0.02707627]	[0.92196465 1.         0.9686838 ]
81 	92   	[0.08934761 0.16016214 0.14863302]	[0.23853447 0.         0.        ]	[0.90631379 0.0289241  0.02707627]	[0.92196465 1.         0.9686838 ]
82 	92   	[0.08934761 0.16016214 0.14863302]	[0.23853447 0.         0.        ]	[0.90631379 0.0289241  0.02707627]	[0.92196465 1.         0.9686838 ]
83 	92   	[0.08934761 0.16016214 0.14863302]	[0.23853447 0.         0.        ]	[0.90631379 0.0289241  0.02707627]	[0.92196465 1.         0.9686838 ]
84 	92   	[0.08934761 0.16016214 0.14863302]	[0.23853447 0.         0.        ]	[0.90631379 0.0289241  0.02707627]	[0.92196465 1.         0.9686838 ]
85 	92   	[0.08934761 0.16016214 0.14863302]	[0.23853447 0.         0.        ]	[0.90631379 0.0289241  0.02707627]	[0.92196465 1.         0.9686838 ]
86 	92   	[0.08934761 0.16016214 0.14863302]	[0.23853447 0.         0.        ]	[0.90631379 0.0289241  0.02707627]	[0.92196465 1.         0.9686838 ]
87 	92   	[0.08934761 0.16016214 0.14863302]	[0.23853447 0.         0.        ]	[0.90631379 0.0289241  0.02707627]	[0.92196465 1.         0.9686838 ]
88 	92   	[0.08934761 0.16016214 0.14863302]	[0.23853447 0.         0.        ]	[0.90631379 0.0289241  0.02707627]	[0.92196465 1.         0.9686838 ]
89 	92   	[0.08934761 0.16016214 0.14863302]	[0.23853447 0.         0.        ]	[0.90631379 0.0289241  0.02707627]	[0.92196465 1.         0.9686838 ]
90 	92   	[0.08934761 0.16016214 0.14863302]	[0.23853447 0.         0.        ]	[0.90631379 0.0289241  0.02707627]	[0.92196465 1.         0.9686838 ]
91 	92   	[0.08934761 0.16016214 0.14863302]	[0.23853447 0.         0.        ]	[0.90631379 0.0289241  0.02707627]	[0.92196465 1.         0.9686838 ]
92 	92   	[0.08934761 0.16016214 0.14863302]	[0.23853447 0.         0.        ]	[0.90631379 0.0289241  0.02707627]	[0.92196465 1.         0.9686838 ]
93 	92   	[0.08934761 0.16016214 0.14863302]	[0.23853447 0.         0.        ]	[0.90631379 0.0289241  0.02707627]	[0.92196465 1.         0.9686838 ]
94 	92   	[0.08934761 0.16016214 0.14863302]	[0.23853447 0.         0.        ]	[0.90631379 0.0289241  0.02707627]	[0.92196465 1.         0.9686838 ]
95 	92   	[0.08934761 0.16016214 0.14863302]	[0.23853447 0.         0.        ]	[0.90631379 0.0289241  0.02707627]	[0.92196465 1.         0.9686838 ]
96 	92   	[0.08934761 0.16016214 0.14863302]	[0.23853447 0.         0.        ]	[0.90631379 0.0289241  0.02707627]	[0.92196465 1.         0.9686838 ]
97 	92   	[0.08934761 0.16016214 0.14863302]	[0.23853447 0.         0.        ]	[0.90631379 0.0289241  0.02707627]	[0.92196465 1.         0.9686838 ]
98 	92   	[0.08934761 0.16016214 0.14863302]	[0.23853447 0.         0.        ]	[0.90631379 0.0289241  0.02707627]	[0.92196465 1.         0.9686838 ]
99 	92   	[0.08934761 0.16016214 0.14863302]	[0.23853447 0.         0.        ]	[0.90631379 0.0289241  0.02707627]	[0.92196465 1.         0.9686838 ]
100	92   	[0.08934761 0.16016214 0.14863302]	[0.23853447 0.         0.        ]	[0.90631379 0.0289241  0.02707627]	[0.92196465 1.         0.9686838 ]
101	92   	[0.08934761 0.16016214 0.14863302]	[0.23853447 0.         0.        ]	[0.90631379 0.0289241  0.02707627]	[0.92196465 1.         0.9686838 ]
102	92   	[0.08934761 0.16016214 0.14863302]	[0.23853447 0.         0.        ]	[0.90631379 0.0289241  0.02707627]	[0.92196465 1.         0.9686838 ]
103	92   	[0.08934761 0.16016214 0.14863302]	[0.23853447 0.         0.        ]	[0.90631379 0.0289241  0.02707627]	[0.92196465 1.         0.9686838 ]
104	92   	[0.12964651 0.17478407 0.15106345]	[0. 0. 0.]                        	[0.89629244 0.03913655 0.0302186 ]	[0.92196465 1.         0.9686838 ]
105	92   	[0.11631933 0.17491933 0.15124594]	[0.18767115 0.         0.        ]	[0.89833234 0.03923355 0.03032323]	[0.92196465 1.         0.9686838 ]
106	92   	[0.11301418 0.18469681 0.16522167]	[0.23853447 0.         0.        ]	[0.89888521 0.04329403 0.03494362]	[0.92196465 1.         0.9686838 ]
107	92   	[0.11751076 0.19541889 0.17994676]	[0.23853447 0.         0.        ]	[0.89524703 0.050479   0.04281097]	[0.92196465 1.         0.9686838 ]
108	92   	[0.12173282 0.20533125 0.18144589]	[0.23853447 0.         0.        ]	[0.89160885 0.05766396 0.04576636]	[0.92196465 1.         0.9686838 ]
109	92   	[0.1392466  0.20533125 0.20364996]	[0.23853447 0.         0.        ]	[0.88418026 0.05766396 0.05597581]	[0.92196465 1.         0.9686838 ]
110	92   	[0.1392466  0.20533125 0.20364996]	[0.23853447 0.         0.        ]	[0.88418026 0.05766396 0.05597581]	[0.92196465 1.         0.9686838 ]
111	92   	[0.15188978 0.22728567 0.20364996]	[0.23853447 0.         0.        ]	[0.87739152 0.06853353 0.05597581]	[0.92196465 1.         0.9686838 ]
112	92   	[0.13345721 0.21872949 0.20396256]	[0.23853447 0.         0.        ]	[0.88545997 0.06134856 0.05625451]	[0.92196465 1.         0.9686838 ]
113	92   	[0.13345721 0.21872949 0.20396256]	[0.23853447 0.         0.        ]	[0.88545997 0.06134856 0.05625451]	[0.92196465 1.         0.9686838 ]
114	92   	[0.12978097 0.21867592 0.2024645 ]	[0.23853447 0.         0.        ]	[0.88906013 0.061329   0.05302042]	[0.92196465 1.         0.9686838 ]
115	92   	[0.12978097 0.21867592 0.2024645 ]	[0.23853447 0.         0.        ]	[0.88906013 0.061329   0.05302042]	[0.92196465 1.         0.9686838 ]
116	92   	[0.14349302 0.23924326 0.21398616]	[0.23853447 0.         0.        ]	[0.8822714  0.07219856 0.06088777]	[0.92196465 1.         0.9686838 ]
117	92   	[0.16675736 0.28055783 0.234553  ]	[0.23853447 0.         0.        ]	[0.86869394 0.10112266 0.07662247]	[0.92196465 1.         0.9686838 ]
118	92   	[0.23606224 0.38603478 0.30066616]	[0.23853447 0.         0.        ]	[0.80759535 0.20613372 0.14742862]	[0.92196465 1.         0.9686838 ]
119	92   	[0.27154795 0.41116704 0.33753606]	[0.17088527 0.         0.        ]	[0.75506088 0.28728826 0.20484217]	[0.92196465 1.         0.9686838 ]
120	92   	[0.30860726 0.42695136 0.36931873]	[0.17088527 0.         0.        ]	[0.64224455 0.44890127 0.31498507]	[0.92196465 1.         0.9686838 ]
121	92   	[0.30592385 0.38957241 0.36951424]	[0.17088527 0.         0.        ]	[0.54970468 0.58375847 0.38874661]	[0.92196465 1.         0.9686838 ]
122	92   	[0.28713646 0.36005352 0.36130295]	[0.19912097 0.         0.        ]	[0.52157785 0.67071499 0.46021913]	[0.92196465 1.         0.9686838 ]
123	92   	[0.2436677  0.19942278 0.32766046]	[0.19912097 0.         0.        ]	[0.43651882 0.82550012 0.54910208]	[0.92196465 1.         0.9686838 ]
124	92   	[0.24156167 0.22549065 0.30688404]	[0.23853447 0.         0.        ]	[0.43498294 0.83808612 0.58963891]	[0.92196465 1.         0.9686838 ]
125	92   	[0.29879765 0.24729257 0.38568372]	[0.23853447 0.         0.        ]	[0.57904915 0.77395079 0.43956825]	[0.92196465 1.         0.9686838 ]
126	92   	[0.29523901 0.27047243 0.38685348]	[0.23853447 0.         0.        ]	[0.5597421  0.75589625 0.4701966 ]	[0.92196465 1.         0.9686838 ]
127	92   	[0.29856485 0.17064896 0.37979482]	[0.23853447 0.49367089 0.        ]	[0.58689703 0.81542584 0.4246746 ]	[0.92196465 1.         0.9686838 ]
128	92   	[0.29355542 0.17064896 0.37927247]	[0.23853447 0.49367089 0.        ]	[0.58213136 0.81542584 0.4427514 ]	[0.92196465 1.         0.9686838 ]
129	92   	[0.28220883 0.16930872 0.37492625]	[0.23853447 0.49367089 0.        ]	[0.57963622 0.80437204 0.46481404]	[0.92196465 1.         0.9686838 ]
130	92   	[0.25420725 0.16208722 0.35317993]	[0.23853447 0.66101695 0.        ]	[0.57477127 0.78408343 0.51754339]	[0.92196465 1.         0.9686838 ]
131	92   	[0.2525408  0.16208722 0.35317993]	[0.23853447 0.66101695 0.        ]	[0.57792183 0.78408343 0.51754339]	[0.92196465 1.         0.9686838 ]
132	92   	[0.24934738 0.16098626 0.35141989]	[0.23853447 0.66101695 0.        ]	[0.5517276  0.78039883 0.55285594]	[0.92196465 1.         0.9686838 ]
133	92   	[0.24024216 0.15979278 0.34768475]	[0.23853447 0.66101695 0.        ]	[0.53289362 0.77671424 0.57561694]	[0.92196465 1.         0.9686838 ]
134	92   	[0.24069688 0.16098626 0.34859448]	[0.23853447 0.66101695 0.        ]	[0.50981577 0.78039883 0.60774635]	[0.92196465 1.         0.9686838 ]
135	92   	[0.24156611 0.19774088 0.35437816]	[0.23853447 0.         0.        ]	[0.51685196 0.7697135  0.60504959]	[0.92196465 1.         0.9686838 ]
136	92   	[0.24601129 0.20168361 0.3644017 ]	[0.23853447 0.         0.        ]	[0.53252083 0.78445189 0.58903144]	[0.92196465 1.         0.9686838 ]
137	92   	[0.2551147  0.20248976 0.37972906]	[0.23853447 0.         0.        ]	[0.54739761 0.78813649 0.56777149]	[0.92196465 1.         0.9686838 ]
138	92   	[0.26418949 0.24707783 0.3991328 ]	[0.23853447 0.         0.        ]	[0.58774231 0.76922978 0.50567374]	[0.92196465 1.         0.9686838 ]
139	92   	[0.27230455 0.28496507 0.41238072]	[0.23853447 0.         0.        ]	[0.62331715 0.75872868 0.44897338]	[0.92196465 1.         0.9686838 ]
140	92   	[0.27223445 0.20905762 0.40933006]	[0.23853447 0.         0.        ]	[0.61479782 0.82684809 0.46552048]	[0.92196465 1.         0.9686838 ]
141	92   	[0.27123847 0.20680167 0.41003223]	[0.23853447 0.         0.        ]	[0.64234514 0.83603627 0.42708644]	[0.92196465 1.         0.9686838 ]
142	92   	[0.26863943 0.16573942 0.40938143]	[0.23853447 0.66101695 0.        ]	[0.67780869 0.86146    0.38247797]	[0.92196465 1.         0.9686838 ]
143	92   	[0.26044714 0.16022708 0.40220279]	[0.23853447 0.66101695 0.        ]	[0.65385773 0.88577745 0.43673701]	[0.92196465 1.         0.9686838 ]
144	92   	[0.2569757  0.1559765  0.40610668]	[0.23853447 0.66101695 0.        ]	[0.67235309 0.89683125 0.41630019]	[0.92196465 1.         0.9686838 ]
145	92   	[0.25126098 0.15263313 0.41204256]	[0.23853447 0.66101695 0.        ]	[0.69982381 0.90420044 0.37930554]	[0.92196465 1.         0.9686838 ]
146	92   	[0.2438694  0.14885048 0.4096454 ]	[0.23853447 0.66101695 0.        ]	[0.71935143 0.91156964 0.35336139]	[0.92196465 1.         0.9686838 ]
147	92   	[0.23388968 0.14227513 0.39883654]	[0.23853447 0.66101695 0.        ]	[0.74396877 0.92262343 0.31486569]	[0.92196465 1.         0.9686838 ]
148	92   	[0.22334048 0.12848634 0.38725056]	[0.29740135 0.66101695 0.        ]	[0.76649471 0.94104643 0.27871209]	[0.92196465 1.         0.9686838 ]
149	92   	[0.20034555 0.08987701 0.35264199]	[0.29740135 0.66101695 0.        ]	[0.81178675 0.97420781 0.20087964]	[0.92196465 1.         0.9686838 ]
[7, 4, 1, 9, 2, 9, 10, 7, 3, 6, 10, 5, 2, 7, 5, 2, 1, 6, 2, 5, 10, 1, 4, 1, 8, 3, 4, 3, 1, 8, 5, 3, 1, 10, 4, 8, 10, 5, 7, 4, 9, 5, 8, 8, 7, 7, 8, 5, 6, 6, 3, 9, 2, 4, 7, 3, 10, 1, 4, 1, 4, 5, 6, 5, 3, 3, 3, 2, 3, 2, 9, 9, 7, 2]
(0.9219646545788389, 0.6610169491525432, 0.0)
[7, 4, 1, 9, 10, 7, 10, 7, 3, 9, 10, 5, 2, 7, 5, 2, 1, 6, 9, 5, 3, 3, 4, 1, 8, 5, 4, 3, 1, 9, 5, 3, 1, 10, 4, 8, 10, 3, 8, 7, 9, 5, 7, 8, 7, 2, 8, 5, 6, 7, 3, 9, 2, 4, 7, 3, 10, 3, 4, 1, 4, 5, 6, 5, 3, 3, 3, 2, 3, 2, 9, 9, 10, 2]
(0.9219646545788389, 0.6610169491525432, 0.0)
[7, 5, 1, 9, 2, 9, 10, 7, 3, 6, 10, 5, 2, 7, 2, 2, 3, 6, 2, 5, 9, 1, 4, 9, 8, 5, 6, 4, 1, 9, 5, 3, 1, 10, 4, 8, 10, 10, 7, 6, 9, 5, 8, 8, 7, 1, 8, 5, 6, 7, 3, 9, 2, 4, 7, 3, 10, 3, 4, 1, 4, 5, 6, 5, 3, 3, 3, 2, 3, 2, 9, 9, 7, 2]
(0.8873426110006657, 1.0, 0.0)
[7, 4, 1, 9, 2, 6, 10, 7, 3, 6, 8, 5, 2, 7, 5, 2, 1, 6, 4, 5, 9, 1, 4, 6, 8, 5, 4, 3, 1, 9, 5, 3, 1, 10, 4, 5, 10, 3, 7, 1, 9, 5, 8, 8, 7, 1, 8, 5, 6, 7, 3, 9, 2, 4, 7, 3, 10, 3, 4, 1, 4, 9, 6, 8, 3, 3, 3, 2, 3, 2, 9, 9, 10, 2]
(0.9219646545788389, 1.0, 0.0)
[7, 4, 1, 9, 2, 9, 10, 7, 3, 6, 10, 5, 2, 7, 5, 2, 1, 6, 2, 5, 10, 1, 4, 6, 8, 5, 4, 1, 1, 9, 5, 3, 1, 10, 4, 8, 10, 10, 7, 6, 9, 5, 8, 8, 7, 1, 8, 5, 6, 7, 3, 9, 2, 4, 7, 3, 10, 3, 4, 1, 4, 5, 6, 5, 3, 3, 3, 2, 3, 2, 9, 9, 7, 2]
(0.9219646545788389, 1.0, 0.0)
[7, 4, 1, 9, 2, 9, 10, 7, 3, 6, 10, 5, 2, 7, 8, 2, 1, 6, 2, 5, 2, 1, 4, 2, 8, 5, 4, 3, 8, 9, 5, 3, 1, 2, 4, 8, 10, 5, 7, 4, 9, 5, 8, 8, 7, 1, 8, 5, 6, 7, 3, 9, 2, 4, 7, 3, 10, 3, 4, 1, 4, 9, 6, 8, 3, 3, 3, 2, 3, 2, 9, 9, 9, 2]
(0.9219646545788389, 1.0, 0.0)
[7, 4, 1, 9, 2, 7, 10, 7, 3, 6, 10, 5, 2, 7, 5, 2, 1, 6, 2, 5, 6, 7, 4, 1, 8, 5, 4, 3, 1, 9, 5, 9, 1, 10, 4, 8, 10, 3, 7, 4, 9, 5, 8, 8, 7, 1, 8, 5, 6, 7, 3, 9, 2, 4, 7, 3, 10, 3, 4, 1, 4, 9, 6, 8, 3, 3, 3, 2, 3, 2, 9, 9, 7, 2]
(0.9219646545788389, 1.0, 0.0)
[7, 4, 1, 9, 2, 9, 10, 7, 3, 6, 10, 5, 2, 7, 5, 2, 1, 6, 2, 5, 2, 1, 4, 1, 8, 5, 4, 3, 1, 9, 5, 1, 1, 10, 4, 8, 10, 5, 7, 4, 9, 5, 8, 8, 7, 1, 8, 5, 6, 6, 3, 9, 2, 4, 7, 3, 10, 3, 4, 1, 4, 9, 6, 8, 3, 3, 3, 2, 3, 2, 9, 9, 10, 2]
(0.9219646545788389, 1.0, 0.0)
[7, 4, 1, 9, 2, 9, 10, 7, 3, 6, 10, 5, 2, 7, 2, 2, 3, 6, 6, 5, 9, 1, 4, 9, 8, 5, 4, 3, 1, 9, 5, 3, 1, 10, 4, 8, 10, 3, 7, 1, 9, 5, 8, 8, 7, 1, 8, 5, 6, 7, 3, 9, 2, 4, 7, 2, 10, 3, 4, 1, 4, 9, 6, 8, 3, 3, 3, 2, 3, 2, 9, 9, 7, 2]
(0.9219646545788389, 1.0, 0.0)
[7, 4, 1, 1, 2, 6, 10, 7, 1, 6, 10, 3, 2, 7, 5, 2, 6, 4, 1, 5, 9, 1, 4, 9, 8, 5, 4, 3, 1, 9, 5, 3, 1, 10, 4, 8, 10, 5, 7, 5, 9, 5, 10, 8, 7, 1, 8, 6, 5, 6, 3, 9, 2, 4, 7, 3, 10, 4, 4, 1, 4, 9, 6, 8, 3, 3, 3, 2, 5, 2, 9, 9, 10, 2]
(0.9219646545788389, 1.0, 0.0)
[7, 2, 2, 6, 2, 9, 10, 7, 1, 3, 7, 5, 2, 7, 5, 2, 7, 6, 2, 5, 2, 1, 4, 1, 8, 5, 4, 3, 1, 9, 5, 3, 1, 10, 4, 8, 10, 5, 6, 4, 9, 5, 8, 8, 7, 1, 8, 5, 6, 6, 3, 9, 2, 4, 7, 3, 10, 3, 4, 1, 4, 9, 6, 8, 3, 3, 3, 2, 3, 2, 9, 9, 10, 2]
(0.9219646545788389, 1.0, 0.0)
[7, 4, 1, 1, 2, 6, 10, 7, 3, 6, 10, 5, 2, 7, 5, 2, 1, 6, 8, 5, 9, 1, 3, 1, 8, 5, 10, 3, 1, 9, 5, 3, 1, 10, 4, 8, 10, 3, 7, 1, 9, 5, 8, 8, 7, 1, 8, 5, 6, 6, 3, 9, 2, 4, 7, 3, 10, 1, 4, 1, 4, 5, 6, 5, 3, 3, 3, 2, 3, 2, 9, 9, 7, 2]
(0.9219646545788389, 1.0, 0.0)
[5, 4, 1, 9, 2, 9, 10, 7, 3, 6, 10, 5, 2, 7, 5, 2, 1, 6, 2, 5, 10, 1, 4, 6, 8, 5, 4, 5, 1, 9, 5, 3, 1, 10, 4, 8, 10, 10, 7, 6, 9, 5, 7, 8, 7, 1, 8, 5, 6, 7, 3, 9, 2, 4, 7, 3, 10, 3, 4, 1, 4, 5, 6, 5, 3, 3, 3, 2, 3, 2, 9, 9, 7, 2]
(0.9219646545788389, 1.0, 0.0)
[7, 4, 1, 9, 2, 9, 10, 7, 3, 6, 10, 5, 2, 7, 5, 2, 1, 6, 2, 5, 10, 1, 4, 1, 8, 5, 4, 3, 1, 9, 5, 9, 1, 10, 4, 8, 10, 10, 5, 4, 9, 3, 8, 8, 7, 1, 8, 5, 6, 7, 3, 9, 2, 7, 7, 3, 10, 3, 4, 1, 4, 9, 6, 8, 3, 3, 3, 2, 3, 2, 9, 9, 10, 2]
(0.9219646545788389, 1.0, 0.0)
[7, 2, 2, 6, 2, 9, 10, 7, 1, 10, 7, 5, 2, 7, 5, 2, 1, 6, 2, 5, 2, 1, 4, 1, 8, 5, 4, 3, 1, 9, 5, 3, 1, 10, 4, 8, 10, 5, 7, 4, 9, 5, 8, 8, 7, 1, 8, 5, 6, 6, 3, 9, 2, 4, 7, 3, 10, 3, 4, 1, 4, 9, 6, 8, 3, 3, 3, 2, 3, 2, 9, 9, 10, 2]
(0.9219646545788389, 1.0, 0.0)
[7, 4, 1, 9, 2, 6, 10, 7, 8, 6, 8, 5, 2, 7, 5, 2, 1, 6, 8, 5, 9, 1, 3, 1, 8, 5, 4, 3, 1, 9, 5, 3, 1, 10, 4, 8, 10, 3, 7, 3, 9, 5, 8, 8, 7, 1, 8, 5, 4, 6, 3, 9, 2, 4, 7, 3, 10, 1, 4, 1, 4, 5, 6, 9, 3, 3, 3, 2, 3, 2, 9, 9, 7, 2]
(0.9219646545788389, 1.0, 0.0)
[7, 4, 1, 1, 2, 9, 10, 7, 3, 6, 10, 5, 2, 7, 5, 2, 1, 8, 2, 5, 5, 1, 4, 6, 8, 5, 4, 3, 1, 9, 5, 3, 1, 10, 4, 8, 10, 3, 8, 4, 9, 5, 8, 8, 7, 1, 8, 5, 6, 6, 3, 9, 2, 4, 7, 3, 10, 3, 4, 1, 4, 9, 6, 8, 3, 3, 3, 2, 3, 2, 9, 9, 10, 2]
(0.9219646545788389, 1.0, 0.0)
[10, 4, 1, 9, 1, 6, 10, 7, 6, 6, 8, 5, 2, 7, 5, 2, 1, 4, 1, 5, 9, 1, 4, 9, 8, 5, 4, 3, 1, 9, 5, 3, 1, 10, 4, 8, 10, 5, 7, 4, 9, 5, 8, 8, 7, 1, 8, 6, 6, 6, 3, 9, 2, 4, 7, 3, 10, 4, 4, 1, 4, 9, 6, 8, 3, 3, 3, 2, 5, 2, 9, 9, 10, 2]
(0.9219646545788389, 1.0, 0.0)
[7, 4, 1, 9, 2, 9, 10, 7, 3, 6, 10, 5, 2, 7, 2, 2, 3, 6, 2, 5, 9, 1, 4, 9, 8, 5, 4, 3, 1, 9, 5, 3, 1, 10, 4, 8, 10, 3, 7, 1, 9, 5, 8, 8, 7, 1, 8, 5, 6, 6, 3, 9, 2, 4, 7, 3, 10, 3, 4, 1, 4, 9, 6, 8, 3, 3, 3, 2, 3, 2, 9, 9, 7, 2]
(0.9219646545788389, 1.0, 0.0)
[7, 4, 1, 9, 2, 7, 10, 7, 3, 6, 10, 5, 2, 7, 5, 2, 1, 6, 2, 5, 6, 7, 4, 1, 8, 5, 4, 3, 1, 9, 5, 3, 1, 10, 4, 8, 10, 5, 7, 4, 9, 5, 8, 8, 7, 1, 8, 5, 6, 7, 3, 9, 2, 4, 7, 3, 10, 3, 4, 1, 4, 9, 6, 8, 3, 3, 3, 2, 3, 2, 9, 9, 7, 2]
(0.9219646545788389, 1.0, 0.0)
[7, 4, 1, 9, 2, 6, 10, 7, 3, 6, 8, 5, 2, 7, 5, 2, 1, 6, 2, 5, 2, 1, 4, 1, 8, 5, 4, 3, 1, 9, 5, 3, 1, 10, 4, 8, 10, 5, 7, 4, 9, 5, 8, 8, 7, 1, 8, 5, 6, 6, 3, 9, 2, 4, 7, 3, 10, 3, 4, 1, 4, 9, 6, 8, 3, 3, 3, 2, 3, 2, 9, 9, 10, 2]
(0.9219646545788389, 1.0, 0.0)
[7, 4, 1, 2, 2, 9, 10, 7, 3, 6, 10, 5, 2, 7, 5, 2, 1, 6, 2, 5, 4, 1, 4, 6, 8, 5, 4, 3, 1, 9, 5, 3, 2, 10, 4, 8, 10, 3, 7, 1, 9, 5, 8, 8, 7, 1, 8, 5, 6, 7, 3, 9, 2, 4, 7, 3, 10, 3, 4, 1, 4, 5, 6, 5, 3, 3, 3, 2, 3, 2, 9, 9, 7, 2]
(0.9219646545788389, 1.0, 0.0)
[7, 4, 1, 9, 2, 9, 10, 7, 9, 6, 8, 5, 2, 7, 5, 2, 1, 6, 8, 5, 9, 1, 3, 9, 8, 5, 4, 3, 1, 9, 5, 3, 7, 10, 3, 8, 10, 10, 7, 6, 9, 5, 8, 8, 7, 1, 8, 5, 6, 7, 3, 10, 2, 4, 7, 3, 10, 3, 4, 1, 4, 9, 6, 4, 3, 3, 3, 1, 3, 2, 9, 9, 7, 2]
(0.9219646545788389, 1.0, 0.0)
[7, 4, 1, 9, 7, 9, 10, 7, 3, 6, 10, 5, 2, 7, 5, 2, 1, 6, 2, 5, 10, 1, 4, 1, 8, 5, 4, 7, 1, 9, 5, 3, 1, 10, 2, 8, 10, 3, 7, 4, 9, 5, 8, 8, 7, 1, 8, 5, 6, 7, 3, 9, 2, 4, 7, 3, 10, 3, 4, 1, 4, 9, 6, 8, 3, 3, 3, 5, 3, 2, 9, 9, 10, 2]
(0.9219646545788389, 1.0, 0.0)
[7, 2, 2, 6, 2, 9, 10, 7, 1, 1, 7, 5, 2, 7, 5, 2, 1, 6, 2, 5, 2, 1, 4, 1, 8, 5, 4, 3, 1, 9, 5, 3, 9, 10, 4, 8, 10, 5, 7, 4, 9, 5, 8, 8, 7, 1, 8, 5, 6, 7, 3, 9, 2, 4, 7, 3, 10, 3, 4, 1, 4, 9, 6, 8, 3, 3, 3, 2, 3, 2, 9, 9, 10, 2]
(0.9219646545788389, 1.0, 0.0)
[7, 2, 2, 6, 2, 9, 10, 7, 1, 1, 7, 5, 2, 7, 5, 2, 1, 6, 2, 5, 2, 1, 4, 1, 8, 5, 4, 3, 1, 9, 5, 3, 1, 5, 10, 8, 10, 5, 7, 4, 9, 5, 8, 8, 7, 3, 8, 5, 6, 6, 3, 9, 2, 4, 7, 3, 10, 3, 4, 1, 4, 9, 6, 8, 3, 3, 3, 2, 3, 2, 9, 9, 10, 2]
(0.9219646545788389, 1.0, 0.0)
[7, 4, 1, 9, 2, 9, 10, 7, 3, 6, 10, 5, 2, 7, 5, 2, 1, 6, 2, 5, 5, 3, 4, 6, 8, 5, 4, 3, 1, 9, 5, 3, 1, 10, 4, 8, 10, 3, 8, 4, 9, 5, 8, 8, 7, 1, 8, 5, 6, 7, 3, 9, 2, 4, 7, 3, 10, 3, 4, 1, 4, 9, 6, 8, 3, 3, 3, 2, 3, 2, 9, 9, 7, 2]
(0.9219646545788389, 1.0, 0.0)
[7, 4, 1, 9, 2, 9, 10, 7, 9, 6, 8, 5, 2, 7, 5, 2, 1, 5, 8, 5, 9, 1, 3, 9, 8, 5, 4, 3, 1, 9, 5, 3, 1, 10, 4, 9, 10, 9, 7, 6, 9, 5, 8, 8, 7, 1, 8, 5, 6, 6, 3, 9, 2, 4, 8, 3, 10, 1, 4, 1, 4, 5, 6, 5, 3, 3, 3, 2, 3, 2, 9, 9, 7, 2]
(0.9219646545788389, 1.0, 0.0)
[7, 4, 1, 9, 2, 6, 10, 7, 3, 6, 10, 5, 2, 7, 5, 2, 1, 6, 2, 5, 2, 1, 4, 1, 8, 5, 4, 3, 1, 9, 5, 3, 1, 10, 4, 8, 10, 5, 7, 4, 9, 7, 8, 1, 7, 1, 8, 1, 6, 6, 3, 9, 2, 4, 7, 3, 10, 3, 8, 1, 4, 9, 6, 8, 3, 3, 3, 2, 3, 2, 9, 9, 10, 2]
(0.9219646545788389, 1.0, 0.0)
[7, 4, 1, 9, 1, 9, 10, 7, 3, 6, 9, 5, 2, 7, 2, 2, 3, 6, 2, 5, 9, 1, 4, 9, 8, 5, 4, 3, 1, 9, 4, 3, 1, 10, 4, 8, 10, 3, 7, 1, 9, 5, 8, 8, 7, 1, 8, 5, 6, 7, 3, 9, 2, 4, 7, 2, 10, 3, 4, 1, 4, 9, 6, 8, 3, 3, 3, 2, 3, 2, 9, 9, 6, 2]
(0.9219646545788389, 1.0, 0.0)
[7, 2, 2, 6, 2, 9, 10, 7, 1, 3, 7, 5, 2, 7, 5, 2, 7, 6, 2, 5, 2, 1, 4, 9, 8, 5, 4, 3, 1, 9, 5, 3, 1, 10, 4, 8, 10, 5, 6, 4, 9, 5, 8, 8, 7, 1, 8, 5, 6, 6, 3, 9, 2, 4, 7, 3, 10, 3, 4, 1, 4, 9, 6, 8, 3, 3, 3, 2, 3, 2, 9, 9, 10, 2]
(0.9219646545788389, 1.0, 0.0)
[7, 4, 1, 9, 2, 9, 10, 7, 3, 6, 10, 5, 2, 7, 5, 2, 1, 6, 2, 5, 2, 1, 4, 1, 8, 5, 4, 3, 1, 9, 5, 1, 5, 10, 4, 8, 10, 3, 7, 1, 9, 5, 8, 8, 7, 1, 8, 5, 6, 6, 3, 9, 2, 4, 7, 3, 10, 3, 10, 1, 4, 9, 7, 8, 3, 3, 3, 2, 3, 2, 9, 9, 10, 2]
(0.9219646545788389, 1.0, 0.0)
[7, 2, 2, 3, 10, 4, 10, 7, 3, 7, 8, 5, 2, 7, 5, 2, 3, 6, 2, 5, 2, 1, 2, 1, 8, 5, 4, 3, 1, 9, 5, 3, 1, 10, 4, 8, 10, 5, 7, 4, 9, 5, 8, 8, 7, 1, 8, 4, 6, 6, 3, 9, 2, 4, 7, 3, 10, 3, 4, 1, 4, 9, 6, 8, 3, 3, 3, 2, 3, 2, 9, 9, 10, 2]
(0.9219646545788389, 1.0, 0.0)
[7, 4, 1, 9, 1, 9, 10, 7, 3, 6, 10, 5, 2, 7, 5, 2, 1, 6, 2, 5, 10, 1, 4, 6, 8, 5, 4, 3, 1, 9, 5, 3, 1, 10, 4, 8, 10, 3, 7, 1, 9, 5, 8, 8, 7, 1, 8, 5, 6, 7, 3, 9, 2, 4, 7, 2, 10, 3, 4, 1, 4, 9, 6, 8, 3, 3, 3, 2, 3, 2, 9, 9, 6, 2]
(0.9219646545788389, 1.0, 0.0)
[7, 4, 1, 9, 2, 9, 10, 7, 3, 6, 10, 5, 2, 7, 5, 2, 1, 6, 2, 5, 6, 7, 4, 1, 8, 5, 4, 3, 1, 9, 5, 9, 1, 10, 4, 8, 10, 3, 7, 4, 9, 5, 8, 8, 7, 1, 8, 5, 6, 7, 3, 9, 2, 4, 7, 3, 10, 3, 4, 1, 4, 9, 6, 8, 3, 3, 3, 2, 3, 2, 9, 9, 10, 2]
(0.9219646545788389, 1.0, 0.0)
[7, 4, 1, 9, 2, 9, 10, 7, 1, 1, 7, 5, 2, 7, 5, 2, 1, 6, 2, 5, 2, 1, 4, 1, 8, 5, 4, 3, 1, 9, 5, 3, 1, 10, 4, 8, 10, 5, 7, 4, 9, 5, 8, 8, 7, 1, 8, 5, 6, 7, 3, 9, 2, 4, 7, 3, 10, 3, 7, 1, 4, 9, 6, 8, 3, 3, 3, 2, 3, 2, 9, 9, 10, 2]
(0.9219646545788389, 1.0, 0.0)
[10, 4, 1, 9, 2, 6, 10, 7, 6, 6, 8, 5, 2, 7, 5, 2, 1, 3, 2, 5, 10, 1, 4, 6, 8, 5, 4, 3, 1, 9, 5, 3, 1, 10, 4, 8, 10, 5, 7, 4, 9, 5, 10, 8, 7, 1, 8, 5, 6, 6, 3, 9, 2, 4, 7, 3, 10, 4, 4, 1, 4, 9, 6, 8, 3, 3, 3, 2, 3, 2, 9, 9, 10, 2]
(0.9219646545788389, 1.0, 0.0)
[7, 4, 1, 9, 2, 9, 10, 7, 3, 6, 10, 5, 2, 7, 8, 2, 1, 6, 2, 5, 2, 1, 4, 1, 8, 5, 4, 3, 1, 9, 5, 3, 1, 10, 4, 8, 10, 5, 7, 4, 9, 5, 8, 8, 7, 1, 8, 5, 6, 6, 3, 9, 2, 4, 7, 3, 10, 3, 4, 1, 4, 9, 6, 8, 3, 3, 3, 2, 3, 2, 9, 9, 10, 2]
(0.9219646545788389, 1.0, 0.0)
[7, 2, 2, 6, 2, 9, 10, 7, 1, 1, 7, 5, 2, 7, 5, 2, 1, 6, 2, 5, 2, 1, 4, 1, 8, 5, 4, 3, 1, 9, 5, 3, 1, 10, 4, 8, 10, 5, 7, 4, 9, 5, 8, 8, 7, 1, 8, 5, 6, 7, 3, 9, 2, 4, 7, 3, 10, 3, 4, 1, 4, 9, 6, 8, 3, 3, 3, 2, 3, 2, 9, 9, 10, 2]
(0.9219646545788389, 1.0, 0.0)
[7, 4, 1, 9, 2, 9, 10, 7, 3, 6, 10, 5, 2, 7, 5, 2, 1, 6, 2, 5, 10, 1, 4, 1, 8, 5, 4, 3, 1, 9, 5, 3, 1, 10, 4, 8, 10, 5, 7, 4, 9, 5, 8, 8, 7, 1, 8, 5, 6, 7, 3, 9, 2, 4, 7, 3, 10, 3, 4, 1, 4, 9, 6, 8, 3, 3, 3, 2, 3, 2, 9, 9, 10, 2]
(0.9219646545788389, 1.0, 0.0)
[7, 4, 1, 9, 2, 9, 10, 7, 3, 6, 10, 5, 2, 7, 5, 2, 1, 6, 2, 5, 10, 1, 4, 1, 8, 5, 4, 3, 1, 9, 5, 3, 1, 10, 4, 8, 10, 3, 7, 4, 9, 5, 8, 8, 7, 1, 8, 5, 6, 7, 3, 9, 2, 4, 7, 3, 10, 3, 4, 1, 4, 9, 6, 8, 3, 3, 3, 2, 3, 2, 9, 9, 7, 2]
(0.9219646545788389, 1.0, 0.0)
[7, 4, 1, 9, 2, 9, 10, 7, 3, 6, 10, 5, 2, 7, 2, 2, 3, 6, 2, 5, 9, 1, 4, 9, 8, 5, 4, 3, 1, 9, 5, 3, 1, 10, 4, 8, 10, 10, 7, 6, 9, 5, 8, 8, 7, 1, 8, 5, 6, 7, 3, 9, 2, 4, 7, 3, 10, 3, 4, 1, 4, 9, 6, 8, 3, 3, 3, 2, 3, 2, 9, 9, 7, 2]
(0.9219646545788389, 1.0, 0.0)
[7, 4, 1, 9, 10, 6, 10, 7, 9, 6, 8, 5, 2, 7, 2, 2, 3, 4, 2, 5, 9, 1, 4, 9, 8, 5, 4, 3, 1, 9, 5, 3, 1, 10, 4, 8, 10, 10, 7, 6, 9, 5, 8, 8, 7, 1, 8, 5, 6, 1, 3, 9, 2, 4, 7, 3, 10, 1, 4, 1, 4, 5, 6, 5, 3, 3, 3, 2, 3, 2, 9, 9, 7, 2]
(0.9219646545788389, 1.0, 0.0)
[7, 4, 1, 9, 2, 6, 10, 7, 9, 6, 8, 5, 2, 7, 5, 2, 1, 6, 8, 5, 9, 1, 3, 1, 8, 5, 4, 3, 1, 9, 5, 3, 1, 10, 4, 8, 10, 3, 7, 1, 9, 5, 8, 8, 7, 1, 8, 5, 6, 6, 3, 9, 2, 4, 7, 3, 10, 1, 4, 1, 4, 5, 6, 5, 3, 3, 3, 2, 3, 2, 9, 9, 7, 2]
(0.9219646545788389, 1.0, 0.0)
[7, 4, 1, 9, 2, 9, 10, 7, 3, 6, 10, 5, 2, 7, 5, 2, 1, 6, 2, 5, 10, 1, 4, 6, 8, 5, 4, 3, 1, 9, 5, 3, 1, 10, 4, 8, 10, 5, 7, 4, 9, 5, 8, 8, 7, 1, 8, 5, 6, 6, 3, 9, 2, 4, 7, 3, 10, 1, 4, 1, 4, 5, 6, 5, 3, 3, 3, 2, 3, 2, 9, 9, 7, 2]
(0.9219646545788389, 1.0, 0.0)
[7, 4, 1, 9, 2, 6, 10, 7, 3, 6, 10, 5, 2, 7, 5, 2, 1, 6, 2, 5, 2, 1, 4, 1, 8, 5, 4, 3, 1, 9, 5, 3, 1, 10, 4, 8, 10, 5, 7, 4, 9, 5, 8, 8, 7, 1, 8, 5, 6, 6, 3, 9, 2, 4, 7, 3, 10, 3, 8, 1, 4, 9, 6, 8, 3, 3, 3, 2, 3, 2, 9, 9, 10, 2]
(0.9219646545788389, 1.0, 0.0)
[7, 4, 1, 9, 2, 9, 10, 7, 3, 6, 10, 5, 2, 7, 5, 2, 1, 6, 2, 5, 10, 1, 4, 6, 8, 5, 4, 3, 1, 9, 5, 3, 1, 10, 4, 8, 10, 3, 7, 4, 9, 5, 8, 8, 7, 1, 8, 5, 6, 7, 3, 9, 2, 4, 7, 3, 10, 1, 4, 1, 4, 5, 6, 5, 3, 3, 3, 2, 3, 2, 9, 9, 7, 2]
(0.9219646545788389, 1.0, 0.0)
[7, 2, 2, 6, 2, 9, 10, 7, 1, 1, 7, 5, 2, 7, 5, 2, 1, 6, 2, 5, 2, 1, 4, 1, 8, 5, 4, 3, 1, 9, 5, 3, 1, 10, 4, 8, 10, 5, 7, 4, 9, 5, 8, 8, 7, 1, 8, 5, 6, 7, 3, 9, 2, 4, 7, 3, 10, 3, 4, 1, 4, 9, 6, 8, 3, 3, 3, 2, 3, 2, 9, 9, 10, 2]
(0.9219646545788389, 1.0, 0.0)
[7, 4, 1, 9, 2, 9, 10, 7, 3, 6, 10, 5, 2, 7, 5, 2, 1, 6, 2, 5, 10, 1, 4, 1, 8, 5, 4, 3, 1, 9, 5, 3, 1, 10, 4, 8, 10, 5, 7, 4, 9, 5, 8, 8, 7, 1, 8, 5, 6, 7, 3, 9, 2, 4, 7, 3, 10, 3, 4, 1, 4, 9, 6, 8, 3, 3, 3, 2, 3, 2, 9, 9, 10, 2]
(0.9219646545788389, 1.0, 0.0)
[7, 4, 1, 9, 2, 9, 10, 7, 3, 6, 10, 5, 2, 7, 5, 2, 1, 6, 2, 5, 10, 1, 4, 1, 8, 5, 4, 3, 1, 9, 5, 3, 1, 10, 4, 8, 10, 3, 7, 4, 9, 5, 8, 8, 7, 2, 8, 7, 6, 7, 3, 9, 2, 4, 7, 3, 10, 1, 4, 1, 4, 5, 6, 5, 3, 3, 3, 2, 3, 2, 9, 9, 7, 2]
(0.9219646545788389, 1.0, 0.0)
[7, 4, 1, 9, 2, 6, 10, 7, 3, 6, 8, 5, 2, 7, 5, 2, 1, 6, 2, 5, 9, 1, 4, 1, 8, 5, 4, 3, 1, 9, 5, 3, 1, 10, 4, 8, 10, 3, 7, 1, 9, 5, 8, 8, 7, 1, 8, 5, 6, 7, 3, 9, 2, 4, 7, 3, 10, 3, 4, 1, 4, 9, 6, 8, 3, 3, 3, 2, 3, 2, 9, 9, 10, 2]
(0.9219646545788389, 1.0, 0.0)
[7, 2, 2, 6, 2, 9, 10, 7, 1, 1, 10, 5, 2, 7, 5, 2, 1, 6, 2, 5, 9, 1, 4, 1, 8, 5, 4, 3, 1, 9, 5, 10, 1, 10, 4, 8, 10, 5, 7, 4, 9, 5, 8, 8, 7, 1, 8, 5, 6, 7, 3, 9, 2, 4, 7, 3, 10, 3, 4, 1, 4, 9, 6, 8, 3, 3, 3, 2, 3, 2, 9, 9, 10, 2]
(0.9219646545788389, 1.0, 0.0)
[7, 4, 1, 9, 2, 6, 10, 7, 3, 6, 8, 5, 2, 7, 5, 2, 1, 6, 2, 5, 2, 1, 4, 1, 8, 5, 4, 3, 1, 9, 5, 3, 1, 10, 4, 8, 10, 5, 7, 4, 9, 5, 8, 8, 7, 1, 8, 5, 6, 6, 3, 9, 2, 4, 7, 3, 10, 3, 4, 1, 4, 9, 6, 8, 3, 3, 3, 2, 3, 2, 9, 9, 10, 2]
(0.9219646545788389, 1.0, 0.0)
[7, 4, 1, 9, 2, 9, 10, 7, 3, 6, 10, 5, 2, 7, 5, 2, 1, 6, 2, 5, 10, 1, 4, 1, 8, 5, 4, 3, 1, 9, 5, 9, 1, 10, 4, 8, 10, 3, 7, 4, 9, 5, 8, 8, 7, 2, 8, 7, 6, 7, 3, 9, 2, 4, 7, 3, 10, 1, 4, 1, 4, 5, 6, 5, 3, 3, 3, 2, 3, 2, 9, 9, 7, 2]
(0.9219646545788389, 1.0, 0.0)
[7, 4, 1, 1, 2, 6, 10, 7, 2, 6, 10, 3, 2, 7, 5, 2, 6, 6, 2, 5, 10, 1, 4, 6, 8, 5, 4, 3, 2, 9, 5, 3, 1, 10, 4, 8, 10, 2, 7, 4, 9, 5, 8, 8, 7, 1, 8, 5, 6, 6, 3, 9, 2, 4, 7, 3, 10, 3, 4, 1, 4, 9, 6, 8, 3, 3, 3, 2, 3, 2, 9, 9, 10, 2]
(0.9219646545788389, 1.0, 0.0)
[10, 4, 1, 9, 1, 6, 10, 7, 6, 6, 8, 5, 2, 7, 5, 2, 1, 4, 1, 5, 9, 1, 4, 9, 8, 5, 4, 3, 1, 9, 5, 3, 1, 10, 4, 8, 10, 5, 7, 4, 9, 5, 10, 8, 7, 1, 8, 6, 6, 6, 3, 9, 2, 4, 7, 3, 10, 4, 4, 1, 4, 9, 6, 8, 3, 3, 3, 2, 5, 2, 9, 9, 10, 2]
(0.9219646545788389, 1.0, 0.0)
[7, 4, 1, 9, 2, 9, 10, 7, 3, 6, 7, 5, 2, 7, 5, 2, 1, 6, 2, 5, 6, 7, 4, 1, 8, 5, 4, 3, 1, 9, 5, 3, 1, 10, 4, 8, 10, 3, 7, 4, 9, 5, 8, 8, 7, 1, 8, 5, 6, 7, 3, 9, 2, 4, 7, 3, 10, 3, 4, 1, 4, 9, 6, 8, 3, 3, 3, 2, 3, 2, 9, 9, 10, 2]
(0.9219646545788389, 1.0, 0.0)
[7, 4, 9, 9, 2, 6, 10, 7, 9, 6, 8, 5, 2, 7, 5, 2, 1, 6, 8, 5, 9, 1, 3, 9, 8, 5, 4, 3, 1, 9, 5, 3, 1, 10, 4, 8, 10, 10, 7, 6, 9, 5, 8, 8, 7, 1, 8, 5, 6, 7, 3, 9, 2, 4, 7, 3, 10, 3, 4, 1, 4, 5, 6, 5, 3, 3, 3, 2, 3, 2, 9, 9, 7, 2]
(0.9219646545788389, 1.0, 0.0)
[7, 4, 1, 9, 2, 9, 10, 7, 3, 6, 10, 5, 2, 7, 5, 2, 1, 6, 2, 5, 10, 1, 4, 6, 8, 5, 4, 5, 1, 9, 5, 3, 1, 10, 4, 8, 10, 5, 7, 4, 9, 5, 8, 9, 7, 1, 8, 5, 6, 6, 3, 9, 2, 4, 8, 3, 10, 1, 4, 1, 4, 5, 6, 5, 3, 3, 3, 2, 3, 2, 9, 9, 7, 2]
(0.9219646545788389, 1.0, 0.0)
[7, 2, 2, 6, 2, 4, 10, 7, 1, 1, 7, 5, 2, 7, 5, 2, 1, 6, 2, 5, 2, 1, 4, 1, 8, 5, 4, 3, 1, 9, 5, 9, 1, 10, 4, 8, 10, 10, 7, 4, 9, 3, 8, 8, 7, 1, 8, 5, 6, 7, 3, 7, 2, 4, 7, 3, 10, 3, 4, 1, 4, 9, 6, 8, 3, 3, 3, 2, 3, 2, 9, 9, 10, 2]
(0.9219646545788389, 1.0, 0.0)
[7, 4, 1, 9, 2, 9, 10, 7, 3, 6, 10, 5, 2, 7, 5, 2, 1, 6, 2, 5, 10, 1, 4, 1, 8, 5, 4, 3, 1, 9, 5, 3, 1, 10, 4, 8, 10, 5, 7, 4, 9, 5, 8, 8, 7, 1, 8, 5, 6, 7, 3, 9, 2, 4, 7, 3, 10, 3, 4, 1, 4, 9, 6, 8, 3, 3, 3, 2, 3, 2, 9, 9, 10, 2]
(0.9219646545788389, 1.0, 0.0)
[7, 4, 1, 9, 2, 9, 10, 7, 3, 6, 10, 5, 2, 7, 5, 2, 1, 6, 2, 5, 10, 1, 4, 6, 8, 5, 10, 3, 1, 9, 5, 3, 1, 10, 4, 8, 10, 5, 7, 4, 9, 5, 8, 8, 7, 1, 8, 5, 6, 7, 3, 9, 2, 4, 8, 3, 10, 1, 4, 1, 4, 5, 6, 5, 3, 3, 3, 2, 3, 2, 9, 9, 7, 2]
(0.9219646545788389, 1.0, 0.0)
[7, 4, 1, 9, 10, 6, 10, 7, 10, 2, 8, 5, 2, 7, 2, 2, 2, 4, 2, 5, 9, 1, 4, 9, 8, 5, 4, 4, 1, 9, 5, 3, 8, 10, 4, 8, 10, 5, 7, 4, 9, 5, 10, 8, 7, 3, 8, 5, 6, 6, 3, 9, 2, 4, 7, 3, 10, 4, 4, 1, 4, 9, 6, 8, 3, 3, 3, 2, 3, 2, 9, 9, 7, 2]
(0.9219646545788389, 1.0, 0.0)
[7, 2, 2, 3, 2, 9, 10, 7, 1, 6, 10, 5, 2, 7, 8, 2, 1, 6, 2, 5, 2, 1, 4, 1, 8, 5, 4, 3, 1, 9, 5, 3, 1, 10, 4, 8, 10, 5, 7, 4, 9, 5, 8, 8, 7, 1, 8, 5, 6, 7, 3, 9, 2, 4, 7, 3, 10, 3, 4, 1, 4, 9, 6, 8, 3, 3, 3, 2, 3, 2, 9, 9, 10, 2]
(0.9219646545788389, 1.0, 0.0)
[7, 4, 1, 9, 10, 6, 10, 7, 3, 7, 8, 5, 2, 7, 5, 2, 3, 6, 2, 5, 2, 1, 4, 1, 8, 5, 4, 3, 1, 9, 5, 3, 1, 10, 4, 8, 10, 5, 7, 4, 9, 5, 8, 8, 7, 1, 8, 5, 6, 6, 3, 9, 2, 4, 7, 3, 10, 3, 4, 1, 4, 9, 6, 8, 3, 3, 3, 2, 3, 2, 9, 9, 10, 2]
(0.9219646545788389, 1.0, 0.0)
[7, 2, 2, 6, 2, 9, 10, 7, 1, 1, 7, 5, 2, 7, 5, 2, 1, 6, 2, 5, 2, 1, 4, 1, 8, 5, 4, 3, 1, 9, 5, 3, 1, 10, 4, 8, 10, 5, 7, 4, 9, 5, 8, 8, 7, 3, 8, 5, 6, 6, 3, 9, 2, 4, 7, 3, 10, 3, 4, 1, 4, 9, 6, 8, 3, 3, 3, 2, 3, 2, 9, 9, 10, 2]
(0.9219646545788389, 1.0, 0.0)
[7, 4, 1, 1, 2, 6, 10, 7, 3, 6, 10, 5, 2, 7, 5, 2, 6, 6, 2, 5, 10, 1, 4, 6, 8, 5, 4, 3, 1, 9, 5, 3, 1, 10, 4, 8, 10, 3, 7, 4, 9, 5, 8, 8, 7, 1, 8, 5, 6, 6, 3, 9, 2, 4, 7, 3, 10, 3, 4, 1, 4, 9, 6, 8, 3, 3, 3, 2, 3, 2, 9, 9, 10, 2]
(0.9219646545788389, 1.0, 0.0)
[7, 4, 1, 9, 2, 9, 10, 7, 3, 6, 10, 5, 2, 7, 5, 2, 1, 6, 2, 5, 5, 1, 4, 6, 8, 5, 4, 3, 1, 9, 5, 3, 1, 10, 4, 8, 10, 3, 8, 4, 9, 5, 8, 8, 7, 1, 8, 5, 6, 7, 3, 9, 2, 4, 7, 3, 10, 1, 4, 1, 4, 5, 6, 5, 3, 3, 3, 2, 3, 2, 9, 9, 7, 2]
(0.9219646545788389, 1.0, 0.0)
[7, 4, 1, 6, 2, 9, 10, 7, 1, 1, 10, 5, 2, 7, 7, 2, 1, 6, 7, 5, 9, 6, 4, 1, 8, 5, 4, 1, 1, 7, 5, 10, 1, 10, 4, 8, 10, 5, 7, 4, 9, 5, 8, 8, 7, 1, 7, 5, 6, 7, 3, 9, 2, 4, 7, 3, 10, 3, 4, 1, 4, 9, 6, 8, 3, 3, 3, 2, 3, 2, 9, 9, 10, 2]
(0.9219646545788389, 1.0, 0.0)
[4, 10, 1, 6, 6, 5, 1, 6, 4, 2, 1, 1, 2, 5, 1, 5, 2, 4, 5, 10, 5, 1, 10, 2, 4, 9, 7, 5, 4, 4, 1, 2, 1, 1, 10, 5, 10, 5, 9, 4, 9, 5, 8, 7, 7, 10, 7, 1, 4, 7, 9, 8, 9, 3, 5, 7, 10, 3, 5, 2, 4, 5, 3, 7, 2, 9, 3, 3, 3, 2, 3, 6, 9, 1]
(0.5872520832318112, 0.6610169491525432, 0.7237961964625717)
[4, 10, 1, 6, 6, 5, 1, 6, 4, 2, 1, 1, 2, 5, 1, 5, 2, 4, 5, 10, 5, 1, 9, 2, 4, 3, 7, 5, 4, 4, 1, 4, 9, 4, 3, 4, 4, 5, 4, 10, 2, 7, 10, 5, 9, 6, 6, 2, 8, 7, 9, 1, 9, 9, 5, 10, 1, 9, 7, 7, 10, 8, 2, 6, 1, 1, 1, 4, 3, 1, 1, 6, 9, 1]
(0.5872520832318112, 0.6610169491525432, 0.7237961964625717)
[4, 2, 2, 6, 6, 5, 9, 6, 4, 2, 1, 1, 2, 5, 1, 5, 2, 4, 5, 10, 5, 6, 1, 1, 8, 5, 8, 8, 2, 9, 1, 6, 4, 3, 1, 8, 8, 7, 7, 4, 9, 5, 8, 8, 7, 2, 8, 5, 8, 7, 3, 10, 4, 3, 7, 7, 10, 4, 5, 2, 4, 5, 8, 7, 1, 9, 1, 3, 3, 2, 3, 6, 9, 1]
(0.394842895055863, 0.6610169491525432, 0.9392694471733471)
[8, 2, 2, 6, 6, 5, 9, 6, 4, 2, 1, 1, 2, 5, 1, 5, 2, 4, 5, 10, 5, 3, 1, 1, 8, 5, 8, 8, 9, 9, 1, 6, 3, 3, 5, 9, 10, 3, 7, 4, 9, 4, 5, 7, 7, 10, 7, 1, 4, 7, 1, 4, 4, 3, 7, 7, 10, 3, 5, 2, 6, 5, 8, 9, 1, 9, 5, 3, 3, 2, 3, 6, 9, 1]
(0.394842895055863, 1.0, 0.7237961964625717)
[8, 2, 2, 6, 6, 5, 9, 6, 4, 2, 1, 1, 2, 5, 1, 5, 2, 4, 5, 10, 5, 3, 1, 1, 8, 5, 8, 8, 9, 9, 1, 6, 3, 3, 5, 9, 10, 3, 7, 4, 9, 4, 5, 7, 7, 10, 7, 1, 4, 7, 1, 4, 4, 3, 7, 7, 10, 3, 5, 2, 6, 5, 8, 9, 1, 9, 5, 3, 3, 2, 3, 6, 9, 1]
(0.394842895055863, 1.0, 0.7237961964625717)
[3, 2, 4, 5, 10, 8, 9, 8, 7, 1, 1, 6, 2, 5, 3, 5, 10, 6, 5, 4, 1, 9, 8, 2, 1, 6, 7, 5, 2, 6, 9, 4, 7, 9, 3, 2, 8, 8, 1, 1, 4, 6, 3, 1, 2, 10, 5, 1, 8, 9, 9, 8, 8, 5, 5, 9, 8, 9, 6, 7, 8, 8, 6, 6, 6, 9, 1, 3, 2, 2, 1, 6, 9, 1]
(0.5002283010252792, 0.6610169491525432, 0.968683798471031)
[4, 10, 1, 6, 6, 5, 1, 6, 4, 2, 1, 1, 2, 5, 1, 5, 2, 4, 5, 8, 5, 1, 10, 2, 4, 9, 8, 8, 10, 4, 1, 2, 7, 1, 1, 5, 10, 3, 9, 4, 9, 5, 8, 7, 7, 10, 7, 1, 4, 7, 9, 7, 9, 3, 5, 5, 10, 3, 5, 2, 4, 5, 3, 7, 1, 9, 1, 4, 3, 2, 1, 6, 9, 1]
(0.5872520832318112, 1.0, 0.5887369147804653)
[4, 10, 1, 6, 6, 5, 1, 6, 4, 2, 1, 1, 2, 5, 1, 5, 2, 4, 5, 10, 5, 1, 10, 2, 4, 9, 7, 5, 4, 4, 1, 2, 1, 1, 10, 5, 10, 5, 9, 4, 9, 5, 8, 7, 7, 10, 7, 1, 4, 7, 9, 8, 9, 3, 5, 7, 10, 3, 5, 2, 4, 5, 3, 7, 1, 9, 1, 4, 3, 2, 3, 6, 9, 1]
(0.5872520832318112, 0.6610169491525422, 0.9392694471733471)
[8, 2, 2, 6, 6, 5, 1, 3, 4, 6, 1, 1, 2, 5, 2, 5, 2, 4, 5, 4, 5, 3, 1, 1, 8, 8, 8, 8, 10, 8, 5, 6, 4, 3, 8, 10, 8, 7, 7, 4, 9, 5, 7, 8, 7, 2, 8, 5, 8, 7, 3, 10, 4, 3, 4, 7, 10, 3, 5, 2, 4, 5, 8, 7, 1, 9, 1, 3, 3, 2, 3, 6, 9, 1]
(0.2974013474494709, 1.0, 0.9392694471733471)
[8, 2, 2, 6, 6, 5, 1, 6, 4, 2, 1, 1, 2, 5, 2, 7, 2, 4, 5, 10, 5, 3, 1, 1, 8, 2, 8, 8, 10, 3, 5, 6, 4, 3, 8, 10, 8, 7, 7, 4, 9, 5, 8, 8, 7, 2, 8, 5, 8, 7, 3, 10, 4, 3, 7, 7, 10, 3, 5, 2, 4, 5, 8, 7, 5, 9, 1, 3, 3, 2, 3, 6, 9, 1]
(0.2974013474494709, 1.0, 0.9392694471733471)
[8, 2, 2, 6, 6, 5, 1, 3, 4, 6, 1, 1, 2, 5, 1, 5, 2, 4, 5, 4, 5, 3, 1, 1, 8, 2, 8, 2, 10, 3, 5, 6, 4, 3, 8, 10, 8, 7, 7, 4, 9, 5, 8, 8, 7, 2, 8, 5, 8, 7, 3, 10, 4, 3, 7, 7, 10, 3, 5, 2, 4, 5, 8, 7, 1, 9, 1, 3, 3, 2, 3, 6, 9, 1]
(0.2974013474494709, 1.0, 0.9392694471733471)
[8, 2, 2, 6, 6, 5, 1, 6, 4, 2, 1, 1, 2, 5, 2, 7, 2, 4, 5, 10, 5, 3, 1, 1, 8, 2, 8, 8, 10, 3, 5, 6, 4, 3, 8, 10, 8, 7, 7, 4, 9, 5, 8, 8, 7, 2, 8, 5, 8, 7, 3, 10, 4, 3, 7, 7, 10, 3, 5, 2, 4, 5, 4, 7, 5, 8, 1, 3, 3, 2, 3, 6, 9, 1]
(0.2974013474494709, 1.0, 0.9392694471733471)
[8, 2, 2, 6, 5, 5, 1, 6, 4, 2, 1, 1, 2, 5, 2, 7, 2, 2, 5, 10, 5, 3, 1, 1, 8, 2, 8, 8, 10, 3, 5, 6, 4, 3, 8, 10, 8, 7, 7, 4, 6, 5, 8, 8, 7, 2, 8, 5, 8, 5, 3, 10, 4, 3, 7, 7, 9, 3, 5, 2, 4, 5, 8, 7, 1, 9, 1, 3, 3, 2, 3, 6, 9, 1]
(0.2974013474494709, 1.0, 0.9392694471733471)
[8, 2, 2, 6, 6, 5, 1, 3, 4, 6, 1, 1, 2, 5, 2, 5, 2, 4, 5, 4, 5, 3, 1, 1, 8, 8, 8, 8, 10, 8, 5, 6, 4, 3, 8, 10, 8, 7, 7, 4, 9, 5, 7, 9, 7, 2, 5, 5, 8, 7, 3, 10, 4, 3, 4, 7, 10, 3, 5, 2, 4, 5, 8, 7, 1, 9, 1, 3, 3, 2, 3, 6, 9, 1]
(0.2974013474494709, 1.0, 0.9392694471733471)
[4, 2, 2, 6, 6, 5, 1, 6, 4, 2, 1, 1, 2, 5, 1, 5, 2, 4, 5, 10, 5, 1, 9, 2, 4, 3, 7, 5, 4, 4, 1, 4, 9, 4, 3, 4, 4, 5, 5, 10, 2, 7, 10, 5, 9, 6, 6, 2, 8, 7, 9, 8, 9, 9, 5, 10, 1, 9, 7, 7, 10, 8, 2, 6, 1, 1, 5, 6, 5, 2, 3, 6, 9, 1]
(0.5872520832318112, 1.0, 0.7237961964625717)
[4, 10, 1, 6, 6, 5, 1, 6, 4, 2, 1, 1, 2, 5, 1, 5, 2, 4, 5, 10, 5, 1, 10, 2, 4, 9, 7, 5, 4, 4, 1, 2, 7, 1, 10, 5, 10, 5, 9, 4, 9, 5, 8, 7, 7, 10, 7, 1, 4, 7, 9, 8, 7, 9, 5, 7, 10, 3, 3, 2, 4, 5, 7, 7, 1, 9, 1, 4, 3, 2, 1, 6, 9, 1]
(0.5872520832318112, 1.0, 0.7237961964625717)
[8, 2, 2, 6, 10, 5, 1, 6, 4, 8, 1, 1, 2, 5, 8, 7, 2, 4, 5, 10, 10, 2, 1, 1, 8, 2, 8, 8, 10, 1, 1, 6, 4, 3, 8, 8, 8, 7, 7, 4, 9, 5, 8, 8, 7, 2, 8, 5, 8, 7, 3, 10, 4, 3, 7, 7, 10, 4, 5, 9, 4, 5, 8, 7, 1, 9, 3, 3, 3, 2, 3, 6, 9, 1]
(0.5872520832318112, 1.0, 0.7237961964625717)
[8, 5, 2, 6, 4, 5, 1, 3, 4, 2, 1, 8, 2, 5, 10, 3, 1, 2, 5, 10, 5, 4, 9, 10, 8, 5, 8, 8, 9, 9, 1, 6, 7, 3, 5, 9, 10, 3, 7, 4, 9, 5, 8, 8, 7, 2, 8, 5, 6, 7, 3, 4, 4, 3, 7, 7, 10, 4, 5, 2, 4, 5, 8, 7, 1, 9, 3, 3, 3, 2, 3, 6, 9, 1]
(0.5872520832318112, 1.0, 0.7237961964625717)
[4, 10, 1, 6, 6, 5, 1, 6, 4, 2, 1, 1, 2, 5, 1, 5, 2, 4, 5, 8, 5, 1, 10, 2, 4, 9, 8, 8, 10, 4, 1, 2, 7, 1, 10, 5, 10, 3, 9, 4, 9, 5, 8, 7, 7, 10, 7, 1, 4, 7, 9, 8, 7, 9, 5, 7, 10, 3, 3, 2, 4, 5, 7, 7, 1, 9, 1, 4, 3, 2, 1, 6, 9, 1]
(0.5872520832318112, 1.0, 0.7237961964625717)
[8, 5, 2, 6, 6, 5, 1, 6, 4, 2, 1, 1, 2, 5, 10, 3, 2, 4, 5, 10, 10, 2, 1, 1, 8, 2, 8, 8, 10, 1, 1, 6, 4, 3, 8, 8, 8, 7, 7, 4, 9, 5, 8, 8, 7, 2, 8, 5, 8, 7, 3, 10, 4, 3, 7, 3, 10, 4, 5, 9, 4, 5, 8, 7, 1, 9, 3, 3, 3, 2, 3, 6, 9, 1]
(0.5872520832318112, 1.0, 0.7237961964625717)
[8, 5, 2, 6, 4, 5, 1, 3, 4, 2, 1, 1, 2, 5, 10, 3, 1, 2, 5, 10, 5, 3, 1, 1, 8, 5, 8, 8, 2, 9, 1, 6, 4, 3, 1, 8, 8, 7, 7, 4, 9, 5, 8, 8, 7, 2, 8, 5, 8, 7, 3, 10, 4, 3, 7, 7, 10, 4, 5, 2, 4, 5, 8, 9, 1, 9, 3, 3, 3, 2, 3, 6, 9, 1]
(0.5872520832318112, 1.0, 0.7237961964625717)
[8, 5, 2, 6, 6, 5, 1, 6, 4, 2, 1, 1, 2, 5, 10, 3, 2, 2, 5, 10, 5, 4, 9, 1, 8, 5, 8, 8, 9, 9, 1, 6, 3, 3, 5, 9, 10, 3, 7, 4, 9, 4, 5, 8, 7, 2, 8, 5, 8, 7, 1, 4, 4, 3, 7, 7, 10, 3, 5, 2, 6, 5, 8, 7, 1, 9, 5, 3, 3, 2, 3, 6, 9, 1]
(0.5872520832318112, 1.0, 0.7237961964625717)
[8, 2, 2, 6, 6, 9, 10, 7, 3, 6, 10, 5, 2, 5, 1, 4, 2, 4, 5, 10, 5, 3, 8, 1, 8, 5, 8, 8, 2, 9, 1, 6, 4, 3, 1, 8, 8, 7, 7, 4, 9, 3, 8, 9, 7, 2, 8, 5, 8, 7, 3, 10, 4, 3, 7, 7, 10, 4, 5, 2, 4, 5, 8, 7, 1, 9, 1, 3, 3, 2, 3, 6, 9, 1]
(0.5872520832318112, 1.0, 0.7237961964625717)
