Matsuoka quadruped, body parameters:[10, 3, 2, 5, 5, 7, 1, 6, 2, 10, 9, 8, 4, 9, 9, 8, 5, 8, 5, 6, 6, 7, 10, 4, 4, 9, 9, 1, 3, 2, 4, 4, 6, 2, 8, 1, 10]
{'b': 0.020000000000000004, 'gam': 0.09000000000000001, 'x0': 0.9, 'c': 2.0, 'a': 0.8}
Inter-module:
[[ 0.  -0.2  0.  -1.2 -0.6  0. ]
 [-0.8  0.  -1.  -1.2 -0.6 -0.4]
 [ 0.  -1.   0.   0.  -0.4 -1.4]
 [-1.2 -0.6  0.   0.  -0.2  0. ]
 [-1.2 -0.6 -0.4 -0.8  0.  -1. ]
 [ 0.  -0.4 -1.4  0.  -1.   0. ]]
Intra-module:
[[ 0.  -0.8 -0.2]
 [-1.2  0.  -1.4]
 [-1.   1.8  0. ]]
Bias:[1.8 1.9 2. ]
Drive coeff:[-0.7  0.1 -0.9]
Base period:0.3
gen	evals	std                               	min       	avg                               	max                               
0  	92   	[0.01700521 0.05804112 0.        ]	[0. 0. 0.]	[0.00251987 0.00832152 0.        ]	[0.12849015 0.5        0.        ]
1  	92   	[0.04979419 0.05804205 0.        ]	[0. 0. 0.]	[0.01057477 0.00864119 0.        ]	[0.31888545 0.5        0.        ]
2  	92   	[0.05087649 0.05899019 0.        ]	[0. 0. 0.]	[0.01179135 0.00984448 0.        ]	[0.31888545 0.5        0.        ]
3  	92   	[0.05135448 0.06233367 0.        ]	[0. 0. 0.]	[0.01266508 0.01294885 0.        ]	[0.31888545 0.5        0.        ]
4  	92   	[0.05402947 0.06233367 0.        ]	[0. 0. 0.]	[0.01456981 0.01294885 0.        ]	[0.31888545 0.5        0.        ]
5  	92   	[0.05571064 0.06233367 0.        ]	[0. 0. 0.]	[0.01785204 0.01294885 0.        ]	[0.31888545 0.5        0.        ]
6  	92   	[0.05571064 0.06663492 0.        ]	[0. 0. 0.]	[0.01785204 0.01900864 0.        ]	[0.31888545 0.5        0.        ]
7  	92   	[0.06116547 0.06661452 0.        ]	[0. 0. 0.]	[0.02070235 0.01910022 0.        ]	[0.31888545 0.5        0.        ]
8  	92   	[0.09647355 0.06805922 0.        ]	[0. 0. 0.]	[0.02999187 0.02089042 0.        ]	[0.73747017 0.5        0.        ]
9  	92   	[0.09689472 0.0700661  0.        ]	[0. 0. 0.]	[0.03211637 0.02382419 0.        ]	[0.73747017 0.5        0.        ]
10 	92   	[0.09689472 0.07756586 0.        ]	[0. 0. 0.]	[0.03211637 0.02866795 0.        ]	[0.73747017 0.5        0.        ]
11 	92   	[0.09689472 0.07780888 0.        ]	[0. 0. 0.]	[0.03211637 0.02970005 0.        ]	[0.73747017 0.5        0.        ]
12 	92   	[0.10271819 0.07885572 0.        ]	[0. 0. 0.]	[0.03862214 0.03226235 0.        ]	[0.73747017 0.5        0.        ]
13 	92   	[0.10528176 0.07928039 0.        ]	[0. 0. 0.]	[0.04392611 0.03378583 0.        ]	[0.73747017 0.5        0.        ]
14 	92   	[0.12732207 0.08052323 0.        ]	[0. 0. 0.]	[0.05289432 0.0367666  0.        ]	[0.73747017 0.5        0.        ]
15 	92   	[0.14552764 0.08230881 0.        ]	[0. 0. 0.]	[0.06212781 0.04227315 0.        ]	[0.73747017 0.5        0.        ]
16 	92   	[0.14709702 0.08272182 0.        ]	[0. 0. 0.]	[0.0684656  0.04585186 0.        ]	[0.73747017 0.5        0.        ]
17 	92   	[0.14675987 0.08385731 0.        ]	[0. 0. 0.]	[0.07088115 0.04913045 0.        ]	[0.73747017 0.5        0.        ]
18 	92   	[0.14675581 0.08834897 0.        ]	[0. 0. 0.]	[0.07547    0.06136496 0.        ]	[0.73747017 0.5        0.        ]
19 	92   	[0.14628671 0.08822483 0.        ]	[0. 0. 0.]	[0.08205363 0.0677667  0.        ]	[0.73747017 0.5        0.        ]
20 	92   	[0.14623817 0.093463   0.        ]	[0. 0. 0.]	[0.0836181  0.07469198 0.        ]	[0.73747017 0.5        0.        ]
21 	92   	[0.14608117 0.09427323 0.        ]	[0. 0. 0.]	[0.08490455 0.07677561 0.        ]	[0.73747017 0.5        0.        ]
22 	92   	[0.16006839 0.0946405  0.        ]	[0. 0. 0.]	[0.09637679 0.07600769 0.        ]	[0.73747017 0.5        0.        ]
23 	92   	[0.17374269 0.09716436 0.        ]	[0. 0. 0.]	[0.11398604 0.07743186 0.        ]	[0.73747017 0.5        0.        ]
24 	92   	[0.17520649 0.10116273 0.        ]	[0. 0. 0.]	[0.11986653 0.08350141 0.        ]	[0.73747017 0.5        0.        ]
25 	92   	[0.21962241 0.11866949 0.        ]	[0. 0. 0.]	[0.15590056 0.09163949 0.        ]	[0.73747017 0.66666667 0.        ]
26 	92   	[0.2409049  0.12308668 0.        ]	[0. 0. 0.]	[0.18559144 0.09556486 0.        ]	[0.73747017 0.66666667 0.        ]
27 	92   	[0.26879409 0.12407515 0.        ]	[0. 0. 0.]	[0.22571606 0.093645   0.        ]	[0.73747017 0.66666667 0.        ]
28 	92   	[0.29756987 0.12899221 0.01085276]	[0. 0. 0.]	[0.28749126 0.08934812 0.00113768]	[0.73747017 0.66666667 0.10466637]
29 	92   	[0.31451018 0.16031398 0.01085276]	[0. 0. 0.]	[0.3797468  0.08605617 0.00113768]	[0.73747017 1.         0.10466637]
30 	92   	[0.30986197 0.16202932 0.01085276]	[0. 0. 0.]	[0.48291137 0.07407844 0.00113768]	[0.73747017 1.         0.10466637]
31 	92   	[0.27077741 0.17257146 0.01085276]	[0. 0. 0.]	[0.58507092 0.07086764 0.00113768]	[0.73747017 1.         0.10466637]
32 	92   	[0.1479902  0.15864826 0.01806483]	[0. 0. 0.]	[0.70278363 0.03608022 0.00266411]	[0.73747017 1.         0.14043161]
33 	92   	[0.14006577 0.15974913 0.02146146]	[0. 0. 0.]	[0.70462786 0.03847895 0.00319601]	[0.73747017 1.         0.15360137]
34 	92   	[0.14006577 0.19874083 0.02146146]	[0. 0. 0.]	[0.70462786 0.0565949  0.00319601]	[0.73747017 1.         0.15360137]
35 	92   	[0.19522309 0.24516512 0.02585074]	[0. 0. 0.]	[0.67425874 0.08920359 0.00474218]	[0.73747017 1.         0.15360137]
36 	92   	[0.23102771 0.26680906 0.03063203]	[0. 0. 0.]	[0.63839772 0.12143783 0.00651778]	[0.73747017 1.         0.16335525]
37 	92   	[0.27082541 0.30438004 0.03370097]	[0. 0. 0.]	[0.6056552  0.15817866 0.00806411]	[0.73747017 1.         0.16335525]
38 	92   	[0.35835006 0.35154366 0.0370331 ]	[0. 0. 0.]	[0.37497813 0.3814949  0.00976453]	[0.73747017 1.         0.16335525]
39 	92   	[0.29517917 0.34188805 0.06428404]	[0. 0. 0.]	[0.54338038 0.23198956 0.02393634]	[0.81530343 1.         0.40138232]
40 	92   	[0.34863498 0.35648397 0.07278175]	[0. 0. 0.]	[0.39800643 0.41955638 0.02363756]	[0.81530343 1.         0.40138232]
41 	92   	[0.34379761 0.34719438 0.07991273]	[0. 0. 0.]	[0.41576983 0.47216509 0.02908594]	[0.81530343 1.         0.40138232]
42 	92   	[0.28718266 0.37555354 0.12603694]	[0. 0. 0.]	[0.54905364 0.40277129 0.04913423]	[0.81530343 1.         0.88030468]
43 	92   	[0.29424984 0.37191278 0.12528238]	[0. 0. 0.]	[0.55464645 0.51638356 0.0403319 ]	[0.81530343 1.         0.88030468]
44 	92   	[0.31140983 0.27413795 0.15413687]	[0. 0. 0.]	[0.5152025  0.6634688  0.05286219]	[0.81530343 1.         0.88030468]
45 	92   	[0.35071615 0.32081078 0.1830506 ]	[0. 0. 0.]	[0.37768119 0.72463768 0.06697394]	[0.93920973 1.         0.88030468]
46 	92   	[0.33865705 0.24445113 0.15617828]	[0. 0. 0.]	[0.38954319 0.76811594 0.06222569]	[0.93920973 1.         0.88030468]
47 	92   	[0.30074778 0.28510602 0.20227263]	[0. 0. 0.]	[0.38734315 0.69565217 0.12672308]	[0.93920973 1.         0.88030468]
48 	92   	[0.32836947 0.34458939 0.22958969]	[0. 0. 0.]	[0.41625426 0.66612951 0.10530563]	[0.93920973 1.         0.88030468]
49 	92   	[0.25548046 0.31819948 0.25704208]	[0. 0. 0.]	[0.574713   0.58991001 0.12132257]	[0.93920973 1.         0.88030468]
50 	92   	[0.15064124 0.27569142 0.197572  ]	[0.21903579 0.         0.        ]	[0.69543054 0.56923868 0.06707355]	[0.93920973 1.         0.88030468]
51 	92   	[0.11620752 0.32019168 0.14528819]	[0.21903579 0.         0.        ]	[0.73075341 0.50402129 0.03623106]	[0.93920973 1.         0.88030468]
52 	92   	[0.13115802 0.3575109  0.14919248]	[0.21903579 0.         0.        ]	[0.73677148 0.39532564 0.04215458]	[0.93920973 1.         0.88030468]
53 	92   	[0.1441682  0.35469301 0.15443906]	[0.21903579 0.         0.        ]	[0.72380222 0.40981839 0.05103988]	[0.93920973 1.         0.88030468]
54 	92   	[0.17038838 0.34892013 0.16531046]	[0.21903579 0.         0.        ]	[0.69119155 0.44967346 0.07473399]	[0.93920973 1.         0.88030468]
55 	92   	[0.10915853 0.364765   0.14151817]	[0.21903579 0.         0.        ]	[0.75434583 0.40981839 0.03057985]	[0.93920973 1.         0.88030468]
56 	92   	[0.10915853 0.36728167 0.14151817]	[0.21903579 0.         0.        ]	[0.75434583 0.42068796 0.03057985]	[0.93920973 1.         0.88030468]
57 	92   	[0.10915853 0.36728167 0.14151817]	[0.21903579 0.         0.        ]	[0.75434583 0.42068796 0.03057985]	[0.93920973 1.         0.88030468]
58 	92   	[0.10948657 0.3654823  0.14151817]	[0.21903579 0.         0.        ]	[0.75603786 0.42793433 0.03057985]	[0.93920973 1.         0.88030468]
59 	92   	[0.10948657 0.37042397 0.14151817]	[0.21903579 0.         0.        ]	[0.75603786 0.46054303 0.03057985]	[0.93920973 1.         0.88030468]
60 	92   	[0.24841221 0.2668812  0.16665488]	[0. 0. 0.]                        	[0.65370363 0.62927435 0.04014838]	[0.93920973 1.         0.88030468]
61 	92   	[0.10451639 0.16676633 0.14151817]	[0.21903579 0.         0.        ]	[0.73214171 0.70188688 0.03057985]	[0.93920973 1.         0.88030468]
62 	92   	[0.10487051 0.17478671 0.14151817]	[0.21903579 0.         0.        ]	[0.73298772 0.71275645 0.03057985]	[0.93920973 1.         0.88030468]
63 	92   	[0.10652273 0.18394384 0.14151817]	[0.21903579 0.         0.        ]	[0.73721779 0.7272492  0.03057985]	[0.93920973 1.         0.88030468]
64 	92   	[0.10742195 0.19157296 0.14151817]	[0.21903579 0.         0.        ]	[0.73975583 0.74174195 0.03057985]	[0.93920973 1.         0.88030468]
65 	92   	[0.09430032 0.19524889 0.15878217]	[0.29740135 0.         0.        ]	[0.75131309 0.76308298 0.03193967]	[0.93920973 1.         0.88030468]
66 	92   	[0.09655631 0.20335795 0.15878217]	[0.29740135 0.         0.        ]	[0.76231126 0.79206849 0.03193967]	[0.93920973 1.         0.88030468]
67 	92   	[0.08029873 0.18711234 0.15635105]	[0.39163498 0.         0.        ]	[0.76561036 0.82971014 0.02870559]	[0.93920973 1.         0.88030468]
68 	92   	[0.09686516 0.18714741 0.1995675 ]	[0.39163498 0.         0.        ]	[0.75724619 0.83333333 0.04784265]	[0.93920973 1.         0.88030468]
69 	92   	[0.1270506  0.18700707 0.27400098]	[0.39163498 0.         0.        ]	[0.73675877 0.84057971 0.09568529]	[0.93920973 1.         0.88030468]
70 	92   	[0.16681002 0.18488914 0.3694741 ]	[0.39163498 0.         0.        ]	[0.69033283 0.86231884 0.20093911]	[0.93920973 1.         0.88030468]
71 	92   	[0.18656078 0.18112318 0.41609352]	[0.39163498 0.         0.        ]	[0.64851198 0.88043478 0.2966244 ]	[0.93920973 1.         0.88030468]
72 	92   	[0.18656078 0.18112318 0.41609352]	[0.39163498 0.         0.        ]	[0.64851198 0.88043478 0.2966244 ]	[0.93920973 1.         0.88030468]
73 	92   	[0.18482309 0.18112318 0.41266882]	[0.39163498 0.         0.        ]	[0.65227106 0.88043478 0.28705587]	[0.93920973 1.         0.88030468]
74 	92   	[0.18530747 0.20238029 0.41167158]	[0.39163498 0.         0.        ]	[0.64964758 0.86956522 0.28925276]	[0.93920973 1.         0.88030468]
75 	92   	[0.18530747 0.20238029 0.41167158]	[0.39163498 0.         0.        ]	[0.64964758 0.86956522 0.28925276]	[0.93920973 1.         0.88030468]
76 	92   	[0.18530747 0.20238029 0.41167158]	[0.39163498 0.         0.        ]	[0.64964758 0.86956522 0.28925276]	[0.93920973 1.         0.88030468]
77 	92   	[0.18530747 0.20238029 0.41167158]	[0.39163498 0.         0.        ]	[0.64964758 0.86956522 0.28925276]	[0.93920973 1.         0.88030468]
78 	92   	[0.18530747 0.20238029 0.41167158]	[0.39163498 0.         0.        ]	[0.64964758 0.86956522 0.28925276]	[0.93920973 1.         0.88030468]
79 	92   	[0.18530747 0.20238029 0.41167158]	[0.39163498 0.         0.        ]	[0.64964758 0.86956522 0.28925276]	[0.93920973 1.         0.88030468]
80 	92   	[0.18530747 0.20238029 0.41167158]	[0.39163498 0.         0.        ]	[0.64964758 0.86956522 0.28925276]	[0.93920973 1.         0.88030468]
81 	92   	[0.18530747 0.20238029 0.41167158]	[0.39163498 0.         0.        ]	[0.64964758 0.86956522 0.28925276]	[0.93920973 1.         0.88030468]
82 	92   	[0.18530747 0.20238029 0.41167158]	[0.39163498 0.         0.        ]	[0.64964758 0.86956522 0.28925276]	[0.93920973 1.         0.88030468]
83 	92   	[0.18530747 0.20238029 0.41167158]	[0.39163498 0.         0.        ]	[0.64964758 0.86956522 0.28925276]	[0.93920973 1.         0.88030468]
84 	92   	[0.18530747 0.20238029 0.41167158]	[0.39163498 0.         0.        ]	[0.64964758 0.86956522 0.28925276]	[0.93920973 1.         0.88030468]
85 	92   	[0.18530747 0.20238029 0.41167158]	[0.39163498 0.         0.        ]	[0.64964758 0.86956522 0.28925276]	[0.93920973 1.         0.88030468]
86 	92   	[0.18530747 0.20238029 0.41167158]	[0.39163498 0.         0.        ]	[0.64964758 0.86956522 0.28925276]	[0.93920973 1.         0.88030468]
87 	92   	[0.18530747 0.20238029 0.41167158]	[0.39163498 0.         0.        ]	[0.64964758 0.86956522 0.28925276]	[0.93920973 1.         0.88030468]
88 	92   	[0.18482309 0.20238029 0.41609352]	[0.39163498 0.         0.        ]	[0.65227106 0.86956522 0.2966244 ]	[0.93920973 1.         0.88030468]
89 	92   	[0.18482309 0.20238029 0.41609352]	[0.39163498 0.         0.        ]	[0.65227106 0.86956522 0.2966244 ]	[0.93920973 1.         0.88030468]
90 	92   	[0.18482309 0.20238029 0.41609352]	[0.39163498 0.         0.        ]	[0.65227106 0.86956522 0.2966244 ]	[0.93920973 1.         0.88030468]
91 	92   	[0.18482309 0.20238029 0.41609352]	[0.39163498 0.         0.        ]	[0.65227106 0.86956522 0.2966244 ]	[0.93920973 1.         0.88030468]
92 	92   	[0.18482309 0.20238029 0.41609352]	[0.39163498 0.         0.        ]	[0.65227106 0.86956522 0.2966244 ]	[0.93920973 1.         0.88030468]
93 	92   	[0.18482309 0.20238029 0.41609352]	[0.39163498 0.         0.        ]	[0.65227106 0.86956522 0.2966244 ]	[0.93920973 1.         0.88030468]
94 	92   	[0.18482309 0.20238029 0.41609352]	[0.39163498 0.         0.        ]	[0.65227106 0.86956522 0.2966244 ]	[0.93920973 1.         0.88030468]
95 	92   	[0.18482309 0.20238029 0.41609352]	[0.39163498 0.         0.        ]	[0.65227106 0.86956522 0.2966244 ]	[0.93920973 1.         0.88030468]
96 	92   	[0.18482309 0.20238029 0.41609352]	[0.39163498 0.         0.        ]	[0.65227106 0.86956522 0.2966244 ]	[0.93920973 1.         0.88030468]
97 	92   	[0.18482309 0.20238029 0.41609352]	[0.39163498 0.         0.        ]	[0.65227106 0.86956522 0.2966244 ]	[0.93920973 1.         0.88030468]
98 	92   	[0.18482309 0.20238029 0.41609352]	[0.39163498 0.         0.        ]	[0.65227106 0.86956522 0.2966244 ]	[0.93920973 1.         0.88030468]
99 	92   	[0.18482309 0.20238029 0.41609352]	[0.39163498 0.         0.        ]	[0.65227106 0.86956522 0.2966244 ]	[0.93920973 1.         0.88030468]
100	92   	[0.18482309 0.20238029 0.41609352]	[0.39163498 0.         0.        ]	[0.65227106 0.86956522 0.2966244 ]	[0.93920973 1.         0.88030468]
101	92   	[0.18482309 0.20238029 0.41609352]	[0.39163498 0.         0.        ]	[0.65227106 0.86956522 0.2966244 ]	[0.93920973 1.         0.88030468]
102	92   	[0.18482309 0.20238029 0.41609352]	[0.39163498 0.         0.        ]	[0.65227106 0.86956522 0.2966244 ]	[0.93920973 1.         0.88030468]
103	92   	[0.18482309 0.20238029 0.41609352]	[0.39163498 0.         0.        ]	[0.65227106 0.86956522 0.2966244 ]	[0.93920973 1.         0.88030468]
104	92   	[0.1867321  0.23756072 0.41266882]	[0.39163498 0.         0.        ]	[0.65956976 0.85144928 0.28705587]	[0.93920973 1.         0.88030468]
105	92   	[0.19412471 0.30320264 0.40899166]	[0.39163498 0.         0.        ]	[0.67344693 0.80072464 0.27748734]	[0.93920973 1.         0.88030468]
106	92   	[0.2006907  0.38048654 0.39637278]	[0.39163498 0.         0.        ]	[0.70107551 0.7173913  0.24878176]	[0.93920973 1.         0.88030468]
107	92   	[0.20031396 0.41251874 0.38118311]	[0.39163498 0.         0.        ]	[0.72466365 0.6557971  0.22007617]	[0.93920973 1.         0.88030468]
108	92   	[0.20031396 0.41251874 0.38118311]	[0.39163498 0.         0.        ]	[0.72466365 0.6557971  0.22007617]	[0.93920973 1.         0.88030468]
109	92   	[0.20031396 0.41251874 0.38118311]	[0.39163498 0.         0.        ]	[0.72466365 0.6557971  0.22007617]	[0.93920973 1.         0.88030468]
110	92   	[0.20197884 0.40824829 0.38654963]	[0.39163498 0.         0.        ]	[0.71871175 0.66666667 0.2296447 ]	[0.93920973 1.         0.88030468]
111	92   	[0.20031396 0.41251874 0.38118311]	[0.39163498 0.         0.        ]	[0.72466365 0.6557971  0.22007617]	[0.93920973 1.         0.88030468]
112	92   	[0.20302881 0.41405926 0.38654963]	[0.39163498 0.         0.        ]	[0.72005856 0.65942029 0.2296447 ]	[0.93920973 1.         0.88030468]
113	92   	[0.20173535 0.41405926 0.39160893]	[0.39163498 0.         0.        ]	[0.71786574 0.65942029 0.23921323]	[0.93920973 1.         0.88030468]
114	92   	[0.19905359 0.41646183 0.39160893]	[0.39163498 0.         0.        ]	[0.72247083 0.64492754 0.23921323]	[0.93920973 1.         0.88030468]
115	92   	[0.19905359 0.41646183 0.39160893]	[0.39163498 0.         0.        ]	[0.72247083 0.64492754 0.23921323]	[0.93920973 1.         0.88030468]
116	92   	[0.1988225  0.41808203 0.39160893]	[0.39163498 0.         0.        ]	[0.72162482 0.64855072 0.23921323]	[0.93920973 1.         0.88030468]
117	92   	[0.1988225  0.42178644 0.39637278]	[0.39163498 0.         0.        ]	[0.72162482 0.63768116 0.24878176]	[0.93920973 1.         0.88030468]
118	92   	[0.1893846  0.44756277 0.42491165]	[0.39163498 0.         0.        ]	[0.72221929 0.5615942  0.32532999]	[0.93920973 1.         0.88030468]
119	92   	[0.1801873  0.45001984 0.42962589]	[0.39163498 0.         0.        ]	[0.72535181 0.53985507 0.34446705]	[0.93920973 1.         0.88030468]
120	92   	[0.1801873  0.45085044 0.43164567]	[0.39163498 0.         0.        ]	[0.72535181 0.52898551 0.35403558]	[0.93920973 1.         0.88030468]
121	92   	[0.18321795 0.45327521 0.43344486]	[0.39163498 0.         0.        ]	[0.72074671 0.5326087  0.36360411]	[0.93920973 1.         0.88030468]
122	92   	[0.1801873  0.45001984 0.42962589]	[0.39163498 0.         0.        ]	[0.72535181 0.53985507 0.34446705]	[0.93920973 1.         0.88030468]
123	92   	[0.18321795 0.45327521 0.43344486]	[0.39163498 0.         0.        ]	[0.72074671 0.5326087  0.36360411]	[0.93920973 1.         0.88030468]
124	92   	[0.18460696 0.45327521 0.43164567]	[0.39163498 0.         0.        ]	[0.72293953 0.5326087  0.35403558]	[0.93920973 1.         0.88030468]
125	92   	[0.18347274 0.45001984 0.43164567]	[0.39163498 0.         0.        ]	[0.72159273 0.53985507 0.35403558]	[0.93920973 1.         0.88030468]
126	92   	[0.18460696 0.45327521 0.43164567]	[0.39163498 0.         0.        ]	[0.72293953 0.5326087  0.35403558]	[0.93920973 1.         0.88030468]
127	92   	[0.18460696 0.45327521 0.43164567]	[0.39163498 0.         0.        ]	[0.72293953 0.5326087  0.35403558]	[0.93920973 1.         0.88030468]
128	92   	[0.18347274 0.45001984 0.43164567]	[0.39163498 0.         0.        ]	[0.72159273 0.53985507 0.35403558]	[0.93920973 1.         0.88030468]
129	92   	[0.19634007 0.45392637 0.43219619]	[0. 0. 0.]                        	[0.71868263 0.52173913 0.35447101]	[0.93920973 1.         0.92036405]
130	92   	[0.19785853 0.45327521 0.4339835 ]	[0. 0. 0.]                        	[0.71273073 0.5326087  0.36403953]	[0.93920973 1.         0.92036405]
131	92   	[0.19634007 0.45392637 0.43219619]	[0. 0. 0.]                        	[0.71868263 0.52173913 0.35447101]	[0.93920973 1.         0.92036405]
132	92   	[0.19785853 0.45327521 0.4339835 ]	[0. 0. 0.]                        	[0.71273073 0.5326087  0.36403953]	[0.93920973 1.         0.92036405]
133	92   	[0.19524465 0.45085044 0.43219619]	[0. 0. 0.]                        	[0.71733583 0.52898551 0.35447101]	[0.93920973 1.         0.92036405]
134	92   	[0.19498677 0.45327521 0.43219619]	[0. 0. 0.]                        	[0.71648981 0.5326087  0.35447101]	[0.93920973 1.         0.92036405]
135	92   	[0.19785853 0.45327521 0.4339835 ]	[0. 0. 0.]                        	[0.71273073 0.5326087  0.36403953]	[0.93920973 1.         0.92036405]
136	92   	[0.19498677 0.45327521 0.43219619]	[0. 0. 0.]                        	[0.71648981 0.5326087  0.35447101]	[0.93920973 1.         0.92036405]
137	92   	[0.19634007 0.45392637 0.43219619]	[0. 0. 0.]                        	[0.71868263 0.52173913 0.35447101]	[0.93920973 1.         0.92036405]
138	92   	[0.19498677 0.45392637 0.4339835 ]	[0. 0. 0.]                        	[0.71648981 0.52173913 0.36403953]	[0.93920973 1.         0.92036405]
139	92   	[0.19498677 0.45392637 0.4339835 ]	[0. 0. 0.]                        	[0.71648981 0.52173913 0.36403953]	[0.93920973 1.         0.92036405]
140	92   	[0.19785853 0.45327521 0.4339835 ]	[0. 0. 0.]                        	[0.71273073 0.5326087  0.36403953]	[0.93920973 1.         0.92036405]
141	92   	[0.19785853 0.45327521 0.4339835 ]	[0. 0. 0.]                        	[0.71273073 0.5326087  0.36403953]	[0.93920973 1.         0.92036405]
142	92   	[0.19785853 0.45327521 0.4339835 ]	[0. 0. 0.]                        	[0.71273073 0.5326087  0.36403953]	[0.93920973 1.         0.92036405]
143	92   	[0.19785853 0.45327521 0.4339835 ]	[0. 0. 0.]                        	[0.71273073 0.5326087  0.36403953]	[0.93920973 1.         0.92036405]
144	92   	[0.19498677 0.45327521 0.43219619]	[0. 0. 0.]                        	[0.71648981 0.5326087  0.35447101]	[0.93920973 1.         0.92036405]
145	92   	[0.19498677 0.45327521 0.43219619]	[0. 0. 0.]                        	[0.71648981 0.5326087  0.35447101]	[0.93920973 1.         0.92036405]
146	92   	[0.19634007 0.45392637 0.43219619]	[0. 0. 0.]                        	[0.71868263 0.52173913 0.35447101]	[0.93920973 1.         0.92036405]
147	92   	[0.19498677 0.45392637 0.4339835 ]	[0. 0. 0.]                        	[0.71648981 0.52173913 0.36403953]	[0.93920973 1.         0.92036405]
148	92   	[0.23838724 0.42518081 0.39943356]	[0. 0. 0.]                        	[0.6821148  0.62681159 0.26814873]	[0.93920973 1.         0.92036405]
149	92   	[0.20817017 0.39131693 0.3627053 ]	[0. 0. 0.]                        	[0.70391743 0.69021739 0.20362845]	[0.93920973 1.         0.92036405]
[5, 3, 2, 7, 4, 3, 8, 1, 4, 4, 6, 10, 2, 6, 5, 5, 7, 5, 5, 8, 1, 6, 9, 9, 4, 8, 8, 10, 9, 6, 10, 9, 7, 3, 5, 3, 6, 5, 8, 3, 7, 5, 8, 6, 4, 8, 10, 7, 5, 10, 8, 10, 5, 6, 3, 4, 8, 6, 1, 8, 6, 3, 2, 2, 3, 1, 1, 3, 3, 3, 2, 3, 10, 9]
(0.0, 0.0, 0.9203640500568818)
[4, 3, 7, 4, 2, 9, 8, 4, 2, 3, 6, 4, 2, 6, 5, 5, 6, 8, 5, 2, 3, 3, 5, 9, 5, 2, 6, 10, 4, 5, 5, 1, 2, 6, 8, 2, 6, 8, 8, 9, 10, 10, 2, 4, 6, 6, 10, 7, 5, 10, 9, 10, 6, 9, 3, 9, 9, 4, 1, 8, 6, 3, 6, 8, 8, 10, 3, 6, 10, 7, 2, 3, 10, 2]
(0.9392097264437678, 0.0, 0.0)
[4, 3, 7, 4, 2, 9, 8, 4, 2, 3, 6, 4, 2, 6, 5, 5, 6, 8, 5, 2, 3, 3, 5, 9, 5, 2, 6, 10, 4, 5, 5, 1, 2, 6, 8, 2, 6, 8, 8, 9, 10, 10, 2, 4, 6, 6, 10, 7, 5, 10, 9, 10, 6, 9, 3, 9, 9, 4, 1, 8, 6, 3, 6, 8, 8, 10, 3, 6, 10, 7, 2, 3, 10, 2]
(0.9392097264437678, 0.0, 0.0)
[4, 3, 7, 4, 2, 9, 8, 4, 2, 3, 6, 4, 2, 6, 5, 5, 6, 8, 5, 2, 3, 3, 5, 9, 5, 2, 6, 10, 4, 5, 5, 1, 2, 6, 8, 2, 6, 8, 8, 9, 10, 10, 2, 4, 6, 6, 10, 7, 5, 10, 9, 10, 6, 9, 3, 9, 9, 4, 1, 8, 6, 3, 6, 8, 8, 10, 3, 6, 10, 7, 2, 3, 10, 2]
(0.9392097264437678, 0.0, 0.0)
[4, 3, 7, 4, 2, 9, 8, 4, 2, 3, 6, 4, 2, 6, 5, 5, 6, 8, 5, 2, 3, 3, 5, 9, 5, 2, 6, 10, 4, 5, 5, 1, 2, 6, 8, 2, 6, 8, 8, 9, 10, 10, 2, 4, 6, 6, 10, 7, 5, 10, 9, 10, 6, 9, 3, 9, 9, 4, 1, 8, 6, 3, 6, 8, 8, 10, 3, 6, 10, 7, 2, 3, 10, 2]
(0.9392097264437678, 0.0, 0.0)
[4, 3, 7, 4, 2, 9, 8, 4, 2, 3, 6, 4, 2, 6, 5, 5, 6, 8, 5, 2, 3, 3, 5, 9, 5, 2, 6, 10, 4, 5, 5, 1, 2, 6, 8, 2, 6, 8, 8, 9, 10, 10, 2, 4, 6, 6, 10, 7, 5, 10, 9, 10, 6, 9, 3, 9, 9, 4, 1, 8, 6, 3, 6, 8, 8, 10, 3, 6, 10, 7, 2, 3, 10, 2]
(0.9392097264437678, 0.0, 0.0)
[4, 3, 7, 4, 2, 9, 8, 4, 2, 3, 6, 4, 2, 6, 5, 5, 6, 8, 5, 2, 3, 3, 5, 9, 5, 2, 6, 10, 4, 5, 5, 1, 2, 6, 8, 2, 6, 8, 8, 9, 10, 10, 2, 4, 6, 6, 10, 7, 5, 10, 9, 10, 6, 9, 3, 9, 9, 4, 1, 8, 6, 3, 6, 8, 8, 10, 3, 6, 10, 7, 2, 3, 10, 2]
(0.9392097264437678, 0.0, 0.0)
[4, 3, 7, 4, 2, 9, 8, 4, 2, 3, 6, 4, 2, 6, 5, 5, 6, 8, 5, 2, 3, 3, 5, 9, 5, 2, 6, 10, 4, 5, 5, 1, 2, 6, 8, 2, 6, 8, 8, 9, 10, 10, 2, 4, 6, 6, 10, 7, 5, 10, 9, 10, 6, 9, 3, 9, 9, 4, 1, 8, 6, 3, 6, 8, 8, 10, 3, 6, 10, 7, 2, 3, 10, 2]
(0.9392097264437678, 0.0, 0.0)
[4, 3, 7, 4, 2, 9, 8, 4, 2, 3, 6, 4, 2, 6, 5, 5, 6, 8, 5, 2, 3, 3, 5, 9, 5, 2, 6, 10, 4, 5, 5, 1, 2, 6, 8, 2, 6, 8, 8, 9, 10, 10, 2, 4, 6, 6, 10, 7, 5, 10, 9, 10, 6, 9, 3, 9, 9, 4, 1, 8, 6, 3, 6, 8, 8, 10, 3, 6, 10, 7, 2, 3, 10, 2]
(0.9392097264437678, 0.0, 0.0)
[4, 3, 7, 4, 2, 9, 8, 4, 2, 3, 6, 4, 2, 6, 5, 5, 6, 8, 5, 2, 3, 3, 5, 9, 5, 2, 6, 10, 4, 5, 5, 1, 2, 6, 8, 2, 6, 8, 8, 9, 10, 10, 2, 4, 6, 6, 10, 7, 5, 10, 9, 10, 6, 9, 3, 9, 9, 4, 1, 8, 6, 3, 6, 8, 8, 10, 3, 6, 10, 7, 2, 3, 10, 2]
(0.9392097264437678, 0.0, 0.0)
[4, 3, 7, 4, 2, 9, 8, 4, 2, 3, 6, 4, 2, 6, 5, 5, 6, 8, 5, 2, 3, 3, 5, 9, 5, 2, 6, 10, 4, 5, 5, 1, 2, 6, 8, 2, 6, 8, 8, 9, 10, 10, 2, 4, 6, 6, 10, 7, 5, 10, 9, 10, 6, 9, 3, 9, 9, 4, 1, 8, 6, 3, 6, 8, 8, 10, 3, 6, 10, 7, 2, 3, 10, 2]
(0.9392097264437678, 0.0, 0.0)
[4, 3, 7, 4, 2, 9, 8, 4, 2, 3, 6, 4, 2, 6, 5, 5, 6, 8, 5, 2, 3, 3, 5, 9, 5, 2, 6, 10, 4, 5, 5, 1, 2, 6, 8, 2, 6, 8, 8, 9, 10, 10, 2, 4, 6, 6, 10, 7, 5, 10, 9, 10, 6, 9, 3, 9, 9, 4, 1, 8, 6, 3, 6, 8, 8, 10, 3, 6, 10, 7, 2, 3, 10, 2]
(0.9392097264437678, 0.0, 0.0)
[4, 3, 7, 4, 2, 9, 8, 4, 2, 3, 6, 4, 2, 6, 5, 5, 6, 8, 5, 2, 3, 3, 5, 9, 5, 2, 6, 10, 4, 5, 5, 1, 2, 6, 8, 2, 6, 8, 8, 9, 10, 10, 2, 4, 6, 6, 10, 7, 5, 10, 9, 10, 6, 9, 3, 9, 9, 4, 1, 8, 6, 3, 6, 8, 8, 10, 3, 6, 10, 7, 2, 3, 10, 2]
(0.9392097264437678, 0.0, 0.0)
[4, 3, 7, 4, 2, 9, 8, 4, 2, 3, 6, 4, 2, 6, 5, 5, 6, 8, 5, 2, 3, 3, 5, 9, 5, 2, 6, 10, 4, 5, 5, 1, 2, 6, 8, 2, 6, 8, 8, 9, 10, 10, 2, 4, 6, 6, 10, 7, 5, 10, 9, 10, 6, 9, 3, 9, 9, 4, 1, 8, 6, 3, 6, 8, 8, 10, 3, 6, 10, 7, 2, 3, 10, 2]
(0.9392097264437678, 0.0, 0.0)
[4, 3, 7, 4, 2, 9, 8, 4, 2, 3, 6, 4, 2, 6, 5, 5, 6, 8, 5, 2, 3, 3, 5, 9, 5, 2, 6, 10, 4, 5, 5, 1, 2, 6, 8, 2, 6, 8, 8, 9, 10, 10, 2, 4, 6, 6, 10, 7, 5, 10, 9, 10, 6, 9, 3, 9, 9, 4, 1, 8, 6, 3, 6, 8, 8, 10, 3, 6, 10, 7, 2, 3, 10, 2]
(0.9392097264437678, 0.0, 0.0)
[4, 3, 7, 4, 2, 9, 8, 4, 2, 3, 6, 4, 2, 6, 5, 5, 6, 8, 5, 2, 3, 3, 5, 9, 5, 2, 6, 10, 4, 5, 5, 1, 2, 6, 8, 2, 6, 8, 8, 9, 10, 10, 2, 4, 6, 6, 10, 7, 5, 10, 9, 10, 6, 9, 3, 9, 9, 4, 1, 8, 6, 3, 6, 8, 8, 10, 3, 6, 10, 7, 2, 3, 10, 2]
(0.9392097264437678, 0.0, 0.0)
[4, 3, 7, 4, 2, 9, 8, 4, 2, 3, 6, 4, 2, 6, 5, 5, 6, 8, 5, 2, 3, 3, 5, 9, 5, 2, 6, 10, 4, 5, 5, 1, 2, 6, 8, 2, 6, 8, 8, 9, 10, 10, 2, 4, 6, 6, 10, 7, 5, 10, 9, 10, 6, 9, 3, 9, 9, 4, 1, 8, 6, 3, 6, 8, 8, 10, 3, 6, 10, 7, 2, 3, 10, 2]
(0.9392097264437678, 0.0, 0.0)
[4, 3, 7, 4, 2, 9, 8, 4, 2, 3, 6, 4, 2, 6, 5, 5, 6, 8, 5, 2, 3, 3, 5, 9, 5, 2, 6, 10, 4, 5, 5, 1, 2, 6, 8, 2, 6, 8, 8, 9, 10, 10, 2, 4, 6, 6, 10, 7, 5, 10, 9, 10, 6, 9, 3, 9, 9, 4, 1, 8, 6, 3, 6, 8, 8, 10, 3, 6, 10, 7, 2, 3, 10, 2]
(0.9392097264437678, 0.0, 0.0)
[4, 3, 7, 4, 2, 9, 8, 4, 2, 3, 6, 4, 2, 6, 5, 5, 6, 8, 5, 2, 3, 3, 5, 9, 5, 2, 6, 10, 4, 5, 5, 1, 2, 6, 8, 2, 6, 8, 8, 9, 10, 10, 2, 4, 6, 6, 10, 7, 5, 10, 9, 10, 6, 9, 3, 9, 9, 4, 1, 8, 6, 3, 6, 8, 8, 10, 3, 6, 10, 7, 2, 3, 10, 2]
(0.9392097264437678, 0.0, 0.0)
[5, 3, 2, 7, 4, 3, 8, 1, 4, 4, 6, 10, 2, 6, 5, 5, 6, 6, 5, 2, 3, 3, 5, 9, 6, 2, 6, 10, 4, 5, 5, 8, 9, 6, 8, 2, 6, 8, 8, 3, 10, 5, 9, 6, 4, 8, 10, 7, 5, 10, 8, 10, 5, 10, 3, 5, 9, 2, 1, 10, 9, 3, 6, 6, 3, 1, 2, 3, 3, 3, 2, 3, 10, 2]
(0.2974013474494705, 0.6666666666666674, 0.272482317278545)
[5, 3, 2, 7, 4, 3, 8, 1, 4, 7, 6, 10, 2, 6, 5, 10, 4, 8, 5, 2, 3, 3, 5, 9, 5, 2, 6, 10, 4, 5, 5, 8, 2, 6, 8, 2, 6, 8, 2, 3, 10, 5, 9, 6, 4, 8, 10, 7, 5, 10, 8, 10, 5, 10, 3, 5, 9, 2, 1, 10, 9, 3, 6, 5, 3, 1, 1, 3, 3, 3, 2, 3, 10, 2]
(0.3916349809885933, 0.6666666666666674, 0.2513202858030444)
[10, 3, 8, 4, 9, 9, 8, 1, 4, 4, 8, 6, 2, 6, 5, 5, 6, 5, 7, 4, 6, 6, 10, 9, 2, 7, 9, 10, 6, 1, 8, 8, 10, 6, 5, 3, 3, 5, 7, 3, 10, 5, 9, 6, 9, 8, 10, 7, 5, 10, 8, 10, 8, 7, 3, 5, 9, 4, 3, 10, 7, 2, 1, 5, 8, 10, 3, 4, 8, 4, 2, 1, 3, 2]
(0.8153034300791567, 0.4999999999999998, 0.0)
[4, 9, 7, 4, 2, 9, 8, 4, 2, 3, 6, 4, 2, 6, 5, 5, 7, 5, 5, 8, 1, 6, 9, 3, 9, 8, 8, 10, 9, 2, 10, 9, 6, 3, 5, 3, 6, 8, 8, 3, 10, 10, 2, 4, 6, 6, 10, 7, 5, 10, 9, 10, 6, 9, 3, 9, 9, 4, 1, 8, 6, 3, 6, 8, 6, 10, 3, 6, 10, 7, 2, 3, 10, 2]
(0.7374701670644385, 0.6666666666666674, 0.0)
[10, 3, 5, 4, 9, 9, 8, 1, 4, 4, 8, 2, 2, 6, 5, 5, 6, 5, 7, 4, 1, 6, 10, 9, 2, 2, 9, 10, 6, 1, 8, 8, 10, 6, 5, 3, 3, 5, 7, 3, 10, 5, 9, 6, 9, 3, 8, 3, 7, 10, 8, 9, 6, 7, 3, 5, 9, 4, 3, 10, 6, 3, 1, 5, 8, 10, 3, 4, 8, 4, 2, 1, 3, 2]
(0.8153034300791567, 0.6666666666666674, 0.0)
[10, 3, 5, 4, 9, 9, 8, 1, 4, 4, 8, 2, 2, 6, 5, 5, 6, 5, 7, 4, 6, 6, 10, 9, 2, 7, 9, 10, 6, 1, 8, 8, 10, 6, 5, 3, 3, 5, 7, 3, 10, 5, 9, 6, 9, 8, 10, 7, 5, 10, 8, 10, 6, 7, 3, 5, 9, 4, 3, 10, 7, 3, 1, 5, 8, 10, 3, 4, 8, 4, 2, 6, 3, 2]
(0.8153034300791567, 0.6666666666666674, 0.0)
[10, 3, 5, 4, 9, 9, 8, 1, 4, 4, 8, 2, 2, 6, 5, 5, 6, 5, 7, 4, 6, 6, 10, 9, 2, 7, 9, 10, 6, 1, 8, 8, 10, 6, 5, 3, 3, 5, 7, 3, 10, 5, 9, 6, 9, 8, 10, 7, 5, 10, 8, 10, 6, 7, 3, 5, 9, 4, 3, 10, 7, 3, 1, 5, 8, 10, 3, 4, 8, 4, 2, 6, 3, 2]
(0.8153034300791567, 0.6666666666666674, 0.0)
[10, 3, 5, 4, 9, 9, 8, 1, 4, 4, 8, 2, 2, 6, 5, 5, 6, 5, 7, 4, 6, 6, 10, 9, 2, 7, 9, 10, 6, 1, 8, 8, 10, 6, 5, 3, 3, 5, 7, 3, 10, 5, 9, 6, 9, 8, 10, 7, 5, 10, 8, 10, 6, 7, 3, 5, 9, 4, 3, 10, 7, 3, 1, 5, 8, 10, 3, 4, 8, 4, 2, 6, 3, 2]
(0.8153034300791567, 0.6666666666666674, 0.0)
[4, 3, 5, 4, 9, 9, 8, 5, 4, 4, 8, 2, 2, 6, 5, 5, 7, 5, 7, 3, 1, 6, 10, 9, 5, 2, 1, 10, 6, 1, 8, 8, 10, 6, 5, 3, 3, 5, 7, 3, 10, 5, 9, 6, 9, 8, 10, 7, 5, 10, 8, 10, 6, 7, 3, 5, 9, 4, 3, 10, 7, 3, 1, 5, 3, 10, 3, 4, 8, 4, 2, 6, 3, 2]
(0.8153034300791567, 0.6666666666666674, 0.0)
[10, 3, 5, 5, 9, 9, 8, 1, 4, 4, 8, 2, 2, 6, 5, 5, 6, 5, 7, 4, 1, 6, 10, 9, 2, 2, 9, 10, 6, 1, 8, 8, 10, 6, 5, 3, 3, 5, 7, 3, 10, 5, 9, 7, 9, 8, 10, 9, 5, 10, 8, 10, 6, 7, 3, 5, 6, 4, 3, 10, 6, 3, 1, 5, 8, 3, 3, 4, 8, 4, 2, 1, 3, 2]
(0.8153034300791567, 0.6666666666666674, 0.0)
[10, 3, 5, 4, 9, 9, 8, 1, 4, 4, 8, 2, 2, 6, 5, 5, 6, 5, 7, 4, 6, 6, 10, 9, 2, 7, 9, 10, 6, 1, 8, 8, 10, 6, 5, 3, 3, 5, 7, 3, 10, 5, 9, 6, 9, 8, 10, 7, 5, 10, 8, 10, 6, 7, 3, 5, 9, 4, 3, 10, 7, 3, 1, 5, 8, 10, 3, 4, 8, 4, 2, 6, 3, 2]
(0.8153034300791567, 0.6666666666666674, 0.0)
[10, 3, 5, 4, 9, 9, 8, 1, 4, 4, 8, 2, 2, 6, 5, 5, 6, 5, 7, 4, 1, 6, 10, 9, 2, 2, 9, 10, 6, 1, 8, 8, 10, 6, 5, 3, 3, 5, 7, 3, 10, 5, 9, 6, 9, 3, 8, 3, 7, 10, 8, 9, 6, 7, 3, 5, 9, 4, 3, 10, 6, 3, 1, 5, 8, 10, 3, 4, 8, 4, 2, 1, 3, 2]
(0.8153034300791567, 0.6666666666666674, 0.0)
[10, 3, 5, 4, 9, 9, 8, 1, 4, 4, 8, 2, 2, 6, 5, 5, 6, 5, 7, 4, 1, 6, 10, 9, 2, 2, 9, 10, 6, 1, 8, 8, 10, 6, 5, 3, 3, 5, 7, 3, 10, 5, 9, 6, 9, 3, 8, 3, 7, 10, 8, 9, 6, 7, 3, 5, 9, 4, 3, 10, 6, 3, 1, 5, 8, 10, 3, 4, 8, 4, 2, 1, 3, 2]
(0.8153034300791567, 0.6666666666666674, 0.0)
[10, 3, 5, 4, 9, 9, 8, 1, 4, 4, 8, 2, 2, 6, 5, 5, 6, 5, 7, 4, 1, 6, 10, 9, 2, 2, 9, 10, 6, 1, 8, 8, 10, 6, 5, 3, 3, 5, 7, 3, 10, 5, 9, 6, 9, 3, 8, 3, 7, 8, 8, 10, 6, 7, 3, 5, 9, 4, 3, 10, 6, 3, 1, 5, 8, 10, 3, 4, 8, 4, 2, 1, 3, 2]
(0.8153034300791567, 0.6666666666666674, 0.0)
[10, 3, 5, 4, 9, 9, 8, 1, 4, 4, 8, 2, 2, 6, 5, 5, 6, 5, 7, 4, 1, 6, 10, 9, 2, 2, 9, 10, 6, 1, 8, 8, 10, 6, 5, 3, 3, 5, 7, 3, 10, 5, 9, 6, 9, 3, 8, 3, 7, 10, 8, 9, 6, 7, 3, 5, 9, 4, 3, 10, 6, 3, 1, 5, 8, 10, 3, 4, 8, 4, 2, 1, 3, 2]
(0.8153034300791567, 0.6666666666666674, 0.0)
[10, 3, 5, 4, 9, 9, 8, 1, 4, 4, 8, 2, 2, 6, 5, 5, 6, 5, 7, 4, 6, 6, 10, 9, 2, 7, 9, 10, 6, 1, 8, 8, 10, 6, 5, 3, 3, 5, 7, 3, 10, 5, 9, 6, 9, 8, 10, 7, 5, 10, 8, 10, 6, 7, 3, 5, 9, 4, 3, 10, 7, 3, 1, 5, 8, 10, 3, 4, 8, 4, 2, 6, 3, 2]
(0.8153034300791567, 0.6666666666666674, 0.0)
[10, 3, 5, 4, 9, 9, 8, 1, 4, 4, 8, 2, 2, 6, 5, 5, 6, 5, 7, 4, 6, 6, 10, 9, 2, 7, 9, 10, 6, 1, 8, 8, 10, 6, 5, 3, 3, 5, 7, 3, 10, 5, 9, 6, 9, 8, 10, 7, 5, 10, 8, 10, 6, 7, 3, 5, 9, 4, 3, 10, 7, 3, 1, 5, 8, 10, 3, 4, 8, 4, 2, 6, 3, 2]
(0.8153034300791567, 0.6666666666666674, 0.0)
[10, 3, 5, 4, 9, 9, 8, 1, 4, 4, 8, 2, 2, 6, 5, 5, 6, 5, 7, 4, 6, 6, 10, 9, 2, 7, 9, 10, 6, 1, 8, 8, 10, 6, 5, 3, 3, 5, 7, 3, 10, 5, 9, 6, 9, 8, 10, 7, 5, 10, 8, 10, 6, 7, 3, 5, 9, 4, 3, 10, 7, 3, 1, 5, 8, 10, 3, 4, 8, 4, 2, 6, 3, 2]
(0.8153034300791567, 0.6666666666666674, 0.0)
[10, 3, 5, 4, 9, 9, 8, 1, 4, 4, 8, 2, 2, 6, 5, 5, 6, 5, 7, 4, 6, 6, 10, 9, 2, 7, 9, 10, 6, 1, 8, 8, 10, 6, 5, 3, 3, 5, 7, 3, 10, 5, 9, 6, 9, 8, 10, 7, 5, 10, 8, 10, 6, 7, 3, 5, 9, 4, 3, 10, 7, 3, 1, 5, 8, 10, 3, 4, 8, 4, 2, 6, 3, 2]
(0.8153034300791567, 0.6666666666666674, 0.0)
[10, 3, 5, 4, 9, 9, 8, 1, 4, 4, 8, 2, 2, 6, 5, 5, 6, 5, 7, 4, 1, 6, 10, 9, 2, 2, 9, 10, 6, 1, 8, 8, 10, 6, 5, 3, 3, 5, 7, 3, 10, 5, 9, 6, 9, 3, 8, 3, 7, 8, 8, 10, 6, 7, 3, 5, 9, 4, 3, 10, 6, 3, 1, 5, 8, 10, 3, 4, 8, 4, 2, 1, 3, 2]
(0.8153034300791567, 0.6666666666666674, 0.0)
[10, 3, 5, 4, 9, 9, 8, 1, 4, 4, 8, 2, 2, 6, 5, 5, 6, 5, 7, 4, 6, 6, 10, 9, 2, 7, 9, 10, 6, 1, 8, 8, 10, 6, 5, 3, 3, 5, 7, 3, 10, 5, 9, 6, 9, 8, 10, 7, 5, 10, 8, 10, 6, 7, 3, 5, 9, 4, 3, 10, 7, 3, 1, 5, 8, 10, 3, 4, 8, 4, 2, 6, 3, 2]
(0.8153034300791567, 0.6666666666666674, 0.0)
[10, 3, 5, 4, 9, 9, 8, 1, 4, 4, 8, 2, 2, 6, 5, 5, 6, 5, 7, 4, 1, 6, 10, 9, 2, 2, 9, 10, 6, 1, 8, 8, 10, 6, 5, 3, 3, 5, 7, 3, 10, 5, 9, 6, 9, 3, 8, 3, 7, 8, 8, 10, 6, 7, 3, 5, 9, 4, 3, 10, 6, 3, 1, 5, 8, 10, 3, 4, 8, 4, 2, 1, 3, 2]
(0.8153034300791567, 0.6666666666666674, 0.0)
[10, 3, 5, 4, 9, 9, 8, 1, 4, 4, 8, 2, 2, 6, 5, 5, 6, 5, 7, 4, 6, 6, 10, 9, 2, 7, 9, 10, 6, 1, 8, 8, 10, 6, 5, 3, 3, 5, 7, 3, 10, 5, 9, 6, 9, 8, 10, 7, 5, 10, 8, 10, 6, 7, 3, 5, 9, 4, 3, 10, 7, 3, 1, 5, 8, 10, 3, 4, 8, 4, 2, 6, 3, 2]
(0.8153034300791567, 0.6666666666666674, 0.0)
[10, 3, 5, 4, 9, 9, 8, 1, 4, 4, 8, 2, 2, 6, 5, 5, 6, 5, 7, 4, 1, 6, 10, 9, 2, 2, 9, 10, 6, 1, 8, 8, 10, 6, 5, 3, 3, 5, 7, 3, 10, 5, 9, 6, 9, 3, 8, 3, 7, 8, 8, 10, 6, 7, 3, 5, 9, 4, 3, 10, 6, 3, 1, 5, 8, 10, 3, 4, 8, 4, 2, 1, 3, 2]
(0.8153034300791567, 0.6666666666666674, 0.0)
[8, 3, 2, 7, 4, 3, 8, 1, 4, 4, 10, 10, 2, 6, 5, 5, 6, 8, 5, 2, 3, 3, 5, 9, 5, 2, 6, 1, 4, 5, 5, 8, 2, 6, 8, 1, 9, 8, 8, 7, 3, 5, 8, 6, 4, 8, 10, 7, 5, 10, 8, 10, 5, 6, 3, 5, 9, 6, 3, 10, 9, 10, 1, 5, 3, 1, 1, 3, 3, 3, 2, 3, 10, 2]
(0.5732838589981458, 0.6666666666666665, 0.272482317278545)
[5, 3, 2, 7, 4, 3, 8, 1, 4, 4, 1, 10, 2, 2, 5, 5, 6, 8, 5, 2, 3, 2, 5, 9, 5, 2, 6, 10, 4, 5, 8, 8, 2, 6, 8, 2, 6, 8, 8, 3, 10, 5, 9, 6, 4, 8, 10, 7, 5, 10, 8, 10, 5, 10, 3, 5, 9, 2, 1, 10, 9, 3, 6, 5, 3, 6, 1, 3, 3, 3, 2, 3, 10, 2]
(0.2974013474494705, 1.0, 0.2513202858030444)
[5, 3, 2, 7, 4, 3, 8, 1, 4, 4, 6, 10, 2, 6, 5, 5, 6, 8, 5, 2, 3, 9, 5, 4, 5, 2, 6, 10, 4, 5, 10, 9, 7, 3, 5, 9, 6, 5, 8, 3, 7, 5, 8, 6, 4, 8, 10, 7, 5, 10, 8, 10, 5, 6, 3, 4, 8, 6, 1, 8, 6, 3, 2, 2, 3, 1, 1, 3, 3, 3, 2, 3, 10, 9]
(0.7374701670644385, 0.0, 0.9203640500568818)
[4, 4, 7, 4, 9, 9, 8, 4, 4, 4, 2, 1, 2, 6, 5, 5, 5, 5, 7, 4, 1, 6, 10, 1, 1, 6, 9, 10, 6, 1, 8, 8, 4, 4, 4, 7, 6, 9, 4, 9, 10, 10, 2, 6, 6, 8, 10, 7, 5, 9, 9, 10, 4, 9, 10, 8, 9, 5, 1, 8, 6, 3, 6, 7, 3, 10, 3, 6, 10, 7, 2, 3, 10, 2]
(0.7374701670644385, 1.0, 0.0)
[4, 3, 7, 4, 2, 9, 6, 8, 4, 3, 6, 2, 7, 7, 9, 2, 8, 5, 7, 4, 1, 6, 9, 1, 6, 6, 9, 10, 6, 1, 2, 8, 1, 4, 4, 7, 6, 9, 4, 9, 10, 10, 2, 6, 6, 8, 10, 7, 5, 9, 9, 10, 4, 9, 3, 9, 9, 8, 1, 10, 6, 10, 1, 5, 8, 10, 3, 6, 10, 7, 2, 3, 8, 2]
(0.7374701670644385, 1.0, 0.0)
[5, 3, 2, 7, 4, 3, 8, 6, 4, 4, 6, 1, 2, 6, 5, 5, 6, 5, 7, 4, 1, 6, 10, 1, 6, 6, 9, 10, 6, 1, 8, 8, 4, 6, 4, 7, 6, 9, 4, 9, 10, 10, 2, 5, 6, 6, 10, 7, 5, 4, 9, 10, 6, 9, 3, 9, 9, 4, 1, 8, 6, 3, 6, 8, 8, 10, 3, 1, 10, 7, 2, 3, 10, 2]
(0.7374701670644385, 1.0, 0.0)
[4, 3, 7, 4, 2, 9, 6, 8, 4, 3, 6, 2, 7, 7, 9, 2, 8, 5, 7, 4, 1, 6, 9, 1, 6, 6, 9, 10, 6, 1, 2, 8, 1, 4, 4, 7, 6, 9, 4, 9, 10, 10, 2, 6, 6, 8, 10, 7, 5, 9, 9, 10, 4, 9, 3, 9, 9, 8, 1, 10, 6, 10, 1, 5, 8, 10, 3, 6, 10, 7, 2, 3, 8, 2]
(0.7374701670644385, 1.0, 0.0)
[4, 3, 7, 4, 2, 9, 6, 8, 4, 3, 6, 2, 7, 7, 9, 2, 8, 5, 7, 4, 1, 6, 9, 1, 6, 6, 9, 10, 6, 1, 2, 8, 1, 4, 4, 7, 6, 9, 4, 9, 10, 10, 2, 6, 6, 8, 10, 7, 5, 9, 9, 10, 4, 9, 3, 9, 9, 8, 1, 10, 6, 10, 1, 5, 8, 10, 3, 6, 10, 7, 2, 3, 8, 2]
(0.7374701670644385, 1.0, 0.0)
[4, 3, 7, 4, 2, 9, 6, 8, 4, 3, 6, 2, 7, 7, 9, 2, 8, 5, 7, 4, 1, 6, 9, 1, 6, 6, 9, 10, 6, 1, 2, 8, 1, 4, 4, 7, 6, 9, 4, 9, 10, 10, 2, 6, 6, 8, 10, 7, 5, 9, 9, 10, 4, 9, 3, 9, 9, 8, 1, 10, 6, 10, 1, 5, 8, 10, 3, 6, 10, 7, 2, 3, 8, 2]
(0.7374701670644385, 1.0, 0.0)
[4, 3, 7, 4, 2, 9, 6, 8, 4, 3, 6, 2, 7, 7, 9, 2, 8, 5, 7, 4, 1, 6, 9, 1, 6, 6, 9, 10, 6, 1, 2, 8, 1, 4, 4, 7, 6, 9, 4, 9, 10, 10, 2, 6, 6, 8, 10, 7, 5, 9, 9, 10, 4, 9, 3, 9, 9, 8, 1, 10, 6, 10, 1, 5, 8, 10, 3, 6, 10, 7, 2, 3, 8, 2]
(0.7374701670644385, 1.0, 0.0)
[4, 3, 7, 4, 2, 9, 6, 8, 4, 3, 6, 2, 7, 7, 9, 2, 8, 5, 7, 4, 1, 6, 9, 1, 6, 10, 9, 10, 6, 1, 2, 8, 1, 4, 4, 7, 6, 9, 4, 9, 10, 10, 2, 6, 6, 8, 10, 7, 5, 9, 9, 10, 4, 9, 7, 9, 9, 8, 1, 10, 6, 10, 1, 5, 8, 10, 3, 6, 10, 7, 2, 3, 8, 2]
(0.7374701670644385, 1.0, 0.0)
[4, 3, 7, 4, 5, 9, 6, 8, 4, 3, 6, 2, 7, 7, 9, 2, 8, 5, 7, 4, 1, 6, 9, 1, 6, 6, 9, 10, 6, 1, 2, 8, 1, 4, 4, 6, 6, 9, 4, 9, 10, 10, 2, 6, 6, 8, 10, 7, 5, 9, 9, 10, 4, 9, 3, 9, 9, 8, 1, 10, 6, 10, 1, 5, 8, 10, 3, 6, 10, 7, 2, 3, 8, 2]
(0.7374701670644385, 1.0, 0.0)
[4, 3, 7, 4, 2, 9, 1, 8, 4, 3, 6, 2, 7, 7, 9, 2, 8, 5, 7, 4, 1, 6, 9, 1, 6, 6, 9, 10, 6, 1, 8, 8, 1, 4, 4, 7, 6, 9, 4, 9, 10, 10, 2, 6, 6, 8, 10, 7, 5, 9, 9, 10, 4, 9, 3, 9, 5, 8, 1, 10, 7, 10, 1, 5, 4, 10, 3, 6, 10, 7, 2, 3, 8, 2]
(0.7374701670644385, 1.0, 0.0)
[4, 3, 7, 4, 2, 9, 6, 8, 4, 3, 6, 2, 7, 7, 9, 2, 8, 5, 7, 4, 1, 6, 9, 1, 3, 6, 9, 10, 6, 1, 5, 3, 1, 4, 4, 7, 6, 9, 4, 1, 10, 10, 2, 6, 6, 8, 10, 7, 5, 9, 9, 10, 4, 9, 3, 9, 9, 8, 1, 10, 6, 10, 4, 5, 8, 10, 3, 6, 10, 7, 2, 3, 8, 2]
(0.7374701670644385, 1.0, 0.0)
[4, 4, 7, 4, 3, 9, 8, 4, 4, 4, 2, 1, 2, 6, 5, 5, 5, 5, 7, 4, 1, 6, 5, 1, 6, 6, 9, 10, 6, 1, 2, 8, 1, 4, 4, 7, 5, 9, 4, 9, 10, 10, 2, 6, 6, 8, 10, 8, 5, 9, 9, 10, 4, 9, 3, 8, 9, 5, 1, 8, 6, 3, 6, 7, 3, 10, 3, 6, 10, 7, 2, 3, 10, 2]
(0.7374701670644385, 1.0, 0.0)
[4, 3, 7, 4, 2, 9, 6, 8, 4, 3, 6, 2, 7, 7, 9, 2, 8, 5, 9, 4, 1, 6, 10, 1, 1, 6, 9, 10, 6, 1, 8, 8, 4, 4, 4, 7, 6, 9, 4, 7, 10, 10, 2, 6, 6, 8, 10, 7, 5, 9, 9, 10, 4, 9, 10, 9, 9, 8, 1, 10, 6, 10, 1, 2, 8, 10, 3, 6, 10, 7, 2, 3, 8, 2]
(0.7374701670644385, 1.0, 0.0)
[4, 3, 2, 7, 4, 3, 8, 1, 4, 5, 2, 1, 2, 6, 5, 5, 5, 5, 7, 4, 1, 6, 10, 1, 6, 6, 9, 10, 6, 1, 8, 8, 4, 6, 4, 7, 6, 9, 4, 9, 10, 10, 2, 5, 6, 5, 10, 7, 5, 9, 9, 10, 6, 9, 10, 5, 9, 5, 1, 8, 6, 3, 6, 7, 1, 10, 3, 6, 10, 7, 2, 3, 10, 2]
(0.7374701670644385, 1.0, 0.0)
[4, 3, 2, 7, 4, 3, 8, 1, 4, 5, 2, 10, 2, 6, 5, 5, 5, 5, 7, 4, 1, 6, 10, 1, 6, 6, 9, 10, 2, 1, 8, 8, 4, 6, 4, 7, 6, 9, 4, 9, 10, 10, 2, 5, 6, 5, 10, 7, 5, 9, 9, 10, 6, 9, 10, 5, 9, 5, 1, 8, 6, 9, 6, 7, 1, 10, 3, 6, 10, 7, 2, 3, 10, 2]
(0.7374701670644385, 1.0, 0.0)
[4, 3, 7, 4, 2, 9, 6, 8, 4, 3, 6, 2, 7, 7, 9, 2, 8, 5, 7, 4, 1, 6, 9, 1, 6, 6, 9, 10, 6, 1, 2, 8, 1, 4, 7, 7, 6, 9, 4, 9, 10, 10, 2, 6, 6, 8, 10, 7, 5, 9, 9, 10, 4, 9, 3, 9, 9, 8, 1, 10, 6, 10, 6, 8, 8, 10, 3, 6, 10, 7, 2, 3, 10, 2]
(0.7374701670644385, 1.0, 0.0)
[4, 3, 7, 4, 2, 9, 6, 8, 4, 3, 6, 2, 7, 7, 9, 2, 8, 5, 7, 4, 1, 6, 9, 1, 6, 6, 9, 10, 6, 1, 2, 8, 1, 4, 4, 7, 6, 9, 4, 9, 10, 10, 2, 6, 6, 8, 10, 7, 5, 9, 9, 10, 4, 9, 3, 9, 9, 8, 1, 10, 6, 10, 1, 5, 8, 10, 3, 6, 10, 7, 2, 3, 8, 2]
(0.7374701670644385, 1.0, 0.0)
[4, 3, 7, 4, 2, 9, 6, 8, 4, 3, 6, 2, 7, 7, 9, 2, 8, 5, 7, 4, 1, 6, 9, 1, 6, 6, 9, 10, 6, 1, 2, 8, 1, 4, 4, 7, 6, 9, 4, 9, 10, 10, 2, 6, 6, 8, 10, 7, 5, 9, 9, 10, 4, 9, 3, 9, 9, 8, 1, 10, 6, 10, 1, 5, 8, 10, 3, 6, 10, 7, 2, 3, 8, 2]
(0.7374701670644385, 1.0, 0.0)
[4, 3, 7, 4, 2, 9, 6, 8, 4, 3, 6, 2, 7, 7, 9, 2, 8, 5, 7, 4, 1, 6, 9, 1, 6, 6, 9, 10, 6, 1, 2, 8, 1, 4, 4, 7, 6, 9, 4, 9, 10, 10, 2, 6, 6, 8, 10, 7, 5, 9, 9, 10, 4, 9, 3, 9, 9, 8, 1, 10, 6, 10, 1, 5, 8, 10, 3, 6, 10, 7, 2, 3, 8, 2]
(0.7374701670644385, 1.0, 0.0)
[4, 3, 7, 4, 2, 9, 6, 8, 4, 3, 6, 2, 7, 7, 9, 2, 8, 5, 7, 4, 1, 6, 9, 1, 6, 6, 9, 10, 6, 1, 2, 8, 1, 4, 4, 7, 6, 9, 4, 9, 10, 10, 2, 6, 6, 8, 10, 7, 5, 9, 9, 10, 4, 9, 3, 9, 9, 8, 1, 10, 6, 10, 1, 5, 8, 10, 3, 6, 10, 7, 2, 3, 8, 2]
(0.7374701670644385, 1.0, 0.0)
[4, 3, 2, 7, 4, 3, 8, 1, 4, 5, 2, 1, 2, 6, 5, 5, 5, 5, 7, 4, 1, 6, 10, 1, 6, 6, 9, 10, 6, 1, 8, 8, 4, 6, 4, 7, 6, 9, 4, 9, 10, 10, 2, 5, 6, 5, 10, 7, 5, 9, 9, 10, 6, 9, 10, 5, 9, 5, 1, 8, 6, 3, 6, 7, 1, 10, 3, 6, 10, 7, 2, 3, 10, 2]
(0.7374701670644385, 1.0, 0.0)
[4, 3, 7, 4, 2, 9, 6, 8, 4, 3, 6, 2, 7, 7, 9, 2, 8, 5, 7, 4, 1, 6, 9, 1, 6, 6, 9, 10, 6, 1, 2, 8, 1, 4, 4, 7, 6, 9, 4, 9, 10, 10, 2, 6, 6, 8, 10, 7, 5, 9, 9, 10, 4, 9, 3, 9, 9, 8, 1, 10, 6, 10, 1, 5, 8, 10, 3, 6, 10, 7, 2, 3, 8, 2]
(0.7374701670644385, 1.0, 0.0)
[4, 3, 7, 4, 2, 9, 6, 8, 4, 3, 6, 2, 7, 7, 9, 2, 8, 5, 7, 4, 1, 6, 9, 1, 6, 6, 9, 10, 6, 1, 2, 8, 1, 4, 4, 7, 6, 9, 4, 9, 10, 10, 2, 6, 6, 8, 10, 7, 5, 9, 9, 10, 4, 9, 3, 9, 9, 8, 1, 10, 6, 10, 1, 5, 8, 10, 3, 6, 10, 7, 2, 3, 8, 2]
(0.7374701670644385, 1.0, 0.0)
[4, 3, 7, 4, 2, 9, 6, 8, 4, 3, 6, 2, 7, 7, 9, 2, 8, 5, 7, 4, 1, 6, 9, 1, 6, 6, 9, 10, 6, 1, 2, 8, 1, 4, 4, 7, 6, 9, 4, 9, 10, 10, 2, 6, 6, 8, 10, 7, 5, 9, 9, 10, 4, 9, 3, 9, 9, 8, 1, 10, 6, 10, 1, 5, 8, 10, 3, 6, 10, 7, 2, 3, 8, 2]
(0.7374701670644385, 1.0, 0.0)
[4, 3, 2, 7, 4, 3, 8, 1, 4, 5, 2, 1, 2, 6, 5, 5, 5, 5, 7, 4, 1, 6, 10, 1, 6, 6, 9, 10, 6, 1, 8, 8, 4, 6, 4, 7, 6, 9, 4, 9, 10, 10, 2, 5, 6, 5, 10, 7, 5, 9, 9, 10, 6, 9, 10, 5, 9, 5, 1, 8, 6, 3, 6, 7, 1, 10, 3, 6, 10, 7, 2, 3, 10, 2]
(0.7374701670644385, 1.0, 0.0)
[4, 3, 7, 4, 2, 9, 8, 4, 2, 3, 6, 4, 4, 6, 5, 5, 8, 5, 7, 4, 1, 6, 9, 1, 6, 6, 9, 10, 6, 1, 2, 8, 1, 4, 4, 7, 6, 9, 4, 9, 10, 10, 2, 4, 6, 6, 10, 7, 5, 10, 9, 4, 6, 9, 3, 9, 9, 4, 1, 8, 6, 10, 6, 8, 8, 10, 3, 6, 10, 7, 2, 3, 10, 2]
(0.7374701670644385, 1.0, 0.0)
[4, 4, 7, 4, 9, 9, 8, 4, 4, 4, 2, 1, 2, 6, 5, 5, 5, 5, 7, 4, 1, 6, 9, 3, 1, 6, 9, 10, 6, 1, 8, 8, 4, 4, 4, 7, 6, 9, 4, 9, 10, 10, 2, 6, 6, 8, 3, 7, 5, 9, 9, 10, 4, 9, 10, 8, 9, 5, 1, 8, 6, 3, 6, 7, 3, 10, 3, 6, 10, 7, 2, 5, 10, 2]
(0.7374701670644385, 1.0, 0.0)
[4, 3, 7, 4, 2, 9, 6, 8, 4, 3, 6, 2, 7, 7, 9, 2, 8, 5, 7, 4, 1, 6, 9, 1, 6, 6, 9, 10, 6, 1, 2, 8, 1, 4, 4, 7, 6, 9, 4, 9, 10, 10, 2, 6, 6, 8, 10, 7, 5, 9, 9, 10, 6, 9, 3, 9, 9, 4, 1, 8, 6, 3, 6, 1, 8, 10, 3, 6, 10, 7, 2, 3, 8, 2]
(0.7374701670644385, 1.0, 0.0)
[5, 3, 2, 7, 4, 3, 8, 1, 4, 4, 6, 10, 2, 6, 5, 5, 6, 8, 5, 2, 3, 3, 5, 9, 5, 2, 6, 10, 4, 5, 5, 8, 2, 6, 8, 2, 6, 8, 8, 3, 10, 5, 9, 6, 4, 8, 10, 7, 5, 10, 8, 10, 5, 10, 3, 5, 9, 2, 1, 10, 9, 3, 6, 5, 3, 1, 1, 3, 3, 3, 2, 3, 10, 2]
(0.3916349809885933, 1.0, 0.8803046789989061)
[5, 3, 2, 7, 4, 3, 8, 1, 4, 4, 6, 10, 2, 6, 5, 5, 6, 8, 5, 2, 3, 3, 5, 9, 5, 2, 6, 10, 4, 5, 5, 8, 2, 6, 8, 2, 6, 8, 8, 3, 10, 5, 9, 6, 4, 8, 10, 7, 5, 10, 8, 10, 5, 10, 3, 5, 9, 2, 1, 10, 9, 3, 6, 5, 3, 1, 1, 3, 3, 3, 2, 3, 10, 2]
(0.3916349809885933, 1.0, 0.8803046789989061)
[5, 3, 2, 7, 4, 3, 8, 1, 4, 4, 6, 10, 2, 6, 5, 5, 6, 8, 5, 2, 3, 3, 5, 9, 5, 2, 6, 10, 4, 5, 5, 8, 2, 6, 8, 2, 6, 8, 8, 3, 10, 5, 9, 6, 4, 8, 10, 7, 5, 10, 8, 10, 5, 10, 3, 5, 9, 2, 1, 10, 9, 3, 6, 5, 3, 1, 1, 3, 3, 3, 2, 3, 10, 2]
(0.3916349809885933, 1.0, 0.8803046789989061)
[5, 3, 2, 7, 4, 3, 8, 1, 4, 4, 6, 10, 2, 6, 5, 5, 6, 8, 5, 2, 3, 3, 5, 9, 5, 2, 6, 10, 4, 5, 5, 8, 2, 6, 8, 2, 6, 8, 8, 3, 10, 5, 9, 6, 4, 8, 10, 7, 5, 10, 8, 10, 5, 10, 3, 5, 9, 2, 1, 10, 9, 3, 6, 5, 3, 1, 1, 3, 3, 3, 2, 3, 10, 2]
(0.3916349809885933, 1.0, 0.8803046789989061)
[5, 3, 2, 7, 4, 3, 8, 1, 4, 4, 6, 10, 2, 6, 5, 5, 6, 8, 5, 2, 3, 3, 5, 9, 5, 2, 6, 10, 4, 5, 5, 8, 2, 6, 8, 2, 6, 8, 8, 3, 10, 5, 9, 6, 4, 8, 10, 7, 5, 10, 8, 10, 5, 10, 3, 5, 9, 2, 1, 10, 9, 3, 6, 5, 3, 1, 1, 3, 3, 3, 2, 3, 10, 2]
(0.3916349809885933, 1.0, 0.8803046789989061)
[5, 3, 2, 7, 4, 3, 8, 1, 4, 4, 6, 10, 2, 6, 5, 5, 6, 8, 5, 2, 3, 3, 5, 9, 5, 2, 6, 10, 4, 5, 5, 8, 2, 6, 8, 2, 6, 8, 8, 3, 10, 5, 9, 6, 4, 8, 10, 7, 5, 10, 8, 10, 5, 10, 3, 5, 9, 2, 1, 10, 9, 3, 6, 5, 3, 1, 1, 3, 3, 3, 2, 3, 10, 2]
(0.3916349809885933, 1.0, 0.8803046789989061)
[5, 3, 2, 7, 4, 3, 8, 1, 4, 4, 6, 10, 2, 6, 5, 5, 6, 8, 5, 2, 3, 3, 5, 9, 5, 2, 6, 10, 4, 5, 5, 8, 2, 6, 8, 2, 6, 8, 8, 3, 10, 5, 9, 6, 4, 8, 10, 7, 5, 10, 8, 10, 5, 10, 3, 5, 9, 2, 1, 10, 9, 3, 6, 5, 3, 1, 1, 3, 3, 3, 2, 3, 10, 2]
(0.3916349809885933, 1.0, 0.8803046789989061)
[5, 3, 2, 7, 4, 3, 8, 1, 4, 4, 6, 10, 2, 6, 5, 5, 6, 8, 5, 2, 3, 3, 5, 9, 5, 2, 6, 10, 4, 5, 5, 8, 2, 6, 8, 2, 6, 8, 8, 3, 10, 5, 9, 6, 4, 8, 10, 7, 5, 10, 8, 10, 5, 10, 3, 5, 9, 2, 1, 10, 9, 3, 6, 5, 3, 1, 1, 3, 3, 3, 2, 3, 10, 2]
(0.3916349809885933, 1.0, 0.8803046789989061)
[5, 3, 2, 7, 4, 3, 8, 1, 4, 4, 6, 10, 2, 6, 5, 5, 6, 8, 5, 2, 3, 3, 5, 9, 5, 2, 6, 10, 4, 5, 5, 8, 2, 6, 8, 2, 6, 8, 8, 3, 10, 5, 9, 6, 4, 8, 10, 7, 5, 10, 8, 10, 5, 10, 3, 5, 9, 2, 1, 10, 9, 3, 6, 5, 3, 1, 1, 3, 3, 3, 2, 3, 10, 2]
(0.3916349809885933, 1.0, 0.8803046789989061)
[5, 3, 2, 8, 4, 3, 8, 1, 4, 4, 6, 10, 2, 6, 5, 5, 6, 8, 5, 2, 3, 3, 5, 9, 5, 2, 6, 10, 4, 5, 5, 8, 2, 6, 8, 2, 6, 8, 8, 3, 10, 5, 9, 6, 4, 8, 10, 7, 5, 10, 8, 10, 5, 10, 3, 5, 9, 2, 1, 10, 9, 3, 6, 5, 3, 1, 1, 3, 3, 3, 2, 3, 10, 2]
(0.3916349809885933, 1.0, 0.8803046789989061)
[5, 3, 2, 7, 4, 3, 8, 1, 4, 4, 6, 10, 2, 6, 5, 5, 6, 8, 5, 2, 3, 3, 5, 9, 5, 2, 6, 10, 4, 5, 5, 8, 2, 6, 8, 2, 6, 8, 8, 3, 10, 5, 9, 6, 4, 8, 10, 7, 5, 10, 8, 10, 5, 10, 3, 5, 9, 2, 1, 10, 9, 3, 6, 5, 3, 1, 1, 3, 3, 3, 2, 3, 10, 2]
(0.3916349809885933, 1.0, 0.8803046789989061)
[5, 3, 2, 7, 4, 3, 8, 1, 4, 4, 6, 10, 2, 6, 5, 5, 6, 8, 5, 2, 3, 3, 5, 9, 5, 2, 6, 10, 4, 5, 5, 8, 2, 6, 8, 2, 6, 8, 8, 3, 10, 5, 9, 6, 4, 8, 10, 7, 5, 10, 8, 10, 5, 10, 3, 5, 9, 2, 1, 10, 9, 3, 6, 5, 3, 1, 1, 3, 3, 3, 2, 3, 10, 2]
(0.3916349809885933, 1.0, 0.8803046789989061)
[5, 3, 2, 7, 4, 3, 8, 1, 4, 4, 6, 10, 2, 6, 5, 5, 6, 8, 5, 2, 3, 3, 5, 9, 5, 2, 6, 10, 4, 5, 5, 8, 2, 6, 8, 2, 6, 8, 8, 3, 10, 5, 9, 6, 4, 8, 10, 7, 5, 10, 8, 10, 5, 10, 3, 5, 9, 2, 1, 10, 9, 3, 6, 5, 3, 1, 1, 3, 3, 3, 2, 3, 10, 2]
(0.3916349809885933, 1.0, 0.8803046789989061)
[5, 3, 2, 7, 4, 3, 8, 1, 4, 4, 6, 10, 2, 6, 5, 5, 6, 8, 5, 2, 3, 3, 5, 9, 5, 2, 6, 10, 4, 5, 5, 8, 2, 6, 8, 2, 6, 8, 8, 3, 10, 5, 9, 6, 4, 8, 10, 7, 5, 10, 8, 10, 5, 10, 3, 5, 9, 2, 1, 10, 9, 3, 6, 5, 3, 1, 1, 3, 3, 3, 2, 3, 10, 2]
(0.3916349809885933, 1.0, 0.8803046789989061)
[5, 3, 2, 7, 4, 3, 8, 1, 4, 4, 6, 10, 2, 6, 5, 5, 6, 8, 5, 2, 3, 3, 5, 9, 5, 2, 6, 10, 4, 5, 5, 8, 2, 6, 8, 2, 6, 8, 8, 3, 10, 5, 9, 6, 4, 8, 10, 7, 5, 10, 8, 10, 5, 10, 3, 5, 9, 2, 1, 10, 9, 3, 6, 5, 3, 1, 1, 3, 3, 3, 2, 3, 10, 2]
(0.3916349809885933, 1.0, 0.8803046789989061)
[5, 3, 2, 7, 4, 3, 8, 1, 4, 4, 6, 10, 2, 6, 5, 5, 6, 8, 5, 2, 3, 3, 5, 9, 5, 2, 6, 10, 4, 5, 5, 8, 2, 6, 8, 2, 6, 8, 8, 3, 10, 5, 9, 6, 4, 8, 10, 7, 5, 10, 8, 10, 5, 10, 3, 5, 9, 2, 1, 10, 9, 3, 6, 5, 3, 1, 1, 3, 3, 3, 2, 3, 10, 2]
(0.3916349809885933, 1.0, 0.8803046789989061)
[5, 3, 2, 7, 4, 3, 8, 1, 4, 4, 6, 10, 2, 6, 5, 5, 6, 8, 5, 2, 3, 3, 5, 9, 5, 2, 6, 10, 4, 5, 5, 8, 2, 6, 8, 2, 6, 8, 8, 3, 10, 5, 9, 6, 4, 8, 10, 7, 5, 10, 8, 10, 5, 10, 3, 5, 9, 2, 1, 10, 9, 3, 6, 5, 3, 1, 1, 3, 3, 3, 2, 3, 10, 2]
(0.3916349809885933, 1.0, 0.8803046789989061)
[5, 3, 2, 7, 4, 3, 8, 1, 4, 4, 6, 10, 2, 6, 5, 5, 6, 8, 5, 2, 3, 3, 5, 9, 5, 2, 6, 10, 4, 5, 5, 8, 2, 6, 8, 2, 6, 8, 8, 3, 10, 5, 9, 6, 4, 8, 10, 7, 5, 10, 8, 10, 5, 10, 3, 5, 9, 2, 1, 10, 9, 3, 6, 5, 3, 1, 1, 3, 3, 3, 2, 3, 10, 2]
(0.3916349809885933, 1.0, 0.8803046789989061)
