[9, 7, 4, 4, 6, 2, 8, 3, 4, 4, 5, 1, 9, 1, 5, 2, 1, 2, 8, 3, 7, 3, 3, 2, 8, 1, 1, 7, 5, 6, 10, 1, 4, 6, 6, 1, 8, 4, 9, 2, 6, 3, 3, 1, 8, 6, 10, 10, 8, 3, 9, 4, 10, 7, 3, 8, 2, 5, 8, 4, 2, 7, 9, 8, 1, 8, 2, 2, 5, 1, 1, 4, 4, 1]
(1.4353799139707204, 0.6199099929512534, 1.4388841421156044, 0.20546551553602463, 1.4371343051641097, 0.0, 1.4788275928049162, 0.18353976226874233, 1.4565926890819163, 0.9781067215632471)
[9, 7, 4, 4, 6, 2, 8, 3, 4, 4, 5, 1, 9, 1, 5, 2, 1, 2, 8, 3, 7, 3, 3, 2, 8, 1, 1, 7, 5, 6, 10, 1, 4, 6, 6, 1, 8, 4, 9, 2, 6, 3, 3, 1, 8, 6, 10, 10, 8, 3, 9, 4, 10, 7, 3, 8, 2, 5, 8, 4, 2, 7, 9, 8, 1, 8, 2, 2, 5, 1, 1, 4, 4, 1]
(1.4353799139707204, 0.6199099929512534, 1.4388841421156044, 0.20546551553602463, 1.4371343051641097, 0.0, 1.4788275928049162, 0.18353976226874233, 1.4565926890819163, 0.9781067215632471)
[9, 7, 4, 4, 6, 2, 8, 3, 4, 4, 5, 1, 9, 1, 5, 2, 1, 2, 8, 3, 7, 3, 3, 2, 8, 1, 1, 7, 5, 6, 10, 1, 4, 6, 6, 1, 8, 4, 9, 2, 6, 3, 3, 1, 8, 6, 10, 10, 8, 3, 9, 4, 10, 7, 3, 8, 2, 5, 8, 4, 2, 7, 9, 8, 1, 8, 2, 2, 5, 1, 1, 4, 4, 1]
(1.4353799139707204, 0.6199099929512534, 1.4388841421156044, 0.20546551553602463, 1.4371343051641097, 0.0, 1.4788275928049162, 0.18353976226874233, 1.4565926890819163, 0.9781067215632471)
[9, 7, 4, 4, 6, 2, 8, 3, 4, 4, 5, 1, 9, 1, 5, 2, 1, 2, 8, 3, 7, 3, 3, 2, 8, 1, 1, 7, 5, 6, 10, 1, 4, 6, 6, 1, 8, 4, 9, 2, 6, 3, 3, 1, 8, 6, 10, 10, 8, 3, 9, 4, 10, 7, 3, 8, 2, 5, 8, 4, 2, 7, 9, 8, 1, 8, 2, 2, 5, 1, 1, 4, 4, 1]
(1.4353799139707204, 0.6199099929512534, 1.4388841421156044, 0.20546551553602463, 1.4371343051641097, 0.0, 1.4788275928049162, 0.18353976226874233, 1.4565926890819163, 0.9781067215632471)
[9, 7, 4, 4, 6, 2, 8, 3, 4, 4, 5, 1, 9, 1, 5, 2, 1, 2, 8, 3, 7, 3, 3, 2, 8, 1, 1, 7, 5, 6, 10, 1, 4, 6, 6, 1, 8, 4, 9, 2, 6, 3, 3, 1, 8, 6, 10, 10, 8, 3, 9, 4, 10, 7, 3, 8, 2, 5, 8, 4, 2, 7, 9, 8, 1, 8, 2, 2, 5, 1, 1, 4, 4, 1]
(1.4353799139707204, 0.6199099929512534, 1.4388841421156044, 0.20546551553602463, 1.4371343051641097, 0.0, 1.4788275928049162, 0.18353976226874233, 1.4565926890819163, 0.9781067215632471)
[9, 7, 4, 4, 6, 2, 8, 3, 4, 4, 5, 1, 9, 1, 5, 2, 1, 2, 8, 3, 7, 3, 3, 2, 8, 1, 1, 7, 5, 6, 10, 1, 4, 6, 6, 1, 8, 4, 9, 2, 6, 3, 3, 1, 8, 6, 10, 10, 8, 3, 9, 4, 10, 7, 3, 8, 2, 5, 8, 4, 2, 7, 9, 8, 1, 8, 2, 2, 5, 1, 1, 4, 4, 1]
(1.4353799139707204, 0.6199099929512534, 1.4388841421156044, 0.20546551553602463, 1.4371343051641097, 0.0, 1.4788275928049162, 0.18353976226874233, 1.4565926890819163, 0.9781067215632471)
[9, 7, 4, 4, 6, 2, 8, 3, 4, 4, 5, 1, 9, 1, 5, 2, 1, 2, 8, 3, 7, 3, 3, 2, 8, 1, 1, 7, 5, 6, 10, 1, 4, 6, 6, 1, 8, 4, 9, 2, 6, 3, 3, 1, 8, 6, 10, 10, 8, 3, 9, 4, 10, 7, 3, 8, 2, 5, 8, 4, 2, 7, 9, 8, 1, 8, 2, 2, 5, 1, 1, 4, 4, 1]
(1.4353799139707204, 0.6199099929512534, 1.4388841421156044, 0.20546551553602463, 1.4371343051641097, 0.0, 1.4788275928049162, 0.18353976226874233, 1.4565926890819163, 0.9781067215632471)
[9, 7, 4, 4, 6, 2, 8, 3, 4, 4, 5, 1, 9, 1, 5, 2, 1, 2, 8, 3, 7, 3, 3, 2, 8, 1, 1, 7, 5, 6, 10, 1, 4, 6, 6, 1, 8, 4, 9, 2, 6, 3, 3, 1, 8, 6, 10, 10, 8, 3, 9, 4, 10, 7, 3, 8, 2, 5, 8, 4, 2, 7, 9, 8, 1, 8, 2, 2, 5, 1, 1, 4, 4, 1]
(1.4353799139707204, 0.6199099929512534, 1.4388841421156044, 0.20546551553602463, 1.4371343051641097, 0.0, 1.4788275928049162, 0.18353976226874233, 1.4565926890819163, 0.9781067215632471)
[9, 7, 4, 4, 6, 2, 8, 3, 4, 4, 5, 1, 9, 1, 5, 2, 1, 2, 8, 3, 7, 3, 3, 2, 8, 1, 1, 7, 5, 6, 10, 1, 4, 6, 6, 1, 8, 4, 9, 2, 6, 3, 3, 1, 8, 6, 10, 10, 8, 3, 9, 4, 10, 7, 3, 8, 2, 5, 8, 4, 2, 7, 9, 8, 1, 8, 2, 2, 5, 1, 1, 4, 4, 1]
(1.4353799139707204, 0.6199099929512534, 1.4388841421156044, 0.20546551553602463, 1.4371343051641097, 0.0, 1.4788275928049162, 0.18353976226874233, 1.4565926890819163, 0.9781067215632471)
[9, 7, 4, 4, 6, 2, 8, 3, 4, 4, 5, 1, 9, 1, 5, 2, 1, 2, 8, 3, 7, 3, 3, 2, 8, 1, 1, 7, 5, 6, 10, 1, 4, 6, 6, 1, 8, 4, 9, 2, 6, 3, 3, 1, 8, 6, 10, 10, 8, 3, 9, 4, 10, 7, 3, 8, 2, 5, 8, 4, 2, 7, 9, 8, 1, 8, 2, 2, 5, 1, 1, 4, 4, 1]
(1.4353799139707204, 0.6199099929512534, 1.4388841421156044, 0.20546551553602463, 1.4371343051641097, 0.0, 1.4788275928049162, 0.18353976226874233, 1.4565926890819163, 0.9781067215632471)
[9, 7, 4, 4, 6, 2, 8, 3, 4, 4, 5, 1, 9, 1, 5, 2, 1, 2, 8, 3, 7, 3, 3, 2, 8, 1, 1, 7, 5, 6, 10, 1, 4, 6, 6, 1, 8, 4, 9, 2, 6, 3, 3, 1, 8, 6, 10, 10, 8, 3, 9, 4, 10, 7, 3, 8, 2, 5, 8, 4, 2, 7, 9, 8, 1, 8, 2, 2, 5, 1, 1, 4, 4, 1]
(1.4353799139707204, 0.6199099929512534, 1.4388841421156044, 0.20546551553602463, 1.4371343051641097, 0.0, 1.4788275928049162, 0.18353976226874233, 1.4565926890819163, 0.9781067215632471)
[9, 7, 4, 4, 6, 2, 8, 3, 4, 4, 5, 1, 9, 1, 5, 2, 1, 2, 8, 3, 7, 3, 3, 2, 8, 1, 1, 7, 5, 6, 10, 1, 4, 6, 6, 1, 8, 4, 9, 2, 6, 3, 3, 1, 8, 6, 10, 10, 8, 3, 9, 4, 10, 7, 3, 8, 2, 5, 8, 4, 2, 7, 9, 8, 1, 8, 2, 2, 5, 1, 1, 4, 4, 1]
(1.4353799139707204, 0.6199099929512534, 1.4388841421156044, 0.20546551553602463, 1.4371343051641097, 0.0, 1.4788275928049162, 0.18353976226874233, 1.4565926890819163, 0.9781067215632471)
[9, 7, 4, 4, 6, 2, 8, 3, 4, 4, 5, 1, 9, 1, 5, 2, 1, 2, 8, 3, 7, 3, 3, 2, 8, 1, 1, 7, 5, 6, 10, 1, 4, 6, 6, 1, 8, 4, 9, 2, 6, 3, 3, 1, 8, 6, 10, 10, 8, 3, 9, 4, 10, 7, 3, 8, 2, 5, 8, 4, 2, 7, 9, 8, 1, 8, 2, 2, 5, 1, 1, 4, 4, 1]
(1.4353799139707204, 0.6199099929512534, 1.4388841421156044, 0.20546551553602463, 1.4371343051641097, 0.0, 1.4788275928049162, 0.18353976226874233, 1.4565926890819163, 0.9781067215632471)
[9, 7, 4, 4, 6, 2, 8, 3, 4, 4, 5, 1, 9, 1, 5, 2, 1, 2, 8, 3, 7, 3, 3, 2, 8, 1, 1, 7, 5, 6, 10, 1, 4, 6, 6, 1, 8, 4, 9, 2, 6, 3, 3, 1, 8, 6, 10, 10, 8, 3, 9, 4, 10, 7, 3, 8, 2, 5, 8, 4, 2, 7, 9, 8, 1, 8, 2, 2, 5, 1, 1, 4, 4, 1]
(1.4353799139707204, 0.6199099929512534, 1.4388841421156044, 0.20546551553602463, 1.4371343051641097, 0.0, 1.4788275928049162, 0.18353976226874233, 1.4565926890819163, 0.9781067215632471)
[9, 7, 4, 4, 6, 2, 8, 3, 4, 4, 5, 1, 9, 1, 5, 2, 1, 2, 8, 3, 7, 3, 3, 2, 8, 1, 1, 7, 5, 6, 10, 1, 4, 6, 6, 1, 8, 4, 9, 2, 6, 3, 3, 1, 8, 6, 10, 10, 8, 3, 9, 4, 10, 7, 3, 8, 2, 5, 8, 4, 2, 7, 9, 8, 1, 8, 2, 2, 5, 1, 1, 4, 4, 1]
(1.4353799139707204, 0.6199099929512534, 1.4388841421156044, 0.20546551553602463, 1.4371343051641097, 0.0, 1.4788275928049162, 0.18353976226874233, 1.4565926890819163, 0.9781067215632471)
[9, 7, 4, 4, 6, 2, 8, 3, 4, 4, 5, 1, 9, 1, 5, 2, 1, 2, 8, 3, 7, 3, 3, 2, 8, 1, 1, 7, 5, 6, 10, 1, 4, 6, 6, 1, 8, 4, 9, 2, 6, 3, 3, 1, 8, 6, 10, 10, 8, 3, 9, 4, 10, 7, 3, 8, 2, 5, 8, 4, 2, 7, 9, 8, 1, 8, 2, 2, 5, 1, 1, 4, 4, 1]
(1.4353799139707204, 0.6199099929512534, 1.4388841421156044, 0.20546551553602463, 1.4371343051641097, 0.0, 1.4788275928049162, 0.18353976226874233, 1.4565926890819163, 0.9781067215632471)
[9, 7, 4, 4, 6, 2, 8, 3, 4, 4, 5, 1, 9, 1, 5, 2, 1, 2, 8, 3, 7, 3, 3, 2, 8, 1, 1, 7, 5, 6, 10, 1, 4, 6, 6, 1, 8, 4, 9, 2, 6, 3, 3, 1, 8, 6, 10, 10, 8, 3, 9, 4, 10, 7, 3, 8, 2, 5, 8, 4, 2, 7, 9, 8, 1, 8, 2, 2, 5, 1, 1, 4, 4, 1]
(1.4353799139707204, 0.6199099929512534, 1.4388841421156044, 0.20546551553602463, 1.4371343051641097, 0.0, 1.4788275928049162, 0.18353976226874233, 1.4565926890819163, 0.9781067215632471)
[9, 7, 4, 4, 6, 2, 8, 3, 4, 4, 5, 1, 9, 1, 5, 2, 1, 2, 8, 3, 7, 3, 3, 2, 8, 1, 1, 7, 5, 6, 10, 1, 4, 6, 6, 1, 8, 4, 9, 2, 6, 3, 3, 1, 8, 6, 10, 10, 8, 3, 9, 4, 10, 7, 3, 8, 2, 5, 8, 4, 2, 7, 9, 8, 1, 8, 2, 2, 5, 1, 1, 4, 4, 1]
(1.4353799139707204, 0.6199099929512534, 1.4388841421156044, 0.20546551553602463, 1.4371343051641097, 0.0, 1.4788275928049162, 0.18353976226874233, 1.4565926890819163, 0.9781067215632471)
[9, 7, 4, 4, 6, 2, 8, 3, 4, 4, 5, 1, 9, 1, 5, 2, 1, 2, 8, 3, 7, 3, 3, 2, 8, 1, 1, 7, 5, 6, 10, 1, 4, 6, 6, 1, 8, 4, 9, 2, 6, 3, 3, 1, 8, 6, 10, 10, 8, 3, 9, 4, 10, 7, 3, 8, 2, 5, 8, 4, 2, 7, 9, 8, 1, 8, 2, 2, 5, 1, 1, 4, 4, 1]
(1.4353799139707204, 0.6199099929512534, 1.4388841421156044, 0.20546551553602463, 1.4371343051641097, 0.0, 1.4788275928049162, 0.18353976226874233, 1.4565926890819163, 0.9781067215632471)
[9, 7, 4, 4, 6, 2, 8, 3, 4, 4, 5, 1, 9, 1, 5, 2, 1, 2, 8, 3, 7, 3, 3, 2, 8, 1, 1, 7, 5, 6, 10, 1, 4, 6, 6, 1, 8, 4, 9, 2, 6, 3, 3, 1, 8, 6, 10, 10, 8, 3, 9, 4, 10, 7, 3, 8, 2, 5, 8, 4, 2, 7, 9, 8, 1, 8, 2, 2, 5, 1, 1, 4, 4, 1]
(1.4353799139707204, 0.6199099929512534, 1.4388841421156044, 0.20546551553602463, 1.4371343051641097, 0.0, 1.4788275928049162, 0.18353976226874233, 1.4565926890819163, 0.9781067215632471)
[9, 7, 4, 4, 6, 2, 8, 3, 4, 4, 5, 1, 9, 1, 5, 2, 1, 2, 8, 3, 7, 3, 3, 2, 8, 1, 1, 7, 5, 6, 10, 1, 4, 6, 6, 1, 8, 4, 9, 2, 6, 3, 3, 1, 8, 6, 10, 10, 8, 3, 9, 4, 10, 7, 3, 8, 2, 5, 8, 4, 2, 7, 9, 8, 1, 8, 2, 2, 5, 1, 1, 4, 4, 1]
(1.4353799139707204, 0.6199099929512534, 1.4388841421156044, 0.20546551553602463, 1.4371343051641097, 0.0, 1.4788275928049162, 0.18353976226874233, 1.4565926890819163, 0.9781067215632471)
[9, 7, 4, 4, 6, 2, 8, 3, 4, 4, 5, 1, 9, 1, 5, 2, 1, 2, 8, 3, 7, 3, 3, 2, 8, 1, 1, 7, 5, 6, 10, 1, 4, 6, 6, 1, 8, 4, 9, 2, 6, 3, 3, 1, 8, 6, 10, 10, 8, 3, 9, 4, 10, 7, 3, 8, 2, 5, 8, 4, 2, 7, 9, 8, 1, 8, 2, 2, 5, 1, 1, 4, 4, 1]
(1.4353799139707204, 0.6199099929512534, 1.4388841421156044, 0.20546551553602463, 1.4371343051641097, 0.0, 1.4788275928049162, 0.18353976226874233, 1.4565926890819163, 0.9781067215632471)
[9, 7, 4, 4, 6, 2, 8, 3, 4, 4, 5, 1, 9, 1, 5, 2, 1, 2, 8, 3, 7, 3, 3, 2, 8, 1, 1, 7, 5, 6, 10, 1, 4, 6, 6, 1, 8, 4, 9, 2, 6, 3, 3, 1, 8, 6, 10, 10, 8, 3, 9, 4, 10, 7, 3, 8, 2, 5, 8, 4, 2, 7, 9, 8, 1, 8, 2, 2, 5, 1, 1, 4, 4, 1]
(1.4353799139707204, 0.6199099929512534, 1.4388841421156044, 0.20546551553602463, 1.4371343051641097, 0.0, 1.4788275928049162, 0.18353976226874233, 1.4565926890819163, 0.9781067215632471)
[9, 7, 4, 4, 6, 2, 8, 3, 4, 4, 5, 1, 9, 1, 5, 2, 1, 2, 8, 3, 7, 3, 3, 2, 8, 1, 1, 7, 5, 6, 10, 1, 4, 6, 6, 1, 8, 4, 9, 2, 6, 3, 3, 1, 8, 6, 10, 10, 8, 3, 9, 4, 10, 7, 3, 8, 2, 5, 8, 4, 2, 7, 9, 8, 1, 8, 2, 2, 5, 1, 1, 4, 4, 1]
(1.4353799139707204, 0.6199099929512534, 1.4388841421156044, 0.20546551553602463, 1.4371343051641097, 0.0, 1.4788275928049162, 0.18353976226874233, 1.4565926890819163, 0.9781067215632471)
[9, 7, 4, 4, 6, 2, 8, 3, 4, 4, 5, 1, 9, 1, 5, 2, 1, 2, 8, 3, 7, 3, 3, 2, 8, 1, 1, 7, 5, 6, 10, 1, 4, 6, 6, 1, 8, 4, 9, 2, 6, 3, 3, 1, 8, 6, 10, 10, 8, 3, 9, 4, 10, 7, 3, 8, 2, 5, 8, 4, 2, 7, 9, 8, 1, 8, 2, 2, 5, 1, 1, 4, 4, 1]
(1.4353799139707204, 0.6199099929512534, 1.4388841421156044, 0.20546551553602463, 1.4371343051641097, 0.0, 1.4788275928049162, 0.18353976226874233, 1.4565926890819163, 0.9781067215632471)
[9, 7, 4, 4, 6, 2, 8, 3, 4, 4, 5, 1, 9, 1, 5, 2, 1, 2, 8, 3, 7, 3, 3, 2, 8, 1, 1, 7, 5, 6, 10, 1, 4, 6, 6, 1, 8, 4, 9, 2, 6, 3, 3, 1, 8, 6, 10, 10, 8, 3, 9, 4, 10, 7, 3, 8, 2, 5, 8, 4, 2, 7, 9, 8, 1, 8, 2, 2, 5, 1, 1, 4, 4, 1]
(1.4353799139707204, 0.6199099929512534, 1.4388841421156044, 0.20546551553602463, 1.4371343051641097, 0.0, 1.4788275928049162, 0.18353976226874233, 1.4565926890819163, 0.9781067215632471)
[9, 7, 4, 4, 6, 2, 8, 3, 4, 4, 5, 1, 9, 1, 5, 2, 1, 2, 8, 3, 7, 3, 3, 2, 8, 1, 1, 7, 5, 6, 10, 1, 4, 6, 6, 1, 8, 4, 9, 2, 6, 3, 3, 1, 8, 6, 10, 10, 8, 3, 9, 4, 10, 7, 3, 8, 2, 5, 8, 4, 2, 7, 9, 8, 1, 8, 2, 2, 5, 1, 1, 4, 4, 1]
(1.4353799139707204, 0.6199099929512534, 1.4388841421156044, 0.20546551553602463, 1.4371343051641097, 0.0, 1.4788275928049162, 0.18353976226874233, 1.4565926890819163, 0.9781067215632471)
[9, 7, 4, 4, 6, 2, 8, 3, 4, 4, 5, 1, 9, 1, 5, 2, 1, 2, 8, 3, 7, 3, 3, 2, 8, 1, 1, 7, 5, 6, 10, 1, 4, 6, 6, 1, 8, 4, 9, 2, 6, 3, 3, 1, 8, 6, 10, 10, 8, 3, 9, 4, 10, 7, 3, 8, 2, 5, 8, 4, 2, 7, 9, 8, 1, 8, 2, 2, 5, 1, 1, 4, 4, 1]
(1.4353799139707204, 0.6199099929512534, 1.4388841421156044, 0.20546551553602463, 1.4371343051641097, 0.0, 1.4788275928049162, 0.18353976226874233, 1.4565926890819163, 0.9781067215632471)
[9, 7, 4, 4, 6, 2, 8, 3, 4, 4, 5, 1, 9, 1, 5, 2, 1, 2, 8, 3, 7, 3, 3, 2, 8, 1, 1, 7, 5, 6, 10, 1, 4, 6, 6, 1, 8, 4, 9, 2, 6, 3, 3, 1, 8, 6, 10, 10, 8, 3, 9, 4, 10, 7, 3, 8, 2, 5, 8, 4, 2, 7, 9, 8, 1, 8, 2, 2, 5, 1, 1, 4, 4, 1]
(1.4353799139707204, 0.6199099929512534, 1.4388841421156044, 0.20546551553602463, 1.4371343051641097, 0.0, 1.4788275928049162, 0.18353976226874233, 1.4565926890819163, 0.9781067215632471)
[9, 7, 4, 4, 6, 2, 8, 3, 4, 4, 5, 1, 9, 1, 5, 2, 1, 2, 8, 3, 7, 3, 3, 2, 8, 1, 1, 7, 5, 6, 10, 1, 4, 6, 6, 1, 8, 4, 9, 2, 6, 3, 3, 1, 8, 6, 10, 10, 8, 3, 9, 4, 10, 7, 3, 8, 2, 5, 8, 4, 2, 7, 9, 8, 1, 8, 2, 2, 5, 1, 1, 4, 4, 1]
(1.4353799139707204, 0.6199099929512534, 1.4388841421156044, 0.20546551553602463, 1.4371343051641097, 0.0, 1.4788275928049162, 0.18353976226874233, 1.4565926890819163, 0.9781067215632471)
[9, 7, 4, 4, 6, 2, 8, 3, 4, 4, 5, 1, 9, 1, 5, 2, 1, 2, 8, 3, 7, 3, 3, 2, 8, 1, 1, 7, 5, 6, 10, 1, 4, 6, 6, 1, 8, 4, 9, 2, 6, 3, 3, 1, 8, 6, 10, 10, 8, 3, 9, 4, 10, 7, 3, 8, 2, 5, 8, 4, 2, 7, 9, 8, 1, 8, 2, 2, 5, 1, 1, 4, 4, 1]
(1.4353799139707204, 0.6199099929512534, 1.4388841421156044, 0.20546551553602463, 1.4371343051641097, 0.0, 1.4788275928049162, 0.18353976226874233, 1.4565926890819163, 0.9781067215632471)
[9, 7, 4, 4, 6, 2, 8, 3, 4, 4, 5, 1, 9, 1, 5, 2, 1, 2, 8, 3, 7, 3, 3, 2, 8, 1, 1, 7, 5, 6, 10, 1, 4, 6, 6, 1, 8, 4, 9, 2, 6, 3, 3, 1, 8, 6, 10, 10, 8, 3, 9, 4, 10, 7, 3, 8, 2, 5, 8, 4, 2, 7, 9, 8, 1, 8, 2, 2, 5, 1, 1, 4, 4, 1]
(1.4353799139707204, 0.6199099929512534, 1.4388841421156044, 0.20546551553602463, 1.4371343051641097, 0.0, 1.4788275928049162, 0.18353976226874233, 1.4565926890819163, 0.9781067215632471)
[9, 7, 4, 4, 6, 2, 8, 3, 4, 4, 5, 1, 9, 1, 5, 2, 1, 2, 8, 3, 7, 3, 3, 2, 8, 1, 1, 7, 5, 6, 10, 1, 4, 6, 6, 1, 8, 4, 9, 2, 6, 3, 3, 1, 8, 6, 10, 10, 8, 3, 9, 4, 10, 7, 3, 8, 2, 5, 8, 4, 2, 7, 9, 8, 1, 8, 2, 2, 5, 1, 1, 4, 4, 1]
(1.4353799139707204, 0.6199099929512534, 1.4388841421156044, 0.20546551553602463, 1.4371343051641097, 0.0, 1.4788275928049162, 0.18353976226874233, 1.4565926890819163, 0.9781067215632471)
[9, 7, 4, 4, 6, 2, 8, 3, 4, 4, 5, 1, 9, 1, 5, 2, 1, 2, 8, 3, 7, 3, 3, 2, 8, 1, 1, 7, 5, 6, 10, 1, 4, 6, 6, 1, 8, 4, 9, 2, 6, 3, 3, 1, 8, 6, 10, 10, 8, 3, 9, 4, 10, 7, 3, 8, 2, 5, 8, 4, 2, 7, 9, 8, 1, 8, 2, 2, 5, 1, 1, 4, 4, 1]
(1.4353799139707204, 0.6199099929512534, 1.4388841421156044, 0.20546551553602463, 1.4371343051641097, 0.0, 1.4788275928049162, 0.18353976226874233, 1.4565926890819163, 0.9781067215632471)
[9, 7, 4, 4, 6, 2, 8, 3, 4, 4, 5, 1, 9, 1, 5, 2, 1, 2, 8, 3, 7, 3, 3, 2, 8, 1, 1, 7, 5, 6, 10, 1, 4, 6, 6, 1, 8, 4, 9, 2, 6, 3, 3, 1, 8, 6, 10, 10, 8, 3, 9, 4, 10, 7, 3, 8, 2, 5, 8, 4, 2, 7, 9, 8, 1, 8, 2, 2, 5, 1, 1, 4, 4, 1]
(1.4353799139707204, 0.6199099929512534, 1.4388841421156044, 0.20546551553602463, 1.4371343051641097, 0.0, 1.4788275928049162, 0.18353976226874233, 1.4565926890819163, 0.9781067215632471)
[10, 7, 8, 4, 10, 2, 8, 3, 7, 6, 2, 4, 2, 5, 2, 1, 7, 1, 6, 8, 9, 3, 1, 2, 10, 2, 10, 2, 3, 1, 3, 3, 7, 5, 3, 4, 8, 4, 9, 2, 10, 1, 1, 4, 3, 6, 10, 9, 8, 3, 9, 4, 8, 7, 7, 8, 7, 5, 8, 4, 6, 7, 9, 5, 6, 8, 2, 1, 5, 1, 1, 4, 10, 1]
(1.4523314926027164, 0.7926922276918849, 1.4303540112822173, 0.17368402192998167, 1.4354454820602052, 0.6491228070175452, 1.4472900067268706, 0.19906608466145564, 1.457174215093145, 0.7372115360933925)
[10, 7, 8, 4, 10, 2, 8, 3, 7, 6, 2, 4, 2, 5, 2, 1, 7, 1, 6, 8, 9, 3, 1, 2, 10, 2, 10, 2, 3, 1, 3, 3, 7, 5, 3, 4, 8, 4, 9, 2, 10, 1, 1, 4, 3, 6, 10, 9, 8, 3, 9, 4, 8, 7, 7, 8, 7, 5, 8, 4, 6, 7, 9, 5, 6, 8, 2, 1, 5, 1, 1, 4, 10, 1]
(1.4523314926027164, 0.7926922276918849, 1.4303540112822173, 0.17368402192998167, 1.4354454820602052, 0.6491228070175452, 1.4472900067268706, 0.19906608466145564, 1.457174215093145, 0.7372115360933925)
[10, 7, 8, 4, 10, 2, 8, 3, 7, 6, 2, 4, 2, 5, 2, 1, 7, 1, 6, 8, 9, 3, 1, 2, 10, 2, 10, 2, 3, 1, 3, 3, 7, 5, 3, 4, 8, 4, 9, 2, 10, 1, 1, 4, 3, 6, 10, 9, 8, 3, 9, 4, 8, 7, 7, 8, 7, 5, 8, 4, 6, 7, 9, 5, 6, 8, 2, 1, 5, 1, 1, 4, 10, 1]
(1.4523314926027164, 0.7926922276918849, 1.4303540112822173, 0.17368402192998167, 1.4354454820602052, 0.6491228070175452, 1.4472900067268706, 0.19906608466145564, 1.457174215093145, 0.7372115360933925)
[10, 7, 8, 4, 10, 2, 8, 3, 7, 6, 2, 4, 2, 5, 2, 1, 7, 1, 6, 8, 9, 3, 1, 2, 10, 2, 10, 2, 3, 1, 3, 3, 7, 5, 3, 4, 8, 4, 9, 2, 10, 1, 1, 4, 3, 6, 10, 9, 8, 3, 9, 4, 8, 7, 7, 8, 7, 5, 8, 4, 6, 7, 9, 5, 6, 8, 2, 1, 5, 1, 1, 4, 10, 1]
(1.4523314926027164, 0.7926922276918849, 1.4303540112822173, 0.17368402192998167, 1.4354454820602052, 0.6491228070175452, 1.4472900067268706, 0.19906608466145564, 1.457174215093145, 0.7372115360933925)
[10, 7, 8, 4, 10, 2, 8, 3, 7, 6, 2, 4, 2, 5, 2, 1, 7, 1, 6, 8, 9, 3, 1, 2, 10, 2, 10, 2, 3, 1, 3, 3, 7, 5, 3, 4, 8, 4, 9, 2, 10, 1, 1, 4, 3, 6, 10, 9, 8, 3, 9, 4, 8, 7, 7, 8, 7, 5, 8, 4, 6, 7, 9, 5, 6, 8, 2, 1, 5, 1, 1, 4, 10, 1]
(1.4523314926027164, 0.7926922276918849, 1.4303540112822173, 0.17368402192998167, 1.4354454820602052, 0.6491228070175452, 1.4472900067268706, 0.19906608466145564, 1.457174215093145, 0.7372115360933925)
[10, 7, 8, 4, 10, 2, 8, 3, 7, 6, 2, 4, 2, 5, 2, 1, 7, 1, 6, 8, 9, 3, 1, 2, 10, 2, 10, 2, 3, 1, 3, 3, 7, 5, 3, 4, 8, 4, 9, 2, 10, 1, 1, 4, 3, 6, 10, 9, 8, 3, 9, 4, 8, 7, 7, 8, 7, 5, 8, 4, 6, 7, 9, 5, 6, 8, 2, 1, 5, 1, 1, 4, 10, 1]
(1.4523314926027164, 0.7926922276918849, 1.4303540112822173, 0.17368402192998167, 1.4354454820602052, 0.6491228070175452, 1.4472900067268706, 0.19906608466145564, 1.457174215093145, 0.7372115360933925)
[10, 7, 8, 4, 10, 2, 8, 3, 7, 6, 2, 4, 2, 5, 2, 1, 7, 1, 6, 8, 9, 3, 1, 2, 10, 2, 10, 2, 3, 1, 3, 3, 7, 5, 3, 4, 8, 4, 9, 2, 10, 1, 1, 4, 3, 6, 10, 9, 8, 3, 9, 4, 8, 7, 7, 8, 7, 5, 8, 4, 6, 7, 9, 5, 6, 8, 2, 1, 5, 1, 1, 4, 10, 1]
(1.4523314926027164, 0.7926922276918849, 1.4303540112822173, 0.17368402192998167, 1.4354454820602052, 0.6491228070175452, 1.4472900067268706, 0.19906608466145564, 1.457174215093145, 0.7372115360933925)
[10, 7, 8, 4, 10, 2, 8, 3, 7, 6, 2, 4, 2, 5, 2, 1, 7, 1, 6, 8, 9, 3, 1, 2, 10, 2, 10, 2, 3, 1, 3, 3, 7, 5, 3, 4, 8, 4, 9, 2, 10, 1, 1, 4, 3, 6, 10, 9, 8, 3, 9, 4, 8, 7, 7, 8, 7, 5, 8, 4, 6, 7, 9, 5, 6, 8, 2, 1, 5, 1, 1, 4, 10, 1]
(1.4523314926027164, 0.7926922276918849, 1.4303540112822173, 0.17368402192998167, 1.4354454820602052, 0.6491228070175452, 1.4472900067268706, 0.19906608466145564, 1.457174215093145, 0.7372115360933925)
[10, 7, 8, 4, 10, 2, 8, 3, 7, 6, 2, 4, 2, 5, 2, 1, 7, 1, 6, 8, 9, 3, 1, 2, 10, 2, 10, 2, 3, 1, 3, 3, 7, 5, 3, 4, 8, 4, 9, 2, 10, 1, 1, 4, 3, 6, 10, 9, 8, 3, 9, 4, 8, 7, 7, 8, 7, 5, 8, 4, 6, 7, 9, 5, 6, 8, 2, 1, 5, 1, 1, 4, 10, 1]
(1.4523314926027164, 0.7926922276918849, 1.4303540112822173, 0.17368402192998167, 1.4354454820602052, 0.6491228070175452, 1.4472900067268706, 0.19906608466145564, 1.457174215093145, 0.7372115360933925)
[10, 7, 8, 4, 10, 2, 8, 3, 7, 6, 2, 4, 2, 5, 2, 1, 7, 1, 6, 8, 9, 3, 1, 2, 10, 2, 10, 2, 3, 1, 3, 3, 7, 5, 3, 4, 8, 4, 9, 2, 10, 1, 1, 4, 3, 6, 10, 9, 8, 3, 9, 4, 8, 7, 7, 8, 7, 5, 8, 4, 6, 7, 9, 5, 6, 8, 2, 1, 5, 1, 1, 4, 10, 1]
(1.4523314926027164, 0.7926922276918849, 1.4303540112822173, 0.17368402192998167, 1.4354454820602052, 0.6491228070175452, 1.4472900067268706, 0.19906608466145564, 1.457174215093145, 0.7372115360933925)
[10, 7, 8, 4, 10, 2, 8, 3, 7, 6, 2, 4, 2, 5, 2, 1, 7, 1, 6, 8, 9, 3, 1, 2, 10, 2, 10, 2, 3, 1, 3, 3, 7, 5, 3, 4, 8, 4, 9, 2, 10, 1, 1, 4, 3, 6, 10, 9, 8, 3, 9, 4, 8, 7, 7, 8, 7, 5, 8, 4, 6, 7, 9, 5, 6, 8, 2, 1, 5, 1, 1, 4, 10, 1]
(1.4523314926027164, 0.7926922276918849, 1.4303540112822173, 0.17368402192998167, 1.4354454820602052, 0.6491228070175452, 1.4472900067268706, 0.19906608466145564, 1.457174215093145, 0.7372115360933925)
[9, 3, 4, 10, 6, 2, 4, 7, 5, 2, 6, 7, 3, 1, 5, 2, 7, 4, 8, 3, 7, 10, 6, 2, 8, 8, 1, 7, 5, 6, 10, 1, 4, 6, 6, 1, 7, 4, 9, 3, 9, 7, 2, 9, 8, 9, 4, 10, 4, 2, 8, 7, 5, 7, 8, 10, 9, 4, 9, 1, 7, 4, 10, 10, 6, 4, 2, 4, 10, 10, 10, 6, 2, 1]
(1.379504131600158, 0.5690041307918182, 1.3517098720370713, 0.5733606718977963, 1.3908302770554, 1.0, 1.3393993196635448, 0.9735230845606495, 1.3273471133409953, 0.9571515364691618)
[9, 7, 4, 10, 6, 8, 4, 7, 5, 2, 6, 7, 3, 1, 5, 2, 10, 4, 8, 3, 7, 10, 6, 2, 8, 8, 1, 7, 5, 6, 4, 1, 4, 6, 6, 1, 8, 6, 9, 3, 9, 7, 2, 9, 8, 9, 4, 10, 4, 2, 8, 7, 5, 7, 8, 10, 9, 4, 9, 1, 7, 7, 10, 8, 5, 4, 2, 4, 10, 10, 10, 6, 2, 1]
(1.3660212557016778, 0.8950912080169113, 1.3915676014124323, 0.4112157461610246, 1.3611522936074905, 1.0, 1.3508769439159813, 0.9735230845606495, 1.3331102025507884, 0.9571515364691618)
[2, 7, 4, 4, 6, 2, 8, 3, 4, 4, 5, 1, 9, 1, 5, 2, 10, 4, 8, 3, 7, 10, 6, 2, 8, 5, 3, 7, 5, 2, 5, 2, 4, 1, 5, 7, 10, 6, 9, 3, 9, 7, 2, 9, 8, 9, 4, 10, 4, 2, 8, 7, 5, 7, 8, 10, 9, 4, 9, 1, 7, 7, 9, 8, 5, 4, 2, 4, 10, 10, 10, 4, 4, 1]
(1.3711080989240587, 0.8950912080169113, 1.3770416182278569, 0.4112157461610246, 1.394688149392503, 1.0, 1.3447110187261297, 0.9735230845606495, 1.3232389563321085, 0.9571515364691618)
[9, 7, 4, 10, 6, 8, 4, 7, 5, 2, 6, 7, 3, 1, 5, 2, 10, 4, 8, 3, 7, 10, 6, 2, 8, 8, 1, 7, 5, 6, 4, 1, 4, 6, 6, 1, 8, 6, 9, 3, 9, 7, 2, 9, 8, 9, 4, 10, 4, 2, 8, 7, 5, 7, 8, 10, 9, 4, 9, 1, 7, 7, 10, 8, 5, 4, 2, 4, 10, 10, 10, 6, 2, 1]
(1.3660212557016778, 0.8950912080169113, 1.3915676014124323, 0.4112157461610246, 1.3611522936074905, 1.0, 1.3508769439159813, 0.9735230845606495, 1.3331102025507884, 0.9571515364691618)
[9, 3, 4, 10, 6, 8, 4, 7, 5, 2, 6, 7, 3, 1, 5, 2, 10, 4, 8, 3, 7, 10, 6, 2, 8, 8, 1, 7, 5, 6, 10, 1, 4, 6, 6, 1, 7, 4, 9, 3, 9, 7, 2, 9, 8, 9, 4, 10, 4, 2, 8, 7, 5, 7, 8, 10, 9, 4, 9, 1, 7, 7, 10, 6, 5, 4, 2, 4, 10, 10, 10, 6, 2, 1]
(1.339747249632977, 0.8950912080169113, 1.3759978698938087, 0.4112157461610246, 1.368019467592139, 1.0, 1.3420569719373183, 0.9735230845606495, 1.3236882342397187, 0.9571515364691618)
[9, 7, 4, 10, 6, 2, 8, 3, 5, 2, 5, 7, 3, 1, 5, 2, 10, 4, 8, 3, 7, 10, 6, 2, 8, 1, 1, 7, 5, 6, 10, 1, 4, 6, 6, 1, 8, 4, 9, 2, 9, 7, 2, 9, 8, 9, 4, 10, 4, 2, 2, 7, 5, 7, 8, 10, 9, 4, 9, 1, 7, 7, 9, 8, 5, 4, 2, 4, 10, 10, 10, 4, 4, 1]
(1.3561700258403024, 0.8950912080169113, 1.38436608456065, 0.4112157461610246, 1.3556166306137025, 1.0, 1.351479271426696, 0.9735230845606495, 1.327763874903223, 0.9571515364691618)
[9, 7, 4, 10, 6, 8, 4, 7, 5, 2, 6, 7, 3, 1, 5, 2, 10, 4, 8, 3, 7, 10, 6, 2, 8, 8, 3, 7, 5, 2, 5, 2, 4, 9, 5, 8, 8, 4, 9, 2, 9, 7, 2, 9, 8, 9, 4, 10, 4, 2, 8, 7, 5, 7, 8, 10, 9, 4, 9, 1, 7, 7, 10, 8, 5, 4, 2, 4, 10, 10, 10, 4, 4, 1]
(1.3594387569277488, 0.8950912080169113, 1.3992604299633644, 0.4112157461610246, 1.3757189306615751, 1.0, 1.3524314184485864, 0.9735230845606495, 1.3353613955526549, 0.9571515364691618)
[9, 7, 4, 10, 6, 8, 4, 7, 5, 2, 6, 7, 3, 1, 5, 2, 10, 4, 8, 3, 7, 10, 6, 2, 8, 8, 1, 7, 5, 6, 4, 1, 4, 6, 6, 1, 8, 6, 9, 3, 9, 7, 2, 9, 8, 9, 4, 10, 4, 2, 8, 7, 5, 7, 8, 10, 9, 4, 9, 1, 7, 7, 10, 8, 5, 4, 2, 4, 10, 10, 10, 6, 2, 1]
(1.3660212557016778, 0.8950912080169113, 1.3915676014124323, 0.4112157461610246, 1.3611522936074905, 1.0, 1.3508769439159813, 0.9735230845606495, 1.3331102025507884, 0.9571515364691618)
[9, 7, 4, 10, 6, 8, 4, 7, 5, 2, 6, 7, 3, 1, 5, 2, 10, 4, 8, 3, 7, 10, 6, 2, 8, 8, 1, 7, 5, 6, 4, 1, 4, 6, 6, 1, 8, 6, 9, 3, 9, 7, 2, 9, 8, 9, 4, 10, 4, 2, 8, 7, 5, 7, 8, 10, 9, 4, 9, 1, 7, 7, 10, 8, 5, 4, 2, 4, 10, 10, 10, 6, 2, 1]
(1.3660212557016778, 0.8950912080169113, 1.3915676014124323, 0.4112157461610246, 1.3611522936074905, 1.0, 1.3508769439159813, 0.9735230845606495, 1.3331102025507884, 0.9571515364691618)
[9, 3, 4, 10, 6, 8, 4, 7, 5, 2, 6, 7, 3, 1, 5, 2, 10, 4, 8, 3, 7, 10, 6, 2, 8, 8, 1, 7, 5, 6, 10, 1, 4, 6, 6, 1, 7, 4, 9, 3, 9, 7, 2, 9, 8, 9, 4, 10, 4, 2, 8, 7, 5, 7, 8, 10, 9, 4, 9, 1, 7, 7, 10, 6, 5, 4, 2, 4, 10, 10, 10, 6, 2, 1]
(1.339747249632977, 0.8950912080169113, 1.3759978698938087, 0.4112157461610246, 1.368019467592139, 1.0, 1.3420569719373183, 0.9735230845606495, 1.3236882342397187, 0.9571515364691618)
[9, 7, 4, 10, 6, 8, 4, 7, 5, 2, 6, 7, 3, 1, 5, 2, 10, 4, 8, 3, 7, 10, 6, 2, 8, 8, 3, 7, 5, 2, 5, 2, 4, 9, 5, 8, 8, 4, 9, 2, 9, 7, 2, 9, 8, 9, 4, 10, 4, 2, 8, 7, 5, 7, 8, 10, 9, 4, 9, 1, 7, 7, 10, 8, 5, 4, 2, 4, 10, 10, 10, 4, 4, 1]
(1.3594387569277488, 0.8950912080169113, 1.3992604299633644, 0.4112157461610246, 1.3757189306615751, 1.0, 1.3524314184485864, 0.9735230845606495, 1.3353613955526549, 0.9571515364691618)
[9, 7, 4, 10, 6, 2, 8, 3, 5, 2, 5, 7, 3, 1, 5, 2, 10, 4, 8, 3, 7, 10, 6, 2, 8, 1, 1, 7, 5, 6, 10, 1, 4, 6, 6, 1, 8, 4, 9, 2, 9, 7, 2, 9, 8, 9, 4, 10, 4, 2, 2, 7, 5, 7, 8, 10, 9, 4, 9, 1, 7, 7, 9, 8, 5, 4, 2, 4, 10, 10, 10, 4, 4, 1]
(1.3561700258403024, 0.8950912080169113, 1.38436608456065, 0.4112157461610246, 1.3556166306137025, 1.0, 1.351479271426696, 0.9735230845606495, 1.327763874903223, 0.9571515364691618)
[9, 7, 4, 10, 6, 2, 8, 3, 5, 2, 5, 7, 3, 1, 5, 2, 10, 4, 8, 3, 7, 10, 6, 2, 8, 1, 1, 7, 5, 6, 10, 1, 4, 6, 6, 1, 8, 4, 9, 2, 9, 7, 2, 9, 8, 9, 4, 10, 4, 2, 2, 7, 5, 7, 8, 10, 9, 4, 9, 1, 7, 7, 9, 8, 5, 4, 2, 4, 10, 10, 10, 4, 4, 1]
(1.3561700258403024, 0.8950912080169113, 1.38436608456065, 0.4112157461610246, 1.3556166306137025, 1.0, 1.351479271426696, 0.9735230845606495, 1.327763874903223, 0.9571515364691618)
[9, 7, 4, 10, 6, 2, 8, 3, 5, 2, 5, 7, 3, 1, 5, 2, 10, 4, 8, 3, 7, 10, 6, 2, 8, 1, 1, 7, 5, 6, 10, 1, 4, 6, 6, 1, 8, 4, 9, 2, 9, 7, 2, 9, 8, 9, 4, 10, 4, 2, 2, 7, 5, 7, 8, 10, 9, 4, 9, 1, 7, 7, 9, 8, 5, 4, 2, 4, 10, 10, 10, 4, 4, 1]
(1.3561700258403024, 0.8950912080169113, 1.38436608456065, 0.4112157461610246, 1.3556166306137025, 1.0, 1.351479271426696, 0.9735230845606495, 1.327763874903223, 0.9571515364691618)
[9, 7, 4, 10, 6, 8, 4, 7, 5, 2, 6, 7, 3, 1, 5, 2, 10, 4, 8, 3, 7, 10, 6, 2, 8, 8, 1, 7, 5, 6, 4, 1, 4, 6, 6, 1, 8, 6, 9, 3, 9, 7, 2, 9, 8, 9, 4, 10, 4, 2, 8, 7, 5, 7, 8, 10, 9, 4, 9, 1, 7, 7, 10, 8, 5, 4, 2, 4, 10, 10, 10, 6, 2, 1]
(1.3660212557016778, 0.8950912080169113, 1.3915676014124323, 0.4112157461610246, 1.3611522936074905, 1.0, 1.3508769439159813, 0.9735230845606495, 1.3331102025507884, 0.9571515364691618)
[9, 7, 4, 10, 6, 8, 4, 7, 5, 2, 6, 7, 3, 1, 5, 2, 10, 4, 8, 3, 7, 10, 6, 2, 8, 8, 1, 7, 5, 6, 4, 1, 4, 6, 6, 1, 8, 6, 9, 3, 9, 7, 2, 9, 8, 9, 4, 10, 4, 2, 8, 7, 5, 7, 8, 10, 9, 4, 9, 1, 7, 7, 10, 8, 5, 4, 2, 4, 10, 10, 10, 6, 2, 1]
(1.3660212557016778, 0.8950912080169113, 1.3915676014124323, 0.4112157461610246, 1.3611522936074905, 1.0, 1.3508769439159813, 0.9735230845606495, 1.3331102025507884, 0.9571515364691618)
[9, 7, 4, 10, 6, 8, 4, 7, 5, 2, 6, 7, 3, 1, 5, 2, 10, 4, 8, 3, 7, 10, 6, 2, 8, 8, 1, 7, 5, 6, 4, 1, 4, 6, 6, 1, 8, 6, 9, 3, 9, 7, 2, 9, 8, 9, 4, 10, 4, 2, 8, 7, 5, 7, 8, 10, 9, 4, 9, 1, 7, 7, 10, 8, 5, 4, 2, 4, 10, 10, 10, 6, 2, 1]
(1.3660212557016778, 0.8950912080169113, 1.3915676014124323, 0.4112157461610246, 1.3611522936074905, 1.0, 1.3508769439159813, 0.9735230845606495, 1.3331102025507884, 0.9571515364691618)
[9, 7, 4, 4, 6, 2, 8, 7, 5, 2, 6, 7, 3, 1, 5, 2, 10, 4, 8, 3, 7, 10, 6, 2, 8, 8, 1, 7, 5, 6, 10, 1, 4, 6, 6, 1, 7, 4, 9, 3, 9, 7, 2, 9, 8, 9, 4, 10, 4, 2, 8, 9, 5, 7, 8, 10, 9, 4, 9, 1, 7, 7, 10, 6, 5, 4, 2, 4, 10, 10, 10, 6, 2, 1]
(1.3737864319979116, 0.8950912080169113, 1.388458544835347, 0.4112157461610246, 1.336990647613903, 1.0, 1.3464664838462066, 0.9735230845606495, 1.3249654376505828, 0.9571515364691618)
[9, 7, 4, 10, 6, 8, 4, 7, 5, 2, 6, 7, 3, 1, 5, 2, 10, 4, 8, 3, 7, 10, 6, 2, 8, 8, 3, 7, 5, 2, 5, 2, 4, 9, 5, 8, 8, 4, 9, 2, 9, 7, 2, 9, 8, 9, 4, 10, 4, 2, 8, 7, 5, 7, 8, 10, 9, 4, 9, 1, 7, 7, 10, 8, 5, 4, 2, 4, 10, 10, 10, 4, 4, 1]
(1.3594387569277488, 0.8950912080169113, 1.3992604299633644, 0.4112157461610246, 1.3757189306615751, 1.0, 1.3524314184485864, 0.9735230845606495, 1.3353613955526549, 0.9571515364691618)
[9, 7, 4, 10, 6, 8, 4, 7, 5, 2, 6, 7, 3, 1, 5, 2, 10, 4, 8, 3, 7, 10, 6, 2, 8, 8, 3, 7, 5, 2, 5, 2, 4, 9, 5, 8, 8, 4, 9, 2, 9, 7, 2, 9, 8, 9, 4, 10, 4, 2, 8, 7, 5, 7, 8, 10, 9, 4, 9, 1, 7, 7, 10, 8, 5, 4, 2, 4, 10, 10, 10, 4, 4, 1]
(1.3594387569277488, 0.8950912080169113, 1.3992604299633644, 0.4112157461610246, 1.3757189306615751, 1.0, 1.3524314184485864, 0.9735230845606495, 1.3353613955526549, 0.9571515364691618)
[9, 7, 4, 10, 6, 2, 8, 3, 5, 2, 5, 7, 3, 1, 5, 2, 10, 4, 8, 3, 7, 10, 6, 2, 8, 1, 1, 7, 5, 6, 10, 1, 4, 6, 6, 1, 8, 4, 9, 2, 9, 7, 2, 9, 8, 9, 4, 10, 4, 2, 2, 7, 5, 7, 8, 10, 9, 4, 9, 1, 7, 7, 9, 8, 5, 4, 2, 4, 10, 10, 10, 4, 4, 1]
(1.3561700258403024, 0.8950912080169113, 1.38436608456065, 0.4112157461610246, 1.3556166306137025, 1.0, 1.351479271426696, 0.9735230845606495, 1.327763874903223, 0.9571515364691618)
[9, 7, 4, 10, 6, 8, 4, 7, 5, 2, 6, 7, 3, 1, 5, 2, 10, 4, 8, 3, 7, 10, 6, 2, 8, 8, 1, 7, 5, 6, 4, 1, 4, 6, 6, 1, 8, 6, 9, 3, 9, 7, 2, 9, 8, 9, 4, 10, 4, 2, 8, 7, 5, 7, 8, 10, 9, 4, 9, 1, 7, 7, 10, 8, 5, 4, 2, 4, 10, 10, 10, 6, 2, 1]
(1.3660212557016778, 0.8950912080169113, 1.3915676014124323, 0.4112157461610246, 1.3611522936074905, 1.0, 1.3508769439159813, 0.9735230845606495, 1.3331102025507884, 0.9571515364691618)
[9, 7, 4, 10, 6, 2, 8, 3, 5, 2, 5, 7, 3, 1, 5, 2, 10, 4, 8, 3, 7, 10, 6, 2, 8, 1, 1, 7, 5, 6, 10, 1, 4, 6, 6, 1, 8, 4, 9, 2, 9, 7, 2, 9, 8, 9, 4, 10, 4, 2, 2, 7, 5, 7, 8, 10, 9, 4, 9, 1, 7, 7, 9, 8, 5, 4, 2, 4, 10, 10, 10, 4, 4, 1]
(1.3561700258403024, 0.8950912080169113, 1.38436608456065, 0.4112157461610246, 1.3556166306137025, 1.0, 1.351479271426696, 0.9735230845606495, 1.327763874903223, 0.9571515364691618)
[9, 7, 4, 10, 6, 8, 4, 7, 5, 2, 6, 7, 3, 1, 5, 2, 10, 4, 8, 3, 7, 10, 6, 2, 8, 8, 1, 7, 5, 6, 4, 1, 4, 6, 6, 1, 8, 6, 9, 3, 9, 7, 2, 9, 8, 9, 4, 10, 4, 2, 8, 7, 5, 7, 8, 10, 9, 4, 9, 1, 7, 7, 10, 8, 5, 4, 2, 4, 10, 10, 10, 6, 2, 1]
(1.3660212557016778, 0.8950912080169113, 1.3915676014124323, 0.4112157461610246, 1.3611522936074905, 1.0, 1.3508769439159813, 0.9735230845606495, 1.3331102025507884, 0.9571515364691618)
[9, 3, 4, 10, 6, 8, 4, 7, 5, 2, 6, 7, 3, 1, 5, 2, 10, 4, 8, 3, 7, 10, 6, 2, 8, 8, 1, 7, 5, 6, 10, 1, 4, 6, 6, 1, 7, 4, 9, 3, 9, 7, 2, 9, 8, 9, 4, 10, 4, 2, 8, 7, 5, 7, 8, 10, 9, 4, 9, 1, 7, 7, 10, 6, 5, 4, 2, 4, 10, 10, 10, 6, 2, 1]
(1.339747249632977, 0.8950912080169113, 1.3759978698938087, 0.4112157461610246, 1.368019467592139, 1.0, 1.3420569719373183, 0.9735230845606495, 1.3236882342397187, 0.9571515364691618)
[9, 3, 4, 10, 6, 8, 4, 7, 5, 2, 6, 7, 3, 1, 5, 2, 10, 4, 8, 3, 7, 10, 6, 2, 8, 8, 1, 7, 5, 6, 10, 1, 4, 6, 6, 1, 7, 4, 9, 3, 9, 7, 2, 9, 8, 9, 4, 10, 4, 2, 8, 7, 5, 7, 8, 10, 9, 4, 9, 1, 7, 7, 10, 6, 5, 4, 2, 4, 10, 10, 10, 6, 2, 1]
(1.339747249632977, 0.8950912080169113, 1.3759978698938087, 0.4112157461610246, 1.368019467592139, 1.0, 1.3420569719373183, 0.9735230845606495, 1.3236882342397187, 0.9571515364691618)
[9, 7, 4, 10, 6, 8, 4, 7, 5, 2, 6, 7, 3, 1, 5, 2, 10, 4, 8, 3, 7, 10, 6, 2, 8, 8, 1, 7, 5, 6, 4, 1, 4, 6, 6, 1, 8, 6, 9, 3, 9, 7, 2, 9, 8, 9, 4, 10, 4, 2, 8, 7, 5, 7, 8, 10, 9, 4, 9, 1, 7, 7, 10, 8, 5, 4, 2, 4, 10, 10, 10, 6, 2, 1]
(1.3660212557016778, 0.8950912080169113, 1.3915676014124323, 0.4112157461610246, 1.3611522936074905, 1.0, 1.3508769439159813, 0.9735230845606495, 1.3331102025507884, 0.9571515364691618)
[9, 7, 4, 10, 6, 8, 4, 7, 5, 2, 6, 7, 3, 1, 5, 2, 10, 4, 8, 3, 7, 10, 6, 2, 8, 8, 1, 7, 5, 6, 4, 1, 4, 6, 6, 1, 8, 6, 9, 3, 9, 7, 2, 9, 8, 9, 4, 10, 4, 2, 8, 7, 5, 7, 8, 10, 9, 4, 9, 1, 7, 7, 10, 8, 5, 4, 2, 4, 10, 10, 10, 6, 2, 1]
(1.3660212557016778, 0.8950912080169113, 1.3915676014124323, 0.4112157461610246, 1.3611522936074905, 1.0, 1.3508769439159813, 0.9735230845606495, 1.3331102025507884, 0.9571515364691618)
[2, 7, 4, 4, 6, 2, 8, 3, 4, 4, 5, 1, 9, 1, 5, 2, 10, 4, 8, 3, 7, 10, 6, 2, 8, 5, 3, 7, 5, 2, 5, 2, 4, 1, 5, 7, 10, 6, 9, 3, 9, 7, 2, 9, 8, 9, 4, 10, 4, 2, 8, 7, 5, 7, 8, 10, 9, 4, 9, 1, 7, 7, 9, 8, 5, 4, 2, 4, 10, 10, 10, 4, 4, 1]
(1.3711080989240587, 0.8950912080169113, 1.3770416182278569, 0.4112157461610246, 1.394688149392503, 1.0, 1.3447110187261297, 0.9735230845606495, 1.3232389563321085, 0.9571515364691618)
[9, 7, 4, 9, 6, 8, 4, 7, 5, 2, 6, 7, 3, 1, 5, 2, 10, 4, 8, 3, 7, 3, 3, 2, 8, 1, 1, 7, 5, 6, 10, 1, 4, 6, 3, 1, 8, 4, 9, 2, 9, 7, 2, 9, 8, 9, 4, 10, 4, 2, 8, 7, 5, 7, 8, 10, 9, 4, 9, 1, 7, 7, 10, 8, 5, 4, 2, 4, 10, 10, 10, 4, 4, 1]
(1.3858284073321954, 0.8950912080169113, 1.3925709318368595, 0.4112157461610246, 1.3621241854875268, 1.0, 1.3545454682408744, 0.9735230845606495, 1.3282856173067294, 0.9571515364691618)
[9, 3, 4, 10, 6, 8, 4, 7, 5, 2, 6, 7, 3, 1, 5, 2, 10, 4, 8, 3, 7, 10, 6, 2, 8, 8, 1, 7, 5, 6, 10, 1, 4, 6, 6, 1, 7, 4, 9, 3, 9, 7, 2, 9, 8, 9, 4, 10, 4, 2, 8, 7, 5, 7, 8, 10, 9, 4, 9, 1, 7, 7, 10, 6, 5, 4, 2, 4, 10, 10, 10, 6, 2, 1]
(1.339747249632977, 0.8950912080169113, 1.3759978698938087, 0.4112157461610246, 1.368019467592139, 1.0, 1.3420569719373183, 0.9735230845606495, 1.3236882342397187, 0.9571515364691618)
[9, 3, 4, 10, 6, 8, 4, 7, 5, 2, 6, 7, 3, 1, 5, 2, 10, 4, 8, 3, 7, 10, 6, 2, 8, 8, 1, 7, 5, 6, 10, 1, 4, 6, 6, 1, 7, 4, 9, 3, 9, 7, 2, 9, 8, 9, 4, 10, 4, 2, 8, 7, 5, 7, 8, 10, 9, 4, 9, 1, 7, 7, 10, 6, 5, 4, 2, 4, 10, 10, 10, 6, 2, 1]
(1.339747249632977, 0.8950912080169113, 1.3759978698938087, 0.4112157461610246, 1.368019467592139, 1.0, 1.3420569719373183, 0.9735230845606495, 1.3236882342397187, 0.9571515364691618)
[9, 7, 4, 10, 6, 2, 8, 3, 5, 2, 1, 7, 3, 1, 5, 2, 10, 4, 8, 3, 7, 10, 6, 2, 8, 1, 1, 7, 5, 6, 10, 1, 4, 6, 6, 1, 8, 4, 9, 2, 9, 7, 2, 9, 8, 9, 4, 10, 4, 2, 2, 7, 5, 7, 8, 10, 9, 4, 9, 1, 7, 7, 9, 8, 5, 4, 2, 4, 10, 10, 10, 3, 4, 1]
(1.3501187098770342, 0.8950912080169113, 1.393841911032693, 0.4112157461610246, 1.3596682294457132, 1.0, 1.3483887416123341, 0.9735230845606495, 1.3283502853660791, 0.9571515364691618)
[9, 7, 4, 10, 6, 8, 4, 7, 5, 2, 6, 7, 3, 1, 5, 2, 10, 4, 8, 3, 7, 10, 6, 2, 8, 8, 1, 7, 5, 6, 4, 1, 4, 6, 6, 1, 8, 6, 9, 3, 9, 7, 2, 9, 8, 9, 4, 10, 4, 2, 8, 7, 5, 7, 8, 10, 9, 4, 9, 1, 7, 7, 10, 8, 5, 4, 2, 4, 10, 10, 10, 6, 2, 1]
(1.3660212557016778, 0.8950912080169113, 1.3915676014124323, 0.4112157461610246, 1.3611522936074905, 1.0, 1.3508769439159813, 0.9735230845606495, 1.3331102025507884, 0.9571515364691618)
[9, 7, 4, 10, 6, 8, 4, 7, 5, 2, 6, 7, 3, 1, 5, 2, 10, 4, 8, 3, 7, 10, 6, 2, 8, 8, 1, 7, 5, 6, 4, 1, 4, 6, 6, 1, 8, 6, 9, 3, 9, 7, 2, 9, 8, 9, 4, 10, 4, 2, 8, 7, 5, 7, 8, 10, 9, 4, 9, 1, 7, 7, 10, 8, 5, 4, 2, 4, 10, 10, 10, 6, 2, 1]
(1.3660212557016778, 0.8950912080169113, 1.3915676014124323, 0.4112157461610246, 1.3611522936074905, 1.0, 1.3508769439159813, 0.9735230845606495, 1.3331102025507884, 0.9571515364691618)
[9, 3, 4, 10, 6, 8, 4, 7, 5, 2, 6, 7, 3, 1, 5, 2, 10, 4, 8, 3, 7, 10, 6, 2, 8, 8, 1, 7, 5, 6, 10, 1, 4, 6, 6, 1, 7, 4, 9, 3, 9, 7, 2, 9, 8, 9, 4, 10, 4, 2, 8, 7, 5, 7, 8, 10, 9, 4, 9, 1, 7, 7, 10, 6, 5, 4, 2, 4, 10, 10, 10, 6, 2, 1]
(1.339747249632977, 0.8950912080169113, 1.3759978698938087, 0.4112157461610246, 1.368019467592139, 1.0, 1.3420569719373183, 0.9735230845606495, 1.3236882342397187, 0.9571515364691618)
[9, 7, 4, 10, 6, 8, 4, 7, 5, 2, 6, 7, 3, 1, 5, 2, 10, 4, 8, 3, 7, 10, 6, 2, 8, 8, 1, 7, 5, 6, 4, 1, 4, 6, 6, 1, 8, 6, 9, 3, 9, 7, 2, 9, 8, 9, 4, 10, 4, 2, 8, 7, 5, 7, 8, 10, 9, 4, 9, 1, 7, 7, 10, 8, 5, 4, 2, 4, 10, 10, 10, 6, 2, 1]
(1.3660212557016778, 0.8950912080169113, 1.3915676014124323, 0.4112157461610246, 1.3611522936074905, 1.0, 1.3508769439159813, 0.9735230845606495, 1.3331102025507884, 0.9571515364691618)
[9, 3, 4, 10, 6, 8, 4, 7, 5, 2, 6, 7, 3, 1, 5, 2, 10, 4, 8, 3, 7, 10, 6, 2, 8, 8, 1, 7, 5, 6, 10, 1, 4, 6, 6, 1, 7, 4, 9, 3, 9, 7, 2, 9, 8, 9, 4, 10, 4, 2, 8, 7, 5, 7, 8, 10, 9, 4, 9, 1, 7, 7, 10, 6, 5, 4, 2, 4, 10, 10, 10, 6, 2, 1]
(1.339747249632977, 0.8950912080169113, 1.3759978698938087, 0.4112157461610246, 1.368019467592139, 1.0, 1.3420569719373183, 0.9735230845606495, 1.3236882342397187, 0.9571515364691618)
[9, 7, 4, 10, 6, 2, 8, 3, 5, 2, 5, 7, 3, 1, 5, 2, 10, 4, 8, 3, 7, 10, 6, 2, 8, 1, 1, 7, 5, 6, 10, 1, 4, 6, 6, 1, 8, 4, 9, 2, 9, 7, 2, 9, 8, 9, 4, 10, 4, 2, 2, 7, 5, 7, 8, 10, 9, 4, 9, 1, 7, 7, 9, 8, 5, 4, 2, 4, 10, 10, 10, 4, 4, 1]
(1.3561700258403024, 0.8950912080169113, 1.38436608456065, 0.4112157461610246, 1.3556166306137025, 1.0, 1.351479271426696, 0.9735230845606495, 1.327763874903223, 0.9571515364691618)
[9, 7, 4, 10, 6, 8, 4, 7, 5, 2, 6, 7, 3, 1, 5, 2, 10, 4, 8, 3, 7, 10, 6, 2, 8, 8, 1, 7, 5, 6, 4, 1, 4, 6, 6, 1, 8, 6, 9, 3, 9, 7, 2, 9, 8, 9, 4, 10, 4, 2, 8, 7, 5, 7, 8, 10, 9, 4, 9, 1, 7, 7, 10, 8, 5, 4, 2, 4, 10, 10, 10, 6, 2, 1]
(1.3660212557016778, 0.8950912080169113, 1.3915676014124323, 0.4112157461610246, 1.3611522936074905, 1.0, 1.3508769439159813, 0.9735230845606495, 1.3331102025507884, 0.9571515364691618)
[9, 7, 4, 10, 6, 8, 4, 7, 5, 2, 6, 7, 3, 1, 5, 2, 10, 4, 8, 3, 7, 10, 6, 2, 8, 8, 3, 7, 5, 2, 5, 2, 4, 9, 5, 8, 8, 4, 9, 2, 9, 7, 2, 9, 8, 9, 4, 10, 4, 2, 8, 7, 5, 7, 8, 10, 9, 4, 9, 1, 7, 7, 10, 8, 5, 4, 2, 4, 10, 10, 10, 4, 4, 1]
(1.3594387569277488, 0.8950912080169113, 1.3992604299633644, 0.4112157461610246, 1.3757189306615751, 1.0, 1.3524314184485864, 0.9735230845606495, 1.3353613955526549, 0.9571515364691618)
[9, 3, 4, 10, 6, 8, 4, 7, 5, 2, 6, 7, 3, 1, 5, 2, 10, 4, 8, 3, 7, 10, 6, 2, 8, 8, 1, 7, 5, 6, 10, 1, 4, 6, 6, 1, 7, 4, 9, 3, 9, 7, 2, 9, 8, 9, 4, 10, 4, 2, 8, 7, 5, 7, 8, 10, 9, 4, 9, 1, 7, 7, 10, 6, 5, 4, 2, 4, 10, 10, 10, 6, 2, 1]
(1.339747249632977, 0.8950912080169113, 1.3759978698938087, 0.4112157461610246, 1.368019467592139, 1.0, 1.3420569719373183, 0.9735230845606495, 1.3236882342397187, 0.9571515364691618)
[9, 7, 4, 10, 6, 8, 4, 7, 5, 2, 6, 7, 3, 1, 5, 2, 10, 4, 8, 3, 7, 10, 6, 2, 8, 8, 1, 7, 5, 6, 4, 1, 4, 6, 6, 1, 8, 6, 9, 3, 9, 7, 2, 9, 8, 9, 4, 10, 4, 2, 8, 7, 5, 7, 8, 10, 9, 4, 9, 1, 7, 7, 10, 8, 5, 4, 2, 4, 10, 10, 10, 6, 2, 1]
(1.3660212557016778, 0.8950912080169113, 1.3915676014124323, 0.4112157461610246, 1.3611522936074905, 1.0, 1.3508769439159813, 0.9735230845606495, 1.3331102025507884, 0.9571515364691618)
[9, 7, 4, 10, 6, 2, 8, 3, 5, 2, 5, 7, 3, 1, 5, 2, 10, 4, 8, 3, 7, 10, 6, 2, 8, 1, 1, 7, 5, 6, 10, 1, 4, 6, 6, 1, 8, 4, 9, 2, 9, 7, 2, 9, 8, 9, 4, 10, 4, 2, 2, 7, 5, 7, 8, 10, 9, 4, 9, 1, 7, 7, 9, 8, 5, 4, 2, 4, 10, 10, 10, 4, 4, 1]
(1.3561700258403024, 0.8950912080169113, 1.38436608456065, 0.4112157461610246, 1.3556166306137025, 1.0, 1.351479271426696, 0.9735230845606495, 1.327763874903223, 0.9571515364691618)
[9, 7, 4, 10, 6, 8, 4, 7, 5, 2, 6, 7, 3, 1, 5, 2, 10, 4, 8, 3, 7, 10, 6, 2, 8, 8, 1, 7, 5, 6, 4, 1, 4, 6, 6, 1, 8, 6, 9, 3, 9, 7, 2, 9, 8, 9, 4, 10, 4, 2, 8, 7, 5, 7, 8, 10, 9, 4, 9, 1, 7, 7, 10, 8, 5, 4, 2, 4, 10, 10, 10, 6, 2, 1]
(1.3660212557016778, 0.8950912080169113, 1.3915676014124323, 0.4112157461610246, 1.3611522936074905, 1.0, 1.3508769439159813, 0.9735230845606495, 1.3331102025507884, 0.9571515364691618)
[9, 7, 4, 10, 6, 2, 8, 3, 5, 2, 1, 7, 3, 1, 5, 2, 10, 4, 8, 3, 7, 10, 6, 2, 8, 1, 1, 7, 5, 6, 10, 1, 4, 6, 6, 1, 8, 4, 9, 2, 9, 7, 2, 9, 8, 9, 4, 10, 4, 2, 2, 7, 5, 7, 8, 10, 9, 4, 9, 1, 7, 7, 9, 8, 5, 4, 2, 4, 10, 10, 10, 3, 4, 1]
(1.3501187098770342, 0.8950912080169113, 1.393841911032693, 0.4112157461610246, 1.3596682294457132, 1.0, 1.3483887416123341, 0.9735230845606495, 1.3283502853660791, 0.9571515364691618)
