[3, 10, 3, 8, 4, 9, 3, 6, 5, 8, 6, 10, 1, 8, 1, 2, 9, 3, 5, 4, 5, 8, 4, 8, 3, 1, 3, 9, 1, 7, 5, 7, 6, 9, 7, 6, 8, 8, 10, 8, 10, 1, 4, 6, 4, 5, 5, 7, 9, 7, 3, 5, 3, 6, 2, 10, 3, 4, 8, 8, 6, 5, 3, 10, 3, 8, 1, 1, 10, 4, 3, 9, 10, 1]
(1.3845824237166808, 0.7212987196717829, 1.3315673775969952, 0.5802944203320055, 1.3402367375790087, 1.0, 1.3395941587536537, 0.0, 1.2897869668900002, 0.0)
[3, 10, 3, 8, 4, 6, 3, 8, 8, 8, 2, 3, 1, 8, 1, 2, 9, 3, 5, 4, 5, 8, 4, 8, 3, 6, 3, 9, 1, 7, 5, 7, 6, 9, 10, 7, 8, 8, 10, 8, 10, 3, 4, 6, 4, 5, 5, 7, 7, 2, 3, 5, 5, 6, 2, 10, 3, 4, 6, 8, 6, 5, 3, 10, 3, 8, 1, 4, 10, 4, 3, 9, 10, 1]
(1.369625794812935, 0.7212987196717829, 1.3407746032624446, 0.5802944203320055, 1.3272856839745257, 1.0, 1.3341384436934203, 0.0, 1.3054162865131147, 0.0)
[3, 10, 3, 8, 4, 9, 3, 6, 8, 8, 2, 3, 1, 8, 1, 2, 9, 3, 5, 4, 5, 8, 4, 8, 3, 1, 3, 9, 1, 6, 5, 7, 6, 9, 7, 7, 8, 6, 10, 8, 10, 1, 4, 6, 4, 5, 5, 7, 7, 7, 3, 5, 8, 6, 2, 10, 3, 5, 8, 8, 5, 5, 3, 10, 3, 8, 1, 1, 10, 4, 3, 9, 9, 1]
(1.3716313949971366, 0.7212987196717829, 1.3396020853518449, 0.5802944203320055, 1.329038143828413, 1.0, 1.33516742616882, 0.0, 1.306267317980431, 0.0)
[3, 10, 3, 8, 3, 9, 3, 6, 8, 8, 2, 1, 1, 8, 1, 2, 9, 3, 5, 4, 5, 8, 4, 8, 2, 10, 3, 9, 1, 7, 5, 7, 6, 9, 7, 7, 6, 8, 10, 8, 10, 1, 4, 6, 4, 5, 5, 7, 9, 7, 3, 5, 8, 6, 2, 10, 3, 5, 8, 8, 6, 5, 3, 10, 3, 8, 1, 1, 10, 4, 3, 9, 9, 1]
(1.384908195584909, 0.7212987196717829, 1.337639448195597, 0.5802944203320055, 1.3434692735223968, 1.0, 1.3401207619904476, 0.0, 1.280131793171072, 0.0)
[3, 6, 5, 8, 4, 4, 3, 8, 8, 8, 2, 3, 1, 8, 1, 2, 9, 3, 5, 4, 5, 8, 4, 8, 3, 10, 3, 9, 1, 7, 5, 7, 6, 9, 10, 7, 8, 8, 10, 8, 10, 1, 4, 6, 4, 5, 5, 7, 9, 7, 3, 5, 8, 6, 2, 10, 3, 4, 8, 8, 6, 5, 3, 10, 3, 8, 1, 1, 10, 4, 3, 9, 9, 1]
(1.3819365798680943, 0.7212987196717829, 1.3365023534743992, 0.5802944203320055, 1.3432231201975542, 1.0, 1.336509047523042, 0.0, 1.3006276798247325, 0.0)
[3, 10, 3, 8, 3, 6, 3, 6, 5, 8, 9, 3, 1, 8, 1, 2, 9, 3, 5, 4, 5, 8, 4, 8, 3, 10, 3, 9, 1, 7, 5, 7, 6, 9, 7, 6, 8, 8, 10, 8, 10, 1, 4, 6, 4, 6, 5, 7, 9, 2, 3, 5, 5, 6, 2, 10, 3, 4, 8, 8, 6, 5, 3, 10, 3, 8, 1, 4, 10, 4, 3, 9, 10, 1]
(1.3903710757194903, 0.7212987196717829, 1.3344587495177, 0.5802944203320055, 1.3380311318485938, 1.0, 1.3446288277207812, 0.0, 1.304450669139527, 0.0)
[3, 10, 3, 8, 4, 9, 3, 6, 5, 8, 6, 10, 1, 8, 1, 2, 9, 3, 5, 4, 5, 8, 4, 8, 3, 1, 3, 9, 1, 7, 5, 7, 6, 9, 7, 7, 8, 8, 10, 8, 10, 1, 4, 6, 4, 5, 5, 7, 9, 7, 3, 5, 8, 6, 2, 10, 3, 4, 8, 8, 6, 5, 3, 10, 3, 8, 1, 4, 10, 4, 3, 9, 10, 1]
(1.3867870776354243, 0.7212987196717829, 1.3338246559350697, 0.5802944203320055, 1.3364306855200736, 1.0, 1.3399568697809179, 0.0, 1.292904774844551, 0.0)
[3, 6, 5, 8, 4, 4, 3, 6, 3, 8, 6, 2, 1, 8, 1, 2, 3, 3, 5, 10, 6, 8, 4, 8, 3, 1, 3, 9, 1, 7, 5, 7, 6, 9, 7, 6, 8, 8, 7, 8, 10, 1, 4, 6, 4, 5, 5, 7, 9, 6, 3, 5, 10, 6, 2, 10, 3, 6, 7, 8, 6, 5, 3, 10, 3, 8, 1, 4, 10, 4, 3, 9, 10, 1]
(1.390936405062572, 0.7212987196717829, 1.3363764282314978, 0.5802944203320055, 1.3384965442865098, 1.0, 1.332850873321196, 0.0, 1.32583429656913, 0.0)
[3, 10, 3, 8, 4, 9, 3, 8, 8, 8, 2, 3, 1, 8, 1, 2, 7, 3, 5, 4, 5, 8, 4, 8, 3, 1, 3, 9, 1, 7, 5, 7, 6, 9, 3, 7, 8, 8, 10, 8, 10, 1, 4, 6, 4, 5, 5, 7, 9, 7, 3, 5, 7, 6, 2, 10, 3, 5, 8, 8, 6, 5, 5, 10, 3, 8, 1, 1, 10, 4, 3, 9, 9, 1]
(1.3889230896531493, 0.7212987196717829, 1.3352841042726251, 0.5802944203320055, 1.3387193503974877, 1.0, 1.3350880293547118, 0.0, 1.2901256313174003, 0.0)
[3, 6, 5, 8, 4, 4, 3, 8, 8, 8, 6, 10, 1, 6, 1, 2, 9, 3, 5, 4, 5, 8, 3, 8, 3, 1, 3, 9, 1, 7, 5, 10, 6, 9, 10, 7, 8, 8, 10, 8, 10, 1, 4, 6, 4, 3, 5, 7, 9, 7, 3, 5, 8, 6, 2, 10, 3, 4, 8, 8, 6, 5, 3, 10, 3, 8, 1, 1, 10, 4, 3, 9, 9, 1]
(1.3899385061113982, 0.7212987196717829, 1.3367116179316252, 0.5802944203320055, 1.341853497549792, 1.0, 1.3381280686705312, 0.0, 1.2727838578074226, 0.0)
[3, 6, 5, 8, 4, 4, 3, 6, 3, 8, 6, 2, 1, 8, 1, 2, 3, 3, 5, 10, 6, 8, 4, 8, 3, 1, 3, 9, 1, 7, 5, 7, 6, 9, 7, 6, 8, 8, 7, 8, 10, 1, 4, 6, 4, 5, 5, 7, 9, 6, 3, 5, 10, 6, 2, 10, 3, 6, 7, 8, 6, 5, 3, 10, 3, 8, 1, 4, 10, 4, 3, 9, 10, 1]
(1.390936405062572, 0.7212987196717829, 1.3363764282314978, 0.5802944203320055, 1.3384965442865098, 1.0, 1.332850873321196, 0.0, 1.32583429656913, 0.0)
[3, 6, 5, 8, 4, 4, 3, 6, 3, 8, 6, 2, 1, 8, 1, 2, 10, 3, 5, 4, 6, 8, 4, 8, 3, 1, 3, 9, 1, 7, 5, 7, 6, 9, 7, 7, 8, 8, 10, 8, 10, 1, 4, 6, 4, 5, 5, 7, 9, 7, 3, 5, 8, 6, 2, 10, 3, 4, 7, 8, 6, 5, 3, 10, 3, 8, 1, 4, 10, 4, 3, 9, 10, 1]
(1.3865059569477, 0.7212987196717829, 1.3395872934906683, 0.5802944203320055, 1.336084062755009, 1.0, 1.3362122856079541, 0.0, 1.2941739843039748, 0.0)
[3, 10, 3, 8, 4, 9, 3, 6, 5, 8, 6, 10, 1, 8, 1, 2, 9, 3, 5, 4, 5, 8, 4, 8, 3, 1, 3, 9, 1, 7, 5, 7, 6, 9, 7, 6, 8, 8, 10, 8, 10, 1, 4, 6, 4, 5, 5, 7, 9, 7, 3, 5, 3, 6, 2, 10, 3, 4, 8, 8, 6, 5, 3, 10, 3, 8, 1, 1, 10, 4, 3, 9, 10, 1]
(1.3845824237166808, 0.7212987196717829, 1.3315673775969952, 0.5802944203320055, 1.3402367375790087, 1.0, 1.3395941587536537, 0.0, 1.2897869668900002, 0.0)
[3, 10, 3, 8, 4, 9, 3, 6, 8, 8, 2, 3, 1, 8, 1, 2, 9, 3, 5, 4, 5, 8, 4, 8, 3, 1, 3, 9, 1, 7, 5, 7, 6, 9, 7, 7, 8, 6, 10, 8, 10, 1, 4, 6, 4, 5, 5, 7, 7, 7, 3, 5, 8, 6, 2, 10, 3, 5, 8, 8, 6, 5, 3, 10, 3, 8, 1, 1, 10, 4, 3, 9, 9, 1]
(1.3701704125105314, 0.7212987196717829, 1.3441181997953846, 0.5802944203320055, 1.3288925874977322, 1.0, 1.3353433457015957, 0.0, 1.2975748482345575, 0.0)
[3, 10, 3, 8, 4, 9, 3, 6, 8, 8, 2, 3, 1, 8, 1, 2, 9, 3, 5, 4, 5, 8, 4, 8, 3, 10, 3, 9, 1, 7, 5, 7, 6, 9, 7, 7, 8, 6, 10, 8, 10, 1, 4, 6, 4, 5, 5, 7, 7, 7, 3, 5, 8, 6, 2, 10, 3, 5, 8, 8, 6, 5, 3, 10, 3, 8, 1, 1, 10, 4, 3, 9, 9, 1]
(1.3701704125105314, 0.7212987196717829, 1.3441181997953846, 0.5802944203320055, 1.3288925874977322, 1.0, 1.3353433457015957, 0.0, 1.3076941239832864, 0.0)
[3, 10, 3, 8, 4, 9, 3, 8, 8, 8, 2, 3, 1, 8, 1, 2, 7, 3, 5, 4, 5, 8, 4, 8, 3, 1, 3, 9, 1, 7, 5, 7, 6, 9, 3, 7, 8, 8, 10, 8, 10, 1, 4, 6, 4, 5, 5, 7, 9, 7, 3, 5, 7, 6, 2, 10, 3, 5, 8, 8, 6, 5, 5, 10, 3, 8, 1, 1, 10, 4, 3, 9, 9, 1]
(1.3889230896531493, 0.7212987196717829, 1.3352841042726251, 0.5802944203320055, 1.3387193503974877, 1.0, 1.3350880293547118, 0.0, 1.2901256313174003, 0.0)
[3, 10, 3, 8, 3, 9, 3, 6, 8, 8, 2, 1, 1, 8, 1, 2, 9, 3, 5, 4, 5, 8, 4, 8, 2, 10, 3, 9, 1, 7, 5, 7, 6, 9, 7, 7, 6, 8, 10, 8, 10, 1, 4, 6, 4, 5, 5, 7, 9, 7, 3, 5, 8, 6, 2, 10, 3, 5, 8, 8, 6, 5, 3, 10, 3, 8, 1, 1, 10, 4, 3, 9, 9, 1]
(1.384908195584909, 0.7212987196717829, 1.337639448195597, 0.5802944203320055, 1.3434692735223968, 1.0, 1.3401207619904476, 0.0, 1.280131793171072, 0.0)
[3, 6, 5, 8, 4, 4, 3, 8, 8, 8, 2, 3, 1, 8, 1, 2, 9, 3, 5, 4, 5, 8, 4, 8, 3, 10, 3, 9, 1, 7, 5, 7, 6, 9, 10, 7, 8, 8, 10, 8, 10, 1, 4, 6, 4, 5, 5, 7, 9, 7, 3, 5, 8, 6, 2, 10, 3, 4, 8, 8, 6, 5, 3, 10, 3, 8, 1, 1, 10, 4, 3, 9, 9, 1]
(1.3819365798680943, 0.7212987196717829, 1.3365023534743992, 0.5802944203320055, 1.3432231201975542, 1.0, 1.336509047523042, 0.0, 1.3006276798247325, 0.0)
[3, 10, 3, 8, 3, 6, 3, 6, 5, 8, 9, 3, 1, 8, 1, 2, 9, 3, 5, 4, 5, 8, 4, 8, 3, 10, 3, 9, 1, 7, 5, 7, 6, 9, 7, 6, 8, 8, 10, 8, 10, 1, 4, 6, 4, 6, 5, 7, 9, 2, 3, 5, 5, 6, 2, 10, 3, 4, 8, 8, 6, 5, 3, 10, 3, 8, 1, 4, 10, 4, 3, 9, 10, 1]
(1.3903710757194903, 0.7212987196717829, 1.3344587495177, 0.5802944203320055, 1.3380311318485938, 1.0, 1.3446288277207812, 0.0, 1.304450669139527, 0.0)
[3, 10, 3, 8, 4, 6, 3, 8, 8, 8, 2, 3, 1, 8, 1, 2, 9, 3, 5, 4, 5, 8, 4, 8, 3, 6, 3, 9, 1, 7, 5, 7, 6, 9, 10, 7, 8, 8, 10, 8, 10, 3, 4, 6, 4, 5, 5, 7, 7, 2, 3, 5, 5, 6, 2, 10, 3, 4, 6, 8, 6, 5, 3, 10, 3, 8, 1, 4, 10, 4, 3, 9, 10, 1]
(1.369625794812935, 0.7212987196717829, 1.3407746032624446, 0.5802944203320055, 1.3272856839745257, 1.0, 1.3341384436934203, 0.0, 1.3054162865131147, 0.0)
[3, 6, 6, 8, 4, 4, 4, 8, 8, 8, 2, 2, 1, 8, 1, 2, 3, 3, 5, 4, 5, 8, 4, 8, 3, 1, 3, 9, 10, 5, 5, 7, 6, 9, 7, 6, 8, 8, 9, 8, 10, 1, 2, 6, 4, 8, 5, 7, 9, 7, 3, 5, 6, 9, 7, 10, 3, 2, 8, 8, 3, 5, 3, 10, 3, 8, 1, 4, 10, 4, 3, 9, 10, 1]
(1.3796927718072098, 0.7212987196717829, 1.3318422400205343, 0.5802944203320055, 1.3258150645344475, 1.0, 1.3538943611084413, 0.0, 1.3383690151571195, 0.8980724593803633)
[3, 10, 3, 8, 4, 9, 3, 6, 8, 8, 2, 3, 1, 8, 1, 2, 9, 3, 5, 4, 5, 8, 4, 8, 3, 10, 3, 9, 1, 7, 5, 7, 6, 9, 7, 7, 8, 8, 10, 8, 10, 1, 4, 6, 4, 5, 5, 9, 7, 7, 3, 5, 8, 6, 2, 10, 3, 5, 8, 8, 6, 5, 3, 10, 3, 8, 1, 1, 10, 4, 3, 9, 9, 1]
(1.3709984227268863, 0.7212987196717829, 1.342656629606982, 0.5802944203320055, 1.3327399727701157, 1.0, 1.3344055512546509, 0.0, 1.2989660821854125, 0.8980724593803633)
[3, 6, 6, 8, 4, 4, 4, 8, 8, 8, 2, 1, 1, 8, 1, 2, 9, 9, 5, 4, 5, 8, 4, 8, 3, 1, 3, 9, 10, 7, 5, 1, 6, 9, 7, 7, 8, 4, 9, 10, 10, 1, 4, 6, 4, 5, 5, 7, 9, 7, 3, 5, 8, 5, 2, 10, 3, 4, 8, 8, 1, 5, 3, 10, 3, 8, 1, 4, 10, 4, 3, 9, 10, 1]
(1.3835697408019465, 0.7212987196717829, 1.335242960601946, 0.5802944203320055, 1.3358385749160255, 1.0, 1.3432235745339594, 0.0, 1.3110293772070616, 0.8980724593803633)
[3, 10, 3, 8, 4, 9, 3, 6, 8, 8, 2, 3, 1, 8, 1, 2, 9, 3, 5, 4, 5, 8, 4, 8, 3, 10, 3, 9, 1, 7, 5, 7, 6, 9, 7, 7, 8, 8, 10, 8, 10, 1, 4, 6, 4, 5, 5, 9, 7, 7, 3, 5, 8, 6, 2, 10, 3, 5, 8, 8, 6, 5, 3, 10, 3, 8, 1, 1, 10, 4, 3, 9, 9, 1]
(1.3709984227268863, 0.7212987196717829, 1.342656629606982, 0.5802944203320055, 1.3327399727701157, 1.0, 1.3344055512546509, 0.0, 1.2989660821854125, 0.8980724593803633)
[3, 6, 6, 8, 4, 4, 4, 8, 8, 8, 2, 2, 1, 8, 1, 2, 3, 3, 5, 4, 5, 8, 4, 8, 3, 1, 3, 9, 10, 5, 5, 7, 6, 9, 7, 6, 8, 8, 9, 8, 10, 1, 2, 6, 4, 8, 5, 7, 9, 7, 3, 5, 6, 9, 7, 10, 3, 2, 8, 8, 3, 5, 3, 10, 3, 8, 1, 4, 10, 4, 3, 9, 10, 1]
(1.3796927718072098, 0.7212987196717829, 1.3318422400205343, 0.5802944203320055, 1.3258150645344475, 1.0, 1.3538943611084413, 0.0, 1.3383690151571195, 0.8980724593803633)
[3, 6, 6, 8, 4, 4, 4, 8, 8, 8, 2, 1, 1, 8, 1, 2, 9, 9, 5, 4, 5, 8, 4, 8, 3, 1, 3, 9, 10, 7, 5, 1, 6, 9, 7, 7, 8, 4, 9, 10, 10, 1, 4, 6, 4, 5, 5, 7, 9, 7, 3, 5, 8, 5, 2, 10, 3, 4, 8, 8, 1, 5, 3, 10, 3, 8, 1, 4, 10, 4, 3, 9, 10, 1]
(1.3835697408019465, 0.7212987196717829, 1.335242960601946, 0.5802944203320055, 1.3358385749160255, 1.0, 1.3432235745339594, 0.0, 1.3110293772070616, 0.8980724593803633)
[3, 6, 6, 8, 4, 4, 4, 8, 8, 8, 2, 1, 1, 8, 1, 2, 9, 9, 5, 4, 5, 8, 4, 8, 3, 1, 3, 9, 10, 7, 5, 1, 6, 9, 7, 7, 8, 4, 9, 10, 10, 1, 4, 6, 4, 5, 5, 7, 9, 7, 3, 5, 8, 5, 2, 10, 3, 4, 8, 8, 1, 5, 3, 10, 3, 8, 1, 4, 10, 4, 3, 9, 10, 1]
(1.3835697408019465, 0.7212987196717829, 1.335242960601946, 0.5802944203320055, 1.3358385749160255, 1.0, 1.3432235745339594, 0.0, 1.3110293772070616, 0.8980724593803633)
[3, 6, 6, 8, 4, 4, 4, 8, 8, 8, 2, 1, 1, 8, 1, 2, 9, 9, 5, 4, 5, 8, 4, 8, 3, 1, 3, 9, 10, 7, 5, 1, 6, 9, 7, 7, 8, 4, 9, 10, 10, 1, 4, 6, 4, 5, 5, 7, 9, 7, 3, 5, 8, 5, 2, 10, 3, 4, 8, 8, 1, 5, 3, 10, 3, 8, 1, 4, 10, 4, 3, 9, 10, 1]
(1.3835697408019465, 0.7212987196717829, 1.335242960601946, 0.5802944203320055, 1.3358385749160255, 1.0, 1.3432235745339594, 0.0, 1.3110293772070616, 0.8980724593803633)
[3, 6, 6, 8, 4, 4, 4, 8, 8, 8, 2, 1, 1, 8, 1, 2, 9, 9, 5, 4, 5, 8, 4, 8, 3, 1, 3, 9, 10, 7, 5, 1, 6, 9, 7, 7, 8, 4, 9, 10, 10, 1, 4, 6, 4, 5, 5, 7, 9, 7, 3, 5, 8, 5, 2, 10, 3, 4, 8, 8, 1, 5, 3, 10, 3, 8, 1, 4, 10, 4, 3, 9, 10, 1]
(1.3835697408019465, 0.7212987196717829, 1.335242960601946, 0.5802944203320055, 1.3358385749160255, 1.0, 1.3432235745339594, 0.0, 1.3110293772070616, 0.8980724593803633)
[3, 6, 6, 8, 4, 4, 4, 8, 8, 8, 2, 2, 1, 8, 1, 2, 9, 9, 5, 4, 5, 8, 4, 8, 3, 1, 3, 9, 10, 7, 5, 1, 6, 9, 7, 6, 8, 4, 9, 8, 10, 1, 4, 6, 4, 5, 5, 7, 9, 7, 3, 5, 8, 5, 2, 10, 3, 4, 8, 8, 1, 5, 3, 10, 3, 8, 1, 4, 10, 4, 3, 9, 10, 1]
(1.3848529743402156, 0.7212987196717829, 1.3335669273137059, 0.5802944203320055, 1.3389290465413533, 1.0, 1.3402832185476026, 0.0, 1.3305320837347692, 0.8980724593803633)
[3, 6, 6, 8, 4, 4, 4, 8, 8, 8, 2, 2, 1, 8, 1, 2, 3, 3, 5, 4, 5, 8, 4, 8, 3, 1, 3, 9, 10, 5, 5, 7, 6, 9, 7, 6, 8, 8, 9, 8, 10, 1, 2, 6, 4, 8, 5, 7, 9, 7, 3, 5, 6, 9, 7, 10, 3, 2, 8, 8, 3, 5, 3, 10, 3, 8, 1, 4, 10, 4, 3, 9, 10, 1]
(1.3796927718072098, 0.7212987196717829, 1.3318422400205343, 0.5802944203320055, 1.3258150645344475, 1.0, 1.3538943611084413, 0.0, 1.3383690151571195, 0.8980724593803633)
[3, 6, 6, 8, 4, 4, 4, 8, 8, 8, 2, 2, 1, 8, 1, 2, 3, 3, 5, 4, 5, 8, 4, 8, 3, 1, 3, 9, 10, 5, 5, 7, 6, 9, 7, 6, 8, 8, 9, 8, 10, 1, 2, 6, 4, 8, 5, 7, 9, 7, 3, 5, 6, 9, 7, 10, 3, 2, 8, 8, 3, 5, 3, 10, 3, 8, 1, 4, 10, 4, 3, 9, 10, 1]
(1.3796927718072098, 0.7212987196717829, 1.3318422400205343, 0.5802944203320055, 1.3258150645344475, 1.0, 1.3538943611084413, 0.0, 1.3383690151571195, 0.8980724593803633)
[3, 10, 3, 8, 4, 9, 3, 6, 8, 8, 2, 3, 1, 8, 1, 2, 9, 3, 5, 4, 5, 8, 4, 8, 3, 10, 3, 9, 1, 7, 5, 7, 6, 9, 7, 7, 8, 8, 10, 8, 10, 1, 4, 6, 4, 5, 5, 9, 7, 7, 3, 5, 8, 6, 2, 10, 3, 5, 8, 8, 6, 5, 3, 10, 3, 8, 1, 1, 10, 4, 3, 9, 9, 1]
(1.3709984227268863, 0.7212987196717829, 1.342656629606982, 0.5802944203320055, 1.3327399727701157, 1.0, 1.3344055512546509, 0.0, 1.2989660821854125, 0.8980724593803633)
[3, 10, 3, 8, 4, 9, 3, 6, 8, 8, 2, 3, 1, 8, 1, 2, 9, 3, 5, 4, 5, 8, 4, 8, 3, 10, 3, 9, 1, 7, 5, 7, 6, 9, 7, 7, 8, 8, 10, 8, 10, 1, 4, 6, 4, 5, 5, 9, 7, 7, 3, 5, 8, 6, 2, 10, 3, 5, 8, 8, 6, 5, 3, 10, 3, 8, 1, 1, 10, 4, 3, 9, 9, 1]
(1.3709984227268863, 0.7212987196717829, 1.342656629606982, 0.5802944203320055, 1.3327399727701157, 1.0, 1.3344055512546509, 0.0, 1.2989660821854125, 0.8980724593803633)
[3, 6, 6, 8, 4, 4, 4, 8, 8, 8, 2, 2, 1, 8, 1, 2, 3, 3, 5, 4, 5, 8, 4, 8, 3, 1, 3, 9, 10, 5, 5, 7, 6, 9, 7, 6, 8, 8, 9, 8, 10, 1, 2, 6, 4, 8, 5, 7, 9, 7, 3, 5, 6, 9, 7, 10, 3, 2, 8, 8, 3, 5, 3, 10, 3, 8, 1, 4, 10, 4, 3, 9, 10, 1]
(1.3796927718072098, 0.7212987196717829, 1.3318422400205343, 0.5802944203320055, 1.3258150645344475, 1.0, 1.3538943611084413, 0.0, 1.3383690151571195, 0.8980724593803633)
[3, 6, 6, 8, 4, 4, 4, 8, 8, 8, 2, 1, 1, 8, 1, 2, 9, 9, 5, 4, 5, 8, 4, 8, 3, 1, 3, 9, 10, 7, 5, 1, 6, 9, 7, 7, 8, 4, 9, 10, 10, 1, 4, 6, 4, 5, 5, 7, 9, 7, 3, 5, 8, 5, 2, 10, 3, 4, 8, 8, 1, 5, 3, 10, 3, 8, 1, 4, 10, 4, 3, 9, 10, 1]
(1.3835697408019465, 0.7212987196717829, 1.335242960601946, 0.5802944203320055, 1.3358385749160255, 1.0, 1.3432235745339594, 0.0, 1.3110293772070616, 0.8980724593803633)
[3, 10, 3, 8, 8, 9, 3, 8, 8, 8, 2, 3, 1, 8, 1, 2, 7, 3, 5, 4, 5, 8, 4, 8, 3, 1, 3, 9, 9, 8, 5, 7, 6, 7, 7, 6, 8, 10, 10, 8, 10, 1, 4, 6, 4, 5, 5, 7, 9, 6, 3, 5, 7, 6, 2, 10, 3, 5, 8, 8, 6, 5, 3, 10, 3, 8, 1, 1, 10, 4, 3, 9, 9, 1]
(1.3619704304634517, 0.7212987196717829, 1.3395339518039453, 0.9543748620207536, 1.3270416620372754, 1.0, 1.3235086712240198, 0.0, 1.384885140657324, 0.7929723468084472)
[3, 10, 3, 8, 8, 9, 3, 8, 8, 8, 2, 3, 1, 8, 1, 2, 7, 3, 5, 4, 5, 8, 4, 8, 3, 1, 3, 9, 9, 8, 5, 7, 6, 7, 7, 6, 8, 10, 10, 8, 10, 1, 4, 6, 4, 5, 5, 7, 9, 6, 3, 5, 7, 6, 2, 10, 3, 5, 8, 8, 6, 5, 3, 10, 3, 8, 1, 1, 10, 4, 3, 9, 9, 1]
(1.3619704304634517, 0.7212987196717829, 1.3395339518039453, 0.9543748620207536, 1.3270416620372754, 1.0, 1.3235086712240198, 0.0, 1.384885140657324, 0.7929723468084472)
[3, 6, 5, 8, 1, 4, 3, 8, 8, 8, 2, 2, 1, 8, 1, 2, 3, 3, 5, 4, 5, 8, 4, 8, 3, 1, 3, 9, 10, 5, 5, 7, 6, 9, 7, 6, 8, 8, 9, 8, 10, 1, 4, 6, 4, 5, 5, 7, 9, 7, 3, 5, 8, 5, 2, 10, 3, 4, 8, 8, 1, 5, 3, 10, 3, 8, 1, 4, 10, 4, 3, 9, 7, 1]
(1.3768675948678422, 0.7212987196717829, 1.3379840834437813, 0.9543748620207536, 1.3465658494829136, 1.0, 1.3350116312502827, 0.0, 1.3317730706184105, 0.8980724593803633)
[3, 6, 5, 8, 1, 4, 3, 8, 8, 8, 2, 2, 1, 8, 1, 2, 3, 3, 5, 4, 5, 8, 4, 8, 3, 1, 3, 9, 10, 5, 5, 7, 6, 9, 7, 6, 8, 8, 9, 8, 10, 1, 4, 6, 4, 5, 5, 7, 9, 7, 3, 5, 8, 5, 2, 10, 3, 4, 8, 8, 1, 5, 3, 10, 3, 8, 1, 4, 10, 4, 3, 9, 7, 1]
(1.3768675948678422, 0.7212987196717829, 1.3379840834437813, 0.9543748620207536, 1.3465658494829136, 1.0, 1.3350116312502827, 0.0, 1.3317730706184105, 0.8980724593803633)
[4, 9, 5, 8, 1, 9, 3, 8, 5, 8, 6, 10, 1, 8, 1, 2, 9, 3, 5, 4, 5, 8, 4, 8, 3, 1, 9, 9, 1, 7, 5, 7, 6, 9, 7, 6, 8, 8, 9, 8, 10, 1, 4, 6, 4, 9, 2, 7, 9, 7, 3, 5, 3, 6, 2, 10, 10, 4, 8, 8, 5, 5, 3, 10, 5, 8, 1, 1, 10, 4, 4, 9, 7, 1]
(1.371028529554504, 0.7212987196717829, 1.3799860306828189, 0.9543748620207536, 1.3353077085315197, 1.0, 1.3491826470940307, 0.0, 1.3551403582095094, 0.8980724593803633)
[3, 6, 3, 8, 1, 4, 3, 8, 8, 8, 2, 2, 4, 8, 1, 2, 3, 6, 5, 4, 5, 8, 4, 8, 3, 1, 2, 9, 10, 5, 5, 7, 6, 9, 7, 6, 8, 8, 9, 8, 10, 1, 2, 6, 4, 5, 5, 7, 9, 7, 3, 5, 6, 6, 7, 10, 3, 8, 8, 8, 3, 5, 3, 10, 3, 8, 1, 8, 10, 4, 3, 9, 7, 1]
(1.3622955834864554, 0.7212987196717829, 1.3539938940851877, 0.9543748620207536, 1.341236615255376, 1.0, 1.3324630482493849, 0.0, 1.3115735867618554, 0.8980724593803633)
[3, 6, 6, 8, 4, 4, 3, 8, 8, 8, 6, 10, 1, 8, 1, 2, 9, 3, 5, 4, 5, 8, 4, 8, 3, 1, 6, 9, 10, 7, 5, 7, 6, 9, 7, 7, 8, 8, 10, 8, 10, 1, 2, 6, 4, 5, 5, 7, 9, 7, 3, 5, 3, 6, 7, 10, 3, 8, 8, 8, 3, 5, 3, 10, 3, 8, 1, 2, 10, 4, 3, 9, 7, 1]
(1.3844528483598395, 0.7212987196717829, 1.3465312558411553, 0.9543748620207536, 1.349978378191491, 1.0, 1.33687610089769, 0.0, 1.282501981705333, 0.8980724593803633)
[4, 6, 5, 8, 1, 4, 3, 8, 8, 8, 2, 2, 1, 8, 1, 2, 9, 3, 5, 4, 6, 8, 4, 8, 3, 7, 3, 9, 1, 7, 5, 7, 6, 9, 7, 6, 8, 8, 10, 8, 10, 8, 4, 6, 4, 5, 5, 2, 9, 7, 3, 5, 8, 5, 2, 10, 3, 4, 8, 8, 1, 5, 3, 10, 3, 8, 1, 4, 10, 4, 3, 9, 7, 1]
(1.3848749866335546, 0.7212987196717829, 1.3498727282135676, 0.5802944203320055, 1.3413402986525496, 1.0, 1.3309173879026386, 0.5150682242073228, 1.2789513223617326, 0.8980724593803633)
[3, 6, 5, 8, 4, 4, 3, 8, 8, 8, 2, 3, 1, 8, 1, 2, 9, 3, 5, 4, 5, 8, 4, 8, 3, 10, 3, 9, 1, 7, 5, 7, 6, 9, 10, 7, 8, 8, 10, 8, 10, 1, 4, 6, 4, 5, 5, 7, 9, 2, 3, 5, 5, 6, 2, 10, 3, 4, 8, 8, 6, 5, 3, 10, 3, 8, 1, 1, 10, 4, 3, 9, 9, 1]
(1.3776573131977488, 0.7212987196717829, 1.3398108191787208, 0.5802944203320055, 1.3420569756626088, 1.0, 1.3336931554972138, 0.5150682242073228, 1.3393508464842019, 0.8980724593803633)
[3, 10, 3, 8, 8, 9, 3, 8, 8, 8, 2, 3, 1, 8, 1, 2, 7, 3, 5, 4, 5, 8, 4, 8, 3, 1, 3, 9, 9, 8, 5, 7, 6, 9, 7, 6, 8, 10, 10, 8, 10, 1, 4, 6, 4, 5, 5, 7, 9, 6, 3, 5, 7, 6, 2, 10, 3, 5, 8, 8, 6, 5, 3, 10, 3, 8, 1, 1, 10, 4, 3, 9, 9, 1]
(1.3813687861709756, 0.7212987196717829, 1.3380224534123148, 0.5802944203320055, 1.342435155883332, 1.0, 1.3345990186928716, 0.5150682242073228, 1.3407037705182017, 0.8980724593803633)
[3, 10, 3, 8, 8, 9, 3, 8, 8, 8, 2, 3, 1, 8, 1, 2, 7, 3, 5, 4, 5, 8, 4, 8, 3, 1, 3, 9, 9, 8, 5, 7, 6, 9, 7, 6, 8, 10, 10, 8, 10, 1, 4, 6, 4, 5, 5, 7, 9, 6, 3, 5, 7, 6, 2, 10, 3, 5, 8, 8, 6, 5, 3, 10, 3, 8, 1, 1, 10, 4, 3, 9, 9, 1]
(1.3813687861709756, 0.7212987196717829, 1.3380224534123148, 0.5802944203320055, 1.342435155883332, 1.0, 1.3345990186928716, 0.5150682242073228, 1.3407037705182017, 0.8980724593803633)
[3, 10, 3, 8, 4, 9, 3, 6, 8, 8, 2, 3, 1, 8, 1, 2, 9, 3, 5, 4, 5, 8, 4, 8, 3, 1, 3, 9, 9, 8, 5, 7, 6, 9, 7, 6, 8, 8, 10, 8, 10, 1, 4, 10, 4, 5, 5, 7, 9, 7, 3, 5, 7, 6, 2, 10, 3, 5, 8, 10, 6, 5, 5, 10, 3, 8, 1, 1, 10, 4, 3, 9, 9, 1]
(1.3890002343057544, 0.7212987196717829, 1.3432067097722489, 0.5802944203320055, 1.3419374318419892, 1.0, 1.3379073978214466, 0.5150682242073228, 1.3133229442684895, 0.8980724593803633)
[4, 6, 5, 8, 1, 4, 3, 8, 8, 8, 2, 2, 1, 8, 1, 2, 9, 3, 5, 4, 6, 8, 4, 8, 3, 7, 3, 9, 1, 7, 5, 7, 6, 9, 7, 6, 8, 8, 10, 8, 10, 8, 4, 6, 4, 5, 5, 2, 9, 7, 3, 5, 8, 5, 2, 10, 3, 4, 8, 8, 1, 5, 3, 10, 3, 8, 1, 4, 10, 4, 3, 9, 7, 1]
(1.3848749866335546, 0.7212987196717829, 1.3498727282135676, 0.5802944203320055, 1.3413402986525496, 1.0, 1.3309173879026386, 0.5150682242073228, 1.2789513223617326, 0.8980724593803633)
[3, 6, 5, 8, 4, 4, 3, 8, 5, 8, 6, 10, 1, 8, 1, 2, 9, 3, 5, 4, 5, 8, 4, 8, 3, 1, 3, 9, 1, 7, 5, 7, 6, 9, 7, 6, 8, 8, 10, 8, 10, 1, 4, 6, 4, 5, 1, 7, 9, 7, 3, 5, 8, 6, 9, 10, 8, 4, 8, 6, 5, 6, 3, 10, 3, 8, 1, 4, 10, 4, 3, 9, 10, 1]
(1.3829924962668585, 0.7212987196717829, 1.3563545375316333, 0.5802944203320055, 1.374544264450567, 1.0, 1.3293757580219718, 0.6825809808768043, 1.297542744800353, 0.8980724593803633)
[3, 10, 3, 8, 4, 9, 3, 6, 8, 8, 2, 3, 1, 3, 1, 2, 9, 3, 5, 4, 5, 8, 4, 8, 3, 1, 3, 9, 9, 8, 5, 7, 6, 9, 7, 6, 8, 8, 10, 8, 10, 1, 5, 10, 4, 5, 2, 7, 9, 7, 3, 5, 3, 7, 2, 10, 10, 4, 8, 8, 6, 5, 3, 10, 3, 8, 1, 1, 10, 4, 3, 9, 9, 1]
(1.3817064471541807, 0.7212987196717829, 1.3507956183700753, 0.5802944203320055, 1.3694048420338807, 1.0, 1.3294551274179434, 0.6825809808768043, 1.3202053932099556, 0.8980724593803633)
[3, 10, 3, 8, 4, 9, 3, 6, 8, 8, 2, 3, 1, 3, 1, 2, 9, 3, 5, 4, 5, 8, 4, 8, 3, 1, 3, 9, 9, 8, 5, 7, 6, 9, 7, 6, 8, 8, 10, 8, 10, 1, 5, 10, 4, 5, 2, 7, 9, 7, 3, 5, 3, 7, 2, 10, 10, 4, 8, 8, 6, 5, 3, 10, 3, 8, 1, 1, 10, 4, 3, 9, 9, 1]
(1.3817064471541807, 0.7212987196717829, 1.3507956183700753, 0.5802944203320055, 1.3694048420338807, 1.0, 1.3294551274179434, 0.6825809808768043, 1.3202053932099556, 0.8980724593803633)
[3, 10, 3, 8, 4, 9, 3, 6, 8, 8, 2, 3, 1, 8, 1, 2, 9, 3, 5, 4, 5, 8, 4, 8, 3, 1, 3, 9, 9, 8, 5, 7, 6, 9, 7, 6, 8, 10, 10, 8, 10, 1, 4, 6, 4, 5, 5, 7, 9, 7, 3, 5, 8, 6, 2, 10, 1, 4, 8, 5, 6, 9, 8, 10, 3, 8, 1, 4, 10, 4, 3, 9, 10, 1]
(1.4007589815555948, 0.7212987196717829, 1.3489324714242414, 0.5802944203320055, 1.3729408774523906, 1.0, 1.3446703794597585, 0.6825809808768043, 1.2776332637666732, 0.8980724593803633)
[3, 6, 5, 8, 4, 4, 3, 8, 5, 8, 6, 10, 1, 8, 1, 2, 9, 3, 5, 4, 5, 8, 4, 8, 3, 1, 3, 9, 1, 7, 5, 7, 6, 9, 7, 6, 8, 8, 10, 8, 10, 1, 4, 6, 4, 5, 1, 7, 9, 7, 3, 5, 8, 6, 9, 10, 8, 4, 8, 6, 5, 6, 3, 10, 3, 8, 1, 4, 10, 4, 3, 9, 10, 1]
(1.3829924962668585, 0.7212987196717829, 1.3563545375316333, 0.5802944203320055, 1.374544264450567, 1.0, 1.3293757580219718, 0.6825809808768043, 1.297542744800353, 0.8980724593803633)
[3, 10, 3, 8, 4, 9, 3, 6, 8, 8, 2, 3, 1, 8, 1, 2, 9, 3, 5, 4, 5, 8, 4, 8, 3, 1, 3, 9, 9, 8, 5, 7, 6, 9, 7, 6, 8, 10, 10, 8, 10, 1, 4, 6, 4, 5, 5, 7, 9, 7, 3, 5, 8, 6, 2, 10, 1, 4, 8, 5, 6, 9, 8, 10, 3, 8, 1, 4, 10, 4, 3, 9, 10, 1]
(1.4007589815555948, 0.7212987196717829, 1.3489324714242414, 0.5802944203320055, 1.3729408774523906, 1.0, 1.3446703794597585, 0.6825809808768043, 1.2776332637666732, 0.8980724593803633)
[3, 10, 3, 8, 9, 9, 3, 8, 5, 8, 6, 10, 1, 8, 1, 2, 9, 3, 5, 4, 5, 8, 4, 8, 3, 1, 3, 9, 1, 7, 5, 7, 6, 9, 7, 6, 8, 8, 10, 8, 10, 8, 4, 2, 4, 3, 5, 10, 9, 7, 3, 5, 8, 5, 2, 10, 3, 4, 8, 8, 1, 5, 3, 10, 3, 8, 1, 4, 10, 4, 3, 9, 10, 1]
(1.3834234912692478, 0.7212987196717829, 1.3305394029616326, 0.5802944203320055, 1.3369504179059468, 1.0, 1.342306139096518, 0.6879507014553533, 1.3161744524537529, 0.8980724593803633)
[3, 10, 3, 8, 4, 4, 3, 8, 8, 8, 2, 3, 1, 8, 1, 2, 9, 3, 5, 4, 5, 8, 4, 8, 3, 1, 3, 9, 1, 7, 5, 7, 6, 9, 7, 6, 8, 8, 10, 8, 10, 1, 4, 6, 4, 5, 5, 7, 8, 7, 3, 5, 3, 6, 2, 10, 3, 4, 8, 6, 5, 6, 3, 10, 3, 8, 1, 4, 10, 4, 3, 9, 10, 1]
(1.3776119551806614, 0.7212987196717829, 1.339839492291113, 0.5802944203320055, 1.340795792415639, 1.0, 1.3410712217538558, 0.6879507014553533, 1.3019496142118203, 0.8980724593803633)
[3, 10, 3, 8, 9, 4, 3, 8, 8, 8, 2, 2, 1, 8, 1, 2, 9, 3, 5, 4, 5, 8, 4, 8, 3, 8, 3, 9, 1, 5, 5, 7, 6, 9, 7, 6, 8, 8, 10, 8, 10, 8, 4, 2, 4, 3, 5, 10, 9, 7, 3, 5, 8, 5, 2, 10, 3, 4, 8, 8, 1, 5, 3, 10, 3, 8, 1, 1, 10, 4, 3, 9, 10, 1]
(1.3798337773977687, 0.7212987196717829, 1.335345303863188, 0.5802944203320055, 1.3365983246265851, 1.0, 1.3448543050139143, 0.6879507014553533, 1.3215435252337682, 0.8980724593803633)
[3, 6, 5, 8, 4, 4, 3, 8, 5, 8, 5, 10, 1, 6, 1, 2, 9, 3, 5, 4, 5, 8, 4, 8, 3, 1, 3, 9, 1, 7, 5, 7, 6, 9, 7, 6, 8, 8, 10, 8, 10, 2, 7, 6, 5, 5, 5, 7, 9, 7, 3, 5, 8, 6, 2, 10, 2, 4, 8, 6, 5, 6, 3, 10, 3, 8, 1, 4, 10, 4, 3, 9, 10, 1]
(1.382696363478796, 0.7212987196717829, 1.3401125995068754, 0.5802944203320055, 1.343559929132362, 1.0, 1.3397387216239178, 0.6879507014553533, 1.3080815897135947, 0.8980724593803633)
[3, 6, 5, 8, 4, 4, 3, 8, 5, 8, 5, 10, 1, 6, 1, 2, 9, 3, 5, 4, 5, 8, 4, 8, 3, 1, 3, 9, 1, 7, 5, 7, 6, 9, 7, 6, 8, 8, 10, 8, 10, 6, 7, 6, 4, 5, 5, 7, 9, 7, 3, 5, 8, 6, 2, 10, 3, 4, 8, 6, 5, 6, 3, 10, 3, 8, 1, 4, 10, 4, 3, 9, 10, 1]
(1.3837892848997282, 0.7212987196717829, 1.3396069137751068, 0.5802944203320055, 1.3494000174104166, 1.0, 1.3385831455885373, 0.6879507014553533, 1.3048430264740212, 0.8980724593803633)
[3, 10, 3, 8, 9, 4, 3, 8, 8, 8, 2, 2, 1, 8, 1, 2, 9, 3, 5, 4, 5, 8, 4, 8, 3, 8, 3, 9, 1, 5, 5, 7, 6, 9, 7, 6, 8, 8, 10, 8, 10, 8, 4, 2, 4, 3, 5, 10, 9, 7, 3, 5, 8, 5, 2, 10, 3, 4, 8, 8, 1, 5, 3, 10, 3, 8, 1, 1, 10, 4, 3, 9, 10, 1]
(1.3798337773977687, 0.7212987196717829, 1.335345303863188, 0.5802944203320055, 1.3365983246265851, 1.0, 1.3448543050139143, 0.6879507014553533, 1.3215435252337682, 0.8980724593803633)
[3, 6, 5, 8, 4, 4, 3, 8, 5, 8, 5, 10, 1, 6, 1, 2, 9, 3, 5, 4, 5, 8, 4, 8, 3, 1, 3, 9, 1, 7, 5, 7, 6, 9, 7, 6, 8, 8, 10, 8, 10, 2, 7, 6, 5, 5, 5, 7, 9, 7, 3, 5, 8, 6, 2, 10, 2, 4, 8, 6, 5, 6, 3, 10, 3, 8, 1, 4, 10, 4, 3, 9, 10, 1]
(1.382696363478796, 0.7212987196717829, 1.3401125995068754, 0.5802944203320055, 1.343559929132362, 1.0, 1.3397387216239178, 0.6879507014553533, 1.3080815897135947, 0.8980724593803633)
[3, 10, 3, 8, 9, 9, 3, 8, 5, 8, 6, 10, 1, 8, 1, 2, 9, 3, 5, 4, 5, 8, 4, 8, 3, 1, 3, 9, 1, 7, 5, 7, 6, 9, 7, 6, 8, 8, 10, 8, 10, 8, 4, 2, 4, 3, 5, 10, 9, 7, 3, 5, 8, 5, 2, 10, 3, 4, 8, 8, 1, 5, 3, 10, 3, 8, 1, 4, 10, 4, 3, 9, 10, 1]
(1.3834234912692478, 0.7212987196717829, 1.3305394029616326, 0.5802944203320055, 1.3369504179059468, 1.0, 1.342306139096518, 0.6879507014553533, 1.3161744524537529, 0.8980724593803633)
[3, 10, 3, 8, 9, 4, 3, 8, 8, 8, 2, 2, 1, 8, 1, 2, 9, 3, 5, 4, 5, 8, 4, 8, 3, 8, 3, 9, 1, 5, 5, 7, 6, 9, 7, 6, 8, 8, 10, 8, 10, 8, 4, 2, 4, 3, 5, 10, 9, 7, 3, 5, 8, 5, 2, 10, 3, 4, 8, 8, 1, 5, 3, 10, 3, 8, 1, 1, 10, 4, 3, 9, 10, 1]
(1.3798337773977687, 0.7212987196717829, 1.335345303863188, 0.5802944203320055, 1.3365983246265851, 1.0, 1.3448543050139143, 0.6879507014553533, 1.3215435252337682, 0.8980724593803633)
[3, 6, 5, 8, 4, 4, 3, 8, 8, 8, 2, 3, 1, 8, 1, 2, 9, 3, 5, 4, 5, 8, 4, 8, 3, 1, 3, 9, 1, 7, 5, 7, 6, 9, 3, 7, 8, 8, 10, 8, 10, 1, 4, 6, 4, 5, 5, 7, 9, 7, 3, 5, 8, 6, 2, 10, 3, 4, 8, 8, 6, 5, 3, 10, 3, 7, 1, 4, 10, 4, 3, 9, 6, 1]
(1.3829717657714047, 0.7212987196717829, 1.346453749611874, 0.9543748620207536, 1.353979703187842, 1.0, 1.3299756835400074, 0.5150682242073228, 1.2788300434499056, 0.8980724593803633)
[3, 6, 5, 8, 4, 4, 3, 8, 8, 8, 6, 10, 1, 8, 1, 2, 9, 3, 5, 4, 5, 8, 4, 8, 3, 8, 3, 9, 1, 5, 5, 7, 6, 9, 7, 6, 8, 8, 10, 8, 10, 1, 4, 6, 4, 5, 5, 7, 9, 7, 3, 5, 8, 5, 2, 10, 3, 4, 8, 8, 1, 5, 3, 10, 3, 8, 1, 4, 10, 4, 3, 9, 7, 1]
(1.3782116190343068, 0.7212987196717829, 1.3391438743471111, 0.9543748620207536, 1.342858600392838, 1.0, 1.3354174336790052, 0.5150682242073228, 1.2966278759389174, 0.8980724593803633)
[3, 10, 3, 8, 4, 9, 3, 6, 5, 8, 6, 10, 1, 8, 1, 2, 9, 3, 5, 4, 5, 8, 4, 8, 2, 10, 3, 9, 1, 7, 5, 7, 6, 9, 4, 7, 8, 8, 10, 8, 10, 1, 4, 6, 4, 5, 5, 7, 9, 7, 3, 5, 8, 6, 6, 10, 3, 1, 8, 8, 6, 5, 3, 10, 3, 10, 1, 4, 10, 4, 3, 9, 8, 1]
(1.3874440791456846, 0.7212987196717829, 1.3429781667887166, 0.9543748620207536, 1.3448871941863494, 1.0, 1.3359182278065886, 0.5150682242073228, 1.2984056811778795, 0.8980724593803633)
[3, 6, 3, 8, 3, 9, 3, 6, 8, 8, 2, 3, 1, 8, 1, 2, 7, 3, 5, 4, 5, 8, 5, 8, 3, 10, 3, 9, 1, 7, 5, 7, 6, 9, 7, 7, 8, 6, 10, 8, 10, 1, 4, 6, 4, 5, 5, 7, 9, 7, 3, 5, 8, 6, 2, 10, 3, 4, 8, 8, 6, 5, 3, 10, 3, 8, 1, 4, 10, 4, 3, 9, 6, 1]
(1.3793235175310539, 0.7212987196717829, 1.347763165905972, 0.9543748620207536, 1.3546001546828934, 1.0, 1.3342220363764972, 0.5150682242073228, 1.2746401754765786, 0.8980724593803633)
[3, 6, 5, 8, 4, 4, 3, 8, 8, 8, 2, 3, 1, 8, 1, 2, 9, 3, 5, 4, 5, 8, 4, 8, 3, 1, 3, 9, 1, 7, 5, 7, 6, 9, 3, 7, 8, 8, 10, 8, 10, 1, 4, 6, 4, 5, 5, 7, 9, 7, 3, 5, 8, 6, 2, 10, 3, 4, 8, 8, 6, 5, 3, 10, 3, 7, 1, 4, 10, 4, 3, 9, 6, 1]
(1.3829717657714047, 0.7212987196717829, 1.346453749611874, 0.9543748620207536, 1.353979703187842, 1.0, 1.3299756835400074, 0.5150682242073228, 1.2788300434499056, 0.8980724593803633)
[4, 9, 5, 8, 1, 4, 3, 8, 8, 8, 2, 2, 1, 8, 1, 2, 9, 3, 5, 4, 5, 8, 4, 8, 3, 8, 3, 9, 1, 5, 5, 7, 6, 9, 7, 6, 8, 8, 9, 8, 10, 1, 4, 6, 4, 5, 2, 7, 9, 7, 3, 5, 3, 6, 2, 10, 10, 4, 8, 8, 5, 5, 3, 10, 5, 8, 1, 1, 10, 4, 4, 9, 7, 1]
(1.3676410250364717, 0.7212987196717829, 1.3856410053371353, 0.9543748620207536, 1.3606106575577444, 1.0, 1.3290739105640865, 0.5150682242073228, 1.2809906987844972, 0.8980724593803633)
[3, 6, 5, 8, 4, 4, 3, 8, 8, 8, 2, 3, 1, 8, 1, 2, 9, 3, 5, 4, 5, 8, 4, 8, 3, 1, 3, 9, 1, 7, 5, 7, 6, 9, 3, 7, 8, 8, 10, 8, 10, 1, 4, 6, 4, 5, 5, 7, 9, 7, 3, 5, 8, 6, 2, 10, 3, 4, 8, 8, 6, 5, 3, 10, 3, 7, 1, 4, 10, 4, 3, 9, 6, 1]
(1.3829717657714047, 0.7212987196717829, 1.346453749611874, 0.9543748620207536, 1.353979703187842, 1.0, 1.3299756835400074, 0.5150682242073228, 1.2788300434499056, 0.8980724593803633)
[3, 6, 3, 8, 1, 4, 3, 6, 8, 8, 2, 3, 1, 8, 1, 2, 7, 3, 5, 5, 5, 8, 5, 8, 3, 10, 3, 9, 1, 7, 5, 7, 6, 9, 7, 7, 8, 6, 10, 8, 10, 1, 4, 6, 4, 5, 5, 7, 9, 4, 3, 5, 8, 6, 2, 10, 3, 4, 10, 8, 6, 5, 3, 10, 3, 8, 1, 4, 10, 4, 3, 9, 7, 1]
(1.3802706497906605, 0.7212987196717829, 1.3401728044449293, 0.9543748620207536, 1.3479578539728116, 1.0, 1.3331837514041869, 0.5150682242073228, 1.2987115287034752, 0.8980724593803633)
[3, 6, 5, 8, 4, 4, 3, 8, 8, 8, 2, 3, 1, 8, 1, 2, 9, 3, 5, 4, 5, 8, 4, 8, 3, 1, 3, 9, 1, 7, 5, 7, 6, 9, 3, 7, 8, 8, 10, 8, 10, 1, 4, 6, 4, 5, 5, 7, 9, 7, 3, 5, 8, 6, 2, 10, 3, 4, 8, 8, 6, 5, 3, 10, 3, 7, 1, 4, 10, 4, 3, 9, 6, 1]
(1.3829717657714047, 0.7212987196717829, 1.346453749611874, 0.9543748620207536, 1.353979703187842, 1.0, 1.3299756835400074, 0.5150682242073228, 1.2788300434499056, 0.8980724593803633)
[3, 6, 5, 8, 4, 9, 3, 6, 8, 8, 2, 3, 1, 8, 1, 2, 9, 3, 5, 4, 5, 8, 4, 8, 3, 10, 3, 9, 1, 7, 5, 7, 6, 9, 3, 7, 8, 8, 10, 8, 10, 1, 4, 6, 4, 5, 5, 7, 7, 7, 3, 5, 8, 6, 2, 10, 3, 4, 8, 8, 6, 5, 3, 10, 3, 8, 1, 4, 10, 4, 3, 9, 6, 1]
(1.3742354056238104, 0.7212987196717829, 1.3441856784372526, 0.9543748620207536, 1.3366865807025636, 1.0, 1.3313202726094926, 0.5150682242073228, 1.2858253329246276, 0.8980724593803633)
[3, 6, 3, 8, 3, 9, 3, 6, 8, 8, 2, 3, 1, 8, 1, 2, 7, 3, 5, 4, 5, 8, 5, 8, 3, 10, 3, 9, 1, 7, 5, 7, 6, 9, 7, 7, 8, 6, 10, 8, 10, 1, 4, 6, 4, 5, 5, 7, 9, 7, 3, 5, 8, 6, 2, 10, 3, 4, 8, 8, 6, 5, 3, 10, 3, 8, 1, 4, 10, 4, 3, 9, 6, 1]
(1.3793235175310539, 0.7212987196717829, 1.347763165905972, 0.9543748620207536, 1.3546001546828934, 1.0, 1.3342220363764972, 0.5150682242073228, 1.2746401754765786, 0.8980724593803633)
[3, 6, 3, 8, 3, 9, 3, 6, 8, 8, 2, 3, 1, 8, 1, 2, 7, 3, 5, 4, 5, 8, 5, 8, 3, 10, 3, 9, 1, 7, 5, 7, 6, 9, 7, 7, 8, 6, 10, 8, 10, 1, 4, 6, 4, 5, 5, 7, 9, 7, 3, 5, 8, 6, 2, 10, 3, 4, 8, 8, 6, 5, 3, 10, 3, 8, 1, 4, 10, 4, 3, 9, 6, 1]
(1.3793235175310539, 0.7212987196717829, 1.347763165905972, 0.9543748620207536, 1.3546001546828934, 1.0, 1.3342220363764972, 0.5150682242073228, 1.2746401754765786, 0.8980724593803633)
[3, 6, 5, 8, 4, 9, 3, 6, 8, 8, 2, 3, 1, 8, 1, 2, 9, 3, 5, 4, 5, 8, 4, 8, 3, 10, 3, 9, 1, 7, 5, 7, 6, 9, 3, 7, 8, 8, 10, 8, 10, 1, 4, 6, 4, 5, 5, 7, 7, 7, 3, 5, 8, 6, 2, 10, 3, 4, 8, 8, 6, 5, 3, 10, 3, 8, 1, 4, 10, 4, 3, 9, 6, 1]
(1.3742354056238104, 0.7212987196717829, 1.3441856784372526, 0.9543748620207536, 1.3366865807025636, 1.0, 1.3313202726094926, 0.5150682242073228, 1.2858253329246276, 0.8980724593803633)
[3, 6, 3, 8, 3, 9, 3, 6, 8, 8, 2, 3, 1, 8, 1, 2, 7, 3, 5, 4, 5, 8, 5, 8, 3, 10, 3, 9, 1, 7, 5, 7, 6, 9, 7, 7, 8, 6, 10, 8, 10, 1, 4, 6, 4, 5, 5, 7, 9, 7, 3, 5, 8, 6, 2, 10, 3, 4, 8, 8, 6, 5, 3, 10, 3, 8, 1, 4, 10, 4, 3, 9, 6, 1]
(1.3793235175310539, 0.7212987196717829, 1.347763165905972, 0.9543748620207536, 1.3546001546828934, 1.0, 1.3342220363764972, 0.5150682242073228, 1.2746401754765786, 0.8980724593803633)
[3, 6, 3, 8, 3, 9, 3, 6, 8, 8, 2, 3, 1, 8, 1, 2, 7, 3, 5, 4, 5, 8, 5, 8, 3, 10, 3, 9, 1, 7, 5, 7, 6, 9, 7, 7, 8, 6, 10, 8, 10, 1, 4, 6, 4, 5, 5, 7, 9, 7, 3, 5, 8, 6, 2, 10, 3, 4, 8, 8, 6, 5, 3, 10, 3, 8, 1, 4, 10, 4, 3, 9, 6, 1]
(1.3793235175310539, 0.7212987196717829, 1.347763165905972, 0.9543748620207536, 1.3546001546828934, 1.0, 1.3342220363764972, 0.5150682242073228, 1.2746401754765786, 0.8980724593803633)
[3, 10, 3, 8, 4, 9, 1, 6, 8, 8, 8, 8, 1, 8, 1, 2, 7, 3, 2, 9, 5, 8, 1, 8, 3, 10, 3, 9, 1, 7, 5, 7, 6, 9, 3, 7, 8, 8, 10, 8, 10, 1, 5, 6, 4, 5, 5, 7, 9, 7, 3, 5, 8, 6, 2, 10, 3, 4, 8, 8, 6, 5, 3, 10, 3, 6, 1, 4, 10, 4, 3, 9, 6, 1]
(1.333577159941098, 0.7212987196717829, 1.3536276455967615, 0.9543748620207536, 1.3341185776888336, 1.0, 1.338327599167725, 0.5150682242073228, 1.2722676591574216, 0.8980724593803633)
[3, 6, 3, 8, 1, 4, 3, 6, 8, 8, 2, 3, 1, 8, 1, 2, 7, 3, 5, 5, 5, 8, 5, 8, 3, 10, 3, 9, 1, 7, 5, 7, 6, 9, 7, 7, 8, 6, 10, 8, 10, 1, 4, 6, 4, 5, 5, 7, 9, 4, 3, 5, 8, 6, 2, 10, 3, 4, 10, 8, 6, 5, 3, 10, 3, 8, 1, 4, 10, 4, 3, 9, 7, 1]
(1.3802706497906605, 0.7212987196717829, 1.3401728044449293, 0.9543748620207536, 1.3479578539728116, 1.0, 1.3331837514041869, 0.5150682242073228, 1.2987115287034752, 0.8980724593803633)
[3, 10, 3, 8, 4, 9, 1, 6, 3, 8, 2, 8, 3, 8, 1, 2, 7, 3, 2, 4, 5, 8, 1, 8, 3, 10, 3, 9, 1, 7, 5, 7, 6, 9, 7, 7, 8, 8, 10, 8, 10, 1, 4, 6, 4, 5, 5, 7, 9, 7, 3, 5, 8, 6, 2, 10, 3, 4, 8, 8, 6, 5, 3, 10, 3, 6, 1, 4, 10, 4, 3, 9, 6, 1]
(1.334832575246593, 0.7212987196717829, 1.351146027073164, 0.9543748620207536, 1.337849268987676, 1.0, 1.3402269389479362, 0.5150682242073228, 1.282421012669709, 0.8980724593803633)
[3, 10, 3, 8, 4, 9, 1, 6, 8, 8, 8, 8, 1, 8, 1, 2, 7, 3, 2, 9, 5, 8, 1, 8, 3, 10, 3, 9, 1, 7, 5, 7, 6, 9, 3, 7, 8, 8, 10, 8, 10, 1, 5, 6, 4, 5, 5, 7, 9, 7, 3, 5, 8, 6, 2, 10, 3, 4, 8, 8, 6, 5, 3, 10, 3, 6, 1, 4, 10, 4, 3, 9, 6, 1]
(1.333577159941098, 0.7212987196717829, 1.3536276455967615, 0.9543748620207536, 1.3341185776888336, 1.0, 1.338327599167725, 0.5150682242073228, 1.2722676591574216, 0.8980724593803633)
[3, 6, 5, 8, 4, 9, 3, 6, 8, 8, 2, 3, 1, 8, 1, 2, 9, 3, 5, 4, 5, 8, 1, 8, 3, 10, 3, 9, 1, 2, 5, 7, 6, 9, 7, 7, 8, 6, 10, 8, 10, 1, 4, 6, 4, 5, 5, 7, 7, 7, 3, 5, 8, 6, 2, 10, 3, 4, 8, 8, 6, 5, 3, 10, 3, 8, 1, 4, 10, 4, 3, 9, 6, 1]
(1.3694625601916488, 0.7212987196717829, 1.3433203528075415, 0.9543748620207536, 1.3399951728432384, 1.0, 1.331271185800335, 0.5150682242073228, 1.282561809122467, 0.8980724593803633)
[3, 6, 3, 8, 3, 9, 3, 6, 8, 8, 2, 3, 1, 8, 1, 2, 7, 3, 5, 4, 5, 8, 5, 8, 3, 10, 3, 9, 1, 7, 5, 7, 6, 9, 7, 7, 8, 6, 10, 8, 10, 1, 4, 6, 4, 5, 5, 7, 9, 7, 3, 5, 8, 6, 2, 10, 3, 4, 8, 8, 6, 5, 3, 10, 3, 8, 1, 4, 10, 4, 3, 9, 6, 1]
(1.3793235175310539, 0.7212987196717829, 1.347763165905972, 0.9543748620207536, 1.3546001546828934, 1.0, 1.3342220363764972, 0.5150682242073228, 1.2746401754765786, 0.8980724593803633)
[3, 10, 3, 8, 4, 9, 3, 6, 5, 8, 6, 10, 1, 8, 1, 2, 9, 3, 5, 4, 5, 8, 4, 8, 2, 10, 3, 9, 1, 7, 5, 7, 6, 9, 4, 7, 8, 8, 10, 8, 10, 1, 4, 6, 4, 5, 5, 7, 9, 7, 3, 5, 8, 6, 6, 10, 3, 1, 8, 8, 6, 5, 3, 10, 3, 10, 1, 4, 10, 4, 3, 9, 8, 1]
(1.3874440791456846, 0.7212987196717829, 1.3429781667887166, 0.9543748620207536, 1.3448871941863494, 1.0, 1.3359182278065886, 0.5150682242073228, 1.2984056811778795, 0.8980724593803633)
[3, 10, 3, 8, 4, 9, 1, 6, 3, 8, 2, 8, 3, 8, 1, 2, 7, 3, 2, 4, 5, 8, 1, 8, 3, 10, 3, 9, 1, 7, 5, 7, 6, 9, 7, 7, 8, 8, 10, 8, 10, 1, 4, 6, 4, 5, 5, 7, 9, 7, 3, 5, 8, 6, 2, 10, 3, 4, 8, 8, 6, 5, 3, 10, 3, 6, 1, 4, 10, 4, 3, 9, 6, 1]
(1.334832575246593, 0.7212987196717829, 1.351146027073164, 0.9543748620207536, 1.337849268987676, 1.0, 1.3402269389479362, 0.5150682242073228, 1.282421012669709, 0.8980724593803633)
[3, 6, 3, 8, 1, 4, 3, 6, 8, 8, 2, 3, 1, 8, 1, 2, 7, 3, 5, 5, 5, 8, 5, 8, 3, 10, 8, 9, 1, 7, 5, 7, 6, 9, 7, 7, 8, 10, 10, 8, 10, 1, 2, 6, 4, 5, 5, 7, 9, 6, 3, 5, 10, 1, 2, 10, 3, 6, 7, 8, 6, 5, 3, 10, 3, 8, 1, 4, 10, 4, 3, 9, 6, 1]
(1.3762419068812295, 0.7212987196717829, 1.3330626794694873, 0.9543748620207536, 1.3498162861167384, 1.0, 1.3391496670245133, 0.5150682242073228, 1.3365924355386674, 0.8980724593803633)
[3, 6, 5, 8, 4, 4, 3, 8, 8, 8, 2, 3, 1, 8, 1, 2, 9, 3, 5, 4, 5, 8, 9, 5, 3, 1, 3, 9, 1, 7, 3, 6, 4, 10, 7, 7, 8, 10, 10, 8, 8, 1, 4, 6, 4, 5, 5, 7, 9, 7, 3, 5, 10, 4, 2, 10, 3, 4, 9, 2, 6, 9, 8, 10, 3, 8, 1, 7, 10, 4, 3, 9, 10, 1]
(1.3508017193525057, 0.7212987196717829, 1.345929811522263, 0.9543748620207536, 1.337378213629028, 1.0, 1.320436765327953, 0.6825809808768043, 1.2689337760954171, 0.8980724593803633)
[3, 6, 3, 8, 1, 4, 3, 6, 8, 8, 2, 3, 1, 8, 1, 2, 7, 3, 5, 5, 5, 8, 5, 8, 3, 10, 3, 9, 1, 7, 5, 7, 6, 9, 9, 6, 8, 8, 9, 8, 10, 1, 4, 6, 4, 5, 5, 7, 9, 4, 3, 5, 8, 6, 2, 10, 3, 4, 10, 8, 6, 5, 3, 10, 3, 8, 1, 4, 10, 4, 3, 9, 7, 1]
(1.3776494460551907, 0.7212987196717829, 1.3386495650558676, 0.9543748620207536, 1.340833970978757, 1.0, 1.3307738515733691, 0.6825809808768043, 1.3066972334681988, 0.8980724593803633)
[3, 6, 5, 8, 4, 4, 3, 8, 8, 8, 2, 3, 1, 8, 1, 2, 9, 3, 5, 4, 5, 8, 9, 5, 3, 1, 3, 9, 1, 7, 3, 6, 4, 10, 7, 7, 8, 10, 10, 8, 8, 1, 4, 6, 4, 5, 5, 7, 9, 7, 3, 5, 10, 4, 2, 10, 3, 4, 9, 2, 6, 9, 8, 10, 3, 8, 1, 7, 10, 4, 3, 9, 10, 1]
(1.3508017193525057, 0.7212987196717829, 1.345929811522263, 0.9543748620207536, 1.337378213629028, 1.0, 1.320436765327953, 0.6825809808768043, 1.2689337760954171, 0.8980724593803633)
[3, 10, 3, 8, 9, 9, 3, 8, 5, 8, 6, 10, 1, 8, 1, 2, 9, 3, 5, 3, 5, 8, 4, 8, 3, 1, 3, 9, 1, 7, 5, 7, 6, 9, 7, 6, 8, 8, 10, 8, 10, 8, 7, 6, 4, 5, 5, 7, 6, 4, 3, 5, 8, 6, 2, 10, 3, 4, 10, 8, 6, 5, 3, 10, 3, 8, 1, 4, 10, 4, 3, 9, 7, 1]
(1.36518821582188, 0.7212987196717829, 1.3416506749390562, 0.9543748620207536, 1.3351020570843424, 1.0, 1.33537930995216, 0.6879507014553533, 1.312606852129006, 0.8980724593803633)
