[1, 8, 4, 10, 5, 8, 5, 9, 4, 10, 4, 2, 2, 9, 10, 5, 2, 8, 1, 1, 9, 4, 5, 9, 2, 3, 9, 8, 1, 10, 1, 6, 5, 8, 5, 8, 6, 5, 8, 5, 2, 9, 7, 9, 10, 1, 7, 2, 7, 8, 10, 9, 3, 6, 10, 9, 5, 5, 8, 7, 8, 6, 9, 6, 5, 4, 5, 2, 3, 4, 1, 2, 2, 9]
(1.5608941459654586, 0.7374701670644385, 1.4888079430161785, 0.0, 1.5264992257206478, 0.0, 1.5512384751437927, 0.0, 1.5689614780991095, 0.0)
[1, 8, 4, 10, 5, 8, 5, 9, 4, 10, 4, 2, 2, 9, 10, 5, 2, 8, 1, 1, 9, 4, 5, 9, 2, 3, 9, 8, 1, 10, 1, 6, 5, 8, 5, 8, 6, 5, 8, 5, 2, 9, 7, 9, 10, 1, 7, 2, 7, 8, 10, 9, 3, 6, 10, 9, 5, 5, 8, 7, 8, 6, 9, 6, 5, 4, 5, 2, 3, 4, 1, 2, 2, 9]
(1.5608941459654586, 0.7374701670644385, 1.4888079430161785, 0.0, 1.5264992257206478, 0.0, 1.5512384751437927, 0.0, 1.5689614780991095, 0.0)
[1, 8, 4, 10, 5, 8, 5, 9, 4, 10, 4, 2, 2, 9, 10, 5, 2, 8, 1, 1, 9, 4, 5, 9, 2, 3, 9, 8, 1, 10, 1, 6, 5, 8, 5, 8, 6, 5, 8, 5, 2, 9, 7, 9, 10, 1, 7, 2, 7, 8, 10, 9, 3, 6, 10, 9, 5, 5, 8, 7, 8, 6, 9, 6, 5, 4, 5, 2, 3, 4, 1, 2, 2, 9]
(1.5608941459654586, 0.7374701670644385, 1.4888079430161785, 0.0, 1.5264992257206478, 0.0, 1.5512384751437927, 0.0, 1.5689614780991095, 0.0)
[1, 8, 2, 10, 4, 6, 7, 9, 4, 8, 5, 7, 6, 9, 8, 1, 5, 8, 1, 1, 9, 4, 5, 9, 2, 3, 9, 8, 1, 10, 1, 6, 5, 1, 5, 1, 7, 5, 8, 5, 10, 9, 7, 9, 6, 1, 7, 6, 7, 8, 10, 9, 3, 10, 10, 9, 5, 5, 2, 7, 5, 6, 9, 1, 5, 4, 5, 2, 1, 4, 1, 2, 2, 9]
(1.5650566193460238, 0.7374701670644385, 1.524767971336726, 0.0, 1.4987989842145502, 0.0, 1.5126509562878665, 0.0, 1.5003136051445065, 0.7165633303808693)
[1, 8, 2, 10, 4, 8, 7, 9, 4, 10, 4, 9, 2, 9, 8, 5, 4, 8, 1, 1, 9, 4, 5, 9, 2, 3, 9, 8, 1, 10, 1, 6, 8, 8, 5, 1, 7, 5, 8, 5, 10, 9, 7, 9, 10, 1, 7, 6, 7, 8, 10, 9, 3, 10, 8, 10, 5, 5, 6, 7, 8, 6, 8, 1, 5, 4, 5, 2, 3, 4, 1, 2, 1, 9]
(1.5971124587951893, 0.7374701670644385, 1.5178092996029906, 0.0, 1.5334604479371343, 0.0, 1.5652681643514643, 0.0, 1.5548192152379772, 0.8803046789989061)
[1, 8, 4, 10, 4, 8, 7, 9, 4, 10, 4, 9, 2, 9, 8, 5, 2, 8, 1, 1, 9, 10, 5, 9, 2, 3, 9, 8, 1, 10, 3, 10, 5, 8, 5, 1, 5, 3, 8, 9, 8, 9, 7, 9, 10, 1, 7, 6, 9, 8, 10, 9, 1, 6, 5, 9, 5, 5, 2, 7, 8, 6, 9, 5, 5, 4, 5, 2, 3, 4, 1, 1, 2, 9]
(1.5527260983734155, 0.7374701670644385, 1.497779367938525, 0.0, 1.480485535412915, 0.0, 1.5348222181944882, 0.0, 1.5692697552590391, 0.9203640500568818)
[1, 8, 4, 10, 2, 6, 7, 9, 4, 10, 4, 9, 2, 9, 8, 5, 2, 8, 7, 1, 9, 1, 5, 9, 2, 3, 9, 8, 1, 10, 2, 10, 2, 8, 4, 10, 5, 9, 7, 5, 5, 9, 7, 9, 10, 7, 7, 6, 7, 8, 10, 4, 3, 6, 10, 1, 9, 7, 3, 1, 3, 6, 9, 1, 5, 4, 5, 2, 1, 4, 1, 2, 10, 9]
(1.5405318291484142, 0.7374701670644385, 1.5354891694335973, 0.0, 1.544439082816126, 0.0, 1.540307507440331, 0.0, 1.5499341987072264, 0.9203640500568818)
[6, 8, 5, 10, 3, 6, 7, 9, 4, 10, 8, 7, 6, 9, 8, 1, 5, 8, 2, 1, 9, 4, 5, 9, 2, 3, 9, 7, 1, 10, 1, 6, 5, 8, 5, 8, 6, 5, 8, 5, 7, 9, 7, 10, 10, 1, 7, 8, 9, 8, 10, 9, 3, 10, 10, 9, 5, 5, 6, 7, 8, 6, 8, 5, 5, 4, 5, 2, 3, 4, 1, 2, 2, 9]
(1.5912394295631644, 0.7374701670644385, 1.4671838486938562, 0.0, 1.436807250305902, 0.0, 1.5486730325965896, 0.0, 1.570105658545973, 0.9203640500568818)
[1, 8, 4, 10, 6, 9, 7, 9, 4, 10, 4, 9, 2, 9, 8, 5, 2, 8, 1, 1, 9, 4, 5, 9, 2, 2, 9, 1, 1, 10, 7, 6, 5, 5, 7, 1, 6, 5, 8, 5, 2, 9, 8, 9, 10, 2, 7, 6, 9, 8, 10, 9, 1, 6, 10, 9, 5, 5, 2, 7, 8, 5, 9, 5, 5, 4, 5, 2, 3, 4, 1, 2, 2, 9]
(1.5627272512762564, 0.7374701670644385, 1.5045757722853486, 0.0, 1.5174597394465252, 0.0, 1.5447311753033428, 0.0, 1.5970911252497426, 0.9203640500568818)
[1, 8, 4, 10, 4, 8, 7, 9, 4, 10, 4, 9, 2, 9, 8, 5, 2, 8, 1, 1, 9, 4, 5, 9, 2, 3, 9, 8, 1, 10, 1, 6, 5, 8, 5, 1, 7, 5, 8, 5, 10, 9, 7, 9, 10, 1, 7, 6, 7, 8, 10, 9, 3, 10, 10, 9, 5, 5, 6, 7, 8, 6, 8, 5, 5, 4, 5, 2, 3, 4, 1, 2, 2, 9]
(1.5702950590102687, 0.7374701670644385, 1.5230444461106099, 0.0, 1.5349629776923694, 0.0, 1.5740063146500594, 0.0, 1.5491609714179067, 0.9203640500568818)
[1, 8, 4, 10, 4, 6, 7, 9, 4, 10, 4, 7, 6, 9, 8, 1, 5, 8, 2, 1, 9, 4, 5, 9, 2, 5, 2, 8, 7, 10, 1, 6, 5, 8, 5, 1, 5, 5, 6, 5, 7, 9, 7, 9, 10, 1, 7, 8, 9, 8, 10, 9, 3, 6, 10, 9, 5, 5, 2, 7, 8, 9, 10, 2, 5, 4, 5, 2, 3, 4, 1, 2, 2, 9]
(1.5534534461050056, 0.7374701670644385, 1.4834139694272355, 0.0, 1.4467394792287451, 0.0, 1.5277205354719203, 0.0, 1.5766065192221403, 0.9203640500568818)
[1, 8, 4, 10, 4, 6, 7, 9, 4, 10, 4, 7, 6, 9, 8, 1, 5, 8, 2, 1, 9, 4, 5, 9, 2, 5, 2, 8, 7, 10, 1, 6, 5, 8, 5, 1, 5, 5, 6, 5, 7, 9, 7, 9, 10, 1, 7, 8, 9, 8, 10, 9, 3, 6, 10, 9, 5, 5, 2, 7, 8, 9, 10, 2, 5, 4, 5, 2, 3, 4, 1, 2, 2, 9]
(1.5534534461050056, 0.7374701670644385, 1.4834139694272355, 0.0, 1.4467394792287451, 0.0, 1.5277205354719203, 0.0, 1.5766065192221403, 0.9203640500568818)
[1, 8, 4, 10, 2, 7, 7, 9, 4, 10, 4, 9, 2, 9, 8, 5, 5, 8, 4, 10, 9, 4, 5, 9, 2, 3, 9, 8, 1, 10, 2, 10, 2, 5, 2, 1, 6, 5, 8, 5, 2, 9, 8, 9, 10, 1, 7, 6, 7, 8, 10, 9, 1, 1, 10, 9, 8, 5, 2, 7, 8, 6, 9, 5, 5, 4, 5, 2, 1, 4, 1, 2, 10, 9]
(1.5640667726098314, 0.7374701670644385, 1.5429620822517909, 0.0, 1.5331595576553385, 0.0, 1.512112807184344, 0.0, 1.556789451390388, 0.9203640500568818)
[1, 8, 4, 10, 3, 6, 7, 9, 5, 10, 4, 8, 2, 9, 8, 5, 5, 9, 4, 10, 9, 4, 5, 9, 2, 3, 9, 8, 7, 10, 2, 9, 5, 5, 2, 1, 6, 5, 8, 5, 7, 9, 7, 9, 10, 1, 7, 6, 7, 8, 10, 9, 1, 6, 10, 9, 5, 5, 2, 7, 8, 6, 9, 5, 5, 4, 5, 2, 3, 4, 1, 2, 2, 9]
(1.5376498483120233, 0.7374701670644385, 1.522350079789643, 0.0, 1.4519098366795873, 0.0, 1.5384363606570983, 0.0, 1.5630728569625634, 0.9203640500568818)
[1, 3, 4, 5, 4, 6, 7, 9, 4, 10, 4, 9, 2, 9, 8, 5, 5, 8, 2, 1, 9, 4, 9, 9, 5, 5, 9, 8, 1, 10, 5, 6, 5, 8, 5, 1, 5, 5, 8, 5, 7, 9, 6, 9, 10, 1, 7, 6, 7, 8, 10, 9, 1, 6, 10, 9, 5, 3, 2, 7, 8, 6, 10, 7, 5, 4, 5, 2, 3, 4, 1, 2, 2, 9]
(1.560647239312412, 0.7374701670644385, 1.4648115102200594, 0.0, 1.4867219299821928, 0.0, 1.5180565733461417, 0.0, 1.509461578503137, 0.9203640500568818)
[1, 9, 4, 10, 3, 6, 7, 9, 4, 10, 4, 8, 2, 9, 8, 5, 2, 8, 2, 1, 9, 8, 5, 9, 2, 3, 9, 8, 1, 10, 6, 2, 7, 8, 5, 1, 5, 9, 8, 5, 7, 9, 7, 9, 10, 1, 7, 6, 9, 8, 10, 9, 1, 6, 10, 9, 5, 5, 2, 7, 8, 6, 9, 5, 5, 4, 5, 2, 3, 4, 1, 2, 2, 9]
(1.5787797521798619, 0.7374701670644385, 1.4726881084590049, 0.0, 1.398883785828842, 0.0, 1.5469883142410545, 0.0, 1.610967743322133, 0.9203640500568818)
[1, 8, 4, 10, 2, 6, 7, 9, 4, 10, 4, 9, 2, 9, 8, 5, 2, 8, 7, 1, 9, 1, 5, 9, 2, 3, 9, 8, 1, 10, 2, 10, 2, 8, 4, 10, 5, 9, 7, 5, 5, 9, 7, 9, 10, 7, 7, 6, 7, 8, 10, 4, 3, 6, 10, 1, 9, 7, 3, 1, 3, 6, 9, 1, 5, 4, 5, 2, 1, 4, 1, 2, 10, 9]
(1.5405318291484142, 0.7374701670644385, 1.5354891694335973, 0.0, 1.544439082816126, 0.0, 1.540307507440331, 0.0, 1.5499341987072264, 0.9203640500568818)
[1, 8, 4, 10, 2, 7, 7, 9, 4, 10, 4, 9, 2, 9, 8, 5, 5, 8, 4, 10, 9, 4, 5, 9, 2, 3, 9, 8, 7, 10, 1, 9, 5, 5, 2, 1, 6, 5, 8, 5, 7, 9, 7, 9, 10, 1, 7, 8, 9, 9, 10, 9, 5, 4, 10, 1, 9, 7, 10, 3, 3, 4, 9, 7, 5, 4, 5, 2, 1, 4, 1, 2, 10, 9]
(1.5490532299129993, 0.7374701670644385, 1.5487133226542504, 0.0, 1.5053436943142466, 0.0, 1.5437986411898168, 0.0, 1.5937262349574561, 0.9203640500568818)
[2, 8, 4, 10, 4, 8, 7, 9, 4, 10, 4, 8, 2, 9, 8, 5, 2, 8, 2, 1, 9, 4, 5, 9, 2, 3, 9, 8, 1, 10, 1, 2, 7, 8, 5, 1, 5, 9, 7, 5, 5, 9, 7, 9, 10, 7, 7, 6, 7, 8, 10, 9, 3, 6, 10, 9, 5, 5, 2, 7, 8, 6, 8, 5, 5, 4, 5, 2, 3, 4, 1, 2, 2, 9]
(1.5528374223409913, 0.7374701670644385, 1.463966832458862, 0.0, 1.4391566041110853, 0.0, 1.5479443124680548, 0.0, 1.4936989803611105, 0.9203640500568818)
[1, 8, 4, 10, 2, 6, 7, 9, 4, 10, 4, 9, 2, 9, 8, 5, 2, 8, 5, 1, 9, 1, 5, 9, 2, 3, 9, 8, 1, 10, 2, 10, 2, 8, 4, 10, 6, 5, 8, 5, 2, 9, 8, 9, 10, 1, 7, 6, 7, 8, 10, 9, 1, 1, 8, 9, 8, 5, 2, 7, 8, 6, 9, 5, 5, 4, 5, 2, 1, 4, 1, 2, 10, 9]
(1.593473709002018, 0.7374701670644385, 1.500830432176477, 0.0, 1.4515321221201518, 0.0, 1.545933453589561, 0.0, 1.5954020961372843, 0.9203640500568818)
[1, 3, 4, 5, 4, 6, 7, 9, 4, 10, 4, 9, 2, 9, 8, 5, 5, 8, 2, 1, 9, 4, 9, 9, 5, 5, 9, 8, 1, 10, 5, 6, 5, 8, 5, 1, 5, 5, 8, 5, 7, 9, 6, 9, 10, 1, 7, 6, 7, 8, 10, 9, 1, 6, 10, 9, 5, 3, 2, 7, 8, 6, 10, 7, 5, 4, 5, 2, 3, 4, 1, 2, 2, 9]
(1.560647239312412, 0.7374701670644385, 1.4648115102200594, 0.0, 1.4867219299821928, 0.0, 1.5180565733461417, 0.0, 1.509461578503137, 0.9203640500568818)
[1, 8, 4, 10, 2, 8, 8, 5, 4, 10, 4, 7, 6, 9, 8, 1, 5, 8, 3, 1, 9, 4, 5, 9, 2, 5, 2, 8, 7, 10, 1, 6, 5, 8, 8, 1, 5, 10, 6, 7, 7, 9, 7, 9, 10, 1, 7, 8, 9, 7, 10, 9, 3, 6, 10, 9, 5, 5, 2, 7, 8, 9, 10, 2, 5, 1, 5, 2, 3, 4, 1, 2, 2, 9]
(1.5686535522340563, 0.7374701670644385, 1.5454903770982056, 0.0, 1.5028200884162253, 0.0, 1.5422071576862366, 0.0, 1.5720216814427375, 0.9203640500568818)
[1, 9, 4, 10, 3, 6, 7, 9, 4, 10, 4, 8, 2, 9, 8, 5, 2, 8, 2, 1, 9, 8, 5, 9, 2, 3, 9, 8, 1, 10, 6, 2, 7, 8, 5, 1, 5, 9, 8, 5, 7, 9, 7, 9, 10, 1, 7, 6, 9, 8, 10, 9, 1, 6, 10, 9, 5, 5, 2, 7, 8, 6, 9, 5, 5, 4, 5, 2, 3, 4, 1, 2, 2, 9]
(1.5787797521798619, 0.7374701670644385, 1.4726881084590049, 0.0, 1.398883785828842, 0.0, 1.5469883142410545, 0.0, 1.610967743322133, 0.9203640500568818)
[1, 8, 4, 10, 4, 8, 7, 9, 4, 10, 4, 9, 2, 9, 8, 5, 2, 8, 1, 1, 9, 4, 5, 9, 2, 3, 9, 8, 1, 10, 1, 6, 5, 8, 5, 1, 7, 5, 8, 5, 10, 9, 7, 9, 10, 1, 7, 6, 7, 8, 10, 9, 3, 10, 10, 9, 5, 5, 6, 7, 8, 6, 8, 5, 5, 4, 5, 2, 3, 4, 1, 2, 2, 9]
(1.5702950590102687, 0.7374701670644385, 1.5230444461106099, 0.0, 1.5349629776923694, 0.0, 1.5740063146500594, 0.0, 1.5491609714179067, 0.9203640500568818)
[1, 8, 4, 10, 2, 6, 7, 9, 4, 10, 4, 9, 2, 9, 8, 5, 2, 8, 7, 1, 9, 1, 5, 9, 2, 3, 9, 8, 1, 10, 2, 10, 2, 8, 4, 10, 5, 9, 7, 5, 5, 9, 7, 9, 10, 7, 7, 6, 7, 8, 10, 4, 3, 6, 10, 1, 9, 7, 3, 1, 3, 6, 9, 1, 5, 4, 5, 2, 1, 4, 1, 2, 10, 9]
(1.5405318291484142, 0.7374701670644385, 1.5354891694335973, 0.0, 1.544439082816126, 0.0, 1.540307507440331, 0.0, 1.5499341987072264, 0.9203640500568818)
[2, 8, 4, 10, 4, 8, 7, 9, 4, 10, 4, 8, 2, 9, 8, 5, 2, 8, 2, 1, 9, 4, 5, 9, 2, 3, 9, 8, 1, 10, 1, 2, 7, 8, 5, 1, 5, 9, 7, 5, 5, 9, 7, 9, 10, 7, 7, 6, 7, 8, 10, 9, 3, 6, 10, 9, 5, 5, 2, 7, 8, 6, 8, 5, 5, 4, 5, 2, 3, 4, 1, 2, 2, 9]
(1.5528374223409913, 0.7374701670644385, 1.463966832458862, 0.0, 1.4391566041110853, 0.0, 1.5479443124680548, 0.0, 1.4936989803611105, 0.9203640500568818)
[1, 8, 4, 10, 3, 6, 7, 9, 4, 10, 4, 9, 2, 9, 8, 5, 2, 8, 1, 1, 9, 4, 5, 9, 2, 2, 9, 1, 1, 10, 7, 6, 5, 8, 2, 3, 6, 9, 8, 6, 2, 9, 7, 9, 10, 1, 7, 2, 7, 8, 10, 9, 3, 6, 10, 9, 5, 5, 8, 7, 8, 6, 9, 6, 5, 4, 5, 2, 3, 4, 1, 2, 2, 9]
(1.566002358272553, 0.7374701670644385, 1.4956569011508296, 0.0, 1.4864640466122696, 0.0, 1.556064711511017, 0.0, 1.6183945764600018, 0.9203640500568818)
[1, 8, 4, 10, 5, 8, 7, 9, 4, 10, 4, 9, 2, 9, 8, 5, 2, 8, 1, 1, 9, 4, 5, 9, 2, 3, 9, 8, 7, 10, 1, 6, 5, 8, 5, 1, 5, 5, 8, 5, 7, 9, 6, 9, 10, 1, 7, 3, 7, 8, 10, 9, 3, 10, 10, 9, 5, 5, 6, 7, 8, 6, 8, 5, 5, 4, 5, 2, 3, 4, 1, 2, 2, 9]
(1.5492512927948257, 0.7374701670644385, 1.533893536478165, 0.0, 1.537450751364115, 0.0, 1.5633430147169842, 0.0, 1.5081880472599325, 0.9203640500568818)
[1, 8, 2, 10, 4, 8, 7, 9, 4, 10, 4, 9, 2, 9, 8, 5, 4, 8, 1, 1, 9, 4, 5, 9, 2, 3, 9, 8, 1, 10, 1, 6, 8, 8, 5, 1, 7, 5, 8, 5, 10, 9, 7, 9, 10, 1, 7, 6, 7, 8, 10, 9, 3, 10, 10, 10, 5, 5, 6, 7, 8, 6, 8, 1, 5, 4, 5, 2, 1, 4, 1, 2, 1, 9]
(1.6133928019552213, 0.7374701670644385, 1.535471479892615, 0.0, 1.5757968888430611, 0.0, 1.5430478762089046, 0.0, 1.629171139150736, 0.9203640500568818)
[1, 8, 4, 10, 5, 8, 7, 9, 4, 10, 4, 9, 2, 9, 8, 5, 2, 8, 1, 1, 9, 4, 5, 9, 2, 3, 9, 8, 7, 10, 1, 6, 5, 8, 5, 1, 5, 5, 8, 5, 7, 9, 6, 9, 10, 1, 7, 3, 7, 8, 10, 9, 3, 10, 10, 9, 5, 5, 6, 7, 8, 6, 8, 5, 5, 4, 5, 2, 3, 4, 1, 2, 2, 9]
(1.5492512927948257, 0.7374701670644385, 1.533893536478165, 0.0, 1.537450751364115, 0.0, 1.5633430147169842, 0.0, 1.5081880472599325, 0.9203640500568818)
[1, 8, 4, 10, 5, 8, 7, 9, 4, 10, 4, 9, 2, 9, 8, 5, 2, 8, 1, 1, 9, 4, 5, 9, 2, 3, 9, 8, 7, 10, 1, 6, 5, 8, 5, 1, 5, 5, 8, 5, 7, 9, 6, 9, 10, 1, 7, 3, 7, 8, 10, 9, 3, 10, 10, 9, 5, 5, 6, 7, 8, 6, 8, 5, 5, 4, 5, 2, 3, 4, 1, 2, 2, 9]
(1.5492512927948257, 0.7374701670644385, 1.533893536478165, 0.0, 1.537450751364115, 0.0, 1.5633430147169842, 0.0, 1.5081880472599325, 0.9203640500568818)
[6, 8, 5, 10, 3, 6, 7, 9, 4, 10, 8, 7, 6, 9, 8, 1, 5, 8, 2, 1, 9, 4, 5, 9, 2, 3, 9, 8, 1, 10, 1, 6, 5, 8, 5, 8, 6, 5, 8, 5, 7, 9, 7, 9, 10, 1, 7, 8, 9, 8, 10, 9, 3, 6, 10, 9, 5, 5, 2, 7, 8, 6, 9, 5, 5, 4, 5, 2, 3, 4, 1, 2, 2, 9]
(1.5864730335025785, 0.7374701670644385, 1.4887029422073441, 0.0, 1.4441899675129757, 0.0, 1.5390139368175295, 0.0, 1.5856999626754533, 0.9203640500568818)
[2, 8, 4, 10, 4, 8, 7, 9, 4, 10, 4, 8, 2, 9, 8, 5, 2, 8, 2, 1, 9, 4, 5, 9, 2, 3, 9, 8, 1, 10, 1, 2, 7, 8, 5, 1, 5, 9, 7, 5, 5, 9, 7, 9, 10, 7, 7, 6, 7, 8, 10, 9, 3, 6, 10, 9, 5, 5, 2, 7, 8, 6, 8, 5, 5, 4, 5, 2, 3, 4, 1, 2, 2, 9]
(1.5528374223409913, 0.7374701670644385, 1.463966832458862, 0.0, 1.4391566041110853, 0.0, 1.5479443124680548, 0.0, 1.4936989803611105, 0.9203640500568818)
[1, 8, 4, 10, 4, 8, 7, 9, 6, 1, 4, 9, 2, 9, 8, 5, 2, 8, 1, 1, 9, 4, 5, 9, 2, 3, 9, 8, 1, 10, 1, 6, 5, 8, 5, 1, 5, 5, 8, 5, 7, 9, 7, 9, 10, 1, 9, 6, 7, 8, 10, 9, 1, 6, 10, 9, 5, 5, 2, 5, 8, 6, 9, 2, 5, 4, 5, 2, 3, 4, 1, 2, 2, 9]
(1.5350024221091325, 0.7374701670644385, 1.5178489837794356, 0.0, 1.4747199623285612, 0.0, 1.5369830240308073, 0.0, 1.4932048207520305, 0.9203640500568818)
[1, 8, 4, 10, 2, 6, 7, 9, 4, 10, 4, 9, 2, 9, 8, 5, 2, 8, 7, 1, 9, 1, 5, 9, 2, 3, 9, 8, 1, 10, 2, 10, 2, 8, 4, 10, 5, 9, 7, 5, 5, 9, 7, 9, 10, 7, 7, 6, 7, 8, 10, 4, 3, 6, 10, 1, 9, 7, 3, 1, 3, 6, 9, 1, 5, 4, 5, 2, 1, 4, 1, 2, 10, 9]
(1.5405318291484142, 0.7374701670644385, 1.5354891694335973, 0.0, 1.544439082816126, 0.0, 1.540307507440331, 0.0, 1.5499341987072264, 0.9203640500568818)
[1, 8, 4, 10, 6, 9, 7, 9, 4, 10, 4, 9, 2, 9, 8, 5, 2, 8, 1, 1, 9, 4, 5, 9, 2, 2, 9, 1, 1, 10, 7, 6, 5, 5, 7, 1, 6, 5, 8, 5, 2, 9, 8, 9, 10, 2, 7, 6, 9, 8, 10, 9, 1, 6, 10, 9, 5, 5, 2, 7, 8, 5, 9, 5, 5, 4, 5, 2, 3, 4, 1, 2, 2, 9]
(1.5627272512762564, 0.7374701670644385, 1.5045757722853486, 0.0, 1.5174597394465252, 0.0, 1.5447311753033428, 0.0, 1.5970911252497426, 0.9203640500568818)
[1, 8, 4, 10, 3, 6, 7, 9, 4, 10, 4, 9, 2, 9, 8, 5, 2, 8, 1, 1, 9, 4, 5, 9, 2, 2, 9, 1, 1, 10, 7, 6, 5, 8, 2, 3, 6, 9, 8, 6, 2, 9, 7, 9, 10, 1, 7, 2, 7, 8, 10, 9, 3, 6, 10, 9, 5, 5, 8, 7, 8, 6, 9, 6, 5, 4, 5, 2, 3, 4, 1, 2, 2, 9]
(1.566002358272553, 0.7374701670644385, 1.4956569011508296, 0.0, 1.4864640466122696, 0.0, 1.556064711511017, 0.0, 1.6183945764600018, 0.9203640500568818)
[1, 8, 4, 10, 3, 6, 7, 9, 4, 10, 4, 9, 2, 9, 8, 5, 2, 8, 1, 1, 9, 4, 5, 9, 2, 2, 9, 1, 1, 10, 7, 6, 5, 8, 5, 3, 2, 3, 8, 5, 7, 9, 7, 9, 10, 1, 7, 6, 9, 8, 10, 9, 1, 6, 10, 9, 5, 5, 2, 7, 8, 6, 9, 5, 5, 4, 5, 2, 3, 4, 1, 2, 2, 9]
(1.5813268297164447, 0.7374701670644385, 1.4997075439988432, 0.0, 1.490658348351604, 0.0, 1.5454136814175867, 0.0, 1.6149298159776908, 0.9203640500568818)
[1, 8, 4, 10, 2, 6, 7, 9, 4, 10, 4, 9, 2, 9, 8, 5, 2, 8, 7, 1, 9, 1, 5, 9, 2, 3, 9, 8, 1, 10, 2, 10, 2, 8, 4, 10, 5, 9, 7, 5, 5, 9, 7, 9, 10, 7, 7, 6, 7, 8, 10, 4, 3, 6, 10, 1, 9, 7, 3, 1, 3, 6, 9, 1, 5, 4, 5, 2, 1, 4, 1, 2, 10, 9]
(1.5405318291484142, 0.7374701670644385, 1.5354891694335973, 0.0, 1.544439082816126, 0.0, 1.540307507440331, 0.0, 1.5499341987072264, 0.9203640500568818)
[1, 8, 4, 10, 5, 8, 7, 9, 4, 10, 4, 1, 2, 9, 8, 5, 2, 8, 1, 1, 9, 4, 5, 9, 2, 3, 9, 8, 7, 10, 3, 6, 5, 8, 5, 1, 5, 5, 8, 5, 7, 9, 6, 9, 10, 1, 7, 3, 7, 8, 10, 9, 3, 10, 10, 9, 5, 4, 6, 7, 8, 6, 10, 5, 7, 4, 5, 2, 3, 4, 1, 2, 2, 9]
(1.5661916408686645, 0.7374701670644385, 1.5411439792810713, 0.0, 1.4972599533199131, 0.0, 1.5290253958849942, 0.0, 1.5111406644432601, 0.9203640500568818)
[6, 8, 5, 10, 3, 6, 7, 9, 4, 10, 8, 7, 6, 9, 8, 1, 5, 8, 2, 1, 9, 4, 5, 9, 2, 3, 9, 8, 1, 10, 1, 6, 5, 8, 5, 8, 6, 5, 8, 5, 7, 9, 7, 9, 10, 1, 7, 8, 9, 8, 10, 9, 3, 6, 10, 9, 5, 5, 2, 7, 8, 6, 9, 5, 5, 4, 5, 2, 3, 4, 1, 2, 2, 9]
(1.5864730335025785, 0.7374701670644385, 1.4887029422073441, 0.0, 1.4441899675129757, 0.0, 1.5390139368175295, 0.0, 1.5856999626754533, 0.9203640500568818)
[2, 8, 4, 10, 4, 8, 7, 9, 4, 10, 4, 8, 2, 9, 8, 5, 2, 8, 2, 1, 9, 4, 5, 9, 2, 3, 9, 8, 1, 10, 1, 2, 7, 8, 5, 1, 5, 9, 7, 5, 5, 9, 7, 9, 10, 7, 7, 6, 7, 8, 10, 9, 3, 6, 10, 9, 5, 5, 2, 7, 8, 6, 8, 5, 5, 4, 5, 2, 3, 4, 1, 2, 2, 9]
(1.5528374223409913, 0.7374701670644385, 1.463966832458862, 0.0, 1.4391566041110853, 0.0, 1.5479443124680548, 0.0, 1.4936989803611105, 0.9203640500568818)
[1, 8, 4, 10, 4, 9, 7, 9, 4, 10, 4, 9, 2, 9, 8, 5, 2, 8, 1, 1, 9, 4, 5, 9, 2, 6, 7, 8, 1, 8, 1, 6, 5, 10, 5, 1, 5, 5, 8, 5, 7, 9, 7, 9, 5, 3, 7, 8, 9, 8, 10, 9, 3, 6, 10, 9, 5, 5, 2, 7, 8, 6, 9, 2, 5, 4, 5, 2, 3, 4, 1, 1, 2, 9]
(1.5575203578918, 0.7374701670644385, 1.4776714543252067, 0.0, 1.4612997407465063, 0.0, 1.5311850488184724, 0.0, 1.5741874679921875, 0.9203640500568818)
[1, 3, 4, 10, 4, 6, 7, 9, 4, 10, 4, 9, 2, 9, 8, 5, 5, 8, 2, 1, 9, 4, 9, 9, 5, 5, 9, 8, 1, 10, 5, 6, 5, 8, 5, 1, 7, 5, 8, 5, 7, 9, 7, 9, 10, 1, 7, 2, 7, 8, 10, 9, 1, 6, 10, 9, 5, 3, 2, 7, 8, 6, 10, 2, 5, 4, 5, 2, 3, 4, 1, 2, 2, 9]
(1.5672363501040947, 0.7374701670644385, 1.4932326718418667, 0.0, 1.4856022541223837, 0.0, 1.5395799393950729, 0.0, 1.5461957365273264, 0.9203640500568818)
[1, 3, 4, 10, 4, 6, 7, 9, 4, 10, 4, 9, 2, 9, 8, 5, 5, 8, 2, 1, 9, 4, 9, 9, 5, 5, 9, 8, 1, 10, 5, 6, 5, 8, 5, 1, 7, 5, 8, 5, 7, 9, 7, 9, 10, 1, 7, 2, 7, 8, 10, 9, 1, 6, 10, 9, 5, 3, 2, 7, 8, 6, 10, 2, 5, 4, 5, 2, 3, 4, 1, 2, 2, 9]
(1.5672363501040947, 0.7374701670644385, 1.4932326718418667, 0.0, 1.4856022541223837, 0.0, 1.5395799393950729, 0.0, 1.5461957365273264, 0.9203640500568818)
[1, 8, 2, 10, 4, 8, 7, 9, 4, 10, 4, 9, 2, 9, 8, 5, 4, 8, 1, 1, 9, 4, 5, 9, 2, 3, 9, 8, 1, 10, 1, 6, 8, 8, 5, 1, 7, 5, 8, 5, 10, 9, 7, 9, 10, 1, 7, 6, 7, 8, 10, 9, 3, 10, 10, 10, 5, 5, 6, 7, 8, 6, 8, 1, 5, 4, 5, 2, 1, 4, 1, 2, 1, 9]
(1.6133928019552213, 0.7374701670644385, 1.535471479892615, 0.0, 1.5757968888430611, 0.0, 1.5430478762089046, 0.0, 1.629171139150736, 0.9203640500568818)
[1, 8, 2, 10, 4, 8, 7, 9, 4, 10, 4, 9, 2, 9, 8, 5, 4, 8, 1, 1, 9, 4, 5, 9, 2, 3, 9, 8, 1, 10, 1, 6, 8, 8, 5, 1, 7, 5, 8, 5, 10, 9, 7, 9, 10, 1, 7, 6, 7, 8, 10, 9, 3, 10, 10, 10, 5, 5, 6, 7, 8, 6, 8, 1, 5, 4, 5, 2, 1, 4, 1, 2, 1, 9]
(1.6133928019552213, 0.7374701670644385, 1.535471479892615, 0.0, 1.5757968888430611, 0.0, 1.5430478762089046, 0.0, 1.629171139150736, 0.9203640500568818)
[1, 8, 2, 10, 4, 8, 7, 9, 4, 10, 4, 9, 2, 9, 8, 5, 4, 8, 1, 1, 9, 4, 5, 9, 2, 3, 9, 8, 1, 10, 1, 6, 8, 8, 5, 1, 7, 5, 8, 5, 10, 9, 7, 9, 10, 1, 7, 6, 7, 8, 10, 9, 3, 10, 10, 10, 5, 5, 6, 7, 8, 6, 8, 1, 5, 4, 5, 2, 1, 4, 1, 2, 1, 9]
(1.6133928019552213, 0.7374701670644385, 1.535471479892615, 0.0, 1.5757968888430611, 0.0, 1.5430478762089046, 0.0, 1.629171139150736, 0.9203640500568818)
[2, 8, 4, 10, 4, 8, 7, 9, 4, 10, 4, 8, 2, 9, 8, 5, 2, 8, 2, 1, 9, 4, 5, 9, 2, 3, 9, 8, 1, 10, 1, 2, 7, 8, 5, 1, 5, 9, 7, 5, 5, 9, 7, 9, 10, 7, 7, 6, 7, 8, 10, 9, 3, 6, 10, 9, 5, 5, 2, 7, 8, 6, 8, 5, 5, 4, 5, 2, 3, 4, 1, 2, 2, 9]
(1.5528374223409913, 0.7374701670644385, 1.463966832458862, 0.0, 1.4391566041110853, 0.0, 1.5479443124680548, 0.0, 1.4936989803611105, 0.9203640500568818)
[1, 3, 4, 10, 4, 6, 7, 9, 4, 10, 4, 9, 2, 9, 8, 5, 5, 8, 2, 1, 9, 4, 9, 9, 5, 5, 9, 8, 1, 10, 5, 6, 5, 8, 5, 1, 7, 5, 8, 5, 7, 9, 7, 9, 10, 1, 7, 2, 7, 8, 10, 9, 1, 6, 10, 9, 5, 3, 2, 7, 8, 6, 10, 2, 5, 4, 5, 2, 3, 4, 1, 2, 2, 9]
(1.5672363501040947, 0.7374701670644385, 1.4932326718418667, 0.0, 1.4856022541223837, 0.0, 1.5395799393950729, 0.0, 1.5461957365273264, 0.9203640500568818)
[1, 8, 4, 10, 2, 8, 7, 9, 8, 10, 4, 9, 2, 9, 8, 5, 8, 8, 5, 1, 9, 5, 5, 9, 10, 3, 9, 3, 1, 6, 1, 6, 5, 8, 5, 1, 5, 5, 8, 5, 7, 9, 7, 9, 10, 1, 7, 6, 7, 8, 10, 9, 3, 6, 10, 7, 5, 5, 2, 7, 8, 6, 7, 5, 5, 4, 5, 3, 3, 4, 1, 2, 2, 6]
(1.5574271956830046, 0.7374701670644385, 1.5130431015788355, 0.0, 1.4860470802335808, 0.0, 1.5279790050535247, 0.0, 1.5719599586724053, 0.9203640500568818)
[6, 8, 5, 10, 3, 6, 7, 9, 4, 10, 8, 7, 6, 9, 8, 1, 5, 8, 2, 1, 9, 4, 5, 9, 2, 3, 9, 8, 1, 10, 1, 6, 5, 8, 5, 8, 6, 5, 8, 5, 7, 9, 7, 9, 10, 1, 7, 8, 9, 8, 10, 9, 3, 6, 10, 9, 5, 5, 2, 7, 8, 6, 9, 5, 5, 4, 5, 2, 3, 4, 1, 2, 2, 9]
(1.5864730335025785, 0.7374701670644385, 1.4887029422073441, 0.0, 1.4441899675129757, 0.0, 1.5390139368175295, 0.0, 1.5856999626754533, 0.9203640500568818)
[1, 3, 4, 5, 4, 6, 7, 9, 4, 10, 4, 9, 2, 9, 8, 5, 5, 8, 2, 5, 9, 4, 9, 9, 5, 5, 9, 8, 1, 10, 5, 6, 5, 8, 5, 8, 6, 5, 8, 5, 2, 9, 7, 9, 10, 9, 7, 6, 7, 8, 10, 9, 1, 6, 10, 9, 5, 3, 2, 7, 8, 6, 10, 7, 5, 4, 5, 2, 3, 4, 1, 2, 2, 9]
(1.5834993606059549, 0.7374701670644385, 1.5374067613481308, 0.0, 1.4623585245012123, 0.0, 1.5082497663794807, 0.0, 1.528019409552101, 0.9203640500568818)
[1, 8, 4, 10, 2, 7, 7, 9, 4, 10, 4, 9, 2, 9, 8, 5, 5, 8, 4, 10, 9, 4, 5, 9, 2, 3, 9, 8, 7, 10, 1, 9, 5, 5, 2, 1, 6, 5, 8, 5, 2, 9, 8, 9, 10, 1, 7, 6, 7, 8, 10, 9, 1, 1, 10, 9, 8, 5, 2, 7, 8, 6, 9, 5, 5, 4, 5, 2, 1, 4, 1, 2, 10, 9]
(1.5550661173461693, 0.7374701670644385, 1.554516214728238, 0.0, 1.486269538923986, 0.0, 1.5157941226660068, 0.0, 1.5585278581081643, 0.9203640500568818)
[1, 8, 4, 10, 5, 8, 7, 9, 4, 10, 4, 9, 2, 9, 8, 5, 2, 8, 1, 1, 9, 4, 5, 9, 2, 3, 9, 8, 7, 10, 1, 6, 5, 8, 5, 1, 5, 5, 8, 5, 7, 9, 6, 9, 10, 1, 7, 3, 7, 8, 10, 9, 3, 10, 10, 9, 5, 5, 6, 7, 8, 6, 8, 5, 5, 4, 5, 2, 3, 4, 1, 2, 2, 9]
(1.5492512927948257, 0.7374701670644385, 1.533893536478165, 0.0, 1.537450751364115, 0.0, 1.5633430147169842, 0.0, 1.5081880472599325, 0.9203640500568818)
[2, 8, 4, 10, 4, 8, 7, 9, 4, 10, 4, 8, 2, 9, 8, 5, 2, 8, 2, 1, 9, 4, 5, 9, 2, 3, 9, 8, 1, 10, 1, 2, 7, 8, 5, 1, 5, 9, 7, 5, 5, 9, 7, 9, 10, 7, 7, 6, 7, 8, 10, 9, 3, 6, 10, 9, 5, 5, 2, 7, 8, 6, 8, 5, 5, 4, 5, 2, 3, 4, 1, 2, 2, 9]
(1.5528374223409913, 0.7374701670644385, 1.463966832458862, 0.0, 1.4391566041110853, 0.0, 1.5479443124680548, 0.0, 1.4936989803611105, 0.9203640500568818)
[1, 8, 4, 10, 4, 8, 8, 9, 4, 10, 4, 9, 2, 9, 8, 5, 2, 8, 1, 1, 9, 4, 5, 9, 2, 3, 9, 8, 1, 10, 1, 6, 5, 2, 8, 1, 5, 8, 8, 5, 7, 9, 7, 9, 10, 1, 7, 6, 7, 8, 10, 9, 1, 8, 1, 9, 4, 5, 2, 7, 8, 6, 10, 5, 7, 4, 5, 2, 3, 4, 1, 2, 10, 9]
(1.5515242359041, 0.7374701670644385, 1.5064584045110991, 0.0, 1.4167089380322813, 0.0, 1.578435084000111, 0.0, 1.560122205614926, 0.9203640500568818)
[1, 8, 4, 10, 4, 8, 7, 9, 4, 10, 4, 9, 2, 9, 8, 5, 2, 8, 1, 1, 9, 4, 5, 9, 2, 3, 9, 8, 1, 10, 1, 6, 5, 8, 5, 1, 7, 5, 8, 5, 10, 9, 7, 9, 10, 1, 7, 6, 7, 8, 10, 9, 3, 10, 10, 9, 5, 5, 6, 7, 8, 6, 8, 5, 5, 4, 5, 2, 3, 4, 1, 2, 2, 9]
(1.5702950590102687, 0.7374701670644385, 1.5230444461106099, 0.0, 1.5349629776923694, 0.0, 1.5740063146500594, 0.0, 1.5491609714179067, 0.9203640500568818)
[1, 8, 4, 10, 4, 8, 7, 9, 4, 10, 4, 9, 2, 9, 8, 5, 2, 8, 1, 1, 9, 4, 5, 9, 2, 3, 9, 8, 1, 10, 1, 6, 5, 8, 5, 1, 7, 5, 8, 5, 10, 9, 7, 9, 10, 1, 7, 6, 7, 8, 10, 9, 3, 10, 10, 9, 5, 5, 6, 7, 8, 6, 8, 5, 5, 4, 5, 2, 3, 4, 1, 2, 2, 9]
(1.5702950590102687, 0.7374701670644385, 1.5230444461106099, 0.0, 1.5349629776923694, 0.0, 1.5740063146500594, 0.0, 1.5491609714179067, 0.9203640500568818)
[1, 8, 2, 10, 4, 8, 7, 9, 4, 10, 4, 9, 2, 9, 8, 5, 4, 8, 1, 1, 9, 4, 5, 9, 2, 3, 9, 8, 1, 10, 1, 6, 8, 8, 5, 1, 7, 5, 8, 5, 10, 9, 7, 9, 10, 1, 7, 6, 7, 8, 10, 9, 3, 10, 10, 10, 5, 5, 6, 7, 8, 6, 8, 1, 5, 4, 5, 2, 1, 4, 1, 2, 1, 9]
(1.6133928019552213, 0.7374701670644385, 1.535471479892615, 0.0, 1.5757968888430611, 0.0, 1.5430478762089046, 0.0, 1.629171139150736, 0.9203640500568818)
[1, 8, 4, 10, 4, 9, 7, 9, 4, 10, 4, 9, 2, 9, 8, 5, 2, 8, 1, 1, 9, 4, 5, 9, 2, 6, 7, 8, 1, 8, 1, 6, 5, 10, 5, 1, 5, 5, 8, 5, 7, 9, 7, 9, 5, 3, 7, 8, 9, 8, 10, 9, 3, 6, 10, 9, 5, 5, 2, 7, 8, 6, 9, 2, 5, 4, 5, 2, 3, 4, 1, 1, 2, 9]
(1.5575203578918, 0.7374701670644385, 1.4776714543252067, 0.0, 1.4612997407465063, 0.0, 1.5311850488184724, 0.0, 1.5741874679921875, 0.9203640500568818)
[1, 8, 4, 10, 4, 6, 7, 9, 4, 10, 4, 7, 6, 9, 8, 1, 5, 8, 2, 1, 9, 4, 5, 9, 2, 5, 2, 8, 7, 10, 1, 6, 5, 8, 5, 1, 5, 5, 6, 5, 7, 9, 7, 9, 10, 1, 7, 8, 9, 8, 10, 9, 3, 6, 10, 9, 5, 5, 2, 7, 8, 9, 10, 2, 5, 4, 5, 2, 3, 4, 1, 2, 2, 9]
(1.5534534461050056, 0.7374701670644385, 1.4834139694272355, 0.0, 1.4467394792287451, 0.0, 1.5277205354719203, 0.0, 1.5766065192221403, 0.9203640500568818)
[2, 8, 4, 10, 4, 8, 7, 9, 4, 10, 4, 8, 2, 9, 8, 5, 2, 8, 2, 1, 9, 4, 5, 9, 2, 3, 9, 8, 1, 10, 1, 2, 7, 8, 5, 1, 5, 9, 7, 5, 5, 9, 7, 9, 10, 7, 7, 6, 7, 8, 10, 9, 3, 6, 10, 9, 5, 5, 2, 7, 8, 6, 8, 5, 5, 4, 5, 2, 3, 4, 1, 2, 2, 9]
(1.5528374223409913, 0.7374701670644385, 1.463966832458862, 0.0, 1.4391566041110853, 0.0, 1.5479443124680548, 0.0, 1.4936989803611105, 0.9203640500568818)
[1, 8, 2, 10, 4, 8, 7, 9, 4, 10, 4, 9, 2, 9, 8, 5, 4, 8, 1, 1, 9, 4, 5, 9, 2, 3, 9, 8, 1, 10, 1, 6, 8, 8, 5, 1, 7, 5, 8, 5, 10, 9, 7, 9, 10, 1, 7, 6, 7, 8, 10, 9, 3, 10, 10, 10, 5, 5, 6, 7, 8, 6, 8, 1, 5, 4, 5, 2, 1, 4, 1, 2, 1, 9]
(1.6133928019552213, 0.7374701670644385, 1.535471479892615, 0.0, 1.5757968888430611, 0.0, 1.5430478762089046, 0.0, 1.629171139150736, 0.9203640500568818)
[1, 8, 4, 10, 3, 6, 7, 9, 4, 7, 4, 3, 2, 8, 8, 5, 2, 10, 1, 1, 9, 10, 5, 9, 2, 3, 9, 8, 1, 10, 7, 6, 5, 8, 5, 1, 5, 3, 8, 5, 7, 9, 7, 9, 10, 1, 7, 6, 9, 8, 10, 9, 1, 6, 10, 9, 5, 5, 2, 7, 8, 6, 9, 5, 5, 4, 5, 2, 3, 4, 1, 2, 2, 9]
(1.585683232694745, 0.7374701670644385, 1.5363282436876335, 0.0, 1.4719599992035708, 0.0, 1.5807810721545228, 0.0, 1.6053032170979975, 0.9203640500568818)
[1, 8, 4, 10, 5, 8, 7, 9, 4, 10, 4, 9, 2, 9, 8, 5, 2, 8, 1, 1, 9, 4, 5, 9, 2, 3, 9, 8, 7, 10, 1, 6, 5, 8, 5, 1, 5, 5, 8, 5, 7, 9, 6, 9, 10, 1, 7, 3, 7, 8, 10, 9, 3, 10, 10, 9, 5, 5, 6, 7, 8, 6, 8, 5, 5, 4, 5, 2, 3, 4, 1, 2, 2, 9]
(1.5492512927948257, 0.7374701670644385, 1.533893536478165, 0.0, 1.537450751364115, 0.0, 1.5633430147169842, 0.0, 1.5081880472599325, 0.9203640500568818)
[2, 8, 4, 10, 4, 8, 7, 9, 4, 10, 4, 8, 2, 9, 8, 5, 2, 8, 2, 1, 9, 4, 5, 9, 2, 3, 9, 8, 1, 10, 1, 2, 7, 8, 5, 1, 5, 9, 7, 5, 5, 9, 7, 9, 10, 7, 7, 6, 7, 8, 10, 9, 3, 6, 10, 9, 5, 5, 2, 7, 8, 6, 8, 5, 5, 4, 5, 2, 3, 4, 1, 2, 2, 9]
(1.5528374223409913, 0.7374701670644385, 1.463966832458862, 0.0, 1.4391566041110853, 0.0, 1.5479443124680548, 0.0, 1.4936989803611105, 0.9203640500568818)
[6, 8, 5, 10, 3, 6, 7, 9, 4, 10, 8, 7, 6, 9, 8, 1, 5, 8, 2, 1, 9, 4, 5, 9, 2, 3, 9, 8, 1, 10, 1, 6, 5, 8, 5, 8, 6, 5, 8, 5, 7, 9, 7, 9, 10, 1, 7, 8, 9, 8, 10, 9, 3, 6, 10, 9, 5, 5, 2, 7, 8, 6, 9, 5, 5, 4, 5, 2, 3, 4, 1, 2, 2, 9]
(1.5864730335025785, 0.7374701670644385, 1.4887029422073441, 0.0, 1.4441899675129757, 0.0, 1.5390139368175295, 0.0, 1.5856999626754533, 0.9203640500568818)
[6, 8, 5, 10, 3, 6, 7, 9, 4, 10, 8, 7, 6, 9, 8, 6, 5, 8, 2, 1, 9, 4, 5, 9, 2, 3, 9, 8, 1, 10, 1, 6, 5, 8, 5, 3, 6, 5, 8, 5, 6, 9, 7, 9, 7, 1, 7, 8, 9, 8, 10, 9, 3, 6, 10, 9, 5, 5, 2, 7, 8, 6, 9, 5, 5, 4, 5, 2, 3, 4, 1, 2, 2, 9]
(1.5912718278168436, 0.7374701670644385, 1.498829429894573, 0.0, 1.440123371034752, 0.0, 1.510837453603631, 0.0, 1.5631815043090602, 0.9203640500568818)
[1, 8, 4, 10, 2, 6, 7, 9, 4, 10, 4, 9, 2, 9, 8, 5, 2, 8, 7, 1, 9, 1, 5, 9, 2, 3, 9, 8, 1, 10, 2, 10, 2, 8, 4, 10, 5, 9, 7, 5, 5, 9, 7, 9, 10, 7, 7, 6, 7, 8, 10, 4, 3, 6, 10, 1, 9, 7, 3, 1, 3, 6, 9, 1, 5, 4, 5, 2, 1, 4, 1, 2, 10, 9]
(1.5405318291484142, 0.7374701670644385, 1.5354891694335973, 0.0, 1.544439082816126, 0.0, 1.540307507440331, 0.0, 1.5499341987072264, 0.9203640500568818)
[2, 8, 4, 10, 4, 8, 7, 9, 4, 10, 4, 8, 2, 9, 8, 5, 2, 8, 2, 1, 9, 4, 5, 9, 2, 3, 9, 8, 1, 10, 1, 2, 7, 8, 5, 1, 5, 9, 7, 5, 5, 9, 7, 9, 10, 7, 7, 6, 7, 8, 10, 9, 3, 6, 10, 9, 5, 5, 2, 7, 8, 6, 8, 5, 5, 4, 5, 2, 3, 4, 1, 2, 2, 9]
(1.5528374223409913, 0.7374701670644385, 1.463966832458862, 0.0, 1.4391566041110853, 0.0, 1.5479443124680548, 0.0, 1.4936989803611105, 0.9203640500568818)
[1, 8, 4, 10, 2, 8, 7, 9, 8, 10, 4, 9, 2, 9, 8, 5, 8, 8, 5, 1, 9, 5, 5, 9, 10, 3, 9, 3, 1, 6, 1, 6, 5, 8, 5, 1, 5, 5, 8, 5, 7, 9, 7, 9, 10, 1, 7, 6, 7, 8, 10, 9, 3, 6, 10, 7, 5, 5, 2, 7, 8, 6, 7, 5, 5, 4, 5, 3, 3, 4, 1, 2, 2, 6]
(1.5574271956830046, 0.7374701670644385, 1.5130431015788355, 0.0, 1.4860470802335808, 0.0, 1.5279790050535247, 0.0, 1.5719599586724053, 0.9203640500568818)
[1, 8, 4, 10, 6, 9, 7, 9, 4, 10, 4, 9, 2, 9, 8, 5, 2, 8, 1, 1, 9, 4, 5, 9, 2, 2, 9, 1, 1, 10, 7, 6, 5, 5, 7, 1, 6, 5, 8, 5, 2, 9, 8, 9, 10, 2, 7, 6, 9, 8, 10, 9, 1, 6, 10, 9, 5, 5, 2, 7, 8, 5, 9, 5, 5, 4, 5, 2, 3, 4, 1, 2, 2, 9]
(1.5627272512762564, 0.7374701670644385, 1.5045757722853486, 0.0, 1.5174597394465252, 0.0, 1.5447311753033428, 0.0, 1.5970911252497426, 0.9203640500568818)
[1, 8, 4, 10, 2, 6, 7, 9, 4, 10, 4, 9, 2, 9, 8, 5, 2, 8, 7, 1, 9, 1, 5, 9, 2, 3, 9, 8, 1, 10, 2, 10, 2, 8, 4, 10, 5, 9, 7, 5, 5, 9, 7, 9, 10, 7, 7, 6, 7, 8, 10, 4, 3, 6, 10, 1, 9, 7, 3, 1, 3, 6, 9, 1, 5, 4, 5, 2, 1, 4, 1, 2, 10, 9]
(1.5405318291484142, 0.7374701670644385, 1.5354891694335973, 0.0, 1.544439082816126, 0.0, 1.540307507440331, 0.0, 1.5499341987072264, 0.9203640500568818)
[1, 8, 4, 10, 4, 8, 7, 9, 6, 1, 4, 9, 2, 9, 8, 5, 2, 8, 1, 1, 9, 4, 5, 9, 2, 3, 9, 8, 1, 10, 1, 6, 5, 8, 5, 1, 5, 5, 8, 5, 7, 9, 7, 9, 10, 1, 9, 6, 7, 8, 10, 9, 1, 6, 10, 9, 5, 5, 2, 5, 8, 6, 9, 2, 5, 4, 5, 2, 3, 4, 1, 2, 2, 9]
(1.5350024221091325, 0.7374701670644385, 1.5178489837794356, 0.0, 1.4747199623285612, 0.0, 1.5369830240308073, 0.0, 1.4932048207520305, 0.9203640500568818)
[1, 8, 4, 10, 4, 8, 7, 9, 6, 1, 4, 9, 2, 9, 8, 5, 2, 8, 1, 1, 9, 4, 5, 9, 2, 3, 9, 8, 1, 10, 1, 6, 5, 8, 5, 1, 5, 5, 8, 5, 7, 9, 7, 9, 10, 1, 9, 6, 7, 8, 10, 9, 1, 6, 10, 9, 5, 5, 2, 5, 8, 6, 9, 2, 5, 4, 5, 2, 3, 4, 1, 2, 2, 9]
(1.5350024221091325, 0.7374701670644385, 1.5178489837794356, 0.0, 1.4747199623285612, 0.0, 1.5369830240308073, 0.0, 1.4932048207520305, 0.9203640500568818)
[1, 8, 4, 10, 3, 6, 7, 9, 4, 10, 4, 9, 2, 9, 8, 5, 2, 8, 1, 1, 9, 4, 5, 9, 2, 2, 9, 1, 1, 10, 7, 6, 5, 8, 5, 3, 2, 3, 8, 5, 7, 9, 7, 9, 10, 1, 7, 6, 9, 8, 10, 9, 1, 6, 10, 9, 5, 5, 2, 7, 8, 6, 9, 5, 5, 4, 5, 2, 3, 4, 1, 2, 2, 9]
(1.5813268297164447, 0.7374701670644385, 1.4997075439988432, 0.0, 1.490658348351604, 0.0, 1.5454136814175867, 0.0, 1.6149298159776908, 0.9203640500568818)
[1, 8, 4, 10, 4, 8, 7, 9, 4, 10, 4, 9, 2, 9, 8, 5, 2, 8, 1, 1, 9, 10, 5, 9, 2, 3, 9, 8, 1, 10, 3, 10, 5, 8, 5, 1, 5, 3, 8, 9, 8, 9, 7, 9, 10, 1, 7, 6, 9, 8, 10, 9, 1, 6, 5, 9, 5, 5, 2, 7, 8, 6, 9, 5, 5, 4, 5, 2, 3, 4, 1, 1, 2, 9]
(1.5527260983734155, 0.7374701670644385, 1.497779367938525, 0.0, 1.480485535412915, 0.0, 1.5348222181944882, 0.0, 1.5692697552590391, 0.9203640500568818)
[1, 8, 4, 10, 2, 6, 7, 9, 4, 10, 4, 9, 2, 9, 8, 5, 2, 8, 7, 1, 9, 1, 5, 9, 2, 3, 9, 8, 1, 10, 2, 10, 2, 8, 4, 10, 5, 9, 7, 5, 5, 9, 7, 9, 10, 7, 7, 6, 7, 8, 10, 4, 3, 6, 10, 1, 9, 7, 3, 1, 3, 6, 9, 1, 5, 4, 5, 2, 1, 4, 1, 2, 10, 9]
(1.5405318291484142, 0.7374701670644385, 1.5354891694335973, 0.0, 1.544439082816126, 0.0, 1.540307507440331, 0.0, 1.5499341987072264, 0.9203640500568818)
[1, 8, 4, 10, 3, 6, 7, 9, 5, 10, 4, 8, 2, 9, 8, 5, 5, 9, 4, 10, 9, 4, 5, 9, 2, 3, 9, 8, 7, 10, 2, 9, 5, 5, 2, 1, 6, 5, 8, 5, 7, 9, 7, 9, 10, 1, 7, 6, 7, 8, 10, 9, 1, 6, 10, 9, 5, 5, 2, 7, 8, 6, 9, 5, 5, 4, 5, 2, 3, 4, 1, 2, 2, 9]
(1.5376498483120233, 0.7374701670644385, 1.522350079789643, 0.0, 1.4519098366795873, 0.0, 1.5384363606570983, 0.0, 1.5630728569625634, 0.9203640500568818)
[1, 8, 4, 10, 4, 8, 7, 9, 6, 1, 4, 9, 2, 9, 8, 5, 2, 8, 1, 1, 9, 4, 5, 9, 2, 3, 9, 8, 1, 10, 1, 6, 5, 8, 5, 1, 5, 5, 8, 5, 7, 9, 7, 9, 10, 1, 9, 6, 7, 8, 10, 9, 1, 6, 10, 9, 5, 5, 2, 5, 8, 6, 9, 2, 5, 4, 5, 2, 3, 4, 1, 2, 2, 9]
(1.5350024221091325, 0.7374701670644385, 1.5178489837794356, 0.0, 1.4747199623285612, 0.0, 1.5369830240308073, 0.0, 1.4932048207520305, 0.9203640500568818)
[2, 8, 4, 10, 4, 8, 7, 9, 4, 10, 4, 8, 2, 9, 8, 5, 2, 8, 2, 1, 9, 4, 5, 9, 2, 3, 9, 8, 1, 10, 1, 2, 7, 8, 5, 1, 5, 9, 7, 5, 5, 9, 7, 9, 10, 7, 7, 6, 7, 8, 10, 9, 3, 6, 10, 9, 5, 5, 2, 7, 8, 6, 8, 5, 5, 4, 5, 2, 3, 4, 1, 2, 2, 9]
(1.5528374223409913, 0.7374701670644385, 1.463966832458862, 0.0, 1.4391566041110853, 0.0, 1.5479443124680548, 0.0, 1.4936989803611105, 0.9203640500568818)
[6, 8, 5, 10, 3, 6, 7, 9, 4, 10, 8, 7, 6, 9, 8, 1, 5, 8, 2, 1, 9, 4, 5, 9, 2, 3, 9, 8, 1, 10, 1, 6, 5, 8, 5, 8, 6, 5, 8, 5, 7, 9, 7, 9, 10, 1, 7, 8, 9, 8, 10, 9, 3, 6, 10, 9, 5, 5, 2, 7, 8, 6, 9, 5, 5, 4, 5, 2, 3, 4, 1, 2, 2, 9]
(1.5864730335025785, 0.7374701670644385, 1.4887029422073441, 0.0, 1.4441899675129757, 0.0, 1.5390139368175295, 0.0, 1.5856999626754533, 0.9203640500568818)
[1, 8, 4, 10, 2, 8, 8, 5, 4, 10, 4, 7, 6, 9, 8, 1, 5, 8, 3, 1, 9, 4, 5, 9, 2, 5, 2, 8, 7, 10, 1, 6, 5, 8, 8, 1, 5, 10, 6, 7, 7, 9, 7, 9, 10, 1, 7, 8, 9, 7, 10, 9, 3, 6, 10, 9, 5, 5, 2, 7, 8, 9, 10, 2, 5, 1, 5, 2, 3, 4, 1, 2, 2, 9]
(1.5686535522340563, 0.7374701670644385, 1.5454903770982056, 0.0, 1.5028200884162253, 0.0, 1.5422071576862366, 0.0, 1.5720216814427375, 0.9203640500568818)
[2, 8, 4, 10, 4, 8, 7, 9, 4, 10, 4, 8, 2, 9, 8, 5, 2, 8, 2, 1, 9, 4, 5, 9, 2, 3, 9, 8, 1, 10, 1, 2, 7, 8, 5, 1, 5, 9, 7, 5, 5, 9, 7, 9, 10, 7, 7, 6, 7, 8, 10, 9, 3, 6, 10, 9, 5, 5, 2, 7, 8, 6, 8, 5, 5, 4, 5, 2, 3, 4, 1, 2, 2, 9]
(1.5528374223409913, 0.7374701670644385, 1.463966832458862, 0.0, 1.4391566041110853, 0.0, 1.5479443124680548, 0.0, 1.4936989803611105, 0.9203640500568818)
[1, 3, 4, 10, 4, 6, 7, 9, 4, 10, 4, 9, 2, 9, 8, 5, 5, 8, 2, 1, 9, 4, 9, 9, 5, 5, 9, 8, 1, 10, 5, 6, 5, 8, 5, 1, 7, 5, 8, 5, 7, 9, 7, 9, 10, 1, 7, 2, 7, 8, 10, 9, 1, 6, 10, 9, 5, 3, 2, 7, 8, 6, 10, 2, 5, 4, 5, 2, 3, 4, 1, 2, 2, 9]
(1.5672363501040947, 0.7374701670644385, 1.4932326718418667, 0.0, 1.4856022541223837, 0.0, 1.5395799393950729, 0.0, 1.5461957365273264, 0.9203640500568818)
[1, 8, 4, 10, 3, 6, 7, 9, 4, 7, 4, 3, 2, 8, 8, 5, 2, 10, 1, 1, 9, 10, 5, 9, 2, 3, 9, 8, 1, 10, 7, 6, 5, 8, 5, 1, 5, 3, 8, 5, 7, 9, 7, 9, 10, 1, 7, 6, 9, 8, 10, 9, 1, 6, 10, 9, 5, 5, 2, 7, 8, 6, 9, 5, 5, 4, 5, 2, 3, 4, 1, 2, 2, 9]
(1.585683232694745, 0.7374701670644385, 1.5363282436876335, 0.0, 1.4719599992035708, 0.0, 1.5807810721545228, 0.0, 1.6053032170979975, 0.9203640500568818)
[1, 8, 2, 10, 4, 8, 7, 9, 4, 10, 4, 9, 2, 9, 8, 5, 4, 8, 1, 1, 9, 4, 5, 9, 2, 3, 9, 8, 1, 10, 1, 6, 8, 8, 5, 1, 7, 5, 8, 5, 10, 9, 7, 9, 10, 1, 7, 6, 7, 8, 10, 9, 3, 10, 10, 10, 5, 5, 6, 7, 8, 6, 8, 1, 5, 4, 5, 2, 1, 4, 1, 2, 1, 9]
(1.6133928019552213, 0.7374701670644385, 1.535471479892615, 0.0, 1.5757968888430611, 0.0, 1.5430478762089046, 0.0, 1.629171139150736, 0.9203640500568818)
[1, 8, 4, 10, 5, 8, 7, 9, 4, 10, 4, 9, 2, 9, 8, 5, 2, 8, 1, 1, 9, 4, 5, 9, 2, 3, 9, 8, 7, 10, 1, 6, 5, 8, 5, 1, 5, 5, 8, 5, 7, 9, 6, 9, 10, 1, 7, 3, 7, 8, 10, 9, 3, 10, 10, 9, 5, 5, 6, 7, 8, 6, 8, 5, 5, 4, 5, 2, 3, 4, 1, 2, 2, 9]
(1.5492512927948257, 0.7374701670644385, 1.533893536478165, 0.0, 1.537450751364115, 0.0, 1.5633430147169842, 0.0, 1.5081880472599325, 0.9203640500568818)
[1, 8, 4, 10, 3, 6, 7, 9, 5, 10, 4, 8, 2, 9, 8, 5, 5, 9, 4, 10, 9, 4, 5, 9, 2, 3, 9, 8, 7, 10, 2, 9, 5, 5, 2, 1, 6, 5, 8, 5, 7, 9, 7, 9, 10, 1, 7, 6, 7, 8, 10, 9, 1, 6, 10, 9, 5, 5, 2, 7, 8, 6, 9, 5, 5, 4, 5, 2, 3, 4, 1, 2, 2, 9]
(1.5376498483120233, 0.7374701670644385, 1.522350079789643, 0.0, 1.4519098366795873, 0.0, 1.5384363606570983, 0.0, 1.5630728569625634, 0.9203640500568818)
[1, 8, 4, 10, 2, 7, 7, 9, 4, 10, 4, 9, 2, 9, 8, 5, 5, 8, 4, 10, 9, 4, 5, 9, 2, 3, 9, 8, 7, 10, 1, 9, 5, 5, 2, 1, 6, 5, 8, 5, 2, 9, 8, 9, 10, 1, 7, 6, 7, 8, 10, 9, 1, 1, 10, 9, 8, 5, 2, 7, 8, 6, 9, 5, 5, 4, 5, 2, 1, 4, 1, 2, 10, 9]
(1.5550661173461693, 0.7374701670644385, 1.554516214728238, 0.0, 1.486269538923986, 0.0, 1.5157941226660068, 0.0, 1.5585278581081643, 0.9203640500568818)
[1, 8, 4, 10, 4, 6, 7, 9, 4, 10, 4, 7, 6, 9, 8, 1, 5, 8, 2, 1, 9, 4, 5, 9, 2, 5, 2, 8, 7, 10, 1, 6, 5, 8, 5, 1, 5, 5, 6, 5, 7, 9, 7, 9, 10, 1, 7, 8, 9, 8, 10, 9, 3, 6, 10, 9, 5, 5, 2, 7, 8, 9, 10, 2, 5, 4, 5, 2, 3, 4, 1, 2, 2, 9]
(1.5534534461050056, 0.7374701670644385, 1.4834139694272355, 0.0, 1.4467394792287451, 0.0, 1.5277205354719203, 0.0, 1.5766065192221403, 0.9203640500568818)
