Matsuoka quadruped, body parameters:[10, 7, 2, 10, 5, 7, 5, 8, 8, 1, 4, 8, 4, 1, 10, 1, 3, 8, 5, 3, 6, 10, 10, 4, 1, 4, 9, 8, 4, 2, 6, 9, 10, 3, 8, 1, 10]
{'b': 0.16000000000000003, 'gam': 0.09000000000000001, 'x0': 0.4, 'c': 0.5, 'a': 0.8}
Inter-module:
[[ 0.  -0.2  0.  -1.2 -0.6  0. ]
 [-0.2  0.  -1.  -1.6 -2.  -0.2]
 [ 0.  -1.6  0.   0.  -2.  -1.4]
 [-1.2 -0.6  0.   0.  -0.2  0. ]
 [-1.6 -2.  -0.2 -0.2  0.  -1. ]
 [ 0.  -2.  -1.4  0.  -1.6  0. ]]
Intra-module:
[[ 0.  -0.8 -0.2]
 [-0.2  0.  -1.4]
 [ 0.6  1.8  0. ]]
Bias:[1.8 1.4 1.1]
Drive coeff:[ 0.5  0.5 -0.1]
Base period:0.27749999999999997
gen	evals	std                               	min       	avg                                           	max                               
0  	92   	[0.000907   0.00977612 0.        ]	[0. 0. 0.]	[9.50793926e-05 1.11618548e-03 0.00000000e+00]	[0.0087473  0.09397536 0.        ]
1  	92   	[0.000907   0.01463459 0.02198632]	[0. 0. 0.]	[9.50793926e-05 2.27013120e-03 2.39675188e-03]	[0.0087473  0.10616301 0.21196283]
2  	92   	[0.01840579 0.05170057 0.02198632]	[0. 0. 0.]	[0.00215336 0.00749317 0.00239675]            	[0.17710743 0.48051948 0.21196283]
3  	92   	[0.02556107 0.05842223 0.02198632]	[0. 0. 0.]	[0.0040365  0.01042875 0.00239675]            	[0.17710743 0.48051948 0.21196283]
4  	92   	[0.03747332 0.06312436 0.02579183]	[0. 0. 0.]	[0.00695373 0.01410337 0.00383685]            	[0.26838542 0.48051948 0.21196283]
5  	92   	[0.0498947  0.06716705 0.03830364]	[0. 0. 0.]	[0.01202033 0.01766795 0.00896742]            	[0.26838542 0.48051948 0.22869165]
6  	92   	[0.06016157 0.07902573 0.04000641]	[0. 0. 0.]	[0.01689588 0.02739555 0.01028047]            	[0.32109455 0.48051948 0.22869165]
7  	92   	[0.06509942 0.08191925 0.04222356]	[0. 0. 0.]	[0.02196817 0.03092767 0.01281003]            	[0.32109455 0.48051948 0.22869165]
8  	92   	[0.06682315 0.08623855 0.0476354 ]	[0. 0. 0.]	[0.02475045 0.03819694 0.01798355]            	[0.32109455 0.48051948 0.22869165]
9  	92   	[0.0815603  0.10967048 0.06080663]	[0. 0. 0.]	[0.03896224 0.05518395 0.02643252]            	[0.34885424 0.64912281 0.30778705]
10 	92   	[0.08253637 0.11546297 0.0795642 ]	[0. 0. 0.]	[0.04189689 0.0712613  0.04337828]            	[0.34885424 0.64912281 0.33135817]
11 	92   	[0.0871875  0.13645103 0.14042845]	[0. 0. 0.]	[0.05134212 0.08821291 0.07926471]            	[0.34885424 0.64912281 0.80350576]
12 	92   	[0.09863463 0.14547224 0.16292934]	[0. 0. 0.]	[0.0660913  0.09986325 0.08776712]            	[0.46812431 0.64912281 0.80350576]
13 	92   	[0.10462791 0.14699631 0.18025615]	[0. 0. 0.]	[0.07824789 0.10144955 0.09644556]            	[0.46812431 0.64912281 0.80350576]
14 	92   	[0.10708854 0.14831996 0.19918315]	[0. 0. 0.]	[0.09106097 0.11365022 0.11548831]            	[0.46812431 0.64912281 0.80350576]
15 	92   	[0.11198073 0.17228069 0.23366226]	[0. 0. 0.]	[0.10041556 0.12902025 0.14206864]            	[0.46812431 0.64912281 0.80350576]
16 	92   	[0.14244843 0.20650711 0.26381895]	[0. 0. 0.]	[0.13700765 0.16092618 0.17981249]            	[0.79269223 1.         0.80350576]
17 	92   	[0.15059057 0.22029779 0.28124486]	[0. 0. 0.]	[0.16142823 0.18077513 0.19892421]            	[0.79269223 1.         0.80350576]
18 	92   	[0.1607374  0.23439134 0.31810986]	[0. 0. 0.]	[0.17327057 0.20061301 0.25529898]            	[0.79269223 1.         0.80350576]
19 	92   	[0.17018981 0.26403563 0.33431273]	[0. 0. 0.]	[0.1954823  0.22759039 0.30103872]            	[0.79269223 1.         0.80350576]
20 	92   	[0.17768396 0.26748639 0.35416281]	[0. 0. 0.]	[0.21575148 0.24877251 0.33355863]            	[0.79269223 1.         0.80350576]
21 	92   	[0.1802796  0.29735107 0.36938599]	[0. 0. 0.]	[0.24479924 0.25860313 0.37488793]            	[0.79269223 1.         0.80350576]
22 	92   	[0.18553828 0.31567711 0.36712792]	[0. 0. 0.]	[0.2827822  0.29682102 0.37844815]            	[0.79269223 1.         0.95715154]
23 	92   	[0.19263704 0.32905033 0.38191415]	[0. 0. 0.]	[0.32413167 0.32882599 0.4186541 ]            	[0.89509121 1.         0.97810672]
24 	92   	[0.19237987 0.33060305 0.38828818]	[0. 0. 0.]	[0.34212448 0.35774029 0.40572844]            	[0.89509121 1.         0.97810672]
25 	92   	[0.20312411 0.33926496 0.38633557]	[0. 0. 0.]	[0.36384341 0.3699965  0.41465498]            	[0.89509121 1.         0.97810672]
26 	92   	[0.18364329 0.36760255 0.37626904]	[0. 0. 0.]	[0.41023844 0.37547795 0.40964273]            	[0.89509121 1.         0.97810672]
27 	92   	[0.17871015 0.38758677 0.37523447]	[0. 0. 0.]	[0.44147028 0.44885211 0.38839094]            	[0.89509121 1.         0.97810672]
28 	92   	[0.17582463 0.39534932 0.38363649]	[0. 0. 0.]	[0.46048628 0.53818246 0.39210266]            	[0.89509121 1.         0.97810672]
29 	92   	[0.16517646 0.38906106 0.38036384]	[0. 0. 0.]	[0.48913509 0.56420824 0.40131959]            	[0.89509121 1.         0.97810672]
30 	92   	[0.16862049 0.39287897 0.38607042]	[0. 0. 0.]	[0.50308255 0.62867615 0.36155259]            	[0.89509121 1.         0.97810672]
31 	92   	[0.17113745 0.39398236 0.38685513]	[0. 0. 0.]	[0.51173087 0.65282001 0.34669511]            	[0.89509121 1.         0.97810672]
32 	92   	[0.17855259 0.39286954 0.39874923]	[0. 0. 0.]	[0.52184708 0.64069818 0.36215201]            	[0.89509121 1.         0.97810672]
33 	92   	[0.14751162 0.38263977 0.3947221 ]	[0.17746767 0.         0.        ]	[0.53683268 0.69288221 0.35903966]            	[0.89509121 1.         0.97810672]
34 	92   	[0.14261776 0.37319138 0.39741906]	[0.17746767 0.         0.        ]	[0.56291375 0.71847203 0.35438654]            	[0.89509121 1.         0.97810672]
35 	92   	[0.14592826 0.38101565 0.40648674]	[0.21007662 0.         0.        ]	[0.57459325 0.67969171 0.39670006]            	[0.89509121 1.         0.97810672]
36 	92   	[0.15048146 0.39448326 0.39977419]	[0.21007662 0.         0.        ]	[0.59602463 0.65335897 0.44155617]            	[0.89509121 1.         0.97810672]
37 	92   	[0.14688173 0.38804734 0.4145799 ]	[0.21007662 0.         0.        ]	[0.59502062 0.69374977 0.43793933]            	[0.89509121 1.         0.97810672]
38 	92   	[0.16181484 0.38782172 0.39447954]	[0.21007662 0.         0.        ]	[0.59226901 0.62151755 0.56470556]            	[0.89509121 1.         0.97810672]
39 	92   	[0.19569732 0.43285084 0.37710226]	[0.21007662 0.         0.        ]	[0.60657813 0.48950196 0.63079925]            	[0.89509121 1.         0.97810672]
40 	92   	[0.18171588 0.42142773 0.34093878]	[0.21007662 0.         0.        ]	[0.57676649 0.55564848 0.68509964]            	[0.89509121 1.         0.97810672]
41 	92   	[0.14525082 0.38916881 0.33905833]	[0.21007662 0.         0.        ]	[0.61637303 0.60931373 0.66262548]            	[0.89509121 1.         0.97810672]
42 	92   	[0.15410307 0.39352937 0.28441516]	[0.21007662 0.         0.        ]	[0.63274551 0.5556004  0.72918932]            	[0.89509121 1.         0.97810672]
43 	92   	[0.14617597 0.36746368 0.29058813]	[0.21007662 0.         0.        ]	[0.62904513 0.65214092 0.71417737]            	[0.89509121 1.         0.97810672]
44 	92   	[0.14811792 0.35942751 0.31863211]	[0.21007662 0.         0.        ]	[0.62475204 0.69220447 0.691544  ]            	[0.89509121 1.         0.97810672]
45 	92   	[0.14301044 0.33347785 0.31219168]	[0.21007662 0.         0.        ]	[0.63067981 0.76093502 0.68081831]            	[0.89509121 1.         0.97810672]
46 	92   	[0.13287764 0.32754567 0.26762708]	[0.21007662 0.         0.        ]	[0.613416   0.81867727 0.72555067]            	[0.89509121 1.         0.97810672]
47 	92   	[0.11941299 0.23371595 0.2359929 ]	[0.21007662 0.         0.        ]	[0.61503409 0.91641442 0.74874308]            	[0.89509121 1.         0.97810672]
48 	92   	[0.125347   0.2295049  0.23871759]	[0.21007662 0.         0.        ]	[0.62719105 0.89692151 0.75375327]            	[0.89509121 1.         0.97810672]
49 	92   	[0.13915582 0.25424885 0.26438387]	[0.21007662 0.         0.        ]	[0.69860913 0.78887224 0.73932263]            	[0.89509121 1.         0.97810672]
50 	92   	[0.14447001 0.28850013 0.28800128]	[0.21007662 0.         0.        ]	[0.71081389 0.74463906 0.72618334]            	[0.89509121 1.         0.97810672]
51 	92   	[0.1577809  0.35407917 0.35215494]	[0.21007662 0.         0.        ]	[0.73570743 0.6064502  0.69799881]            	[0.89509121 1.         0.97810672]
52 	92   	[0.15719691 0.37615229 0.29275382]	[0.21007662 0.         0.        ]	[0.72362964 0.59851046 0.7657399 ]            	[0.89509121 1.         0.97810672]
53 	92   	[0.15250452 0.3921666  0.3056913 ]	[0.21007662 0.         0.        ]	[0.71275244 0.60281759 0.76527658]            	[0.89509121 1.         0.97810672]
54 	92   	[0.16767291 0.36741171 0.27584473]	[0.21007662 0.         0.        ]	[0.68236992 0.58992263 0.80483818]            	[0.89509121 1.         0.97810672]
55 	92   	[0.16884485 0.37576087 0.29647284]	[0.21007662 0.         0.        ]	[0.69310727 0.60698852 0.77704704]            	[0.89509121 1.         0.97810672]
56 	92   	[0.16983227 0.37249462 0.29706028]	[0.21007662 0.         0.        ]	[0.6942203  0.61785809 0.77902035]            	[0.89509121 1.         0.97810672]
57 	92   	[0.17531548 0.36419259 0.24817936]	[0.21007662 0.         0.        ]	[0.67378154 0.61479049 0.81957342]            	[0.89509121 1.         0.97810672]
58 	92   	[0.17308848 0.36655043 0.19825029]	[0.21007662 0.         0.        ]	[0.66968486 0.60461067 0.84850832]            	[0.89509121 1.         0.97810672]
59 	92   	[0.17237788 0.34505268 0.17704036]	[0.21007662 0.         0.        ]	[0.67082726 0.62738245 0.85557202]            	[0.89509121 1.         0.97810672]
60 	92   	[0.17160674 0.3338811  0.1237568 ]	[0.21007662 0.         0.        ]	[0.67170368 0.64380649 0.87630419]            	[0.89509121 1.         0.97810672]
61 	92   	[0.17104402 0.32667638 0.08289429]	[0.21007662 0.         0.77560698]	[0.67965244 0.64936097 0.8881503 ]            	[0.89509121 1.         0.97810672]
62 	92   	[0.17241878 0.30068744 0.15358004]	[0.21007662 0.         0.        ]	[0.68752099 0.67852219 0.871775  ]            	[0.89509121 1.         0.97810672]
63 	92   	[0.17280201 0.20809082 0.17689699]	[0.21007662 0.         0.        ]	[0.70647865 0.74781845 0.85567767]            	[0.89509121 1.         0.97810672]
64 	92   	[0.17304046 0.20694065 0.17786091]	[0.21007662 0.         0.        ]	[0.71400198 0.73535562 0.86402798]            	[0.89509121 1.         0.97810672]
65 	92   	[0.1761814  0.18757886 0.12296169]	[0.21007662 0.31623932 0.        ]	[0.72990097 0.73211256 0.88817575]            	[0.89509121 1.         0.97810672]
66 	92   	[0.17834085 0.18234766 0.07681609]	[0.21007662 0.31623932 0.77560698]	[0.71081994 0.73198553 0.90849447]            	[0.89509121 1.         0.97810672]
67 	92   	[0.17077912 0.176972   0.07486768]	[0.21007662 0.31623932 0.77560698]	[0.72284199 0.73183694 0.91031548]            	[0.89509121 1.         0.97810672]
68 	92   	[0.16725038 0.17492073 0.07106282]	[0.21007662 0.31623932 0.80350576]	[0.72414384 0.72802306 0.91623541]            	[0.89509121 1.         0.97810672]
69 	92   	[0.15547811 0.17310122 0.0660369 ]	[0.21007662 0.31623932 0.80350576]	[0.740293   0.71893089 0.92435795]            	[0.89509121 1.         0.97810672]
70 	92   	[0.12282024 0.1662855  0.06183875]	[0.21007662 0.31623932 0.80350576]	[0.7702799  0.72626147 0.92845705]            	[0.89509121 1.         0.97810672]
71 	92   	[0.11602949 0.17339539 0.07541194]	[0.56900413 0.64912281 0.80350576]	[0.79254076 0.85125858 0.89748482]            	[0.89509121 1.         0.97810672]
72 	92   	[0.13554305 0.16711596 0.0724067 ]	[0.56900413 0.64912281 0.80350576]	[0.75425446 0.87795576 0.9075052 ]            	[0.89509121 1.         0.97810672]
73 	92   	[0.13491455 0.16711596 0.0724067 ]	[0.56900413 0.64912281 0.80350576]	[0.75779889 0.87795576 0.9075052 ]            	[0.89509121 1.         0.97810672]
74 	92   	[0.13401947 0.16584908 0.07357391]	[0.56900413 0.64912281 0.80350576]	[0.76600077 0.88176964 0.90416507]            	[0.89509121 1.         0.97810672]
75 	92   	[0.13618719 0.16448405 0.07409418]	[0.56900413 0.64912281 0.80350576]	[0.76468241 0.88558352 0.90249501]            	[0.89509121 1.         0.97810672]
76 	92   	[0.13466021 0.16584908 0.07409418]	[0.56900413 0.64912281 0.80350576]	[0.7671138  0.88176964 0.90249501]            	[0.89509121 1.         0.97810672]
77 	92   	[0.13368706 0.16584908 0.07409418]	[0.56900413 0.64912281 0.80350576]	[0.77065823 0.88176964 0.90249501]            	[0.89509121 1.         0.97810672]
78 	92   	[0.12952422 0.16144936 0.07700893]	[0.56900413 0.64912281 0.80350576]	[0.79394551 0.89321129 0.88746445]            	[0.89509121 1.         0.97810672]
79 	92   	[0.12081482 0.16301838 0.0772046 ]	[0.56900413 0.64912281 0.80350576]	[0.8172328  0.88939741 0.87577401]            	[0.89509121 1.         0.97810672]
80 	92   	[0.09865935 0.16711596 0.07561344]	[0.56900413 0.64912281 0.80350576]	[0.84872196 0.87795576 0.86408357]            	[0.89509121 1.         0.97810672]
81 	92   	[0.09859856 0.16144936 0.07481788]	[0.56900413 0.64912281 0.80350576]	[0.849835   0.89321129 0.86074344]            	[0.89509121 1.         0.97810672]
82 	92   	[0.11525616 0.17868548 0.07420166]	[0.21007662 0.         0.80350576]	[0.84815968 0.90141114 0.85763109]            	[0.89509121 1.         0.97810672]
83 	92   	[0.11942887 0.1646585  0.07218802]	[0.21007662 0.         0.80350576]	[0.85823066 0.92810831 0.85117861]            	[0.89509121 1.         0.97810672]
84 	92   	[0.111012   0.1409356  0.06822432]	[0.21007662 0.         0.80350576]	[0.86754558 0.95861937 0.8428283 ]            	[0.89509121 1.         0.97810672]
85 	92   	[0.0729801  0.07155478 0.067806  ]	[0.21007662 0.64912281 0.80350576]	[0.8843063  0.98474447 0.84260052]            	[0.89509121 1.         0.97810672]
86 	92   	[0.0729801  0.07155478 0.07111325]	[0.21007662 0.64912281 0.80350576]	[0.8843063  0.98474447 0.84928078]            	[0.89509121 1.         0.97810672]
87 	92   	[0.0729801  0.07155478 0.0736701 ]	[0.21007662 0.64912281 0.80350576]	[0.8843063  0.98474447 0.85596103]            	[0.89509121 1.         0.97810672]
88 	92   	[0.0729801  0.07155478 0.07555278]	[0.21007662 0.64912281 0.80350576]	[0.8843063  0.98474447 0.86264128]            	[0.89509121 1.         0.97810672]
89 	92   	[0.0729801  0.07155478 0.07736344]	[0.21007662 0.64912281 0.80350576]	[0.8843063  0.98474447 0.87433172]            	[0.89509121 1.         0.97810672]
90 	92   	[0.0729801  0.07954483 0.07660258]	[0.21007662 0.64912281 0.80350576]	[0.8843063  0.98093059 0.89270241]            	[0.89509121 1.         0.97810672]
91 	92   	[0.09539912 0.15401417 0.06399565]	[0.21007662 0.         0.80350576]	[0.87669664 0.94336384 0.92466138]            	[0.89509121 1.         0.97810672]
92 	92   	[0.09577462 0.17520827 0.00427341]	[0.21007662 0.         0.95715154]	[0.87558361 0.9090389  0.95806263]            	[0.89509121 1.         0.97810672]
93 	92   	[0.09648274 0.1409356  0.00427341]	[0.21007662 0.         0.95715154]	[0.87335754 0.95861937 0.95806263]            	[0.89509121 1.         0.97810672]
94 	92   	[0.0181871  0.06231935 0.00372185]	[0.79269223 0.64912281 0.95715154]	[0.89175211 0.98855835 0.95783486]            	[0.89509121 1.         0.97810672]
95 	92   	[0.0181871  0.06231935 0.00372185]	[0.79269223 0.64912281 0.95715154]	[0.89175211 0.98855835 0.95783486]            	[0.89509121 1.         0.97810672]
96 	92   	[0.02321413 0.07954483 0.0047506 ]	[0.79269223 0.64912281 0.95715154]	[0.88952605 0.98093059 0.95829041]            	[0.89509121 1.         0.97810672]
97 	92   	[0.04367855 0.14966756 0.00893849]	[0.79269223 0.64912281 0.95715154]	[0.8706045  0.91609458 0.96216256]            	[0.89509121 1.         0.97810672]
98 	92   	[0.05119949 0.1754386  0.01047759]	[0.79269223 0.64912281 0.95715154]	[0.84389172 0.8245614  0.96762913]            	[0.89509121 1.         0.97810672]
99 	92   	[0.05119949 0.1754386  0.01047759]	[0.79269223 0.64912281 0.95715154]	[0.84389172 0.8245614  0.96762913]            	[0.89509121 1.         0.97810672]
100	92   	[0.05119949 0.1754386  0.01047759]	[0.79269223 0.64912281 0.95715154]	[0.84389172 0.8245614  0.96762913]            	[0.89509121 1.         0.97810672]
101	92   	[0.05119949 0.1754386  0.01047759]	[0.79269223 0.64912281 0.95715154]	[0.84389172 0.8245614  0.96762913]            	[0.89509121 1.         0.97810672]
102	92   	[0.05119949 0.1754386  0.01047759]	[0.79269223 0.64912281 0.95715154]	[0.84389172 0.8245614  0.96762913]            	[0.89509121 1.         0.97810672]
103	92   	[0.05119949 0.1754386  0.01047759]	[0.79269223 0.64912281 0.95715154]	[0.84389172 0.8245614  0.96762913]            	[0.89509121 1.         0.97810672]
104	92   	[0.05119949 0.1754386  0.01047759]	[0.79269223 0.64912281 0.95715154]	[0.84389172 0.8245614  0.96762913]            	[0.89509121 1.         0.97810672]
105	92   	[0.05119949 0.1754386  0.01047759]	[0.79269223 0.64912281 0.95715154]	[0.84389172 0.8245614  0.96762913]            	[0.89509121 1.         0.97810672]
106	92   	[0.05119949 0.1754386  0.01047759]	[0.79269223 0.64912281 0.95715154]	[0.84389172 0.8245614  0.96762913]            	[0.89509121 1.         0.97810672]
107	92   	[0.05119949 0.1754386  0.01047759]	[0.79269223 0.64912281 0.95715154]	[0.84389172 0.8245614  0.96762913]            	[0.89509121 1.         0.97810672]
108	92   	[0.05119949 0.1754386  0.01047759]	[0.79269223 0.64912281 0.95715154]	[0.84389172 0.8245614  0.96762913]            	[0.89509121 1.         0.97810672]
109	92   	[0.05119949 0.1754386  0.01047759]	[0.79269223 0.64912281 0.95715154]	[0.84389172 0.8245614  0.96762913]            	[0.89509121 1.         0.97810672]
110	92   	[0.05119949 0.1754386  0.01047759]	[0.79269223 0.64912281 0.95715154]	[0.84389172 0.8245614  0.96762913]            	[0.89509121 1.         0.97810672]
111	92   	[0.05119949 0.1754386  0.01047759]	[0.79269223 0.64912281 0.95715154]	[0.84389172 0.8245614  0.96762913]            	[0.89509121 1.         0.97810672]
112	92   	[0.05119949 0.1754386  0.01047759]	[0.79269223 0.64912281 0.95715154]	[0.84389172 0.8245614  0.96762913]            	[0.89509121 1.         0.97810672]
113	92   	[0.05119949 0.1754386  0.01047759]	[0.79269223 0.64912281 0.95715154]	[0.84389172 0.8245614  0.96762913]            	[0.89509121 1.         0.97810672]
114	92   	[0.05119949 0.1754386  0.01047759]	[0.79269223 0.64912281 0.95715154]	[0.84389172 0.8245614  0.96762913]            	[0.89509121 1.         0.97810672]
115	92   	[0.05119949 0.1754386  0.01047759]	[0.79269223 0.64912281 0.95715154]	[0.84389172 0.8245614  0.96762913]            	[0.89509121 1.         0.97810672]
116	92   	[0.05119949 0.1754386  0.01047759]	[0.79269223 0.64912281 0.95715154]	[0.84389172 0.8245614  0.96762913]            	[0.89509121 1.         0.97810672]
117	92   	[0.05119949 0.1754386  0.01047759]	[0.79269223 0.64912281 0.95715154]	[0.84389172 0.8245614  0.96762913]            	[0.89509121 1.         0.97810672]
118	92   	[0.05119949 0.1754386  0.01047759]	[0.79269223 0.64912281 0.95715154]	[0.84389172 0.8245614  0.96762913]            	[0.89509121 1.         0.97810672]
119	92   	[0.05119949 0.1754386  0.01047759]	[0.79269223 0.64912281 0.95715154]	[0.84389172 0.8245614  0.96762913]            	[0.89509121 1.         0.97810672]
120	92   	[0.05119949 0.1754386  0.01047759]	[0.79269223 0.64912281 0.95715154]	[0.84389172 0.8245614  0.96762913]            	[0.89509121 1.         0.97810672]
121	92   	[0.05119949 0.1754386  0.01047759]	[0.79269223 0.64912281 0.95715154]	[0.84389172 0.8245614  0.96762913]            	[0.89509121 1.         0.97810672]
122	92   	[0.05119949 0.1754386  0.01047759]	[0.79269223 0.64912281 0.95715154]	[0.84389172 0.8245614  0.96762913]            	[0.89509121 1.         0.97810672]
123	92   	[0.05119949 0.1754386  0.01047759]	[0.79269223 0.64912281 0.95715154]	[0.84389172 0.8245614  0.96762913]            	[0.89509121 1.         0.97810672]
124	92   	[0.05119949 0.1754386  0.01047759]	[0.79269223 0.64912281 0.95715154]	[0.84389172 0.8245614  0.96762913]            	[0.89509121 1.         0.97810672]
125	92   	[0.05119949 0.1754386  0.01047759]	[0.79269223 0.64912281 0.95715154]	[0.84389172 0.8245614  0.96762913]            	[0.89509121 1.         0.97810672]
126	92   	[0.05119949 0.1754386  0.01047759]	[0.79269223 0.64912281 0.95715154]	[0.84389172 0.8245614  0.96762913]            	[0.89509121 1.         0.97810672]
127	92   	[0.05119949 0.1754386  0.01047759]	[0.79269223 0.64912281 0.95715154]	[0.84389172 0.8245614  0.96762913]            	[0.89509121 1.         0.97810672]
128	92   	[0.05119949 0.1754386  0.01047759]	[0.79269223 0.64912281 0.95715154]	[0.84389172 0.8245614  0.96762913]            	[0.89509121 1.         0.97810672]
129	92   	[0.05119949 0.1754386  0.01047759]	[0.79269223 0.64912281 0.95715154]	[0.84389172 0.8245614  0.96762913]            	[0.89509121 1.         0.97810672]
130	92   	[0.05119949 0.1754386  0.01047759]	[0.79269223 0.64912281 0.95715154]	[0.84389172 0.8245614  0.96762913]            	[0.89509121 1.         0.97810672]
131	92   	[0.05119949 0.1754386  0.01047759]	[0.79269223 0.64912281 0.95715154]	[0.84389172 0.8245614  0.96762913]            	[0.89509121 1.         0.97810672]
132	92   	[0.05119949 0.1754386  0.01047759]	[0.79269223 0.64912281 0.95715154]	[0.84389172 0.8245614  0.96762913]            	[0.89509121 1.         0.97810672]
133	92   	[0.05119949 0.1754386  0.01047759]	[0.79269223 0.64912281 0.95715154]	[0.84389172 0.8245614  0.96762913]            	[0.89509121 1.         0.97810672]
134	92   	[0.05119949 0.1754386  0.01047759]	[0.79269223 0.64912281 0.95715154]	[0.84389172 0.8245614  0.96762913]            	[0.89509121 1.         0.97810672]
135	92   	[0.05119949 0.1754386  0.01047759]	[0.79269223 0.64912281 0.95715154]	[0.84389172 0.8245614  0.96762913]            	[0.89509121 1.         0.97810672]
136	92   	[0.05119949 0.1754386  0.01047759]	[0.79269223 0.64912281 0.95715154]	[0.84389172 0.8245614  0.96762913]            	[0.89509121 1.         0.97810672]
137	92   	[0.05119949 0.1754386  0.01047759]	[0.79269223 0.64912281 0.95715154]	[0.84389172 0.8245614  0.96762913]            	[0.89509121 1.         0.97810672]
138	92   	[0.05119949 0.1754386  0.01047759]	[0.79269223 0.64912281 0.95715154]	[0.84389172 0.8245614  0.96762913]            	[0.89509121 1.         0.97810672]
139	92   	[0.05119949 0.1754386  0.01047759]	[0.79269223 0.64912281 0.95715154]	[0.84389172 0.8245614  0.96762913]            	[0.89509121 1.         0.97810672]
140	92   	[0.05119949 0.1754386  0.01047759]	[0.79269223 0.64912281 0.95715154]	[0.84389172 0.8245614  0.96762913]            	[0.89509121 1.         0.97810672]
141	92   	[0.05119949 0.1754386  0.01047759]	[0.79269223 0.64912281 0.95715154]	[0.84389172 0.8245614  0.96762913]            	[0.89509121 1.         0.97810672]
142	92   	[0.05119949 0.1754386  0.01047759]	[0.79269223 0.64912281 0.95715154]	[0.84389172 0.8245614  0.96762913]            	[0.89509121 1.         0.97810672]
143	92   	[0.05119949 0.1754386  0.01047759]	[0.79269223 0.64912281 0.95715154]	[0.84389172 0.8245614  0.96762913]            	[0.89509121 1.         0.97810672]
144	92   	[0.05119949 0.1754386  0.01047759]	[0.79269223 0.64912281 0.95715154]	[0.84389172 0.8245614  0.96762913]            	[0.89509121 1.         0.97810672]
145	92   	[0.05119949 0.1754386  0.01047759]	[0.79269223 0.64912281 0.95715154]	[0.84389172 0.8245614  0.96762913]            	[0.89509121 1.         0.97810672]
146	92   	[0.05119949 0.1754386  0.01047759]	[0.79269223 0.64912281 0.95715154]	[0.84389172 0.8245614  0.96762913]            	[0.89509121 1.         0.97810672]
147	92   	[0.05119949 0.1754386  0.01047759]	[0.79269223 0.64912281 0.95715154]	[0.84389172 0.8245614  0.96762913]            	[0.89509121 1.         0.97810672]
148	92   	[0.05119949 0.1754386  0.01047759]	[0.79269223 0.64912281 0.95715154]	[0.84389172 0.8245614  0.96762913]            	[0.89509121 1.         0.97810672]
149	92   	[0.05119949 0.1754386  0.01047759]	[0.79269223 0.64912281 0.95715154]	[0.84389172 0.8245614  0.96762913]            	[0.89509121 1.         0.97810672]
[9, 7, 4, 4, 6, 2, 8, 3, 4, 4, 5, 1, 9, 1, 5, 2, 1, 2, 8, 3, 7, 3, 3, 2, 8, 1, 1, 7, 5, 6, 10, 1, 4, 6, 6, 1, 8, 4, 9, 2, 6, 3, 3, 1, 8, 6, 10, 10, 8, 3, 9, 4, 10, 7, 3, 8, 2, 5, 8, 4, 2, 7, 9, 8, 1, 8, 2, 2, 5, 1, 1, 4, 4, 1]
(0.7926922276918849, 0.6491228070175452, 0.9781067215632471)
[9, 7, 4, 4, 6, 2, 8, 3, 4, 4, 5, 1, 9, 1, 5, 2, 1, 2, 8, 3, 7, 3, 3, 2, 8, 1, 1, 7, 5, 6, 10, 1, 4, 6, 6, 1, 8, 4, 9, 2, 6, 3, 3, 1, 8, 6, 10, 10, 8, 3, 9, 4, 10, 7, 3, 8, 2, 5, 8, 4, 2, 7, 9, 8, 1, 8, 2, 2, 5, 1, 1, 4, 4, 1]
(0.7926922276918849, 0.6491228070175452, 0.9781067215632471)
[9, 7, 4, 4, 6, 2, 8, 3, 4, 4, 5, 1, 9, 1, 5, 2, 1, 2, 8, 3, 7, 3, 3, 2, 8, 1, 1, 7, 5, 6, 10, 1, 4, 6, 6, 1, 8, 4, 9, 2, 6, 3, 3, 1, 8, 6, 10, 10, 8, 3, 9, 4, 10, 7, 3, 8, 2, 5, 8, 4, 2, 7, 9, 8, 1, 8, 2, 2, 5, 1, 1, 4, 4, 1]
(0.7926922276918849, 0.6491228070175452, 0.9781067215632471)
[10, 7, 8, 4, 10, 2, 8, 3, 7, 6, 2, 4, 2, 5, 2, 1, 7, 1, 6, 8, 9, 3, 1, 2, 10, 2, 10, 2, 3, 1, 3, 3, 7, 5, 3, 4, 8, 4, 9, 2, 10, 1, 1, 4, 3, 6, 10, 9, 8, 3, 9, 4, 8, 7, 7, 8, 7, 5, 8, 4, 6, 7, 9, 5, 6, 8, 2, 1, 5, 1, 1, 4, 10, 1]
(0.7926922276918849, 0.6491228070175452, 0.9781067215632471)
[9, 7, 4, 4, 6, 2, 8, 3, 4, 4, 5, 1, 9, 1, 5, 2, 1, 2, 8, 3, 7, 3, 3, 2, 8, 1, 1, 7, 5, 6, 10, 1, 4, 6, 6, 1, 8, 4, 9, 2, 6, 3, 3, 1, 8, 6, 10, 10, 8, 3, 9, 4, 10, 7, 3, 8, 2, 5, 8, 4, 2, 7, 9, 8, 1, 8, 2, 2, 5, 1, 1, 4, 4, 1]
(0.7926922276918849, 0.6491228070175452, 0.9781067215632471)
[10, 7, 8, 4, 10, 2, 8, 3, 7, 6, 2, 4, 2, 5, 2, 1, 7, 1, 6, 8, 9, 3, 1, 2, 10, 2, 10, 2, 3, 1, 3, 3, 7, 5, 3, 4, 8, 4, 9, 2, 10, 1, 1, 4, 3, 6, 10, 9, 8, 3, 9, 4, 8, 7, 7, 8, 7, 5, 8, 4, 6, 7, 9, 5, 6, 8, 2, 1, 5, 1, 1, 4, 10, 1]
(0.7926922276918849, 0.6491228070175452, 0.9781067215632471)
[9, 7, 4, 4, 6, 2, 8, 3, 4, 4, 5, 1, 9, 1, 5, 2, 1, 2, 8, 3, 7, 3, 3, 2, 8, 1, 1, 7, 5, 6, 10, 1, 4, 6, 6, 1, 8, 4, 9, 2, 6, 3, 3, 1, 8, 6, 10, 10, 8, 3, 9, 4, 10, 7, 3, 8, 2, 5, 8, 4, 2, 7, 9, 8, 1, 8, 2, 2, 5, 1, 1, 4, 4, 1]
(0.7926922276918849, 0.6491228070175452, 0.9781067215632471)
[9, 7, 4, 4, 6, 2, 8, 3, 4, 4, 5, 1, 9, 1, 5, 2, 1, 2, 8, 3, 7, 3, 3, 2, 8, 1, 1, 7, 5, 6, 10, 1, 4, 6, 6, 1, 8, 4, 9, 2, 6, 3, 3, 1, 8, 6, 10, 10, 8, 3, 9, 4, 10, 7, 3, 8, 2, 5, 8, 4, 2, 7, 9, 8, 1, 8, 2, 2, 5, 1, 1, 4, 4, 1]
(0.7926922276918849, 0.6491228070175452, 0.9781067215632471)
[9, 7, 4, 4, 6, 2, 8, 3, 4, 4, 5, 1, 9, 1, 5, 2, 1, 2, 8, 3, 7, 3, 3, 2, 8, 1, 1, 7, 5, 6, 10, 1, 4, 6, 6, 1, 8, 4, 9, 2, 6, 3, 3, 1, 8, 6, 10, 10, 8, 3, 9, 4, 10, 7, 3, 8, 2, 5, 8, 4, 2, 7, 9, 8, 1, 8, 2, 2, 5, 1, 1, 4, 4, 1]
(0.7926922276918849, 0.6491228070175452, 0.9781067215632471)
[10, 7, 8, 4, 10, 2, 8, 3, 7, 6, 2, 4, 2, 5, 2, 1, 7, 1, 6, 8, 9, 3, 1, 2, 10, 2, 10, 2, 3, 1, 3, 3, 7, 5, 3, 4, 8, 4, 9, 2, 10, 1, 1, 4, 3, 6, 10, 9, 8, 3, 9, 4, 8, 7, 7, 8, 7, 5, 8, 4, 6, 7, 9, 5, 6, 8, 2, 1, 5, 1, 1, 4, 10, 1]
(0.7926922276918849, 0.6491228070175452, 0.9781067215632471)
[9, 7, 4, 4, 6, 2, 8, 3, 4, 4, 5, 1, 9, 1, 5, 2, 1, 2, 8, 3, 7, 3, 3, 2, 8, 1, 1, 7, 5, 6, 10, 1, 4, 6, 6, 1, 8, 4, 9, 2, 6, 3, 3, 1, 8, 6, 10, 10, 8, 3, 9, 4, 10, 7, 3, 8, 2, 5, 8, 4, 2, 7, 9, 8, 1, 8, 2, 2, 5, 1, 1, 4, 4, 1]
(0.7926922276918849, 0.6491228070175452, 0.9781067215632471)
[10, 7, 8, 4, 10, 2, 8, 3, 7, 6, 2, 4, 2, 5, 2, 1, 7, 1, 6, 8, 9, 3, 1, 2, 10, 2, 10, 2, 3, 1, 3, 3, 7, 5, 3, 4, 8, 4, 9, 2, 10, 1, 1, 4, 3, 6, 10, 9, 8, 3, 9, 4, 8, 7, 7, 8, 7, 5, 8, 4, 6, 7, 9, 5, 6, 8, 2, 1, 5, 1, 1, 4, 10, 1]
(0.7926922276918849, 0.6491228070175452, 0.9781067215632471)
[10, 7, 8, 4, 10, 2, 8, 3, 7, 6, 2, 4, 2, 5, 2, 1, 7, 1, 6, 8, 9, 3, 1, 2, 10, 2, 10, 2, 3, 1, 3, 3, 7, 5, 3, 4, 8, 4, 9, 2, 10, 1, 1, 4, 3, 6, 10, 9, 8, 3, 9, 4, 8, 7, 7, 8, 7, 5, 8, 4, 6, 7, 9, 5, 6, 8, 2, 1, 5, 1, 1, 4, 10, 1]
(0.7926922276918849, 0.6491228070175452, 0.9781067215632471)
[9, 7, 4, 4, 6, 2, 8, 3, 4, 4, 5, 1, 9, 1, 5, 2, 1, 2, 8, 3, 7, 3, 3, 2, 8, 1, 1, 7, 5, 6, 10, 1, 4, 6, 6, 1, 8, 4, 9, 2, 6, 3, 3, 1, 8, 6, 10, 10, 8, 3, 9, 4, 10, 7, 3, 8, 2, 5, 8, 4, 2, 7, 9, 8, 1, 8, 2, 2, 5, 1, 1, 4, 4, 1]
(0.7926922276918849, 0.6491228070175452, 0.9781067215632471)
[9, 7, 4, 4, 6, 2, 8, 3, 4, 4, 5, 1, 9, 1, 5, 2, 1, 2, 8, 3, 7, 3, 3, 2, 8, 1, 1, 7, 5, 6, 10, 1, 4, 6, 6, 1, 8, 4, 9, 2, 6, 3, 3, 1, 8, 6, 10, 10, 8, 3, 9, 4, 10, 7, 3, 8, 2, 5, 8, 4, 2, 7, 9, 8, 1, 8, 2, 2, 5, 1, 1, 4, 4, 1]
(0.7926922276918849, 0.6491228070175452, 0.9781067215632471)
[9, 7, 4, 4, 6, 2, 8, 3, 4, 4, 5, 1, 9, 1, 5, 2, 1, 2, 8, 3, 7, 3, 3, 2, 8, 1, 1, 7, 5, 6, 10, 1, 4, 6, 6, 1, 8, 4, 9, 2, 6, 3, 3, 1, 8, 6, 10, 10, 8, 3, 9, 4, 10, 7, 3, 8, 2, 5, 8, 4, 2, 7, 9, 8, 1, 8, 2, 2, 5, 1, 1, 4, 4, 1]
(0.7926922276918849, 0.6491228070175452, 0.9781067215632471)
[9, 7, 4, 4, 6, 2, 8, 3, 4, 4, 5, 1, 9, 1, 5, 2, 1, 2, 8, 3, 7, 3, 3, 2, 8, 1, 1, 7, 5, 6, 10, 1, 4, 6, 6, 1, 8, 4, 9, 2, 6, 3, 3, 1, 8, 6, 10, 10, 8, 3, 9, 4, 10, 7, 3, 8, 2, 5, 8, 4, 2, 7, 9, 8, 1, 8, 2, 2, 5, 1, 1, 4, 4, 1]
(0.7926922276918849, 0.6491228070175452, 0.9781067215632471)
[9, 7, 4, 4, 6, 2, 8, 3, 4, 4, 5, 1, 9, 1, 5, 2, 1, 2, 8, 3, 7, 3, 3, 2, 8, 1, 1, 7, 5, 6, 10, 1, 4, 6, 6, 1, 8, 4, 9, 2, 6, 3, 3, 1, 8, 6, 10, 10, 8, 3, 9, 4, 10, 7, 3, 8, 2, 5, 8, 4, 2, 7, 9, 8, 1, 8, 2, 2, 5, 1, 1, 4, 4, 1]
(0.7926922276918849, 0.6491228070175452, 0.9781067215632471)
[9, 7, 4, 4, 6, 2, 8, 3, 4, 4, 5, 1, 9, 1, 5, 2, 1, 2, 8, 3, 7, 3, 3, 2, 8, 1, 1, 7, 5, 6, 10, 1, 4, 6, 6, 1, 8, 4, 9, 2, 6, 3, 3, 1, 8, 6, 10, 10, 8, 3, 9, 4, 10, 7, 3, 8, 2, 5, 8, 4, 2, 7, 9, 8, 1, 8, 2, 2, 5, 1, 1, 4, 4, 1]
(0.7926922276918849, 0.6491228070175452, 0.9781067215632471)
[9, 7, 4, 4, 6, 2, 8, 3, 4, 4, 5, 1, 9, 1, 5, 2, 1, 2, 8, 3, 7, 3, 3, 2, 8, 1, 1, 7, 5, 6, 10, 1, 4, 6, 6, 1, 8, 4, 9, 2, 6, 3, 3, 1, 8, 6, 10, 10, 8, 3, 9, 4, 10, 7, 3, 8, 2, 5, 8, 4, 2, 7, 9, 8, 1, 8, 2, 2, 5, 1, 1, 4, 4, 1]
(0.7926922276918849, 0.6491228070175452, 0.9781067215632471)
[9, 7, 4, 4, 6, 2, 8, 3, 4, 4, 5, 1, 9, 1, 5, 2, 1, 2, 8, 3, 7, 3, 3, 2, 8, 1, 1, 7, 5, 6, 10, 1, 4, 6, 6, 1, 8, 4, 9, 2, 6, 3, 3, 1, 8, 6, 10, 10, 8, 3, 9, 4, 10, 7, 3, 8, 2, 5, 8, 4, 2, 7, 9, 8, 1, 8, 2, 2, 5, 1, 1, 4, 4, 1]
(0.7926922276918849, 0.6491228070175452, 0.9781067215632471)
[9, 7, 4, 4, 6, 2, 8, 3, 4, 4, 5, 1, 9, 1, 5, 2, 1, 2, 8, 3, 7, 3, 3, 2, 8, 1, 1, 7, 5, 6, 10, 1, 4, 6, 6, 1, 8, 4, 9, 2, 6, 3, 3, 1, 8, 6, 10, 10, 8, 3, 9, 4, 10, 7, 3, 8, 2, 5, 8, 4, 2, 7, 9, 8, 1, 8, 2, 2, 5, 1, 1, 4, 4, 1]
(0.7926922276918849, 0.6491228070175452, 0.9781067215632471)
[9, 7, 4, 4, 6, 2, 8, 3, 4, 4, 5, 1, 9, 1, 5, 2, 1, 2, 8, 3, 7, 3, 3, 2, 8, 1, 1, 7, 5, 6, 10, 1, 4, 6, 6, 1, 8, 4, 9, 2, 6, 3, 3, 1, 8, 6, 10, 10, 8, 3, 9, 4, 10, 7, 3, 8, 2, 5, 8, 4, 2, 7, 9, 8, 1, 8, 2, 2, 5, 1, 1, 4, 4, 1]
(0.7926922276918849, 0.6491228070175452, 0.9781067215632471)
[10, 7, 8, 4, 10, 2, 8, 3, 7, 6, 2, 4, 2, 5, 2, 1, 7, 1, 6, 8, 9, 3, 1, 2, 10, 2, 10, 2, 3, 1, 3, 3, 7, 5, 3, 4, 8, 4, 9, 2, 10, 1, 1, 4, 3, 6, 10, 9, 8, 3, 9, 4, 8, 7, 7, 8, 7, 5, 8, 4, 6, 7, 9, 5, 6, 8, 2, 1, 5, 1, 1, 4, 10, 1]
(0.7926922276918849, 0.6491228070175452, 0.9781067215632471)
[9, 7, 4, 4, 6, 2, 8, 3, 4, 4, 5, 1, 9, 1, 5, 2, 1, 2, 8, 3, 7, 3, 3, 2, 8, 1, 1, 7, 5, 6, 10, 1, 4, 6, 6, 1, 8, 4, 9, 2, 6, 3, 3, 1, 8, 6, 10, 10, 8, 3, 9, 4, 10, 7, 3, 8, 2, 5, 8, 4, 2, 7, 9, 8, 1, 8, 2, 2, 5, 1, 1, 4, 4, 1]
(0.7926922276918849, 0.6491228070175452, 0.9781067215632471)
[9, 7, 4, 4, 6, 2, 8, 3, 4, 4, 5, 1, 9, 1, 5, 2, 1, 2, 8, 3, 7, 3, 3, 2, 8, 1, 1, 7, 5, 6, 10, 1, 4, 6, 6, 1, 8, 4, 9, 2, 6, 3, 3, 1, 8, 6, 10, 10, 8, 3, 9, 4, 10, 7, 3, 8, 2, 5, 8, 4, 2, 7, 9, 8, 1, 8, 2, 2, 5, 1, 1, 4, 4, 1]
(0.7926922276918849, 0.6491228070175452, 0.9781067215632471)
[9, 7, 4, 4, 6, 2, 8, 3, 4, 4, 5, 1, 9, 1, 5, 2, 1, 2, 8, 3, 7, 3, 3, 2, 8, 1, 1, 7, 5, 6, 10, 1, 4, 6, 6, 1, 8, 4, 9, 2, 6, 3, 3, 1, 8, 6, 10, 10, 8, 3, 9, 4, 10, 7, 3, 8, 2, 5, 8, 4, 2, 7, 9, 8, 1, 8, 2, 2, 5, 1, 1, 4, 4, 1]
(0.7926922276918849, 0.6491228070175452, 0.9781067215632471)
[9, 7, 4, 4, 6, 2, 8, 3, 4, 4, 5, 1, 9, 1, 5, 2, 1, 2, 8, 3, 7, 3, 3, 2, 8, 1, 1, 7, 5, 6, 10, 1, 4, 6, 6, 1, 8, 4, 9, 2, 6, 3, 3, 1, 8, 6, 10, 10, 8, 3, 9, 4, 10, 7, 3, 8, 2, 5, 8, 4, 2, 7, 9, 8, 1, 8, 2, 2, 5, 1, 1, 4, 4, 1]
(0.7926922276918849, 0.6491228070175452, 0.9781067215632471)
[10, 7, 8, 4, 10, 2, 8, 3, 7, 6, 2, 4, 2, 5, 2, 1, 7, 1, 6, 8, 9, 3, 1, 2, 10, 2, 10, 2, 3, 1, 3, 3, 7, 5, 3, 4, 8, 4, 9, 2, 10, 1, 1, 4, 3, 6, 10, 9, 8, 3, 9, 4, 8, 7, 7, 8, 7, 5, 8, 4, 6, 7, 9, 5, 6, 8, 2, 1, 5, 1, 1, 4, 10, 1]
(0.7926922276918849, 0.6491228070175452, 0.9781067215632471)
[9, 7, 4, 4, 6, 2, 8, 3, 4, 4, 5, 1, 9, 1, 5, 2, 1, 2, 8, 3, 7, 3, 3, 2, 8, 1, 1, 7, 5, 6, 10, 1, 4, 6, 6, 1, 8, 4, 9, 2, 6, 3, 3, 1, 8, 6, 10, 10, 8, 3, 9, 4, 10, 7, 3, 8, 2, 5, 8, 4, 2, 7, 9, 8, 1, 8, 2, 2, 5, 1, 1, 4, 4, 1]
(0.7926922276918849, 0.6491228070175452, 0.9781067215632471)
[10, 7, 8, 4, 10, 2, 8, 3, 7, 6, 2, 4, 2, 5, 2, 1, 7, 1, 6, 8, 9, 3, 1, 2, 10, 2, 10, 2, 3, 1, 3, 3, 7, 5, 3, 4, 8, 4, 9, 2, 10, 1, 1, 4, 3, 6, 10, 9, 8, 3, 9, 4, 8, 7, 7, 8, 7, 5, 8, 4, 6, 7, 9, 5, 6, 8, 2, 1, 5, 1, 1, 4, 10, 1]
(0.7926922276918849, 0.6491228070175452, 0.9781067215632471)
[9, 7, 4, 4, 6, 2, 8, 3, 4, 4, 5, 1, 9, 1, 5, 2, 1, 2, 8, 3, 7, 3, 3, 2, 8, 1, 1, 7, 5, 6, 10, 1, 4, 6, 6, 1, 8, 4, 9, 2, 6, 3, 3, 1, 8, 6, 10, 10, 8, 3, 9, 4, 10, 7, 3, 8, 2, 5, 8, 4, 2, 7, 9, 8, 1, 8, 2, 2, 5, 1, 1, 4, 4, 1]
(0.7926922276918849, 0.6491228070175452, 0.9781067215632471)
[10, 7, 8, 4, 10, 2, 8, 3, 7, 6, 2, 4, 2, 5, 2, 1, 7, 1, 6, 8, 9, 3, 1, 2, 10, 2, 10, 2, 3, 1, 3, 3, 7, 5, 3, 4, 8, 4, 9, 2, 10, 1, 1, 4, 3, 6, 10, 9, 8, 3, 9, 4, 8, 7, 7, 8, 7, 5, 8, 4, 6, 7, 9, 5, 6, 8, 2, 1, 5, 1, 1, 4, 10, 1]
(0.7926922276918849, 0.6491228070175452, 0.9781067215632471)
[9, 7, 4, 4, 6, 2, 8, 3, 4, 4, 5, 1, 9, 1, 5, 2, 1, 2, 8, 3, 7, 3, 3, 2, 8, 1, 1, 7, 5, 6, 10, 1, 4, 6, 6, 1, 8, 4, 9, 2, 6, 3, 3, 1, 8, 6, 10, 10, 8, 3, 9, 4, 10, 7, 3, 8, 2, 5, 8, 4, 2, 7, 9, 8, 1, 8, 2, 2, 5, 1, 1, 4, 4, 1]
(0.7926922276918849, 0.6491228070175452, 0.9781067215632471)
[9, 7, 4, 4, 6, 2, 8, 3, 4, 4, 5, 1, 9, 1, 5, 2, 1, 2, 8, 3, 7, 3, 3, 2, 8, 1, 1, 7, 5, 6, 10, 1, 4, 6, 6, 1, 8, 4, 9, 2, 6, 3, 3, 1, 8, 6, 10, 10, 8, 3, 9, 4, 10, 7, 3, 8, 2, 5, 8, 4, 2, 7, 9, 8, 1, 8, 2, 2, 5, 1, 1, 4, 4, 1]
(0.7926922276918849, 0.6491228070175452, 0.9781067215632471)
[9, 7, 4, 4, 6, 2, 8, 3, 4, 4, 5, 1, 9, 1, 5, 2, 1, 2, 8, 3, 7, 3, 3, 2, 8, 1, 1, 7, 5, 6, 10, 1, 4, 6, 6, 1, 8, 4, 9, 2, 6, 3, 3, 1, 8, 6, 10, 10, 8, 3, 9, 4, 10, 7, 3, 8, 2, 5, 8, 4, 2, 7, 9, 8, 1, 8, 2, 2, 5, 1, 1, 4, 4, 1]
(0.7926922276918849, 0.6491228070175452, 0.9781067215632471)
[9, 7, 4, 4, 6, 2, 8, 3, 4, 4, 5, 1, 9, 1, 5, 2, 1, 2, 8, 3, 7, 3, 3, 2, 8, 1, 1, 7, 5, 6, 10, 1, 4, 6, 6, 1, 8, 4, 9, 2, 6, 3, 3, 1, 8, 6, 10, 10, 8, 3, 9, 4, 10, 7, 3, 8, 2, 5, 8, 4, 2, 7, 9, 8, 1, 8, 2, 2, 5, 1, 1, 4, 4, 1]
(0.7926922276918849, 0.6491228070175452, 0.9781067215632471)
[10, 7, 8, 4, 10, 2, 8, 3, 7, 6, 2, 4, 2, 5, 2, 1, 7, 1, 6, 8, 9, 3, 1, 2, 10, 2, 10, 2, 3, 1, 3, 3, 7, 5, 3, 4, 8, 4, 9, 2, 10, 1, 1, 4, 3, 6, 10, 9, 8, 3, 9, 4, 8, 7, 7, 8, 7, 5, 8, 4, 6, 7, 9, 5, 6, 8, 2, 1, 5, 1, 1, 4, 10, 1]
(0.7926922276918849, 0.6491228070175452, 0.9781067215632471)
[9, 7, 4, 4, 6, 2, 8, 3, 4, 4, 5, 1, 9, 1, 5, 2, 1, 2, 8, 3, 7, 3, 3, 2, 8, 1, 1, 7, 5, 6, 10, 1, 4, 6, 6, 1, 8, 4, 9, 2, 6, 3, 3, 1, 8, 6, 10, 10, 8, 3, 9, 4, 10, 7, 3, 8, 2, 5, 8, 4, 2, 7, 9, 8, 1, 8, 2, 2, 5, 1, 1, 4, 4, 1]
(0.7926922276918849, 0.6491228070175452, 0.9781067215632471)
[9, 7, 4, 4, 6, 2, 8, 3, 4, 4, 5, 1, 9, 1, 5, 2, 1, 2, 8, 3, 7, 3, 3, 2, 8, 1, 1, 7, 5, 6, 10, 1, 4, 6, 6, 1, 8, 4, 9, 2, 6, 3, 3, 1, 8, 6, 10, 10, 8, 3, 9, 4, 10, 7, 3, 8, 2, 5, 8, 4, 2, 7, 9, 8, 1, 8, 2, 2, 5, 1, 1, 4, 4, 1]
(0.7926922276918849, 0.6491228070175452, 0.9781067215632471)
[9, 7, 4, 4, 6, 2, 8, 3, 4, 4, 5, 1, 9, 1, 5, 2, 1, 2, 8, 3, 7, 3, 3, 2, 8, 1, 1, 7, 5, 6, 10, 1, 4, 6, 6, 1, 8, 4, 9, 2, 6, 3, 3, 1, 8, 6, 10, 10, 8, 3, 9, 4, 10, 7, 3, 8, 2, 5, 8, 4, 2, 7, 9, 8, 1, 8, 2, 2, 5, 1, 1, 4, 4, 1]
(0.7926922276918849, 0.6491228070175452, 0.9781067215632471)
[9, 7, 4, 4, 6, 2, 8, 3, 4, 4, 5, 1, 9, 1, 5, 2, 1, 2, 8, 3, 7, 3, 3, 2, 8, 1, 1, 7, 5, 6, 10, 1, 4, 6, 6, 1, 8, 4, 9, 2, 6, 3, 3, 1, 8, 6, 10, 10, 8, 3, 9, 4, 10, 7, 3, 8, 2, 5, 8, 4, 2, 7, 9, 8, 1, 8, 2, 2, 5, 1, 1, 4, 4, 1]
(0.7926922276918849, 0.6491228070175452, 0.9781067215632471)
[9, 7, 4, 4, 6, 2, 8, 3, 4, 4, 5, 1, 9, 1, 5, 2, 1, 2, 8, 3, 7, 3, 3, 2, 8, 1, 1, 7, 5, 6, 10, 1, 4, 6, 6, 1, 8, 4, 9, 2, 6, 3, 3, 1, 8, 6, 10, 10, 8, 3, 9, 4, 10, 7, 3, 8, 2, 5, 8, 4, 2, 7, 9, 8, 1, 8, 2, 2, 5, 1, 1, 4, 4, 1]
(0.7926922276918849, 0.6491228070175452, 0.9781067215632471)
[9, 7, 4, 4, 6, 2, 8, 3, 4, 4, 5, 1, 9, 1, 5, 2, 1, 2, 8, 3, 7, 3, 3, 2, 8, 1, 1, 7, 5, 6, 10, 1, 4, 6, 6, 1, 8, 4, 9, 2, 6, 3, 3, 1, 8, 6, 10, 10, 8, 3, 9, 4, 10, 7, 3, 8, 2, 5, 8, 4, 2, 7, 9, 8, 1, 8, 2, 2, 5, 1, 1, 4, 4, 1]
(0.7926922276918849, 0.6491228070175452, 0.9781067215632471)
[9, 7, 4, 4, 6, 2, 8, 3, 4, 4, 5, 1, 9, 1, 5, 2, 1, 2, 8, 3, 7, 3, 3, 2, 8, 1, 1, 7, 5, 6, 10, 1, 4, 6, 6, 1, 8, 4, 9, 2, 6, 3, 3, 1, 8, 6, 10, 10, 8, 3, 9, 4, 10, 7, 3, 8, 2, 5, 8, 4, 2, 7, 9, 8, 1, 8, 2, 2, 5, 1, 1, 4, 4, 1]
(0.7926922276918849, 0.6491228070175452, 0.9781067215632471)
[10, 7, 8, 4, 10, 2, 8, 3, 7, 6, 2, 4, 2, 5, 2, 1, 7, 1, 6, 8, 9, 3, 1, 2, 10, 2, 10, 2, 3, 1, 3, 3, 7, 5, 3, 4, 8, 4, 9, 2, 10, 1, 1, 4, 3, 6, 10, 9, 8, 3, 9, 4, 8, 7, 7, 8, 7, 5, 8, 4, 6, 7, 9, 5, 6, 8, 2, 1, 5, 1, 1, 4, 10, 1]
(0.7926922276918849, 0.6491228070175452, 0.9781067215632471)
[9, 3, 4, 10, 6, 8, 4, 7, 5, 2, 6, 7, 3, 1, 5, 2, 10, 4, 8, 3, 7, 10, 6, 2, 8, 8, 1, 7, 5, 6, 10, 1, 4, 6, 6, 1, 7, 4, 9, 3, 9, 7, 2, 9, 8, 9, 4, 10, 4, 2, 8, 7, 5, 7, 8, 10, 9, 4, 9, 1, 7, 7, 10, 6, 5, 4, 2, 4, 10, 10, 10, 6, 2, 1]
(0.8950912080169113, 1.0, 0.9571515364691618)
[9, 7, 4, 10, 6, 8, 4, 7, 5, 2, 6, 7, 3, 1, 5, 2, 10, 4, 8, 3, 7, 10, 6, 2, 8, 8, 1, 7, 5, 6, 4, 1, 4, 6, 6, 1, 8, 6, 9, 3, 9, 7, 2, 9, 8, 9, 4, 10, 4, 2, 8, 7, 5, 7, 8, 10, 9, 4, 9, 1, 7, 7, 10, 8, 5, 4, 2, 4, 10, 10, 10, 6, 2, 1]
(0.8950912080169113, 1.0, 0.9571515364691618)
[9, 7, 4, 10, 6, 8, 4, 7, 5, 2, 6, 7, 3, 1, 5, 2, 10, 4, 8, 3, 7, 10, 6, 2, 8, 8, 1, 7, 5, 6, 4, 1, 4, 6, 6, 1, 8, 6, 9, 3, 9, 7, 2, 9, 8, 9, 4, 10, 4, 2, 8, 7, 5, 7, 8, 10, 9, 4, 9, 1, 7, 7, 10, 8, 5, 4, 2, 4, 10, 10, 10, 6, 2, 1]
(0.8950912080169113, 1.0, 0.9571515364691618)
[2, 7, 4, 4, 6, 2, 8, 3, 4, 4, 5, 1, 9, 1, 5, 2, 10, 4, 8, 3, 7, 10, 6, 2, 8, 5, 3, 7, 5, 2, 5, 2, 4, 1, 5, 7, 10, 6, 9, 3, 9, 7, 2, 9, 8, 9, 4, 10, 4, 2, 8, 7, 5, 7, 8, 10, 9, 4, 9, 1, 7, 7, 9, 8, 5, 4, 2, 4, 10, 10, 10, 4, 4, 1]
(0.8950912080169113, 1.0, 0.9571515364691618)
[9, 7, 4, 9, 6, 8, 4, 7, 5, 2, 6, 7, 3, 1, 5, 2, 10, 4, 8, 3, 7, 3, 3, 2, 8, 1, 1, 7, 5, 6, 10, 1, 4, 6, 3, 1, 8, 4, 9, 2, 9, 7, 2, 9, 8, 9, 4, 10, 4, 2, 8, 7, 5, 7, 8, 10, 9, 4, 9, 1, 7, 7, 10, 8, 5, 4, 2, 4, 10, 10, 10, 4, 4, 1]
(0.8950912080169113, 1.0, 0.9571515364691618)
[9, 3, 4, 10, 6, 8, 4, 7, 5, 2, 6, 7, 3, 1, 5, 2, 10, 4, 8, 3, 7, 10, 6, 2, 8, 8, 1, 7, 5, 6, 10, 1, 4, 6, 6, 1, 7, 4, 9, 3, 9, 7, 2, 9, 8, 9, 4, 10, 4, 2, 8, 7, 5, 7, 8, 10, 9, 4, 9, 1, 7, 7, 10, 6, 5, 4, 2, 4, 10, 10, 10, 6, 2, 1]
(0.8950912080169113, 1.0, 0.9571515364691618)
[9, 3, 4, 10, 6, 8, 4, 7, 5, 2, 6, 7, 3, 1, 5, 2, 10, 4, 8, 3, 7, 10, 6, 2, 8, 8, 1, 7, 5, 6, 10, 1, 4, 6, 6, 1, 7, 4, 9, 3, 9, 7, 2, 9, 8, 9, 4, 10, 4, 2, 8, 7, 5, 7, 8, 10, 9, 4, 9, 1, 7, 7, 10, 6, 5, 4, 2, 4, 10, 10, 10, 6, 2, 1]
(0.8950912080169113, 1.0, 0.9571515364691618)
[9, 7, 4, 10, 6, 2, 8, 3, 5, 2, 1, 7, 3, 1, 5, 2, 10, 4, 8, 3, 7, 10, 6, 2, 8, 1, 1, 7, 5, 6, 10, 1, 4, 6, 6, 1, 8, 4, 9, 2, 9, 7, 2, 9, 8, 9, 4, 10, 4, 2, 2, 7, 5, 7, 8, 10, 9, 4, 9, 1, 7, 7, 9, 8, 5, 4, 2, 4, 10, 10, 10, 3, 4, 1]
(0.8950912080169113, 1.0, 0.9571515364691618)
[9, 7, 4, 10, 6, 8, 4, 7, 5, 2, 6, 7, 3, 1, 5, 2, 10, 4, 8, 3, 7, 10, 6, 2, 8, 8, 1, 7, 5, 6, 4, 1, 4, 6, 6, 1, 8, 6, 9, 3, 9, 7, 2, 9, 8, 9, 4, 10, 4, 2, 8, 7, 5, 7, 8, 10, 9, 4, 9, 1, 7, 7, 10, 8, 5, 4, 2, 4, 10, 10, 10, 6, 2, 1]
(0.8950912080169113, 1.0, 0.9571515364691618)
[9, 7, 4, 10, 6, 8, 4, 7, 5, 2, 6, 7, 3, 1, 5, 2, 10, 4, 8, 3, 7, 10, 6, 2, 8, 8, 1, 7, 5, 6, 4, 1, 4, 6, 6, 1, 8, 6, 9, 3, 9, 7, 2, 9, 8, 9, 4, 10, 4, 2, 8, 7, 5, 7, 8, 10, 9, 4, 9, 1, 7, 7, 10, 8, 5, 4, 2, 4, 10, 10, 10, 6, 2, 1]
(0.8950912080169113, 1.0, 0.9571515364691618)
[9, 3, 4, 10, 6, 8, 4, 7, 5, 2, 6, 7, 3, 1, 5, 2, 10, 4, 8, 3, 7, 10, 6, 2, 8, 8, 1, 7, 5, 6, 10, 1, 4, 6, 6, 1, 7, 4, 9, 3, 9, 7, 2, 9, 8, 9, 4, 10, 4, 2, 8, 7, 5, 7, 8, 10, 9, 4, 9, 1, 7, 7, 10, 6, 5, 4, 2, 4, 10, 10, 10, 6, 2, 1]
(0.8950912080169113, 1.0, 0.9571515364691618)
[9, 7, 4, 10, 6, 8, 4, 7, 5, 2, 6, 7, 3, 1, 5, 2, 10, 4, 8, 3, 7, 10, 6, 2, 8, 8, 1, 7, 5, 6, 4, 1, 4, 6, 6, 1, 8, 6, 9, 3, 9, 7, 2, 9, 8, 9, 4, 10, 4, 2, 8, 7, 5, 7, 8, 10, 9, 4, 9, 1, 7, 7, 10, 8, 5, 4, 2, 4, 10, 10, 10, 6, 2, 1]
(0.8950912080169113, 1.0, 0.9571515364691618)
[9, 3, 4, 10, 6, 8, 4, 7, 5, 2, 6, 7, 3, 1, 5, 2, 10, 4, 8, 3, 7, 10, 6, 2, 8, 8, 1, 7, 5, 6, 10, 1, 4, 6, 6, 1, 7, 4, 9, 3, 9, 7, 2, 9, 8, 9, 4, 10, 4, 2, 8, 7, 5, 7, 8, 10, 9, 4, 9, 1, 7, 7, 10, 6, 5, 4, 2, 4, 10, 10, 10, 6, 2, 1]
(0.8950912080169113, 1.0, 0.9571515364691618)
[9, 7, 4, 10, 6, 2, 8, 3, 5, 2, 5, 7, 3, 1, 5, 2, 10, 4, 8, 3, 7, 10, 6, 2, 8, 1, 1, 7, 5, 6, 10, 1, 4, 6, 6, 1, 8, 4, 9, 2, 9, 7, 2, 9, 8, 9, 4, 10, 4, 2, 2, 7, 5, 7, 8, 10, 9, 4, 9, 1, 7, 7, 9, 8, 5, 4, 2, 4, 10, 10, 10, 4, 4, 1]
(0.8950912080169113, 1.0, 0.9571515364691618)
[9, 7, 4, 10, 6, 8, 4, 7, 5, 2, 6, 7, 3, 1, 5, 2, 10, 4, 8, 3, 7, 10, 6, 2, 8, 8, 1, 7, 5, 6, 4, 1, 4, 6, 6, 1, 8, 6, 9, 3, 9, 7, 2, 9, 8, 9, 4, 10, 4, 2, 8, 7, 5, 7, 8, 10, 9, 4, 9, 1, 7, 7, 10, 8, 5, 4, 2, 4, 10, 10, 10, 6, 2, 1]
(0.8950912080169113, 1.0, 0.9571515364691618)
[9, 7, 4, 10, 6, 8, 4, 7, 5, 2, 6, 7, 3, 1, 5, 2, 10, 4, 8, 3, 7, 10, 6, 2, 8, 8, 3, 7, 5, 2, 5, 2, 4, 9, 5, 8, 8, 4, 9, 2, 9, 7, 2, 9, 8, 9, 4, 10, 4, 2, 8, 7, 5, 7, 8, 10, 9, 4, 9, 1, 7, 7, 10, 8, 5, 4, 2, 4, 10, 10, 10, 4, 4, 1]
(0.8950912080169113, 1.0, 0.9571515364691618)
[9, 3, 4, 10, 6, 8, 4, 7, 5, 2, 6, 7, 3, 1, 5, 2, 10, 4, 8, 3, 7, 10, 6, 2, 8, 8, 1, 7, 5, 6, 10, 1, 4, 6, 6, 1, 7, 4, 9, 3, 9, 7, 2, 9, 8, 9, 4, 10, 4, 2, 8, 7, 5, 7, 8, 10, 9, 4, 9, 1, 7, 7, 10, 6, 5, 4, 2, 4, 10, 10, 10, 6, 2, 1]
(0.8950912080169113, 1.0, 0.9571515364691618)
[9, 7, 4, 10, 6, 8, 4, 7, 5, 2, 6, 7, 3, 1, 5, 2, 10, 4, 8, 3, 7, 10, 6, 2, 8, 8, 1, 7, 5, 6, 4, 1, 4, 6, 6, 1, 8, 6, 9, 3, 9, 7, 2, 9, 8, 9, 4, 10, 4, 2, 8, 7, 5, 7, 8, 10, 9, 4, 9, 1, 7, 7, 10, 8, 5, 4, 2, 4, 10, 10, 10, 6, 2, 1]
(0.8950912080169113, 1.0, 0.9571515364691618)
[9, 7, 4, 10, 6, 2, 8, 3, 5, 2, 5, 7, 3, 1, 5, 2, 10, 4, 8, 3, 7, 10, 6, 2, 8, 1, 1, 7, 5, 6, 10, 1, 4, 6, 6, 1, 8, 4, 9, 2, 9, 7, 2, 9, 8, 9, 4, 10, 4, 2, 2, 7, 5, 7, 8, 10, 9, 4, 9, 1, 7, 7, 9, 8, 5, 4, 2, 4, 10, 10, 10, 4, 4, 1]
(0.8950912080169113, 1.0, 0.9571515364691618)
[9, 7, 4, 10, 6, 2, 8, 3, 5, 2, 5, 7, 3, 1, 5, 2, 10, 4, 8, 3, 7, 10, 6, 2, 8, 1, 1, 7, 5, 6, 10, 1, 4, 6, 6, 1, 8, 4, 9, 2, 9, 7, 2, 9, 8, 9, 4, 10, 4, 2, 2, 7, 5, 7, 8, 10, 9, 4, 9, 1, 7, 7, 9, 8, 5, 4, 2, 4, 10, 10, 10, 4, 4, 1]
(0.8950912080169113, 1.0, 0.9571515364691618)
[9, 7, 4, 10, 6, 8, 4, 7, 5, 2, 6, 7, 3, 1, 5, 2, 10, 4, 8, 3, 7, 10, 6, 2, 8, 8, 1, 7, 5, 6, 4, 1, 4, 6, 6, 1, 8, 6, 9, 3, 9, 7, 2, 9, 8, 9, 4, 10, 4, 2, 8, 7, 5, 7, 8, 10, 9, 4, 9, 1, 7, 7, 10, 8, 5, 4, 2, 4, 10, 10, 10, 6, 2, 1]
(0.8950912080169113, 1.0, 0.9571515364691618)
[9, 7, 4, 10, 6, 8, 4, 7, 5, 2, 6, 7, 3, 1, 5, 2, 10, 4, 8, 3, 7, 10, 6, 2, 8, 8, 1, 7, 5, 6, 4, 1, 4, 6, 6, 1, 8, 6, 9, 3, 9, 7, 2, 9, 8, 9, 4, 10, 4, 2, 8, 7, 5, 7, 8, 10, 9, 4, 9, 1, 7, 7, 10, 8, 5, 4, 2, 4, 10, 10, 10, 6, 2, 1]
(0.8950912080169113, 1.0, 0.9571515364691618)
[9, 7, 4, 10, 6, 8, 4, 7, 5, 2, 6, 7, 3, 1, 5, 2, 10, 4, 8, 3, 7, 10, 6, 2, 8, 8, 1, 7, 5, 6, 4, 1, 4, 6, 6, 1, 8, 6, 9, 3, 9, 7, 2, 9, 8, 9, 4, 10, 4, 2, 8, 7, 5, 7, 8, 10, 9, 4, 9, 1, 7, 7, 10, 8, 5, 4, 2, 4, 10, 10, 10, 6, 2, 1]
(0.8950912080169113, 1.0, 0.9571515364691618)
[9, 7, 4, 10, 6, 2, 8, 3, 5, 2, 5, 7, 3, 1, 5, 2, 10, 4, 8, 3, 7, 10, 6, 2, 8, 1, 1, 7, 5, 6, 10, 1, 4, 6, 6, 1, 8, 4, 9, 2, 9, 7, 2, 9, 8, 9, 4, 10, 4, 2, 2, 7, 5, 7, 8, 10, 9, 4, 9, 1, 7, 7, 9, 8, 5, 4, 2, 4, 10, 10, 10, 4, 4, 1]
(0.8950912080169113, 1.0, 0.9571515364691618)
[9, 7, 4, 10, 6, 8, 4, 7, 5, 2, 6, 7, 3, 1, 5, 2, 10, 4, 8, 3, 7, 10, 6, 2, 8, 8, 1, 7, 5, 6, 4, 1, 4, 6, 6, 1, 8, 6, 9, 3, 9, 7, 2, 9, 8, 9, 4, 10, 4, 2, 8, 7, 5, 7, 8, 10, 9, 4, 9, 1, 7, 7, 10, 8, 5, 4, 2, 4, 10, 10, 10, 6, 2, 1]
(0.8950912080169113, 1.0, 0.9571515364691618)
[9, 7, 4, 10, 6, 8, 4, 7, 5, 2, 6, 7, 3, 1, 5, 2, 10, 4, 8, 3, 7, 10, 6, 2, 8, 8, 1, 7, 5, 6, 4, 1, 4, 6, 6, 1, 8, 6, 9, 3, 9, 7, 2, 9, 8, 9, 4, 10, 4, 2, 8, 7, 5, 7, 8, 10, 9, 4, 9, 1, 7, 7, 10, 8, 5, 4, 2, 4, 10, 10, 10, 6, 2, 1]
(0.8950912080169113, 1.0, 0.9571515364691618)
[9, 3, 4, 10, 6, 8, 4, 7, 5, 2, 6, 7, 3, 1, 5, 2, 10, 4, 8, 3, 7, 10, 6, 2, 8, 8, 1, 7, 5, 6, 10, 1, 4, 6, 6, 1, 7, 4, 9, 3, 9, 7, 2, 9, 8, 9, 4, 10, 4, 2, 8, 7, 5, 7, 8, 10, 9, 4, 9, 1, 7, 7, 10, 6, 5, 4, 2, 4, 10, 10, 10, 6, 2, 1]
(0.8950912080169113, 1.0, 0.9571515364691618)
[9, 7, 4, 10, 6, 2, 8, 3, 5, 2, 5, 7, 3, 1, 5, 2, 10, 4, 8, 3, 7, 10, 6, 2, 8, 1, 1, 7, 5, 6, 10, 1, 4, 6, 6, 1, 8, 4, 9, 2, 9, 7, 2, 9, 8, 9, 4, 10, 4, 2, 2, 7, 5, 7, 8, 10, 9, 4, 9, 1, 7, 7, 9, 8, 5, 4, 2, 4, 10, 10, 10, 4, 4, 1]
(0.8950912080169113, 1.0, 0.9571515364691618)
[9, 7, 4, 10, 6, 8, 4, 7, 5, 2, 6, 7, 3, 1, 5, 2, 10, 4, 8, 3, 7, 10, 6, 2, 8, 8, 3, 7, 5, 2, 5, 2, 4, 9, 5, 8, 8, 4, 9, 2, 9, 7, 2, 9, 8, 9, 4, 10, 4, 2, 8, 7, 5, 7, 8, 10, 9, 4, 9, 1, 7, 7, 10, 8, 5, 4, 2, 4, 10, 10, 10, 4, 4, 1]
(0.8950912080169113, 1.0, 0.9571515364691618)
[9, 7, 4, 10, 6, 8, 4, 7, 5, 2, 6, 7, 3, 1, 5, 2, 10, 4, 8, 3, 7, 10, 6, 2, 8, 8, 1, 7, 5, 6, 4, 1, 4, 6, 6, 1, 8, 6, 9, 3, 9, 7, 2, 9, 8, 9, 4, 10, 4, 2, 8, 7, 5, 7, 8, 10, 9, 4, 9, 1, 7, 7, 10, 8, 5, 4, 2, 4, 10, 10, 10, 6, 2, 1]
(0.8950912080169113, 1.0, 0.9571515364691618)
[9, 7, 4, 10, 6, 8, 4, 7, 5, 2, 6, 7, 3, 1, 5, 2, 10, 4, 8, 3, 7, 10, 6, 2, 8, 8, 1, 7, 5, 6, 4, 1, 4, 6, 6, 1, 8, 6, 9, 3, 9, 7, 2, 9, 8, 9, 4, 10, 4, 2, 8, 7, 5, 7, 8, 10, 9, 4, 9, 1, 7, 7, 10, 8, 5, 4, 2, 4, 10, 10, 10, 6, 2, 1]
(0.8950912080169113, 1.0, 0.9571515364691618)
[2, 7, 4, 4, 6, 2, 8, 3, 4, 4, 5, 1, 9, 1, 5, 2, 10, 4, 8, 3, 7, 10, 6, 2, 8, 5, 3, 7, 5, 2, 5, 2, 4, 1, 5, 7, 10, 6, 9, 3, 9, 7, 2, 9, 8, 9, 4, 10, 4, 2, 8, 7, 5, 7, 8, 10, 9, 4, 9, 1, 7, 7, 9, 8, 5, 4, 2, 4, 10, 10, 10, 4, 4, 1]
(0.8950912080169113, 1.0, 0.9571515364691618)
[9, 3, 4, 10, 6, 8, 4, 7, 5, 2, 6, 7, 3, 1, 5, 2, 10, 4, 8, 3, 7, 10, 6, 2, 8, 8, 1, 7, 5, 6, 10, 1, 4, 6, 6, 1, 7, 4, 9, 3, 9, 7, 2, 9, 8, 9, 4, 10, 4, 2, 8, 7, 5, 7, 8, 10, 9, 4, 9, 1, 7, 7, 10, 6, 5, 4, 2, 4, 10, 10, 10, 6, 2, 1]
(0.8950912080169113, 1.0, 0.9571515364691618)
[9, 7, 4, 10, 6, 2, 8, 3, 5, 2, 5, 7, 3, 1, 5, 2, 10, 4, 8, 3, 7, 10, 6, 2, 8, 1, 1, 7, 5, 6, 10, 1, 4, 6, 6, 1, 8, 4, 9, 2, 9, 7, 2, 9, 8, 9, 4, 10, 4, 2, 2, 7, 5, 7, 8, 10, 9, 4, 9, 1, 7, 7, 9, 8, 5, 4, 2, 4, 10, 10, 10, 4, 4, 1]
(0.8950912080169113, 1.0, 0.9571515364691618)
[9, 7, 4, 10, 6, 2, 8, 3, 5, 2, 5, 7, 3, 1, 5, 2, 10, 4, 8, 3, 7, 10, 6, 2, 8, 1, 1, 7, 5, 6, 10, 1, 4, 6, 6, 1, 8, 4, 9, 2, 9, 7, 2, 9, 8, 9, 4, 10, 4, 2, 2, 7, 5, 7, 8, 10, 9, 4, 9, 1, 7, 7, 9, 8, 5, 4, 2, 4, 10, 10, 10, 4, 4, 1]
(0.8950912080169113, 1.0, 0.9571515364691618)
[9, 7, 4, 10, 6, 2, 8, 3, 5, 2, 5, 7, 3, 1, 5, 2, 10, 4, 8, 3, 7, 10, 6, 2, 8, 1, 1, 7, 5, 6, 10, 1, 4, 6, 6, 1, 8, 4, 9, 2, 9, 7, 2, 9, 8, 9, 4, 10, 4, 2, 2, 7, 5, 7, 8, 10, 9, 4, 9, 1, 7, 7, 9, 8, 5, 4, 2, 4, 10, 10, 10, 4, 4, 1]
(0.8950912080169113, 1.0, 0.9571515364691618)
[9, 7, 4, 10, 6, 8, 4, 7, 5, 2, 6, 7, 3, 1, 5, 2, 10, 4, 8, 3, 7, 10, 6, 2, 8, 8, 3, 7, 5, 2, 5, 2, 4, 9, 5, 8, 8, 4, 9, 2, 9, 7, 2, 9, 8, 9, 4, 10, 4, 2, 8, 7, 5, 7, 8, 10, 9, 4, 9, 1, 7, 7, 10, 8, 5, 4, 2, 4, 10, 10, 10, 4, 4, 1]
(0.8950912080169113, 1.0, 0.9571515364691618)
[9, 7, 4, 10, 6, 8, 4, 7, 5, 2, 6, 7, 3, 1, 5, 2, 10, 4, 8, 3, 7, 10, 6, 2, 8, 8, 1, 7, 5, 6, 4, 1, 4, 6, 6, 1, 8, 6, 9, 3, 9, 7, 2, 9, 8, 9, 4, 10, 4, 2, 8, 7, 5, 7, 8, 10, 9, 4, 9, 1, 7, 7, 10, 8, 5, 4, 2, 4, 10, 10, 10, 6, 2, 1]
(0.8950912080169113, 1.0, 0.9571515364691618)
[9, 3, 4, 10, 6, 2, 4, 7, 5, 2, 6, 7, 3, 1, 5, 2, 7, 4, 8, 3, 7, 10, 6, 2, 8, 8, 1, 7, 5, 6, 10, 1, 4, 6, 6, 1, 7, 4, 9, 3, 9, 7, 2, 9, 8, 9, 4, 10, 4, 2, 8, 7, 5, 7, 8, 10, 9, 4, 9, 1, 7, 4, 10, 10, 6, 4, 2, 4, 10, 10, 10, 6, 2, 1]
(0.8950912080169113, 1.0, 0.9571515364691618)
[9, 7, 4, 10, 6, 8, 4, 7, 5, 2, 6, 7, 3, 1, 5, 2, 10, 4, 8, 3, 7, 10, 6, 2, 8, 8, 1, 7, 5, 6, 4, 1, 4, 6, 6, 1, 8, 6, 9, 3, 9, 7, 2, 9, 8, 9, 4, 10, 4, 2, 8, 7, 5, 7, 8, 10, 9, 4, 9, 1, 7, 7, 10, 8, 5, 4, 2, 4, 10, 10, 10, 6, 2, 1]
(0.8950912080169113, 1.0, 0.9571515364691618)
[9, 7, 4, 10, 6, 8, 4, 7, 5, 2, 6, 7, 3, 1, 5, 2, 10, 4, 8, 3, 7, 10, 6, 2, 8, 8, 1, 7, 5, 6, 4, 1, 4, 6, 6, 1, 8, 6, 9, 3, 9, 7, 2, 9, 8, 9, 4, 10, 4, 2, 8, 7, 5, 7, 8, 10, 9, 4, 9, 1, 7, 7, 10, 8, 5, 4, 2, 4, 10, 10, 10, 6, 2, 1]
(0.8950912080169113, 1.0, 0.9571515364691618)
[9, 7, 4, 4, 6, 2, 8, 7, 5, 2, 6, 7, 3, 1, 5, 2, 10, 4, 8, 3, 7, 10, 6, 2, 8, 8, 1, 7, 5, 6, 10, 1, 4, 6, 6, 1, 7, 4, 9, 3, 9, 7, 2, 9, 8, 9, 4, 10, 4, 2, 8, 9, 5, 7, 8, 10, 9, 4, 9, 1, 7, 7, 10, 6, 5, 4, 2, 4, 10, 10, 10, 6, 2, 1]
(0.8950912080169113, 1.0, 0.9571515364691618)
[9, 7, 4, 10, 6, 8, 4, 7, 5, 2, 6, 7, 3, 1, 5, 2, 10, 4, 8, 3, 7, 10, 6, 2, 8, 8, 3, 7, 5, 2, 5, 2, 4, 9, 5, 8, 8, 4, 9, 2, 9, 7, 2, 9, 8, 9, 4, 10, 4, 2, 8, 7, 5, 7, 8, 10, 9, 4, 9, 1, 7, 7, 10, 8, 5, 4, 2, 4, 10, 10, 10, 4, 4, 1]
(0.8950912080169113, 1.0, 0.9571515364691618)
[9, 7, 4, 10, 6, 8, 4, 7, 5, 2, 6, 7, 3, 1, 5, 2, 10, 4, 8, 3, 7, 10, 6, 2, 8, 8, 3, 7, 5, 2, 5, 2, 4, 9, 5, 8, 8, 4, 9, 2, 9, 7, 2, 9, 8, 9, 4, 10, 4, 2, 8, 7, 5, 7, 8, 10, 9, 4, 9, 1, 7, 7, 10, 8, 5, 4, 2, 4, 10, 10, 10, 4, 4, 1]
(0.8950912080169113, 1.0, 0.9571515364691618)
[9, 3, 4, 10, 6, 8, 4, 7, 5, 2, 6, 7, 3, 1, 5, 2, 10, 4, 8, 3, 7, 10, 6, 2, 8, 8, 1, 7, 5, 6, 10, 1, 4, 6, 6, 1, 7, 4, 9, 3, 9, 7, 2, 9, 8, 9, 4, 10, 4, 2, 8, 7, 5, 7, 8, 10, 9, 4, 9, 1, 7, 7, 10, 6, 5, 4, 2, 4, 10, 10, 10, 6, 2, 1]
(0.8950912080169113, 1.0, 0.9571515364691618)
[9, 7, 4, 10, 6, 2, 8, 3, 5, 2, 1, 7, 3, 1, 5, 2, 10, 4, 8, 3, 7, 10, 6, 2, 8, 1, 1, 7, 5, 6, 10, 1, 4, 6, 6, 1, 8, 4, 9, 2, 9, 7, 2, 9, 8, 9, 4, 10, 4, 2, 2, 7, 5, 7, 8, 10, 9, 4, 9, 1, 7, 7, 9, 8, 5, 4, 2, 4, 10, 10, 10, 3, 4, 1]
(0.8950912080169113, 1.0, 0.9571515364691618)
