[6, 8, 10, 5, 8, 1, 2, 8, 4, 1, 8, 10, 5, 7, 9, 9, 8, 9, 4, 6, 8, 10, 3, 9, 6, 8, 1, 10, 10, 8, 7, 2]
(5.757266031621654, -15.470818892689278, 0.5564609003938132, 1.4543818316569674)
[6, 8, 10, 5, 8, 1, 2, 8, 4, 1, 8, 10, 5, 7, 9, 9, 8, 9, 4, 6, 8, 10, 3, 9, 6, 8, 1, 10, 10, 8, 7, 2]
(5.757266031621654, -15.470818892689278, 0.5564609003938132, 1.4543818316569674)
[6, 8, 10, 5, 8, 1, 2, 8, 4, 1, 8, 10, 5, 7, 9, 9, 8, 9, 4, 6, 8, 10, 3, 9, 6, 8, 1, 10, 10, 8, 7, 2]
(5.757266031621654, -15.470818892689278, 0.5564609003938132, 1.4543818316569674)
[6, 8, 10, 5, 8, 1, 2, 8, 4, 1, 8, 10, 5, 7, 9, 9, 8, 9, 4, 6, 8, 10, 3, 9, 6, 8, 1, 10, 10, 8, 7, 2]
(5.757266031621654, -15.470818892689278, 0.5564609003938132, 1.4543818316569674)
[5, 8, 7, 5, 8, 2, 2, 10, 9, 5, 10, 6, 1, 10, 9, 10, 8, 9, 4, 6, 8, 6, 3, 1, 2, 8, 1, 10, 10, 8, 7, 3]
(2.8389249091850477, -55.324374070115205, -3.4827516719246416, 3.2720503452200513)
[8, 8, 3, 5, 7, 1, 1, 9, 9, 5, 10, 7, 4, 8, 9, 9, 8, 10, 1, 7, 10, 6, 3, 3, 6, 8, 1, 10, 7, 7, 9, 9]
(-3.4215689561262055, 6.09666284203817, 2.5084022564403066, 1.5512784572982787)
[8, 8, 3, 5, 7, 1, 1, 9, 9, 5, 10, 7, 4, 8, 9, 9, 8, 10, 1, 7, 10, 6, 3, 3, 6, 8, 1, 10, 7, 7, 9, 9]
(-3.4215689561262055, 6.09666284203817, 2.5084022564403066, 1.5512784572982787)
[6, 8, 3, 5, 8, 1, 2, 8, 4, 1, 8, 9, 5, 7, 9, 9, 8, 9, 4, 6, 8, 10, 3, 9, 6, 8, 1, 10, 10, 8, 7, 2]
(3.351564192311967, -1.5956424106690947, 0.2214389918106321, 1.0454292831788596)
[6, 10, 10, 8, 8, 1, 1, 10, 8, 2, 10, 8, 4, 10, 10, 3, 9, 10, 2, 9, 7, 8, 3, 10, 6, 6, 5, 10, 9, 7, 6, 5]
(3.4110011432769163, -18.559866801211882, 2.2801898631179798, 2.5757458282893246)
[6, 10, 10, 8, 8, 1, 1, 10, 8, 2, 10, 8, 4, 10, 10, 3, 9, 10, 2, 9, 7, 8, 3, 10, 6, 6, 5, 10, 9, 7, 6, 5]
(3.4110011432769163, -18.559866801211882, 2.2801898631179798, 2.5757458282893246)
[6, 10, 10, 8, 8, 1, 1, 10, 8, 2, 10, 8, 4, 10, 10, 3, 9, 10, 2, 9, 7, 8, 3, 10, 6, 6, 5, 10, 9, 7, 6, 5]
(3.4110011432769163, -18.559866801211882, 2.2801898631179798, 2.5757458282893246)
[6, 10, 10, 8, 8, 1, 1, 10, 8, 2, 10, 8, 4, 10, 10, 3, 9, 10, 2, 9, 7, 8, 3, 10, 6, 6, 5, 10, 9, 7, 6, 5]
(3.4110011432769163, -18.559866801211882, 2.2801898631179798, 2.5757458282893246)
[6, 10, 10, 8, 8, 1, 1, 10, 8, 2, 10, 8, 4, 10, 10, 3, 9, 10, 2, 9, 7, 8, 3, 9, 6, 6, 5, 10, 9, 7, 6, 5]
(2.1386239887362284, 2.569196433572663, 1.7054761409505554, 1.969216746684262)
[6, 10, 10, 8, 8, 1, 1, 10, 8, 2, 10, 8, 4, 10, 10, 3, 9, 10, 2, 9, 7, 8, 3, 9, 6, 6, 5, 10, 9, 7, 6, 9]
(4.423076403375388, -10.852513866611138, 1.902064264707505, 2.3920669025968677)
[6, 10, 10, 8, 8, 1, 1, 10, 8, 2, 10, 8, 4, 10, 10, 3, 9, 10, 2, 9, 7, 8, 3, 9, 6, 6, 5, 10, 9, 7, 6, 9]
(4.423076403375388, -10.852513866611138, 1.902064264707505, 2.3920669025968677)
[6, 10, 10, 8, 8, 1, 1, 10, 8, 2, 10, 8, 4, 10, 10, 3, 9, 10, 2, 9, 7, 8, 3, 9, 6, 6, 5, 10, 9, 7, 6, 9]
(4.423076403375388, -10.852513866611138, 1.902064264707505, 2.3920669025968677)
[8, 8, 3, 5, 4, 1, 1, 10, 9, 5, 10, 7, 4, 8, 9, 9, 8, 10, 1, 7, 10, 6, 3, 3, 6, 8, 1, 10, 7, 8, 9, 9]
(3.1668405684183636, -18.57495637897975, 0.4983753465881913, 2.5701705264112897)
[8, 8, 3, 5, 4, 1, 1, 10, 9, 5, 10, 7, 4, 8, 9, 9, 8, 10, 1, 7, 10, 6, 3, 3, 6, 8, 1, 10, 7, 8, 9, 9]
(3.1668405684183636, -18.57495637897975, 0.4983753465881913, 2.5701705264112897)
[8, 8, 3, 5, 4, 1, 1, 10, 9, 5, 10, 7, 4, 8, 9, 9, 8, 10, 1, 7, 10, 6, 3, 3, 6, 8, 1, 10, 7, 8, 9, 9]
(3.1668405684183636, -18.57495637897975, 0.4983753465881913, 2.5701705264112897)
[8, 8, 3, 5, 4, 1, 1, 10, 9, 5, 10, 7, 4, 8, 9, 9, 8, 10, 1, 7, 10, 6, 3, 3, 6, 8, 1, 10, 7, 8, 9, 9]
(3.1668405684183636, -18.57495637897975, 0.4983753465881913, 2.5701705264112897)
[6, 10, 10, 8, 8, 1, 1, 10, 8, 2, 10, 8, 4, 10, 10, 3, 9, 10, 2, 9, 7, 8, 3, 9, 6, 6, 5, 10, 9, 7, 6, 5]
(2.1386239887362284, 2.569196433572663, 1.7054761409505554, 1.969216746684262)
[6, 10, 10, 8, 8, 1, 1, 10, 8, 2, 10, 8, 4, 10, 10, 3, 9, 10, 2, 9, 7, 8, 3, 9, 6, 6, 5, 10, 9, 7, 6, 5]
(2.1386239887362284, 2.569196433572663, 1.7054761409505554, 1.969216746684262)
[6, 10, 10, 8, 8, 1, 1, 10, 8, 2, 10, 8, 4, 10, 10, 3, 9, 10, 2, 9, 7, 8, 3, 9, 6, 6, 5, 10, 9, 7, 6, 5]
(2.1386239887362284, 2.569196433572663, 1.7054761409505554, 1.969216746684262)
[5, 8, 10, 6, 8, 1, 2, 8, 4, 1, 8, 10, 5, 7, 9, 10, 8, 9, 4, 6, 8, 10, 3, 9, 6, 8, 1, 10, 10, 8, 7, 3]
(4.381482224514, -13.262518971627129, -0.9800305179796547, 2.1662376257359504)
[5, 8, 10, 6, 8, 1, 2, 8, 4, 1, 8, 10, 5, 7, 9, 10, 8, 9, 4, 6, 8, 10, 3, 9, 6, 8, 1, 10, 10, 8, 7, 3]
(4.381482224514, -13.262518971627129, -0.9800305179796547, 2.1662376257359504)
[5, 8, 10, 6, 8, 1, 2, 8, 4, 1, 8, 10, 5, 7, 9, 10, 8, 9, 4, 6, 8, 10, 3, 9, 6, 8, 1, 10, 10, 8, 7, 3]
(4.381482224514, -13.262518971627129, -0.9800305179796547, 2.1662376257359504)
[5, 8, 10, 6, 8, 1, 2, 8, 4, 1, 8, 10, 5, 7, 9, 10, 8, 9, 4, 6, 8, 10, 3, 9, 6, 8, 1, 10, 10, 8, 7, 3]
(4.381482224514, -13.262518971627129, -0.9800305179796547, 2.1662376257359504)
[5, 8, 10, 5, 8, 1, 1, 9, 9, 5, 10, 8, 4, 7, 9, 10, 8, 9, 4, 6, 8, 10, 3, 1, 2, 8, 1, 10, 10, 8, 8, 2]
(4.549464238303232, 2.456282096063718, -5.754205285596109, 3.7358597425150917)
[6, 5, 4, 1, 8, 2, 1, 1, 10, 8, 1, 7, 5, 8, 9, 6, 8, 6, 1, 7, 10, 6, 3, 5, 4, 5, 6, 10, 7, 8, 9, 2]
(4.325069945667917, 4.915207192999959, -0.01830841815034192, 3.4483877917637256)
[5, 8, 7, 5, 8, 2, 2, 10, 9, 5, 10, 6, 1, 10, 9, 9, 8, 9, 4, 6, 8, 9, 3, 1, 2, 8, 1, 10, 10, 8, 7, 3]
(6.9754722490175025, 0.6175007865510771, -11.81612846948764, 3.468449365167808)
[5, 8, 10, 5, 8, 2, 1, 10, 9, 5, 10, 7, 4, 8, 9, 9, 8, 9, 4, 6, 8, 9, 3, 1, 2, 8, 1, 10, 10, 8, 7, 3]
(8.619294144837067, -1.3241869141573646, -15.061379762282321, 3.50546205582051)
[5, 8, 10, 5, 8, 2, 1, 10, 9, 5, 10, 7, 4, 8, 9, 9, 8, 9, 4, 6, 8, 9, 3, 1, 2, 8, 1, 10, 10, 8, 7, 3]
(8.619294144837067, -1.3241869141573646, -15.061379762282321, 3.50546205582051)
[5, 8, 10, 5, 8, 2, 1, 10, 9, 5, 10, 7, 4, 8, 9, 9, 8, 9, 4, 6, 8, 9, 3, 1, 2, 8, 1, 10, 10, 8, 7, 3]
(8.619294144837067, -1.3241869141573646, -15.061379762282321, 3.50546205582051)
[5, 8, 10, 5, 7, 4, 2, 8, 4, 1, 8, 9, 5, 7, 9, 9, 8, 9, 4, 6, 8, 10, 3, 1, 2, 8, 1, 10, 10, 8, 7, 2]
(5.748170000819255, -3.290715804731656, -8.014380867801965, 3.4715707695113416)
[5, 8, 10, 5, 7, 4, 2, 8, 4, 1, 8, 9, 5, 7, 9, 9, 8, 9, 4, 6, 8, 10, 3, 1, 2, 8, 1, 10, 10, 8, 7, 2]
(5.748170000819255, -3.290715804731656, -8.014380867801965, 3.4715707695113416)
[5, 8, 10, 5, 7, 4, 2, 8, 4, 1, 8, 9, 5, 7, 9, 9, 8, 9, 4, 6, 8, 10, 3, 1, 2, 8, 1, 10, 10, 8, 7, 2]
(5.748170000819255, -3.290715804731656, -8.014380867801965, 3.4715707695113416)
[5, 8, 10, 5, 7, 4, 2, 8, 4, 1, 8, 9, 5, 7, 9, 9, 8, 9, 4, 6, 8, 10, 3, 1, 2, 8, 1, 10, 10, 8, 7, 2]
(5.748170000819255, -3.290715804731656, -8.014380867801965, 3.4715707695113416)
[5, 8, 10, 5, 7, 4, 2, 8, 4, 1, 8, 9, 5, 7, 9, 10, 8, 9, 4, 6, 8, 10, 3, 1, 2, 8, 1, 10, 10, 8, 7, 2]
(7.566835482721171, -0.2811866064031152, -10.949220116291905, 3.6117134810589846)
[5, 8, 10, 5, 7, 4, 2, 8, 4, 1, 8, 9, 5, 7, 9, 10, 8, 9, 4, 6, 8, 10, 3, 1, 2, 8, 1, 10, 10, 8, 7, 2]
(7.566835482721171, -0.2811866064031152, -10.949220116291905, 3.6117134810589846)
[5, 8, 10, 5, 7, 4, 2, 8, 4, 1, 8, 9, 5, 7, 9, 10, 8, 9, 4, 6, 8, 10, 3, 1, 2, 8, 1, 10, 10, 8, 7, 2]
(7.566835482721171, -0.2811866064031152, -10.949220116291905, 3.6117134810589846)
[5, 8, 7, 5, 8, 2, 2, 10, 9, 5, 10, 6, 1, 10, 9, 10, 8, 9, 4, 6, 8, 6, 3, 1, 2, 8, 1, 10, 10, 8, 7, 3]
(2.8389249091850477, -55.324374070115205, -3.4827516719246416, 3.2720503452200513)
[5, 10, 5, 6, 8, 1, 2, 10, 9, 5, 10, 7, 4, 10, 9, 9, 8, 9, 4, 6, 8, 6, 3, 1, 2, 8, 1, 10, 10, 8, 7, 3]
(6.770885811393964, -49.26773358332699, -8.897230936071335, 3.752209462635141)
[5, 10, 5, 6, 8, 1, 2, 10, 9, 5, 10, 7, 4, 10, 9, 9, 8, 9, 4, 6, 8, 6, 3, 1, 2, 8, 1, 10, 10, 8, 7, 3]
(6.770885811393964, -49.26773358332699, -8.897230936071335, 3.752209462635141)
[8, 8, 3, 5, 8, 1, 1, 10, 9, 5, 10, 7, 1, 4, 9, 8, 8, 7, 1, 7, 10, 6, 3, 3, 6, 9, 1, 10, 7, 8, 9, 9]
(3.487241869440365, 0.14917266720707434, 2.1034737672260553, 3.11517962811246)
[8, 8, 3, 5, 8, 1, 1, 10, 9, 5, 10, 7, 1, 4, 9, 8, 8, 7, 1, 7, 10, 6, 3, 3, 6, 9, 1, 10, 7, 8, 9, 9]
(3.487241869440365, 0.14917266720707434, 2.1034737672260553, 3.11517962811246)
[8, 8, 3, 5, 8, 1, 1, 10, 9, 5, 10, 7, 1, 4, 9, 8, 8, 7, 1, 7, 10, 6, 3, 3, 6, 9, 1, 10, 7, 8, 9, 9]
(3.487241869440365, 0.14917266720707434, 2.1034737672260553, 3.11517962811246)
[6, 5, 4, 1, 8, 2, 1, 1, 10, 8, 1, 7, 5, 8, 10, 6, 8, 6, 1, 7, 10, 6, 3, 5, 4, 5, 6, 10, 7, 8, 9, 2]
(4.49459792553763, 5.137368495962613, -0.12577980361995714, 3.1941210403486022)
[6, 5, 4, 1, 8, 2, 1, 1, 10, 8, 1, 7, 5, 8, 10, 6, 8, 6, 1, 7, 10, 6, 3, 5, 4, 5, 6, 10, 7, 8, 9, 2]
(4.49459792553763, 5.137368495962613, -0.12577980361995714, 3.1941210403486022)
[6, 5, 4, 1, 8, 2, 1, 1, 10, 8, 1, 7, 5, 8, 10, 6, 8, 6, 1, 7, 10, 6, 3, 5, 4, 5, 6, 10, 7, 8, 9, 2]
(4.49459792553763, 5.137368495962613, -0.12577980361995714, 3.1941210403486022)
[5, 8, 10, 5, 7, 4, 2, 8, 4, 1, 8, 9, 5, 7, 9, 10, 8, 9, 4, 6, 8, 10, 3, 1, 2, 8, 1, 10, 10, 8, 8, 2]
(3.8804096388856144, -13.819740299290881, -2.8027443137966848, 3.824891736741588)
[8, 8, 3, 5, 8, 1, 7, 10, 9, 5, 10, 7, 1, 4, 9, 8, 8, 8, 1, 7, 10, 6, 3, 3, 6, 9, 1, 10, 7, 8, 9, 9]
(4.65504585179268, -32.05812299469462, -3.5097635700685967, 3.7587298909827633)
[6, 8, 10, 5, 8, 1, 2, 8, 4, 1, 8, 10, 5, 7, 9, 9, 3, 10, 1, 7, 10, 6, 3, 3, 6, 8, 1, 10, 10, 8, 7, 2]
(4.6586341855414055, -11.38429736425637, -7.792328658676625, 3.6505265876507793)
[6, 8, 10, 5, 8, 1, 2, 8, 4, 1, 8, 10, 5, 7, 9, 9, 3, 10, 1, 7, 10, 6, 3, 3, 6, 8, 1, 10, 10, 8, 7, 2]
(4.6586341855414055, -11.38429736425637, -7.792328658676625, 3.6505265876507793)
[6, 8, 10, 5, 8, 1, 2, 8, 4, 1, 8, 10, 5, 7, 9, 9, 3, 10, 1, 7, 10, 6, 3, 3, 6, 8, 1, 10, 10, 8, 7, 2]
(4.6586341855414055, -11.38429736425637, -7.792328658676625, 3.6505265876507793)
[5, 8, 10, 5, 7, 4, 2, 8, 4, 1, 8, 9, 5, 7, 9, 10, 8, 9, 4, 6, 8, 10, 3, 1, 2, 8, 1, 10, 10, 8, 8, 2]
(3.8804096388856144, -13.819740299290881, -2.8027443137966848, 3.824891736741588)
[5, 8, 10, 5, 7, 4, 2, 8, 4, 1, 8, 9, 5, 7, 9, 10, 8, 9, 4, 6, 8, 10, 3, 1, 2, 8, 1, 10, 10, 8, 8, 2]
(3.8804096388856144, -13.819740299290881, -2.8027443137966848, 3.824891736741588)
[8, 8, 3, 5, 8, 1, 1, 10, 9, 5, 10, 7, 1, 8, 9, 8, 6, 10, 1, 7, 10, 6, 3, 3, 6, 9, 1, 10, 7, 8, 9, 9]
(4.459799897949676, -8.828435948781795, 0.585549754925661, 3.9408258062258894)
[8, 8, 3, 5, 8, 1, 1, 10, 9, 5, 10, 7, 1, 8, 9, 8, 6, 10, 1, 7, 10, 6, 3, 3, 6, 9, 1, 10, 7, 8, 9, 9]
(4.459799897949676, -8.828435948781795, 0.585549754925661, 3.9408258062258894)
[8, 8, 3, 5, 8, 1, 1, 10, 9, 5, 10, 7, 1, 8, 9, 8, 6, 10, 1, 7, 10, 6, 3, 3, 6, 9, 1, 10, 7, 8, 9, 9]
(4.459799897949676, -8.828435948781795, 0.585549754925661, 3.9408258062258894)
[8, 8, 3, 5, 8, 1, 1, 10, 9, 5, 10, 7, 1, 8, 9, 8, 6, 10, 1, 7, 10, 6, 3, 3, 6, 9, 1, 10, 7, 8, 9, 9]
(4.459799897949676, -8.828435948781795, 0.585549754925661, 3.9408258062258894)
[6, 5, 4, 1, 8, 1, 1, 9, 9, 5, 10, 8, 4, 7, 9, 10, 8, 9, 4, 6, 8, 10, 3, 1, 2, 8, 1, 10, 10, 8, 8, 2]
(4.758836963130669, -12.05451965259563, -2.316010445677673, 4.094720688498937)
[7, 5, 1, 1, 8, 1, 2, 8, 4, 1, 8, 9, 5, 7, 9, 10, 8, 9, 4, 6, 8, 10, 4, 9, 2, 10, 1, 10, 10, 8, 8, 2]
(4.192737814505916, -28.63025494004604, -3.6446914528862173, 3.9842488375052687)
[7, 5, 1, 1, 8, 1, 2, 8, 4, 1, 8, 9, 5, 7, 9, 10, 8, 9, 4, 6, 8, 10, 4, 9, 2, 10, 1, 10, 10, 8, 8, 2]
(4.192737814505916, -28.63025494004604, -3.6446914528862173, 3.9842488375052687)
[8, 8, 3, 5, 8, 2, 1, 10, 9, 5, 10, 7, 4, 8, 9, 9, 8, 7, 1, 9, 10, 7, 4, 9, 6, 9, 1, 10, 7, 8, 9, 3]
(3.3463241352608297, 1.7965189688648269, 5.584595401707512, 4.024553261321639)
[8, 8, 3, 5, 8, 2, 1, 10, 9, 5, 10, 7, 4, 8, 9, 9, 8, 7, 1, 9, 10, 7, 4, 9, 6, 9, 1, 10, 7, 8, 9, 3]
(3.3463241352608297, 1.7965189688648269, 5.584595401707512, 4.024553261321639)
[8, 8, 3, 5, 8, 2, 1, 10, 9, 5, 10, 7, 4, 8, 9, 9, 8, 7, 1, 9, 10, 7, 4, 9, 2, 10, 1, 10, 10, 7, 8, 3]
(2.4094499047041156, -6.982799366240174, 12.512434735985162, 4.256329125128622)
[7, 5, 1, 1, 8, 1, 2, 8, 4, 1, 8, 9, 5, 7, 9, 10, 8, 9, 4, 6, 8, 10, 4, 9, 2, 10, 1, 10, 10, 8, 8, 2]
(4.192737814505916, -28.63025494004604, -3.6446914528862173, 3.9842488375052687)
[8, 8, 3, 5, 8, 2, 1, 10, 9, 5, 10, 7, 4, 8, 9, 9, 8, 7, 1, 9, 10, 7, 4, 9, 2, 10, 3, 10, 10, 7, 8, 3]
(3.0134493190932403, -8.394624156275498, 11.089660708054124, 4.136941493489491)
[8, 8, 3, 5, 8, 2, 1, 10, 9, 5, 10, 7, 4, 8, 9, 9, 8, 7, 1, 9, 10, 7, 4, 9, 2, 10, 3, 10, 10, 7, 8, 3]
(3.0134493190932403, -8.394624156275498, 11.089660708054124, 4.136941493489491)
[8, 8, 3, 5, 8, 2, 1, 10, 9, 5, 10, 7, 4, 8, 9, 9, 8, 7, 1, 9, 10, 7, 4, 9, 2, 10, 3, 10, 10, 7, 8, 3]
(3.0134493190932403, -8.394624156275498, 11.089660708054124, 4.136941493489491)
[8, 8, 3, 5, 8, 2, 1, 10, 9, 5, 10, 7, 4, 8, 9, 9, 8, 7, 1, 9, 10, 7, 4, 9, 2, 10, 3, 10, 10, 7, 8, 3]
(3.0134493190932403, -8.394624156275498, 11.089660708054124, 4.136941493489491)
[8, 10, 3, 5, 8, 1, 1, 10, 9, 5, 10, 7, 4, 8, 9, 9, 8, 7, 1, 8, 10, 7, 4, 9, 4, 10, 6, 10, 10, 7, 8, 3]
(1.2728997349727706, -83.08402847340388, 14.56582015493126, 4.324913989172905)
[8, 10, 3, 5, 8, 1, 1, 10, 9, 5, 10, 7, 4, 8, 9, 9, 8, 7, 1, 8, 10, 7, 4, 9, 4, 10, 6, 10, 10, 7, 8, 3]
(1.2728997349727706, -83.08402847340388, 14.56582015493126, 4.324913989172905)
[8, 10, 3, 5, 8, 1, 1, 10, 9, 5, 10, 7, 4, 8, 9, 9, 8, 7, 1, 8, 10, 7, 4, 9, 4, 10, 6, 10, 10, 7, 8, 3]
(1.2728997349727706, -83.08402847340388, 14.56582015493126, 4.324913989172905)
[8, 10, 3, 5, 8, 1, 1, 10, 9, 5, 10, 7, 4, 8, 9, 9, 8, 7, 1, 8, 10, 7, 4, 9, 4, 10, 6, 10, 10, 7, 8, 3]
(1.2728997349727706, -83.08402847340388, 14.56582015493126, 4.324913989172905)
[8, 8, 3, 5, 8, 1, 1, 10, 8, 5, 10, 7, 4, 8, 9, 9, 8, 7, 1, 8, 10, 7, 4, 10, 4, 10, 2, 10, 10, 7, 8, 2]
(-1.0949339311442858, -23.40929303396116, 2.2679379923657574, 3.9136903211196628)
[8, 8, 3, 5, 8, 1, 1, 10, 8, 5, 10, 7, 4, 8, 9, 9, 8, 7, 1, 8, 10, 7, 4, 10, 4, 10, 2, 10, 10, 7, 8, 2]
(-1.0949339311442858, -23.40929303396116, 2.2679379923657574, 3.9136903211196628)
[8, 8, 3, 5, 8, 1, 1, 10, 8, 5, 10, 7, 4, 8, 9, 9, 8, 7, 1, 8, 10, 7, 4, 10, 4, 10, 2, 10, 10, 7, 8, 2]
(-1.0949339311442858, -23.40929303396116, 2.2679379923657574, 3.9136903211196628)
[8, 8, 3, 5, 8, 1, 1, 10, 8, 5, 10, 7, 4, 8, 9, 9, 8, 7, 1, 8, 10, 7, 4, 10, 4, 10, 2, 10, 10, 7, 8, 2]
(-1.0949339311442858, -23.40929303396116, 2.2679379923657574, 3.9136903211196628)
[8, 8, 3, 5, 8, 2, 1, 10, 9, 5, 10, 7, 4, 8, 9, 9, 8, 7, 1, 9, 10, 7, 4, 7, 2, 10, 1, 10, 10, 7, 8, 3]
(-0.11874700705139955, -20.085327261409013, 5.650396565800545, 4.4684868209967785)
[5, 8, 5, 6, 8, 1, 2, 10, 9, 5, 10, 6, 1, 10, 9, 10, 8, 9, 4, 3, 8, 10, 3, 2, 6, 1, 1, 10, 10, 8, 8, 2]
(4.327924328230882, -19.243796770567904, -4.526649089921778, 4.229623949726344)
[5, 8, 5, 6, 8, 1, 2, 10, 9, 5, 10, 6, 1, 10, 9, 10, 8, 9, 4, 3, 8, 10, 3, 2, 6, 1, 1, 10, 10, 8, 8, 2]
(4.327924328230882, -19.243796770567904, -4.526649089921778, 4.229623949726344)
[5, 8, 5, 6, 8, 1, 2, 10, 9, 5, 10, 6, 1, 10, 9, 10, 8, 9, 4, 3, 8, 10, 3, 2, 6, 1, 1, 10, 10, 8, 8, 2]
(4.327924328230882, -19.243796770567904, -4.526649089921778, 4.229623949726344)
[5, 8, 5, 6, 8, 1, 2, 10, 9, 5, 10, 6, 1, 10, 9, 10, 8, 9, 4, 3, 8, 10, 3, 2, 6, 1, 1, 10, 10, 8, 8, 2]
(4.327924328230882, -19.243796770567904, -4.526649089921778, 4.229623949726344)
[8, 10, 3, 5, 8, 1, 1, 10, 9, 5, 10, 7, 4, 8, 9, 9, 8, 7, 1, 8, 10, 7, 4, 9, 4, 10, 6, 10, 10, 7, 8, 3]
(1.2728997349727706, -83.08402847340388, 14.56582015493126, 4.324913989172905)
[8, 10, 3, 5, 8, 1, 1, 10, 9, 5, 10, 7, 4, 8, 9, 9, 8, 7, 1, 8, 10, 7, 4, 9, 4, 10, 6, 10, 10, 7, 8, 3]
(1.2728997349727706, -83.08402847340388, 14.56582015493126, 4.324913989172905)
[8, 10, 3, 5, 8, 1, 1, 10, 9, 5, 10, 7, 4, 8, 9, 9, 8, 7, 1, 8, 10, 7, 4, 9, 4, 10, 6, 10, 10, 7, 8, 3]
(1.2728997349727706, -83.08402847340388, 14.56582015493126, 4.324913989172905)
[5, 8, 5, 6, 8, 1, 2, 10, 9, 5, 10, 6, 1, 10, 9, 10, 8, 9, 4, 3, 8, 10, 3, 2, 6, 10, 1, 10, 10, 8, 8, 2]
(5.4647450310198, -75.96448473571769, -9.587517722294947, 4.32867964210588)
[8, 10, 3, 5, 8, 1, 1, 10, 9, 5, 10, 7, 4, 8, 9, 9, 8, 7, 1, 8, 10, 7, 4, 9, 4, 10, 6, 10, 10, 7, 8, 3]
(1.2728997349727706, -83.08402847340388, 14.56582015493126, 4.324913989172905)
[8, 10, 3, 5, 8, 1, 1, 10, 9, 5, 10, 7, 4, 8, 9, 9, 8, 7, 1, 8, 10, 7, 4, 9, 4, 10, 6, 10, 10, 7, 8, 3]
(1.2728997349727706, -83.08402847340388, 14.56582015493126, 4.324913989172905)
[8, 10, 3, 5, 8, 1, 1, 10, 9, 5, 10, 7, 4, 8, 9, 9, 8, 7, 1, 8, 10, 7, 4, 9, 4, 10, 6, 10, 10, 7, 8, 3]
(1.2728997349727706, -83.08402847340388, 14.56582015493126, 4.324913989172905)
[8, 8, 3, 5, 8, 2, 1, 10, 9, 5, 10, 7, 4, 8, 9, 9, 8, 7, 1, 9, 10, 7, 4, 7, 2, 10, 1, 10, 10, 7, 8, 3]
(-0.11874700705139955, -20.085327261409013, 5.650396565800545, 4.4684868209967785)
[5, 8, 5, 6, 8, 1, 2, 10, 8, 5, 10, 6, 1, 10, 9, 10, 8, 9, 4, 3, 8, 10, 3, 2, 6, 1, 6, 10, 10, 8, 8, 2]
(4.8329094384138305, -50.68285002284942, -5.926433808529971, 3.9948771853272635)
[8, 8, 3, 5, 7, 1, 1, 9, 9, 5, 10, 7, 4, 8, 9, 9, 8, 7, 1, 9, 10, 7, 4, 9, 4, 10, 2, 10, 10, 7, 8, 3]
(1.421130586104911, -65.14686452490774, 13.056468054937852, 4.3842493319395865)
[8, 8, 3, 5, 7, 1, 1, 9, 9, 5, 10, 7, 4, 8, 9, 9, 8, 7, 1, 9, 10, 7, 4, 9, 4, 10, 2, 10, 10, 7, 8, 3]
(1.421130586104911, -65.14686452490774, 13.056468054937852, 4.3842493319395865)
[8, 8, 3, 5, 7, 1, 1, 9, 9, 5, 10, 7, 4, 8, 9, 9, 8, 7, 1, 9, 10, 7, 4, 9, 4, 10, 2, 10, 10, 7, 8, 3]
(1.421130586104911, -65.14686452490774, 13.056468054937852, 4.3842493319395865)
[8, 8, 3, 5, 7, 1, 1, 9, 9, 5, 10, 7, 4, 8, 9, 9, 8, 7, 1, 9, 10, 7, 4, 9, 4, 10, 2, 10, 10, 7, 8, 3]
(1.421130586104911, -65.14686452490774, 13.056468054937852, 4.3842493319395865)
[8, 8, 3, 5, 7, 1, 1, 9, 9, 5, 10, 7, 4, 8, 9, 9, 8, 7, 1, 9, 10, 7, 4, 9, 2, 10, 3, 10, 10, 7, 8, 3]
(2.7839858838810754, -20.5893159472779, 10.125661676473575, 4.169162514889861)
[8, 8, 3, 5, 7, 1, 1, 9, 9, 5, 10, 7, 4, 8, 9, 9, 8, 7, 1, 9, 10, 7, 4, 9, 2, 10, 3, 10, 10, 7, 8, 3]
(2.7839858838810754, -20.5893159472779, 10.125661676473575, 4.169162514889861)
[8, 8, 3, 5, 7, 1, 1, 9, 9, 5, 10, 7, 4, 8, 9, 9, 8, 7, 1, 9, 10, 7, 4, 9, 2, 10, 3, 10, 10, 7, 8, 3]
(2.7839858838810754, -20.5893159472779, 10.125661676473575, 4.169162514889861)
[8, 8, 3, 5, 7, 1, 1, 9, 9, 5, 10, 7, 4, 8, 9, 9, 8, 7, 1, 9, 10, 7, 4, 9, 2, 10, 3, 10, 10, 7, 8, 3]
(2.7839858838810754, -20.5893159472779, 10.125661676473575, 4.169162514889861)
[4, 4, 4, 1, 8, 2, 1, 1, 10, 8, 1, 4, 6, 10, 9, 4, 8, 7, 1, 8, 10, 7, 4, 9, 4, 10, 6, 10, 10, 7, 8, 3]
(3.664880167556043, -17.015586573310987, 0.2650374466094204, 4.267362656944851)
[4, 4, 4, 1, 8, 2, 1, 1, 10, 8, 1, 4, 6, 10, 9, 4, 8, 7, 1, 8, 10, 7, 4, 9, 4, 10, 6, 10, 10, 7, 8, 3]
(3.664880167556043, -17.015586573310987, 0.2650374466094204, 4.267362656944851)
[4, 4, 4, 1, 8, 2, 1, 1, 10, 8, 1, 4, 6, 10, 9, 4, 8, 7, 1, 8, 10, 7, 4, 9, 4, 10, 6, 10, 10, 7, 8, 3]
(3.664880167556043, -17.015586573310987, 0.2650374466094204, 4.267362656944851)
[5, 8, 5, 6, 8, 1, 2, 10, 9, 5, 10, 6, 1, 10, 9, 10, 8, 9, 4, 3, 8, 10, 3, 2, 6, 10, 1, 10, 10, 8, 8, 2]
(5.4647450310198, -75.96448473571769, -9.587517722294947, 4.32867964210588)
[8, 10, 3, 5, 8, 1, 1, 10, 9, 5, 10, 7, 4, 8, 9, 9, 8, 7, 1, 8, 10, 7, 4, 9, 4, 10, 6, 10, 10, 7, 8, 3]
(1.2728997349727706, -83.08402847340388, 14.56582015493126, 4.324913989172905)
[8, 10, 3, 5, 8, 1, 1, 10, 9, 5, 10, 7, 4, 8, 9, 9, 8, 7, 1, 8, 10, 7, 4, 9, 4, 10, 6, 10, 10, 7, 8, 3]
(1.2728997349727706, -83.08402847340388, 14.56582015493126, 4.324913989172905)
[8, 10, 3, 5, 8, 1, 1, 10, 9, 5, 10, 7, 4, 8, 9, 9, 8, 7, 1, 8, 10, 7, 4, 9, 4, 10, 6, 10, 10, 7, 8, 3]
(1.2728997349727706, -83.08402847340388, 14.56582015493126, 4.324913989172905)
[8, 10, 3, 5, 8, 1, 1, 10, 9, 5, 10, 7, 4, 8, 9, 9, 8, 7, 1, 8, 10, 7, 4, 9, 4, 10, 6, 10, 10, 7, 8, 3]
(1.2728997349727706, -83.08402847340388, 14.56582015493126, 4.324913989172905)
[8, 10, 3, 5, 8, 1, 1, 10, 9, 5, 10, 7, 4, 8, 9, 9, 8, 7, 1, 8, 10, 7, 4, 9, 4, 10, 6, 10, 10, 7, 8, 3]
(1.2728997349727706, -83.08402847340388, 14.56582015493126, 4.324913989172905)
[8, 10, 3, 5, 8, 1, 1, 10, 9, 5, 10, 7, 4, 8, 9, 9, 8, 7, 1, 8, 10, 7, 4, 9, 4, 10, 6, 10, 10, 7, 8, 3]
(1.2728997349727706, -83.08402847340388, 14.56582015493126, 4.324913989172905)
[8, 10, 3, 5, 8, 1, 1, 10, 9, 5, 10, 7, 4, 8, 9, 9, 8, 7, 1, 8, 10, 7, 4, 9, 4, 10, 6, 10, 10, 7, 8, 3]
(1.2728997349727706, -83.08402847340388, 14.56582015493126, 4.324913989172905)
[8, 10, 3, 5, 8, 1, 1, 10, 9, 5, 10, 7, 4, 8, 9, 9, 8, 7, 1, 8, 10, 7, 4, 9, 4, 10, 6, 10, 10, 7, 8, 3]
(1.2728997349727706, -83.08402847340388, 14.56582015493126, 4.324913989172905)
[6, 8, 3, 5, 8, 1, 1, 9, 9, 5, 10, 7, 4, 8, 9, 9, 8, 7, 1, 6, 10, 7, 4, 9, 4, 10, 6, 10, 10, 7, 8, 3]
(-5.041950860231839, 4.478679534652544, 5.917168123445736, 4.631536099689178)
[6, 8, 3, 5, 8, 1, 1, 9, 9, 5, 10, 7, 4, 8, 9, 9, 8, 7, 1, 6, 10, 7, 4, 9, 4, 10, 6, 10, 10, 7, 8, 3]
(-5.041950860231839, 4.478679534652544, 5.917168123445736, 4.631536099689178)
[8, 8, 3, 5, 5, 1, 1, 9, 9, 5, 10, 7, 4, 8, 9, 8, 8, 7, 1, 8, 10, 7, 4, 9, 4, 10, 2, 10, 10, 7, 8, 2]
(-7.238380743137213, -49.39071198679397, 10.239825141593883, 4.620038053948289)
[8, 8, 3, 5, 5, 1, 1, 9, 9, 5, 10, 7, 4, 8, 9, 8, 8, 7, 1, 8, 10, 7, 4, 9, 4, 10, 2, 10, 10, 7, 8, 2]
(-7.238380743137213, -49.39071198679397, 10.239825141593883, 4.620038053948289)
[6, 8, 3, 5, 8, 1, 1, 9, 9, 5, 10, 7, 4, 8, 9, 9, 8, 7, 1, 6, 10, 7, 4, 9, 4, 10, 6, 10, 10, 7, 8, 3]
(-5.041950860231839, 4.478679534652544, 5.917168123445736, 4.631536099689178)
[6, 8, 3, 5, 8, 1, 1, 9, 9, 5, 10, 7, 4, 8, 9, 9, 8, 7, 1, 6, 10, 7, 4, 9, 4, 10, 6, 10, 10, 7, 8, 3]
(-5.041950860231839, 4.478679534652544, 5.917168123445736, 4.631536099689178)
[8, 8, 3, 5, 8, 1, 1, 9, 9, 5, 10, 7, 4, 8, 9, 9, 8, 7, 1, 9, 10, 7, 4, 9, 4, 10, 2, 10, 10, 7, 8, 3]
(-3.8580489432581118, -60.67715336509665, 12.392580749553606, 4.638561816027886)
[8, 8, 3, 5, 5, 1, 1, 9, 9, 5, 10, 7, 4, 8, 9, 9, 8, 7, 1, 8, 10, 7, 4, 9, 4, 10, 2, 10, 10, 7, 8, 2]
(-5.453290283695949, -39.70638827938738, 12.731640077154246, 4.713366590099675)
[8, 8, 3, 5, 5, 1, 1, 9, 9, 5, 10, 7, 4, 8, 9, 9, 8, 7, 1, 8, 10, 7, 4, 9, 4, 10, 2, 10, 10, 7, 8, 2]
(-5.453290283695949, -39.70638827938738, 12.731640077154246, 4.713366590099675)
[8, 8, 3, 5, 5, 1, 1, 9, 9, 5, 10, 7, 4, 8, 9, 9, 8, 7, 1, 8, 10, 7, 4, 9, 4, 10, 2, 10, 10, 7, 8, 2]
(-5.453290283695949, -39.70638827938738, 12.731640077154246, 4.713366590099675)
[8, 8, 3, 5, 5, 1, 1, 9, 9, 5, 10, 7, 4, 8, 9, 9, 8, 7, 1, 8, 10, 7, 4, 9, 4, 10, 2, 10, 10, 7, 8, 2]
(-5.453290283695949, -39.70638827938738, 12.731640077154246, 4.713366590099675)
[8, 8, 3, 5, 5, 1, 1, 9, 9, 5, 10, 7, 4, 8, 9, 9, 8, 7, 1, 8, 10, 7, 4, 9, 4, 10, 2, 10, 10, 7, 8, 2]
(-5.453290283695949, -39.70638827938738, 12.731640077154246, 4.713366590099675)
[8, 10, 3, 5, 8, 1, 1, 10, 9, 5, 10, 7, 4, 8, 9, 9, 8, 7, 1, 8, 10, 7, 4, 8, 4, 10, 6, 10, 10, 7, 8, 2]
(-4.192656699201973, -74.22496954176275, 10.38634231982138, 4.717131626351081)
[8, 10, 3, 5, 8, 1, 1, 10, 9, 5, 10, 7, 4, 8, 9, 9, 8, 7, 1, 8, 10, 7, 4, 8, 4, 10, 6, 10, 10, 7, 8, 2]
(-4.192656699201973, -74.22496954176275, 10.38634231982138, 4.717131626351081)
[8, 10, 3, 5, 8, 1, 1, 10, 9, 5, 10, 7, 4, 8, 9, 9, 8, 7, 1, 8, 10, 7, 4, 8, 4, 10, 6, 10, 10, 7, 8, 2]
(-4.192656699201973, -74.22496954176275, 10.38634231982138, 4.717131626351081)
[6, 8, 3, 5, 5, 1, 1, 9, 9, 5, 10, 7, 4, 8, 9, 9, 8, 7, 1, 8, 10, 7, 4, 9, 4, 10, 6, 10, 10, 7, 8, 1]
(-4.3152300152875, -55.4077259014791, 12.335113876065929, 4.834766328193369)
[8, 8, 3, 5, 8, 1, 1, 9, 9, 5, 10, 7, 4, 8, 9, 9, 8, 7, 1, 8, 10, 7, 4, 9, 4, 10, 2, 10, 10, 7, 8, 2]
(-4.893308551198541, -11.485972841654707, 10.94876574874548, 4.885033399288711)
[8, 8, 3, 5, 8, 1, 1, 9, 9, 5, 10, 7, 4, 8, 9, 9, 8, 7, 1, 8, 10, 7, 4, 9, 4, 10, 2, 10, 10, 7, 8, 2]
(-4.893308551198541, -11.485972841654707, 10.94876574874548, 4.885033399288711)
[8, 8, 3, 5, 8, 1, 1, 9, 9, 5, 10, 7, 4, 8, 9, 9, 8, 7, 1, 8, 10, 7, 4, 9, 4, 10, 2, 10, 10, 7, 8, 2]
(-4.893308551198541, -11.485972841654707, 10.94876574874548, 4.885033399288711)
[8, 8, 3, 5, 8, 1, 1, 9, 9, 5, 10, 7, 4, 8, 9, 9, 8, 7, 1, 8, 10, 7, 4, 9, 4, 10, 2, 10, 10, 7, 8, 2]
(-4.893308551198541, -11.485972841654707, 10.94876574874548, 4.885033399288711)
[7, 4, 5, 1, 8, 2, 1, 1, 10, 8, 1, 7, 4, 8, 9, 9, 8, 6, 1, 7, 10, 6, 3, 5, 4, 5, 6, 10, 7, 8, 9, 2]
(3.302851685607922, 5.496156623208515, 3.5986943070401267, 5.060397487520558)
[7, 4, 5, 1, 8, 2, 1, 1, 10, 8, 1, 7, 4, 8, 9, 9, 8, 6, 1, 7, 10, 6, 3, 5, 4, 5, 6, 10, 7, 8, 9, 2]
(3.302851685607922, 5.496156623208515, 3.5986943070401267, 5.060397487520558)
[6, 5, 4, 1, 4, 2, 1, 1, 10, 8, 1, 7, 5, 8, 9, 6, 8, 6, 1, 7, 10, 6, 3, 5, 4, 5, 6, 10, 7, 8, 9, 2]
(3.7939041262757653, 2.180183740162152, 0.5080904475847313, 5.273828959830061)
[7, 4, 4, 1, 8, 2, 1, 1, 10, 8, 1, 4, 6, 10, 9, 7, 8, 6, 1, 7, 10, 6, 3, 5, 4, 5, 6, 10, 7, 8, 9, 2]
(1.4705230113799985, 3.3212504348278977, 4.544820299757733, 5.2935198796884215)
[7, 4, 4, 1, 8, 2, 1, 1, 10, 8, 1, 4, 6, 10, 9, 7, 8, 6, 1, 7, 10, 6, 3, 5, 4, 5, 6, 10, 7, 8, 9, 2]
(1.4705230113799985, 3.3212504348278977, 4.544820299757733, 5.2935198796884215)
[7, 4, 4, 1, 8, 2, 1, 1, 10, 8, 1, 4, 6, 10, 9, 7, 8, 6, 1, 7, 10, 6, 3, 5, 4, 5, 6, 10, 7, 8, 9, 2]
(1.4705230113799985, 3.3212504348278977, 4.544820299757733, 5.2935198796884215)
[7, 4, 5, 1, 8, 2, 1, 1, 10, 8, 1, 7, 4, 8, 9, 9, 8, 6, 1, 7, 10, 6, 3, 5, 4, 5, 2, 10, 7, 8, 9, 2]
(3.468542930045461, 5.8372049858430985, 2.8376480615097868, 5.437981071418204)
[7, 4, 5, 1, 8, 1, 1, 10, 10, 8, 1, 7, 4, 8, 9, 9, 8, 6, 1, 7, 10, 6, 3, 5, 4, 5, 6, 10, 7, 8, 9, 2]
(2.5300755420139014, 5.960909661734703, 2.950342890815148, 5.4953431149761816)
[7, 5, 6, 1, 1, 2, 1, 1, 10, 8, 1, 2, 5, 8, 9, 6, 8, 7, 1, 8, 10, 7, 4, 9, 4, 10, 4, 10, 3, 8, 9, 2]
(-0.8019035453217052, -18.91678014188417, 7.933013754332485, 5.635224884443448)
[6, 5, 4, 1, 8, 2, 1, 1, 10, 8, 1, 7, 5, 8, 9, 7, 8, 7, 1, 3, 10, 7, 4, 5, 4, 5, 6, 10, 7, 8, 9, 2]
(3.2179643510018647, 1.6103373979606561, -0.26991425669370156, 5.617046143773026)
[6, 5, 4, 1, 8, 2, 1, 1, 10, 8, 1, 7, 5, 8, 9, 7, 8, 7, 1, 3, 10, 7, 4, 5, 4, 5, 6, 10, 7, 8, 9, 2]
(3.2179643510018647, 1.6103373979606561, -0.26991425669370156, 5.617046143773026)
[6, 5, 4, 1, 8, 2, 1, 1, 10, 8, 1, 7, 5, 8, 9, 7, 8, 7, 1, 3, 10, 7, 4, 5, 4, 5, 6, 10, 7, 8, 9, 2]
(3.2179643510018647, 1.6103373979606561, -0.26991425669370156, 5.617046143773026)
[6, 5, 4, 1, 8, 2, 1, 1, 10, 8, 1, 7, 5, 8, 9, 7, 8, 7, 1, 3, 10, 7, 4, 5, 4, 5, 6, 10, 7, 8, 9, 2]
(3.2179643510018647, 1.6103373979606561, -0.26991425669370156, 5.617046143773026)
[1, 5, 4, 6, 7, 2, 1, 1, 10, 9, 1, 7, 6, 9, 9, 6, 7, 6, 4, 6, 8, 6, 3, 5, 4, 5, 5, 10, 3, 8, 9, 2]
(0.10232690205139078, 5.902987548811213, 6.538931221580309, 5.651832614119429)
[7, 5, 6, 1, 1, 2, 1, 1, 10, 8, 1, 7, 5, 8, 9, 6, 8, 7, 1, 8, 10, 7, 4, 9, 4, 10, 4, 10, 3, 8, 9, 2]
(-0.46160281572418, -5.1117214863555525, 4.2719525206091244, 5.6965655905812005)
[7, 5, 6, 1, 1, 2, 1, 1, 10, 8, 1, 7, 5, 8, 9, 6, 8, 7, 1, 8, 10, 7, 4, 9, 4, 7, 4, 10, 3, 8, 9, 2]
(-0.12237764932949702, -2.8482875345557126, 5.280867120478054, 5.7056373719026166)
[7, 5, 6, 1, 1, 2, 1, 1, 10, 8, 1, 7, 5, 8, 9, 6, 8, 7, 1, 8, 10, 7, 4, 9, 4, 7, 4, 10, 3, 8, 9, 2]
(-0.12237764932949702, -2.8482875345557126, 5.280867120478054, 5.7056373719026166)
[7, 5, 1, 1, 8, 2, 1, 1, 10, 8, 1, 4, 6, 10, 9, 7, 8, 7, 1, 3, 10, 7, 4, 9, 2, 10, 1, 10, 10, 7, 8, 2]
(3.3749277503704866, -19.1399841998905, -4.3905996957530515, 5.732225218943671)
[7, 5, 1, 1, 8, 2, 1, 1, 10, 8, 1, 4, 6, 10, 9, 7, 8, 7, 1, 3, 10, 7, 4, 9, 2, 10, 1, 10, 10, 7, 8, 2]
(3.3749277503704866, -19.1399841998905, -4.3905996957530515, 5.732225218943671)
[7, 5, 4, 1, 8, 2, 1, 1, 7, 3, 1, 3, 8, 8, 9, 9, 3, 9, 4, 7, 10, 7, 4, 9, 2, 7, 1, 10, 5, 7, 8, 2]
(-1.69704191887254, -17.605226539920693, 7.556230920714055, 5.716709390706852)
[1, 5, 4, 6, 7, 2, 1, 1, 10, 9, 1, 7, 6, 8, 9, 9, 3, 9, 4, 7, 10, 7, 4, 9, 2, 7, 1, 10, 3, 8, 9, 2]
(-0.49925229432137985, -25.384964202519697, 5.325171079861941, 5.758017024388648)
[7, 5, 4, 1, 8, 2, 1, 1, 7, 3, 1, 3, 8, 8, 9, 9, 3, 9, 4, 7, 10, 7, 4, 9, 2, 7, 1, 10, 5, 7, 8, 2]
(-1.69704191887254, -17.605226539920693, 7.556230920714055, 5.716709390706852)
[7, 5, 4, 1, 8, 2, 1, 1, 7, 3, 1, 3, 8, 8, 9, 9, 3, 9, 4, 7, 10, 7, 4, 9, 2, 7, 1, 10, 5, 7, 8, 2]
(-1.69704191887254, -17.605226539920693, 7.556230920714055, 5.716709390706852)
[7, 5, 1, 1, 8, 2, 1, 1, 10, 8, 1, 5, 6, 10, 9, 7, 8, 7, 1, 3, 10, 7, 4, 9, 2, 10, 1, 10, 10, 7, 8, 2]
(5.072607058718302, -48.263422891190196, -4.318002862839421, 5.721386119246545)
[4, 4, 4, 1, 3, 2, 1, 1, 10, 8, 1, 4, 6, 8, 10, 6, 8, 6, 1, 8, 10, 7, 4, 9, 4, 10, 6, 10, 10, 7, 8, 3]
(2.795313866561446, -10.603365636865892, -2.0024002401160903, 5.825203761894927)
[4, 4, 4, 1, 3, 2, 1, 1, 10, 8, 1, 4, 6, 8, 10, 6, 8, 6, 1, 8, 10, 7, 4, 9, 4, 10, 6, 10, 10, 7, 8, 3]
(2.795313866561446, -10.603365636865892, -2.0024002401160903, 5.825203761894927)
[7, 4, 4, 1, 8, 2, 1, 1, 10, 8, 1, 4, 6, 10, 9, 4, 8, 6, 1, 7, 10, 6, 3, 5, 4, 5, 6, 10, 7, 7, 8, 2]
(0.07875436864919722, 5.927500299558837, 1.4891494266833913, 5.938190570942729)
[7, 4, 4, 1, 8, 2, 1, 1, 10, 8, 1, 4, 6, 10, 9, 4, 8, 6, 1, 7, 10, 6, 3, 5, 4, 5, 6, 10, 7, 7, 8, 2]
(0.07875436864919722, 5.927500299558837, 1.4891494266833913, 5.938190570942729)
[7, 5, 6, 1, 8, 2, 1, 1, 10, 8, 1, 7, 5, 8, 9, 6, 8, 9, 4, 7, 10, 7, 4, 9, 2, 7, 1, 10, 5, 7, 8, 2]
(0.8820901133539081, 4.6990201653338035, 2.3316834231836285, 5.968169566610702)
[7, 5, 6, 1, 8, 2, 1, 1, 10, 8, 1, 7, 5, 8, 9, 6, 8, 9, 4, 7, 10, 7, 4, 9, 2, 7, 1, 10, 5, 7, 8, 2]
(0.8820901133539081, 4.6990201653338035, 2.3316834231836285, 5.968169566610702)
[7, 5, 5, 1, 8, 5, 1, 1, 10, 8, 1, 3, 6, 10, 9, 10, 8, 9, 1, 9, 10, 7, 3, 2, 2, 4, 4, 10, 10, 6, 7, 2]
(2.3033923446918267, -7.871297748044215, -0.6510468257172956, 6.080865653026726)
[3, 5, 4, 1, 7, 2, 1, 9, 9, 5, 3, 6, 8, 10, 1, 9, 1, 7, 1, 3, 10, 5, 4, 9, 6, 8, 1, 10, 10, 1, 1, 1]
(0.10100718835014959, 2.2418883259801357, 0.03708177294560864, 6.872569824625948)
[3, 5, 4, 1, 7, 2, 1, 9, 9, 5, 3, 6, 8, 10, 1, 9, 1, 7, 1, 3, 10, 5, 4, 9, 6, 8, 1, 10, 10, 1, 1, 1]
(0.10100718835014959, 2.2418883259801357, 0.03708177294560864, 6.872569824625948)
[3, 5, 4, 1, 7, 2, 1, 9, 9, 5, 3, 6, 8, 10, 1, 9, 1, 7, 1, 3, 10, 5, 4, 9, 6, 8, 1, 10, 10, 1, 1, 1]
(0.10100718835014959, 2.2418883259801357, 0.03708177294560864, 6.872569824625948)
[3, 5, 4, 1, 7, 2, 1, 9, 9, 5, 3, 6, 8, 10, 1, 9, 8, 7, 1, 9, 10, 7, 4, 7, 2, 10, 1, 10, 10, 1, 1, 1]
(0.09056341233149112, 0.7243298042604608, -0.007500526148946563, 6.955107148371993)
