[2, 7, 4, 2, 10, 10, 9, 6, 8, 2, 3, 10, 4, 3, 9, 4, 9, 10, 1, 5, 10, 9, 1, 6, 2, 8, 1, 10, 10, 8, 9, 2]
(1.8763649484493612, 4.452317097520329, 0.9316298574217181, 3.0565622126414724)
[2, 7, 4, 2, 10, 10, 9, 6, 8, 2, 3, 10, 4, 3, 9, 4, 9, 10, 1, 5, 10, 9, 1, 6, 2, 8, 1, 10, 10, 8, 9, 2]
(1.8763649484493612, 4.452317097520329, 0.9316298574217181, 3.0565622126414724)
[2, 7, 4, 2, 10, 10, 9, 6, 8, 2, 3, 10, 4, 3, 9, 4, 9, 10, 1, 5, 10, 9, 1, 6, 2, 8, 1, 10, 10, 8, 9, 2]
(1.8763649484493612, 4.452317097520329, 0.9316298574217181, 3.0565622126414724)
[2, 7, 4, 2, 10, 10, 9, 6, 8, 2, 3, 10, 4, 3, 9, 4, 9, 10, 1, 5, 10, 9, 1, 6, 2, 8, 1, 10, 10, 8, 9, 2]
(1.8763649484493612, 4.452317097520329, 0.9316298574217181, 3.0565622126414724)
[2, 3, 6, 6, 1, 9, 9, 2, 6, 3, 5, 10, 4, 4, 8, 6, 6, 10, 1, 4, 9, 9, 5, 8, 2, 5, 6, 10, 10, 8, 9, 9]
(8.746804557103758, -136.4940449489399, -13.451359899227674, 3.444642655273358)
[2, 3, 6, 6, 1, 9, 9, 2, 6, 3, 5, 10, 4, 4, 8, 6, 6, 10, 1, 4, 9, 9, 5, 8, 2, 5, 6, 10, 10, 8, 9, 9]
(8.746804557103758, -136.4940449489399, -13.451359899227674, 3.444642655273358)
[2, 3, 6, 6, 1, 9, 9, 2, 6, 3, 5, 10, 4, 4, 8, 6, 6, 10, 1, 4, 9, 9, 5, 8, 2, 5, 6, 10, 10, 8, 9, 9]
(8.746804557103758, -136.4940449489399, -13.451359899227674, 3.444642655273358)
[2, 3, 6, 6, 1, 9, 9, 2, 6, 3, 5, 10, 4, 4, 8, 6, 6, 10, 1, 4, 9, 9, 5, 8, 2, 5, 6, 10, 10, 8, 9, 9]
(8.746804557103758, -136.4940449489399, -13.451359899227674, 3.444642655273358)
[2, 3, 6, 6, 1, 9, 9, 2, 6, 3, 5, 10, 4, 4, 8, 6, 6, 10, 1, 4, 9, 9, 5, 8, 2, 5, 6, 10, 10, 8, 9, 9]
(8.746804557103758, -136.4940449489399, -13.451359899227674, 3.444642655273358)
[4, 1, 6, 10, 1, 5, 1, 6, 4, 10, 3, 10, 4, 9, 8, 4, 7, 10, 1, 10, 8, 10, 5, 1, 8, 2, 6, 10, 10, 8, 10, 1]
(4.380140699809428, 1.7791585045214295, 1.8490883129160331, 3.540735986402324)
[4, 1, 6, 10, 1, 5, 1, 6, 4, 10, 3, 10, 4, 9, 8, 4, 7, 10, 1, 10, 8, 10, 5, 1, 8, 2, 6, 10, 10, 8, 10, 1]
(4.380140699809428, 1.7791585045214295, 1.8490883129160331, 3.540735986402324)
[2, 7, 4, 10, 1, 9, 9, 2, 6, 3, 5, 10, 4, 8, 10, 4, 9, 5, 1, 1, 10, 9, 1, 6, 2, 8, 1, 10, 10, 8, 9, 1]
(4.320808420748306, 5.944852523752785, 2.2469963742073817, 3.9943271198864814)
[2, 7, 4, 10, 1, 9, 9, 2, 6, 3, 5, 10, 4, 8, 10, 4, 9, 5, 1, 1, 10, 9, 1, 6, 2, 8, 1, 10, 10, 8, 9, 1]
(4.320808420748306, 5.944852523752785, 2.2469963742073817, 3.9943271198864814)
[2, 7, 4, 10, 1, 9, 9, 2, 6, 3, 5, 10, 4, 8, 10, 4, 9, 5, 1, 1, 10, 9, 1, 6, 2, 8, 1, 10, 10, 8, 9, 1]
(4.320808420748306, 5.944852523752785, 2.2469963742073817, 3.9943271198864814)
[2, 3, 6, 6, 1, 9, 9, 2, 6, 3, 5, 10, 4, 3, 8, 6, 8, 10, 1, 4, 9, 9, 5, 10, 3, 1, 6, 8, 10, 8, 9, 9]
(9.438482691433713, -197.05915377101806, -15.276051833261047, 3.7165592518620794)
[2, 3, 6, 6, 1, 9, 9, 2, 6, 3, 5, 10, 4, 4, 8, 6, 8, 10, 1, 4, 9, 9, 5, 10, 3, 1, 6, 8, 10, 8, 9, 9]
(9.711110994462839, -200.4481978038057, -12.233421914734794, 3.7178353845576573)
[2, 3, 6, 6, 1, 9, 9, 2, 6, 3, 5, 10, 4, 4, 8, 6, 8, 10, 1, 4, 9, 9, 5, 10, 3, 1, 6, 8, 10, 8, 9, 9]
(9.711110994462839, -200.4481978038057, -12.233421914734794, 3.7178353845576573)
[2, 3, 6, 6, 1, 9, 9, 2, 6, 3, 5, 10, 4, 4, 8, 6, 8, 10, 1, 4, 9, 9, 5, 10, 3, 1, 6, 8, 10, 8, 9, 9]
(9.711110994462839, -200.4481978038057, -12.233421914734794, 3.7178353845576573)
[2, 3, 6, 6, 1, 9, 9, 2, 6, 3, 5, 10, 4, 4, 8, 6, 8, 10, 1, 4, 9, 9, 5, 10, 3, 1, 6, 8, 10, 8, 9, 9]
(9.711110994462839, -200.4481978038057, -12.233421914734794, 3.7178353845576573)
[4, 10, 4, 10, 1, 5, 1, 6, 5, 10, 7, 10, 7, 8, 8, 4, 9, 10, 1, 8, 10, 7, 1, 7, 9, 5, 3, 10, 1, 8, 9, 5]
(1.5770090099242224, 5.240589294058776, 3.1220945403776703, 3.841096898715304)
[2, 3, 4, 2, 6, 2, 10, 4, 8, 10, 2, 10, 4, 6, 8, 4, 6, 10, 7, 8, 10, 7, 1, 7, 9, 5, 3, 10, 1, 8, 9, 5]
(1.2509687462693109, 5.378959013530005, 4.451288529232842, 4.079594971110888)
[2, 3, 4, 2, 6, 2, 10, 4, 8, 10, 2, 10, 4, 6, 8, 4, 6, 10, 7, 8, 10, 7, 1, 7, 9, 5, 3, 10, 1, 8, 9, 5]
(1.2509687462693109, 5.378959013530005, 4.451288529232842, 4.079594971110888)
[4, 3, 5, 6, 1, 9, 9, 2, 6, 3, 5, 5, 4, 4, 8, 6, 3, 10, 1, 4, 9, 9, 5, 10, 3, 1, 6, 8, 10, 8, 9, 9]
(9.319491231963294, -89.75207851820774, -9.106377237931085, 4.0805654748770275)
[4, 3, 5, 6, 1, 9, 9, 2, 6, 3, 5, 5, 4, 4, 8, 6, 3, 10, 1, 4, 9, 9, 5, 10, 3, 1, 6, 8, 10, 8, 9, 9]
(9.319491231963294, -89.75207851820774, -9.106377237931085, 4.0805654748770275)
[4, 3, 5, 6, 1, 9, 9, 2, 6, 3, 5, 5, 4, 4, 8, 6, 3, 10, 1, 4, 9, 9, 5, 10, 3, 1, 6, 8, 10, 8, 9, 9]
(9.319491231963294, -89.75207851820774, -9.106377237931085, 4.0805654748770275)
[4, 3, 5, 6, 1, 9, 9, 2, 6, 3, 5, 5, 4, 4, 8, 6, 3, 10, 1, 4, 9, 9, 5, 10, 3, 1, 6, 8, 10, 8, 9, 9]
(9.319491231963294, -89.75207851820774, -9.106377237931085, 4.0805654748770275)
[4, 3, 5, 6, 1, 9, 9, 2, 6, 3, 5, 5, 4, 4, 8, 6, 3, 10, 1, 4, 9, 9, 5, 10, 3, 1, 6, 8, 10, 8, 9, 9]
(9.319491231963294, -89.75207851820774, -9.106377237931085, 4.0805654748770275)
[2, 3, 4, 2, 6, 5, 10, 4, 8, 10, 2, 10, 4, 6, 8, 4, 6, 10, 7, 8, 10, 7, 1, 7, 9, 5, 3, 10, 1, 8, 9, 5]
(1.2819599226284482, 5.838801037460703, 4.567756398073906, 4.11763780760327)
[2, 3, 4, 2, 6, 5, 10, 4, 8, 10, 2, 10, 4, 6, 8, 4, 6, 10, 7, 8, 10, 7, 1, 7, 9, 5, 3, 10, 1, 8, 9, 5]
(1.2819599226284482, 5.838801037460703, 4.567756398073906, 4.11763780760327)
[4, 3, 6, 7, 1, 9, 9, 2, 6, 3, 5, 10, 4, 4, 9, 4, 9, 10, 1, 8, 10, 7, 1, 5, 2, 1, 6, 8, 10, 8, 9, 1]
(1.3132665033335797, 1.5251628975018348, -0.8940300499633039, 4.852864201214349)
[4, 1, 6, 9, 1, 4, 10, 4, 8, 10, 3, 10, 4, 3, 9, 4, 7, 10, 6, 8, 10, 7, 1, 1, 2, 9, 6, 10, 1, 8, 9, 1]
(1.195875131238506, 3.113191221868152, 0.7984962562608469, 4.7255810127432945)
[4, 1, 6, 9, 1, 4, 10, 4, 8, 10, 3, 10, 4, 3, 9, 4, 7, 10, 6, 8, 10, 7, 1, 1, 2, 9, 6, 10, 1, 8, 9, 1]
(1.195875131238506, 3.113191221868152, 0.7984962562608469, 4.7255810127432945)
[4, 1, 6, 9, 1, 4, 10, 4, 8, 10, 3, 10, 4, 3, 9, 4, 7, 10, 6, 8, 10, 7, 1, 1, 2, 9, 6, 10, 1, 8, 9, 1]
(1.195875131238506, 3.113191221868152, 0.7984962562608469, 4.7255810127432945)
[4, 1, 4, 10, 1, 5, 10, 6, 8, 10, 3, 10, 4, 9, 8, 4, 9, 10, 7, 8, 10, 7, 1, 10, 9, 5, 3, 10, 10, 8, 9, 1]
(-1.498622606126093, -34.985963002043405, -1.468974964904862, 4.55069613321502)
[2, 7, 1, 10, 1, 8, 9, 2, 6, 1, 5, 10, 4, 3, 10, 6, 9, 7, 1, 1, 10, 9, 1, 8, 6, 8, 1, 10, 1, 8, 9, 2]
(-1.9227262402095673, -0.6808240393656734, 5.035365861111726, 5.3143374682383255)
[2, 7, 1, 10, 1, 8, 9, 2, 6, 1, 5, 10, 4, 3, 10, 6, 9, 7, 1, 1, 10, 9, 1, 8, 6, 8, 1, 10, 1, 8, 9, 2]
(-1.9227262402095673, -0.6808240393656734, 5.035365861111726, 5.3143374682383255)
[4, 1, 6, 8, 1, 5, 1, 6, 4, 10, 5, 1, 4, 9, 8, 4, 7, 10, 4, 8, 10, 7, 2, 10, 9, 5, 3, 10, 10, 8, 9, 1]
(0.45996436006998637, 5.756901338736114, 1.7642874228201242, 5.292384387022143)
[4, 1, 6, 10, 1, 5, 3, 6, 4, 10, 3, 10, 4, 3, 8, 4, 9, 5, 3, 8, 10, 7, 1, 1, 2, 9, 6, 10, 1, 8, 9, 1]
(-1.8504048510171855, 5.756256854122184, 4.187307183823455, 5.311629403336594)
[4, 1, 6, 10, 1, 5, 3, 6, 4, 10, 3, 10, 4, 3, 8, 4, 9, 5, 3, 8, 10, 7, 1, 1, 2, 9, 6, 10, 1, 8, 9, 1]
(-1.8504048510171855, 5.756256854122184, 4.187307183823455, 5.311629403336594)
[2, 7, 4, 2, 10, 10, 9, 6, 8, 2, 3, 10, 4, 8, 10, 4, 9, 10, 1, 1, 10, 9, 1, 6, 2, 8, 1, 10, 10, 8, 9, 1]
(6.898995754261149, -34.86389071711246, -3.0600624205037557, 5.377423693023622)
[2, 7, 4, 2, 10, 10, 9, 6, 8, 2, 3, 10, 4, 8, 10, 4, 9, 10, 1, 1, 10, 9, 1, 6, 2, 8, 1, 10, 10, 8, 9, 1]
(6.898995754261149, -34.86389071711246, -3.0600624205037557, 5.377423693023622)
[2, 7, 4, 2, 10, 10, 9, 6, 8, 2, 3, 10, 4, 8, 10, 4, 9, 10, 1, 1, 10, 9, 1, 6, 2, 8, 1, 10, 10, 8, 9, 1]
(6.898995754261149, -34.86389071711246, -3.0600624205037557, 5.377423693023622)
[2, 7, 4, 2, 10, 10, 9, 6, 8, 2, 3, 10, 4, 8, 10, 4, 9, 10, 1, 1, 10, 9, 1, 6, 2, 8, 1, 10, 10, 8, 9, 1]
(6.898995754261149, -34.86389071711246, -3.0600624205037557, 5.377423693023622)
[2, 7, 4, 2, 10, 10, 9, 6, 8, 2, 3, 10, 4, 8, 10, 4, 9, 10, 1, 1, 10, 9, 1, 6, 2, 8, 1, 10, 10, 8, 9, 1]
(6.898995754261149, -34.86389071711246, -3.0600624205037557, 5.377423693023622)
[4, 3, 9, 2, 1, 7, 7, 2, 8, 10, 3, 10, 4, 8, 8, 4, 8, 10, 8, 8, 10, 7, 1, 10, 8, 5, 3, 10, 10, 8, 9, 1]
(-7.556271129201605, -3.5948957508643433, 9.117728525882871, 5.372343448293721)
[4, 3, 9, 2, 1, 7, 7, 2, 8, 10, 3, 10, 4, 8, 8, 4, 8, 10, 8, 8, 10, 7, 1, 10, 8, 5, 3, 10, 10, 8, 9, 1]
(-7.556271129201605, -3.5948957508643433, 9.117728525882871, 5.372343448293721)
[4, 3, 9, 2, 1, 7, 7, 2, 8, 10, 3, 10, 4, 8, 8, 4, 8, 10, 8, 8, 10, 7, 1, 10, 8, 5, 3, 10, 10, 8, 9, 1]
(-7.556271129201605, -3.5948957508643433, 9.117728525882871, 5.372343448293721)
[4, 3, 9, 2, 1, 7, 7, 2, 8, 10, 3, 10, 4, 8, 8, 4, 8, 10, 8, 8, 10, 7, 1, 10, 8, 5, 3, 10, 10, 8, 9, 1]
(-7.556271129201605, -3.5948957508643433, 9.117728525882871, 5.372343448293721)
[4, 3, 9, 2, 1, 7, 7, 2, 8, 10, 3, 10, 4, 8, 8, 4, 8, 10, 8, 8, 10, 7, 1, 10, 8, 5, 3, 10, 10, 8, 9, 1]
(-7.556271129201605, -3.5948957508643433, 9.117728525882871, 5.372343448293721)
[4, 1, 5, 8, 1, 5, 10, 6, 8, 10, 3, 10, 4, 9, 3, 2, 8, 10, 1, 8, 8, 7, 1, 7, 9, 5, 7, 10, 10, 8, 9, 1]
(1.729634879660668, -2.8794095690838706, -1.1506304199538804, 5.414179544778953)
[4, 1, 5, 8, 1, 5, 10, 6, 8, 10, 3, 10, 4, 9, 3, 2, 8, 10, 1, 8, 8, 7, 1, 7, 9, 5, 7, 10, 10, 8, 9, 1]
(1.729634879660668, -2.8794095690838706, -1.1506304199538804, 5.414179544778953)
[4, 1, 5, 8, 1, 5, 10, 6, 8, 10, 3, 10, 4, 9, 3, 2, 8, 10, 1, 8, 8, 7, 1, 7, 9, 5, 7, 10, 10, 8, 9, 1]
(1.729634879660668, -2.8794095690838706, -1.1506304199538804, 5.414179544778953)
[4, 1, 6, 10, 1, 5, 1, 6, 5, 9, 7, 4, 4, 3, 10, 4, 9, 5, 3, 8, 10, 7, 1, 1, 2, 9, 6, 10, 1, 8, 9, 1]
(-1.6338014287192095, 5.447723740486016, 3.924574466557818, 5.449631212342217)
[4, 1, 6, 10, 1, 5, 1, 6, 5, 9, 7, 4, 4, 3, 10, 4, 9, 5, 3, 8, 10, 7, 1, 1, 2, 9, 6, 10, 1, 8, 9, 1]
(-1.6338014287192095, 5.447723740486016, 3.924574466557818, 5.449631212342217)
[2, 7, 4, 2, 10, 10, 9, 6, 8, 2, 1, 10, 4, 4, 8, 6, 6, 10, 1, 7, 10, 9, 1, 6, 2, 8, 1, 10, 4, 8, 9, 2]
(0.09961834685963138, 6.234245377770534, 2.850605111770556, 5.603333586889502)
[4, 1, 6, 10, 1, 4, 10, 4, 8, 10, 3, 10, 4, 8, 8, 7, 7, 10, 6, 8, 10, 7, 1, 1, 3, 9, 6, 10, 10, 8, 9, 1]
(-6.3813099298657106, -29.021876586459683, 7.7932241531827975, 5.676201297433418)
[4, 1, 6, 10, 1, 4, 10, 4, 8, 10, 3, 10, 4, 8, 8, 7, 7, 10, 6, 8, 10, 7, 1, 1, 3, 9, 6, 10, 10, 8, 9, 1]
(-6.3813099298657106, -29.021876586459683, 7.7932241531827975, 5.676201297433418)
[2, 7, 4, 1, 1, 4, 10, 4, 8, 10, 1, 10, 4, 8, 8, 7, 7, 10, 3, 8, 10, 7, 1, 1, 2, 8, 1, 10, 10, 8, 9, 2]
(0.41743528987281026, 2.3594203988690903, 0.8786066697859386, 5.647605091630799)
[4, 1, 6, 10, 1, 4, 10, 4, 8, 10, 3, 10, 4, 8, 8, 7, 7, 10, 6, 8, 10, 7, 1, 1, 2, 9, 6, 10, 10, 8, 9, 1]
(-6.4154236053778835, -31.156845459140463, 8.807178961897728, 5.675774782547479)
[4, 1, 6, 10, 1, 4, 10, 4, 8, 10, 3, 10, 4, 8, 8, 7, 7, 10, 6, 8, 10, 7, 1, 1, 2, 9, 6, 10, 10, 8, 9, 1]
(-6.4154236053778835, -31.156845459140463, 8.807178961897728, 5.675774782547479)
[4, 1, 6, 10, 1, 5, 3, 6, 4, 10, 3, 10, 4, 3, 8, 4, 9, 10, 1, 8, 10, 7, 1, 10, 9, 5, 3, 10, 10, 8, 9, 1]
(7.921483219266872, -6.521660447498128, -0.8669746656517617, 5.905187210453439)
[4, 1, 6, 10, 1, 5, 3, 6, 4, 10, 3, 10, 4, 3, 8, 4, 9, 10, 1, 8, 10, 7, 1, 10, 9, 5, 3, 10, 10, 8, 9, 1]
(7.921483219266872, -6.521660447498128, -0.8669746656517617, 5.905187210453439)
[4, 1, 6, 10, 1, 5, 3, 6, 4, 10, 3, 10, 4, 3, 8, 4, 9, 10, 1, 8, 10, 7, 1, 10, 9, 5, 3, 10, 10, 8, 9, 1]
(7.921483219266872, -6.521660447498128, -0.8669746656517617, 5.905187210453439)
[4, 1, 6, 10, 1, 5, 3, 6, 4, 10, 3, 10, 4, 3, 8, 4, 9, 10, 1, 8, 10, 7, 1, 10, 9, 5, 3, 10, 10, 8, 9, 1]
(7.921483219266872, -6.521660447498128, -0.8669746656517617, 5.905187210453439)
[4, 1, 6, 10, 1, 5, 3, 6, 4, 10, 3, 10, 4, 3, 8, 4, 9, 10, 1, 8, 10, 7, 1, 10, 9, 5, 3, 10, 10, 8, 9, 1]
(7.921483219266872, -6.521660447498128, -0.8669746656517617, 5.905187210453439)
[4, 3, 6, 7, 1, 9, 9, 2, 6, 3, 5, 10, 4, 4, 9, 6, 8, 10, 1, 8, 10, 7, 1, 5, 2, 9, 6, 10, 1, 8, 9, 1]
(-2.128343036866863, 4.18594033440654, 4.651813855967584, 5.722022404069497)
[4, 3, 6, 7, 1, 9, 9, 2, 6, 3, 5, 10, 4, 4, 9, 6, 8, 10, 1, 8, 10, 7, 1, 5, 2, 9, 6, 10, 1, 8, 9, 1]
(-2.128343036866863, 4.18594033440654, 4.651813855967584, 5.722022404069497)
[4, 3, 6, 7, 1, 9, 9, 2, 6, 3, 5, 10, 4, 4, 9, 6, 8, 10, 1, 8, 10, 7, 1, 5, 2, 9, 6, 10, 1, 8, 9, 1]
(-2.128343036866863, 4.18594033440654, 4.651813855967584, 5.722022404069497)
[4, 3, 6, 7, 1, 9, 9, 2, 6, 3, 5, 10, 4, 4, 9, 6, 8, 10, 1, 8, 10, 7, 1, 5, 2, 9, 6, 10, 1, 8, 9, 1]
(-2.128343036866863, 4.18594033440654, 4.651813855967584, 5.722022404069497)
[4, 3, 6, 7, 1, 9, 9, 2, 6, 3, 5, 10, 4, 4, 9, 6, 8, 10, 1, 8, 10, 7, 1, 5, 2, 9, 6, 10, 1, 8, 9, 1]
(-2.128343036866863, 4.18594033440654, 4.651813855967584, 5.722022404069497)
[4, 1, 6, 10, 1, 5, 3, 6, 4, 10, 3, 10, 4, 3, 8, 4, 9, 10, 1, 8, 10, 7, 1, 10, 9, 5, 3, 10, 10, 8, 9, 1]
(7.921483219266872, -6.521660447498128, -0.8669746656517617, 5.905187210453439)
[4, 1, 6, 10, 1, 5, 3, 6, 4, 10, 3, 10, 4, 3, 8, 4, 9, 10, 1, 8, 10, 7, 1, 10, 9, 5, 3, 10, 10, 8, 9, 1]
(7.921483219266872, -6.521660447498128, -0.8669746656517617, 5.905187210453439)
[4, 1, 6, 10, 1, 5, 3, 6, 4, 10, 3, 10, 4, 3, 8, 4, 9, 10, 1, 8, 10, 7, 1, 10, 9, 5, 3, 10, 10, 8, 9, 1]
(7.921483219266872, -6.521660447498128, -0.8669746656517617, 5.905187210453439)
[4, 1, 6, 10, 1, 5, 3, 6, 4, 10, 3, 10, 4, 3, 8, 4, 9, 10, 1, 8, 10, 7, 1, 10, 9, 5, 3, 10, 10, 8, 9, 1]
(7.921483219266872, -6.521660447498128, -0.8669746656517617, 5.905187210453439)
[4, 1, 6, 10, 1, 5, 3, 6, 4, 10, 3, 10, 4, 3, 8, 4, 9, 10, 1, 8, 10, 7, 1, 10, 9, 5, 3, 10, 10, 8, 9, 1]
(7.921483219266872, -6.521660447498128, -0.8669746656517617, 5.905187210453439)
[4, 1, 6, 10, 1, 4, 10, 4, 8, 10, 3, 9, 4, 8, 8, 7, 7, 10, 6, 8, 10, 7, 1, 1, 2, 9, 6, 10, 10, 8, 9, 1]
(-6.667817869144756, -36.90374442500234, 9.587837010526373, 5.770624673221054)
[2, 10, 6, 1, 1, 3, 9, 6, 6, 3, 5, 2, 4, 4, 10, 6, 6, 10, 1, 4, 10, 7, 5, 1, 4, 2, 2, 10, 5, 8, 9, 1]
(-0.39185827485596575, 6.246011203989305, 2.7666335524368666, 5.783864407299118)
[4, 1, 6, 8, 1, 5, 1, 6, 4, 10, 2, 10, 4, 9, 8, 4, 7, 10, 1, 8, 10, 7, 2, 10, 9, 1, 3, 10, 10, 8, 9, 1]
(6.120641952011143, -7.577028415156646, 2.030569217720487, 6.047729285641048)
[4, 1, 6, 8, 1, 5, 1, 6, 4, 10, 2, 10, 4, 9, 8, 4, 7, 10, 1, 8, 10, 7, 2, 10, 9, 1, 3, 10, 10, 8, 9, 1]
(6.120641952011143, -7.577028415156646, 2.030569217720487, 6.047729285641048)
[4, 1, 6, 8, 1, 5, 1, 6, 4, 10, 2, 10, 4, 9, 8, 4, 7, 10, 1, 8, 10, 7, 2, 10, 9, 1, 3, 10, 10, 8, 9, 1]
(6.120641952011143, -7.577028415156646, 2.030569217720487, 6.047729285641048)
[4, 1, 6, 8, 1, 5, 1, 6, 4, 10, 2, 10, 4, 9, 8, 4, 7, 10, 1, 8, 10, 7, 2, 10, 9, 1, 3, 10, 10, 8, 9, 1]
(6.120641952011143, -7.577028415156646, 2.030569217720487, 6.047729285641048)
[4, 1, 6, 10, 1, 5, 3, 6, 4, 10, 3, 10, 4, 3, 8, 4, 9, 10, 1, 8, 10, 7, 1, 10, 9, 5, 3, 10, 10, 8, 9, 1]
(7.921483219266872, -6.521660447498128, -0.8669746656517617, 5.905187210453439)
[4, 1, 6, 10, 1, 5, 3, 6, 4, 10, 3, 10, 4, 3, 8, 4, 9, 10, 1, 8, 10, 7, 1, 10, 9, 5, 3, 10, 10, 8, 9, 1]
(7.921483219266872, -6.521660447498128, -0.8669746656517617, 5.905187210453439)
[4, 1, 6, 8, 1, 5, 1, 6, 4, 10, 2, 10, 4, 9, 8, 4, 7, 10, 1, 8, 10, 7, 2, 10, 9, 5, 3, 10, 10, 8, 9, 1]
(7.305039378806939, -11.275193465109593, 2.9918001281818905, 6.116283158702776)
[4, 1, 6, 8, 1, 5, 1, 6, 4, 10, 2, 10, 4, 9, 8, 4, 7, 10, 1, 8, 10, 7, 2, 10, 9, 5, 3, 10, 10, 8, 9, 1]
(7.305039378806939, -11.275193465109593, 2.9918001281818905, 6.116283158702776)
[4, 1, 6, 8, 1, 5, 1, 6, 4, 10, 2, 10, 4, 9, 8, 4, 7, 10, 1, 8, 10, 7, 2, 10, 9, 5, 3, 10, 10, 8, 9, 1]
(7.305039378806939, -11.275193465109593, 2.9918001281818905, 6.116283158702776)
[4, 1, 6, 10, 1, 5, 1, 6, 5, 10, 3, 10, 4, 3, 8, 4, 9, 10, 1, 8, 10, 7, 1, 8, 8, 5, 3, 10, 10, 8, 9, 1]
(6.608809292448029, -53.85606345443814, 0.12217905580847122, 6.232538950289548)
[4, 1, 6, 10, 1, 5, 1, 6, 5, 10, 3, 10, 4, 3, 8, 4, 9, 10, 1, 8, 10, 7, 1, 8, 8, 5, 3, 10, 10, 8, 9, 1]
(6.608809292448029, -53.85606345443814, 0.12217905580847122, 6.232538950289548)
[4, 1, 6, 10, 1, 5, 1, 6, 5, 10, 3, 10, 4, 3, 8, 4, 9, 10, 1, 8, 10, 7, 1, 8, 8, 5, 3, 10, 10, 8, 9, 1]
(6.608809292448029, -53.85606345443814, 0.12217905580847122, 6.232538950289548)
[4, 1, 6, 10, 1, 5, 1, 6, 4, 10, 2, 10, 4, 9, 8, 4, 7, 10, 1, 8, 10, 7, 1, 10, 9, 5, 3, 10, 10, 8, 9, 1]
(8.089719409023928, -12.30276366171596, -8.077165143263766, 6.182707205125515)
[4, 1, 6, 8, 1, 5, 1, 6, 4, 10, 2, 10, 4, 9, 8, 4, 7, 10, 1, 8, 10, 7, 2, 10, 9, 5, 3, 10, 10, 8, 9, 1]
(7.305039378806939, -11.275193465109593, 2.9918001281818905, 6.116283158702776)
[4, 1, 6, 8, 1, 5, 1, 6, 4, 10, 2, 10, 4, 9, 8, 4, 7, 10, 1, 8, 10, 7, 2, 10, 9, 5, 3, 10, 10, 8, 9, 1]
(7.305039378806939, -11.275193465109593, 2.9918001281818905, 6.116283158702776)
[4, 1, 6, 8, 1, 5, 1, 6, 4, 10, 2, 10, 4, 9, 8, 4, 7, 10, 1, 8, 10, 7, 2, 10, 9, 5, 3, 10, 10, 8, 9, 1]
(7.305039378806939, -11.275193465109593, 2.9918001281818905, 6.116283158702776)
[4, 1, 6, 8, 1, 5, 1, 6, 4, 10, 2, 10, 4, 9, 8, 4, 7, 10, 1, 8, 10, 7, 2, 10, 9, 5, 3, 10, 10, 8, 9, 1]
(7.305039378806939, -11.275193465109593, 2.9918001281818905, 6.116283158702776)
[4, 1, 6, 8, 1, 5, 1, 6, 4, 10, 2, 10, 4, 9, 8, 4, 7, 10, 1, 8, 10, 7, 2, 10, 9, 5, 3, 10, 10, 8, 9, 1]
(7.305039378806939, -11.275193465109593, 2.9918001281818905, 6.116283158702776)
[4, 1, 6, 8, 1, 5, 1, 6, 4, 10, 2, 10, 4, 9, 8, 4, 7, 10, 1, 8, 10, 7, 2, 10, 9, 5, 3, 10, 10, 8, 9, 1]
(7.305039378806939, -11.275193465109593, 2.9918001281818905, 6.116283158702776)
[4, 1, 6, 8, 1, 5, 1, 6, 4, 10, 2, 10, 4, 9, 8, 4, 7, 10, 1, 8, 10, 7, 2, 10, 9, 5, 3, 10, 10, 8, 9, 1]
(7.305039378806939, -11.275193465109593, 2.9918001281818905, 6.116283158702776)
[4, 1, 6, 10, 1, 5, 1, 6, 5, 10, 3, 10, 4, 3, 8, 4, 9, 10, 1, 8, 10, 7, 1, 10, 9, 5, 5, 10, 10, 8, 9, 1]
(7.844884500998842, -14.197314662670157, -10.035375779104974, 6.170857729373402)
[4, 1, 6, 10, 1, 5, 1, 6, 4, 10, 2, 10, 4, 9, 8, 4, 7, 10, 1, 8, 10, 7, 1, 10, 9, 5, 3, 10, 10, 8, 9, 1]
(8.089719409023928, -12.30276366171596, -8.077165143263766, 6.182707205125515)
[4, 1, 6, 10, 1, 5, 1, 6, 4, 10, 2, 10, 4, 9, 8, 4, 7, 10, 1, 8, 10, 7, 1, 10, 9, 5, 3, 10, 10, 8, 9, 1]
(8.089719409023928, -12.30276366171596, -8.077165143263766, 6.182707205125515)
[4, 1, 6, 10, 1, 5, 1, 6, 4, 10, 2, 10, 4, 9, 8, 4, 7, 10, 1, 8, 10, 7, 1, 10, 9, 5, 3, 10, 10, 8, 9, 1]
(8.089719409023928, -12.30276366171596, -8.077165143263766, 6.182707205125515)
[4, 1, 6, 10, 1, 5, 1, 6, 5, 10, 3, 10, 4, 3, 8, 4, 9, 10, 1, 8, 10, 7, 1, 8, 8, 5, 3, 10, 10, 8, 9, 1]
(6.608809292448029, -53.85606345443814, 0.12217905580847122, 6.232538950289548)
[4, 1, 6, 10, 1, 5, 1, 6, 5, 10, 3, 10, 4, 3, 8, 4, 9, 10, 1, 8, 10, 7, 1, 8, 8, 5, 3, 10, 10, 8, 9, 1]
(6.608809292448029, -53.85606345443814, 0.12217905580847122, 6.232538950289548)
[4, 1, 6, 10, 1, 5, 1, 6, 5, 10, 3, 10, 4, 3, 8, 4, 9, 10, 1, 8, 10, 7, 1, 8, 8, 5, 3, 10, 10, 8, 9, 1]
(6.608809292448029, -53.85606345443814, 0.12217905580847122, 6.232538950289548)
[4, 1, 6, 6, 1, 5, 3, 6, 1, 10, 3, 10, 4, 3, 8, 4, 9, 10, 1, 8, 10, 7, 1, 8, 10, 5, 2, 10, 10, 8, 9, 1]
(6.526206601764189, -34.0007048309745, -4.905641758921481, 6.2229469424533015)
[4, 1, 6, 10, 1, 5, 3, 6, 8, 10, 2, 10, 4, 6, 8, 4, 6, 10, 1, 8, 10, 7, 1, 10, 9, 2, 3, 10, 10, 8, 9, 1]
(7.08047870828649, -19.64627937858143, -3.987619040860176, 6.213286495711134)
[4, 1, 6, 10, 1, 5, 3, 6, 8, 10, 2, 10, 4, 6, 8, 4, 6, 10, 1, 8, 10, 7, 1, 10, 9, 2, 3, 10, 10, 8, 9, 1]
(7.08047870828649, -19.64627937858143, -3.987619040860176, 6.213286495711134)
[4, 1, 6, 10, 1, 5, 3, 6, 4, 10, 3, 10, 4, 9, 8, 4, 8, 10, 1, 8, 10, 7, 1, 4, 9, 5, 3, 10, 10, 8, 9, 1]
(6.775487379522914, -33.273417999843474, -9.440811489020449, 6.2708272166671915)
[4, 1, 6, 10, 1, 5, 3, 6, 8, 10, 2, 10, 4, 6, 8, 4, 6, 10, 1, 8, 10, 7, 1, 10, 8, 5, 3, 10, 10, 8, 9, 1]
(7.278354597541685, -46.57659268701594, -7.580738489883446, 6.315246662502725)
[4, 1, 6, 10, 1, 5, 3, 6, 4, 10, 3, 10, 4, 9, 8, 4, 9, 10, 1, 8, 10, 7, 1, 4, 9, 5, 3, 10, 10, 8, 9, 1]
(7.127137110569025, -25.175122104657987, -9.254589269183557, 6.275043923568921)
[4, 1, 6, 10, 1, 5, 3, 6, 4, 10, 3, 10, 4, 9, 8, 4, 9, 10, 1, 8, 10, 7, 1, 4, 9, 5, 3, 10, 10, 8, 9, 1]
(7.127137110569025, -25.175122104657987, -9.254589269183557, 6.275043923568921)
[4, 1, 6, 10, 1, 5, 3, 6, 4, 10, 3, 10, 4, 9, 8, 4, 9, 10, 1, 8, 10, 7, 1, 4, 9, 5, 3, 10, 10, 8, 9, 1]
(7.127137110569025, -25.175122104657987, -9.254589269183557, 6.275043923568921)
[4, 1, 6, 10, 1, 5, 3, 6, 4, 10, 3, 10, 4, 9, 8, 4, 9, 10, 1, 8, 10, 7, 1, 4, 9, 5, 3, 10, 10, 8, 9, 1]
(7.127137110569025, -25.175122104657987, -9.254589269183557, 6.275043923568921)
[4, 1, 6, 10, 1, 5, 3, 6, 4, 10, 3, 10, 4, 9, 8, 4, 9, 10, 1, 8, 10, 7, 1, 4, 9, 5, 3, 10, 10, 8, 9, 1]
(7.127137110569025, -25.175122104657987, -9.254589269183557, 6.275043923568921)
[4, 1, 6, 10, 1, 5, 3, 6, 8, 10, 2, 10, 4, 6, 8, 4, 6, 10, 1, 8, 10, 7, 1, 10, 9, 2, 3, 10, 10, 8, 9, 1]
(7.08047870828649, -19.64627937858143, -3.987619040860176, 6.213286495711134)
[4, 1, 6, 10, 1, 5, 3, 6, 8, 10, 2, 10, 4, 6, 8, 4, 6, 10, 1, 8, 10, 7, 1, 10, 9, 2, 3, 10, 10, 8, 9, 1]
(7.08047870828649, -19.64627937858143, -3.987619040860176, 6.213286495711134)
[4, 1, 6, 10, 1, 2, 1, 6, 8, 10, 1, 10, 4, 8, 8, 3, 9, 10, 1, 8, 10, 7, 1, 10, 4, 5, 10, 10, 10, 8, 9, 1]
(9.186719935071254, -42.97028430524465, -11.674788329465226, 6.313528457855888)
[4, 1, 6, 10, 1, 2, 1, 6, 8, 10, 1, 10, 4, 8, 8, 3, 9, 10, 1, 8, 10, 7, 1, 10, 4, 5, 10, 10, 10, 8, 9, 1]
(9.186719935071254, -42.97028430524465, -11.674788329465226, 6.313528457855888)
[4, 1, 6, 10, 1, 2, 1, 6, 8, 10, 1, 10, 4, 8, 8, 3, 9, 10, 1, 8, 10, 7, 1, 10, 4, 5, 10, 10, 10, 8, 9, 1]
(9.186719935071254, -42.97028430524465, -11.674788329465226, 6.313528457855888)
[4, 1, 6, 10, 1, 2, 1, 6, 8, 10, 1, 10, 4, 8, 8, 3, 9, 10, 1, 8, 10, 7, 1, 10, 4, 5, 10, 10, 10, 8, 9, 1]
(9.186719935071254, -42.97028430524465, -11.674788329465226, 6.313528457855888)
[4, 1, 6, 10, 1, 2, 1, 6, 8, 10, 1, 10, 4, 8, 8, 3, 9, 10, 1, 8, 10, 7, 1, 10, 4, 5, 10, 10, 10, 8, 9, 1]
(9.186719935071254, -42.97028430524465, -11.674788329465226, 6.313528457855888)
[4, 1, 6, 10, 1, 5, 3, 6, 8, 10, 2, 10, 4, 6, 8, 4, 6, 10, 1, 8, 10, 7, 1, 6, 2, 8, 1, 10, 10, 8, 9, 1]
(6.024536199365221, -84.8805220134072, -9.34715609441784, 6.253191281933455)
[4, 1, 5, 8, 1, 5, 10, 6, 8, 10, 2, 10, 4, 9, 8, 4, 7, 10, 1, 8, 10, 7, 2, 10, 1, 5, 7, 10, 10, 8, 9, 1]
(9.054090278703187, -122.64698780142015, -11.1066451627627, 6.370237316928001)
[4, 1, 4, 10, 1, 5, 1, 2, 8, 10, 3, 10, 4, 8, 8, 4, 9, 10, 1, 8, 10, 7, 1, 10, 7, 5, 3, 10, 10, 8, 9, 1]
(9.55722100770613, -83.84421944611614, -10.703022853031213, 6.32887858907516)
[4, 1, 4, 10, 1, 5, 1, 2, 8, 10, 3, 10, 4, 8, 8, 4, 9, 10, 1, 8, 10, 7, 1, 10, 7, 5, 3, 10, 10, 8, 9, 1]
(9.55722100770613, -83.84421944611614, -10.703022853031213, 6.32887858907516)
[4, 1, 4, 10, 1, 5, 1, 2, 8, 10, 3, 10, 4, 8, 8, 4, 9, 10, 1, 8, 10, 7, 1, 10, 7, 5, 3, 10, 10, 8, 9, 1]
(9.55722100770613, -83.84421944611614, -10.703022853031213, 6.32887858907516)
[4, 1, 4, 10, 1, 5, 1, 2, 8, 10, 3, 10, 4, 8, 8, 4, 9, 10, 1, 8, 10, 7, 1, 10, 7, 5, 3, 10, 10, 8, 9, 1]
(9.55722100770613, -83.84421944611614, -10.703022853031213, 6.32887858907516)
[4, 1, 6, 10, 1, 5, 3, 6, 8, 10, 2, 10, 4, 6, 8, 4, 6, 10, 1, 8, 10, 7, 1, 10, 9, 5, 3, 10, 10, 8, 9, 1]
(6.960738798670615, -82.53156373934982, -6.520274775162081, 6.327110465333217)
[4, 1, 6, 10, 1, 5, 3, 6, 8, 10, 2, 10, 4, 6, 8, 4, 6, 10, 1, 8, 10, 7, 1, 10, 9, 5, 3, 10, 10, 8, 9, 1]
(6.960738798670615, -82.53156373934982, -6.520274775162081, 6.327110465333217)
[4, 1, 6, 10, 1, 5, 3, 6, 8, 10, 2, 10, 4, 6, 8, 4, 6, 10, 1, 8, 10, 7, 1, 10, 9, 5, 3, 10, 10, 8, 9, 1]
(6.960738798670615, -82.53156373934982, -6.520274775162081, 6.327110465333217)
[4, 1, 6, 10, 1, 5, 3, 6, 8, 10, 2, 10, 4, 6, 8, 4, 6, 10, 1, 8, 10, 7, 1, 10, 9, 5, 3, 10, 10, 8, 9, 1]
(6.960738798670615, -82.53156373934982, -6.520274775162081, 6.327110465333217)
[4, 1, 6, 10, 1, 5, 3, 6, 8, 10, 2, 10, 4, 6, 8, 4, 6, 10, 1, 8, 10, 7, 1, 10, 9, 5, 3, 10, 10, 8, 9, 1]
(6.960738798670615, -82.53156373934982, -6.520274775162081, 6.327110465333217)
[3, 1, 5, 8, 1, 5, 10, 6, 8, 10, 3, 10, 4, 9, 7, 2, 8, 10, 1, 8, 8, 8, 1, 2, 10, 5, 2, 10, 10, 4, 5, 1]
(2.061793415283491, -46.346202633135384, 1.1247531811695108, 4.92147977577521)
[3, 1, 5, 8, 1, 5, 10, 6, 8, 10, 3, 10, 4, 9, 7, 2, 8, 10, 1, 8, 8, 8, 1, 2, 10, 5, 2, 10, 10, 4, 5, 1]
(2.061793415283491, -46.346202633135384, 1.1247531811695108, 4.92147977577521)
[3, 1, 5, 8, 1, 5, 10, 6, 8, 10, 3, 10, 4, 9, 7, 2, 8, 10, 1, 8, 8, 8, 1, 2, 10, 5, 2, 10, 10, 4, 5, 1]
(2.061793415283491, -46.346202633135384, 1.1247531811695108, 4.92147977577521)
[3, 1, 5, 8, 1, 7, 7, 3, 4, 10, 3, 10, 9, 7, 7, 2, 8, 10, 1, 8, 8, 8, 1, 8, 10, 5, 2, 10, 10, 4, 5, 1]
(0.6167907619278483, 1.0885916350988083, -7.591326786604409, 6.507366329611601)
[3, 1, 5, 8, 1, 7, 7, 3, 4, 10, 3, 10, 9, 7, 7, 2, 8, 10, 1, 8, 8, 8, 1, 8, 10, 5, 2, 10, 10, 4, 5, 1]
(0.6167907619278483, 1.0885916350988083, -7.591326786604409, 6.507366329611601)
[3, 1, 5, 8, 1, 7, 7, 3, 4, 10, 3, 10, 9, 7, 7, 2, 8, 10, 1, 8, 8, 8, 1, 8, 10, 5, 2, 10, 10, 4, 5, 1]
(0.6167907619278483, 1.0885916350988083, -7.591326786604409, 6.507366329611601)
[3, 1, 5, 8, 1, 7, 7, 3, 4, 10, 3, 10, 9, 7, 7, 2, 8, 10, 1, 8, 8, 8, 1, 8, 10, 5, 2, 10, 10, 4, 5, 1]
(0.6167907619278483, 1.0885916350988083, -7.591326786604409, 6.507366329611601)
[3, 1, 5, 8, 1, 7, 7, 3, 4, 10, 3, 10, 9, 7, 7, 2, 8, 10, 1, 8, 8, 8, 1, 8, 10, 5, 2, 10, 10, 4, 5, 1]
(0.6167907619278483, 1.0885916350988083, -7.591326786604409, 6.507366329611601)
[3, 1, 8, 8, 1, 7, 7, 3, 4, 10, 3, 10, 9, 7, 7, 2, 8, 10, 1, 8, 8, 8, 1, 8, 10, 5, 2, 10, 10, 4, 5, 1]
(2.4347164455316377, -53.265031684083894, -6.95590426187186, 6.062531851016204)
[3, 1, 8, 8, 1, 7, 7, 3, 4, 10, 3, 10, 9, 7, 7, 2, 8, 10, 1, 8, 8, 8, 1, 8, 10, 5, 2, 10, 10, 4, 5, 1]
(2.4347164455316377, -53.265031684083894, -6.95590426187186, 6.062531851016204)
[3, 1, 5, 8, 1, 5, 10, 6, 8, 10, 3, 10, 4, 9, 3, 2, 8, 10, 1, 8, 8, 8, 1, 2, 10, 9, 4, 10, 10, 4, 5, 1]
(3.7743168874610546, -43.641114117433105, -3.617625759520344, 6.646168096736778)
[3, 1, 5, 8, 1, 5, 10, 6, 8, 10, 3, 10, 4, 9, 3, 2, 8, 10, 1, 8, 8, 8, 1, 2, 10, 9, 4, 10, 10, 4, 5, 1]
(3.7743168874610546, -43.641114117433105, -3.617625759520344, 6.646168096736778)
[2, 10, 6, 10, 1, 9, 9, 8, 6, 3, 5, 10, 4, 8, 8, 7, 7, 10, 1, 6, 10, 9, 1, 6, 2, 2, 6, 10, 5, 4, 5, 1]
(-0.7983166046983682, 4.881358796301146, 0.6708258567638274, 6.66874516785877)
[2, 10, 6, 10, 1, 9, 9, 8, 6, 3, 5, 10, 4, 8, 8, 7, 7, 10, 1, 6, 10, 9, 1, 6, 2, 2, 6, 10, 5, 4, 5, 1]
(-0.7983166046983682, 4.881358796301146, 0.6708258567638274, 6.66874516785877)
[2, 10, 6, 10, 1, 9, 9, 8, 6, 3, 5, 10, 4, 8, 8, 7, 7, 10, 1, 6, 10, 9, 1, 6, 2, 2, 6, 10, 5, 4, 5, 1]
(-0.7983166046983682, 4.881358796301146, 0.6708258567638274, 6.66874516785877)
[2, 10, 6, 10, 1, 9, 9, 2, 6, 3, 5, 10, 4, 3, 8, 4, 9, 10, 1, 8, 10, 7, 1, 5, 1, 2, 6, 10, 5, 4, 5, 1]
(-2.67897099916743, 3.483227039003807, 3.686354355537353, 6.66744721299966)
[2, 10, 6, 10, 1, 9, 9, 2, 6, 3, 5, 10, 4, 3, 8, 4, 9, 10, 1, 8, 10, 7, 1, 5, 1, 2, 6, 10, 5, 4, 5, 1]
(-2.67897099916743, 3.483227039003807, 3.686354355537353, 6.66744721299966)
[5, 1, 6, 10, 1, 5, 1, 6, 5, 10, 7, 10, 4, 6, 8, 4, 6, 10, 1, 10, 8, 10, 5, 1, 8, 7, 9, 10, 5, 4, 5, 1]
(2.341442003354902, -13.085380346159011, -1.749470813281097, 6.800236859155324)
[5, 1, 6, 10, 1, 5, 1, 6, 5, 10, 7, 10, 4, 6, 8, 4, 6, 10, 1, 10, 8, 10, 5, 1, 8, 7, 9, 10, 5, 4, 5, 1]
(2.341442003354902, -13.085380346159011, -1.749470813281097, 6.800236859155324)
[5, 1, 6, 10, 1, 5, 1, 6, 5, 10, 7, 10, 4, 6, 8, 4, 6, 10, 1, 10, 8, 10, 5, 1, 8, 7, 9, 10, 5, 4, 5, 1]
(2.341442003354902, -13.085380346159011, -1.749470813281097, 6.800236859155324)
[2, 2, 6, 10, 1, 9, 9, 2, 4, 3, 5, 10, 4, 4, 3, 6, 6, 10, 1, 7, 10, 7, 1, 7, 1, 6, 3, 10, 5, 4, 5, 1]
(-1.3538592714080664, 6.116443987075291, 1.9010250343861912, 6.705921709268538)
[2, 2, 6, 10, 1, 9, 9, 2, 4, 3, 5, 10, 4, 4, 3, 6, 6, 10, 1, 7, 10, 7, 1, 7, 1, 6, 3, 10, 5, 4, 5, 1]
(-1.3538592714080664, 6.116443987075291, 1.9010250343861912, 6.705921709268538)
[2, 2, 6, 10, 1, 9, 9, 2, 4, 3, 5, 10, 4, 4, 3, 6, 6, 10, 1, 7, 10, 7, 1, 7, 3, 6, 3, 10, 5, 4, 5, 1]
(-1.307765278308082, 6.125353978534542, 1.9271722028885065, 6.70675507559575)
[2, 10, 6, 10, 1, 9, 9, 2, 6, 3, 5, 10, 4, 4, 8, 6, 6, 10, 1, 7, 10, 7, 1, 7, 1, 2, 6, 10, 5, 4, 5, 1]
(-2.7089885660212643, -2.389115679374458, 6.4644659269604166, 6.745885070400266)
[2, 10, 6, 10, 1, 9, 9, 2, 6, 3, 5, 10, 4, 4, 8, 6, 6, 10, 1, 7, 10, 7, 1, 7, 1, 2, 6, 10, 5, 4, 5, 1]
(-2.7089885660212643, -2.389115679374458, 6.4644659269604166, 6.745885070400266)
[2, 10, 6, 10, 1, 9, 9, 2, 6, 3, 5, 10, 4, 4, 8, 6, 6, 10, 1, 7, 10, 7, 1, 7, 1, 2, 6, 10, 5, 4, 5, 1]
(-2.7089885660212643, -2.389115679374458, 6.4644659269604166, 6.745885070400266)
[2, 10, 6, 10, 1, 9, 9, 2, 6, 3, 5, 10, 4, 4, 8, 6, 6, 10, 1, 7, 10, 7, 1, 7, 1, 2, 6, 10, 5, 4, 5, 1]
(-2.7089885660212643, -2.389115679374458, 6.4644659269604166, 6.745885070400266)
[2, 3, 4, 2, 6, 2, 10, 4, 8, 7, 2, 10, 4, 6, 8, 4, 6, 10, 1, 8, 10, 7, 1, 5, 1, 2, 6, 10, 5, 4, 5, 1]
(0.17428299736475308, 2.447499479260643, 0.6783937861150104, 6.790004614184277)
[2, 4, 4, 2, 6, 2, 10, 4, 8, 10, 2, 10, 4, 6, 8, 4, 6, 10, 1, 10, 8, 10, 5, 1, 8, 7, 9, 10, 5, 4, 5, 1]
(2.8505092823102975, -13.807190807026847, -1.3463742883664471, 6.852050596527399)
[2, 4, 4, 2, 6, 2, 1, 4, 8, 10, 2, 10, 4, 6, 8, 4, 7, 10, 1, 10, 8, 10, 5, 3, 8, 7, 9, 10, 5, 4, 5, 1]
(1.8213081933535704, -6.658678076255373, -0.9695008114753954, 6.913794948647412)
[2, 1, 6, 7, 1, 6, 7, 2, 4, 10, 3, 10, 4, 8, 2, 10, 6, 10, 4, 10, 8, 10, 5, 1, 8, 7, 9, 10, 5, 1, 1, 1]
(0.10583317705549858, 2.3009637734350346, 0.31210973286060223, 6.9746219226755555)
[2, 1, 6, 7, 1, 9, 7, 6, 6, 3, 5, 10, 4, 4, 2, 6, 6, 10, 4, 8, 8, 1, 1, 1, 9, 9, 5, 3, 9, 1, 1, 1]
(0.03928017108046333, 0.36380237829673595, 0.009581843788280493, 7.468708205494612)
[2, 1, 6, 7, 1, 9, 7, 6, 6, 3, 5, 10, 4, 4, 2, 6, 6, 10, 4, 8, 8, 1, 1, 1, 9, 9, 5, 3, 9, 1, 1, 1]
(0.03928017108046333, 0.36380237829673595, 0.009581843788280493, 7.468708205494612)
[2, 1, 6, 7, 1, 9, 7, 6, 6, 3, 5, 10, 4, 4, 2, 6, 6, 10, 4, 8, 8, 1, 1, 1, 9, 9, 5, 3, 9, 1, 1, 1]
(0.03928017108046333, 0.36380237829673595, 0.009581843788280493, 7.468708205494612)
[2, 1, 6, 7, 1, 6, 7, 2, 8, 10, 3, 10, 4, 8, 2, 4, 6, 10, 4, 8, 8, 1, 1, 1, 5, 9, 5, 3, 6, 1, 1, 1]
(0.03826477809593598, 0.3564716425035417, 0.003980273699293871, 7.4788430687399385)
[2, 1, 6, 7, 1, 6, 7, 2, 8, 10, 3, 10, 4, 8, 2, 4, 6, 10, 4, 8, 8, 1, 1, 1, 5, 9, 5, 3, 6, 1, 1, 1]
(0.03826477809593598, 0.3564716425035417, 0.003980273699293871, 7.4788430687399385)
