[1, 5, 8, 7, 2, 2, 2, 6, 9, 9, 5, 10, 2, 1, 9, 6, 8, 7, 1, 5, 9, 8, 3, 8, 4, 9, 9, 9, 10, 7, 9, 7]
(-2.432697116777849, 6.208872070952351, 2.678156598566976, 1.2441191232245166)
[1, 5, 8, 7, 2, 2, 2, 6, 9, 9, 5, 10, 2, 1, 9, 6, 8, 7, 1, 5, 9, 8, 3, 8, 4, 9, 9, 9, 10, 7, 9, 7]
(-2.432697116777849, 6.208872070952351, 2.678156598566976, 1.2441191232245166)
[1, 5, 8, 7, 2, 2, 2, 6, 9, 9, 5, 10, 2, 1, 9, 6, 8, 7, 1, 5, 9, 8, 3, 8, 4, 9, 9, 9, 10, 7, 9, 7]
(-2.432697116777849, 6.208872070952351, 2.678156598566976, 1.2441191232245166)
[1, 5, 8, 7, 2, 2, 2, 6, 9, 9, 5, 10, 2, 1, 9, 6, 8, 7, 1, 5, 9, 8, 3, 8, 4, 9, 9, 9, 10, 7, 9, 7]
(-2.432697116777849, 6.208872070952351, 2.678156598566976, 1.2441191232245166)
[1, 5, 8, 7, 2, 2, 2, 6, 9, 9, 5, 10, 2, 1, 9, 6, 8, 7, 1, 5, 9, 8, 3, 8, 4, 9, 9, 9, 10, 7, 9, 7]
(-2.432697116777849, 6.208872070952351, 2.678156598566976, 1.2441191232245166)
[2, 6, 8, 1, 2, 2, 2, 7, 9, 9, 5, 10, 2, 1, 10, 1, 7, 10, 1, 5, 9, 9, 3, 6, 6, 9, 3, 7, 10, 7, 9, 1]
(7.936205209970468, -0.5240733793833012, 2.635090827289215, 3.1227088624986115)
[2, 6, 8, 1, 2, 2, 2, 6, 9, 9, 5, 10, 2, 1, 10, 1, 7, 10, 1, 5, 9, 9, 3, 8, 6, 9, 3, 7, 10, 7, 9, 1]
(8.411182476453833, -1.6238418026471158, 2.635200786623724, 3.2724764611237545)
[2, 6, 8, 1, 2, 2, 2, 6, 9, 9, 5, 10, 2, 1, 10, 1, 7, 10, 1, 5, 9, 9, 3, 8, 6, 9, 3, 6, 10, 7, 9, 1]
(8.357579200703185, -7.989916630754969, 2.274483836045178, 3.269079847253871)
[1, 10, 8, 7, 6, 2, 2, 6, 9, 9, 5, 10, 2, 1, 10, 1, 7, 10, 1, 5, 9, 9, 3, 9, 6, 9, 9, 9, 10, 6, 8, 1]
(8.620354428068808, 1.4609361380141943, 2.0226526545333403, 3.492695847341249)
[1, 6, 3, 4, 8, 1, 5, 4, 10, 9, 1, 8, 1, 8, 3, 1, 8, 7, 4, 5, 9, 9, 3, 9, 4, 6, 3, 10, 2, 7, 9, 7]
(-4.931914810372848, -47.28168523877287, 9.479070693458596, 4.681405216670547)
[2, 6, 8, 7, 2, 2, 2, 6, 9, 9, 5, 10, 2, 1, 4, 1, 7, 10, 1, 5, 9, 9, 3, 8, 6, 9, 3, 9, 10, 7, 9, 1]
(4.804261618432335, 3.729837749984127, 0.07183632261315309, 3.813655020920518)
[2, 6, 8, 7, 2, 2, 3, 6, 9, 9, 5, 10, 2, 1, 10, 1, 7, 10, 1, 5, 9, 9, 3, 2, 6, 9, 2, 9, 10, 7, 9, 1]
(8.352125518703076, -10.499742508820997, 3.8163941742389365, 3.7886781182232347)
[2, 6, 8, 7, 2, 2, 3, 6, 9, 9, 5, 10, 2, 1, 10, 1, 7, 10, 1, 5, 9, 9, 3, 2, 6, 9, 2, 9, 10, 7, 9, 1]
(8.352125518703076, -10.499742508820997, 3.8163941742389365, 3.7886781182232347)
[2, 6, 8, 7, 2, 2, 3, 6, 9, 9, 5, 10, 2, 1, 10, 1, 7, 10, 1, 5, 9, 9, 3, 2, 6, 9, 2, 9, 10, 7, 9, 1]
(8.352125518703076, -10.499742508820997, 3.8163941742389365, 3.7886781182232347)
[2, 6, 8, 7, 2, 2, 3, 6, 9, 9, 5, 10, 2, 1, 10, 1, 7, 10, 1, 5, 9, 9, 3, 2, 6, 9, 2, 9, 10, 7, 9, 1]
(8.352125518703076, -10.499742508820997, 3.8163941742389365, 3.7886781182232347)
[2, 6, 8, 7, 2, 2, 2, 6, 9, 9, 5, 10, 2, 1, 10, 1, 7, 10, 1, 5, 9, 9, 3, 8, 6, 9, 2, 9, 10, 7, 9, 1]
(8.7085392656203, -10.716003432225746, 3.8525026308463417, 3.7192486445635726)
[1, 6, 8, 8, 8, 1, 5, 4, 10, 9, 1, 8, 1, 8, 3, 1, 8, 7, 4, 5, 9, 9, 3, 9, 4, 6, 3, 10, 2, 7, 9, 7]
(-1.7247730729322968, 3.9669490502230085, 1.3168514800326026, 2.0555398400551232)
[1, 6, 8, 8, 8, 1, 5, 4, 10, 9, 1, 8, 1, 8, 3, 1, 8, 7, 4, 5, 9, 9, 3, 9, 4, 6, 3, 10, 2, 7, 9, 7]
(-1.7247730729322968, 3.9669490502230085, 1.3168514800326026, 2.0555398400551232)
[1, 6, 8, 8, 8, 1, 5, 4, 10, 9, 1, 8, 1, 8, 3, 1, 8, 7, 4, 5, 9, 9, 3, 9, 4, 6, 3, 10, 2, 7, 9, 7]
(-1.7247730729322968, 3.9669490502230085, 1.3168514800326026, 2.0555398400551232)
[1, 6, 8, 8, 8, 1, 5, 4, 10, 9, 1, 8, 1, 8, 3, 1, 8, 7, 4, 5, 9, 9, 3, 9, 6, 6, 3, 10, 2, 7, 9, 7]
(-1.8077332643964672, -0.9018406437136015, 8.657349977933514, 3.3095873543854295)
[2, 6, 8, 7, 2, 2, 2, 6, 9, 9, 5, 10, 2, 1, 10, 1, 7, 10, 1, 5, 9, 9, 3, 8, 6, 9, 3, 9, 10, 7, 9, 1]
(8.786849646188376, -12.4280385019638, 3.361102497811283, 3.752781386235081)
[2, 6, 8, 7, 2, 2, 2, 6, 9, 9, 5, 10, 2, 1, 10, 1, 7, 10, 1, 5, 9, 9, 3, 8, 6, 9, 3, 9, 10, 7, 9, 1]
(8.786849646188376, -12.4280385019638, 3.361102497811283, 3.752781386235081)
[1, 10, 8, 7, 2, 2, 2, 7, 9, 9, 5, 10, 2, 1, 9, 1, 8, 7, 1, 5, 9, 9, 3, 9, 6, 7, 1, 9, 10, 7, 9, 2]
(7.19828575448845, -15.219482216781612, 3.4200638102067793, 4.245928012972688)
[1, 10, 8, 7, 2, 2, 2, 7, 9, 9, 5, 10, 2, 1, 9, 1, 8, 7, 1, 5, 9, 9, 3, 9, 6, 7, 1, 9, 10, 7, 9, 2]
(7.19828575448845, -15.219482216781612, 3.4200638102067793, 4.245928012972688)
[2, 6, 8, 7, 2, 2, 2, 6, 9, 9, 5, 10, 2, 1, 10, 1, 7, 10, 1, 5, 9, 9, 3, 8, 6, 2, 3, 9, 10, 7, 9, 1]
(8.88412381336093, -15.188603968099256, 3.856256686936745, 3.6386338282563773)
[2, 6, 8, 7, 2, 2, 2, 6, 9, 9, 5, 10, 2, 1, 10, 1, 7, 10, 1, 5, 9, 9, 3, 8, 6, 2, 3, 9, 10, 7, 9, 1]
(8.88412381336093, -15.188603968099256, 3.856256686936745, 3.6386338282563773)
[1, 6, 8, 6, 8, 1, 6, 5, 10, 9, 1, 8, 1, 8, 3, 1, 8, 7, 4, 5, 9, 9, 3, 9, 6, 6, 3, 10, 2, 7, 9, 7]
(-1.6503246496107813, -27.457790614319485, 8.420643837022524, 3.820631836704006)
[1, 6, 4, 7, 2, 1, 5, 3, 10, 9, 1, 8, 1, 10, 3, 2, 8, 7, 5, 5, 9, 9, 3, 9, 6, 9, 1, 10, 2, 7, 9, 7]
(-7.556421135875124, -77.69227802063534, 11.639519655594349, 4.827190556694007)
[2, 6, 8, 7, 2, 2, 2, 6, 9, 9, 5, 10, 2, 1, 10, 1, 7, 10, 1, 5, 9, 9, 3, 8, 6, 9, 3, 9, 10, 7, 9, 1]
(8.786849646188376, -12.4280385019638, 3.361102497811283, 3.752781386235081)
[2, 6, 8, 7, 2, 2, 2, 6, 9, 9, 5, 10, 2, 1, 9, 6, 8, 7, 1, 6, 9, 9, 3, 9, 6, 2, 2, 9, 10, 7, 9, 1]
(3.101384147039607, 1.3729992611299933, 4.424487870647036, 4.473950779206136)
[2, 6, 8, 7, 2, 2, 2, 6, 9, 9, 5, 10, 2, 1, 9, 1, 8, 7, 1, 8, 9, 9, 3, 9, 6, 9, 1, 9, 10, 7, 9, 1]
(3.9161986877301267, -11.408573380037325, 4.551907607533424, 4.440167768234003)
[2, 6, 8, 7, 2, 2, 2, 6, 9, 9, 5, 10, 2, 1, 9, 6, 8, 7, 1, 6, 9, 9, 3, 9, 6, 2, 2, 9, 10, 7, 9, 1]
(3.101384147039607, 1.3729992611299933, 4.424487870647036, 4.473950779206136)
[1, 5, 1, 1, 1, 4, 6, 4, 10, 9, 1, 5, 1, 7, 3, 1, 8, 7, 1, 5, 9, 9, 3, 8, 6, 6, 3, 10, 3, 7, 8, 5]
(-0.8980248916786906, 3.7148581362264452, 5.164974800008878, 5.389938432512268)
[1, 6, 8, 7, 2, 1, 5, 3, 10, 9, 1, 8, 1, 10, 3, 2, 8, 7, 5, 5, 9, 9, 3, 9, 6, 9, 1, 10, 2, 7, 9, 7]
(-7.861190908573473, -74.56824542232364, 10.74835135176358, 4.851844047855349)
[1, 5, 1, 7, 8, 4, 6, 4, 10, 9, 1, 7, 3, 10, 2, 1, 8, 8, 1, 3, 8, 8, 3, 9, 6, 7, 3, 9, 3, 7, 8, 5]
(0.3112832666942154, -7.86122129606079, 5.3611446934065405, 5.0607191510854905)
[1, 6, 8, 7, 2, 1, 5, 3, 10, 9, 1, 8, 1, 10, 3, 2, 8, 7, 5, 5, 9, 9, 3, 9, 6, 9, 1, 10, 2, 7, 9, 7]
(-7.861190908573473, -74.56824542232364, 10.74835135176358, 4.851844047855349)
[1, 6, 8, 7, 2, 1, 5, 3, 10, 9, 1, 8, 1, 10, 3, 2, 8, 7, 5, 5, 9, 9, 3, 9, 6, 9, 1, 10, 2, 7, 9, 7]
(-7.861190908573473, -74.56824542232364, 10.74835135176358, 4.851844047855349)
[1, 6, 8, 7, 2, 1, 5, 3, 10, 9, 1, 8, 1, 10, 3, 2, 8, 7, 5, 5, 9, 9, 3, 9, 6, 9, 1, 10, 2, 7, 9, 7]
(-7.861190908573473, -74.56824542232364, 10.74835135176358, 4.851844047855349)
[1, 10, 8, 7, 2, 2, 2, 7, 9, 9, 5, 10, 2, 1, 9, 1, 8, 7, 1, 5, 9, 9, 3, 9, 6, 9, 1, 9, 10, 7, 9, 1]
(6.823467112530306, -20.789822387077017, 3.6274863199986473, 4.71902699617385)
[1, 10, 8, 7, 2, 2, 2, 7, 9, 9, 5, 10, 2, 1, 9, 1, 8, 7, 1, 5, 9, 9, 3, 9, 6, 9, 1, 9, 10, 7, 9, 1]
(6.823467112530306, -20.789822387077017, 3.6274863199986473, 4.71902699617385)
[1, 10, 8, 7, 2, 2, 2, 7, 9, 9, 5, 10, 2, 1, 9, 1, 8, 7, 1, 5, 9, 9, 3, 9, 6, 9, 1, 9, 10, 7, 9, 1]
(6.823467112530306, -20.789822387077017, 3.6274863199986473, 4.71902699617385)
[1, 5, 1, 7, 8, 4, 8, 4, 10, 9, 1, 7, 3, 10, 2, 1, 8, 8, 1, 2, 8, 8, 3, 9, 6, 7, 3, 9, 3, 7, 8, 5]
(1.2003123483599552, 0.8066677363631487, 5.53908984806842, 4.805559426288455)
[1, 6, 8, 8, 8, 1, 5, 4, 10, 9, 1, 8, 1, 8, 3, 1, 8, 7, 4, 5, 9, 9, 3, 9, 8, 8, 9, 9, 3, 7, 8, 5]
(-0.5778606542590097, -2.545789865641537, 4.694465447159631, 5.415805557237191)
[1, 4, 1, 2, 5, 1, 6, 4, 8, 9, 1, 7, 2, 1, 9, 1, 8, 7, 1, 2, 9, 8, 2, 4, 1, 1, 5, 8, 10, 7, 8, 2]
(2.9672004234896585, 1.2293270276493864, 0.7459616372736869, 5.38396980539584)
[1, 4, 1, 2, 5, 1, 6, 4, 8, 9, 1, 7, 2, 1, 9, 1, 8, 7, 1, 2, 9, 8, 2, 4, 1, 1, 5, 8, 10, 7, 8, 2]
(2.9672004234896585, 1.2293270276493864, 0.7459616372736869, 5.38396980539584)
[1, 4, 1, 2, 5, 1, 6, 4, 8, 9, 1, 7, 2, 1, 9, 1, 8, 7, 1, 2, 9, 8, 2, 4, 1, 1, 5, 8, 10, 7, 8, 2]
(2.9672004234896585, 1.2293270276493864, 0.7459616372736869, 5.38396980539584)
[1, 4, 1, 2, 5, 1, 6, 4, 8, 9, 1, 7, 2, 1, 9, 1, 8, 7, 1, 2, 9, 8, 2, 4, 1, 1, 5, 8, 10, 7, 8, 2]
(2.9672004234896585, 1.2293270276493864, 0.7459616372736869, 5.38396980539584)
[1, 4, 1, 2, 5, 1, 6, 4, 8, 9, 1, 7, 2, 1, 9, 1, 8, 7, 1, 2, 9, 8, 2, 4, 1, 1, 5, 8, 10, 7, 8, 2]
(2.9672004234896585, 1.2293270276493864, 0.7459616372736869, 5.38396980539584)
[1, 5, 1, 7, 8, 4, 8, 4, 10, 9, 1, 7, 3, 10, 2, 1, 8, 7, 1, 2, 9, 9, 3, 9, 6, 9, 3, 9, 3, 7, 8, 5]
(-2.848872485667724, 1.7627288803528056, 5.7270204632876585, 5.450422165952457)
[1, 5, 1, 7, 8, 4, 8, 4, 10, 9, 1, 7, 3, 10, 2, 1, 8, 7, 1, 2, 9, 9, 3, 9, 6, 9, 3, 9, 3, 7, 8, 5]
(-2.848872485667724, 1.7627288803528056, 5.7270204632876585, 5.450422165952457)
[1, 5, 1, 7, 8, 4, 8, 4, 10, 9, 1, 7, 3, 10, 2, 1, 8, 7, 1, 2, 9, 9, 3, 9, 6, 9, 3, 9, 3, 7, 8, 5]
(-2.848872485667724, 1.7627288803528056, 5.7270204632876585, 5.450422165952457)
[1, 4, 1, 2, 5, 1, 6, 4, 8, 9, 1, 7, 2, 1, 9, 1, 8, 7, 1, 2, 9, 8, 2, 4, 1, 1, 5, 8, 10, 7, 8, 2]
(2.9672004234896585, 1.2293270276493864, 0.7459616372736869, 5.38396980539584)
[1, 4, 1, 2, 5, 1, 6, 4, 8, 9, 1, 7, 2, 1, 9, 1, 8, 7, 1, 2, 9, 8, 2, 4, 1, 1, 5, 8, 10, 7, 8, 2]
(2.9672004234896585, 1.2293270276493864, 0.7459616372736869, 5.38396980539584)
[1, 8, 8, 1, 10, 2, 2, 4, 9, 9, 5, 5, 4, 9, 9, 3, 8, 5, 1, 6, 8, 8, 3, 4, 1, 2, 9, 10, 10, 6, 8, 1]
(0.18399090073780833, 6.16080890488176, 1.9463470702303618, 5.510352281248826)
[1, 5, 1, 7, 8, 4, 6, 4, 10, 9, 1, 7, 3, 10, 2, 1, 8, 8, 1, 3, 8, 8, 3, 8, 4, 9, 2, 9, 10, 7, 9, 3]
(-0.44319109975732546, 6.19997002013978, 3.8063283051642847, 5.893768942393047)
[1, 5, 1, 7, 8, 4, 6, 4, 10, 9, 1, 7, 3, 10, 2, 1, 8, 8, 1, 3, 8, 8, 3, 8, 4, 9, 2, 9, 10, 7, 9, 3]
(-0.44319109975732546, 6.19997002013978, 3.8063283051642847, 5.893768942393047)
[2, 6, 8, 3, 5, 4, 6, 4, 10, 9, 1, 1, 3, 10, 2, 1, 5, 8, 1, 2, 9, 9, 3, 8, 6, 9, 3, 9, 10, 7, 9, 1]
(-4.010758571081215, -1.8841792472848626, 5.49397529561499, 5.977957236948658)
[2, 6, 8, 7, 2, 2, 2, 6, 9, 9, 5, 10, 2, 1, 9, 1, 8, 7, 1, 5, 9, 9, 3, 9, 6, 9, 1, 9, 10, 7, 9, 1]
(8.470832267671877, -4.551982634219856, -10.394452672351257, 6.024350821225288)
[2, 6, 8, 7, 2, 2, 2, 6, 9, 9, 5, 10, 2, 1, 9, 1, 8, 7, 1, 5, 9, 9, 3, 9, 6, 9, 1, 9, 10, 7, 9, 1]
(8.470832267671877, -4.551982634219856, -10.394452672351257, 6.024350821225288)
[2, 6, 8, 7, 2, 2, 2, 6, 9, 9, 5, 10, 2, 1, 9, 1, 8, 7, 1, 5, 9, 9, 3, 9, 6, 9, 1, 9, 10, 7, 9, 1]
(8.470832267671877, -4.551982634219856, -10.394452672351257, 6.030227847895891)
[2, 6, 8, 7, 2, 2, 2, 6, 9, 9, 5, 10, 2, 1, 9, 1, 8, 7, 1, 5, 9, 9, 3, 9, 6, 9, 1, 9, 10, 7, 9, 1]
(8.470832267671877, -4.551982634219856, -10.394452672351257, 6.024350821225288)
[4, 6, 1, 7, 2, 2, 3, 4, 9, 9, 3, 6, 2, 8, 9, 1, 3, 7, 1, 5, 9, 10, 3, 9, 5, 2, 1, 9, 10, 7, 9, 1]
(5.085366409208735, -3.2661199726220635, -3.5884089033697784, 6.037018367081137)
[4, 6, 1, 7, 2, 2, 3, 4, 9, 9, 3, 6, 2, 8, 9, 1, 3, 7, 1, 5, 9, 10, 3, 9, 5, 2, 1, 9, 10, 7, 9, 1]
(5.085366409208735, -3.2661199726220635, -3.5884089033697784, 6.037018367081137)
[2, 6, 8, 7, 2, 2, 2, 6, 9, 9, 5, 10, 2, 1, 9, 1, 8, 7, 1, 5, 9, 9, 3, 9, 6, 9, 1, 9, 10, 7, 9, 1]
(8.470832267671877, -4.551982634219856, -10.394452672351257, 6.024350821225288)
[1, 6, 8, 7, 2, 1, 5, 4, 8, 9, 1, 7, 2, 2, 9, 1, 8, 7, 1, 2, 9, 9, 3, 9, 6, 9, 3, 9, 10, 7, 9, 1]
(7.3397198597267135, -18.635313252342854, -3.4324733875128466, 6.097032994235169)
[1, 6, 8, 7, 2, 1, 6, 4, 8, 9, 1, 7, 3, 2, 10, 3, 8, 7, 1, 2, 8, 8, 3, 8, 4, 6, 3, 9, 10, 7, 9, 1]
(7.9614300308641495, -29.24150729306281, -13.10262016031013, 6.0735939581420135)
[1, 6, 8, 7, 2, 1, 5, 4, 8, 9, 1, 7, 2, 2, 9, 1, 8, 7, 1, 2, 9, 9, 3, 9, 6, 9, 3, 9, 10, 7, 9, 1]
(7.3397198597267135, -18.635313252342854, -3.4324733875128466, 6.097032994235169)
[1, 6, 8, 7, 2, 1, 5, 4, 8, 9, 1, 7, 2, 2, 9, 1, 8, 7, 1, 2, 9, 9, 3, 9, 6, 9, 3, 9, 10, 7, 9, 1]
(7.3397198597267135, -18.635313252342854, -3.4324733875128466, 6.097032994235169)
[1, 6, 8, 7, 2, 1, 5, 4, 8, 9, 1, 7, 2, 2, 9, 1, 8, 7, 1, 2, 9, 9, 3, 9, 6, 9, 3, 9, 10, 7, 9, 1]
(7.3397198597267135, -18.635313252342854, -3.4324733875128466, 6.097032994235169)
[1, 7, 8, 7, 3, 2, 3, 4, 9, 9, 3, 5, 2, 8, 9, 1, 8, 7, 1, 5, 9, 10, 3, 5, 1, 2, 9, 10, 10, 6, 8, 1]
(4.008080924024827, 6.056558764665364, 2.2941939455520233, 5.8717271660632155)
[1, 7, 8, 7, 3, 2, 3, 4, 9, 9, 3, 5, 2, 8, 9, 1, 8, 7, 1, 5, 9, 10, 3, 5, 1, 2, 9, 10, 10, 6, 8, 1]
(4.008080924024827, 6.056558764665364, 2.2941939455520233, 5.8717271660632155)
[1, 6, 7, 7, 2, 1, 5, 4, 8, 9, 1, 7, 2, 2, 9, 1, 8, 7, 1, 2, 9, 9, 3, 9, 6, 9, 3, 9, 10, 7, 9, 1]
(8.329100861141953, -17.318771239960462, -2.3694131412797246, 6.054846872666295)
[1, 6, 7, 7, 2, 1, 5, 4, 8, 9, 1, 7, 2, 2, 9, 1, 8, 7, 1, 2, 9, 9, 3, 9, 6, 9, 3, 9, 10, 7, 9, 1]
(8.329100861141953, -17.318771239960462, -2.3694131412797246, 6.054846872666295)
[1, 7, 8, 7, 2, 2, 5, 3, 8, 9, 3, 7, 5, 2, 10, 3, 8, 7, 1, 2, 8, 8, 3, 5, 1, 2, 9, 10, 10, 6, 8, 1]
(5.9652847077230025, -16.500964537767608, -7.957639102360226, 6.135289320389286)
[1, 6, 8, 8, 8, 1, 5, 4, 10, 9, 4, 5, 1, 10, 3, 1, 8, 7, 4, 5, 9, 9, 3, 9, 6, 6, 3, 10, 2, 7, 9, 1]
(-7.99075590950747, -68.37765000697716, 10.830686457285124, 6.1246979133038915)
[1, 6, 8, 7, 2, 1, 5, 4, 10, 9, 1, 7, 3, 2, 10, 3, 8, 7, 1, 2, 9, 9, 3, 8, 6, 9, 3, 9, 10, 7, 9, 1]
(1.9042296929721485, -2.8208532361952923, -8.523931338949293, 6.141357845872847)
[1, 7, 8, 7, 2, 2, 5, 3, 8, 9, 3, 7, 5, 2, 9, 3, 8, 7, 1, 2, 8, 8, 3, 4, 1, 2, 9, 10, 10, 6, 8, 1]
(4.941865907438557, -42.21462910106126, -2.540236069273334, 6.168543617084244)
[1, 7, 8, 7, 2, 2, 5, 3, 8, 9, 3, 7, 5, 2, 9, 3, 8, 7, 1, 2, 8, 8, 3, 4, 1, 2, 9, 10, 10, 6, 8, 1]
(4.941865907438557, -42.21462910106126, -2.540236069273334, 6.168543617084244)
[1, 7, 8, 7, 2, 2, 5, 3, 8, 9, 3, 7, 5, 2, 9, 3, 8, 7, 1, 2, 8, 8, 3, 4, 1, 2, 9, 10, 10, 6, 8, 1]
(4.941865907438557, -42.21462910106126, -2.540236069273334, 6.168543617084244)
[1, 7, 8, 7, 2, 2, 5, 3, 8, 9, 3, 7, 5, 2, 9, 3, 8, 7, 1, 2, 8, 8, 3, 4, 1, 2, 9, 10, 10, 6, 8, 1]
(4.941865907438557, -42.21462910106126, -2.540236069273334, 6.168543617084244)
[2, 4, 1, 2, 5, 1, 6, 4, 8, 9, 1, 7, 2, 1, 9, 1, 8, 7, 1, 5, 9, 9, 3, 10, 6, 9, 6, 9, 5, 7, 8, 2]
(3.078732185009312, -4.179518201816267, -2.0457587140765505, 6.161695121831855)
[1, 6, 8, 8, 8, 1, 5, 4, 10, 9, 4, 8, 1, 10, 3, 1, 8, 7, 4, 5, 9, 9, 3, 9, 6, 6, 3, 10, 2, 7, 9, 1]
(-7.157882470499547, -58.693447212840276, 10.318820595974682, 6.166902508358619)
[1, 6, 8, 8, 2, 3, 5, 4, 10, 9, 1, 2, 1, 7, 3, 1, 8, 7, 1, 5, 9, 9, 3, 9, 6, 6, 3, 10, 9, 7, 9, 1]
(-4.833793493673556, -2.1408945605667213, 6.4191176046061145, 6.170322997067292)
[1, 6, 6, 7, 2, 1, 5, 4, 8, 9, 1, 7, 2, 1, 10, 3, 8, 7, 1, 2, 8, 8, 3, 8, 4, 6, 3, 9, 10, 7, 9, 1]
(8.399660594221087, -157.26442400190118, -15.532046684191764, 6.191235111968596)
[1, 6, 8, 7, 2, 1, 5, 4, 8, 9, 1, 8, 3, 2, 10, 3, 8, 7, 1, 2, 8, 8, 3, 8, 4, 6, 3, 9, 10, 7, 9, 1]
(10.682925554941802, -198.06337854312665, -16.787451785319792, 6.218339828695947)
[1, 6, 8, 7, 2, 1, 5, 4, 8, 9, 1, 8, 3, 2, 10, 3, 8, 7, 1, 2, 8, 8, 3, 8, 4, 6, 3, 9, 10, 7, 9, 1]
(10.682925554941802, -198.06337854312665, -16.787451785319792, 6.218339828695947)
[1, 7, 8, 7, 2, 2, 5, 3, 8, 9, 3, 7, 5, 2, 10, 3, 8, 7, 1, 2, 8, 8, 3, 5, 1, 2, 9, 10, 10, 6, 8, 1]
(5.9652847077230025, -16.500964537767608, -7.957639102360226, 6.135289320389286)
[1, 6, 8, 7, 2, 2, 5, 6, 9, 9, 2, 10, 2, 1, 9, 1, 8, 7, 1, 5, 9, 8, 3, 8, 1, 6, 3, 8, 10, 7, 9, 1]
(6.9411393648180795, -129.84294769692005, -14.570177682064507, 6.1977817816167144)
[1, 6, 8, 7, 2, 2, 5, 6, 9, 9, 2, 10, 2, 1, 9, 1, 8, 7, 1, 5, 9, 8, 3, 8, 1, 6, 3, 8, 10, 7, 9, 1]
(6.9411393648180795, -129.84294769692005, -14.570177682064507, 6.1977817816167144)
[1, 5, 8, 7, 2, 2, 5, 6, 9, 9, 2, 10, 2, 1, 9, 1, 8, 7, 1, 5, 9, 8, 3, 8, 2, 9, 9, 9, 10, 7, 9, 1]
(9.395711647092641, -102.33991934433732, -4.257651712019598, 6.213212916588763)
[1, 5, 8, 7, 2, 2, 5, 6, 9, 9, 2, 10, 2, 1, 9, 1, 8, 7, 1, 5, 9, 8, 3, 8, 2, 9, 9, 9, 10, 7, 9, 1]
(9.395711647092641, -102.33991934433732, -4.257651712019598, 6.213212916588763)
[1, 5, 8, 7, 2, 2, 5, 6, 9, 9, 2, 10, 2, 1, 9, 1, 8, 7, 1, 5, 9, 8, 3, 8, 2, 9, 9, 9, 10, 7, 9, 1]
(9.395711647092641, -102.33991934433732, -4.257651712019598, 6.213212916588763)
[1, 6, 8, 8, 2, 3, 5, 4, 10, 9, 1, 8, 1, 7, 3, 1, 8, 7, 1, 5, 9, 9, 3, 9, 6, 6, 3, 10, 2, 7, 9, 1]
(-7.123341056553909, -30.003248516513963, 9.17157735793128, 6.210210851328361)
[1, 6, 8, 8, 2, 3, 5, 4, 10, 9, 1, 8, 1, 7, 3, 1, 8, 7, 1, 5, 9, 9, 3, 9, 6, 6, 3, 10, 2, 7, 9, 1]
(-7.123341056553909, -30.003248516513963, 9.17157735793128, 6.210210851328361)
[1, 7, 8, 6, 2, 2, 5, 3, 8, 9, 3, 7, 5, 2, 10, 3, 8, 7, 1, 2, 8, 8, 3, 10, 1, 2, 9, 10, 10, 6, 8, 1]
(5.437311230969501, -23.09776888855912, -7.452320967556243, 6.299053386982581)
[1, 6, 8, 8, 2, 3, 5, 4, 10, 9, 1, 8, 1, 6, 3, 1, 8, 7, 1, 5, 9, 9, 3, 4, 6, 6, 3, 10, 2, 7, 9, 1]
(-6.801951598058849, -35.6191001294974, 9.289668913293829, 6.227077141852564)
[1, 6, 8, 7, 2, 1, 5, 4, 8, 9, 1, 10, 3, 5, 10, 3, 8, 7, 1, 2, 8, 8, 3, 8, 1, 6, 3, 8, 10, 7, 9, 1]
(8.974673503682016, -196.80216714210843, -17.254110634200625, 6.215112541114824)
[1, 6, 8, 7, 2, 1, 5, 4, 8, 9, 1, 7, 3, 2, 10, 3, 8, 7, 1, 2, 8, 8, 3, 8, 4, 6, 3, 9, 10, 7, 9, 1]
(11.201316386045391, -186.12787983981616, -14.350212580800957, 6.264442443783234)
[1, 6, 8, 7, 2, 1, 5, 4, 8, 9, 1, 7, 3, 2, 10, 3, 8, 7, 1, 2, 8, 8, 3, 8, 4, 6, 3, 9, 10, 7, 9, 1]
(11.201316386045391, -186.12787983981616, -14.350212580800957, 6.264442443783234)
[1, 6, 8, 7, 2, 1, 5, 4, 8, 9, 1, 7, 3, 2, 10, 3, 8, 7, 1, 2, 8, 8, 3, 8, 4, 6, 3, 9, 10, 7, 9, 1]
(11.201316386045391, -186.12787983981616, -14.350212580800957, 6.264442443783234)
[1, 6, 8, 7, 2, 1, 5, 4, 8, 9, 1, 7, 3, 2, 10, 3, 8, 7, 1, 2, 8, 8, 3, 8, 4, 6, 3, 9, 10, 7, 9, 1]
(11.201316386045391, -186.12787983981616, -14.350212580800957, 6.264442443783234)
[1, 6, 8, 5, 2, 1, 5, 4, 8, 9, 1, 7, 3, 2, 10, 3, 8, 7, 1, 2, 8, 8, 3, 8, 4, 6, 3, 9, 9, 7, 9, 1]
(10.223797433217214, -143.0441109934117, -12.57445890193535, 6.261345528623559)
[1, 7, 8, 7, 2, 2, 5, 3, 8, 9, 3, 7, 5, 2, 10, 3, 8, 7, 1, 2, 8, 8, 3, 5, 1, 2, 9, 10, 10, 6, 8, 1]
(5.9652847077230025, -16.500964537767608, -7.957639102360226, 6.135289320389286)
[1, 7, 8, 7, 2, 2, 5, 3, 8, 9, 3, 7, 5, 2, 10, 3, 8, 7, 1, 2, 8, 8, 3, 5, 1, 2, 9, 10, 10, 6, 8, 1]
(5.9652847077230025, -16.500964537767608, -7.957639102360226, 6.135289320389286)
[1, 7, 8, 7, 2, 2, 5, 3, 8, 9, 3, 7, 5, 2, 10, 3, 8, 7, 1, 2, 8, 8, 3, 5, 1, 2, 9, 10, 10, 6, 8, 1]
(5.9652847077230025, -16.500964537767608, -7.957639102360226, 6.135289320389286)
[1, 7, 8, 7, 2, 2, 5, 3, 8, 9, 3, 7, 5, 2, 10, 3, 8, 7, 1, 2, 8, 8, 3, 5, 1, 2, 9, 10, 10, 6, 8, 1]
(5.9652847077230025, -16.500964537767608, -7.957639102360226, 6.135289320389286)
[1, 7, 8, 7, 3, 2, 3, 4, 9, 9, 3, 5, 2, 8, 9, 5, 8, 7, 1, 5, 9, 10, 3, 4, 1, 1, 5, 8, 10, 7, 8, 2]
(3.0838334419338485, -7.6345480332284135, -2.2032946715302244, 6.261528897570424)
[1, 6, 8, 7, 2, 1, 5, 4, 8, 9, 1, 7, 3, 2, 10, 3, 8, 7, 1, 2, 8, 8, 3, 8, 4, 6, 3, 9, 10, 7, 9, 1]
(11.201316386045391, -186.12787983981616, -14.350212580800957, 6.264442443783234)
[1, 7, 8, 6, 2, 2, 5, 3, 8, 9, 1, 10, 5, 2, 10, 1, 7, 10, 1, 5, 8, 8, 3, 10, 1, 2, 9, 10, 10, 6, 8, 1]
(8.014849498763212, 0.21083888911930382, -16.38500388170926, 6.257208243048621)
[1, 7, 8, 6, 2, 2, 5, 3, 8, 9, 3, 7, 5, 2, 10, 3, 8, 7, 1, 2, 8, 8, 3, 10, 1, 2, 9, 10, 10, 6, 8, 1]
(5.437311230969501, -23.09776888855912, -7.452320967556243, 6.299053386982581)
[1, 7, 8, 6, 2, 2, 5, 3, 8, 9, 3, 7, 5, 2, 10, 3, 8, 7, 1, 2, 8, 8, 3, 10, 1, 2, 9, 10, 10, 6, 8, 1]
(5.437311230969501, -23.09776888855912, -7.452320967556243, 6.299053386982581)
[1, 7, 8, 6, 2, 2, 5, 3, 8, 9, 3, 7, 5, 2, 10, 3, 8, 7, 1, 2, 8, 8, 3, 10, 1, 2, 9, 10, 10, 6, 8, 1]
(5.437311230969501, -23.09776888855912, -7.452320967556243, 6.299053386982581)
[1, 7, 8, 6, 2, 2, 5, 3, 8, 9, 3, 7, 5, 2, 10, 3, 8, 7, 1, 2, 8, 8, 3, 10, 1, 2, 9, 10, 10, 6, 8, 1]
(5.437311230969501, -23.09776888855912, -7.452320967556243, 6.299053386982581)
[5, 10, 8, 7, 2, 2, 5, 3, 8, 9, 3, 7, 5, 2, 10, 3, 8, 7, 1, 2, 8, 8, 3, 5, 1, 2, 9, 10, 10, 6, 8, 1]
(5.266877911878508, -14.46584384182734, -5.918766964907294, 6.263699490905245)
[1, 7, 8, 7, 2, 2, 5, 3, 8, 9, 3, 7, 5, 2, 10, 3, 8, 7, 2, 2, 8, 8, 3, 5, 10, 2, 9, 10, 6, 6, 8, 1]
(3.5556529042945733, -15.92236156814002, -3.537291559725849, 6.370867885569897)
[1, 8, 8, 1, 10, 1, 5, 4, 9, 9, 1, 4, 1, 8, 3, 1, 8, 10, 1, 6, 8, 8, 3, 4, 1, 2, 9, 10, 10, 6, 8, 1]
(-0.1091672101429168, 2.757963745175105, 1.6873995409481264, 6.449173499941367)
[1, 8, 8, 1, 10, 1, 5, 4, 9, 9, 1, 4, 1, 8, 3, 1, 8, 10, 1, 6, 8, 8, 3, 4, 1, 2, 9, 10, 10, 6, 8, 1]
(-0.1091672101429168, 2.757963745175105, 1.6873995409481264, 6.449173499941367)
[1, 8, 8, 1, 10, 1, 5, 4, 9, 9, 1, 4, 1, 8, 3, 1, 8, 10, 1, 6, 8, 8, 3, 4, 1, 2, 9, 10, 10, 6, 8, 1]
(-0.1091672101429168, 2.757963745175105, 1.6873995409481264, 6.449173499941367)
[1, 2, 8, 8, 8, 1, 5, 4, 10, 9, 1, 8, 1, 8, 3, 1, 8, 7, 4, 5, 9, 9, 3, 9, 6, 9, 9, 9, 10, 6, 8, 1]
(0.01744837783689662, 1.6357305497708658, 0.2547084628487427, 6.403575672603445)
[1, 2, 5, 7, 2, 2, 3, 4, 9, 9, 3, 5, 2, 3, 9, 1, 8, 9, 1, 5, 9, 9, 3, 9, 6, 9, 9, 9, 10, 6, 8, 1]
(6.155270034693327, -49.42653831186601, -7.011654370728734, 6.418061285577419)
[1, 2, 5, 7, 2, 2, 3, 4, 9, 9, 3, 5, 2, 3, 9, 1, 8, 9, 1, 5, 9, 9, 3, 9, 6, 9, 9, 9, 10, 6, 8, 1]
(6.155270034693327, -49.42653831186601, -7.011654370728734, 6.418061285577419)
[1, 2, 5, 7, 2, 2, 3, 4, 9, 9, 3, 5, 2, 3, 9, 1, 8, 9, 1, 5, 9, 9, 3, 9, 6, 9, 9, 9, 10, 6, 8, 1]
(6.155270034693327, -49.42653831186601, -7.011654370728734, 6.418061285577419)
[1, 2, 5, 7, 2, 2, 3, 4, 9, 9, 3, 5, 2, 3, 9, 1, 8, 9, 1, 5, 9, 9, 3, 9, 6, 9, 9, 9, 10, 6, 8, 1]
(6.155270034693327, -49.42653831186601, -7.011654370728734, 6.418061285577419)
[1, 7, 8, 6, 2, 2, 5, 3, 8, 9, 1, 10, 5, 2, 10, 3, 8, 7, 1, 2, 8, 8, 3, 10, 1, 2, 9, 10, 10, 6, 8, 1]
(10.352707306341474, -237.71987901933682, -16.83536025383561, 6.469537753308066)
[1, 10, 8, 7, 2, 2, 5, 3, 8, 9, 3, 7, 5, 2, 10, 3, 8, 7, 1, 2, 8, 8, 3, 5, 1, 2, 9, 10, 10, 6, 8, 1]
(-2.3545196972882447, -22.126199774104336, -8.162887597612103, 6.508614865898821)
[1, 10, 8, 7, 2, 2, 5, 3, 8, 9, 3, 7, 5, 2, 10, 3, 8, 7, 1, 2, 8, 8, 3, 5, 1, 2, 9, 10, 10, 6, 8, 1]
(-2.3545196972882447, -22.126199774104336, -8.162887597612103, 6.508614865898821)
[1, 10, 8, 7, 2, 2, 5, 3, 8, 9, 3, 7, 5, 2, 10, 3, 8, 7, 1, 2, 8, 8, 3, 5, 1, 2, 9, 10, 10, 6, 8, 1]
(-2.3545196972882447, -22.126199774104336, -8.162887597612103, 6.508614865898821)
[1, 10, 8, 7, 2, 2, 5, 3, 8, 9, 3, 7, 5, 2, 10, 3, 8, 7, 1, 2, 8, 8, 3, 5, 1, 2, 9, 10, 10, 6, 8, 1]
(-2.3545196972882447, -22.126199774104336, -8.162887597612103, 6.508614865898821)
[1, 10, 8, 7, 2, 2, 5, 3, 8, 9, 3, 7, 5, 2, 10, 3, 8, 7, 1, 2, 8, 8, 3, 5, 1, 2, 9, 10, 10, 6, 8, 1]
(-2.3545196972882447, -22.126199774104336, -8.162887597612103, 6.508614865898821)
[1, 6, 8, 7, 2, 1, 4, 4, 8, 9, 1, 7, 8, 2, 10, 3, 8, 7, 1, 6, 8, 8, 3, 8, 4, 2, 9, 9, 10, 6, 8, 1]
(5.078673379084603, -18.397444796319682, -4.176114676983738, 6.455226668576979)
[5, 6, 8, 6, 5, 4, 6, 4, 10, 9, 1, 7, 3, 10, 2, 1, 5, 8, 1, 2, 9, 9, 3, 9, 6, 9, 3, 9, 2, 6, 7, 1]
(-1.881010772217681, 3.651988458436824, 3.667315875554571, 6.477927845886835)
[1, 10, 8, 7, 2, 1, 3, 4, 8, 9, 1, 7, 3, 2, 10, 3, 8, 7, 1, 6, 8, 8, 3, 8, 4, 2, 9, 9, 10, 6, 8, 1]
(6.966823275290145, -58.46077673047962, -3.6948112631478547, 6.500535212344153)
[1, 10, 8, 7, 2, 1, 3, 4, 8, 9, 1, 7, 3, 2, 10, 3, 8, 7, 1, 6, 8, 8, 3, 8, 4, 2, 9, 9, 10, 6, 8, 1]
(6.966823275290145, -58.46077673047962, -3.6948112631478547, 6.500535212344153)
[1, 10, 8, 7, 2, 1, 3, 4, 8, 9, 1, 7, 3, 2, 10, 3, 8, 7, 1, 6, 8, 8, 3, 8, 4, 2, 9, 9, 10, 6, 8, 1]
(6.966823275290145, -58.46077673047962, -3.6948112631478547, 6.500535212344153)
[1, 10, 8, 7, 2, 1, 3, 4, 8, 9, 1, 7, 3, 2, 10, 3, 8, 7, 1, 6, 8, 8, 3, 8, 4, 2, 9, 9, 10, 6, 8, 1]
(6.966823275290145, -58.46077673047962, -3.6948112631478547, 6.500535212344153)
[1, 10, 8, 7, 2, 1, 3, 4, 8, 9, 1, 7, 3, 2, 10, 3, 8, 7, 1, 6, 8, 8, 3, 8, 4, 2, 9, 9, 10, 6, 8, 1]
(6.966823275290145, -58.46077673047962, -3.6948112631478547, 6.500535212344153)
[5, 6, 8, 6, 5, 4, 6, 4, 10, 9, 1, 7, 6, 8, 3, 1, 8, 7, 4, 5, 9, 9, 3, 4, 10, 6, 8, 10, 2, 6, 7, 1]
(-4.4472734299354215, -29.61379812777122, 7.264508752067553, 6.528078123847733)
[5, 6, 8, 6, 5, 4, 6, 4, 10, 9, 1, 7, 6, 8, 3, 1, 8, 7, 4, 5, 9, 9, 3, 4, 10, 6, 8, 10, 2, 6, 7, 1]
(-4.4472734299354215, -29.61379812777122, 7.264508752067553, 6.528078123847733)
[5, 6, 8, 6, 5, 4, 6, 4, 10, 9, 1, 7, 6, 8, 3, 1, 8, 7, 4, 5, 9, 9, 3, 4, 10, 6, 8, 10, 2, 6, 7, 1]
(-4.4472734299354215, -29.61379812777122, 7.264508752067553, 6.528078123847733)
[5, 6, 8, 6, 5, 4, 6, 4, 10, 9, 1, 7, 6, 8, 3, 1, 8, 7, 4, 5, 9, 9, 3, 4, 10, 6, 8, 10, 2, 6, 7, 1]
(-4.4472734299354215, -29.61379812777122, 7.264508752067553, 6.528078123847733)
[1, 10, 8, 7, 2, 1, 4, 4, 8, 9, 1, 7, 3, 2, 10, 3, 8, 7, 1, 6, 8, 8, 3, 8, 4, 2, 9, 9, 10, 6, 8, 1]
(8.043128263378277, -63.46197540478624, -6.50593445324026, 6.519501507775532)
[1, 10, 8, 7, 2, 1, 4, 4, 8, 9, 1, 7, 3, 2, 10, 3, 8, 7, 1, 6, 8, 8, 3, 8, 4, 2, 9, 9, 10, 6, 8, 1]
(8.043128263378277, -63.46197540478624, -6.50593445324026, 6.519501507775532)
[1, 10, 8, 7, 6, 2, 2, 3, 8, 9, 3, 7, 5, 2, 8, 3, 8, 7, 1, 2, 8, 8, 3, 5, 1, 2, 9, 10, 10, 6, 8, 1]
(5.385435952993978, -40.358776126716954, -4.31054807238738, 6.546905855662688)
[1, 10, 8, 7, 6, 2, 2, 3, 8, 9, 3, 7, 5, 2, 8, 3, 8, 7, 1, 2, 8, 8, 3, 5, 1, 2, 9, 10, 10, 6, 8, 1]
(5.385435952993978, -40.358776126716954, -4.31054807238738, 6.546905855662688)
[1, 10, 8, 7, 2, 2, 5, 3, 10, 9, 1, 8, 1, 8, 3, 1, 8, 7, 4, 2, 8, 8, 3, 5, 1, 2, 9, 10, 6, 6, 8, 1]
(-1.6076440819173314, 5.803566817764077, 3.259610516760363, 6.543062595789898)
[1, 7, 5, 7, 2, 2, 3, 4, 9, 9, 3, 5, 2, 3, 9, 1, 8, 7, 1, 2, 9, 8, 3, 5, 1, 2, 9, 9, 10, 6, 8, 1]
(8.808707089302413, -57.64396546496455, -9.67069431147937, 6.551474607302992)
[1, 7, 5, 7, 2, 2, 3, 4, 9, 9, 3, 5, 2, 3, 9, 1, 8, 7, 1, 2, 9, 8, 3, 5, 1, 2, 9, 9, 10, 6, 8, 1]
(8.808707089302413, -57.64396546496455, -9.67069431147937, 6.551474607302992)
[1, 7, 5, 7, 2, 2, 3, 4, 9, 9, 3, 5, 2, 3, 9, 1, 8, 7, 1, 2, 9, 8, 3, 5, 1, 2, 9, 9, 10, 6, 8, 1]
(8.808707089302413, -57.64396546496455, -9.67069431147937, 6.551474607302992)
[5, 6, 8, 6, 7, 4, 6, 4, 10, 9, 1, 7, 6, 8, 4, 1, 10, 7, 4, 5, 9, 9, 3, 4, 1, 1, 5, 8, 10, 6, 7, 1]
(1.7334852613539597, -1.2757026747921643, 0.026624200146480557, 6.585531400963763)
[5, 6, 8, 6, 7, 4, 6, 4, 10, 9, 1, 7, 6, 8, 4, 1, 10, 7, 4, 5, 9, 9, 3, 4, 1, 1, 5, 8, 10, 6, 7, 1]
(1.7334852613539597, -1.2757026747921643, 0.026624200146480557, 6.585531400963763)
[2, 6, 6, 1, 10, 2, 2, 4, 9, 8, 5, 5, 7, 5, 9, 10, 10, 7, 1, 2, 9, 9, 4, 9, 4, 6, 9, 9, 2, 6, 7, 1]
(-5.120102703352597, -7.48261343697281, 6.568386143034961, 6.620571360174087)
[2, 6, 6, 1, 10, 2, 2, 4, 9, 8, 5, 5, 7, 5, 9, 10, 10, 7, 1, 2, 9, 9, 4, 9, 4, 6, 9, 9, 2, 6, 7, 1]
(-5.120102703352597, -7.48261343697281, 6.568386143034961, 6.620571360174087)
[2, 6, 6, 1, 10, 2, 2, 4, 9, 8, 5, 5, 7, 5, 9, 10, 10, 7, 1, 2, 9, 9, 4, 9, 4, 6, 9, 9, 2, 6, 7, 1]
(-5.120102703352597, -7.48261343697281, 6.568386143034961, 6.620571360174087)
[1, 6, 2, 7, 2, 1, 5, 4, 8, 9, 1, 7, 6, 8, 3, 1, 8, 7, 4, 5, 9, 6, 3, 4, 10, 6, 8, 10, 2, 6, 7, 1]
(-5.474258394684922, -6.473631935305687, 5.662269110505699, 6.670168533487409)
[1, 6, 1, 7, 6, 4, 3, 7, 9, 9, 3, 7, 3, 1, 9, 3, 4, 4, 3, 9, 9, 4, 6, 8, 4, 6, 9, 9, 7, 3, 4, 1]
(0.004159324039744661, 0.47970872495817407, -0.0007468999256457476, 6.904816298923889)
[1, 6, 8, 6, 5, 4, 6, 4, 10, 9, 5, 7, 6, 8, 3, 1, 4, 4, 3, 9, 9, 9, 6, 8, 1, 6, 9, 9, 7, 3, 4, 1]
(-0.01797587113243253, 0.3545905822661357, 0.003371258766053533, 6.954979976142171)
[1, 6, 8, 6, 5, 4, 6, 4, 10, 9, 5, 7, 6, 8, 3, 1, 4, 4, 3, 9, 9, 9, 6, 8, 1, 6, 9, 9, 7, 3, 4, 1]
(-0.01797587113243253, 0.3545905822661357, 0.003371258766053533, 6.954979976142171)
[1, 8, 2, 1, 2, 1, 5, 2, 8, 9, 1, 7, 2, 5, 9, 1, 8, 3, 1, 3, 1, 8, 2, 8, 6, 6, 3, 9, 10, 3, 4, 1]
(-0.024447447904276488, 0.3225113821104349, -0.0020487790915641115, 6.963388170685562)
[4, 6, 1, 4, 8, 4, 6, 4, 10, 9, 1, 7, 3, 10, 2, 1, 8, 10, 1, 3, 8, 8, 3, 10, 1, 2, 9, 10, 4, 3, 4, 1]
(-2.9564034729297672, 5.54960066550578, 4.118127518802024, 7.200655498502675)
[4, 6, 1, 4, 8, 4, 6, 4, 10, 9, 1, 7, 3, 10, 2, 1, 8, 10, 1, 3, 8, 8, 3, 10, 1, 2, 9, 10, 4, 3, 4, 1]
(-2.9564034729297672, 5.54960066550578, 4.118127518802024, 7.200655498502675)
[4, 6, 1, 4, 8, 4, 6, 4, 10, 9, 1, 7, 3, 10, 2, 1, 8, 10, 1, 3, 8, 8, 3, 10, 1, 2, 9, 10, 4, 3, 4, 1]
(-2.9564034729297672, 5.54960066550578, 4.118127518802024, 7.200655498502675)
[1, 8, 8, 8, 8, 1, 5, 4, 10, 9, 1, 8, 1, 10, 3, 1, 8, 7, 4, 3, 7, 8, 2, 8, 6, 6, 3, 9, 10, 3, 4, 1]
(1.8883655242747297, -18.464716138695515, -2.1947001816376295, 7.258270805307926)
[1, 8, 8, 8, 8, 1, 5, 4, 10, 9, 1, 8, 1, 10, 3, 1, 8, 7, 4, 3, 7, 8, 2, 8, 6, 6, 3, 9, 10, 3, 4, 1]
(1.8883655242747297, -18.464716138695515, -2.1947001816376295, 7.258270805307926)
[1, 8, 2, 1, 10, 2, 2, 4, 9, 9, 5, 5, 2, 5, 9, 10, 8, 6, 1, 3, 7, 8, 2, 8, 6, 6, 3, 9, 10, 3, 4, 1]
(2.302985994272464, -19.125943435803272, -2.48118167676827, 7.268244632797617)
[1, 8, 2, 1, 10, 2, 2, 4, 9, 9, 5, 5, 2, 5, 9, 10, 8, 6, 1, 3, 7, 8, 2, 8, 6, 6, 3, 9, 10, 3, 4, 1]
(2.302985994272464, -19.125943435803272, -2.48118167676827, 7.268244632797617)
[4, 6, 1, 5, 8, 4, 6, 4, 10, 9, 1, 7, 3, 10, 2, 1, 8, 1, 1, 3, 8, 8, 3, 9, 5, 2, 3, 9, 4, 3, 4, 1]
(-2.769866826801038, 5.527682760264568, 3.4434872822163687, 7.2996729941510905)
[4, 6, 1, 5, 8, 4, 6, 4, 10, 9, 1, 7, 3, 10, 2, 1, 8, 1, 1, 3, 8, 8, 3, 9, 5, 2, 3, 9, 4, 3, 4, 1]
(-2.769866826801038, 5.527682760264568, 3.4434872822163687, 7.2996729941510905)
[1, 6, 1, 7, 6, 4, 3, 7, 9, 9, 3, 3, 3, 1, 9, 3, 4, 4, 3, 9, 9, 9, 6, 8, 1, 6, 9, 9, 7, 3, 4, 1]
(-0.1561781345108358, 0.2319137162934759, 0.37674683353178307, 7.446374300250232)
