[1, 10, 9, 1, 7, 2, 2, 3, 8, 10, 9, 10, 1, 5, 9, 2, 3, 7, 2, 6, 9, 10, 3, 1, 7, 5, 3, 8, 8, 9, 10, 1]
(4.95732209663838, -7.539012403416053, -3.016109247116681, 4.731623413201595)
[1, 10, 8, 1, 10, 9, 9, 8, 1, 6, 4, 9, 6, 6, 10, 2, 9, 9, 2, 9, 9, 10, 3, 1, 7, 3, 8, 9, 10, 1, 1, 5]
(-1.568637142633645, 6.142481828825226, 2.689954957796849, 1.6147198928220778)
[1, 10, 8, 1, 10, 9, 9, 8, 1, 6, 4, 9, 6, 6, 10, 2, 9, 9, 2, 9, 9, 10, 3, 1, 7, 3, 8, 9, 10, 1, 1, 5]
(-1.568637142633645, 6.142481828825226, 2.689954957796849, 1.6147198928220778)
[1, 10, 8, 1, 10, 9, 9, 8, 1, 6, 4, 9, 6, 6, 10, 2, 9, 9, 2, 9, 9, 10, 3, 1, 7, 3, 8, 9, 10, 1, 1, 5]
(-1.568637142633645, 6.142481828825226, 2.689954957796849, 1.6147198928220778)
[1, 10, 6, 7, 1, 2, 4, 4, 8, 7, 6, 10, 1, 5, 9, 2, 3, 7, 2, 8, 9, 10, 3, 1, 7, 3, 5, 9, 10, 1, 1, 1]
(0.0730063883292786, 5.99104739830836, 2.9647101633311546, 2.2308211754793876)
[1, 10, 6, 1, 10, 9, 9, 8, 1, 6, 4, 9, 7, 6, 10, 7, 10, 9, 2, 6, 9, 10, 3, 1, 7, 5, 2, 9, 8, 9, 10, 6]
(5.780464335934437, -19.36151069493121, 6.054890426190176, 2.7917156157088248)
[1, 10, 6, 1, 10, 9, 9, 8, 1, 6, 4, 9, 7, 6, 10, 7, 10, 9, 2, 6, 9, 10, 3, 1, 7, 5, 2, 9, 8, 9, 10, 6]
(5.780464335934437, -19.36151069493121, 6.054890426190176, 2.7917156157088248)
[1, 10, 6, 1, 10, 9, 9, 8, 1, 6, 4, 9, 7, 6, 10, 7, 10, 9, 2, 6, 9, 10, 3, 1, 7, 5, 2, 9, 8, 9, 10, 6]
(5.780464335934437, -19.36151069493121, 6.054890426190176, 2.7917156157088248)
[1, 10, 6, 1, 10, 9, 9, 8, 1, 6, 4, 9, 7, 6, 10, 7, 10, 9, 2, 6, 9, 10, 3, 1, 7, 5, 2, 9, 8, 9, 10, 6]
(5.780464335934437, -19.36151069493121, 6.054890426190176, 2.7917156157088248)
[1, 10, 6, 1, 10, 4, 9, 8, 1, 6, 4, 9, 7, 6, 10, 7, 10, 9, 2, 6, 9, 10, 3, 1, 7, 5, 2, 9, 8, 9, 10, 6]
(3.904311309294724, -0.2968036534949654, 2.9789213570907087, 2.647628042772315)
[1, 10, 6, 1, 10, 4, 9, 8, 1, 6, 4, 9, 7, 6, 10, 7, 10, 9, 2, 6, 9, 10, 3, 1, 7, 5, 2, 9, 8, 9, 10, 6]
(3.904311309294724, -0.2968036534949654, 2.9789213570907087, 2.647628042772315)
[2, 10, 3, 1, 9, 2, 5, 4, 8, 10, 5, 10, 1, 2, 10, 2, 10, 7, 2, 6, 9, 10, 3, 1, 10, 3, 8, 4, 10, 8, 9, 1]
(0.1270655659494764, 1.0687358302833838, -0.012241150328661562, 1.3218035025541948)
[2, 10, 3, 1, 9, 2, 5, 4, 8, 10, 5, 10, 1, 2, 10, 2, 10, 7, 2, 6, 9, 10, 3, 1, 10, 3, 8, 4, 10, 8, 9, 1]
(0.1270655659494764, 1.0687358302833838, -0.012241150328661562, 1.3218035025541948)
[2, 10, 3, 1, 9, 2, 5, 4, 8, 10, 5, 10, 1, 2, 10, 2, 10, 7, 2, 6, 9, 10, 3, 1, 10, 3, 8, 4, 10, 8, 9, 1]
(0.1270655659494764, 1.0687358302833838, -0.012241150328661562, 1.3218035025541948)
[2, 10, 3, 1, 9, 2, 5, 4, 8, 10, 5, 10, 1, 2, 10, 2, 10, 7, 2, 6, 9, 10, 3, 1, 10, 3, 8, 4, 10, 8, 9, 1]
(0.1270655659494764, 1.0687358302833838, -0.012241150328661562, 1.3218035025541948)
[1, 10, 6, 1, 10, 4, 9, 8, 1, 6, 4, 9, 7, 6, 10, 7, 10, 9, 2, 6, 9, 10, 3, 1, 7, 5, 2, 9, 8, 9, 10, 6]
(3.904311309294724, -0.2968036534949654, 2.9789213570907087, 2.647628042772315)
[2, 10, 3, 1, 3, 2, 5, 4, 8, 10, 6, 10, 1, 2, 10, 2, 9, 7, 2, 6, 9, 10, 3, 1, 7, 6, 8, 4, 8, 8, 9, 1]
(9.04147404327631, -37.97433160002738, 0.350790977680983, 3.421302760083871)
[1, 10, 6, 1, 10, 4, 9, 8, 1, 6, 4, 9, 7, 6, 10, 7, 10, 9, 2, 6, 9, 10, 3, 1, 8, 3, 3, 9, 8, 9, 10, 6]
(3.170674693584442, -5.401625236178361, 1.0189120855649882, 2.7276513527991666)
[7, 8, 1, 6, 7, 4, 2, 2, 8, 10, 1, 1, 6, 2, 8, 2, 10, 9, 4, 8, 9, 10, 3, 1, 10, 3, 5, 9, 1, 4, 5, 5]
(-3.366434276724715, 6.066097748463159, 0.49842511668153194, 3.0855207811663314)
[7, 8, 1, 6, 7, 4, 2, 2, 8, 10, 1, 1, 6, 2, 8, 2, 10, 9, 4, 8, 9, 10, 3, 1, 10, 3, 5, 9, 1, 4, 5, 5]
(-3.366434276724715, 6.066097748463159, 0.49842511668153194, 3.0855207811663314)
[2, 10, 5, 1, 9, 2, 5, 4, 8, 10, 5, 7, 1, 2, 10, 2, 10, 7, 2, 6, 9, 10, 3, 1, 9, 6, 8, 4, 8, 8, 9, 1]
(5.958646598844598, -2.9456902925271016, -0.4112691299057481, 3.15871208090832)
[2, 10, 3, 1, 9, 2, 5, 4, 8, 10, 5, 10, 1, 2, 10, 2, 10, 7, 2, 6, 9, 10, 3, 1, 7, 6, 8, 4, 8, 8, 9, 1]
(8.877809381603559, -16.321865526461703, -4.330096328910475, 4.135502266184747)
[2, 10, 3, 1, 3, 2, 5, 4, 8, 10, 5, 10, 7, 2, 10, 2, 9, 7, 2, 6, 9, 10, 3, 1, 8, 6, 8, 4, 8, 8, 9, 1]
(6.117114804081382, -2.2240674055513026, -1.390596588618239, 3.456337311513621)
[1, 10, 6, 1, 9, 2, 1, 4, 8, 10, 5, 10, 4, 3, 10, 2, 10, 7, 2, 6, 9, 10, 3, 1, 9, 1, 8, 9, 8, 8, 9, 1]
(4.6928360946457826, -19.24455156770947, 0.9619476622204752, 3.747672868556587)
[1, 10, 6, 1, 9, 2, 1, 4, 8, 10, 5, 10, 4, 3, 10, 2, 10, 7, 2, 6, 9, 10, 3, 1, 9, 1, 8, 9, 8, 8, 9, 1]
(4.6928360946457826, -19.24455156770947, 0.9619476622204752, 3.747672868556587)
[2, 10, 3, 1, 9, 2, 5, 4, 8, 10, 5, 10, 1, 2, 10, 2, 10, 7, 2, 6, 9, 10, 3, 1, 7, 6, 3, 4, 8, 8, 9, 1]
(8.827909837113921, -16.030922702340533, -1.3460553060555907, 3.7297320544119406)
[1, 10, 6, 1, 4, 2, 2, 4, 7, 7, 5, 10, 1, 4, 9, 2, 4, 9, 5, 9, 9, 10, 3, 8, 2, 3, 3, 9, 8, 8, 9, 6]
(2.148853813475398, -20.450164432527046, 7.885494986255939, 4.3235639739272544)
[2, 10, 3, 1, 3, 2, 5, 4, 8, 10, 5, 10, 1, 2, 10, 2, 9, 7, 2, 6, 9, 10, 3, 1, 7, 6, 8, 4, 8, 8, 9, 1]
(8.61457207314943, -24.196495438994, 0.697549945664021, 3.5007689241195363)
[2, 10, 3, 1, 3, 2, 5, 4, 8, 10, 5, 10, 1, 2, 10, 2, 9, 7, 2, 6, 9, 10, 3, 1, 7, 6, 8, 4, 8, 8, 9, 1]
(8.61457207314943, -24.196495438994, 0.697549945664021, 3.5007689241195363)
[2, 10, 3, 10, 9, 2, 5, 4, 8, 10, 5, 10, 1, 1, 10, 2, 10, 7, 2, 6, 9, 10, 3, 1, 7, 5, 3, 4, 8, 8, 9, 3]
(8.810711482049726, -47.4099266928047, 0.2512481284963757, 4.030946367991003)
[2, 10, 3, 10, 9, 2, 5, 4, 8, 10, 5, 10, 1, 1, 10, 2, 10, 7, 2, 6, 9, 10, 3, 1, 7, 5, 3, 4, 8, 8, 9, 3]
(8.810711482049726, -47.4099266928047, 0.2512481284963757, 4.030946367991003)
[2, 10, 3, 10, 9, 2, 5, 4, 8, 10, 5, 10, 1, 1, 10, 2, 10, 7, 2, 6, 9, 10, 3, 1, 7, 5, 3, 4, 8, 8, 9, 3]
(8.810711482049726, -47.4099266928047, 0.2512481284963757, 4.030946367991003)
[2, 10, 3, 10, 9, 2, 5, 4, 8, 10, 5, 10, 1, 1, 10, 2, 10, 7, 2, 6, 9, 10, 3, 1, 7, 5, 3, 4, 8, 8, 9, 3]
(8.810711482049726, -47.4099266928047, 0.2512481284963757, 4.030946367991003)
[2, 10, 7, 1, 9, 2, 5, 4, 8, 10, 5, 10, 1, 2, 10, 2, 10, 7, 2, 6, 9, 10, 3, 1, 10, 2, 8, 4, 8, 8, 9, 1]
(9.067997613732587, -70.24367879360464, -0.9212059420793035, 4.441950429683273)
[1, 10, 3, 1, 9, 2, 5, 4, 8, 10, 5, 10, 2, 2, 5, 2, 10, 9, 4, 8, 9, 10, 3, 1, 9, 5, 5, 9, 8, 9, 10, 7]
(3.254954079378865, -12.381393995517003, 0.3082245105310797, 4.057234592326759)
[1, 10, 3, 1, 9, 2, 5, 4, 8, 10, 5, 10, 2, 2, 5, 2, 10, 9, 4, 8, 9, 10, 3, 1, 9, 5, 5, 9, 8, 9, 10, 7]
(3.254954079378865, -12.381393995517003, 0.3082245105310797, 4.057234592326759)
[1, 10, 10, 1, 4, 2, 1, 4, 8, 10, 5, 10, 4, 2, 8, 2, 10, 9, 4, 8, 9, 9, 3, 8, 2, 6, 3, 9, 4, 9, 10, 1]
(2.1411199364046754, -11.768650369919524, -0.020444464697573703, 0.7615696261299032)
[2, 10, 3, 1, 9, 2, 5, 4, 8, 10, 5, 10, 1, 2, 10, 2, 10, 7, 2, 6, 9, 10, 3, 1, 7, 6, 8, 4, 8, 8, 9, 1]
(8.877809381603559, -16.321865526461703, -4.330096328910475, 4.135502266184747)
[2, 10, 3, 1, 9, 2, 5, 4, 8, 10, 5, 10, 1, 2, 10, 2, 10, 7, 2, 6, 9, 10, 3, 1, 7, 6, 8, 4, 8, 8, 9, 1]
(8.877809381603559, -16.321865526461703, -4.330096328910475, 4.135502266184747)
[2, 10, 3, 1, 9, 2, 5, 4, 8, 10, 5, 10, 1, 2, 10, 2, 10, 7, 2, 6, 9, 10, 3, 1, 7, 6, 8, 4, 8, 8, 9, 1]
(8.877809381603559, -16.321865526461703, -4.330096328910475, 4.135502266184747)
[2, 10, 3, 1, 9, 2, 5, 4, 8, 10, 5, 10, 1, 2, 10, 2, 10, 7, 2, 6, 9, 10, 3, 1, 7, 6, 8, 4, 8, 8, 9, 1]
(8.877809381603559, -16.321865526461703, -4.330096328910475, 4.135502266184747)
[2, 10, 3, 1, 9, 2, 5, 4, 8, 10, 5, 10, 1, 2, 10, 2, 10, 7, 2, 6, 9, 10, 3, 1, 9, 1, 8, 4, 8, 8, 9, 1]
(9.573051685738026, -67.51590860216625, -0.6239176663918459, 4.30189128818429)
[2, 10, 4, 1, 9, 2, 5, 4, 8, 10, 5, 10, 1, 2, 10, 2, 10, 7, 2, 6, 9, 10, 3, 1, 10, 3, 8, 4, 8, 8, 9, 1]
(9.885517764036123, -68.12764794439867, -0.785002919277657, 4.302101978518637)
[2, 10, 10, 1, 4, 2, 1, 4, 8, 7, 6, 10, 1, 5, 9, 2, 3, 7, 2, 8, 9, 10, 3, 10, 7, 3, 5, 9, 8, 9, 10, 1]
(5.184730630687397, -11.840699779543163, 0.08031609589846128, 5.059163468955996)
[2, 10, 10, 1, 4, 2, 1, 4, 8, 7, 6, 10, 1, 5, 9, 2, 3, 7, 2, 8, 9, 10, 3, 10, 7, 3, 5, 9, 8, 9, 10, 1]
(5.184730630687397, -11.840699779543163, 0.08031609589846128, 5.059163468955996)
[2, 10, 3, 1, 9, 2, 5, 4, 8, 10, 5, 10, 1, 2, 10, 2, 10, 7, 2, 6, 9, 10, 3, 1, 10, 3, 8, 4, 8, 8, 9, 1]
(9.623295919229689, -69.77717294565377, -1.3036786384480412, 4.376446236487232)
[2, 10, 3, 1, 9, 2, 5, 4, 8, 10, 5, 10, 1, 2, 10, 2, 10, 7, 2, 6, 9, 10, 3, 1, 10, 3, 8, 4, 8, 8, 9, 1]
(9.623295919229689, -69.77717294565377, -1.3036786384480412, 4.376446236487232)
[1, 10, 10, 4, 1, 2, 1, 4, 8, 7, 5, 10, 1, 8, 6, 2, 4, 9, 5, 9, 9, 10, 3, 1, 6, 5, 2, 9, 8, 9, 10, 2]
(2.0396622728685285, -53.78726058946776, 12.53966556068261, 4.8135613678977025)
[1, 10, 10, 4, 1, 2, 1, 4, 8, 7, 5, 10, 1, 8, 6, 2, 4, 9, 5, 9, 9, 10, 3, 1, 6, 5, 2, 9, 8, 9, 10, 2]
(2.0396622728685285, -53.78726058946776, 12.53966556068261, 4.8135613678977025)
[1, 10, 10, 4, 1, 2, 1, 4, 8, 7, 5, 10, 1, 8, 6, 2, 4, 9, 5, 9, 9, 10, 3, 1, 6, 5, 2, 9, 8, 9, 10, 2]
(2.0396622728685285, -53.78726058946776, 12.53966556068261, 4.8135613678977025)
[1, 10, 10, 4, 1, 2, 1, 4, 8, 7, 5, 10, 1, 8, 6, 2, 4, 9, 5, 9, 9, 10, 3, 1, 6, 5, 2, 9, 8, 9, 10, 2]
(2.0396622728685285, -53.78726058946776, 12.53966556068261, 4.8135613678977025)
[1, 10, 6, 1, 4, 2, 2, 4, 7, 7, 5, 10, 1, 4, 9, 2, 4, 9, 5, 9, 9, 10, 3, 1, 8, 3, 3, 9, 8, 8, 9, 6]
(2.0061334343914465, -9.492797912983871, 8.601141311316447, 4.436774355907996)
[1, 10, 6, 1, 4, 2, 2, 4, 7, 7, 5, 10, 1, 4, 9, 2, 4, 9, 5, 9, 9, 10, 3, 1, 8, 3, 3, 9, 8, 8, 9, 6]
(2.0061334343914465, -9.492797912983871, 8.601141311316447, 4.436774355907996)
[1, 10, 6, 1, 4, 2, 2, 4, 7, 7, 5, 10, 1, 4, 9, 2, 4, 9, 5, 9, 9, 10, 3, 1, 8, 3, 3, 9, 8, 8, 9, 6]
(2.0061334343914465, -9.492797912983871, 8.601141311316447, 4.436774355907996)
[2, 10, 10, 4, 1, 2, 1, 4, 8, 7, 5, 10, 2, 1, 8, 2, 4, 9, 5, 9, 9, 10, 3, 1, 8, 3, 5, 9, 8, 9, 10, 2]
(0.6603918226091878, -51.7599504603333, 11.72836302146417, 5.087636647014238)
[2, 10, 10, 4, 1, 2, 1, 4, 8, 7, 5, 10, 2, 1, 8, 2, 4, 9, 5, 9, 9, 10, 3, 1, 8, 3, 5, 9, 8, 9, 10, 2]
(0.6603918226091878, -51.7599504603333, 11.72836302146417, 5.087636647014238)
[2, 10, 10, 4, 1, 2, 1, 4, 8, 7, 5, 10, 2, 1, 8, 2, 4, 9, 5, 9, 9, 10, 3, 1, 8, 3, 5, 9, 8, 9, 10, 2]
(0.6603918226091878, -51.7599504603333, 11.72836302146417, 5.087636647014238)
[1, 10, 10, 1, 4, 2, 2, 4, 7, 7, 5, 10, 1, 5, 9, 2, 4, 9, 5, 9, 9, 10, 3, 1, 8, 3, 3, 9, 8, 9, 10, 1]
(-1.7736906896059537, -92.67135880248422, 12.737203603837695, 5.279498201697866)
[1, 10, 10, 1, 4, 2, 2, 4, 7, 7, 5, 10, 1, 5, 9, 2, 4, 9, 5, 9, 9, 10, 3, 1, 8, 3, 3, 9, 8, 9, 10, 1]
(-1.7736906896059537, -92.67135880248422, 12.737203603837695, 5.279498201697866)
[1, 10, 10, 1, 4, 2, 2, 4, 7, 7, 5, 10, 1, 5, 9, 2, 4, 9, 5, 9, 9, 10, 3, 1, 8, 3, 3, 9, 8, 9, 10, 1]
(-1.7736906896059537, -92.67135880248422, 12.737203603837695, 5.279498201697866)
[2, 10, 10, 4, 1, 2, 1, 4, 8, 7, 8, 10, 1, 8, 6, 2, 4, 9, 5, 9, 9, 10, 3, 1, 6, 5, 5, 9, 8, 9, 10, 2]
(1.0577271407822892, -25.68819587645402, 4.711248702153753, 4.7799937262453085)
[2, 10, 10, 4, 1, 2, 1, 4, 8, 7, 8, 10, 1, 8, 6, 2, 4, 9, 5, 9, 9, 10, 3, 1, 6, 5, 5, 9, 8, 9, 10, 2]
(1.0577271407822892, -25.68819587645402, 4.711248702153753, 4.7799937262453085)
[1, 10, 9, 1, 7, 2, 2, 3, 8, 10, 5, 10, 1, 5, 9, 2, 3, 7, 2, 6, 9, 10, 3, 1, 7, 5, 3, 8, 8, 9, 10, 1]
(6.0975968795739375, -32.93246184244168, -13.42768329658133, 5.07695649698235)
[1, 10, 6, 1, 5, 2, 8, 4, 8, 10, 5, 9, 1, 3, 10, 2, 10, 7, 2, 6, 9, 10, 3, 1, 6, 5, 2, 9, 8, 9, 10, 2]
(3.6690930650819498, -12.328034773128646, 0.012778027778655165, 5.113373166541482)
[1, 10, 10, 1, 4, 2, 1, 4, 8, 10, 5, 10, 2, 9, 10, 8, 10, 8, 4, 6, 9, 10, 3, 1, 9, 6, 3, 9, 4, 9, 10, 1]
(-0.8073267954260245, -30.976138599119018, 6.0257863322601075, 5.312528073331941)
[1, 10, 10, 1, 4, 2, 1, 4, 8, 10, 5, 10, 2, 9, 10, 8, 10, 8, 4, 6, 9, 10, 3, 1, 9, 6, 3, 9, 4, 9, 10, 1]
(-0.8073267954260245, -30.976138599119018, 6.0257863322601075, 5.312528073331941)
[1, 10, 7, 8, 4, 2, 1, 4, 8, 10, 5, 10, 2, 2, 10, 2, 10, 8, 2, 6, 9, 10, 3, 1, 9, 5, 5, 9, 8, 9, 10, 1]
(6.854756647936653, -53.907970784577586, -2.3984878249627264, 5.332395689929703)
[1, 10, 7, 8, 4, 2, 1, 4, 8, 10, 5, 10, 2, 2, 10, 2, 10, 8, 2, 6, 9, 10, 3, 1, 9, 5, 5, 9, 8, 9, 10, 1]
(6.854756647936653, -53.907970784577586, -2.3984878249627264, 5.332395689929703)
[1, 10, 7, 8, 4, 2, 1, 4, 8, 10, 5, 10, 2, 2, 10, 2, 10, 8, 2, 6, 9, 10, 3, 1, 9, 5, 5, 9, 8, 9, 10, 1]
(6.854756647936653, -53.907970784577586, -2.3984878249627264, 5.332395689929703)
[1, 10, 7, 8, 4, 2, 1, 4, 8, 10, 5, 10, 2, 2, 10, 2, 10, 8, 2, 6, 9, 10, 3, 1, 9, 5, 5, 9, 8, 9, 10, 1]
(6.854756647936653, -53.907970784577586, -2.3984878249627264, 5.332395689929703)
[1, 10, 10, 5, 4, 2, 2, 4, 8, 7, 6, 10, 1, 1, 9, 2, 4, 9, 5, 9, 9, 10, 3, 8, 8, 3, 5, 9, 8, 9, 10, 1]
(2.084187739342451, -55.37687802234805, 1.1404696362798443, 4.83548420968741)
[1, 10, 10, 5, 4, 2, 2, 4, 8, 7, 6, 10, 1, 1, 9, 2, 4, 9, 5, 9, 9, 10, 3, 8, 8, 3, 5, 9, 8, 9, 10, 1]
(2.084187739342451, -55.37687802234805, 1.1404696362798443, 4.83548420968741)
[1, 10, 10, 5, 4, 2, 2, 4, 8, 7, 6, 10, 1, 1, 9, 2, 4, 9, 5, 9, 9, 10, 3, 8, 8, 3, 5, 9, 8, 9, 10, 1]
(2.084187739342451, -55.37687802234805, 1.1404696362798443, 4.83548420968741)
[1, 10, 10, 1, 4, 2, 1, 4, 8, 7, 6, 10, 1, 5, 7, 2, 4, 9, 2, 6, 9, 10, 5, 1, 8, 6, 3, 9, 8, 9, 10, 1]
(6.0397712368703536, 0.047811084623920114, -2.106952420468111, 5.300243974800212)
[1, 10, 10, 1, 4, 2, 1, 4, 8, 7, 6, 10, 1, 5, 7, 2, 4, 9, 2, 6, 9, 10, 5, 1, 8, 6, 3, 9, 8, 9, 10, 1]
(6.0397712368703536, 0.047811084623920114, -2.106952420468111, 5.300243974800212)
[1, 10, 7, 8, 4, 2, 1, 4, 8, 10, 5, 10, 2, 2, 10, 2, 10, 9, 4, 8, 9, 9, 3, 8, 2, 6, 3, 9, 4, 9, 10, 1]
(1.2235045429533329, -15.229050836184022, 5.839329231226028, 5.343810190123587)
[1, 10, 7, 8, 4, 2, 1, 4, 8, 10, 5, 10, 2, 2, 10, 2, 10, 9, 4, 8, 9, 9, 3, 8, 2, 6, 3, 9, 4, 9, 10, 1]
(1.2235045429533329, -15.229050836184022, 5.839329231226028, 5.343810190123587)
[1, 10, 7, 8, 4, 2, 1, 4, 8, 10, 5, 10, 2, 2, 10, 2, 10, 9, 4, 8, 9, 9, 3, 8, 2, 6, 3, 9, 4, 9, 10, 1]
(1.2235045429533329, -15.229050836184022, 5.839329231226028, 5.343810190123587)
[1, 10, 7, 8, 4, 2, 1, 4, 8, 10, 5, 10, 2, 2, 10, 2, 10, 9, 4, 8, 9, 9, 3, 8, 2, 6, 3, 9, 4, 9, 10, 1]
(1.2235045429533329, -15.229050836184022, 5.839329231226028, 5.343810190123587)
[1, 10, 6, 1, 8, 2, 1, 4, 7, 10, 5, 10, 2, 1, 8, 2, 4, 9, 5, 9, 9, 10, 3, 1, 8, 3, 5, 9, 8, 9, 10, 1]
(2.3380012963879264, -9.737298635622734, -0.07706793553908779, 1.0111714487610843)
[1, 10, 6, 1, 8, 2, 1, 4, 7, 10, 5, 10, 2, 1, 8, 2, 4, 9, 5, 9, 9, 10, 3, 1, 8, 3, 5, 9, 8, 9, 10, 1]
(2.3380012963879264, -9.737298635622734, -0.07706793553908779, 1.0111714487610843)
[1, 10, 6, 1, 8, 2, 1, 4, 7, 10, 5, 10, 2, 1, 8, 2, 4, 9, 5, 9, 9, 10, 3, 1, 8, 3, 5, 9, 8, 9, 10, 1]
(2.3380012963879264, -9.737298635622734, -0.07706793553908779, 1.0111714487610843)
[1, 10, 6, 1, 8, 2, 1, 4, 7, 10, 5, 10, 2, 1, 8, 2, 4, 9, 5, 9, 9, 10, 3, 1, 8, 3, 5, 9, 8, 9, 10, 1]
(2.3380012963879264, -9.737298635622734, -0.07706793553908779, 1.0111714487610843)
[1, 10, 10, 1, 4, 2, 1, 4, 8, 10, 5, 10, 4, 2, 8, 2, 10, 9, 4, 8, 9, 9, 3, 8, 2, 6, 4, 9, 4, 9, 10, 1]
(1.9981048450921552, -15.233812904650334, -0.035649428939250494, 0.9124918550754476)
[1, 10, 10, 1, 4, 2, 1, 4, 8, 10, 5, 10, 4, 2, 8, 2, 10, 9, 4, 8, 9, 9, 3, 8, 2, 6, 4, 9, 4, 9, 10, 1]
(1.9981048450921552, -15.233812904650334, -0.035649428939250494, 0.9124918550754476)
[1, 10, 10, 1, 4, 2, 1, 4, 8, 10, 5, 10, 4, 2, 8, 2, 10, 9, 4, 8, 9, 9, 3, 8, 2, 6, 4, 9, 4, 9, 10, 1]
(1.9981048450921552, -15.233812904650334, -0.035649428939250494, 0.9124918550754476)
[1, 10, 6, 7, 7, 2, 1, 4, 8, 7, 5, 10, 1, 2, 8, 2, 10, 2, 4, 8, 9, 10, 3, 1, 10, 3, 5, 9, 4, 8, 9, 1]
(-2.5648446397072915, 3.553141070222133, 5.62922352961624, 5.31731075075251)
[1, 10, 6, 7, 7, 2, 1, 4, 8, 7, 5, 10, 1, 2, 8, 2, 10, 2, 4, 8, 9, 10, 3, 1, 10, 3, 5, 9, 4, 8, 9, 1]
(-2.5648446397072915, 3.553141070222133, 5.62922352961624, 5.31731075075251)
[1, 10, 10, 1, 4, 2, 1, 4, 8, 7, 6, 10, 1, 5, 7, 2, 4, 9, 2, 6, 9, 10, 5, 1, 8, 6, 3, 9, 8, 9, 10, 1]
(6.0397712368703536, 0.047811084623920114, -2.106952420468111, 5.300243974800212)
[1, 10, 10, 1, 4, 2, 1, 4, 8, 7, 6, 10, 1, 5, 7, 2, 4, 9, 2, 6, 9, 10, 5, 1, 8, 6, 10, 9, 8, 9, 10, 1]
(6.418870781175325, -4.93632097460634, -2.481281675937818, 5.411638932142253)
[1, 10, 10, 1, 4, 2, 2, 4, 8, 10, 5, 10, 4, 2, 7, 2, 10, 8, 2, 6, 9, 10, 3, 1, 9, 6, 3, 9, 4, 9, 10, 1]
(2.9757748098561927, 1.7442463998653366, 1.9367341417668626, 5.424963270991454)
[1, 10, 10, 1, 4, 2, 1, 4, 8, 7, 6, 10, 1, 5, 9, 2, 4, 9, 5, 9, 9, 10, 3, 1, 8, 3, 5, 9, 8, 9, 10, 1]
(-2.6616933138291645, -104.23158427862317, 13.47407549530149, 5.490603029309489)
[1, 10, 7, 6, 4, 2, 1, 4, 8, 10, 5, 10, 2, 2, 10, 2, 10, 7, 2, 6, 9, 10, 3, 1, 7, 6, 8, 9, 4, 9, 10, 1]
(3.0196375038778465, 3.392497757068556, 2.159115191653167, 5.417938025324989)
[1, 10, 10, 1, 4, 2, 1, 4, 8, 7, 6, 10, 1, 5, 9, 2, 4, 9, 5, 9, 9, 10, 3, 1, 8, 5, 5, 9, 8, 9, 10, 1]
(-2.998060466045172, -102.01166247250264, 13.337328927881948, 5.4870298501220685)
[1, 10, 10, 1, 4, 2, 1, 4, 8, 7, 6, 10, 1, 5, 9, 2, 4, 9, 5, 9, 9, 10, 3, 1, 8, 5, 5, 9, 8, 9, 10, 1]
(-2.998060466045172, -102.01166247250264, 13.337328927881948, 5.4870298501220685)
[1, 10, 10, 1, 4, 2, 1, 4, 8, 7, 6, 10, 1, 5, 9, 2, 4, 9, 5, 9, 9, 10, 3, 1, 8, 5, 5, 9, 8, 9, 10, 1]
(-2.998060466045172, -102.01166247250264, 13.337328927881948, 5.4870298501220685)
[1, 10, 10, 1, 4, 2, 1, 4, 8, 7, 6, 10, 1, 5, 9, 2, 4, 9, 5, 9, 9, 10, 3, 1, 8, 5, 5, 9, 8, 9, 10, 1]
(-2.998060466045172, -102.01166247250264, 13.337328927881948, 5.4870298501220685)
[1, 10, 10, 1, 4, 2, 1, 4, 8, 10, 5, 10, 2, 9, 10, 2, 10, 8, 2, 6, 9, 10, 3, 1, 9, 6, 3, 9, 4, 9, 10, 1]
(2.3841947586215606, 2.381920157913438, -0.42416814988016693, 5.42361259122651)
[1, 10, 10, 1, 4, 2, 1, 4, 8, 10, 5, 10, 2, 9, 10, 2, 10, 8, 2, 6, 9, 10, 3, 1, 9, 6, 3, 9, 4, 9, 10, 1]
(2.3841947586215606, 2.381920157913438, -0.42416814988016693, 5.42361259122651)
[1, 10, 6, 7, 7, 7, 1, 4, 8, 10, 5, 10, 2, 2, 8, 2, 10, 9, 4, 8, 9, 10, 3, 1, 8, 3, 5, 9, 4, 8, 9, 1]
(0.7379503081059937, -0.7005648305266234, 4.777429984228266, 5.4694989501365745)
[1, 5, 1, 1, 4, 2, 1, 4, 8, 10, 5, 10, 8, 2, 10, 2, 10, 9, 4, 9, 9, 10, 3, 1, 8, 7, 10, 9, 8, 9, 10, 1]
(-4.476692623934116, -12.63304042656539, 8.580948468388712, 5.529550738309941)
[1, 10, 10, 1, 4, 2, 1, 4, 8, 9, 5, 5, 2, 9, 10, 2, 10, 8, 2, 6, 9, 10, 3, 1, 7, 6, 3, 9, 4, 9, 10, 1]
(-0.19962861482882777, -22.215915423143443, 6.151060253823884, 5.481275179683775)
[1, 10, 10, 1, 4, 2, 1, 4, 8, 7, 6, 10, 1, 5, 9, 2, 4, 9, 5, 9, 9, 10, 3, 1, 8, 5, 5, 9, 8, 9, 10, 1]
(-2.998060466045172, -102.01166247250264, 13.337328927881948, 5.4870298501220685)
[1, 10, 10, 1, 4, 2, 1, 4, 8, 7, 6, 10, 1, 5, 9, 2, 4, 9, 5, 9, 9, 10, 3, 1, 8, 5, 5, 9, 8, 9, 10, 1]
(-2.998060466045172, -102.01166247250264, 13.337328927881948, 5.4870298501220685)
[1, 10, 10, 1, 4, 2, 1, 4, 8, 7, 6, 10, 1, 5, 9, 2, 4, 9, 5, 9, 9, 10, 3, 1, 8, 5, 5, 9, 8, 9, 10, 1]
(-2.998060466045172, -102.01166247250264, 13.337328927881948, 5.4870298501220685)
[1, 10, 6, 1, 9, 2, 5, 4, 8, 10, 5, 10, 2, 3, 10, 2, 10, 6, 2, 6, 9, 10, 3, 1, 9, 1, 3, 9, 8, 9, 9, 1]
(2.315019174633515, -60.09712051785029, -7.955435482729852, 5.487480986725741)
[1, 10, 10, 1, 4, 2, 1, 4, 8, 7, 6, 10, 1, 5, 9, 2, 4, 9, 5, 9, 9, 10, 3, 1, 8, 5, 5, 9, 8, 9, 10, 1]
(-2.998060466045172, -102.01166247250264, 13.337328927881948, 5.4870298501220685)
[2, 10, 10, 10, 1, 1, 1, 4, 8, 10, 5, 10, 8, 1, 10, 2, 4, 9, 5, 9, 9, 10, 3, 3, 8, 5, 5, 9, 8, 9, 10, 2]
(-5.378068846493491, -37.44104085934651, 11.83882169399612, 5.538216541976158)
[2, 10, 10, 10, 1, 1, 1, 4, 8, 10, 5, 10, 8, 1, 10, 2, 4, 9, 5, 9, 9, 10, 3, 3, 8, 5, 5, 9, 8, 9, 10, 2]
(-5.378068846493491, -37.44104085934651, 11.83882169399612, 5.538216541976158)
[2, 10, 10, 10, 1, 1, 1, 4, 8, 10, 5, 10, 8, 1, 10, 2, 4, 9, 5, 9, 9, 10, 3, 3, 8, 5, 5, 9, 8, 9, 10, 2]
(-5.378068846493491, -37.44104085934651, 11.83882169399612, 5.538216541976158)
[2, 10, 10, 10, 1, 1, 1, 4, 8, 10, 5, 10, 8, 1, 10, 2, 4, 9, 5, 9, 9, 10, 3, 3, 8, 5, 5, 9, 8, 9, 10, 2]
(-5.378068846493491, -37.44104085934651, 11.83882169399612, 5.538216541976158)
[1, 10, 6, 1, 9, 2, 5, 4, 8, 10, 5, 9, 1, 3, 10, 2, 10, 7, 2, 9, 9, 10, 3, 1, 9, 1, 8, 9, 8, 8, 9, 1]
(4.772188322493537, -11.303402947770271, -0.739773172921794, 5.630435374884091)
[1, 10, 8, 3, 1, 2, 1, 4, 8, 7, 5, 10, 1, 7, 6, 2, 8, 9, 5, 9, 9, 10, 3, 8, 8, 4, 5, 9, 8, 8, 10, 1]
(-12.928355349874618, -207.83900812472493, 17.063419737344528, 5.608817964770892)
[2, 10, 3, 1, 9, 2, 5, 4, 8, 10, 5, 10, 1, 2, 10, 2, 10, 9, 5, 9, 9, 10, 3, 1, 7, 6, 8, 4, 8, 8, 9, 1]
(0.6948378227262966, 4.641206419173916, 0.7025320232123908, 5.603935604563054)
[1, 10, 8, 3, 1, 2, 1, 4, 8, 7, 5, 10, 1, 7, 6, 2, 4, 9, 5, 9, 9, 10, 3, 2, 3, 4, 5, 9, 8, 8, 10, 1]
(-12.704433875775113, -220.05153372902868, 17.910595161307178, 5.672507460136618)
[1, 10, 8, 3, 1, 2, 1, 4, 8, 7, 5, 10, 1, 7, 6, 2, 4, 9, 5, 9, 9, 10, 3, 2, 3, 4, 5, 9, 8, 8, 10, 1]
(-12.704433875775113, -220.05153372902868, 17.910595161307178, 5.672507460136618)
[1, 10, 8, 3, 1, 2, 1, 4, 8, 7, 5, 10, 1, 7, 6, 2, 4, 9, 5, 9, 9, 10, 3, 2, 3, 4, 5, 9, 8, 8, 10, 1]
(-12.704433875775113, -220.05153372902868, 17.910595161307178, 5.672507460136618)
[2, 10, 3, 1, 3, 2, 5, 4, 8, 7, 6, 10, 1, 1, 9, 2, 4, 9, 5, 9, 9, 10, 3, 8, 8, 3, 5, 10, 8, 8, 9, 1]
(-6.379853407364134, -8.333203595921116, 4.735517032144869, 5.728624667584045)
[2, 10, 3, 1, 3, 2, 5, 4, 8, 7, 6, 10, 1, 1, 9, 2, 4, 9, 5, 9, 9, 10, 3, 8, 8, 3, 5, 10, 8, 8, 9, 1]
(-6.379853407364134, -8.333203595921116, 4.735517032144869, 5.728624667584045)
[1, 10, 6, 6, 8, 2, 1, 6, 8, 10, 5, 10, 8, 5, 9, 2, 3, 9, 5, 9, 9, 10, 3, 8, 8, 6, 3, 9, 4, 8, 10, 1]
(-13.86013438247984, -134.02897464236517, 14.588528528697704, 5.6902102962413466)
[1, 10, 6, 1, 9, 2, 5, 4, 8, 10, 5, 9, 1, 3, 10, 2, 10, 7, 2, 6, 9, 10, 3, 1, 9, 1, 8, 9, 8, 8, 9, 1]
(4.534657580848931, -19.392600825061972, -0.6021573901106954, 5.695283595501323)
[1, 10, 6, 1, 9, 2, 5, 4, 8, 10, 5, 9, 1, 3, 10, 2, 10, 7, 2, 6, 9, 10, 3, 1, 9, 1, 8, 9, 8, 8, 9, 1]
(4.534657580848931, -19.392600825061972, -0.6021573901106954, 5.695283595501323)
[1, 10, 6, 1, 9, 2, 5, 4, 8, 10, 5, 9, 1, 3, 10, 2, 10, 7, 2, 6, 9, 10, 3, 1, 9, 1, 8, 9, 8, 8, 9, 1]
(4.534657580848931, -19.392600825061972, -0.6021573901106954, 5.695283595501323)
[1, 10, 6, 1, 9, 2, 5, 4, 8, 10, 5, 10, 2, 3, 10, 2, 10, 7, 2, 6, 9, 10, 3, 1, 9, 1, 8, 9, 8, 8, 9, 1]
(5.9516659667038985, -50.491574770071274, -4.702222898435245, 5.730692877308015)
[1, 10, 6, 1, 9, 2, 5, 4, 8, 10, 5, 10, 2, 3, 10, 2, 10, 7, 2, 6, 9, 10, 3, 1, 9, 1, 8, 9, 8, 8, 9, 1]
(5.9516659667038985, -50.491574770071274, -4.702222898435245, 5.730692877308015)
[1, 10, 6, 1, 9, 2, 5, 4, 8, 10, 5, 10, 2, 3, 10, 2, 10, 7, 2, 6, 9, 10, 3, 1, 9, 1, 8, 9, 8, 8, 9, 1]
(5.9516659667038985, -50.491574770071274, -4.702222898435245, 5.730692877308015)
[1, 10, 6, 1, 9, 2, 5, 4, 8, 10, 5, 10, 2, 3, 10, 2, 10, 7, 2, 6, 9, 10, 3, 1, 9, 1, 8, 9, 8, 8, 9, 1]
(5.9516659667038985, -50.491574770071274, -4.702222898435245, 5.730692877308015)
[1, 10, 6, 6, 8, 2, 1, 6, 8, 10, 5, 10, 6, 5, 9, 2, 3, 9, 5, 9, 9, 10, 3, 8, 8, 6, 3, 9, 4, 8, 10, 1]
(-17.007987077369943, -179.29298179108378, 16.92286724628271, 5.713426063205584)
[1, 10, 6, 6, 8, 2, 1, 6, 8, 10, 5, 10, 6, 5, 9, 2, 3, 9, 5, 9, 9, 10, 3, 8, 8, 6, 3, 9, 4, 8, 10, 1]
(-17.007987077369943, -179.29298179108378, 16.92286724628271, 5.713426063205584)
[1, 10, 6, 6, 8, 2, 1, 6, 8, 10, 5, 10, 6, 5, 9, 2, 3, 9, 5, 9, 9, 10, 3, 8, 8, 6, 3, 9, 4, 8, 10, 1]
(-17.007987077369943, -179.29298179108378, 16.92286724628271, 5.713426063205584)
[1, 10, 7, 10, 2, 2, 1, 4, 8, 10, 5, 10, 2, 2, 8, 2, 10, 5, 4, 8, 9, 10, 3, 1, 8, 3, 5, 9, 4, 8, 9, 1]
(-6.055557619937201, -17.204043099853813, 10.084347843875843, 5.781331745893919)
[1, 10, 7, 10, 2, 2, 1, 4, 8, 10, 5, 10, 2, 2, 8, 2, 10, 5, 4, 8, 9, 10, 3, 1, 8, 3, 5, 9, 4, 8, 9, 1]
(-6.055557619937201, -17.204043099853813, 10.084347843875843, 5.781331745893919)
[2, 10, 3, 1, 3, 2, 5, 4, 8, 10, 5, 10, 1, 2, 8, 2, 10, 2, 4, 8, 9, 10, 3, 1, 10, 3, 5, 9, 4, 8, 9, 1]
(-3.2518016787872623, 2.854185006054875, 8.847085217983995, 5.804564616302204)
[2, 10, 3, 1, 3, 2, 5, 4, 8, 10, 5, 10, 1, 2, 8, 2, 10, 2, 4, 8, 9, 10, 3, 1, 10, 3, 5, 9, 4, 8, 9, 1]
(-3.2518016787872623, 2.854185006054875, 8.847085217983995, 5.804564616302204)
[1, 10, 6, 1, 9, 2, 5, 4, 8, 10, 5, 10, 2, 3, 10, 2, 10, 7, 2, 6, 9, 10, 3, 1, 9, 1, 8, 9, 6, 8, 9, 1]
(4.849882405811956, -9.577468414936417, -1.0018611689215937, 5.785692461378571)
[1, 10, 6, 1, 9, 2, 5, 4, 8, 10, 5, 9, 1, 3, 10, 2, 10, 7, 2, 6, 9, 10, 3, 1, 9, 3, 10, 9, 4, 8, 9, 1]
(0.6947248534836038, 3.3225956221014386, 0.504051598263173, 5.824179131700719)
[1, 10, 6, 7, 7, 2, 1, 4, 8, 10, 5, 10, 2, 2, 8, 2, 10, 9, 4, 8, 9, 10, 3, 1, 8, 3, 5, 9, 4, 8, 9, 1]
(-0.16848372090545238, -38.29833687943695, 4.107280585549407, 5.918772518428318)
[1, 10, 6, 7, 7, 2, 1, 4, 8, 10, 5, 10, 2, 2, 8, 2, 10, 9, 4, 8, 9, 10, 3, 1, 8, 3, 5, 9, 4, 8, 9, 1]
(-0.16848372090545238, -38.29833687943695, 4.107280585549407, 5.918772518428318)
[1, 10, 6, 7, 7, 2, 1, 4, 8, 10, 5, 10, 2, 2, 8, 2, 10, 9, 4, 8, 9, 10, 3, 1, 8, 3, 5, 9, 4, 8, 9, 1]
(-0.16848372090545238, -38.29833687943695, 4.107280585549407, 5.918772518428318)
[1, 10, 6, 7, 7, 2, 1, 4, 8, 10, 5, 10, 2, 2, 8, 2, 10, 9, 4, 8, 9, 10, 3, 1, 8, 3, 5, 9, 4, 8, 9, 1]
(-0.16848372090545238, -38.29833687943695, 4.107280585549407, 5.918772518428318)
[1, 10, 8, 1, 7, 2, 2, 3, 8, 10, 10, 10, 2, 2, 8, 2, 10, 9, 4, 8, 9, 10, 3, 8, 2, 6, 2, 9, 4, 8, 9, 1]
(-2.3542600352647725, -65.45447552029425, 9.178324650708698, 5.920741606763358)
[1, 10, 6, 1, 4, 2, 1, 4, 8, 10, 5, 10, 2, 2, 8, 2, 4, 9, 5, 9, 9, 10, 3, 6, 8, 8, 8, 9, 8, 8, 9, 1]
(-6.057075795541505, -73.44063376384692, 11.745209927299287, 5.934759770459043)
[1, 10, 6, 1, 4, 2, 1, 4, 8, 10, 5, 10, 2, 2, 8, 2, 4, 9, 5, 9, 9, 10, 3, 6, 8, 8, 8, 9, 8, 8, 9, 1]
(-6.057075795541505, -73.44063376384692, 11.745209927299287, 5.934759770459043)
[1, 10, 6, 1, 4, 2, 1, 4, 8, 10, 5, 10, 2, 2, 8, 2, 4, 9, 5, 9, 9, 10, 3, 6, 8, 8, 8, 9, 8, 8, 9, 1]
(-6.057075795541505, -73.44063376384692, 11.745209927299287, 5.934759770459043)
[1, 10, 6, 1, 7, 2, 2, 3, 8, 10, 5, 10, 2, 2, 8, 2, 10, 9, 4, 8, 9, 10, 3, 8, 2, 6, 7, 9, 4, 8, 9, 1]
(-1.1093806271069417, -53.62747633126342, 7.864639071074938, 5.9485139804059175)
[1, 10, 6, 1, 7, 2, 2, 3, 8, 10, 5, 10, 2, 2, 8, 2, 10, 9, 4, 8, 9, 10, 3, 8, 2, 6, 7, 9, 4, 8, 9, 1]
(-1.1093806271069417, -53.62747633126342, 7.864639071074938, 5.9485139804059175)
[1, 10, 6, 1, 7, 2, 2, 3, 8, 10, 5, 10, 2, 2, 8, 2, 10, 9, 4, 8, 9, 10, 3, 8, 2, 6, 7, 9, 4, 8, 9, 1]
(-1.1093806271069417, -53.62747633126342, 7.864639071074938, 5.9485139804059175)
[1, 10, 6, 1, 7, 2, 2, 3, 8, 10, 5, 10, 2, 2, 8, 2, 10, 9, 4, 8, 9, 10, 3, 8, 2, 6, 7, 9, 4, 8, 9, 1]
(-1.1093806271069417, -53.62747633126342, 7.864639071074938, 5.9485139804059175)
[1, 10, 6, 7, 7, 2, 1, 4, 8, 10, 5, 10, 2, 2, 8, 2, 10, 9, 4, 8, 9, 10, 3, 8, 2, 6, 3, 9, 4, 8, 9, 1]
(-1.2266192525439805, -29.218543099624448, 2.4396610541726282, 5.950180421780794)
[1, 10, 6, 7, 7, 2, 1, 4, 8, 10, 5, 10, 2, 2, 8, 2, 10, 9, 4, 8, 9, 10, 3, 8, 2, 6, 3, 9, 4, 8, 9, 1]
(-1.2266192525439805, -29.218543099624448, 2.4396610541726282, 5.950180421780794)
[1, 10, 6, 7, 7, 2, 1, 4, 8, 10, 5, 10, 2, 2, 8, 2, 10, 9, 4, 8, 9, 10, 3, 8, 2, 6, 3, 9, 4, 8, 9, 1]
(-1.2266192525439805, -29.218543099624448, 2.4396610541726282, 5.950180421780794)
[1, 10, 7, 10, 2, 2, 1, 4, 8, 10, 5, 10, 8, 2, 10, 2, 10, 9, 4, 9, 9, 10, 3, 1, 8, 3, 5, 9, 4, 8, 9, 1]
(-4.615432174810496, -24.63281432853995, 7.418496200051589, 5.948416543320961)
[1, 10, 7, 10, 2, 2, 1, 4, 8, 10, 5, 10, 8, 2, 10, 2, 10, 9, 4, 9, 9, 10, 3, 1, 8, 3, 5, 9, 4, 8, 9, 1]
(-4.615432174810496, -24.63281432853995, 7.418496200051589, 5.948416543320961)
[1, 10, 6, 1, 7, 2, 2, 3, 8, 10, 5, 10, 2, 2, 8, 2, 10, 9, 4, 8, 9, 10, 3, 8, 2, 6, 4, 9, 4, 8, 9, 1]
(0.01183251273140451, -54.36338870101613, 8.345565863699305, 5.948010546623436)
[1, 10, 6, 1, 7, 2, 2, 3, 8, 10, 5, 10, 2, 2, 8, 2, 10, 9, 4, 8, 9, 10, 3, 8, 2, 6, 4, 9, 4, 8, 9, 1]
(0.01183251273140451, -54.36338870101613, 8.345565863699305, 5.948010546623436)
[1, 10, 6, 1, 7, 2, 2, 3, 8, 10, 5, 10, 2, 2, 8, 2, 10, 9, 4, 8, 9, 10, 3, 8, 2, 6, 4, 9, 4, 8, 9, 1]
(0.01183251273140451, -54.36338870101613, 8.345565863699305, 5.948010546623436)
[1, 10, 6, 1, 4, 2, 1, 4, 8, 7, 5, 10, 4, 6, 9, 2, 4, 9, 5, 9, 9, 10, 3, 6, 8, 8, 8, 9, 8, 8, 9, 1]
(-7.084213042788008, -75.6302929605763, 11.733641630835962, 5.974035677314892)
[7, 8, 1, 6, 7, 4, 2, 2, 8, 10, 8, 1, 6, 5, 9, 2, 8, 9, 4, 9, 9, 10, 3, 1, 10, 3, 5, 9, 1, 4, 5, 5]
(-3.8048993492358134, 1.6621428701612022, 5.087030457872708, 5.638587321866788)
[7, 8, 1, 6, 7, 4, 2, 2, 8, 10, 8, 1, 6, 5, 9, 2, 8, 9, 4, 9, 9, 10, 3, 1, 10, 3, 5, 9, 1, 4, 5, 5]
(-3.8048993492358134, 1.6621428701612022, 5.087030457872708, 5.638587321866788)
[1, 10, 10, 10, 8, 2, 9, 4, 10, 7, 6, 10, 1, 5, 9, 2, 4, 9, 5, 9, 9, 5, 5, 1, 5, 6, 1, 9, 1, 4, 5, 1]
(-0.029703865313467758, 0.8362809972333308, 0.0050445927819820656, 6.2394654435521755)
[1, 10, 10, 10, 8, 2, 9, 4, 10, 7, 6, 10, 1, 5, 9, 2, 4, 9, 5, 9, 9, 5, 5, 1, 5, 6, 1, 9, 1, 4, 5, 1]
(-0.029703865313467758, 0.8362809972333308, 0.0050445927819820656, 6.2394654435521755)
[2, 10, 3, 10, 9, 1, 5, 4, 8, 10, 6, 10, 10, 5, 9, 2, 4, 9, 5, 9, 9, 5, 5, 1, 5, 6, 1, 9, 1, 4, 5, 1]
(-0.025033204554756595, 0.8008192230746323, 0.006626310823095321, 6.287569159292401)
[7, 8, 1, 6, 4, 2, 1, 4, 8, 10, 5, 1, 6, 5, 9, 2, 8, 9, 4, 9, 8, 10, 3, 1, 10, 3, 5, 9, 1, 4, 5, 5]
(-3.3556470737316997, 4.123157518688897, 3.8794547397808956, 6.311221772340342)
[7, 8, 1, 6, 4, 2, 1, 4, 8, 10, 5, 1, 6, 5, 9, 2, 8, 9, 4, 9, 8, 10, 3, 1, 10, 3, 5, 9, 1, 4, 5, 5]
(-3.3556470737316997, 4.123157518688897, 3.8794547397808956, 6.311221772340342)
[1, 10, 10, 5, 4, 2, 2, 4, 6, 7, 6, 10, 1, 1, 9, 2, 4, 9, 5, 9, 9, 5, 7, 1, 10, 6, 1, 3, 10, 1, 1, 1]
(0.08051939457513697, 0.6618274085339925, -0.007806514386068993, 6.891466139181398)
[1, 10, 10, 4, 1, 2, 1, 4, 8, 7, 5, 10, 1, 10, 6, 2, 4, 9, 5, 4, 9, 5, 7, 1, 10, 6, 1, 3, 1, 1, 1, 1]
(0.08883755406847911, 0.7146516549880937, -0.002072460915584964, 6.947180545486911)
[1, 10, 10, 4, 1, 2, 1, 4, 8, 7, 5, 10, 1, 10, 6, 2, 4, 9, 5, 4, 9, 5, 7, 1, 10, 6, 1, 3, 1, 1, 1, 1]
(0.08883755406847911, 0.7146516549880937, -0.002072460915584964, 6.947180545486911)
[1, 10, 10, 4, 2, 2, 1, 4, 8, 7, 5, 10, 1, 10, 6, 2, 4, 9, 5, 4, 9, 5, 7, 1, 10, 6, 2, 3, 1, 1, 1, 1]
(0.08883660160689716, 0.7146561833558516, -0.0020743683829097916, 6.947182952199057)
