gen	evals	std                                          	min                                              	avg                                              	max                                          
0  	168  	[0.24341309 0.69313591 0.10375437 1.64751776]	[-0.41050603 -8.31792706 -1.15457236 -2.00041012]	[ 0.02256028  0.03253415 -0.00500491  0.42731025]	[0.83642521 1.38010216 0.52029716 6.97818537]
1  	168  	[0.21925847 0.73546763 0.11281417 1.87517591]	[-0.38665366 -8.31792706 -1.15457236 -1.88529981]	[ 1.02885069e-01  1.16976516e-01 -4.56043917e-04  1.28248746e+00]	[0.83642521 2.51163988 0.52029716 6.97818537]
2  	168  	[0.19265423 0.78756332 0.12866366 2.06923167]	[-0.3590118  -8.31792706 -1.15457236 -1.88529981]	[1.27062922e-01 2.39018361e-01 2.06915927e-03 2.21506088e+00]    	[0.83642521 3.11493339 0.54821802 6.97818537]
3  	168  	[0.19653274 0.99918415 0.1912023  2.08424877]	[-0.40342059 -8.31792706 -1.35124368 -0.2385047 ]	[ 0.12771687  0.28270995 -0.00932834  3.40006097]                	[1.16690839 3.83077612 0.64903573 6.97818537]
4  	168  	[0.21461252 1.16230973 0.23007465 2.13193627]	[-0.24635819 -8.31792706 -1.35124368 -0.2385047 ]	[ 0.15919396  0.19801541 -0.02223438  3.42917517]                	[1.16690839 3.83077612 0.64903573 6.97818537]
5  	168  	[0.23409773 0.8875297  0.27030448 2.19208344]	[-0.21241126 -4.01347013 -2.28902281  0.05699405]	[ 0.13972043  0.4380122  -0.02181494  3.83502984]                	[1.23765276 3.83077612 0.64903573 7.3739018 ]
6  	168  	[0.26900232 1.08686414 0.41642765 2.24170696]	[-0.38705494 -4.01347013 -3.18665842  0.31883119]	[ 0.15831052  0.48119194 -0.03983579  3.65396008]                	[1.23765276 3.83077612 1.57881853 7.3999741 ]
7  	168  	[0.44401919 2.10596183 0.67605921 2.23257062]	[ -0.38705494 -19.04899651  -4.72530125   0.30068577]	[ 0.25919882  0.13132866 -0.13349934  3.75518389]                	[2.82766548 3.83077612 1.57881853 7.49024307]
8  	168  	[0.44463298 1.94861935 0.6597275  2.32784744]	[ -1.28519929 -19.04899651  -4.72530125   0.31883119]	[ 0.23081945  0.26677074 -0.08611405  3.92984344]                	[2.82766548 6.08352478 2.65687358 7.49042361]
9  	168  	[0.47876462 2.19930397 0.75179468 2.35350847]	[ -1.28519929 -19.04899651  -4.72530125   0.36642121]	[ 0.27819178  0.02655513 -0.15627225  4.44835599]                	[2.82766548 6.08352478 2.79301416 7.49127846]
10 	168  	[0.53731627 2.67468908 0.84674892 2.52294447]	[ -1.28519929 -19.04899651  -4.72530125   0.2894435 ]	[ 2.68776063e-01  2.13147682e-03 -1.24945473e-01  4.63846774e+00]	[2.82766548 6.18254988 2.85044196 7.49127846]
11 	168  	[0.59668258 3.1129398  0.97351793 2.43666471]	[ -1.28519929 -19.04899651  -4.72530125   0.2894435 ]	[ 0.35571153 -0.38419266 -0.22045904  5.04370643]                	[2.82766548 6.19007389 2.85044196 7.62561113]
12 	168  	[0.69921549 4.07139338 1.20462432 2.42831144]	[ -1.40365533 -21.18306186  -4.72530125   0.2894435 ]	[ 0.36369418 -0.52026439 -0.20976443  5.07791556]                	[3.04449265 6.19007389 2.8823301  7.62561113]
13 	168  	[0.85510375 4.8900749  1.4555826  2.04319076]	[ -1.90579717 -21.18306186  -4.72530125   1.64624448]	[ 0.42124697 -0.63145547 -0.12499879  5.82483955]                	[3.04449265 6.2442261  3.42723404 7.62561113]
14 	168  	[1.28565946 6.40563077 1.98626874 2.08200567]	[ -1.90579717 -21.18306186  -4.14511922   1.64624448]	[ 0.48081837 -0.2994838  -0.35261555  5.21925899]                	[3.04449265 6.2442261  3.42723404 7.62561113]
15 	168  	[1.60649702 8.65382022 2.30330454 1.84417823]	[ -2.16201879 -20.6515801   -3.7964222    1.64624448]	[ 0.44334567 -1.16881051  0.22808106  5.1646545 ]                	[3.04449265 6.2442261  3.61488656 7.62561113]
16 	168  	[1.43846855 8.25556921 2.16274702 1.89948454]	[ -2.32384855 -20.6515801   -3.85826392   1.64624448]	[ 0.67818248 -1.48342044 -0.02385585  5.09698886]                	[3.04449265 6.2442261  3.95701932 7.62561113]
17 	168  	[1.26629959 7.34120071 2.00336247 1.85098929]	[ -2.16201879 -20.6515801   -3.38543997   1.64624448]	[ 0.63732744 -0.81031477  0.23934652  5.40365417]                	[3.04449265 6.2442261  4.13112557 7.62561113]
18 	168  	[1.11302895 6.48141923 1.71406867 1.40143288]	[ -2.10338385 -20.6515801   -3.53231525   2.44998239]	[0.36988016 0.49175956 0.73680266 6.1625773 ]                    	[3.04449265 6.2442261  4.33305745 7.6277211 ]
19 	168  	[1.43951314 7.91276712 1.91672086 1.31764332]	[ -2.10338385 -20.6515801   -3.53231525   2.56670231]	[0.47312728 1.01861719 1.26314159 5.84303828]                    	[3.04449265 6.24485352 4.33305745 7.62561113]
20 	168  	[1.47236179 7.23712568 1.84186749 1.27186626]	[ -2.62522692 -20.6515801   -3.53231525   2.56670231]	[0.44183921 2.07892864 1.56802522 5.81231995]                    	[3.04449265 6.2442261  4.52056545 7.62561113]
21 	168  	[1.55793902 7.3617029  1.86725828 1.33314018]	[ -3.45524038 -25.4788799   -3.60939168   2.56670231]	[0.49792966 1.746284   1.40877531 5.71245651]                    	[3.5471141  6.2442261  6.01173995 7.62561113]
22 	168  	[1.52827063 5.6548853  1.80122456 1.16720551]	[ -3.45524038 -42.80270555  -3.95344103   2.58149385]	[0.26105974 3.06390534 1.66207774 5.8837305 ]                    	[3.5471141  6.2442261  6.01173995 7.62561113]
23 	168  	[1.66700451 7.94680714 2.14421459 1.24112707]	[ -3.45524038 -44.12335771  -4.46036726   2.58149385]	[0.4522256  1.84972392 1.50088924 5.67458135]                    	[3.94287791 6.2442261  6.01173995 7.62561113]
24 	168  	[1.73673955 8.80523588 2.13525767 1.21156065]	[ -3.45524038 -44.12335771  -4.46036726   3.05137228]	[0.4656795  1.32162803 1.39756254 5.72499119]                    	[3.94287791 6.23919571 6.01173995 7.62561113]
25 	168  	[ 1.78770481 10.45573572  2.28219333  1.19901129]	[ -3.45524038 -44.12335771  -4.46036726   3.05137228]	[0.59874324 0.56102686 1.15944859 5.73379135]                    	[4.00849676 6.23919571 6.01173995 7.62561113]
26 	168  	[ 2.01019646 10.39236084  2.44014092  1.31129428]	[ -3.70312909 -42.80270555  -3.95344103   3.05137228]	[ 0.55184982 -0.07941509  1.1505086   5.72531287]                	[4.00849676 6.23919571 6.33089604 7.62561113]
27 	168  	[ 2.13270327 10.69725411  2.46541693  1.31151923]	[ -3.70312909 -42.80270555  -3.95344103   3.05137228]	[ 0.68282794 -0.89183662  1.28055017  5.60912602]                	[4.35266204 6.24440779 6.33089604 7.62561113]
28 	168  	[ 2.13628298 11.2356367   2.58897337  1.22249188]	[ -3.70312909 -42.80270555  -3.95344103   3.05137228]	[ 0.775437   -1.11599849  1.32586555  5.58224441]                	[4.42939898 6.23919571 6.33089604 7.49210263]
29 	168  	[ 2.22504149 10.98961695  2.81247182  1.11811144]	[ -4.35882575 -42.80270555  -4.86594678   2.91724725]	[ 0.84150497 -1.32369742  1.13587195  5.63148066]                	[4.42939898 6.23919571 6.29820674 7.4920696 ]
30 	168  	[2.09178256 9.17459351 2.6816201  1.22029083]    	[ -4.35882575 -52.68223532  -5.4871812    2.35077614]	[ 1.01824677 -0.77051249  1.11960371  5.57480326]                	[4.65386414 6.2423123  6.29820674 7.49627242]
31 	168  	[2.19216497 8.87813465 2.61922155 1.23539335]    	[ -4.35882575 -52.68223532  -5.4871812    2.35077614]	[ 1.15649996 -0.99920286  1.11216361  5.49669089]                	[4.65386414 6.2423123  6.74497503 7.4883233 ]
32 	168  	[2.15941494 8.96196437 2.5649985  1.30026629]    	[ -4.35882575 -52.68223532  -5.4871812    2.35077614]	[ 1.11112368 -1.15536269  1.10065485  5.49038455]                	[4.65386414 6.2423123  6.74497503 7.49616012]
33 	168  	[2.24006421 9.43237305 2.76682934 1.28155503]    	[ -4.35882575 -52.68223532  -5.4871812    2.02242229]	[ 1.11555054 -1.68195431  1.27430382  5.39546412]                	[4.65386414 6.24112099 6.74932259 7.49616037]
34 	168  	[2.21844899 8.35958011 2.5866886  1.31509716]    	[ -4.35882575 -52.68223532  -5.4871812    1.95548384]	[ 1.0598121  -0.58233546  1.52277145  5.3511026 ]                	[4.65386414 6.24752577 6.74932259 7.49616037]
35 	168  	[2.32480081 8.88121925 2.77211165 1.30754083]    	[ -4.35882575 -52.68223532  -5.4871812    1.95548384]	[ 0.91927015 -1.10909     1.59627674  5.34883332]                	[4.65386414 6.24415706 6.74932259 7.4883233 ]
36 	168  	[2.34006586 9.78541938 2.74571799 1.28527376]    	[ -4.35882575 -52.68223532  -5.4871812    1.95548384]	[ 1.04617825 -1.72966476  1.56446331  5.31423621]                	[4.65386414 6.24415706 6.74932259 7.4883233 ]
37 	168  	[2.39646376 9.48307333 2.72357209 1.26032684]    	[ -4.35882575 -52.68223532  -5.4871812    1.95548384]	[ 0.9974429  -1.52352289  1.65703381  5.37009536]                	[4.65386414 6.23688077 6.74932259 7.49509069]
38 	168  	[2.34101813 7.97942254 2.64444537 1.25009469]    	[ -4.35882575 -36.08192505  -5.4871812    1.95548384]	[ 1.02891393 -0.99355051  1.60952933  5.39173317]                	[4.65386414 6.23688077 6.74932259 7.49509069]
39 	168  	[2.42390124 8.77741667 2.72524121 1.26257598]    	[ -4.35882575 -36.08192505  -5.4871812    1.95548384]	[ 0.91054114 -1.36588521  1.65185889  5.42117177]                	[4.65386414 6.23688077 6.74932259 7.4883233 ]
40 	168  	[2.4445359  9.07853854 2.81537449 1.26905895]    	[ -4.35882575 -36.08192505  -5.4871812    2.02242229]	[ 0.8989723  -1.59083296  1.55728028  5.44227104]                	[4.65386414 6.23688077 6.74932259 7.49629419]
41 	168  	[2.45130659 9.03488782 2.85330665 1.28300573]    	[ -4.35882575 -36.80555129  -6.20629948   2.02242229]	[ 0.92249248 -1.59385188  1.54410722  5.43771862]                	[5.34901203 6.23688077 6.95226161 7.49629419]
42 	168  	[ 2.58654405 10.17662624  3.02365158  1.24195855]	[ -4.35882575 -53.83209148  -6.20629948   2.02242229]	[ 0.80162639 -1.90296519  1.71868756  5.35953023]                	[5.34901203 6.23688077 6.95226161 7.4883233 ]
43 	168  	[ 2.6193386  10.86047463  3.09166928  1.2251407 ]	[ -4.35882575 -53.83209148  -6.20629948   2.02242229]	[ 0.88988828 -2.79130237  1.52540892  5.32832544]                	[5.34901203 6.23688077 6.95226161 7.49199471]
44 	168  	[2.54099841 8.74968708 2.91099721 1.24193497]    	[ -4.35882575 -36.80555129  -7.11776703   2.02242229]	[ 0.70693386 -1.23369932  1.60482824  5.41038935]                	[5.34901203 6.23688077 6.95226161 7.49199471]
45 	168  	[2.63390994 9.72387185 3.13669047 1.18607512]    	[ -4.35882575 -36.80555129  -7.11776703   2.02242229]	[ 0.46963573 -1.09231195  1.78934459  5.49501626]                	[5.34901203 6.23688077 6.95226161 7.49227293]
46 	168  	[2.62491458 9.99535987 3.11739709 1.25768303]    	[ -4.35882575 -36.80555129  -7.11776703   2.02242229]	[ 0.58133216 -1.03079473  1.66812106  5.39231281]                	[5.34901203 6.23688077 6.95226161 7.49227293]
47 	168  	[ 2.75957633 10.53120576  3.20858872  1.28348631]	[ -5.72938149 -36.80555129  -7.11776703   2.02242229]	[ 0.57560996 -2.08922392  1.70700603  5.38126225]                	[5.34901203 6.23688077 7.40716996 7.49227293]
48 	168  	[2.72294742 9.52115099 3.05463615 1.24385683]    	[ -5.72938149 -36.80555129  -6.20629948   2.02242229]	[ 0.42423873 -1.26954247  1.92886656  5.41514814]                	[5.627911   6.23688077 7.40716996 7.49227293]
49 	168  	[2.60752359 9.92579236 3.03348592 1.19949411]    	[ -5.72938149 -36.80555129  -6.20629948   2.02242229]	[ 0.67193798 -1.84037093  1.71125004  5.40866784]                	[5.627911   6.23688077 7.40716996 7.49227293]
50 	168  	[2.52163888 8.7093302  2.79415668 1.20960893]    	[ -5.72938149 -35.29621197  -4.39547704   2.02242229]	[ 0.767342   -1.11912485  1.72981595  5.32903467]                	[6.15129144 6.23688077 7.40716996 7.49300936]
51 	168  	[2.57743718 8.93123704 2.86287085 1.22779505]    	[ -5.29077224 -35.29621197  -4.65040078   2.02242229]	[ 0.74229699 -1.33113777  1.724163    5.290986  ]                	[6.15129144 6.23688077 7.77241309 7.49300936]
52 	168  	[2.71274948 8.88097616 2.91118013 1.21091751]    	[ -5.88636842 -35.29621197  -4.39547704   2.02242229]	[ 0.56145212 -0.8711921   2.06450892  5.37150419]                	[6.15129144 6.23688077 8.08846791 7.49300936]
53 	168  	[2.76429207 9.77660848 3.0852192  1.22387876]    	[ -5.88636842 -35.29621197  -5.56298932   2.02242229]	[ 0.78811049 -1.62365453  1.71949495  5.36447617]                	[6.15129144 6.23688077 8.08846791 7.49300936]
54 	168  	[ 2.80950306 10.05296118  3.42207327  1.1994636 ]	[ -5.88636842 -35.29621197  -7.39610001   2.02242229]	[ 0.99918316 -2.2523335   1.47219358  5.22949247]                	[6.15129144 6.23688077 8.08846791 7.48741357]
55 	168  	[2.82860582 9.79948343 3.42112478 1.1969149 ]    	[ -5.85934467 -35.29621197  -7.39610001   2.02242229]	[ 0.91933906 -2.08981097  1.51536939  5.25656659]                	[6.15129144 6.24292293 8.21810922 7.48997594]
56 	168  	[2.85285912 9.48143189 3.16502137 1.27186802]    	[ -5.85934467 -35.29621197  -7.39610001   2.16303548]	[ 0.86449028 -1.7299589   1.62279584  5.32094853]                	[6.15129144 6.23934907 8.21810922 7.48858044]
57 	168  	[2.9760601  9.3338205  3.23308159 1.24702912]    	[ -5.85934467 -35.29621197  -7.39610001   2.16303548]	[ 0.72951438 -1.84698361  1.83503057  5.35706218]                	[6.15129144 6.16834064 8.21810922 7.48858044]
58 	168  	[3.02362171 9.44853066 3.41871294 1.29030367]    	[ -5.85934467 -32.20810993  -7.39610001   2.16303548]	[ 0.96043161 -2.54001066  1.58115208  5.22156491]                	[5.627911   6.16834064 8.21810922 7.48656729]
59 	168  	[ 3.02931145 10.10848641  3.55493782  1.26720054]	[ -5.85934467 -40.86884705  -7.39610001   2.16303548]	[ 0.86734567 -3.14414794  1.59615317  5.21105201]                	[5.82950642 6.18957226 8.21810922 7.48656729]
60 	168  	[ 3.06741959 10.907717    3.66365992  1.27532974]	[ -5.85934467 -47.02647267  -7.39610001   2.16303548]	[ 0.79597046 -3.81352198  1.59590526  5.25707825]                	[6.10640375 6.15247377 8.21810922 7.49134222]
61 	168  	[ 3.0144894  11.20472826  3.71694068  1.27820915]	[ -5.85934467 -40.86884705  -7.39610001   2.13366373]	[ 0.92473125 -3.75841074  1.49159356  5.23487532]                	[5.82950642 6.20833014 8.21810922 7.48656729]
62 	168  	[2.95123865 9.00351066 3.40688282 1.25879493]    	[ -5.85934467 -32.20810993  -7.39610001   2.13366373]	[ 0.42007871 -2.17605539  2.14232463  5.37431869]                	[6.50660436 6.18595513 8.21810922 7.49135626]
63 	168  	[ 3.00974049 10.78074575  3.4673613   1.33913143]	[ -5.82899926 -60.75600261  -7.39610001   2.13366373]	[ 0.66920751 -2.86926875  1.85366018  5.28348002]                	[6.50660436 6.19413891 8.05471011 7.49135626]
64 	168  	[ 3.12696018 11.46117462  3.57049073  1.35753032]	[ -5.82899926 -60.75600261  -7.39610001   2.13366373]	[ 0.72476655 -3.38068852  1.77996026  5.25829385]                	[6.85195013 6.19413891 8.09242751 7.49073339]
65 	168  	[ 3.13963882 13.61420246  3.72061724  1.32765766]	[ -5.68043302 -64.65490985  -7.39610001   2.13366373]	[ 1.1493041  -4.85685061  1.38054689  5.20337791]                	[6.85195013 6.19413891 8.09242751 7.49073339]
66 	168  	[ 3.26024046 14.83182603  3.77927308  1.36952248]	[ -5.68043302 -64.65490985  -6.36161213   2.13366373]	[ 1.08980462 -5.28555075  1.42911906  5.17144445]                	[6.85195013 6.20763632 8.09242751 7.49615832]
67 	168  	[ 3.37253682 14.69697703  3.79177533  1.32696193]	[ -5.68043302 -64.65490985  -6.36161213   2.13366373]	[ 0.86286351 -5.74187423  1.67212709  5.27192321]                	[6.85195013 6.20763632 8.09242751 7.48976455]
68 	168  	[ 3.29591979 14.42683386  3.7878581   1.35060061]	[ -5.68043302 -64.65490985  -6.36161213   2.13366373]	[ 0.90132603 -5.48693448  1.53290149  5.27472419]                	[6.85195013 6.20763632 8.09242751 7.48976455]
69 	168  	[ 3.37156774 14.98205331  3.81079186  1.36461681]	[ -5.92341947 -64.65490985  -6.36161213   2.13366373]	[ 0.93111769 -5.65812626  1.50870263  5.30077786]                	[6.85195013 6.17510289 8.1350766  7.49181253]
70 	168  	[ 3.31711155 14.45888716  3.67288456  1.33419851]	[ -5.68043302 -64.65490985  -6.36161213   2.03285584]	[ 0.97206412 -5.00882786  1.56119442  5.26676179]                	[6.85195013 6.21227672 8.09242751 7.48976455]
71 	168  	[ 3.36216815 14.00516053  3.68201949  1.33092187]	[ -5.68043302 -64.65490985  -7.4893358    2.03285584]	[ 0.98258369 -4.80099725  1.63516472  5.22348845]                	[6.84233717 6.21227672 8.09242751 7.48976455]
72 	168  	[ 3.42137547 15.04407105  3.77663491  1.29489899]	[ -5.68043302 -64.65490985  -7.4893358    2.03285584]	[ 0.97410025 -5.47845618  1.63848415  5.25204544]                	[6.84233717 6.21227672 8.09242751 7.48896702]
73 	168  	[ 3.4483014  15.39640763  3.85831901  1.27887054]	[ -5.68043302 -64.65490985  -7.4893358    2.03285584]	[ 1.01198377 -5.69487701  1.61290767  5.28621841]                	[6.84233717 6.21820618 8.09242751 7.48896702]
74 	168  	[ 3.48292315 14.97643792  3.89080585  1.26673272]	[ -5.68043302 -64.65490985  -7.4893358    2.03285584]	[ 0.9675622  -5.6788409   1.50022455  5.33873279]                	[6.84233717 6.21820618 8.09242751 7.49353372]
75 	168  	[ 3.46095069 15.13311617  4.03647766  1.28001153]	[ -5.68043302 -63.11039527  -7.4893358    2.03285584]	[ 1.05325537 -5.85746908  1.3156143   5.37043404]                	[6.84233717 6.24081718 8.09242751 7.49191697]
76 	168  	[ 3.47362847 16.27714537  4.09503083  1.22645095]	[ -5.68043302 -63.11039527  -7.4893358    2.13366373]	[ 1.26384402 -7.12749998  1.08756102  5.41445071]                	[6.84233717 6.24081718 8.09242751 7.49191697]
77 	168  	[ 3.36694341 15.15283453  3.9316208   1.2663249 ]	[ -5.68043302 -61.95809752  -7.4893358    2.13366373]	[ 1.34250225 -6.32527142  1.22448003  5.3203525 ]                	[6.84233717 6.24010701 8.09242751 7.49192318]
78 	168  	[ 3.34411846 14.75884664  3.83321246  1.27046495]	[ -5.68043302 -61.95809752  -7.4893358    2.13366373]	[ 1.32901308 -6.03634656  1.24049431  5.33030473]                	[6.84233717 6.23825689 8.09242751 7.49329469]
79 	168  	[ 3.38687478 15.0661264   3.89759343  1.26007731]	[ -5.68043302 -61.95809752  -7.4893358    2.13366373]	[ 1.22874766 -6.44809868  1.35761362  5.33284471]                	[6.84233717 6.23825689 8.09242751 7.49192295]
80 	168  	[ 3.40116297 13.80531716  3.92634254  1.19796043]	[ -5.68043302 -61.95809752  -7.4893358    2.13366373]	[ 1.20496541 -6.16187425  1.37769276  5.33263849]                	[6.84233717 6.23825689 8.09242751 7.21879921]
81 	168  	[ 3.36668762 14.44196203  3.90934576  1.24196342]	[ -5.68043302 -61.95809752  -7.4893358    2.13366373]	[ 1.44150121 -7.02180132  1.2206647   5.2761741 ]                	[6.84233717 6.23825689 8.09242751 7.25066496]
82 	168  	[ 3.60369744 17.08889729  3.9892939   1.21459021]	[ -5.68043302 -87.08676053  -8.8269939    2.13366373]	[ 0.86240119 -7.30799362  1.72149509  5.42932696]                	[9.05713809 6.23825689 8.09242751 7.49244229]
83 	168  	[ 3.55105951 18.31705885  4.17572583  1.21970703]	[  -6.92419254 -105.83717759   -9.17007009    1.87582048]	[ 1.33348374 -7.49316074  1.07492538  5.42040322]                	[9.05713809 6.23825689 9.02162905 7.49244229]
84 	168  	[ 3.61946239 17.89230903  4.09116244  1.1529649 ]	[  -6.92419254 -105.83717759   -9.17007009    1.87582048]	[ 1.05885144 -7.25912532  1.3428685   5.53973245]                	[9.05713809 6.23825689 9.02162905 7.49146961]
85 	168  	[ 3.74344622 17.43591253  4.11401221  1.19821266]	[  -6.92419254 -105.83717759   -9.17007009    1.87582048]	[ 1.05156398 -7.36239045  1.47377422  5.47989193]                	[9.05713809 6.23825689 9.02162905 7.49146961]
86 	168  	[ 3.79194382 18.30512746  4.17270859  1.21739746]	[  -6.92419254 -105.83717759   -9.17007009    1.87582048]	[ 1.13376285 -8.23637552  1.33101126  5.46071317]                	[9.05713809 6.23825689 9.02162905 7.49146961]
87 	168  	[ 3.78998612 19.3095007   4.18730775  1.23430623]	[  -6.92419254 -105.83717759   -9.17007009    1.87582048]	[ 1.14666408 -8.7926615   1.30053336  5.47519013]                	[9.05713809 6.23825689 9.02162905 7.49146961]
88 	168  	[ 3.87606494 23.50497436  4.51079536  1.04815311]	[  -5.58140111 -105.83717759   -9.17007009    3.23985672]	[  1.12012759 -11.84682048   1.02052013   5.69084898]            	[9.05713809 6.23825689 8.26418839 7.49146961]
89 	168  	[ 3.87901276 25.04206032  4.6161629   1.06638645]	[  -5.58140111 -105.83717759   -9.17007009    3.23985672]	[  1.14813739 -12.80927225   0.72061994   5.67929451]            	[9.05713809 6.23825689 8.26418839 7.49188123]
90 	168  	[ 3.97827658 24.06927154  4.71111085  1.04082967]	[  -5.52571256 -105.83717759   -9.17007009    3.23985672]	[  1.0442728  -12.39613447   0.83557979   5.70892502]            	[9.05713809 6.23191331 8.13414311 7.49188123]
91 	168  	[ 3.82231492 23.5705632   4.64154961  1.06422285]	[  -5.52571256 -105.83717759   -9.17007009    3.23985672]	[  1.25896149 -12.01472008   0.66626816   5.67010407]            	[9.05713809 6.21820618 8.13414311 7.49188129]
92 	168  	[ 3.76735224 24.81557276  4.62325263  1.06500286]	[  -5.52571256 -105.83717759   -9.17007009    3.23985672]	[  1.21190897 -12.29203961   0.68103598   5.6767393 ]            	[9.05713809 6.21820618 8.13414311 7.49188123]
93 	168  	[ 3.83452393 23.77293611  4.58780198  1.06916411]	[  -5.52571256 -105.83717759   -9.17007009    3.23985672]	[  0.96640958 -11.87111414   0.88531664   5.64519828]            	[8.17954458 6.22199905 8.13414311 7.49188123]
94 	168  	[ 3.87164085 24.29060604  4.7463263   1.07883757]	[  -5.98747946 -105.83717759  -10.18435791    2.43613774]	[  1.06797588 -12.17758843   0.65109771   5.68089735]            	[9.17077983 6.22199905 8.13414311 7.48878737]
95 	168  	[ 3.92015286 25.54910262  4.75871739  1.05628146]	[  -5.52571256 -105.83717759  -10.18435791    2.43613774]	[  0.94799167 -12.98364516   0.80912879   5.7291902 ]            	[9.17077983 6.12627361 8.13414311 7.48878737]
96 	168  	[ 3.88296281 22.95173484  4.77179225  1.05485262]	[  -5.52571256 -105.83717759  -10.18435791    2.43613774]	[  1.10585423 -11.8627593    0.64037349   5.69255743]            	[9.17077983 6.20231487 8.13414311 7.48880889]
97 	168  	[ 3.84594762 23.29483888  4.75427615  1.07968863]	[  -5.52571256 -105.83717759  -10.18435791    2.43613774]	[  1.00304265 -11.35629542   0.8427088    5.67334088]            	[9.17077983 6.21268137 8.13414311 7.48880889]
98 	168  	[ 3.77147014 22.58589327  4.74019372  1.05593727]	[  -5.52571256 -105.83717759  -10.18435791    2.43613774]	[  1.19436353 -11.47085212   1.01082473   5.5687746 ]            	[9.17077983 6.20231487 8.13414311 7.48880889]
99 	168  	[ 3.83262743 21.96875683  4.66803973  1.07232388]	[  -5.52571256 -105.83717759  -10.18435791    2.43613774]	[  1.03269752 -10.20389798   1.18802333   5.60592923]            	[9.17077983 6.14680359 8.13414311 7.48880889]
100	168  	[ 3.95775745 22.0300309   4.73775866  1.1053937 ]	[  -5.53473322 -105.83717759  -10.18435791    2.43613774]	[  0.87504671 -11.22746502   1.29656996   5.61531573]            	[9.17077983 6.24011131 8.13414311 7.48873335]
101	168  	[ 3.98389147 21.43142093  4.78605672  1.08016436]	[  -5.52571256 -105.83717759  -10.18435791    2.63164214]	[  0.77354753 -10.00290939   1.47589582   5.68075455]            	[9.17077983 6.2242779  8.13414311 7.48849055]
102	168  	[ 3.92701002 20.93727815  4.67779257  1.11049875]	[  -5.52571256 -105.83717759  -10.18435791    2.63164214]	[ 0.73369791 -9.44469966  1.41729521  5.67358045]                	[9.17077983 6.22701425 8.13414311 7.48849055]
103	168  	[ 3.97557795 20.40488132  4.75449635  1.11151623]	[  -5.52571256 -105.83717759  -10.18435791    2.63164214]	[ 0.80432397 -9.68996586  1.51896641  5.66943465]                	[9.17077983 6.22701425 8.13414311 7.48877212]
104	168  	[ 3.99922843 20.26105121  4.91607866  1.09483293]	[  -5.52571256 -105.83717759  -10.18435791    2.63164214]	[ 0.88150063 -9.95449359  1.37730531  5.66229157]                	[9.17077983 6.22701425 8.13414311 7.48877212]
105	168  	[ 3.97539467 20.23108186  4.98229412  1.08942638]	[  -5.52571256 -105.83717759  -10.18435791    2.63164214]	[ 0.98371643 -9.69776758  1.05316701  5.64180815]                	[9.17077983 6.22701425 8.13414311 7.48849055]
106	168  	[ 3.92894951 21.03286303  4.8623768   1.09648926]	[  -5.52571256 -105.83717759  -10.18435791    2.63164214]	[ 1.12845967 -9.95419042  1.03069333  5.60910525]                	[9.17077983 6.22701425 8.13414311 7.48849055]
107	168  	[ 4.03028303 21.88639872  4.82055873  1.10882943]	[  -5.52571256 -105.83717759  -10.18435791    2.63164214]	[  1.13613656 -10.01920785   1.1639892    5.56888897]            	[9.17077983 6.22701425 8.13414311 7.48849055]
108	168  	[ 4.03221004 22.29456285  4.80717344  1.10620687]	[  -5.74191429 -105.83717759  -10.18435791    3.54756924]	[ 1.14823876 -9.66552269  1.21629095  5.54142185]                	[9.17077983 6.22701425 8.13414311 7.48849055]
109	168  	[ 4.28711409 20.65594519  4.73831175  1.0855118 ]	[  -6.17334381 -105.83717759   -9.17007009    3.57514182]	[ 0.80287921 -7.96198305  1.58273661  5.7310086 ]                	[8.46235072 6.21798474 8.13414311 7.48849055]
110	168  	[ 4.34853736 22.14783048  4.73584783  1.10630745]	[  -6.17334381 -105.83717759   -9.17007009    3.57514182]	[ 0.90363246 -9.10297296  1.5000836   5.69825862]                	[8.46235072 6.21798474 8.13414311 7.48849055]
111	168  	[ 4.38728145 20.62650941  4.73126698  1.09209721]	[  -6.17334381 -105.83717759   -9.17007009    3.56441999]	[ 0.96260888 -8.53242129  1.3199506   5.68605237]                	[8.46235072 6.21798474 8.13414311 7.48849402]
112	168  	[ 4.32412233 21.40187176  4.80774297  1.14608857]	[  -5.86968926 -105.83717759   -9.17007009    2.9906026 ]	[ 1.27725625 -9.08995608  1.12053001  5.5771363 ]                	[8.80006818 6.21798474 8.13414311 7.48849402]
113	168  	[ 4.25281555 20.1157056   4.74452218  1.16345991]	[  -6.08626088 -105.83717759   -9.17007009    2.9906026 ]	[ 1.11426789 -8.38704083  1.25832429  5.63078121]                	[8.80006818 6.21209845 8.13414311 7.49236676]
114	168  	[ 4.2923218  22.00544779  4.87754091  1.08265689]	[  -5.52571256 -105.83717759   -9.17007009    3.30460236]	[ 1.05406268 -9.31951193  1.10574482  5.65687793]                	[8.80006818 6.18541871 8.13414311 7.49236676]
115	168  	[ 4.25741482 21.87874781  4.8164192   1.09468761]	[  -5.52571256 -105.83717759   -9.17007009    3.10417968]	[ 1.1622116  -9.34297291  1.18617194  5.62732863]                	[8.46235072 6.18541871 8.13414311 7.49236676]
116	168  	[ 4.23433438 20.33585415  4.62531985  1.11780502]	[  -5.52571256 -105.83717759   -9.17007009    3.10417968]	[ 1.45798427 -9.09133451  1.06672441  5.54253055]                	[8.46235072 6.19985659 8.13414311 7.49585898]
117	168  	[ 4.23858573 19.09791941  4.56131216  1.09920782]	[  -5.52571256 -105.83717759   -9.17007009    3.10417968]	[ 1.18085128 -8.65473815  1.34869815  5.59649497]                	[8.46235072 6.19985659 8.13414311 7.49585898]
118	168  	[ 4.26372317 18.63489831  4.59708147  1.10723489]	[  -5.52571256 -105.83717759   -9.17007009    3.10417968]	[ 1.35644607 -8.6827265   1.16990168  5.5911047 ]                	[8.46235072 6.19985659 8.13414311 7.49585898]
119	168  	[ 4.30063093 19.76747562  4.77223602  1.0829584 ]	[  -6.33693999 -105.83717759   -9.17007009    3.10417968]	[ 1.17415587 -9.12251759  1.28649344  5.60044443]                	[8.46235072 6.19369124 8.13414311 7.49593686]
120	168  	[ 4.33847501 20.60882453  4.82911373  1.08725993]	[  -6.33693999 -105.83717759   -9.17007009    3.10417968]	[ 1.2806027  -9.57311906  1.16113692  5.56800229]                	[8.80861219 6.23464655 8.13414311 7.49585898]
121	168  	[ 4.19084931 19.21689072  4.71091195  1.08178493]	[  -6.33693999 -105.83717759   -9.17007009    3.10417968]	[ 1.31694354 -9.36484977  1.15080545  5.59768149]                	[8.80861219 6.23464655 8.13414311 7.4960489 ]
122	168  	[ 4.21927897 21.43339921  4.81238265  1.10073357]	[  -6.33693999 -105.83717759   -9.17007009    3.10417968]	[ 1.38145066 -9.41471134  0.98523286  5.59008647]                	[8.80861219 6.21577936 7.95297718 7.4960489 ]
123	168  	[ 4.14858617 19.97515402  4.77175935  1.09055561]	[  -6.33693999 -105.83717759   -9.17007009    3.10417968]	[ 1.58175296 -9.6187768   0.76751493  5.54059724]                	[8.80861219 6.21577936 8.14086362 7.49579223]
124	168  	[ 4.27245058 20.16303533  4.79494763  1.09082324]	[  -6.33693999 -105.83717759   -9.17007009    3.10417968]	[ 1.49806256 -9.54903331  0.84898094  5.56302599]                	[8.80861219 6.21577936 8.14086362 7.47942792]
125	168  	[ 4.27544933 20.21841044  4.77783536  1.06958977]	[  -6.33693999 -105.83717759   -9.17007009    3.10417968]	[ 1.36647558 -9.17775532  0.98624506  5.60933439]                	[8.80861219 6.21577936 8.14086362 7.49820443]
126	168  	[ 4.16822775 20.19246224  4.7165      1.07702555]	[  -6.3157486  -105.83717759   -9.17007009    3.10417968]	[ 1.49848015 -8.75078402  0.8624112   5.59163703]                	[8.80861219 6.21577936 8.38459946 7.49825907]
127	168  	[ 4.14490838 19.9674411   4.64692676  1.1044288 ]	[  -6.3157486  -105.83717759   -9.17007009    3.10417968]	[ 1.65524697 -8.38799997  0.78754868  5.60396921]                	[8.80861219 6.23051676 8.38459946 7.49825907]
128	168  	[ 4.32563258 21.55802302  4.75296415  1.0979464 ]	[  -6.3157486  -105.83717759   -9.17007009    3.10417968]	[ 1.49768256 -9.48123806  0.85653124  5.61486001]                	[8.80861219 6.21023345 8.38459946 7.49825907]
129	168  	[ 4.20023566 20.125097    4.65125474  1.09626078]	[  -6.3157486  -105.83717759   -9.17007009    3.10417968]	[ 1.47219039 -9.0449036   0.94564855  5.61127335]                	[8.80861219 6.21023345 8.46862384 7.48539815]
130	168  	[ 4.31211851 20.78927418  4.8179733   1.06355186]	[  -9.77078176 -105.83717759   -9.17007009    3.10417968]	[ 1.40877107 -9.1237977   1.12422526  5.56581249]                	[8.80861219 6.23416178 8.38459946 7.48539815]
131	168  	[ 4.56493921 19.9148533   4.82390659  1.07640569]	[  -9.77078176 -105.83717759   -9.17007009    3.10417968]	[ 1.23510527 -8.72841236  1.37954776  5.55269075]                	[8.80861219 6.23980954 8.38459946 7.49506617]
132	168  	[ 4.45634967 21.66884567  4.84580549  1.0893217 ]	[  -9.77078176 -105.83717759   -9.17007009    3.10417968]	[ 1.370212   -9.1753874   1.26582748  5.54893625]                	[8.80861219 6.23980954 8.38459946 7.50446758]
133	168  	[ 4.59306509 21.64046457  4.95374226  1.07911085]	[  -9.77078176 -105.83717759   -9.17007009    3.10417968]	[ 1.43282412 -9.46026779  1.09310222  5.59936416]                	[8.90021191 6.23980954 8.38459946 7.49506617]
134	168  	[ 4.50674455 21.90491132  4.94649366  1.07046014]	[  -6.38501551 -105.83717759   -9.17007009    3.10417968]	[ 1.60229409 -9.69500898  1.10304206  5.535163  ]                	[8.80861219 6.23980954 8.38459946 7.49506617]
135	168  	[ 4.22354565 14.10757194  4.62920375  1.06615282]	[ -6.45306851 -62.34744362  -8.73889075   3.10417968]    	[ 1.7992551  -6.71358684  1.12258349  5.50879393]                	[8.80861219 6.23980954 8.42517207 7.49506617]
136	168  	[ 4.42851361 13.94798801  4.7559388   1.05787294]	[ -6.45306851 -78.70595605  -9.82871777   3.10417968]    	[ 1.29617059 -5.77474241  1.54092374  5.55619802]                	[9.00629727 6.24444643 8.42517207 7.49529182]
137	168  	[ 4.46045203 16.0214197   4.64461104  1.06525068]	[ -8.18160287 -78.70595605  -9.82871777   3.60486861]    	[ 1.87814699 -6.67845992  0.90288295  5.52691753]                	[9.00629727 6.21271186 9.95365776 7.4952931 ]
138	168  	[ 4.71889324 16.62512871  4.96088533  1.06369805]	[ -8.18160287 -83.84476177 -10.15060971   3.60486861]    	[ 1.65622103 -7.12458104  1.19998395  5.51683842]                	[9.42839463 6.2118546  9.95365776 7.49555515]
139	168  	[ 4.61007011 17.66053858  4.94601838  1.07286344]	[ -8.18160287 -83.84476177 -10.15060971   3.5631601 ]    	[ 1.78400564 -7.16474491  1.05521351  5.48230609]                	[9.42839463 6.24331167 9.95365776 7.4956452 ]
140	168  	[ 4.56035185 17.06583801  4.81625052  1.08139281]	[ -8.18160287 -83.84476177 -10.15060971   3.5631601 ]    	[ 1.62433917 -6.53044399  1.09934218  5.5460917 ]                	[9.42839463 6.24331167 9.95365776 7.4956452 ]
141	168  	[ 4.44681147 18.07696188  4.65868622  1.05996109]	[ -8.18160287 -83.84476177 -10.15060971   3.5631601 ]    	[ 1.82993093 -7.12591888  1.17830543  5.4816676 ]                	[9.42839463 6.24331167 9.95365776 7.4956452 ]
142	168  	[ 4.40105504 17.81136863  4.46291431  1.01509033]	[ -8.18160287 -83.84476177 -10.15060971   3.60486861]    	[ 1.50620837 -7.5467655   1.66081154  5.58900384]                	[9.42839463 6.24331167 9.95365776 7.4956452 ]
143	168  	[ 4.45419654 20.73103611  4.49890826  1.07554308]	[  -8.18160287 -112.78805716  -10.15060971    2.66646265]	[ 1.74627601 -8.24137583  1.28602008  5.5352446 ]                	[9.42839463 6.24331167 9.95365776 7.4956452 ]
144	168  	[ 4.57355258 20.73735409  4.63097327  1.11395687]	[  -8.18160287 -112.78805716  -10.15060971    2.17229996]	[ 2.05100802 -8.33197264  0.89495828  5.49937887]                	[9.42839463 6.24331167 9.95365776 7.4956452 ]
145	168  	[ 4.71308793 19.01556331  4.59849231  1.06608453]	[  -8.18160287 -112.78805716  -10.15060971    3.60486861]	[ 1.99216554 -7.92079703  1.24537922  5.49098438]                	[9.42839463 6.24331167 9.95365776 7.4866354 ]
146	168  	[ 4.5814269  19.23109562  4.65072589  1.04940654]	[ -8.18160287 -97.33861231 -10.15060971   3.60486861]    	[ 2.14922014 -7.65151225  0.93038862  5.51740038]                	[9.42839463 6.24331167 9.95365776 7.48664957]
147	168  	[ 4.48296684 19.04921584  4.5985347   1.06859067]	[ -8.18160287 -97.33861231 -10.15060971   3.44882748]    	[ 1.93471616 -7.81919556  1.26026746  5.50665822]                	[9.42839463 6.24169997 9.95365776 7.4969926 ]
148	168  	[ 4.45196674 18.05554493  4.51900145  1.08050812]	[ -8.18160287 -97.33861231 -10.15060971   3.44882748]    	[ 1.69375785 -6.84648893  1.43450352  5.49602073]                	[9.42839463 6.24169997 9.95365776 7.48626653]
149	168  	[ 4.40549114 17.61421235  4.53225053  1.09777377]	[ -8.18160287 -97.33861231 -10.15060971   3.44882748]    	[ 1.89258294 -6.94702168  1.25094495  5.45406827]                	[9.42839463 6.24169997 9.95365776 7.48626653]
150	168  	[ 4.43237681 17.42991684  4.55931189  1.10564752]	[ -8.18160287 -97.33861231 -10.15060971   3.29752562]    	[ 1.98361865 -7.29750401  1.24654771  5.49862031]                	[9.42839463 6.24169997 9.95365776 7.48933418]
151	168  	[ 4.39186886 20.27940892  4.79721132  1.10282461]	[ -8.18160287 -97.33861231 -10.15060971   3.29752562]    	[ 2.03979918 -9.16687013  1.09424179  5.51317003]                	[9.42839463 6.24169997 9.95365776 7.49395743]
152	168  	[ 4.50762898 19.34695456  4.8756796   1.094908  ]	[ -8.18160287 -97.33861231 -10.15060971   3.44882748]    	[ 1.99706258 -8.50458456  1.11892376  5.51517906]                	[9.42839463 6.24169997 9.95365776 7.49395743]
153	168  	[ 4.24411044 20.01605295  4.76197255  1.1143734 ]	[  -8.18160287 -118.1198556   -10.15060971    3.44882748]	[ 2.25905883 -8.30208264  0.82610197  5.48429788]                	[9.42839463 6.24169997 9.95365776 7.49395743]
154	168  	[ 4.18609465 20.69444258  4.67498121  1.11999242]	[  -8.18160287 -118.1198556   -10.15060971    3.44882748]	[ 2.30428544 -8.84089274  0.91809785  5.49552224]                	[9.42839463 6.17951442 9.95365776 7.49395743]
155	168  	[ 4.39101183 23.28973935  4.87881559  1.05594981]	[  -8.345433   -118.1198556    -9.57333919    3.1714588 ]	[  2.45546191 -11.18007128   0.66493757   5.50224838]            	[9.15315817 6.16333856 9.95365776 7.48990808]
156	168  	[ 4.5121675  23.75027468  4.85843947  1.0872458 ]	[  -8.345433   -118.1198556    -9.57333919    3.1714588 ]	[  2.34429328 -11.10952781   0.68603392   5.52713574]            	[9.15315817 6.16333856 9.95365776 7.48990808]
157	168  	[ 4.31037611 22.45450964  4.64499845  1.18118544]	[  -8.18160287 -118.1198556    -9.1940389     1.15498778]	[ 2.41304325 -8.90261548  1.03246389  5.37928672]                	[9.15315817 6.22596582 9.95365776 7.48990808]
158	168  	[ 4.4542764  24.32221098  4.9806335   1.17065069]	[  -8.18160287 -118.1198556    -9.48858705    1.15498778]	[  2.55081865 -11.02785529   0.65121738   5.37573015]            	[8.8599714  6.22596582 9.95365776 7.48380104]
159	168  	[ 4.39169788 26.89087706  5.05843861  1.16744334]	[  -8.18160287 -118.1198556    -9.48858705    2.88624405]	[  2.31650001 -11.00783794   0.78229236   5.40951069]            	[8.8599714  6.19292784 9.95365776 7.48380104]
160	168  	[ 4.53239449 22.87532241  4.8819601   1.13326354]	[  -8.18160287 -118.1198556    -9.48858705    2.88624405]	[ 2.28531838 -9.32189031  0.9667659   5.48349496]                	[9.11424528 6.19292784 9.95365776 7.49229111]
161	168  	[ 4.49211104 22.70417869  4.82323931  1.11218568]	[  -8.18160287 -118.1198556    -9.48858705    2.88624405]	[ 2.34104511 -9.59048651  0.84666695  5.50777502]                	[9.11424528 6.19292784 9.95365776 7.49394827]
162	168  	[ 4.60386413 23.07744423  5.00183819  1.04785835]	[  -8.18160287 -118.1198556    -9.06908712    2.88624405]	[  1.99018075 -10.88777528   0.97744682   5.6484219 ]            	[9.11424528 6.19047321 9.95365776 7.49394827]
163	168  	[ 4.47619943 23.74734039  4.93832792  1.04315027]	[  -8.18160287 -118.1198556    -9.06908712    2.88624405]	[  2.08673274 -11.23484781   1.03559881   5.6081227 ]            	[9.11424528 6.19047321 9.95365776 7.49394971]
164	168  	[ 4.45981364 22.76071621  4.89097339  1.01714563]	[  -8.18160287 -107.97932449   -9.06908712    3.60486861]	[  2.0958517  -11.33250801   0.95381713   5.61985357]            	[9.11424528 6.19047321 9.95365776 7.49394827]
165	168  	[ 4.4892392  23.13991902  4.98020735  1.0627094 ]	[  -8.18160287 -107.97932449   -9.06908712    3.60486861]	[  2.37427831 -11.39374922   0.72293781   5.57654588]            	[9.11424528 6.20935949 9.95365776 7.49394885]
166	168  	[ 4.53326336 22.60251164  5.00582513  1.04140057]	[  -8.18160287 -107.97932449   -9.06908712    3.60486861]	[  2.45817032 -11.57827755   0.69115263   5.57189179]            	[9.11424528 6.19047321 9.95365776 7.49394885]
167	168  	[ 4.64976407 23.60972289  5.10243289  1.07188126]	[  -8.18160287 -107.97932449  -11.08792508    3.09816373]	[  2.5902508  -11.09645955   0.61009889   5.46158203]            	[8.8599714  6.22762402 9.95365776 7.49230701]
168	168  	[ 4.53670121 23.97453032  5.01376737  1.05937711]	[  -8.18160287 -107.97932449  -11.08792508    3.60486861]	[  2.86958352 -11.24021991   0.36645319   5.46504106]            	[8.8599714  6.22762402 9.95365776 7.49395743]
169	168  	[ 4.75608037 24.51855706  4.9702762   1.08108806]	[  -8.18160287 -107.97932449   -9.06908712    3.60486861]	[  2.196784   -11.51262256   1.16157671   5.57433576]            	[8.88753306 6.21324469 9.95365776 7.49401998]
170	168  	[ 4.75095485 24.05604578  5.03841154  1.04638953]	[  -7.61802201 -107.97932449  -10.47167246    3.60486861]	[  2.20201838 -12.13400065   0.96914301   5.60545998]            	[8.88753306 6.21324469 9.2683982  7.49397852]
171	168  	[ 4.57797277 24.00009284  5.06853715  1.0388703 ]	[  -7.39610237 -107.97932449  -10.47167246    3.60486861]	[  2.47202654 -11.59198994   0.76302993   5.5384739 ]            	[8.88753306 6.21966001 9.31831337 7.49230701]
172	168  	[ 4.5050341  24.29945807  5.10339997  1.02248129]	[  -7.39610237 -107.97932449   -9.06908712    3.60486861]	[  2.51842588 -12.52463308   0.56800301   5.54472071]            	[8.88753306 6.10717809 9.31831337 7.49394121]
173	168  	[ 4.50482883 23.45630009  5.21976251  1.00477822]	[  -7.39610237 -107.97932449   -9.06908712    3.60486861]	[  2.31257744 -12.20240104   0.83215966   5.56158194]            	[8.88753306 6.17268945 9.31831337 7.48380104]
174	168  	[ 4.54284035 22.400314    5.03232233  1.01126695]	[  -7.39610237 -107.97932449   -9.06908712    3.60486861]	[  2.172548   -11.84354421   1.06344822   5.5529933 ]            	[8.88753306 6.10717809 9.31831337 7.48380104]
175	168  	[ 4.44395532 22.23132916  4.99089657  1.04427013]	[  -7.39610237 -110.95981583   -9.40432223    3.60486861]	[  2.08950429 -11.31106697   1.16897457   5.57862474]            	[8.88753306 6.23300653 9.31831337 7.49072063]
176	168  	[ 4.50616471 22.30762895  4.94448583  1.06125041]	[  -7.39610237 -110.95981583   -9.40432223    3.60486861]	[  2.0642627  -11.4027011    1.09433984   5.57751167]            	[8.88753306 6.23300653 9.31831337 7.49186395]
177	168  	[ 4.57906774 22.50813697  4.98417118  1.0594709 ]	[  -7.13643993 -110.95981583   -9.40432223    3.49836527]	[  2.09862602 -12.18755166   1.20154262   5.55008223]            	[8.88753306 6.23300653 8.98732747 7.49186395]
178	168  	[ 4.62193823 22.60558284  5.01526674  1.08385839]	[  -7.13643993 -113.53768259   -9.40432223    3.49836527]	[  2.21213141 -12.26329844   1.20225377   5.50466498]            	[8.88753306 6.23300653 9.21093455 7.49171577]
179	168  	[ 4.62549396 23.0725155   5.03187163  1.07933012]	[  -7.29909403 -113.53768259   -9.40432223    3.46118176]	[  2.21120243 -12.73055146   1.20039311   5.50935001]            	[8.88753306 6.23300653 9.34210394 7.49171577]
180	168  	[ 4.5870323  22.70785582  4.87289011  1.08199008]	[  -7.29909403 -113.53768259   -9.40432223    3.46118176]	[  2.12717808 -12.63631274   1.38633523   5.46029973]            	[8.88753306 6.23300653 9.34210394 7.49171577]
181	168  	[ 4.69485829 23.43225592  5.00787592  1.0693617 ]	[  -7.29909403 -113.53768259   -9.40432223    3.46118176]	[  1.91038537 -13.18935717   1.56190801   5.44049004]            	[9.00479276 6.23300653 9.44516017 7.48410172]
182	168  	[ 4.78190553 23.34249281  5.14252293  1.05400524]	[  -7.59009222 -113.53768259   -9.40432223    3.46195794]	[  2.13805443 -13.85829829   1.33777072   5.48172289]            	[ 9.22778471  6.23300653 10.53930387  7.48410172]
183	168  	[ 4.67630074 22.77261168  4.93241762  1.03737506]	[  -7.59009222 -110.95981583   -9.40432223    3.46195794]	[  2.12113973 -13.10835014   1.48923425   5.50545689]            	[ 9.22778471  6.23300653 10.53930387  7.48909278]
184	168  	[ 4.68708065 22.44215287  4.97704506  1.05288292]	[  -7.44969524 -110.95981583   -9.40432223    3.46195794]	[  2.06487996 -13.32462767   1.47309308   5.50097512]            	[ 9.22778471  6.23300653 10.45613821  7.48909278]
185	168  	[ 4.83459433 23.72411061  4.62111268  1.06762838]	[  -7.43208822 -110.95981583  -10.25479762    3.46195794]	[  2.02887687 -13.51233237   1.81991371   5.5715902 ]            	[9.22778471 6.23300653 9.95004153 7.48909278]    
186	168  	[ 4.83470669 22.99240103  4.46723368  1.05120895]	[  -7.43208822 -110.95981583  -10.25479762    3.46195794]	[  1.83643109 -12.20502468   2.11643469   5.62620646]            	[9.22778471 6.23300653 9.95004153 7.480181  ]    
187	168  	[ 4.89020362 22.58050667  4.24039293  1.04347184]	[  -7.43208822 -110.95981583  -10.25479762    3.46195794]	[  1.69942738 -10.5752826    2.52081954   5.56138558]            	[9.22778471 6.18379533 9.95004153 7.480181  ]    
188	168  	[ 4.88052351 21.62972444  4.32956078  1.03971035]	[  -7.43208822 -110.95981583  -10.25479762    3.46195794]	[  1.76576717 -10.60199321   2.39982358   5.55223118]            	[9.22778471 6.18379533 9.95004153 7.480181  ]    
189	168  	[ 4.81141788 22.67874333  4.47532598  1.00952896]	[  -7.43208822 -110.95981583  -10.25479762    3.46195794]	[  1.80106988 -10.79900352   2.16372987   5.56265414]            	[9.22778471 6.21716047 9.95004153 7.480181  ]    
190	168  	[ 4.90581877 20.95842596  4.463615    0.99770176]	[  -7.27706435 -110.95981583  -10.25479762    3.46195794]	[  1.71073901 -10.02413128   2.36045358   5.5319191 ]            	[9.22778471 6.21716047 9.95511112 7.480181  ]    
191	168  	[ 4.94996056 21.08413758  4.60926602  1.00602597]	[  -7.27706435 -110.95981583  -10.25479762    3.46195794]	[  1.81774778 -10.35112905   2.15127603   5.54909395]            	[9.37061636 6.23233792 9.95511112 7.49225867]    
192	168  	[ 4.98680857 22.30955125  4.70090093  1.07974471]	[  -7.27706435 -110.95981583  -11.27311734    3.02512317]	[  1.83594498 -10.68139906   2.10557294   5.51199859]            	[9.37061636 6.23233792 9.95511112 7.49225867]    
193	168  	[ 4.93880716 20.8879994   4.70193927  1.1272031 ]	[  -7.56219737 -110.95981583  -11.27311734    3.122588  ]	[  1.56186145 -10.24217212   2.41799524   5.48235089]            	[9.37061636 6.23233792 9.95511112 7.49225867]    
194	168  	[ 4.865245   22.35321014  4.7527853   1.11688992]	[  -7.27706435 -110.95981583  -11.27311734    3.122588  ]	[  1.6970196  -10.86895194   2.26330548   5.48672059]            	[9.37061636 6.23233792 9.95511112 7.480181  ]    
195	168  	[ 4.88890629 21.10201411  4.70885679  1.12297259]	[  -7.27706435 -110.95981583  -11.27311734    3.122588  ]	[  1.55812086 -10.33172821   2.35838237   5.52581299]            	[9.37061636 6.22425196 9.95511112 7.480181  ]    
196	168  	[ 4.92759664 21.05999615  4.64294411  1.10184018]	[  -7.27706435 -110.95981583  -11.27311734    3.122588  ]	[  1.57986962 -10.52647127   2.37025866   5.5283996 ]            	[9.37061636 6.22425196 9.95511112 7.480181  ]    
197	168  	[ 4.83510644 20.94607823  4.66692493  1.11306211]	[  -7.35842933 -110.95981583  -11.27311734    3.122588  ]	[  1.57121859 -10.32525426   2.3572404    5.54924626]            	[ 9.37061636  6.22425196 10.06542383  7.48014476]
198	168  	[ 4.8037809  22.67916671  4.73424312  1.1068183 ]	[  -7.35842933 -120.9034767   -11.27311734    3.122588  ]	[  1.59872173 -10.61998122   2.32998372   5.51445072]            	[ 9.43450963  6.22538467 10.06542383  7.48014476]
199	168  	[ 4.83862772 22.58373392  4.72015439  1.11866907]	[  -7.35842933 -120.9034767   -11.27311734    3.122588  ]	[  1.54899954 -10.80045351   2.32648364   5.52059584]            	[ 9.43450963  6.22538467 10.06542383  7.49038222]
[1, 3, 8, 3, 3, 9, 8, 4, 6, 2, 10, 10, 8, 1, 1, 8, 8, 2, 9, 10, 2, 3, 10, 1, 5, 5, 9, 9, 10, 9, 10, 1]
(3.5508849153111326, 4.545971399841675, 3.098959646753632, 3.122588000970595)
[1, 3, 8, 3, 3, 9, 8, 4, 6, 2, 10, 10, 8, 1, 1, 8, 8, 2, 9, 10, 2, 3, 10, 1, 5, 5, 9, 9, 10, 9, 10, 1]
(3.5508849153111326, 4.545971399841675, 3.098959646753632, 3.122588000970595)
[1, 3, 8, 3, 3, 9, 8, 4, 6, 2, 10, 10, 8, 1, 1, 8, 8, 2, 9, 10, 2, 3, 10, 1, 5, 5, 9, 9, 10, 9, 10, 1]
(3.5508849153111326, 4.545971399841675, 3.098959646753632, 3.122588000970595)
[1, 3, 8, 3, 3, 9, 8, 4, 6, 2, 10, 10, 8, 1, 1, 8, 8, 2, 9, 10, 2, 3, 10, 1, 5, 5, 9, 9, 10, 9, 10, 1]
(3.5508849153111326, 4.545971399841675, 3.098959646753632, 3.122588000970595)
[4, 8, 8, 3, 1, 9, 10, 5, 5, 2, 10, 9, 8, 1, 4, 9, 8, 2, 9, 10, 2, 3, 9, 8, 10, 8, 9, 10, 6, 9, 10, 3]
(5.834243707122323, 4.712584203986966, 0.8039333123285304, 3.459140159119911)
[4, 8, 8, 3, 1, 9, 10, 5, 5, 2, 10, 9, 8, 1, 4, 9, 8, 2, 9, 10, 2, 3, 9, 8, 10, 8, 9, 10, 6, 9, 10, 3]
(5.834243707122323, 4.712584203986966, 0.8039333123285304, 3.459140159119911)
[7, 8, 8, 3, 1, 9, 10, 5, 5, 2, 10, 9, 8, 1, 4, 9, 8, 2, 9, 10, 2, 3, 9, 8, 10, 8, 9, 10, 6, 9, 10, 3]
(5.456003497325753, 5.710269977638867, 1.5553936846066252, 3.461957935854993)
[7, 8, 8, 3, 1, 9, 10, 5, 5, 2, 10, 9, 8, 1, 4, 9, 8, 2, 9, 10, 2, 3, 9, 8, 10, 8, 9, 10, 6, 9, 10, 3]
(5.456003497325753, 5.710269977638867, 1.5553936846066252, 3.461957935854993)
[1, 5, 6, 9, 9, 5, 1, 2, 10, 6, 1, 1, 4, 1, 5, 10, 7, 7, 1, 8, 2, 3, 10, 4, 9, 5, 9, 9, 2, 9, 10, 8]
(-1.5307540426532, 5.535671216868982, 4.179264790191693, 3.5776780849243157)
[1, 5, 6, 9, 9, 5, 1, 2, 10, 6, 1, 1, 4, 1, 5, 10, 7, 7, 1, 8, 2, 3, 10, 4, 9, 5, 9, 9, 2, 9, 10, 8]
(-1.5307540426532, 5.535671216868982, 4.179264790191693, 3.5776780849243157)
[1, 8, 6, 10, 3, 8, 8, 5, 6, 6, 10, 2, 8, 5, 3, 10, 6, 1, 10, 4, 3, 2, 10, 4, 9, 10, 8, 9, 10, 9, 10, 1]
(8.391008560732413, -0.4786626988430754, -1.1588123239599224, 3.652477993542017)
[1, 8, 6, 10, 3, 8, 8, 5, 6, 6, 10, 2, 8, 5, 3, 10, 6, 1, 10, 4, 3, 2, 10, 4, 9, 10, 8, 9, 10, 9, 10, 1]
(8.391008560732413, -0.4786626988430754, -1.1588123239599224, 3.652477993542017)
[1, 8, 6, 10, 3, 8, 8, 5, 6, 6, 10, 2, 8, 5, 3, 10, 6, 1, 10, 4, 3, 2, 10, 4, 9, 10, 8, 9, 10, 9, 10, 1]
(8.391008560732413, -0.4786626988430754, -1.1588123239599224, 3.652477993542017)
[1, 8, 6, 10, 3, 8, 8, 5, 6, 6, 10, 2, 8, 5, 3, 10, 6, 1, 10, 4, 3, 2, 10, 4, 9, 10, 8, 9, 10, 9, 10, 1]
(8.391008560732413, -0.4786626988430754, -1.1588123239599224, 3.652477993542017)
[1, 8, 8, 3, 1, 9, 10, 5, 5, 2, 10, 9, 8, 1, 4, 9, 8, 2, 9, 10, 2, 3, 9, 8, 10, 8, 9, 10, 6, 9, 10, 3]
(4.9477066677935655, 4.0030213258457, -0.0013054242741685762, 3.8594317779248692)
[1, 8, 8, 3, 1, 9, 10, 5, 5, 2, 10, 9, 8, 1, 4, 9, 8, 2, 9, 10, 2, 3, 9, 8, 10, 8, 9, 10, 6, 9, 10, 3]
(5.447490242651813, 4.020287198300104, -0.9325455954758758, 3.9942813059966706)
[1, 8, 8, 3, 1, 9, 10, 5, 5, 2, 10, 9, 8, 1, 4, 9, 8, 2, 9, 10, 2, 3, 9, 8, 10, 8, 9, 10, 6, 9, 10, 3]
(5.447490242651813, 4.020287198300104, -0.9325455954758758, 3.9942813059966706)
[1, 8, 8, 3, 1, 9, 10, 5, 5, 2, 10, 9, 8, 1, 4, 9, 8, 2, 9, 10, 2, 3, 9, 8, 10, 8, 9, 10, 6, 9, 10, 3]
(5.447490242651813, 4.020287198300104, -0.9325455954758758, 3.9942813059966706)
[2, 8, 1, 10, 8, 7, 1, 2, 10, 5, 1, 4, 10, 5, 3, 10, 4, 1, 2, 8, 2, 3, 10, 4, 2, 9, 9, 10, 1, 9, 10, 3]
(1.0334413909847053, -2.9047557703296603, 3.6783315463245088, 4.037754148623761)
[1, 5, 6, 3, 1, 9, 10, 5, 5, 2, 10, 10, 8, 5, 1, 3, 8, 2, 9, 10, 2, 3, 9, 8, 4, 8, 8, 10, 6, 9, 10, 3]
(2.8917917166179903, 5.935397149302415, 2.144437937467877, 4.187852349531973)
[1, 8, 7, 10, 3, 8, 8, 4, 6, 6, 10, 2, 10, 5, 3, 10, 6, 1, 10, 4, 3, 2, 10, 5, 9, 10, 9, 9, 10, 9, 10, 2]
(9.227784711914818, -14.40981070461922, 3.15464029582986, 4.224007578345895)
[1, 8, 7, 10, 3, 8, 8, 4, 6, 6, 10, 2, 10, 5, 3, 10, 6, 1, 10, 4, 3, 2, 10, 5, 9, 10, 9, 9, 10, 9, 10, 2]
(9.227784711914818, -14.40981070461922, 3.15464029582986, 4.224007578345895)
[1, 8, 7, 10, 3, 8, 8, 4, 6, 6, 10, 2, 10, 5, 3, 10, 6, 1, 10, 4, 3, 2, 10, 5, 9, 10, 9, 9, 10, 9, 10, 2]
(9.227784711914818, -14.40981070461922, 3.15464029582986, 4.224007578345895)
[1, 8, 7, 10, 3, 8, 8, 4, 6, 6, 10, 2, 10, 5, 3, 10, 6, 1, 10, 4, 3, 2, 10, 5, 9, 10, 9, 9, 10, 9, 10, 2]
(9.227784711914818, -14.40981070461922, 3.15464029582986, 4.224007578345895)
[1, 3, 8, 3, 3, 8, 8, 4, 6, 6, 10, 2, 10, 10, 3, 10, 6, 1, 10, 4, 3, 2, 10, 5, 9, 10, 9, 9, 10, 9, 10, 1]
(7.562895068514251, -1.7711115689004537, -6.232237676311668, 4.294667080246919)
[1, 8, 8, 3, 1, 9, 8, 5, 6, 4, 10, 2, 8, 1, 4, 9, 8, 2, 9, 10, 2, 3, 9, 8, 10, 8, 9, 10, 6, 9, 10, 3]
(3.441032446061373, -4.981660999206597, 1.1383073868130864, 4.350407615758113)
[1, 8, 8, 3, 1, 9, 8, 5, 6, 4, 10, 2, 8, 1, 4, 9, 8, 2, 9, 10, 2, 3, 9, 8, 10, 8, 9, 10, 6, 9, 10, 3]
(3.441032446061373, -4.981660999206597, 1.1383073868130864, 4.350407615758113)
[1, 8, 8, 3, 1, 9, 8, 5, 6, 4, 10, 2, 8, 1, 4, 9, 8, 2, 9, 10, 2, 3, 9, 8, 10, 8, 9, 10, 6, 9, 10, 3]
(3.441032446061373, -4.981660999206597, 1.1383073868130864, 4.350407615758113)
[2, 8, 1, 10, 8, 7, 1, 2, 10, 5, 1, 4, 10, 5, 3, 10, 6, 1, 2, 8, 2, 3, 10, 4, 6, 8, 8, 9, 10, 9, 10, 1]
(0.5307670815650202, -1.9543726592785218, 4.001425070070682, 4.681782297203295)
[2, 8, 6, 10, 3, 5, 1, 2, 10, 4, 2, 2, 10, 7, 3, 10, 3, 10, 2, 8, 2, 3, 10, 4, 9, 10, 4, 9, 10, 9, 10, 1]
(0.531449966150274, -43.66734259396484, 8.611320447996766, 4.7424331601430785)
[2, 8, 6, 10, 3, 5, 1, 2, 10, 4, 2, 2, 10, 7, 3, 10, 3, 10, 2, 8, 2, 3, 10, 4, 9, 10, 4, 9, 10, 9, 10, 1]
(0.531449966150274, -43.66734259396484, 8.611320447996766, 4.7424331601430785)
[2, 8, 6, 10, 3, 5, 1, 2, 10, 4, 2, 2, 10, 7, 3, 10, 3, 10, 2, 8, 2, 3, 10, 4, 9, 10, 4, 9, 10, 9, 10, 1]
(0.531449966150274, -43.66734259396484, 8.611320447996766, 4.7424331601430785)
[2, 8, 6, 10, 3, 5, 1, 2, 10, 4, 2, 2, 10, 7, 3, 10, 3, 10, 2, 7, 2, 3, 10, 4, 9, 10, 4, 9, 10, 9, 10, 1]
(0.16067880211811603, -30.960655073334706, 8.569877439184724, 4.757695183871199)
[2, 8, 7, 5, 8, 7, 1, 2, 10, 5, 1, 2, 10, 5, 3, 10, 9, 10, 2, 4, 2, 3, 10, 4, 6, 3, 5, 9, 10, 9, 10, 1]
(-5.83371960692176, -2.28861221436756, 8.950389717503171, 4.811793071909537)
[2, 8, 7, 5, 8, 7, 1, 2, 10, 5, 1, 2, 10, 5, 3, 10, 9, 10, 2, 4, 2, 3, 10, 4, 6, 3, 5, 9, 10, 9, 10, 1]
(-5.83371960692176, -2.28861221436756, 8.950389717503171, 4.811793071909537)
[1, 3, 2, 3, 3, 8, 1, 2, 10, 6, 2, 2, 10, 7, 3, 10, 7, 1, 10, 4, 3, 2, 10, 4, 3, 5, 6, 9, 10, 9, 10, 1]
(5.876985457883477, 1.7899491040255744, -5.38405033416436, 4.833463592211955)
[1, 3, 2, 3, 3, 8, 1, 2, 10, 6, 2, 2, 10, 7, 3, 10, 7, 1, 10, 4, 3, 2, 10, 4, 3, 5, 6, 9, 10, 9, 10, 1]
(5.876985457883477, 1.7899491040255744, -5.38405033416436, 4.833463592211955)
[1, 3, 2, 3, 3, 8, 1, 2, 10, 6, 2, 2, 10, 7, 3, 10, 7, 1, 10, 4, 3, 2, 10, 4, 3, 5, 6, 9, 10, 9, 10, 1]
(5.876985457883477, 1.7899491040255744, -5.38405033416436, 4.833463592211955)
[1, 3, 2, 3, 3, 8, 1, 2, 10, 6, 2, 2, 10, 7, 3, 10, 7, 1, 10, 4, 3, 2, 10, 4, 3, 5, 6, 9, 10, 9, 10, 1]
(5.876985457883477, 1.7899491040255744, -5.38405033416436, 4.833463592211955)
[2, 8, 7, 5, 8, 7, 1, 2, 10, 5, 1, 2, 10, 5, 3, 10, 9, 10, 2, 4, 2, 3, 10, 4, 6, 3, 5, 9, 10, 9, 10, 1]
(-4.695702598696198, -2.998509520637815, 8.814330233012441, 4.857631124383218)
[2, 8, 7, 5, 8, 7, 1, 2, 10, 5, 1, 2, 10, 5, 3, 10, 9, 10, 2, 4, 2, 3, 10, 4, 6, 3, 5, 9, 10, 9, 10, 1]
(-4.695702598696198, -2.998509520637815, 8.814330233012441, 4.857631124383218)
[1, 8, 6, 10, 3, 5, 1, 2, 10, 4, 2, 2, 10, 7, 3, 10, 7, 10, 1, 8, 2, 3, 10, 3, 8, 8, 8, 9, 1, 9, 10, 1]
(0.13154354894503503, -18.293023394713796, 7.023849736394128, 4.876744866822516)
[1, 8, 6, 10, 3, 5, 1, 2, 10, 4, 2, 2, 10, 7, 3, 10, 7, 10, 1, 8, 2, 3, 10, 3, 8, 8, 8, 9, 1, 9, 10, 1]
(0.13154354894503503, -18.293023394713796, 7.023849736394128, 4.876744866822516)
[1, 8, 6, 10, 3, 5, 1, 2, 10, 4, 2, 2, 10, 7, 3, 10, 7, 10, 1, 8, 2, 3, 10, 3, 8, 8, 8, 9, 1, 9, 10, 1]
(0.13154354894503503, -18.293023394713796, 7.023849736394128, 4.876744866822516)
[1, 8, 6, 10, 3, 5, 1, 2, 10, 4, 2, 2, 10, 7, 3, 10, 7, 10, 1, 8, 2, 3, 10, 3, 8, 8, 8, 9, 1, 9, 10, 1]
(0.13154354894503503, -18.293023394713796, 7.023849736394128, 4.876744866822516)
[2, 8, 6, 10, 3, 5, 1, 2, 10, 4, 2, 2, 10, 7, 3, 10, 3, 10, 2, 5, 2, 3, 10, 4, 9, 10, 4, 9, 10, 9, 10, 1]
(-2.6685395430489534, 5.129181366424572, 6.131351547821815, 4.882166992153111)
[2, 8, 8, 10, 8, 5, 1, 2, 10, 4, 1, 2, 10, 5, 3, 10, 9, 10, 2, 10, 2, 3, 10, 10, 6, 8, 4, 10, 7, 9, 10, 1]
(-6.814822843531613, -45.58930539908177, 9.445160165606612, 4.967698913915889)
[2, 8, 8, 10, 8, 5, 1, 2, 10, 4, 1, 2, 10, 5, 3, 10, 9, 10, 2, 10, 2, 3, 10, 10, 6, 8, 4, 10, 7, 9, 10, 1]
(-6.814822843531613, -45.58930539908177, 9.445160165606612, 4.967698913915889)
[2, 8, 8, 10, 8, 5, 1, 2, 10, 4, 1, 2, 10, 5, 3, 10, 9, 10, 2, 10, 2, 3, 10, 10, 6, 8, 4, 10, 7, 9, 10, 1]
(-6.814822843531613, -45.58930539908177, 9.445160165606612, 4.967698913915889)
[2, 8, 8, 10, 8, 5, 1, 2, 10, 4, 1, 2, 10, 5, 3, 10, 9, 10, 2, 10, 2, 3, 10, 10, 6, 8, 4, 10, 7, 9, 10, 1]
(-6.814822843531613, -45.58930539908177, 9.445160165606612, 4.967698913915889)
[2, 8, 1, 10, 8, 7, 1, 2, 10, 5, 1, 4, 10, 5, 3, 10, 6, 1, 2, 8, 2, 3, 9, 3, 8, 8, 8, 9, 10, 9, 10, 1]
(-4.580820204015597, -11.49885809929825, 9.272630212786286, 5.008922971655428)
[2, 8, 1, 10, 8, 7, 1, 2, 10, 5, 1, 4, 10, 5, 3, 10, 6, 1, 2, 8, 2, 3, 9, 3, 8, 8, 8, 9, 10, 9, 10, 1]
(-4.580820204015597, -11.49885809929825, 9.272630212786286, 5.008922971655428)
[2, 8, 1, 10, 8, 7, 1, 2, 10, 5, 1, 4, 10, 5, 3, 10, 6, 1, 2, 8, 2, 3, 9, 3, 8, 8, 8, 9, 10, 9, 10, 1]
(-4.580820204015597, -11.49885809929825, 9.272630212786286, 5.008922971655428)
[2, 8, 1, 10, 8, 7, 1, 2, 10, 5, 1, 4, 10, 5, 3, 10, 6, 1, 2, 8, 2, 3, 9, 3, 8, 8, 8, 9, 10, 9, 10, 1]
(-4.580820204015597, -11.49885809929825, 9.272630212786286, 5.008922971655428)
[1, 3, 8, 3, 3, 8, 8, 5, 6, 6, 10, 2, 10, 5, 3, 10, 6, 1, 10, 4, 3, 2, 10, 4, 9, 10, 9, 9, 10, 9, 10, 1]
(8.366326665475935, -26.10705591976693, 3.0966976671169943, 5.010894965504642)
[1, 3, 8, 3, 3, 8, 8, 5, 6, 6, 10, 2, 10, 5, 3, 10, 6, 1, 10, 4, 3, 2, 10, 4, 9, 10, 9, 9, 10, 9, 10, 1]
(8.366326665475935, -26.10705591976693, 3.0966976671169943, 5.010894965504642)
[1, 3, 8, 3, 3, 8, 8, 5, 6, 6, 10, 2, 10, 5, 3, 10, 6, 1, 10, 4, 3, 2, 10, 4, 9, 10, 9, 9, 10, 9, 10, 1]
(8.366326665475935, -26.10705591976693, 3.0966976671169943, 5.010894965504642)
[1, 3, 8, 3, 3, 8, 8, 5, 6, 6, 10, 2, 10, 5, 3, 10, 6, 1, 10, 4, 3, 2, 10, 4, 9, 10, 9, 9, 10, 9, 10, 1]
(8.366326665475935, -26.10705591976693, 3.0966976671169943, 5.010894965504642)
[1, 3, 8, 3, 3, 8, 8, 5, 6, 6, 10, 2, 10, 5, 3, 10, 6, 1, 10, 4, 3, 2, 10, 4, 9, 10, 9, 9, 10, 9, 10, 1]
(7.129992456873696, -9.503088702434603, 3.9970693790451013, 5.058881856737193)
[1, 3, 8, 3, 3, 8, 8, 5, 6, 6, 10, 2, 10, 5, 3, 10, 6, 1, 10, 4, 3, 2, 10, 4, 9, 10, 9, 9, 10, 9, 10, 1]
(7.129992456873696, -9.503088702434603, 3.9970693790451013, 5.058881856737193)
[1, 3, 8, 3, 3, 8, 8, 5, 6, 6, 10, 2, 10, 5, 3, 10, 6, 1, 10, 4, 3, 2, 10, 4, 9, 10, 9, 9, 10, 9, 10, 1]
(7.129992456873696, -9.503088702434603, 3.9970693790451013, 5.058881856737193)
[1, 3, 8, 3, 3, 8, 8, 5, 6, 6, 10, 2, 10, 5, 3, 10, 6, 1, 10, 4, 3, 2, 10, 4, 9, 10, 9, 9, 10, 9, 10, 1]
(7.129992456873696, -9.503088702434603, 3.9970693790451013, 5.058881856737193)
[1, 3, 8, 3, 3, 8, 8, 5, 6, 6, 10, 2, 10, 1, 3, 10, 8, 2, 10, 4, 3, 2, 10, 4, 9, 10, 9, 9, 10, 9, 10, 1]
(3.6329854303576194, -10.497048380384882, 2.066784121937496, 5.101155177139933)
[1, 3, 8, 3, 3, 8, 8, 5, 6, 6, 10, 2, 10, 1, 3, 10, 8, 2, 10, 4, 3, 2, 10, 4, 9, 10, 9, 9, 10, 9, 10, 1]
(3.6329854303576194, -10.497048380384882, 2.066784121937496, 5.101155177139933)
[1, 3, 8, 3, 3, 8, 8, 5, 6, 6, 10, 2, 10, 1, 3, 10, 8, 2, 10, 4, 3, 2, 10, 4, 9, 10, 9, 9, 10, 9, 10, 1]
(3.6329854303576194, -10.497048380384882, 2.066784121937496, 5.101155177139933)
[1, 3, 8, 3, 3, 8, 8, 5, 6, 6, 10, 2, 10, 1, 3, 10, 8, 2, 10, 4, 3, 2, 10, 4, 9, 10, 9, 9, 10, 9, 10, 1]
(3.6329854303576194, -10.497048380384882, 2.066784121937496, 5.101155177139933)
[1, 3, 8, 3, 3, 8, 8, 5, 6, 6, 10, 2, 10, 1, 3, 10, 8, 2, 10, 4, 3, 2, 10, 4, 9, 10, 9, 9, 10, 9, 10, 1]
(8.614758199853794, -10.456490419062165, 1.5101830622583534, 5.11726757615838)
[1, 3, 8, 3, 3, 8, 8, 5, 6, 6, 10, 2, 10, 1, 3, 10, 8, 2, 10, 4, 3, 2, 10, 4, 9, 10, 9, 9, 10, 9, 10, 1]
(8.614758199853794, -10.456490419062165, 1.5101830622583534, 5.11726757615838)
[1, 3, 8, 3, 3, 8, 8, 5, 6, 6, 10, 2, 10, 1, 3, 10, 8, 2, 10, 4, 3, 2, 10, 4, 9, 10, 9, 9, 10, 9, 10, 1]
(8.614758199853794, -10.456490419062165, 1.5101830622583534, 5.11726757615838)
[1, 3, 8, 3, 3, 8, 8, 5, 6, 6, 10, 2, 10, 1, 3, 10, 8, 2, 10, 4, 3, 2, 10, 4, 9, 10, 9, 9, 10, 9, 10, 1]
(8.614758199853794, -10.456490419062165, 1.5101830622583534, 5.11726757615838)
[1, 3, 8, 3, 3, 8, 8, 5, 6, 6, 10, 2, 10, 1, 3, 10, 8, 2, 10, 4, 3, 2, 10, 4, 9, 10, 9, 9, 10, 9, 10, 1]
(7.690122982390032, -40.222940787830204, 1.681663806972684, 5.134335557432557)
[1, 3, 8, 3, 3, 8, 8, 5, 6, 6, 10, 2, 10, 1, 3, 10, 8, 2, 10, 4, 3, 2, 10, 4, 9, 10, 9, 9, 10, 9, 10, 1]
(7.690122982390032, -40.222940787830204, 1.681663806972684, 5.134335557432557)
[1, 3, 8, 3, 3, 8, 8, 5, 6, 6, 10, 2, 10, 1, 3, 10, 8, 2, 10, 4, 3, 2, 10, 4, 9, 10, 9, 9, 10, 9, 10, 1]
(7.690122982390032, -40.222940787830204, 1.681663806972684, 5.134335557432557)
[1, 3, 8, 3, 3, 8, 8, 5, 6, 6, 10, 2, 10, 1, 3, 10, 8, 2, 10, 4, 3, 2, 10, 4, 9, 10, 9, 9, 10, 9, 10, 1]
(7.690122982390032, -40.222940787830204, 1.681663806972684, 5.134335557432557)
[1, 3, 8, 3, 3, 8, 8, 5, 6, 6, 10, 2, 10, 1, 3, 10, 8, 2, 10, 4, 3, 2, 10, 4, 10, 8, 9, 9, 10, 9, 10, 1]
(9.43450963359157, -9.731532980104692, -1.6192114462203218, 5.142015320495358)
[1, 3, 8, 3, 3, 8, 8, 5, 6, 6, 10, 2, 10, 1, 3, 10, 8, 2, 10, 4, 3, 2, 10, 10, 6, 10, 9, 9, 10, 9, 10, 1]
(8.467222445601465, -35.8612289324359, -1.7232785857451636, 5.159572215301278)
[1, 3, 8, 3, 3, 8, 8, 5, 6, 6, 10, 2, 10, 1, 3, 10, 8, 2, 10, 4, 3, 2, 10, 4, 9, 10, 9, 9, 10, 9, 10, 1]
(5.97903606150135, -11.252891871294779, -2.9538069586695284, 5.165215204753776)
[1, 3, 8, 3, 3, 8, 8, 5, 6, 6, 10, 2, 10, 1, 3, 10, 8, 2, 10, 4, 3, 2, 10, 4, 10, 8, 9, 9, 10, 9, 10, 1]
(8.839551734798032, -17.42138057230588, -5.994652338031811, 5.173125241261174)
[1, 3, 8, 3, 3, 8, 8, 5, 6, 6, 10, 2, 10, 1, 3, 10, 8, 2, 10, 4, 3, 2, 10, 4, 10, 8, 9, 9, 10, 9, 10, 1]
(8.839551734798032, -17.42138057230588, -5.994652338031811, 5.173125241261174)
[1, 3, 8, 3, 3, 8, 8, 5, 6, 6, 10, 2, 10, 1, 3, 10, 8, 2, 10, 4, 3, 2, 10, 10, 6, 10, 9, 9, 10, 9, 10, 1]
(6.08019683999845, 4.811411548493333, -10.254797624540112, 5.182300640271127)
[1, 8, 6, 9, 8, 9, 8, 4, 6, 6, 2, 2, 10, 7, 3, 10, 7, 2, 10, 10, 2, 3, 10, 1, 9, 5, 10, 9, 1, 9, 10, 1]
(0.5545355553523421, 6.020456659790934, 2.430021276700218, 5.186979605394718)
[1, 8, 6, 9, 8, 9, 8, 4, 6, 6, 2, 2, 10, 7, 3, 10, 7, 2, 10, 10, 2, 3, 10, 1, 9, 5, 10, 9, 1, 9, 10, 1]
(0.5545355553523421, 6.020456659790934, 2.430021276700218, 5.186979605394718)
[1, 8, 6, 9, 8, 9, 8, 4, 6, 6, 2, 2, 10, 7, 3, 10, 7, 2, 10, 10, 2, 3, 10, 1, 9, 5, 10, 9, 1, 9, 10, 1]
(0.5545355553523421, 6.020456659790934, 2.430021276700218, 5.186979605394718)
[1, 8, 6, 9, 8, 9, 8, 4, 6, 6, 2, 2, 10, 7, 3, 10, 7, 2, 10, 10, 2, 3, 10, 1, 9, 5, 10, 9, 1, 9, 10, 1]
(0.07340079502810609, 6.035262604973769, 2.723900251906661, 5.2030675342395645)
[1, 3, 8, 3, 3, 8, 8, 5, 6, 6, 10, 2, 10, 5, 1, 9, 7, 1, 10, 4, 3, 2, 10, 4, 9, 10, 8, 9, 10, 9, 10, 1]
(8.168448831202737, -110.95981582961578, -9.404322230436014, 5.210326035710035)
[1, 3, 8, 3, 3, 8, 8, 5, 6, 6, 10, 2, 10, 5, 1, 9, 7, 1, 10, 4, 3, 2, 10, 4, 9, 10, 8, 9, 10, 9, 10, 1]
(8.168448831202737, -110.95981582961578, -9.404322230436014, 5.210326035710035)
[1, 3, 8, 3, 3, 8, 8, 5, 6, 6, 10, 2, 10, 5, 1, 9, 7, 1, 10, 4, 3, 2, 10, 4, 9, 10, 8, 9, 10, 9, 10, 1]
(8.168448831202737, -110.95981582961578, -9.404322230436014, 5.210326035710035)
[1, 3, 8, 3, 3, 8, 8, 5, 6, 6, 10, 2, 10, 5, 1, 9, 7, 1, 10, 4, 3, 2, 10, 4, 9, 10, 8, 9, 10, 9, 10, 1]
(6.072811037437884, -120.90347669615885, -10.023059663981414, 5.222464259007736)
[1, 3, 8, 3, 3, 8, 8, 5, 6, 6, 10, 2, 10, 1, 2, 10, 8, 2, 10, 4, 3, 2, 10, 10, 6, 10, 6, 9, 10, 9, 10, 1]
(5.933790292805391, -7.293503599242754, -8.366635591477301, 5.271640145925997)
[1, 8, 8, 3, 3, 9, 2, 2, 10, 4, 2, 2, 10, 1, 4, 10, 8, 10, 7, 10, 2, 3, 10, 9, 4, 7, 7, 9, 10, 9, 10, 1]
(3.22318132676821, -1.8304239690431738, -0.3095503055371805, 5.276507274497796)
[1, 8, 8, 3, 3, 9, 2, 2, 10, 4, 2, 2, 10, 1, 4, 10, 8, 10, 7, 10, 2, 3, 10, 4, 4, 7, 7, 9, 10, 9, 10, 1]
(3.2644044993612167, -1.1510484529543636, -0.3455777585313365, 5.286499617433103)
[1, 8, 8, 3, 3, 9, 2, 2, 10, 4, 2, 2, 10, 1, 4, 10, 8, 10, 7, 10, 2, 3, 10, 4, 4, 7, 7, 9, 10, 9, 10, 1]
(3.2644044993612167, -1.1510484529543636, -0.3455777585313365, 5.286499617433103)
[1, 8, 8, 3, 3, 9, 2, 2, 10, 4, 2, 2, 10, 1, 4, 10, 8, 10, 7, 10, 2, 3, 10, 4, 4, 7, 7, 9, 10, 9, 10, 1]
(3.2644044993612167, -1.1510484529543636, -0.3455777585313365, 5.286499617433103)
[1, 8, 6, 9, 8, 10, 10, 5, 7, 1, 10, 2, 10, 9, 3, 10, 8, 4, 2, 8, 2, 3, 10, 4, 7, 9, 5, 10, 1, 3, 4, 1]
(4.080923208601587, -33.25690101672801, -4.586057988232705, 5.340195333292499)
[1, 3, 8, 1, 3, 8, 8, 5, 6, 6, 10, 2, 10, 1, 3, 10, 8, 2, 10, 4, 3, 2, 10, 4, 9, 10, 9, 9, 10, 9, 10, 1]
(8.348235474832098, -101.99293392531044, -11.27311733718021, 5.344920699211007)
[1, 8, 1, 5, 8, 6, 1, 2, 10, 4, 1, 1, 9, 1, 3, 10, 9, 1, 2, 8, 2, 3, 10, 4, 6, 9, 9, 10, 1, 7, 8, 1]
(0.09766167879796506, -0.1475477968404979, 6.766467815654747, 5.719177644824871)
[1, 8, 1, 5, 8, 6, 1, 2, 10, 4, 1, 1, 9, 1, 3, 10, 9, 1, 2, 8, 2, 3, 10, 4, 6, 9, 9, 10, 1, 7, 8, 1]
(0.09766167879796506, -0.1475477968404979, 6.766467815654747, 5.719177644824871)
[1, 8, 1, 5, 8, 6, 1, 2, 10, 4, 1, 1, 9, 1, 3, 10, 9, 1, 2, 8, 2, 3, 10, 4, 6, 9, 9, 10, 1, 7, 8, 1]
(0.09766167879796506, -0.1475477968404979, 6.766467815654747, 5.719177644824871)
[1, 10, 6, 9, 9, 9, 1, 2, 10, 6, 1, 1, 4, 1, 3, 10, 7, 10, 1, 8, 2, 1, 9, 10, 9, 3, 4, 9, 3, 7, 8, 1]
(-4.301996719660122, 5.9198015271804865, 6.7112262579733635, 5.959933638702659)
[1, 8, 1, 8, 8, 6, 1, 3, 9, 4, 1, 1, 9, 1, 3, 6, 9, 1, 2, 8, 3, 3, 10, 4, 1, 9, 9, 10, 1, 7, 8, 1]
(-3.0545242794323717, -1.2139276975766395, 5.27813164352915, 5.995327888981383)
[1, 8, 1, 8, 8, 6, 1, 3, 9, 4, 1, 1, 9, 1, 3, 6, 9, 1, 2, 8, 3, 3, 10, 4, 1, 9, 9, 10, 1, 7, 8, 1]
(-3.058119640419238, -1.1025628520148607, 5.395582229917268, 5.99554837116333)
[1, 8, 1, 8, 8, 6, 1, 3, 9, 4, 1, 1, 9, 1, 3, 6, 9, 1, 2, 8, 3, 3, 10, 4, 1, 9, 9, 10, 1, 7, 8, 1]
(-3.058119640419238, -1.1025628520148607, 5.395582229917268, 5.99554837116333)
[1, 8, 6, 4, 8, 10, 10, 5, 5, 2, 10, 10, 8, 1, 1, 10, 4, 2, 6, 9, 2, 3, 9, 8, 10, 8, 1, 10, 1, 3, 4, 1]
(3.0676923287214657, -0.5199529289964144, -3.281173418830225, 6.044734096494008)
[1, 8, 6, 10, 1, 5, 1, 2, 8, 4, 1, 1, 6, 1, 3, 10, 9, 1, 2, 8, 2, 3, 10, 4, 10, 9, 9, 10, 1, 7, 8, 1]
(-2.60922144712863, -9.291517106295924, 6.842817098911354, 6.046097539173082)
[1, 8, 6, 10, 1, 5, 1, 2, 8, 4, 1, 1, 6, 1, 3, 10, 9, 1, 2, 8, 2, 3, 10, 4, 10, 9, 9, 10, 1, 7, 8, 1]
(-2.60922144712863, -9.291517106295924, 6.842817098911354, 6.046097539173082)
[1, 8, 6, 10, 1, 5, 1, 2, 8, 4, 1, 1, 6, 1, 3, 10, 9, 1, 2, 8, 2, 3, 10, 4, 10, 10, 8, 10, 1, 7, 8, 1]
(-3.1874226767044123, -9.422240344228245, 6.910925386766214, 6.06004547882272)
[1, 8, 6, 10, 1, 5, 1, 2, 8, 4, 1, 1, 6, 1, 3, 10, 9, 1, 2, 8, 2, 3, 10, 4, 10, 10, 8, 10, 1, 7, 8, 1]
(-3.1874226767044123, -9.422240344228245, 6.910925386766214, 6.06004547882272)
[1, 8, 1, 5, 8, 6, 1, 2, 10, 4, 1, 4, 9, 2, 6, 10, 1, 10, 9, 10, 2, 3, 10, 7, 10, 10, 9, 8, 1, 7, 8, 1]
(-1.351261891320985, 6.2253846703793885, 2.686043824801497, 6.061527452335915)
[1, 8, 1, 5, 8, 6, 1, 2, 10, 4, 1, 4, 9, 2, 6, 10, 1, 10, 9, 10, 2, 3, 10, 7, 10, 10, 9, 8, 1, 7, 8, 1]
(-1.351261891320985, 6.2253846703793885, 2.686043824801497, 6.061527452335915)
[1, 8, 1, 5, 8, 6, 1, 2, 10, 4, 1, 4, 9, 2, 6, 10, 2, 10, 9, 10, 2, 3, 10, 7, 10, 8, 9, 8, 1, 7, 8, 1]
(-1.4765990116183758, 6.2112860425348115, 2.825708313720319, 6.072674249270206)
[1, 8, 1, 5, 8, 6, 1, 2, 10, 4, 1, 4, 9, 2, 6, 10, 2, 10, 9, 10, 2, 3, 10, 7, 10, 8, 9, 8, 1, 7, 8, 1]
(-1.4765990116183758, 6.2112860425348115, 2.825708313720319, 6.072674249270206)
[1, 8, 5, 9, 8, 10, 10, 5, 7, 1, 10, 2, 10, 1, 1, 10, 9, 3, 2, 8, 2, 3, 10, 4, 7, 9, 5, 10, 1, 3, 4, 1]
(2.1500719296409185, 5.558798139176846, 1.7623405651317587, 6.136255004990558)
[1, 8, 5, 9, 8, 10, 10, 5, 7, 1, 10, 2, 10, 1, 1, 10, 9, 3, 2, 8, 2, 3, 10, 4, 7, 9, 5, 10, 1, 3, 4, 1]
(2.1500719296409185, 5.558798139176846, 1.7623405651317587, 6.136255004990558)
[1, 8, 5, 9, 8, 10, 10, 5, 7, 1, 10, 2, 10, 1, 1, 10, 9, 3, 2, 8, 2, 3, 10, 4, 7, 9, 5, 10, 1, 3, 4, 1]
(2.1500719296409185, 5.558798139176846, 1.7623405651317587, 6.136255004990558)
[1, 8, 5, 9, 8, 10, 10, 5, 7, 1, 10, 2, 10, 1, 1, 10, 9, 3, 2, 8, 2, 3, 10, 4, 10, 8, 9, 10, 9, 3, 4, 1]
(2.169995714190361, 2.4461756447066967, 0.17142849162938892, 6.17948982065245)
[1, 7, 5, 9, 9, 5, 1, 2, 10, 4, 1, 1, 5, 1, 3, 10, 8, 10, 1, 9, 2, 3, 10, 8, 9, 10, 9, 9, 3, 6, 8, 1]
(-6.788905424267593, -18.15862481002322, 9.210934545635858, 6.200019601467868)
[1, 7, 5, 9, 9, 5, 1, 2, 10, 4, 1, 1, 5, 1, 3, 10, 8, 10, 1, 9, 2, 3, 10, 8, 9, 10, 9, 9, 3, 6, 8, 1]
(-6.788905424267593, -18.15862481002322, 9.210934545635858, 6.200019601467868)
[1, 7, 5, 9, 9, 5, 1, 2, 10, 4, 1, 1, 5, 1, 3, 10, 8, 10, 1, 9, 2, 3, 10, 8, 9, 10, 9, 9, 3, 6, 8, 1]
(-6.788905424267593, -18.15862481002322, 9.210934545635858, 6.200019601467868)
[1, 7, 5, 9, 9, 5, 1, 2, 10, 4, 1, 1, 5, 1, 3, 10, 8, 10, 1, 9, 2, 3, 10, 8, 9, 10, 9, 9, 3, 6, 8, 1]
(-6.788905424267593, -18.15862481002322, 9.210934545635858, 6.200019601467868)
[1, 5, 1, 10, 9, 5, 1, 2, 10, 6, 1, 1, 4, 1, 8, 10, 5, 5, 1, 8, 2, 3, 10, 4, 9, 7, 7, 9, 9, 6, 8, 1]
(-7.222821665963421, -42.64483053264725, 9.640459133418547, 6.270294936869213)
[1, 5, 1, 10, 9, 5, 1, 2, 10, 6, 1, 1, 4, 1, 8, 10, 5, 5, 1, 6, 2, 4, 10, 4, 6, 5, 4, 9, 9, 6, 8, 1]
(-7.358429328110663, -42.09717230103927, 10.065423830483262, 6.274773227830471)
[1, 5, 1, 10, 9, 5, 1, 2, 10, 6, 1, 1, 4, 1, 8, 10, 5, 5, 1, 6, 2, 4, 10, 4, 6, 5, 4, 9, 9, 6, 8, 1]
(-7.358429328110663, -42.09717230103927, 10.065423830483262, 6.274773227830471)
[1, 5, 1, 10, 9, 5, 1, 2, 10, 6, 1, 1, 4, 1, 8, 10, 5, 5, 1, 6, 2, 4, 10, 4, 6, 5, 4, 9, 9, 6, 8, 1]
(-7.358429328110663, -42.09717230103927, 10.065423830483262, 6.274773227830471)
[1, 8, 6, 4, 8, 10, 10, 5, 5, 2, 10, 9, 8, 1, 1, 10, 4, 2, 6, 10, 2, 3, 9, 7, 10, 8, 1, 10, 1, 3, 4, 1]
(3.9779217709770753, -0.5254208764595898, -1.0982624240307441, 6.459560853718694)
[1, 8, 6, 4, 8, 10, 10, 5, 5, 2, 10, 9, 8, 1, 1, 10, 4, 2, 6, 10, 2, 3, 9, 7, 10, 8, 1, 10, 1, 3, 4, 1]
(3.9779217709770753, -0.5254208764595898, -1.0982624240307441, 6.459560853718694)
[1, 8, 6, 4, 8, 10, 10, 5, 5, 2, 10, 9, 8, 1, 1, 10, 4, 2, 6, 10, 2, 3, 9, 7, 10, 8, 1, 10, 1, 3, 4, 1]
(3.9779217709770753, -0.5254208764595898, -1.0982624240307441, 6.459560853718694)
[1, 8, 5, 9, 8, 10, 10, 5, 7, 2, 10, 9, 9, 1, 3, 10, 8, 2, 9, 10, 2, 3, 7, 1, 7, 6, 9, 10, 1, 3, 4, 1]
(3.62583098147378, -11.52503269239414, -3.728777687665274, 6.4818823273480755)
[1, 8, 5, 9, 8, 10, 10, 5, 7, 2, 10, 9, 9, 1, 3, 10, 8, 2, 9, 10, 2, 3, 7, 1, 7, 6, 9, 10, 1, 3, 4, 1]
(3.62583098147378, -11.52503269239414, -3.728777687665274, 6.4818823273480755)
[1, 8, 5, 9, 8, 10, 10, 5, 7, 2, 10, 9, 9, 1, 3, 10, 8, 2, 9, 10, 2, 3, 7, 1, 7, 6, 9, 10, 1, 3, 4, 1]
(3.62583098147378, -11.52503269239414, -3.728777687665274, 6.4818823273480755)
[1, 8, 5, 9, 8, 10, 10, 5, 7, 2, 10, 9, 9, 1, 3, 10, 8, 2, 9, 10, 2, 3, 7, 1, 7, 6, 9, 10, 1, 3, 4, 1]
(3.62583098147378, -11.52503269239414, -3.728777687665274, 6.4818823273480755)
[1, 8, 9, 9, 8, 10, 10, 5, 7, 1, 10, 2, 4, 5, 3, 9, 8, 2, 9, 10, 2, 3, 7, 8, 1, 8, 4, 9, 1, 3, 4, 1]
(2.028997108270684, 3.4883497543272, -0.5746661818158739, 6.666170665232872)
[1, 8, 9, 9, 8, 10, 10, 5, 7, 1, 10, 2, 4, 5, 3, 9, 8, 2, 9, 10, 2, 3, 7, 8, 1, 8, 4, 9, 1, 3, 4, 1]
(2.028997108270684, 3.4883497543272, -0.5746661818158739, 6.666170665232872)
[1, 8, 9, 9, 8, 10, 10, 5, 7, 1, 10, 2, 4, 5, 3, 9, 8, 2, 9, 10, 2, 3, 7, 8, 1, 8, 4, 9, 1, 3, 4, 1]
(2.028997108270684, 3.4883497543272, -0.5746661818158739, 6.666170665232872)
[1, 8, 9, 9, 8, 10, 10, 5, 7, 1, 10, 2, 4, 5, 3, 9, 8, 2, 9, 10, 2, 3, 7, 8, 1, 8, 4, 9, 1, 3, 4, 1]
(2.028997108270684, 3.4883497543272, -0.5746661818158739, 6.666170665232872)
[1, 8, 4, 9, 8, 10, 10, 5, 7, 1, 10, 1, 5, 6, 7, 10, 4, 2, 10, 10, 2, 5, 9, 10, 9, 4, 9, 9, 1, 3, 4, 1]
(1.6525568236161206, -1.8764675347781585, 0.05668620683173107, 6.684459724617036)
[1, 8, 6, 9, 8, 10, 10, 8, 7, 6, 10, 9, 8, 1, 4, 9, 8, 2, 9, 10, 2, 3, 10, 10, 6, 8, 4, 10, 1, 3, 4, 1]
(-2.9874814826297356, -9.269120327438923, 6.470909758760476, 6.793499373392862)
[1, 8, 6, 9, 8, 10, 10, 8, 7, 6, 10, 9, 8, 1, 4, 9, 8, 2, 9, 10, 2, 3, 10, 10, 6, 8, 4, 10, 1, 3, 4, 1]
(-2.9874814826297356, -9.269120327438923, 6.470909758760476, 6.793499373392862)
[1, 8, 6, 9, 8, 10, 10, 8, 7, 6, 10, 9, 8, 1, 4, 9, 8, 2, 9, 10, 2, 3, 10, 10, 6, 8, 4, 10, 1, 3, 4, 1]
(-2.9874814826297356, -9.269120327438923, 6.470909758760476, 6.793499373392862)
[1, 8, 6, 9, 8, 10, 10, 8, 7, 6, 10, 9, 2, 1, 4, 9, 7, 1, 9, 10, 2, 3, 10, 10, 6, 8, 4, 10, 1, 3, 4, 1]
(-2.2017821332932526, 6.212262842449941, 4.288975569006384, 6.808647921127565)
[1, 8, 6, 9, 8, 10, 10, 8, 7, 6, 10, 9, 2, 1, 4, 9, 7, 1, 9, 10, 2, 3, 10, 10, 6, 8, 4, 10, 1, 3, 4, 1]
(-2.2017821332932526, 6.212262842449941, 4.288975569006384, 6.808647921127565)
[1, 8, 9, 9, 8, 10, 10, 5, 5, 1, 8, 2, 4, 5, 3, 9, 8, 2, 9, 10, 2, 3, 9, 4, 1, 8, 4, 9, 1, 3, 4, 1]
(0.441670843143217, 6.186083481230338, 2.372269797005615, 6.858470044003729)
[1, 8, 6, 9, 8, 10, 10, 8, 7, 6, 10, 9, 8, 1, 4, 9, 8, 1, 2, 8, 2, 3, 10, 4, 6, 9, 9, 10, 1, 3, 4, 1]
(-0.023096026319561248, 0.32125698210072745, 0.014991476740432452, 6.890077945828269)
[9, 10, 1, 5, 8, 6, 1, 2, 10, 9, 1, 2, 5, 6, 7, 10, 4, 2, 9, 10, 2, 5, 9, 2, 10, 4, 9, 9, 6, 3, 4, 1]
(0.8147254436959173, 1.1462009010018648, -0.3098525178473067, 6.919691769756984)
[9, 10, 1, 5, 8, 6, 1, 2, 10, 9, 1, 2, 5, 6, 7, 10, 4, 2, 9, 10, 2, 5, 9, 2, 10, 4, 9, 9, 6, 3, 4, 1]
(0.8147254436959173, 1.1462009010018648, -0.3098525178473067, 6.919691769756984)
[2, 8, 7, 5, 8, 7, 1, 2, 10, 5, 1, 2, 10, 5, 3, 10, 9, 1, 2, 8, 2, 1, 10, 4, 6, 3, 5, 10, 1, 3, 4, 1]
(-4.2638680982509065, -9.209971935287594, 6.926976347868149, 6.938740735072178)
[1, 8, 6, 9, 9, 5, 1, 2, 10, 6, 1, 1, 4, 1, 3, 10, 7, 10, 1, 8, 2, 1, 10, 4, 6, 3, 5, 10, 1, 3, 4, 1]
(-4.95108338585442, 2.905589536343585, 6.618127794165675, 7.077202139484102)
[1, 8, 6, 9, 9, 5, 1, 2, 10, 6, 1, 1, 4, 1, 3, 10, 7, 10, 1, 8, 2, 1, 10, 4, 6, 3, 5, 10, 1, 3, 4, 1]
(-4.95108338585442, 2.905589536343585, 6.618127794165675, 7.077202139484102)
[1, 8, 6, 9, 9, 5, 1, 2, 10, 6, 1, 1, 4, 1, 3, 10, 7, 10, 1, 8, 2, 1, 10, 4, 6, 3, 5, 10, 1, 3, 4, 1]
(-4.95108338585442, 2.905589536343585, 6.618127794165675, 7.077202139484102)
[1, 8, 6, 9, 9, 5, 1, 2, 10, 6, 1, 1, 4, 1, 3, 10, 7, 10, 1, 8, 2, 1, 10, 4, 6, 3, 5, 10, 1, 3, 4, 1]
(-4.95108338585442, 2.905589536343585, 6.618127794165675, 7.077202139484102)
[1, 8, 6, 3, 9, 5, 1, 2, 10, 7, 1, 1, 4, 1, 8, 10, 5, 5, 1, 8, 2, 3, 10, 3, 8, 8, 5, 10, 1, 3, 4, 1]
(-3.1301877444701063, 3.23761570576833, 4.764335883168086, 7.086310512649799)
[1, 8, 6, 3, 9, 5, 1, 2, 10, 7, 1, 1, 4, 1, 3, 10, 7, 10, 1, 8, 2, 3, 10, 3, 8, 8, 5, 10, 1, 3, 4, 1]
(-4.172615129800408, 1.8008477781067442, 4.56476630716473, 7.129006326848956)
[1, 8, 6, 3, 9, 5, 1, 2, 10, 7, 1, 1, 4, 1, 3, 10, 7, 10, 1, 8, 2, 3, 10, 3, 8, 8, 5, 10, 1, 3, 4, 1]
(-4.468571765762874, 1.6618343978319383, 4.215356555735107, 7.13692474029471)
[1, 8, 6, 3, 9, 5, 1, 2, 10, 7, 1, 1, 4, 1, 3, 10, 7, 10, 1, 8, 2, 3, 10, 3, 8, 8, 5, 10, 1, 3, 4, 1]
(-4.468571765762874, 1.6618343978319383, 4.215356555735107, 7.13692474029471)
[1, 8, 6, 3, 9, 5, 1, 2, 10, 7, 1, 1, 4, 1, 3, 10, 7, 10, 1, 8, 2, 3, 10, 3, 8, 8, 5, 10, 1, 3, 4, 1]
(-4.468571765762874, 1.6618343978319383, 4.215356555735107, 7.13692474029471)
[1, 8, 8, 1, 8, 5, 1, 2, 10, 4, 2, 1, 5, 7, 3, 9, 8, 1, 6, 4, 2, 3, 9, 10, 6, 9, 9, 8, 1, 3, 4, 1]
(-1.9487830612363297, 6.082678485796463, 3.0020702296622495, 7.149354975192812)
[9, 10, 1, 5, 8, 6, 1, 2, 10, 9, 1, 2, 5, 6, 7, 10, 4, 2, 9, 10, 2, 5, 9, 10, 10, 4, 9, 3, 6, 3, 4, 1]
(2.3903283550852588, -14.567313174336455, -2.322345696063249, 7.163450770842566)
[9, 10, 1, 5, 8, 6, 1, 2, 10, 9, 1, 2, 5, 6, 7, 10, 4, 2, 9, 10, 2, 5, 9, 10, 10, 4, 9, 3, 6, 3, 4, 1]
(2.3903283550852588, -14.567313174336455, -2.322345696063249, 7.163450770842566)
[9, 10, 1, 5, 8, 6, 1, 2, 10, 9, 1, 2, 5, 6, 7, 10, 4, 2, 9, 10, 2, 5, 9, 10, 10, 4, 9, 3, 6, 3, 4, 1]
(2.3903283550852588, -14.567313174336455, -2.322345696063249, 7.163450770842566)
[9, 10, 1, 5, 8, 6, 1, 2, 10, 9, 1, 2, 5, 6, 7, 10, 4, 2, 9, 10, 2, 5, 9, 10, 8, 4, 9, 3, 6, 3, 4, 1]
(2.380165004769694, -15.414869695198428, -2.2103076847954846, 7.185754346265179)
[1, 8, 8, 10, 8, 5, 1, 2, 10, 4, 2, 1, 5, 1, 3, 9, 8, 2, 6, 4, 2, 3, 9, 10, 9, 1, 9, 8, 1, 3, 4, 1]
(-2.4267706991382623, 5.627848259476748, 2.283251793111534, 7.1870055314223995)
[1, 8, 8, 10, 8, 5, 1, 2, 10, 4, 2, 1, 5, 1, 3, 9, 8, 2, 6, 4, 2, 3, 9, 10, 9, 1, 9, 8, 1, 3, 4, 1]
(-2.4267706991382623, 5.627848259476748, 2.283251793111534, 7.1870055314223995)
[1, 8, 8, 10, 8, 5, 1, 2, 10, 4, 2, 1, 5, 1, 3, 9, 8, 2, 6, 4, 2, 3, 9, 10, 9, 1, 9, 8, 1, 3, 4, 1]
(-2.4267706991382623, 5.627848259476748, 2.283251793111534, 7.1870055314223995)
[1, 8, 8, 10, 8, 5, 1, 2, 10, 4, 2, 1, 5, 1, 3, 9, 8, 2, 6, 4, 2, 3, 9, 10, 9, 1, 9, 8, 1, 3, 4, 1]
(-2.4267706991382623, 5.627848259476748, 2.283251793111534, 7.1870055314223995)
[1, 8, 6, 9, 9, 5, 1, 2, 10, 6, 1, 5, 4, 1, 3, 10, 7, 10, 1, 8, 2, 1, 10, 4, 6, 3, 5, 10, 1, 3, 4, 1]
(-0.10790159241896617, 0.19159140549137196, 0.5019738654881094, 7.293581126469864)
[1, 8, 6, 10, 3, 3, 1, 5, 6, 2, 9, 1, 5, 1, 3, 2, 3, 2, 9, 4, 2, 3, 9, 4, 10, 10, 9, 9, 8, 1, 1, 1]
(0.03824591471901613, 0.356213011830346, 0.0022465102610949965, 7.477332377511144)
[1, 8, 6, 4, 8, 10, 10, 5, 5, 2, 10, 9, 8, 1, 3, 2, 3, 2, 9, 4, 2, 3, 9, 4, 10, 10, 9, 10, 8, 1, 1, 1]
(0.03817561395644305, 0.35598991159761156, 0.002605027447535687, 7.4797565464687)
[1, 8, 1, 8, 8, 6, 1, 2, 10, 4, 9, 1, 5, 1, 3, 2, 3, 2, 9, 4, 2, 3, 9, 4, 10, 10, 9, 9, 8, 1, 1, 1]
(0.038056414676245244, 0.35531902564073103, 0.002482894478791663, 7.480144756241794)
[1, 8, 1, 8, 8, 6, 1, 2, 10, 4, 2, 2, 5, 7, 3, 10, 7, 10, 1, 8, 5, 3, 10, 4, 10, 10, 9, 9, 8, 1, 1, 1]
(0.033366137213295136, 0.3362316670535469, -0.0017662372331274398, 7.490382224007202)
