gen	evals	std                                          	min                                              	avg                                              	max                                          
0  	168  	[0.42813256 0.63092179 0.04422301 0.83657655]	[-0.76772277 -3.47108279 -0.25511581 -0.05698005]	[ 0.00993382  0.11457151 -0.00565927  1.26734291]	[0.69171411 2.8122799  0.26426573 5.23439942]
1  	168  	[0.42000802 0.72104636 0.05019695 0.9137376 ]	[-0.76772277 -2.21234572 -0.52467041  0.31213194]	[1.77717929e-01 2.54175397e-01 1.41134484e-03 1.65100763e+00]	[0.78291445 2.8122799  0.26426573 5.80055745]
2  	168  	[0.37734295 0.81019626 0.05973775 1.03937136]	[-0.76772277 -2.21234572 -0.52467041  0.53644725]	[0.25130389 0.40988811 0.0066444  2.08931464]                	[0.78291445 2.8122799  0.29564869 5.80055745]
3  	168  	[0.34558901 0.89514972 0.05706169 1.35615433]	[-0.83200285 -0.67977844 -0.18035933  0.6329757 ]	[0.20969796 0.66337949 0.01590192 2.59519416]                	[0.78291445 2.8122799  0.35256408 6.76783202]
4  	168  	[0.39425461 1.39344051 0.17990809 1.57301855]	[ -0.84602178 -12.54024124  -2.13583475   0.98578504]	[0.16005098 0.77989774 0.00710045 3.07128736]                	[1.9511074  2.8122799  0.35256408 6.76820421]
5  	168  	[0.43419874 1.40388145 0.19069101 1.74221305]	[ -0.84602178 -12.54024124  -2.13583475   0.70018917]	[0.18287531 0.7350754  0.0163131  3.26932971]                	[1.9511074  4.12906398 0.42474283 6.78154609]
6  	168  	[0.43073504 1.62362577 0.22637404 1.69310785]	[ -0.84536961 -12.54024124  -2.13583475   0.70018917]	[0.28869538 0.51665344 0.00394885 3.1157264 ]                	[2.14172904 4.12906398 0.42474283 6.79651696]
7  	168  	[0.41171388 1.83104624 0.29134311 1.86389062]	[ -0.8501223  -12.54024124  -2.13583475   0.70018917]	[ 0.25241023  0.70314348 -0.01535414  3.91638906]            	[2.14172904 4.12906398 0.42474283 6.94765157]
8  	168  	[0.38908808 2.13751916 0.35964544 1.77629306]	[ -0.06145673 -12.54024124  -2.13583475   1.2073518 ]	[ 3.19312863e-01  5.24570230e-01 -7.90255535e-05  3.62636710e+00]	[2.14172904 4.12906398 0.58185449 6.95253922]
9  	168  	[0.45974006 2.80899197 0.4783142  1.64884495]	[ -0.05229215 -12.17237429  -2.09750349   0.39990913]	[ 0.33003543  0.24675355 -0.05052366  3.6658643 ]                	[2.80679989 4.12906398 0.58185449 6.95253922]
10 	168  	[0.53004677 2.70667832 0.41490546 1.87247545]	[ -0.7739763  -12.17237429  -2.07521269   0.39990913]	[ 0.35204688 -0.22811829 -0.08598632  4.41497323]                	[2.80679989 5.64835785 0.77365554 6.95129601]
11 	168  	[0.61406943 2.94878449 0.59838149 1.79051615]	[ -0.7739763  -16.36868835  -4.31378642   0.39990913]	[ 0.3766707  -0.16519068 -0.06502441  4.06450879]                	[3.30567777 5.64835785 0.77365554 6.95129601]
12 	168  	[0.67484804 3.58244406 0.67088605 1.81812734]	[ -0.7739763  -16.36868835  -4.31378642   0.39990913]	[ 0.42115299 -0.2265942  -0.0886138   3.84488469]                	[3.30567777 5.64835785 0.77365554 6.95991454]
13 	168  	[0.77820293 4.38310226 0.81542572 1.67791172]	[ -0.7739763  -16.36868835  -4.31378642   1.00003918]	[ 0.64925728 -1.23014584 -0.31071725  3.60485713]                	[3.30567777 5.64835785 1.08487143 6.95991454]
14 	168  	[0.84562279 5.01396597 0.90541768 1.51461316]	[ -1.04027736 -16.36868835  -4.31378642   1.05100327]	[ 0.72397595 -1.878142   -0.42633749  3.70559704]                	[3.30567777 5.64835785 2.80208143 6.95991454]
15 	168  	[0.87672744 5.23960393 1.09686043 1.52670879]	[ -1.04027736 -16.36868835  -4.31378642   1.05100327]	[ 0.73231284 -1.47979428 -0.39690988  3.66198138]                	[3.30567777 5.64835785 2.80208143 6.95909971]
16 	168  	[1.02367938 5.57726166 1.40241898 1.57040721]	[ -2.18063655 -20.51445297  -4.66612423   1.05100327]	[ 0.90050497 -1.66827505 -0.60047846  3.62614009]                	[4.72903117 5.64835785 3.08082821 6.96112545]
17 	168  	[1.18876765 6.45671502 1.66294633 1.71049814]	[ -2.18063655 -29.80976543  -5.06214395   1.01409824]	[ 0.92099954 -1.4526389  -0.57399998  3.82673409]                	[4.72903117 5.64835785 4.76788492 6.95381531]
18 	168  	[1.27454612 6.15854461 1.66152082 1.77021494]	[ -2.18063655 -29.80976543  -5.06214395   1.01409824]	[ 1.02282106 -1.19592729 -0.3221449   3.64466688]                	[4.72903117 5.64835785 4.76788492 6.95381531]
19 	168  	[1.21990578 6.34314544 1.57333073 1.80034194]	[ -2.18063655 -46.63269098  -5.18101432   1.01409824]	[ 0.7512645  -0.25889133  0.00844648  4.07295801]                	[4.72903117 5.64835785 4.76788492 6.95501023]
20 	168  	[1.41825109 7.72878101 2.03583218 1.97654875]	[ -3.49228929 -46.63269098  -7.02238769   1.10167604]	[ 0.9435862  -1.12927122  0.06648988  3.96702818]                	[4.72903117 5.89642364 4.94240204 6.95501023]
21 	168  	[1.39064299 7.64203482 1.87361866 2.06795236]	[ -3.49228929 -46.63269098  -5.18101432   0.82380189]	[ 0.86830684 -0.78349611  0.0965858   4.41270907]                	[4.72903117 6.02042504 4.94240204 6.95501023]
22 	168  	[1.42218639 7.83739503 1.9592003  2.08257074]	[ -3.49228929 -46.63269098  -5.36116343   1.10167604]	[ 0.88268202 -0.9511279   0.2388639   4.44329538]                	[4.79435682 6.02042504 4.94240204 6.95626035]
23 	168  	[1.35564106 7.77252372 1.70951594 1.84067998]	[ -2.42819868 -46.63269098  -5.36116343   1.2073652 ]	[ 0.60039295 -0.82686208  0.21130364  5.34400802]                	[4.79435682 6.0853847  4.94240204 6.96599524]
24 	168  	[1.35237886 8.02241402 1.57090414 1.60045377]	[ -2.18063655 -46.63269098  -5.94237195   1.39500569]	[ 0.6066607  -1.13893407  0.02372466  5.82520223]                	[5.89924786 6.0853847  4.94240204 6.96599524]
25 	168  	[1.58092912 9.23396973 1.78664239 1.38498907]	[ -2.18063655 -41.45058714  -6.26554819   1.39500569]	[ 0.80727111 -1.79071381  0.11710721  5.32199756]                	[5.89924786 6.0853847  4.94240204 6.96761067]
26 	168  	[1.56406271 6.42613178 2.02674724 1.36716848]	[ -2.18063655 -41.45058714  -6.26554819   1.79369255]	[0.95280808 0.94191798 1.20264405 5.08527827]                    	[5.89924786 6.0853847  4.94240204 6.96580226]
27 	168  	[1.95109448 7.2874148  2.14224149 1.46962498]	[ -6.8130399  -41.45058714  -6.26554819   1.79369255]	[1.62855948 0.68792814 0.95173939 4.69607835]                    	[5.89924786 6.0853847  4.94240204 6.96218217]
28 	168  	[2.05055281 7.5125204  2.22249188 1.45315497]	[ -3.27336208 -41.45058714  -6.26554819   1.18522103]	[1.75060633 1.02333949 0.93359749 4.34472782]                    	[5.89924786 6.11500886 4.94240204 6.96218217]
29 	168  	[2.07511466 8.2269887  2.07974634 1.47290163]	[ -3.27336208 -41.45058714  -6.26554819   1.13623417]	[1.63782077 0.43579684 0.9834883  4.41576808]                    	[5.89924786 6.11500886 6.33970354 6.96218217]
30 	168  	[2.11599443 6.39916839 2.29175263 1.41630997]	[ -2.55875019 -41.45058714  -3.22769484   1.13623417]	[1.66501908 1.91498041 1.2206642  4.34073966]                    	[5.89924786 6.11500886 6.33970354 6.95551508]
31 	168  	[2.05383909 6.53939346 2.07855789 1.38394551]	[ -2.55875019 -41.45058714  -2.63046214   1.13623417]	[1.8687645  1.47957918 1.19000858 4.3879988 ]                    	[5.89924786 6.11500886 6.33970354 6.95551811]
32 	168  	[1.98092331 6.3203066  2.19676922 1.25389949]	[ -2.44647383 -41.45058714  -4.63676559   1.50070628]	[1.97124416 1.54526824 1.18282198 4.59861804]                    	[5.89924786 6.11500886 6.33970354 6.95551811]
33 	168  	[2.02154793 6.04339254 2.1227725  1.23026491]	[ -2.44647383 -41.45058714  -4.06599134   1.50070628]	[2.11431523 1.8925428  1.26429508 4.56852753]                    	[5.89924786 6.11500886 6.33970354 6.95551508]
34 	168  	[2.1523684  6.40544386 2.20339023 1.27704972]	[ -2.44647383 -41.45058714  -4.06599134   1.36426062]	[2.19693835 1.17597972 1.18148898 4.5001637 ]                    	[5.89924786 6.11500886 9.09262951 6.95575265]
35 	168  	[2.41719407 6.04351458 2.26958471 1.29675032]	[ -7.72423124 -29.4341393   -4.06599134   1.36426062]	[2.17407459 0.95947172 1.60768002 4.49266871]                    	[5.97238712 6.20957746 9.09262951 6.95575265]
36 	168  	[3.18204154 6.40238736 2.38266433 1.23695027]	[-11.97346623 -29.4341393   -4.06599134   1.50070628]	[2.17815237 0.12240501 1.75932408 4.39195019]                    	[5.97238712 6.23504978 9.09262951 6.95575265]
37 	168  	[3.52223595 8.08579799 2.32115992 1.34054793]	[-11.97346623 -60.8821737   -4.06599134   1.50070628]	[1.75389293 0.1439176  1.9106288  4.5027673 ]                    	[5.97238712 6.23504978 9.09262951 6.95934143]
38 	168  	[3.20352315 6.92060358 2.5171096  1.22783887]	[-11.97346623 -29.4341393   -4.50923767   1.50070628]	[ 2.15642380e+00 -6.94239201e-04  1.86937455e+00  4.52207987e+00]	[6.89091191 6.23504978 9.09262951 6.95551508]
39 	168  	[3.23943321 8.04483392 2.64262818 1.24617605]	[-11.97346623 -29.49706698  -4.50923767   1.11820878]	[ 2.33574273 -1.06766972  1.6187678   4.38521747]                	[6.89091191 6.23504978 9.09262951 6.95551508]
40 	168  	[3.06309017 8.35374405 2.78516644 1.25434267]	[ -7.99954079 -29.49706698  -4.50923767   1.11820878]	[ 2.42995384 -1.24529172  1.74307728  4.39722504]                	[6.89091191 6.23504978 9.09262951 6.95551508]
41 	168  	[3.22907315 9.01224643 2.81815509 1.29838019]	[ -7.99954079 -31.73914251  -4.50923767   1.11757538]	[ 2.15989536 -1.52863847  2.08404456  4.46853448]                	[ 6.89091191  6.24229654 10.28105271  6.95904286]
42 	168  	[3.36811375 9.39706459 2.47986931 1.31926449]	[ -7.99954079 -31.73914251  -4.50923767   1.11132523]	[ 2.19762909 -1.52530356  2.48213772  4.37787182]                	[ 6.89091191  6.24229654 10.28105271  6.95904286]
43 	168  	[3.34110675 8.61236504 2.603766   1.34902634]	[ -7.99954079 -31.73914251  -4.50923767   1.11132523]	[ 1.99800067 -0.84528667  2.71428699  4.40301645]                	[ 7.14008113  6.24229654 10.28105271  6.95904286]
44 	168  	[3.37994288 8.91337127 2.6962511  1.31930991]	[ -7.99954079 -31.73914251  -3.10284191   1.12182434]	[ 2.02138078 -1.29702663  2.63448652  4.47607721]                	[ 7.14008113  6.24229654 10.28105271  6.95904286]
45 	168  	[2.76882009 8.75376105 2.7511723  0.99587561]	[ -5.81993142 -31.73914251  -2.87358199   1.65523987]	[ 2.67583997 -2.22969674  2.95087056  4.70432879]                	[ 7.14008113  6.24229654 10.28105271  6.95904286]
46 	168  	[3.27588722 9.02514256 2.76207406 1.13132568]	[ -7.32844249 -31.73914251  -1.82295353   1.72218676]	[ 2.34321831 -1.80850477  2.92618515  4.65721634]                	[ 7.14008113  6.24229654 10.77014458  6.95904286]
47 	168  	[3.42048303 9.88261524 2.93248084 1.20784847]	[ -7.32844249 -31.73914251  -1.82295353   1.15681353]	[ 1.99132515 -2.68157858  3.23241768  4.68143129]                	[ 7.14008113  6.24229654 10.77014458  6.95904286]
48 	168  	[ 3.22969762 10.0927098   3.0332866   1.12721387]	[ -5.81993142 -31.73914251  -1.44854497   1.15681353]	[ 2.24642377 -3.08553853  3.50026343  4.63815601]                	[ 7.14008113  6.24229654 10.77014458  6.95904286]
49 	168  	[ 3.2597528  10.87166512  3.23946649  1.09205001]	[ -5.81993142 -38.48296775  -1.44854497   1.6789939 ]	[ 2.18537377 -4.20400917  3.77194506  4.72867303]                	[ 9.20913944  6.24229654 10.77014458  6.95907016]
50 	168  	[ 3.30101257 10.66247067  3.3000014   1.08224727]	[ -5.81993142 -31.73914251  -1.44854497   1.6789939 ]	[ 2.40709398 -4.18041189  3.76802515  4.68258386]                	[ 9.20913944  6.24229654 10.77014458  6.94027807]
51 	168  	[ 3.36579592 10.23770995  3.31308701  1.10651633]	[ -5.81993142 -33.6401074   -2.04921274   1.72218676]	[ 2.42936047 -4.26455298  3.53364867  4.70752953]                	[ 9.20913944  6.24229654 10.77014458  6.94027807]
52 	168  	[ 3.85371095 16.1623645   3.81266738  1.17501264]	[ -11.34126436 -152.14441936   -2.04921274    1.72218676]	[ 1.6041852  -7.91002777  4.29016517  4.83791288]                	[ 9.20913944  6.24229654 14.8348354   6.94027807]
53 	168  	[ 3.72678601 20.18378223  3.63236141  1.24560003]	[ -11.34126436 -170.71640283   -7.85222781    1.72218676]	[ 1.33027838 -5.69064012  3.8032639   4.95035169]                	[ 9.20913944  6.24229654 14.8348354   6.95238525]
54 	168  	[ 4.24915106 30.19745875  4.03503395  1.36025249]	[ -11.66841352 -170.71640283   -7.85222781    1.72218676]	[ 1.1484071  -9.60755326  4.25061383  4.79603995]                	[ 9.20913944  6.24229654 14.8750324   6.95657821]
55 	168  	[ 4.90409064 41.90219832  4.52740989  1.31592119]	[ -11.66841352 -172.91472536   -7.85222781    1.72218676]	[  0.61074361 -16.69817448   4.83332302   4.8810842 ]            	[ 9.20913944  6.24229654 15.49771702  6.95720227]
56 	168  	[ 5.18815367 43.73154185  4.46670263  1.29968189]	[ -13.03170165 -172.91472536   -7.85222781    1.72218676]	[ -0.06459556 -19.2364458    5.28873592   4.90960823]            	[ 9.20913944  6.24229654 15.49771702  6.953414  ]
57 	168  	[ 5.31248107 49.35762815  4.62998644  1.30274641]	[ -13.03170165 -176.94870307   -7.85222781    1.72218676]	[ -0.16436785 -22.74796083   5.5879507    4.8830444 ]            	[ 9.20913944  6.24229654 15.49771702  6.92251625]
58 	168  	[ 5.52922622 51.08934862  4.72726752  1.2770762 ]	[ -13.03170165 -176.94870307   -7.85222781    1.65904303]	[ -0.30185618 -25.12813304   5.55877928   4.92264261]            	[ 9.20913944  6.24229654 15.49771702  6.94402477]
59 	168  	[ 5.50895222 41.87301028  4.52462841  1.36545259]	[ -13.03170165 -175.24789047   -7.85222781    1.65904303]	[ -0.15471433 -20.40450768   5.17556676   4.86696368]            	[ 9.20913944  6.24229654 15.58597653  6.94402477]
60 	168  	[ 5.52216606 44.62375836  4.49188529  1.33969971]	[ -13.03170165 -175.24789047   -7.85222781    1.65904303]	[ -0.12823724 -21.51830331   5.39028771   4.88758819]            	[ 9.20913944  6.24229654 15.19794617  6.91374437]
61 	168  	[ 5.43254955 43.49273993  4.53298262  1.4048983 ]	[ -11.66841352 -171.00674412   -7.85222781    1.65904303]	[ -0.08980933 -20.56287493   5.30890136   4.83230629]            	[ 9.20913944  6.24229654 15.19794617  6.94477137]
62 	168  	[ 5.27077204 37.04944936  4.37487736  1.3973387 ]	[ -11.66841352 -167.09640812   -7.85222781    1.65904303]	[  0.4276017  -17.54278714   5.09785748   4.81250761]            	[ 9.20913944  6.24229654 15.19794617  6.91374437]
63 	168  	[ 5.43425703 42.30264926  4.70324028  1.41838916]	[ -11.66841352 -167.09640812   -7.85222781    1.63373874]	[  0.12492143 -20.47222493   5.10416168   4.83013017]            	[ 9.20913944  6.24229654 15.19794617  6.9595878 ]
64 	168  	[ 5.39847733 41.09018438  4.62662978  1.4508001 ]	[ -11.46222174 -167.09640812   -7.85222781    1.3175019 ]	[  0.12312641 -20.02822085   5.12943934   4.77180226]            	[ 9.20913944  6.24229654 15.19794617  6.9595878 ]
65 	168  	[ 5.48830985 42.62440774  4.7798047   1.41565845]	[ -11.46222174 -167.09640812   -7.85222781    1.3175019 ]	[  0.67847039 -20.55068798   5.04817487   4.76327213]            	[ 9.20913944  6.24229654 15.19794617  6.9595878 ]
66 	168  	[ 5.34335789 40.94637358  4.74809584  1.38761522]	[ -11.46222174 -167.09640812   -7.85222781    1.31669929]	[  0.63172827 -19.96354476   5.13398551   4.81999778]            	[ 9.20913944  6.24229654 15.19794617  6.9595878 ]
67 	168  	[ 5.43181161 41.8376999   4.98405233  1.3791515 ]	[ -11.46222174 -167.09640812   -7.85222781    1.20637466]	[  0.40695531 -20.52198564   5.11601569   4.83896954]            	[ 9.20913944  6.24229654 15.19794617  6.95668808]
68 	168  	[ 5.31075754 40.56875463  4.93409175  1.36106953]	[ -11.46222174 -167.09640812   -7.85222781    1.20637466]	[  0.40394843 -20.06149602   5.2660005    4.86242196]            	[ 9.20913944  6.19601386 15.19794617  6.95656219]
69 	168  	[ 5.37910576 40.36186622  4.77190053  1.32358362]	[ -11.46222174 -167.09640812   -7.85222781    1.32127319]	[  0.27757919 -19.71444019   5.28556556   4.87941608]            	[ 9.20913944  6.19601386 15.19794617  6.9599502 ]
70 	168  	[ 5.57928659 41.14534154  4.59781177  1.14597104]	[ -11.46222174 -167.09640812   -4.6749004     1.99636492]	[  0.31791008 -21.8488776    5.6124592    5.04278742]            	[ 9.20913944  6.22111978 15.19794617  6.95493645]
71 	168  	[ 5.83175782 42.82366119  4.77355289  1.08494957]	[ -11.46222174 -167.09640812   -4.6749004     2.03025234]	[ -0.0921098  -25.35687596   5.9911192    5.10199552]            	[ 9.20913944  6.22111978 15.19794617  6.95493645]
72 	168  	[ 5.48801347 39.66273282  4.9606129   1.14318434]	[ -11.46222174 -167.09640812   -4.6749004     2.03025234]	[  0.68564508 -21.25134014   5.72347236   5.04394566]            	[ 9.20913944  6.22111978 15.19794617  6.95493645]
73 	168  	[ 5.41721053 39.74665182  5.06987615  1.1474859 ]	[ -10.35998826 -167.09640812   -4.6749004     2.03025234]	[  0.78255191 -21.86531332   5.64607453   5.03493512]            	[ 9.20913944  6.22111978 15.19794617  6.95493645]
74 	168  	[ 5.27601275 39.56177066  5.04953957  1.15558591]	[ -11.12723287 -167.09640812   -4.6749004     2.03025234]	[  0.70330861 -21.25991165   5.63437809   5.06154906]            	[ 9.20913944  6.22111978 15.19794617  6.95493645]
75 	168  	[ 5.14110491 38.18849822  4.89492381  1.1556708 ]	[ -11.12723287 -167.09640812   -4.6749004     1.9759328 ]	[  0.68587519 -20.56005762   5.81218824   5.04084569]            	[ 9.20913944  6.09372361 15.19794617  6.953267  ]
76 	168  	[ 5.24000841 37.96509942  5.05379962  1.12822128]	[ -11.12723287 -167.09640812   -4.6749004     2.03025234]	[  0.86096259 -21.13684729   5.54558893   5.05030753]            	[ 9.20913944  6.09372361 15.19794617  6.94820278]
77 	168  	[ 5.36228463 39.78755691  5.03914885  1.13082948]	[ -11.12723287 -167.09640812   -4.6749004     2.03025234]	[  0.75043787 -20.74029477   5.81358797   5.03930914]            	[ 9.20913944  6.09372361 15.19794617  6.94820278]
78 	168  	[ 5.35647591 37.516829    4.90655451  1.13148472]	[ -11.12723287 -167.09640812   -4.6749004     2.03025234]	[  0.44650203 -20.34234014   5.88486778   5.05754596]            	[ 9.20913944  6.15880721 15.19794617  6.94820278]
79 	168  	[ 5.35970633 38.05070787  4.99854119  1.13893241]	[ -11.12723287 -167.09640812   -4.6749004     2.03025234]	[  0.54256455 -21.21807953   5.9556377    5.06539489]            	[ 9.20913944  6.15880721 15.19794617  6.94820278]
80 	168  	[ 5.36109668 38.35341864  4.90459266  1.1342748 ]	[ -11.12723287 -167.09640812   -4.6749004     2.03025234]	[  0.46515498 -21.77876583   6.11197391   5.050653  ]            	[ 9.20913944  6.09372361 15.19794617  6.94820278]
81 	168  	[ 5.36368573 40.09087861  4.98204046  1.17689717]	[ -11.12723287 -167.09640812   -4.6749004     1.4271155 ]	[  0.29400003 -25.42383671   6.09349359   5.06131336]            	[ 9.20913944  6.09372361 15.19794617  6.94007396]
82 	168  	[ 5.39781448 41.43979062  5.01366971  1.17109691]	[ -11.4884136  -167.09640812   -4.6749004     1.4271155 ]	[  0.2623241  -26.11346174   5.92470405   5.07200359]            	[ 9.20913944  6.09372361 15.19794617  6.94007396]
83 	168  	[ 5.24138058 41.54606158  4.81555246  1.09813863]	[ -11.4884136  -167.09640812   -4.6749004     2.03025234]	[  0.23869362 -26.1451494    6.38579519   5.09762604]            	[ 9.20913944  6.09372361 15.19794617  6.94007396]
84 	168  	[ 5.28622505 41.04850412  4.87045543  1.13348016]	[ -11.12723287 -167.09640812   -5.10678832    2.03025234]	[  0.41855626 -27.69258573   6.37273374   4.9952241 ]            	[ 9.20913944  6.15699747 15.19794617  6.94007396]
85 	168  	[ 5.31882934 39.41893921  4.88099762  1.07730678]	[ -10.83528205 -167.09640812   -5.10678832    2.03025234]	[  0.37670378 -26.0926811    6.45086696   5.05576747]            	[ 9.20913944  6.20156667 15.19794617  6.94007396]
86 	168  	[ 5.23265701 40.89297299  4.95834177  1.07737956]	[ -10.83528205 -167.09640812   -5.10678832    2.03025234]	[  0.48161251 -27.40093619   6.38538646   5.06033309]            	[ 9.20913944  6.20156667 15.19794617  6.9405876 ]
87 	168  	[ 5.08486854 38.94098061  5.4126275   1.04634541]	[ -10.83528205 -167.09640812   -5.70524983    2.03025234]	[  0.59715053 -27.61292733   6.02353165   5.11621394]            	[ 9.20913944  6.20156667 15.19794617  6.94007396]
88 	168  	[ 5.15566746 38.90137274  5.49354779  1.04169158]	[ -10.83528205 -167.09640812   -5.71830741    2.03025234]	[  0.54227487 -28.05378012   5.89757708   5.10859091]            	[ 9.20913944  6.09372361 15.19794617  6.94007396]
89 	168  	[ 5.12789598 39.6946567   5.57921768  1.05795569]	[ -10.83528205 -167.09640812   -5.71830741    2.03025234]	[  0.47903072 -29.94076014   5.8632355    5.12511866]            	[ 9.20913944  6.09372361 15.19794617  6.94007396]
90 	168  	[ 5.1937407  41.37846956  5.62452339  1.04029263]	[ -11.40926235 -167.09640812   -6.37970924    2.03025234]	[  0.14948137 -30.80891616   6.12054667   5.15728539]            	[ 9.20913944  6.14934532 15.19794617  6.93878645]
91 	168  	[ 5.17159236 41.023434    5.64991309  1.03954137]	[ -11.40926235 -167.09640812   -6.37970924    2.03025234]	[  0.25569179 -31.0127024    6.09629152   5.13759473]            	[ 9.20913944  6.09372361 15.19794617  6.93878645]
92 	168  	[ 5.23118593 42.66312809  5.65614485  1.02972897]	[ -11.40926235 -167.09640812   -6.37970924    0.21405388]	[  0.51068708 -33.51993401   6.15031267   5.10507875]            	[ 9.20913944  6.09372361 15.19794617  6.93878645]
93 	168  	[ 5.17344739 42.46619506  5.61929605  1.04281501]	[ -11.40926235 -167.09640812   -5.71830741    0.21405388]	[  0.58674287 -32.92804157   6.18102254   5.08669634]            	[ 9.20913944  6.09372361 15.19794617  6.93878645]
94 	168  	[ 5.32449124 43.7243935   5.58640355  1.12205052]	[ -11.40926235 -167.09640812   -5.71830741    0.21405388]	[  0.42937869 -33.7603759    6.41648526   5.0447953 ]            	[ 9.20913944  6.09372361 15.19794617  6.93878645]
95 	168  	[ 4.86786372 34.32513041  5.49508998  1.15761289]	[ -10.51250624 -156.34454344   -5.71830741    0.21405388]	[  0.99870066 -27.49560382   5.84161342   4.98946463]            	[ 9.20913944  6.21431853 15.30327518  6.93878645]
96 	168  	[ 4.82225649 39.02584121  5.5814257   1.06097884]	[  -9.75127268 -156.34454344   -5.71830741    1.90835439]	[  1.14161929 -32.5091078    6.30116477   5.00297739]            	[ 9.20913944  6.21431853 15.5411456   6.93878645]
97 	168  	[ 4.71128857 37.56151389  5.51929863  1.07911786]	[  -9.75127268 -156.34454344   -5.71830741    2.03025234]	[  1.28549463 -30.5402181    5.92882726   5.07312021]            	[ 9.20913944  6.09372361 15.30327518  6.956037  ]
98 	168  	[ 4.65607599 37.58488904  5.5510115   0.97722521]	[ -10.04292079 -156.34454344   -5.71830741    2.03025234]	[  1.18402463 -30.9103566    5.96008026   5.11566748]            	[ 9.20913944  6.09372361 15.30327518  6.956037  ]
99 	168  	[ 4.68077218 37.1542779   5.67134319  0.97674957]	[ -10.04292079 -156.34454344   -6.35883413    2.03025234]	[  1.08993703 -32.21026221   6.04837153   5.14437115]            	[ 9.20913944  6.19452211 14.96232539  6.956037  ]
100	168  	[ 4.89637341 37.9159792   5.61543248  1.02867769]	[ -11.64910247 -207.4347494    -5.71830741    2.03025234]	[  1.13120601 -29.9246065    5.92610891   5.10768131]            	[ 9.20913944  6.12975504 17.10917087  6.94200854]
101	168  	[ 4.86850835 39.56196776  5.73521167  1.06985071]	[ -11.77793857 -208.1894671    -5.71830741    2.03025234]	[  1.2591858  -30.30419115   5.82422772   5.07149149]            	[ 9.20913944  6.1982217  17.41541833  6.95967836]
102	168  	[ 4.54353554 41.24796776  5.00603868  1.06214688]	[ -11.77793857 -208.1894671    -4.18474605    2.03025234]	[  0.78282996 -31.4909079    6.87713255   5.08567614]            	[ 9.20913944  6.1982217  17.41541833  6.95967836]
103	168  	[ 4.74678064 43.66147495  5.33877357  0.99859406]	[ -11.77793857 -208.1894671    -5.87570504    2.03025234]	[  0.58686314 -33.28087412   6.69710132   5.15720956]            	[ 9.20913944  6.20989641 17.41541833  6.9563606 ]
104	168  	[ 4.74798345 45.0687987   5.43754154  0.95940123]	[ -11.77793857 -208.1894671    -5.87570504    2.03025234]	[  0.5733626  -34.50407656   6.87677641   5.16290429]            	[ 8.76837275  6.1982217  17.41541833  6.9563606 ]
105	168  	[ 4.85276868 47.06207456  5.50682323  0.9724135 ]	[ -11.77793857 -208.1894671    -5.87570504    2.03025234]	[  0.39793852 -37.88507752   7.1060836    5.21391128]            	[ 8.76837275  5.87230436 17.41541833  6.9563606 ]
106	168  	[ 4.91450177 47.45426245  5.71542059  1.04327424]	[ -11.77793857 -208.1894671    -5.87570504    2.03025234]	[  0.54936513 -38.47187128   6.94595106   5.16111589]            	[ 8.76837275  5.99326193 17.41541833  6.9563606 ]
107	168  	[ 5.2408199  48.08570595  5.85750213  1.10247991]	[ -11.97976758 -208.3319502    -5.87570504    1.23360979]	[  0.62689579 -37.57041982   6.61015737   5.09185015]            	[ 8.76837275  6.16031263 17.10917087  6.9563606 ]
108	168  	[ 5.34392169 49.45725603  5.82618944  1.16036885]	[ -11.64910247 -209.64125255   -6.51328866    1.23360979]	[  0.47158143 -40.47667778   6.6528568    5.05747435]            	[ 8.76837275  6.18450063 17.32212371  6.94834358]
109	168  	[ 4.89588759 46.54894301  5.53684619  1.23737094]	[ -11.64910247 -209.64125255   -6.51328866    1.22813555]	[  0.54593525 -36.14405428   6.59514263   5.01201712]            	[ 8.76837275  6.24342731 17.32212371  6.94834358]
110	168  	[ 4.97763586 47.85684953  5.70113331  1.1956113 ]	[ -11.64910247 -209.64125255   -6.51328866    1.22813555]	[  0.59044489 -37.54176858   6.63994747   5.03397477]            	[ 8.76837275  6.24342731 17.34802276  6.95902679]
111	168  	[ 5.0788923  49.41951126  5.95333476  1.20529139]	[ -11.64910247 -209.64125255   -6.51328866    1.09022034]	[  0.45563199 -37.51280919   6.40046066   5.01750292]            	[ 8.76837275  6.24342731 17.34802276  6.95929536]
112	168  	[ 5.16767313 47.67224237  5.7537573   1.05056454]	[ -11.61394084 -209.64125255   -5.87570504    1.09022034]	[  0.69695282 -37.39230211   6.57399954   5.09290335]            	[10.39169154  5.83781844 17.34802276  6.95929536]
113	168  	[ 5.09170285 43.69626344  5.59097399  1.09307371]	[ -11.61394084 -209.64125255   -5.44412417    0.86987936]	[  1.26898255 -34.90874507   6.16310974   5.02688731]            	[10.39169154  6.07455124 17.34802276  6.95910479]
114	168  	[ 5.14030342 45.37930117  5.74270619  1.06848413]	[ -11.61394084 -209.64125255   -5.44412417    2.03025234]	[  1.19131684 -36.64637014   6.25850479   5.06723536]            	[10.39169154  5.7342131  17.34802276  6.95927406]
115	168  	[ 5.18103689 45.28235566  5.71318969  1.0691526 ]	[ -11.61394084 -209.64125255   -5.44412417    2.03025234]	[  1.22962129 -36.69789182   6.11599211   5.04144147]            	[10.39169154  5.7342131  17.34802276  6.95927406]
116	168  	[ 5.36933008 47.2204112   5.82732145  1.09153189]	[ -11.61394084 -209.64125255   -5.44412417    2.03025234]	[  0.87495653 -38.55970965   6.36595654   5.04248853]            	[10.39169154  6.16782726 17.34802276  6.94834358]
117	168  	[ 5.3472026  49.21483971  5.77188877  1.1020772 ]	[ -11.61394084 -209.64125255   -5.44412417    2.03025234]	[  0.82868016 -38.25109129   6.34559892   5.02334018]            	[10.39169154  6.16782726 17.34802276  6.94838581]
118	168  	[ 5.43442938 51.08738837  6.06790496  1.10304236]	[ -11.61394084 -209.64125255   -5.44412417    2.03025234]	[  0.88391449 -39.70276163   6.12755992   5.02157601]            	[10.39169154  5.80730146 17.34802276  6.94834358]
119	168  	[ 5.39344711 49.88269073  6.04887109  1.12059662]	[ -11.61394084 -209.64125255   -5.44412417    1.22578397]	[  1.16437596 -38.87943532   6.08868698   4.98885498]            	[10.39169154  5.90535483 17.34802276  6.94834358]
120	168  	[ 5.21112687 47.63558329  5.74775659  1.22290089]	[ -11.61394084 -209.64125255   -5.44412417    1.22578397]	[  1.45355133 -35.71622355   6.02897799   4.84308097]            	[10.39169154  5.96657575 17.32212371  6.94834358]
121	168  	[ 5.51913264 47.81696443  5.98852356  1.13034868]	[ -14.65590943 -209.64125255   -6.49227321    1.79256109]	[  1.01156698 -39.03238008   6.14446383   4.97694212]            	[10.39169154  5.96657575 17.32212371  6.94834358]
122	168  	[ 5.5626106  45.38262525  5.78789689  1.12339769]	[ -14.65590943 -209.64125255   -6.49227321    1.79256109]	[  0.97935414 -37.65195025   6.15825125   4.9761718 ]            	[10.39169154  5.96657575 17.32212371  6.94834358]
123	168  	[ 5.31663505 44.7391104   5.9336119   1.16291697]	[ -12.2000536  -210.05738524   -6.93094053    1.79256109]	[  1.23108762 -37.60491488   6.0447101    4.92351671]            	[10.39169154  5.96657575 17.32212371  6.94834358]
124	168  	[ 5.55704382 48.57426282  6.07835752  1.24965438]	[-1.22000536e+01 -2.10057385e+02 -6.93094053e+00 -3.95432104e-02]	[  0.84019035 -39.82055207   6.31701801   4.92627215]            	[10.39169154  5.96657575 17.32212371  6.95971251]
125	168  	[ 5.85787206 57.02878529  6.28523575  1.13611212]	[-1.35825075e+01 -2.24523887e+02 -5.44412417e+00 -3.95432104e-02]	[  0.51489711 -45.42867869   6.5756421    5.01671002]            	[10.39169154  5.96657575 18.35955304  6.95966388]
126	168  	[ 5.86202261 57.3176157   6.33806946  1.14827833]	[-1.35825075e+01 -2.27353920e+02 -5.44412417e+00 -3.95432104e-02]	[  0.69437811 -47.55739856   6.66937259   4.93699612]            	[10.39169154  6.13517283 18.35955304  6.95966388]
127	168  	[ 5.80652385 57.79394325  6.19351329  1.13631994]	[ -13.58250752 -227.3539205    -5.44412417    1.79256109]        	[  0.61982032 -45.58060117   6.70934507   4.96366593]            	[10.39169154  6.13517283 18.35955304  6.95966388]
128	168  	[ 5.52944223 51.81665504  6.11044632  1.14070571]	[ -13.58250752 -227.3539205    -5.44412417    1.79256109]        	[  0.86162065 -42.44688748   6.40585505   5.02218278]            	[10.39169154  6.13517283 18.35955304  6.95966388]
129	168  	[ 5.45740512 50.05477299  5.97976359  1.13802068]	[ -13.58250752 -227.3539205    -5.44412417    1.79256109]        	[  1.05006389 -41.28041107   6.43198827   4.95726903]            	[10.39169154  6.13517283 18.35955304  6.95966388]
130	168  	[ 5.35365559 51.95983929  5.82911348  1.14519421]	[ -13.58250752 -227.3539205    -5.44412417    1.54453851]        	[  0.70776492 -42.10517354   6.64889271   5.04165645]            	[10.39169154  6.13517283 18.35955304  6.95505528]
131	168  	[ 5.35667804 51.4544708   5.78561712  1.06418576]	[ -13.69770607 -227.3539205    -8.73351733    1.54453851]        	[  0.46421693 -42.15915354   7.19458261   5.06246003]            	[10.39169154  6.13517283 18.08491756  6.95526276]
132	168  	[ 5.29040952 51.3898635   6.03239073  1.19519933]	[ -13.69770607 -224.52388728   -8.73351733    1.29789671]        	[  0.58937403 -39.36705887   6.52970781   4.95164058]            	[10.39169154  6.16897526 18.08491756  6.95526276]
133	168  	[ 5.40749673 53.90899386  6.17151329  1.249082  ]	[ -13.69770607 -243.48997729   -8.73351733    1.28865024]        	[  0.72333105 -39.94705437   6.12698389   4.88997664]            	[10.39169154  6.16962901 18.08491756  6.94805385]
134	168  	[ 5.40926015 53.78059491  6.14741411  1.21906086]	[ -13.69770607 -243.48997729   -8.73351733    1.28865024]        	[  0.67178776 -40.79296546   6.18439902   4.9231148 ]            	[10.39169154  6.16962901 17.70622487  6.94901764]
135	168  	[ 5.43023225 51.24240534  6.06372776  1.1921928 ]	[ -13.69770607 -224.52388728   -5.44412417    1.27948842]        	[  0.83081967 -39.54521996   6.09964647   4.92524219]            	[10.39169154  6.19398271 17.73476365  6.94805385]
136	168  	[ 5.39129581 49.88519811  5.92934669  1.20642804]	[ -11.43235886 -224.52388728   -5.44412417    1.27948842]        	[  0.99923863 -37.26922953   6.15559226   4.91639813]            	[10.39169154  6.19398271 17.16443377  6.94805385]
137	168  	[ 5.46949112 49.1909501   5.82188407  1.13810319]	[ -11.42115258 -224.52388728   -5.44412417    1.29789671]        	[  1.02682016 -39.24363421   6.515242     4.94591143]            	[10.39169154  6.16897526 17.16443377  6.95037485]
138	168  	[ 5.24897141 49.0264428   5.79733992  1.15179347]	[ -11.42115258 -224.52388728   -5.44412417    1.29570314]        	[  1.16546728 -38.00306358   6.35259845   4.92054907]            	[10.39169154  6.17421328 17.16443377  6.95037485]
139	168  	[ 5.31750472 50.95669931  5.91034867  1.09822715]	[ -11.62808167 -224.52388728   -5.44412417    1.29570314]        	[  1.2377815  -40.06320741   6.44872378   4.95506802]            	[10.39169154  6.17421328 17.16443377  6.95037485]
140	168  	[ 5.46324593 52.06502831  5.92455021  1.07663593]	[ -11.62808167 -224.52388728   -5.44412417    1.29570314]        	[  1.49132155 -42.33118984   6.2176263    4.99155406]            	[10.39169154  6.17421328 17.16443377  6.95037485]
141	168  	[ 5.58962098 51.41649671  6.02173504  1.1343011 ]	[ -11.62808167 -224.52388728   -5.44412417    0.27032374]        	[  1.26222604 -43.02427916   6.27079515   4.9987409 ]            	[10.39169154  6.16231669 17.16443377  6.95038529]
142	168  	[ 5.31016332 48.96285137  6.02224613  1.05049847]	[ -11.62808167 -224.52388728   -5.44412417    2.17251036]        	[  1.51776505 -40.59928276   5.95457858   5.02002883]            	[10.39169154  6.16231669 17.16443377  6.95139837]
143	168  	[ 5.23046424 49.45313534  5.9438141   1.06934969]	[ -11.62808167 -224.52388728   -5.93577714    2.17251036]        	[  1.46998093 -39.12239874   5.97026259   5.0628428 ]            	[10.39169154  6.195913   17.16443377  6.9514019 ]
144	168  	[ 5.57532068 50.93179371  6.16361474  1.03834232]	[ -11.62808167 -221.26700459   -5.93577714    2.17251036]        	[  1.27955861 -40.21147339   5.7172853    5.0869602 ]            	[10.39169154  6.195913   16.48849692  6.95992214]
145	168  	[ 5.80076703 49.27949177  6.21897117  1.04226795]	[ -13.04931408 -236.78895122   -5.44412417    1.86143888]        	[  0.83939248 -46.58642609   6.21739877   5.12531958]            	[10.39169154  5.80730146 17.54723175  6.95992214]
146	168  	[ 5.61295406 50.31851552  6.10167489  1.06056525]	[ -13.04931408 -236.78895122   -5.44412417    1.86143888]        	[  0.85594475 -44.11319788   6.36717627   5.0806449 ]            	[10.39169154  5.63608739 17.54723175  6.95992214]
147	168  	[ 5.70229028 51.06315517  6.14274374  1.11789377]	[ -13.04931408 -236.78895122   -5.44412417    1.73875428]        	[  0.89114807 -41.82965534   5.968726     5.02008265]            	[10.39169154  6.10579087 17.54723175  6.95992214]
148	168  	[ 5.56496224 48.37709568  6.02059224  1.17740199]	[ -11.99333953 -221.43783786   -6.03442316    1.73875428]        	[  1.2618264  -41.52158737   5.9020986    4.96027314]            	[10.39169154  5.81086668 16.69866822  6.95992214]
149	168  	[ 5.22479443 46.59769844  5.96330789  1.23011585]	[ -10.63828572 -221.43783786   -6.03442316    1.73875428]        	[  1.40172788 -37.36320527   5.59309881   4.91020714]            	[10.39169154  5.54803685 16.69866822  6.95641361]
150	168  	[ 5.13150516 46.79002163  6.0305401   1.2820079 ]	[ -10.63828572 -221.43783786   -6.03442316    1.73875428]        	[  1.4331458  -36.18578585   5.66391202   4.84820338]            	[10.39169154  6.16356544 16.69866822  6.95656408]
151	168  	[ 5.29257217 46.06950579  6.01672427  1.27220174]	[ -10.68858156 -221.26700459   -6.08853555    1.73875428]        	[  1.4777043  -35.56963767   5.54425097   4.83440684]            	[10.39169154  6.03297889 16.48849692  6.95824291]
152	168  	[ 5.24425556 48.82017582  6.10999091  1.22952726]	[ -10.61119211 -221.26700459   -6.03442316    0.48361153]        	[  1.95189867 -39.34715      5.60322961   4.93783358]            	[10.39169154  6.0491322  16.48849692  6.95737143]
153	168  	[ 5.14124114 46.52237232  5.95147838  1.1682667 ]	[ -10.38303679 -221.26700459   -7.36415365    1.59187395]        	[  1.89860364 -36.69640137   5.40124805   4.93097117]            	[10.39169154  6.24167635 16.48849692  6.95737143]
154	168  	[ 5.39701887 48.9120602   5.93280813  1.23102461]	[ -13.27026788 -225.20774592   -6.03442316    1.59187395]        	[  1.52642312 -38.84460378   5.58789842   4.87556822]            	[10.39169154  6.24167635 16.84706197  6.95369405]
155	168  	[ 5.57552838 52.27874083  6.0635889   1.21811617]	[ -15.11577133 -253.5981749    -6.03442316    1.59187395]        	[  1.3950805  -43.30520995   5.80801698   4.95576566]            	[10.39169154  6.24167635 17.87635125  6.9626245 ]
156	168  	[ 5.79863364 53.09562996  6.13831969  1.27333251]	[ -15.11577133 -253.5981749    -8.85049793    1.64330028]        	[  1.21057366 -40.99946708   5.70521106   4.87852654]            	[10.39169154  6.24167635 17.87635125  6.97183924]
157	168  	[ 5.99176068 51.44276455  6.09782877  1.25594955]	[ -15.11577133 -253.5981749    -8.85049793    1.37415038]        	[  1.53995504 -41.36884372   5.37309767   4.86544176]            	[10.39169154  6.24167635 17.87635125  6.97183924]
158	168  	[ 5.93690989 52.06248694  5.79747507  1.2522812 ]	[ -15.11577133 -253.5981749    -8.85049793    1.64330028]        	[  1.26698722 -41.41823495   5.92714653   4.90853165]            	[10.39169154  6.24167635 17.87635125  6.97183924]
159	168  	[ 5.9400341  53.79379557  5.84800672  1.30000882]	[ -15.11577133 -253.5981749    -5.44412417    1.64330028]        	[  1.28497267 -41.77717353   5.86512485   4.84456308]            	[10.39169154  6.24167635 17.87635125  6.96845057]
160	168  	[ 6.02623057 56.86521386  6.15616133  1.23803404]	[ -15.11577133 -253.5981749    -5.44412417    1.64330028]        	[  1.03469885 -45.06875618   5.88451573   5.0289984 ]            	[10.39169154  6.24292051 17.87635125  6.98908183]
161	168  	[ 5.75022621 50.54929679  5.95787198  1.23906686]	[ -15.11577133 -252.42786081   -5.44412417    1.64330028]        	[  1.46307318 -42.90350437   5.73829645   4.9912317 ]            	[10.39169154  6.24292051 18.34089919  7.01315947]
162	168  	[ 5.70065182 55.97903375  5.88510697  1.19523313]	[ -15.11577133 -252.42786081  -13.89009259    1.59299287]        	[  1.12992596 -42.41938515   6.0406942    5.01438488]            	[10.39169154  6.24292051 18.34089919  7.01315947]
163	168  	[ 5.41443776 53.48689669  5.90955015  1.15622459]	[ -15.11577133 -252.42786081  -13.89009259    1.53655151]        	[  1.30682016 -40.99111549   5.93269671   4.99162331]            	[10.39169154  6.24083564 18.34089919  7.0157703 ]
164	168  	[ 5.7032944  56.93497902  6.18438366  1.24954699]	[ -15.11577133 -252.42786081  -13.89009259    1.53655151]        	[  1.12629091 -43.72964358   5.85410092   4.94157925]            	[10.39169154  6.24083564 18.34089919  7.0157703 ]
165	168  	[ 5.53358197 53.81148509  6.262779    1.2001023 ]	[ -15.11577133 -252.42786081  -13.89009259    1.5852218 ]        	[  1.42877741 -40.17075838   5.32157045   4.9334412 ]            	[10.39169154  6.24083564 18.34089919  6.96845057]
166	168  	[ 5.48974127 53.52285196  6.32886128  1.21660934]	[ -15.11577133 -252.42786081  -13.89009259    1.64762079]        	[  1.45674145 -41.40077826   5.53302592   4.88738461]            	[10.39169154  6.24083564 18.34089919  6.96845057]
167	168  	[ 5.70535097 54.0670133   6.46268096  1.21281113]	[ -15.11577133 -251.1984791   -13.89009259    1.64762079]        	[  1.37788446 -41.91324177   5.3845885    4.92323867]            	[10.39169154  6.24083564 17.65896544  6.96902676]
168	168  	[ 5.27285516 51.3102954   6.24126721  1.24184026]	[ -13.2652518  -251.1984791   -13.89009259    1.64762079]        	[  1.72732001 -37.776091     5.18091505   4.86820206]            	[10.39169154  6.23954058 18.26579804  6.96976558]
169	168  	[ 5.51796789 55.71421466  6.24626602  1.22992542]	[ -13.33392854 -251.1984791   -13.89009259    1.64762079]        	[  1.60389284 -40.93579787   5.49295867   4.89003368]            	[10.39169154  6.23954058 18.65599142  6.96002064]
170	168  	[ 5.30878126 51.97700926  6.08729282  1.26243769]	[ -13.24148825 -251.1984791   -13.89009259    1.52049789]        	[  1.81640447 -37.95394865   5.2837252    4.87007521]            	[10.39169154  6.16150969 17.88999523  6.9540814 ]
171	168  	[ 5.32833646 50.30826568  6.10736519  1.27432848]	[ -13.24148825 -251.1984791   -13.89009259    1.52049789]        	[  2.01730185 -38.17781374   5.1449275    4.85663094]            	[10.39169154  6.16150969 17.65896544  6.96416002]
172	168  	[ 5.56803006 52.1125608   6.13418777  1.24268806]	[ -13.24148825 -251.1984791   -13.89009259    1.4883956 ]        	[  1.80087382 -39.43424304   5.47000378   4.90870952]            	[10.39169154  6.23079935 17.65896544  6.96416002]
173	168  	[ 5.45672195 52.75804999  5.96199243  1.23680184]	[ -13.24148825 -251.1984791   -13.89009259    1.4883956 ]        	[  1.87058994 -38.77860652   5.67197632   4.87957732]            	[10.39169154  6.23079935 17.65896544  6.96416002]
174	168  	[ 5.64931752 51.99720134  5.85738172  1.23780665]	[ -17.87336552 -251.1984791   -13.89009259    1.4883956 ]        	[  1.7780011  -39.17883379   5.91356446   4.85655304]            	[10.39169154  6.23079935 17.65896544  6.95445779]
175	168  	[ 5.59875108 51.59737487  5.95263356  1.2473809 ]	[ -17.87336552 -251.1984791   -13.89009259    1.4883956 ]        	[  1.78844568 -39.53614412   5.69196652   4.88314136]            	[10.39169154  6.23079935 17.65896544  6.96187523]
176	168  	[ 5.80290909 53.65212522  6.13286261  1.23039377]	[ -17.87336552 -251.1984791   -13.89009259    1.4883956 ]        	[  1.71433026 -42.60070222   5.65952191   4.89332372]            	[10.39169154  6.23079935 17.65896544  6.95770366]
177	168  	[ 5.67317657 50.50291619  6.04626712  1.2034177 ]	[ -17.87336552 -251.1984791   -13.89009259    1.48575737]        	[  1.71634578 -40.24516932   5.58054448   4.915451  ]            	[10.39169154  6.23538815 17.65896544  6.95508513]
178	168  	[ 5.6446481  50.20708183  6.1191788   1.28324656]	[ -17.87336552 -251.1984791   -13.89009259    1.48575737]        	[  1.5328366  -38.73940388   5.53589482   4.90996009]            	[10.39169154  6.23538815 17.65896544  6.95508513]
179	168  	[ 6.0551456  52.13676547  6.27244782  1.28157341]	[ -17.87336552 -251.1984791   -13.89009259    1.48575737]        	[  1.56837182 -41.15722538   5.49069179   4.87520539]            	[10.39169154  6.23538815 17.65896544  6.96617322]
180	168  	[ 5.95022518 51.81593832  6.23382934  1.27759492]	[ -17.87336552 -251.1984791   -13.89009259    1.48575737]        	[  1.58228707 -40.9464415    5.37985193   4.87466309]            	[10.39169154  6.23538815 17.65896544  6.96617322]
181	168  	[ 5.88528635 50.35769092  6.3764696   1.27201013]	[ -17.87336552 -251.1984791   -13.89009259    1.48575737]        	[  1.53239654 -40.89611182   5.29726145   4.88439633]            	[10.39169154  6.23538815 17.65896544  6.95508513]
182	168  	[ 5.94558188 50.21006707  6.24603265  1.22340596]	[ -17.87336552 -251.1984791   -13.89009259    1.60022581]        	[  1.59142909 -42.14245884   5.29378306   4.94306047]            	[10.39169154  6.22411069 17.65896544  6.95497616]
183	168  	[ 5.80830184 49.64255331  6.20756943  1.26128768]	[ -17.87336552 -251.1984791   -13.89009259    1.53583152]        	[  1.76437401 -41.36420662   5.18738962   4.91359893]            	[10.39169154  6.22874751 17.65896544  6.95497616]
184	168  	[ 5.81529618 50.64193925  6.14774956  1.22711777]	[ -17.87336552 -251.1984791   -13.89009259    1.53583152]        	[  1.67461251 -41.72810346   5.22168917   4.93277565]            	[10.39169154  6.22874751 17.65896544  6.95900946]
185	168  	[ 5.94399548 51.02530874  6.24824709  1.24680669]	[ -17.87336552 -251.1984791   -13.89009259    1.65719094]        	[  1.80264    -42.1953247    5.05971077   4.91447139]            	[10.39169154  6.20550768 17.65896544  6.95900946]
186	168  	[ 5.8335633  50.72075229  6.19071621  1.20915548]	[ -17.87336552 -251.1984791   -13.89009259    1.65719094]        	[  1.77758815 -42.39202821   5.33995833   4.98048966]            	[10.39169154  6.20550768 17.65896544  6.95900946]
187	168  	[ 5.86548706 51.03240324  6.12579783  1.26454726]	[ -17.87336552 -251.1984791   -13.89009259    1.65719094]        	[  1.76792691 -40.96798658   4.98062952   4.93891149]            	[10.39169154  6.20550768 17.65896544  6.95900946]
188	168  	[ 5.80654422 50.77661794  6.19700811  1.25415504]	[ -17.87336552 -251.1984791   -13.89009259    1.65719094]        	[  1.83470866 -41.72856052   4.95136566   4.91727423]            	[10.39169154  6.20550768 17.65896544  6.95201707]
189	168  	[ 5.84665486 50.91158356  6.2707147   1.19994935]	[ -17.87336552 -251.1984791   -13.89009259    1.65719094]        	[  1.82748557 -41.87993787   4.89334383   4.9620741 ]            	[10.39169154  6.20550768 17.67921196  6.95201707]
190	168  	[ 5.92412358 51.02821079  6.30294739  1.21449443]	[ -17.87336552 -251.1984791   -13.89009259    1.63014141]        	[  1.90576376 -42.9788039    4.94939339   4.91878619]            	[10.39169154  6.20550768 17.67921196  6.95201707]
191	168  	[ 5.9385628  52.01033277  6.21108077  1.22196623]	[ -17.87336552 -251.1984791   -13.89009259    1.65719094]        	[  1.83089781 -43.51262048   4.99317232   4.92400786]            	[10.39169154  6.20550768 17.65896544  6.95201707]
192	168  	[ 5.92363143 51.01756049  6.18289451  1.22367042]	[ -17.87336552 -251.1984791   -13.89009259    1.60787117]        	[  1.90951086 -42.59115275   4.88882635   4.93429549]            	[10.39169154  6.20550768 17.65896544  6.95201707]
193	168  	[ 5.85250889 51.58340465  6.16138057  1.26183104]	[ -17.87336552 -251.1984791   -13.89009259    1.60787117]        	[  1.64386808 -42.74288838   5.09601653   4.95157677]            	[10.39169154  6.20550768 17.65896544  6.96530889]
194	168  	[ 5.96376242 52.51639173  6.14142607  1.21150687]	[-1.78733655e+01 -2.51198479e+02 -1.38900926e+01  3.29638265e-02]	[  1.42418873 -42.4282533    5.21359555   5.01862539]            	[10.39169154  6.20550768 17.65896544  6.97096148]
195	168  	[ 5.63954373 45.64326169  5.97591985  1.25894077]	[-1.78733655e+01 -2.22279461e+02 -1.38900926e+01  3.29638265e-02]	[  1.84397159 -38.23745208   5.10095964   4.94318296]            	[10.39169154  6.18181086 17.74363671  6.95954242]
196	168  	[ 5.71764532 46.48878564  6.10580469  1.18148541]	[-1.78733655e+01 -2.22279461e+02 -1.38900926e+01  3.29638265e-02]	[  1.80092938 -39.96675867   5.2158787    4.98897624]            	[10.39169154  6.18181086 17.74363671  6.95498164]
197	168  	[ 5.8946943  48.11512268  6.1471324   1.17511134]	[-1.78733655e+01 -2.22279461e+02 -1.38900926e+01  3.29638265e-02]	[  1.71460788 -40.536439     5.14426969   4.99603819]            	[10.39169154  6.18181086 17.74363671  6.94718055]
198	168  	[ 5.66599745 45.83106782  5.9289257   1.21020469]	[-1.78733655e+01 -2.22279461e+02 -1.38900926e+01  3.29638265e-02]	[  1.87768104 -37.59045402   4.9588663    4.91669148]            	[10.39169154  6.18181086 17.74363671  6.94718055]
199	168  	[ 5.86491279 46.69876847  6.03267631  1.21640626]	[-1.78733655e+01 -2.22279461e+02 -1.38900926e+01  3.29638265e-02]	[  1.70502442 -37.2756335    4.83166073   4.93522447]            	[10.39169154  6.18181086 17.74363671  6.94719008]
[1, 10, 9, 1, 7, 2, 2, 3, 8, 10, 9, 10, 1, 5, 9, 2, 3, 7, 2, 6, 9, 10, 3, 1, 7, 5, 3, 8, 8, 9, 10, 1]
(6.848523530848933, 0.9320503917006736, 0.1578191831309959, 0.03296382654961037)
[1, 10, 8, 1, 10, 9, 9, 8, 1, 6, 4, 9, 6, 6, 10, 2, 9, 9, 2, 9, 9, 10, 3, 1, 7, 3, 8, 9, 10, 1, 1, 5]
(-1.5516770044232544, 6.1818108605011055, 2.682634374529541, 1.6078711690793013)
[1, 10, 8, 1, 10, 9, 9, 8, 1, 6, 4, 9, 6, 6, 10, 2, 9, 9, 2, 9, 9, 10, 3, 1, 7, 3, 8, 9, 10, 1, 1, 5]
(-1.5516770044232544, 6.1818108605011055, 2.682634374529541, 1.6078711690793013)
[1, 10, 8, 1, 10, 9, 9, 8, 1, 6, 4, 9, 6, 6, 10, 2, 9, 9, 2, 9, 9, 10, 3, 1, 7, 3, 8, 9, 10, 1, 1, 5]
(-1.5516770044232544, 6.1818108605011055, 2.682634374529541, 1.6078711690793013)
[1, 10, 6, 7, 1, 2, 4, 4, 8, 7, 6, 10, 1, 5, 9, 2, 3, 7, 2, 8, 9, 10, 3, 1, 7, 3, 5, 9, 10, 1, 1, 1]
(-0.13502103177461605, 6.034469416420418, 2.7724644787583506, 2.1516843834589983)
[1, 10, 6, 1, 10, 9, 9, 8, 1, 6, 4, 9, 7, 6, 10, 7, 10, 9, 2, 6, 9, 10, 3, 1, 7, 5, 2, 9, 8, 9, 10, 6]
(5.280147911057146, 4.186268780507099, 7.126365472800938, 2.371853099649689)
[1, 10, 6, 1, 10, 9, 9, 8, 1, 6, 4, 9, 7, 6, 10, 7, 10, 9, 2, 6, 9, 10, 3, 1, 7, 5, 2, 9, 8, 9, 10, 6]
(5.280147911057146, 4.186268780507099, 7.126365472800938, 2.371853099649689)
[1, 10, 6, 1, 10, 9, 9, 8, 1, 6, 4, 9, 7, 6, 10, 7, 10, 9, 2, 6, 9, 10, 3, 1, 7, 5, 2, 9, 8, 9, 10, 6]
(5.280147911057146, 4.186268780507099, 7.126365472800938, 2.371853099649689)
[1, 10, 6, 1, 10, 9, 9, 8, 1, 6, 4, 9, 7, 6, 10, 7, 10, 9, 2, 6, 9, 10, 3, 1, 7, 5, 2, 9, 8, 9, 10, 6]
(5.280147911057146, 4.186268780507099, 7.126365472800938, 2.371853099649689)
[1, 10, 6, 1, 10, 4, 9, 8, 1, 6, 4, 9, 7, 6, 10, 7, 10, 9, 2, 6, 9, 10, 3, 1, 7, 5, 2, 9, 8, 9, 10, 6]
(5.216562442166717, 4.298488336101088, 2.2769705156640487, 2.495770288011889)
[1, 10, 6, 1, 10, 4, 9, 8, 1, 6, 4, 9, 7, 6, 10, 7, 10, 9, 2, 6, 9, 10, 3, 1, 7, 5, 2, 9, 8, 9, 10, 6]
(5.216562442166717, 4.298488336101088, 2.2769705156640487, 2.495770288011889)
[2, 10, 3, 1, 9, 2, 5, 4, 8, 10, 5, 10, 1, 2, 10, 2, 10, 7, 2, 6, 9, 10, 3, 1, 10, 3, 8, 4, 10, 8, 9, 1]
(9.441059324878733, -14.535575426029764, 0.039889892916113626, 2.5020562080478164)
[2, 10, 3, 1, 9, 2, 5, 4, 8, 10, 5, 10, 1, 2, 10, 2, 10, 7, 2, 6, 9, 10, 3, 1, 10, 3, 8, 4, 10, 8, 9, 1]
(9.441059324878733, -14.535575426029764, 0.039889892916113626, 2.5020562080478164)
[2, 10, 3, 1, 9, 2, 5, 4, 8, 10, 5, 10, 1, 2, 10, 2, 10, 7, 2, 6, 9, 10, 3, 1, 10, 3, 8, 4, 10, 8, 9, 1]
(9.441059324878733, -14.535575426029764, 0.039889892916113626, 2.5020562080478164)
[2, 10, 3, 1, 9, 2, 5, 4, 8, 10, 5, 10, 1, 2, 10, 2, 10, 7, 2, 6, 9, 10, 3, 1, 10, 3, 8, 4, 10, 8, 9, 1]
(9.441059324878733, -14.535575426029764, 0.039889892916113626, 2.5020562080478164)
[1, 10, 6, 1, 10, 4, 9, 8, 1, 6, 4, 9, 7, 6, 10, 7, 10, 9, 2, 6, 9, 10, 3, 1, 7, 5, 2, 9, 8, 9, 10, 6]
(4.691733234642742, 3.078909313448226, 1.5401422796377022, 2.6881792028798994)
[2, 10, 3, 1, 3, 2, 5, 4, 8, 10, 6, 10, 1, 2, 10, 2, 9, 7, 2, 6, 9, 10, 3, 1, 7, 6, 8, 4, 8, 8, 9, 1]
(8.794490476164311, -21.629088770784644, 0.05269870141298524, 2.7212656074382404)
[1, 10, 6, 1, 10, 4, 9, 8, 1, 6, 4, 9, 7, 6, 10, 7, 10, 9, 2, 6, 9, 10, 3, 1, 8, 3, 3, 9, 8, 9, 10, 6]
(3.9835195037079645, 4.453519562636264, 1.6481948678509635, 2.8363976118967407)
[7, 8, 1, 6, 7, 4, 2, 2, 8, 10, 1, 1, 6, 2, 8, 2, 10, 9, 4, 8, 9, 10, 3, 1, 10, 3, 5, 9, 1, 4, 5, 5]
(-3.269853512643397, 6.035809293589324, 0.5264230132850187, 3.097325543900246)
[7, 8, 1, 6, 7, 4, 2, 2, 8, 10, 1, 1, 6, 2, 8, 2, 10, 9, 4, 8, 9, 10, 3, 1, 10, 3, 5, 9, 1, 4, 5, 5]
(-3.269853512643397, 6.035809293589324, 0.5264230132850187, 3.097325543900246)
[2, 10, 5, 1, 9, 2, 5, 4, 8, 10, 5, 7, 1, 2, 10, 2, 10, 7, 2, 6, 9, 10, 3, 1, 9, 6, 8, 4, 8, 8, 9, 1]
(6.428500477388195, -3.4434881782298024, -0.5682860796289844, 3.3130917300408793)
[2, 10, 3, 1, 9, 2, 5, 4, 8, 10, 5, 10, 1, 2, 10, 2, 10, 7, 2, 6, 9, 10, 3, 1, 7, 6, 8, 4, 8, 8, 9, 1]
(9.87613184390592, -11.481637843415912, -0.2676754233893398, 3.3830759838352202)
[2, 10, 3, 1, 3, 2, 5, 4, 8, 10, 5, 10, 7, 2, 10, 2, 9, 7, 2, 6, 9, 10, 3, 1, 8, 6, 8, 4, 8, 8, 9, 1]
(6.437816057379575, -1.8118402458115337, -1.6078391663992537, 3.4174005642251286)
[1, 10, 6, 1, 9, 2, 1, 4, 8, 10, 5, 10, 4, 3, 10, 2, 10, 7, 2, 6, 9, 10, 3, 1, 9, 1, 8, 9, 8, 8, 9, 1]
(6.010834658436568, -15.570102378864656, -0.6222808767325925, 3.5401104921025777)
[1, 10, 6, 1, 9, 2, 1, 4, 8, 10, 5, 10, 4, 3, 10, 2, 10, 7, 2, 6, 9, 10, 3, 1, 9, 1, 8, 9, 8, 8, 9, 1]
(6.010834658436568, -15.570102378864656, -0.6222808767325925, 3.5401104921025777)
[2, 10, 3, 1, 9, 2, 5, 4, 8, 10, 5, 10, 1, 2, 10, 2, 10, 7, 2, 6, 9, 10, 3, 1, 7, 6, 3, 4, 8, 8, 9, 1]
(8.825734198951794, -17.561047501095032, -1.223150991210879, 3.6009945449465577)
[1, 10, 6, 1, 4, 2, 2, 4, 7, 7, 5, 10, 1, 4, 9, 2, 4, 9, 5, 9, 9, 10, 3, 8, 2, 3, 3, 9, 8, 8, 9, 6]
(3.2987957601466285, -13.76223254460161, 8.661625265127203, 3.6644461969621243)
[2, 10, 3, 1, 3, 2, 5, 4, 8, 10, 5, 10, 1, 2, 10, 2, 9, 7, 2, 6, 9, 10, 3, 1, 7, 6, 8, 4, 8, 8, 9, 1]
(7.024379734245471, -36.5258119676807, 0.5349227478883587, 3.7587340023935667)
[2, 10, 3, 1, 3, 2, 5, 4, 8, 10, 5, 10, 1, 2, 10, 2, 9, 7, 2, 6, 9, 10, 3, 1, 7, 6, 8, 4, 8, 8, 9, 1]
(7.024379734245471, -36.5258119676807, 0.5349227478883587, 3.7587340023935667)
[2, 10, 3, 10, 9, 2, 5, 4, 8, 10, 5, 10, 1, 1, 10, 2, 10, 7, 2, 6, 9, 10, 3, 1, 7, 5, 3, 4, 8, 8, 9, 3]
(9.081450365069127, -54.79622532269453, 0.7385534832389649, 3.9402884266698437)
[2, 10, 3, 10, 9, 2, 5, 4, 8, 10, 5, 10, 1, 1, 10, 2, 10, 7, 2, 6, 9, 10, 3, 1, 7, 5, 3, 4, 8, 8, 9, 3]
(9.081450365069127, -54.79622532269453, 0.7385534832389649, 3.9402884266698437)
[2, 10, 3, 10, 9, 2, 5, 4, 8, 10, 5, 10, 1, 1, 10, 2, 10, 7, 2, 6, 9, 10, 3, 1, 7, 5, 3, 4, 8, 8, 9, 3]
(9.081450365069127, -54.79622532269453, 0.7385534832389649, 3.9402884266698437)
[2, 10, 3, 10, 9, 2, 5, 4, 8, 10, 5, 10, 1, 1, 10, 2, 10, 7, 2, 6, 9, 10, 3, 1, 7, 5, 3, 4, 8, 8, 9, 3]
(9.081450365069127, -54.79622532269453, 0.7385534832389649, 3.9402884266698437)
[2, 10, 7, 1, 9, 2, 5, 4, 8, 10, 5, 10, 1, 2, 10, 2, 10, 7, 2, 6, 9, 10, 3, 1, 10, 2, 8, 4, 8, 8, 9, 1]
(9.540612799505992, -63.30714587664815, -0.28388019565636147, 4.154398693825595)
[1, 10, 3, 1, 9, 2, 5, 4, 8, 10, 5, 10, 2, 2, 5, 2, 10, 9, 4, 8, 9, 10, 3, 1, 9, 5, 5, 9, 8, 9, 10, 7]
(3.5640780107159, 4.627040258471334, 0.03840066418799909, 4.15553054460561)
[1, 10, 3, 1, 9, 2, 5, 4, 8, 10, 5, 10, 2, 2, 5, 2, 10, 9, 4, 8, 9, 10, 3, 1, 9, 5, 5, 9, 8, 9, 10, 7]
(3.5640780107159, 4.627040258471334, 0.03840066418799909, 4.15553054460561)
[1, 10, 10, 1, 4, 2, 1, 4, 8, 10, 5, 10, 4, 2, 8, 2, 10, 9, 4, 8, 9, 9, 3, 8, 2, 6, 3, 9, 4, 9, 10, 1]
(2.2801279095768643, -0.36843395508453103, 9.513272900912485, 4.245946770207111)
[2, 10, 3, 1, 9, 2, 5, 4, 8, 10, 5, 10, 1, 2, 10, 2, 10, 7, 2, 6, 9, 10, 3, 1, 7, 6, 8, 4, 8, 8, 9, 1]
(9.616192187182605, -31.375687363269662, -1.7421788515038954, 4.250350870074808)
[2, 10, 3, 1, 9, 2, 5, 4, 8, 10, 5, 10, 1, 2, 10, 2, 10, 7, 2, 6, 9, 10, 3, 1, 7, 6, 8, 4, 8, 8, 9, 1]
(9.616192187182605, -31.375687363269662, -1.7421788515038954, 4.250350870074808)
[2, 10, 3, 1, 9, 2, 5, 4, 8, 10, 5, 10, 1, 2, 10, 2, 10, 7, 2, 6, 9, 10, 3, 1, 7, 6, 8, 4, 8, 8, 9, 1]
(9.616192187182605, -31.375687363269662, -1.7421788515038954, 4.250350870074808)
[2, 10, 3, 1, 9, 2, 5, 4, 8, 10, 5, 10, 1, 2, 10, 2, 10, 7, 2, 6, 9, 10, 3, 1, 7, 6, 8, 4, 8, 8, 9, 1]
(9.616192187182605, -31.375687363269662, -1.7421788515038954, 4.250350870074808)
[2, 10, 3, 1, 9, 2, 5, 4, 8, 10, 5, 10, 1, 2, 10, 2, 10, 7, 2, 6, 9, 10, 3, 1, 9, 1, 8, 4, 8, 8, 9, 1]
(9.556213011431272, -68.3698093528054, -0.31673799812093456, 4.305940611376393)
[2, 10, 4, 1, 9, 2, 5, 4, 8, 10, 5, 10, 1, 2, 10, 2, 10, 7, 2, 6, 9, 10, 3, 1, 10, 3, 8, 4, 8, 8, 9, 1]
(7.365614764623341, -76.19937073194446, -0.8027037273757702, 4.411032145635076)
[2, 10, 10, 1, 4, 2, 1, 4, 8, 7, 6, 10, 1, 5, 9, 2, 3, 7, 2, 8, 9, 10, 3, 10, 7, 3, 5, 9, 8, 9, 10, 1]
(3.234328315724622, 4.291886115058317, 5.883583233942589, 4.5108093296308684)
[2, 10, 10, 1, 4, 2, 1, 4, 8, 7, 6, 10, 1, 5, 9, 2, 3, 7, 2, 8, 9, 10, 3, 10, 7, 3, 5, 9, 8, 9, 10, 1]
(3.234328315724622, 4.291886115058317, 5.883583233942589, 4.5108093296308684)
[2, 10, 3, 1, 9, 2, 5, 4, 8, 10, 5, 10, 1, 2, 10, 2, 10, 7, 2, 6, 9, 10, 3, 1, 10, 3, 8, 4, 8, 8, 9, 1]
(9.956236716466254, -70.78452093312596, -1.2863326941190043, 4.634176295925251)
[2, 10, 3, 1, 9, 2, 5, 4, 8, 10, 5, 10, 1, 2, 10, 2, 10, 7, 2, 6, 9, 10, 3, 1, 10, 3, 8, 4, 8, 8, 9, 1]
(9.956236716466254, -70.78452093312596, -1.2863326941190043, 4.634176295925251)
[1, 10, 10, 4, 1, 2, 1, 4, 8, 7, 5, 10, 1, 8, 6, 2, 4, 9, 5, 9, 9, 10, 3, 1, 6, 5, 2, 9, 8, 9, 10, 2]
(1.9339408854748386, -65.14847028296575, 12.974422106454329, 4.728105991993447)
[1, 10, 10, 4, 1, 2, 1, 4, 8, 7, 5, 10, 1, 8, 6, 2, 4, 9, 5, 9, 9, 10, 3, 1, 6, 5, 2, 9, 8, 9, 10, 2]
(2.304658342767013, -45.2225949051426, 12.425892913915545, 4.7680722669382565)
[1, 10, 10, 4, 1, 2, 1, 4, 8, 7, 5, 10, 1, 8, 6, 2, 4, 9, 5, 9, 9, 10, 3, 1, 6, 5, 2, 9, 8, 9, 10, 2]
(2.304658342767013, -45.2225949051426, 12.425892913915545, 4.7680722669382565)
[1, 10, 10, 4, 1, 2, 1, 4, 8, 7, 5, 10, 1, 8, 6, 2, 4, 9, 5, 9, 9, 10, 3, 1, 6, 5, 2, 9, 8, 9, 10, 2]
(2.304658342767013, -45.2225949051426, 12.425892913915545, 4.7680722669382565)
[1, 10, 6, 1, 4, 2, 2, 4, 7, 7, 5, 10, 1, 4, 9, 2, 4, 9, 5, 9, 9, 10, 3, 1, 8, 3, 3, 9, 8, 8, 9, 6]
(2.1259728037215497, -22.901201797619347, 9.742843980260982, 4.7699963331154835)
[1, 10, 6, 1, 4, 2, 2, 4, 7, 7, 5, 10, 1, 4, 9, 2, 4, 9, 5, 9, 9, 10, 3, 1, 8, 3, 3, 9, 8, 8, 9, 6]
(2.1259728037215497, -22.901201797619347, 9.742843980260982, 4.7699963331154835)
[1, 10, 6, 1, 4, 2, 2, 4, 7, 7, 5, 10, 1, 4, 9, 2, 4, 9, 5, 9, 9, 10, 3, 1, 8, 3, 3, 9, 8, 8, 9, 6]
(2.1259728037215497, -22.901201797619347, 9.742843980260982, 4.7699963331154835)
[2, 10, 10, 4, 1, 2, 1, 4, 8, 7, 5, 10, 2, 1, 8, 2, 4, 9, 5, 9, 9, 10, 3, 1, 8, 3, 5, 9, 8, 9, 10, 2]
(-0.7635053065212665, -54.790131975994704, 11.265153913236094, 4.976638761330476)
[2, 10, 10, 4, 1, 2, 1, 4, 8, 7, 5, 10, 2, 1, 8, 2, 4, 9, 5, 9, 9, 10, 3, 1, 8, 3, 5, 9, 8, 9, 10, 2]
(-0.7635053065212665, -54.790131975994704, 11.265153913236094, 4.976638761330476)
[2, 10, 10, 4, 1, 2, 1, 4, 8, 7, 5, 10, 2, 1, 8, 2, 4, 9, 5, 9, 9, 10, 3, 1, 8, 3, 5, 9, 8, 9, 10, 2]
(-0.7635053065212665, -54.790131975994704, 11.265153913236094, 4.976638761330476)
[1, 10, 10, 1, 4, 2, 2, 4, 7, 7, 5, 10, 1, 5, 9, 2, 4, 9, 5, 9, 9, 10, 3, 1, 8, 3, 3, 9, 8, 9, 10, 1]
(2.108478644290241, -95.78724184816514, 12.167324511474797, 4.98003830602909)
[1, 10, 10, 1, 4, 2, 2, 4, 7, 7, 5, 10, 1, 5, 9, 2, 4, 9, 5, 9, 9, 10, 3, 1, 8, 3, 3, 9, 8, 9, 10, 1]
(2.108478644290241, -95.78724184816514, 12.167324511474797, 4.98003830602909)
[1, 10, 10, 1, 4, 2, 2, 4, 7, 7, 5, 10, 1, 5, 9, 2, 4, 9, 5, 9, 9, 10, 3, 1, 8, 3, 3, 9, 8, 9, 10, 1]
(2.108478644290241, -95.78724184816514, 12.167324511474797, 4.98003830602909)
[2, 10, 10, 4, 1, 2, 1, 4, 8, 7, 8, 10, 1, 8, 6, 2, 4, 9, 5, 9, 9, 10, 3, 1, 6, 5, 5, 9, 8, 9, 10, 2]
(-0.9930050020998464, -54.708223434916334, 10.730643901502098, 5.051369621455446)
[2, 10, 10, 4, 1, 2, 1, 4, 8, 7, 8, 10, 1, 8, 6, 2, 4, 9, 5, 9, 9, 10, 3, 1, 6, 5, 5, 9, 8, 9, 10, 2]
(-0.9930050020998464, -54.708223434916334, 10.730643901502098, 5.051369621455446)
[1, 10, 9, 1, 7, 2, 2, 3, 8, 10, 5, 10, 1, 5, 9, 2, 3, 7, 2, 6, 9, 10, 3, 1, 7, 5, 3, 8, 8, 9, 10, 1]
(9.144716888423485, -19.615201457790292, -13.890092590712731, 5.072950188084865)
[1, 10, 6, 1, 5, 2, 8, 4, 8, 10, 5, 9, 1, 3, 10, 2, 10, 7, 2, 6, 9, 10, 3, 1, 6, 5, 2, 9, 8, 9, 10, 2]
(4.60666776959074, -18.132495751867758, 0.931827334711894, 5.095301683591001)
[1, 10, 10, 1, 4, 2, 1, 4, 8, 10, 5, 10, 2, 9, 10, 8, 10, 8, 4, 6, 9, 10, 3, 1, 9, 6, 3, 9, 4, 9, 10, 1]
(-1.560774294850535, -4.622905714575696, 5.019689171768013, 5.208087482129925)
[1, 10, 10, 1, 4, 2, 1, 4, 8, 10, 5, 10, 2, 9, 10, 8, 10, 8, 4, 6, 9, 10, 3, 1, 9, 6, 3, 9, 4, 9, 10, 1]
(-1.560774294850535, -4.622905714575696, 5.019689171768013, 5.208087482129925)
[1, 10, 7, 8, 4, 2, 1, 4, 8, 10, 5, 10, 2, 2, 10, 2, 10, 8, 2, 6, 9, 10, 3, 1, 9, 5, 5, 9, 8, 9, 10, 1]
(10.391691541231692, -31.837988273012975, -5.444124168379691, 5.219716873237577)
[1, 10, 7, 8, 4, 2, 1, 4, 8, 10, 5, 10, 2, 2, 10, 2, 10, 8, 2, 6, 9, 10, 3, 1, 9, 5, 5, 9, 8, 9, 10, 1]
(10.391691541231692, -31.837988273012975, -5.444124168379691, 5.219716873237577)
[1, 10, 7, 8, 4, 2, 1, 4, 8, 10, 5, 10, 2, 2, 10, 2, 10, 8, 2, 6, 9, 10, 3, 1, 9, 5, 5, 9, 8, 9, 10, 1]
(10.391691541231692, -31.837988273012975, -5.444124168379691, 5.219716873237577)
[1, 10, 7, 8, 4, 2, 1, 4, 8, 10, 5, 10, 2, 2, 10, 2, 10, 8, 2, 6, 9, 10, 3, 1, 9, 5, 5, 9, 8, 9, 10, 1]
(10.391691541231692, -31.837988273012975, -5.444124168379691, 5.219716873237577)
[1, 10, 10, 5, 4, 2, 2, 4, 8, 7, 6, 10, 1, 1, 9, 2, 4, 9, 5, 9, 9, 10, 3, 8, 8, 3, 5, 9, 8, 9, 10, 1]
(6.576479898094659, -67.44021432310065, 1.2836396574391662, 5.252149169710335)
[1, 10, 10, 5, 4, 2, 2, 4, 8, 7, 6, 10, 1, 1, 9, 2, 4, 9, 5, 9, 9, 10, 3, 8, 8, 3, 5, 9, 8, 9, 10, 1]
(6.576479898094659, -67.44021432310065, 1.2836396574391662, 5.252149169710335)
[1, 10, 10, 5, 4, 2, 2, 4, 8, 7, 6, 10, 1, 1, 9, 2, 4, 9, 5, 9, 9, 10, 3, 8, 8, 3, 5, 9, 8, 9, 10, 1]
(6.576479898094659, -67.44021432310065, 1.2836396574391662, 5.252149169710335)
[1, 10, 10, 1, 4, 2, 1, 4, 8, 7, 6, 10, 1, 5, 7, 2, 4, 9, 2, 6, 9, 10, 5, 1, 8, 6, 3, 9, 8, 9, 10, 1]
(6.398690555740859, 1.0055707145326411, -2.5074420651385, 5.264876010329681)
[1, 10, 10, 1, 4, 2, 1, 4, 8, 7, 6, 10, 1, 5, 7, 2, 4, 9, 2, 6, 9, 10, 5, 1, 8, 6, 3, 9, 8, 9, 10, 1]
(6.398690555740859, 1.0055707145326411, -2.5074420651385, 5.264876010329681)
[1, 10, 7, 8, 4, 2, 1, 4, 8, 10, 5, 10, 2, 2, 10, 2, 10, 9, 4, 8, 9, 9, 3, 8, 2, 6, 3, 9, 4, 9, 10, 1]
(2.2541328633133038, -21.97067982526651, 4.650685913629037, 5.300828097681155)
[1, 10, 7, 8, 4, 2, 1, 4, 8, 10, 5, 10, 2, 2, 10, 2, 10, 9, 4, 8, 9, 9, 3, 8, 2, 6, 3, 9, 4, 9, 10, 1]
(2.2541328633133038, -21.97067982526651, 4.650685913629037, 5.300828097681155)
[1, 10, 7, 8, 4, 2, 1, 4, 8, 10, 5, 10, 2, 2, 10, 2, 10, 9, 4, 8, 9, 9, 3, 8, 2, 6, 3, 9, 4, 9, 10, 1]
(2.2541328633133038, -21.97067982526651, 4.650685913629037, 5.300828097681155)
[1, 10, 7, 8, 4, 2, 1, 4, 8, 10, 5, 10, 2, 2, 10, 2, 10, 9, 4, 8, 9, 9, 3, 8, 2, 6, 3, 9, 4, 9, 10, 1]
(2.2541328633133038, -21.97067982526651, 4.650685913629037, 5.300828097681155)
[1, 10, 6, 1, 8, 2, 1, 4, 7, 10, 5, 10, 2, 1, 8, 2, 4, 9, 5, 9, 9, 10, 3, 1, 8, 3, 5, 9, 8, 9, 10, 1]
(3.582462245156077, -46.82308312097689, 10.518436844103451, 5.31315653482931)
[1, 10, 6, 1, 8, 2, 1, 4, 7, 10, 5, 10, 2, 1, 8, 2, 4, 9, 5, 9, 9, 10, 3, 1, 8, 3, 5, 9, 8, 9, 10, 1]
(3.582462245156077, -46.82308312097689, 10.518436844103451, 5.31315653482931)
[1, 10, 6, 1, 8, 2, 1, 4, 7, 10, 5, 10, 2, 1, 8, 2, 4, 9, 5, 9, 9, 10, 3, 1, 8, 3, 5, 9, 8, 9, 10, 1]
(3.582462245156077, -46.82308312097689, 10.518436844103451, 5.31315653482931)
[1, 10, 6, 1, 8, 2, 1, 4, 7, 10, 5, 10, 2, 1, 8, 2, 4, 9, 5, 9, 9, 10, 3, 1, 8, 3, 5, 9, 8, 9, 10, 1]
(3.582462245156077, -46.82308312097689, 10.518436844103451, 5.31315653482931)
[1, 10, 10, 1, 4, 2, 1, 4, 8, 10, 5, 10, 4, 2, 8, 2, 10, 9, 4, 8, 9, 9, 3, 8, 2, 6, 4, 9, 4, 9, 10, 1]
(0.15510306124469952, -27.69874780817883, 9.49419716033859, 5.323409470267637)
[1, 10, 10, 1, 4, 2, 1, 4, 8, 10, 5, 10, 4, 2, 8, 2, 10, 9, 4, 8, 9, 9, 3, 8, 2, 6, 4, 9, 4, 9, 10, 1]
(0.15510306124469952, -27.69874780817883, 9.49419716033859, 5.323409470267637)
[1, 10, 10, 1, 4, 2, 1, 4, 8, 10, 5, 10, 4, 2, 8, 2, 10, 9, 4, 8, 9, 9, 3, 8, 2, 6, 4, 9, 4, 9, 10, 1]
(0.15510306124469952, -27.69874780817883, 9.49419716033859, 5.323409470267637)
[1, 10, 6, 7, 7, 2, 1, 4, 8, 7, 5, 10, 1, 2, 8, 2, 10, 2, 4, 8, 9, 10, 3, 1, 10, 3, 5, 9, 4, 8, 9, 1]
(-2.5703301164328876, 3.057973256256305, 5.242228067796088, 5.334146895833963)
[1, 10, 6, 7, 7, 2, 1, 4, 8, 7, 5, 10, 1, 2, 8, 2, 10, 2, 4, 8, 9, 10, 3, 1, 10, 3, 5, 9, 4, 8, 9, 1]
(-2.5703301164328876, 3.057973256256305, 5.242228067796088, 5.334146895833963)
[1, 10, 10, 1, 4, 2, 1, 4, 8, 7, 6, 10, 1, 5, 7, 2, 4, 9, 2, 6, 9, 10, 5, 1, 8, 6, 3, 9, 8, 9, 10, 1]
(6.86374998623846, -1.5244724584322267, -2.8911978036037733, 5.361455121305556)
[1, 10, 10, 1, 4, 2, 1, 4, 8, 7, 6, 10, 1, 5, 7, 2, 4, 9, 2, 6, 9, 10, 5, 1, 8, 6, 10, 9, 8, 9, 10, 1]
(6.073776760469161, -7.026950792107162, -2.395418138792854, 5.393187504975712)
[1, 10, 10, 1, 4, 2, 2, 4, 8, 10, 5, 10, 4, 2, 7, 2, 10, 8, 2, 6, 9, 10, 3, 1, 9, 6, 3, 9, 4, 9, 10, 1]
(3.5859413694253814, 1.8999033317969465, 2.076835048915486, 5.4131115255105575)
[1, 10, 10, 1, 4, 2, 1, 4, 8, 7, 6, 10, 1, 5, 9, 2, 4, 9, 5, 9, 9, 10, 3, 1, 8, 3, 5, 9, 8, 9, 10, 1]
(2.6987821607540807, -103.2276248237477, 13.594656487911019, 5.414640557223897)
[1, 10, 7, 6, 4, 2, 1, 4, 8, 10, 5, 10, 2, 2, 10, 2, 10, 7, 2, 6, 9, 10, 3, 1, 7, 6, 8, 9, 4, 9, 10, 1]
(1.7834271090373925, 3.045406722987224, 1.0104797779098833, 5.434221725340451)
[1, 10, 10, 1, 4, 2, 1, 4, 8, 7, 6, 10, 1, 5, 9, 2, 4, 9, 5, 9, 9, 10, 3, 1, 8, 5, 5, 9, 8, 9, 10, 1]
(5.990252349403988, -97.47493595686666, 11.075237059716478, 5.435125306266495)
[1, 10, 10, 1, 4, 2, 1, 4, 8, 7, 6, 10, 1, 5, 9, 2, 4, 9, 5, 9, 9, 10, 3, 1, 8, 5, 5, 9, 8, 9, 10, 1]
(5.990252349403988, -97.47493595686666, 11.075237059716478, 5.435125306266495)
[1, 10, 10, 1, 4, 2, 1, 4, 8, 7, 6, 10, 1, 5, 9, 2, 4, 9, 5, 9, 9, 10, 3, 1, 8, 5, 5, 9, 8, 9, 10, 1]
(5.990252349403988, -97.47493595686666, 11.075237059716478, 5.435125306266495)
[1, 10, 10, 1, 4, 2, 1, 4, 8, 7, 6, 10, 1, 5, 9, 2, 4, 9, 5, 9, 9, 10, 3, 1, 8, 5, 5, 9, 8, 9, 10, 1]
(5.990252349403988, -97.47493595686666, 11.075237059716478, 5.435125306266495)
[1, 10, 10, 1, 4, 2, 1, 4, 8, 10, 5, 10, 2, 9, 10, 2, 10, 8, 2, 6, 9, 10, 3, 1, 9, 6, 3, 9, 4, 9, 10, 1]
(3.281795681078609, 2.02946479093433, -0.9483890068129354, 5.435516240848824)
[1, 10, 10, 1, 4, 2, 1, 4, 8, 10, 5, 10, 2, 9, 10, 2, 10, 8, 2, 6, 9, 10, 3, 1, 9, 6, 3, 9, 4, 9, 10, 1]
(3.281795681078609, 2.02946479093433, -0.9483890068129354, 5.435516240848824)
[1, 10, 6, 7, 7, 7, 1, 4, 8, 10, 5, 10, 2, 2, 8, 2, 10, 9, 4, 8, 9, 10, 3, 1, 8, 3, 5, 9, 4, 8, 9, 1]
(0.7117348952572656, -1.1618448524926626, 3.725479474001305, 5.458582861905688)
[1, 5, 1, 1, 4, 2, 1, 4, 8, 10, 5, 10, 8, 2, 10, 2, 10, 9, 4, 9, 9, 10, 3, 1, 8, 7, 10, 9, 8, 9, 10, 1]
(-4.649729465469693, -12.622413735879928, 8.95767006280564, 5.474971778126211)
[1, 10, 10, 1, 4, 2, 1, 4, 8, 9, 5, 5, 2, 9, 10, 2, 10, 8, 2, 6, 9, 10, 3, 1, 7, 6, 3, 9, 4, 9, 10, 1]
(-0.09577775513627118, -29.753980074712388, 7.140209239670974, 5.476761395146457)
[1, 10, 10, 1, 4, 2, 1, 4, 8, 7, 6, 10, 1, 5, 9, 2, 4, 9, 5, 9, 9, 10, 3, 1, 8, 5, 5, 9, 8, 9, 10, 1]
(-4.8099218884892245, -101.39706498978796, 12.238149584294124, 5.478055014036989)
[1, 10, 10, 1, 4, 2, 1, 4, 8, 7, 6, 10, 1, 5, 9, 2, 4, 9, 5, 9, 9, 10, 3, 1, 8, 5, 5, 9, 8, 9, 10, 1]
(-4.8099218884892245, -101.39706498978796, 12.238149584294124, 5.478055014036989)
[1, 10, 10, 1, 4, 2, 1, 4, 8, 7, 6, 10, 1, 5, 9, 2, 4, 9, 5, 9, 9, 10, 3, 1, 8, 5, 5, 9, 8, 9, 10, 1]
(-4.7342318350121, -101.74121455413788, 12.680674102664588, 5.481927543261803)
[1, 10, 6, 1, 9, 2, 5, 4, 8, 10, 5, 10, 2, 3, 10, 2, 10, 6, 2, 6, 9, 10, 3, 1, 9, 1, 3, 9, 8, 9, 9, 1]
(7.573938554580752, -58.036905016147465, -8.297479325779655, 5.496899395400725)
[1, 10, 10, 1, 4, 2, 1, 4, 8, 7, 6, 10, 1, 5, 9, 2, 4, 9, 5, 9, 9, 10, 3, 1, 8, 5, 5, 9, 8, 9, 10, 1]
(-3.7051916943863032, -107.57194931564872, 12.959236984056826, 5.5034457098287275)
[2, 10, 10, 10, 1, 1, 1, 4, 8, 10, 5, 10, 8, 1, 10, 2, 4, 9, 5, 9, 9, 10, 3, 3, 8, 5, 5, 9, 8, 9, 10, 2]
(-4.83998612838991, -33.928682772430676, 12.38854317479146, 5.525266484776485)
[2, 10, 10, 10, 1, 1, 1, 4, 8, 10, 5, 10, 8, 1, 10, 2, 4, 9, 5, 9, 9, 10, 3, 3, 8, 5, 5, 9, 8, 9, 10, 2]
(-4.83998612838991, -33.928682772430676, 12.38854317479146, 5.525266484776485)
[2, 10, 10, 10, 1, 1, 1, 4, 8, 10, 5, 10, 8, 1, 10, 2, 4, 9, 5, 9, 9, 10, 3, 3, 8, 5, 5, 9, 8, 9, 10, 2]
(-4.83998612838991, -33.928682772430676, 12.38854317479146, 5.525266484776485)
[2, 10, 10, 10, 1, 1, 1, 4, 8, 10, 5, 10, 8, 1, 10, 2, 4, 9, 5, 9, 9, 10, 3, 3, 8, 5, 5, 9, 8, 9, 10, 2]
(-4.83998612838991, -33.928682772430676, 12.38854317479146, 5.525266484776485)
[1, 10, 6, 1, 9, 2, 5, 4, 8, 10, 5, 9, 1, 3, 10, 2, 10, 7, 2, 9, 9, 10, 3, 1, 9, 1, 8, 9, 8, 8, 9, 1]
(3.7969701457964673, -12.772392949770289, -1.369520885147446, 5.579307562939914)
[1, 10, 8, 3, 1, 2, 1, 4, 8, 7, 5, 10, 1, 7, 6, 2, 8, 9, 5, 9, 9, 10, 3, 8, 8, 4, 5, 9, 8, 8, 10, 1]
(-12.638383891714739, -214.4191863435159, 15.18726088680919, 5.601300448575976)
[2, 10, 3, 1, 9, 2, 5, 4, 8, 10, 5, 10, 1, 2, 10, 2, 10, 9, 5, 9, 9, 10, 3, 1, 7, 6, 8, 4, 8, 8, 9, 1]
(0.5394917716585012, 4.701436434707292, 2.0695108565900595, 5.622640994371028)
[1, 10, 8, 3, 1, 2, 1, 4, 8, 7, 5, 10, 1, 7, 6, 2, 4, 9, 5, 9, 9, 10, 3, 2, 3, 4, 5, 9, 8, 8, 10, 1]
(-12.221788481853263, -222.2794607943779, 17.74363671028557, 5.671461073458534)
[1, 10, 8, 3, 1, 2, 1, 4, 8, 7, 5, 10, 1, 7, 6, 2, 4, 9, 5, 9, 9, 10, 3, 2, 3, 4, 5, 9, 8, 8, 10, 1]
(-12.221788481853263, -222.2794607943779, 17.74363671028557, 5.671461073458534)
[1, 10, 8, 3, 1, 2, 1, 4, 8, 7, 5, 10, 1, 7, 6, 2, 4, 9, 5, 9, 9, 10, 3, 2, 3, 4, 5, 9, 8, 8, 10, 1]
(-12.221788481853263, -222.2794607943779, 17.74363671028557, 5.671461073458534)
[2, 10, 3, 1, 3, 2, 5, 4, 8, 7, 6, 10, 1, 1, 9, 2, 4, 9, 5, 9, 9, 10, 3, 8, 8, 3, 5, 10, 8, 8, 9, 1]
(-3.376831543201013, -5.83911950296961, 8.830572146363039, 5.677700689835768)
[2, 10, 3, 1, 3, 2, 5, 4, 8, 7, 6, 10, 1, 1, 9, 2, 4, 9, 5, 9, 9, 10, 3, 8, 8, 3, 5, 10, 8, 8, 9, 1]
(-3.376831543201013, -5.83911950296961, 8.830572146363039, 5.677700689835768)
[1, 10, 6, 6, 8, 2, 1, 6, 8, 10, 5, 10, 8, 5, 9, 2, 3, 9, 5, 9, 9, 10, 3, 8, 8, 6, 3, 9, 4, 8, 10, 1]
(-12.880084586834176, -136.91134614391396, 14.363452527170175, 5.6931381568251425)
[1, 10, 6, 1, 9, 2, 5, 4, 8, 10, 5, 9, 1, 3, 10, 2, 10, 7, 2, 6, 9, 10, 3, 1, 9, 1, 8, 9, 8, 8, 9, 1]
(6.231733735167732, -21.459652288015402, 1.8038350326018247, 5.7025739023985)
[1, 10, 6, 1, 9, 2, 5, 4, 8, 10, 5, 9, 1, 3, 10, 2, 10, 7, 2, 6, 9, 10, 3, 1, 9, 1, 8, 9, 8, 8, 9, 1]
(6.231733735167732, -21.459652288015402, 1.8038350326018247, 5.7025739023985)
[1, 10, 6, 1, 9, 2, 5, 4, 8, 10, 5, 9, 1, 3, 10, 2, 10, 7, 2, 6, 9, 10, 3, 1, 9, 1, 8, 9, 8, 8, 9, 1]
(6.231733735167732, -21.459652288015402, 1.8038350326018247, 5.7025739023985)
[1, 10, 6, 1, 9, 2, 5, 4, 8, 10, 5, 10, 2, 3, 10, 2, 10, 7, 2, 6, 9, 10, 3, 1, 9, 1, 8, 9, 8, 8, 9, 1]
(7.08282559783008, -28.952162157909058, -3.4109306355290996, 5.714945905402901)
[1, 10, 6, 1, 9, 2, 5, 4, 8, 10, 5, 10, 2, 3, 10, 2, 10, 7, 2, 6, 9, 10, 3, 1, 9, 1, 8, 9, 8, 8, 9, 1]
(7.08282559783008, -28.952162157909058, -3.4109306355290996, 5.714945905402901)
[1, 10, 6, 1, 9, 2, 5, 4, 8, 10, 5, 10, 2, 3, 10, 2, 10, 7, 2, 6, 9, 10, 3, 1, 9, 1, 8, 9, 8, 8, 9, 1]
(7.08282559783008, -28.952162157909058, -3.4109306355290996, 5.714945905402901)
[1, 10, 6, 1, 9, 2, 5, 4, 8, 10, 5, 10, 2, 3, 10, 2, 10, 7, 2, 6, 9, 10, 3, 1, 9, 1, 8, 9, 8, 8, 9, 1]
(7.08282559783008, -28.952162157909058, -3.4109306355290996, 5.714945905402901)
[1, 10, 6, 6, 8, 2, 1, 6, 8, 10, 5, 10, 6, 5, 9, 2, 3, 9, 5, 9, 9, 10, 3, 8, 8, 6, 3, 9, 4, 8, 10, 1]
(-17.87336552273773, -180.7432345383511, 17.07197338219109, 5.719076013015104)
[1, 10, 6, 6, 8, 2, 1, 6, 8, 10, 5, 10, 6, 5, 9, 2, 3, 9, 5, 9, 9, 10, 3, 8, 8, 6, 3, 9, 4, 8, 10, 1]
(-17.87336552273773, -180.7432345383511, 17.07197338219109, 5.719076013015104)
[1, 10, 6, 6, 8, 2, 1, 6, 8, 10, 5, 10, 6, 5, 9, 2, 3, 9, 5, 9, 9, 10, 3, 8, 8, 6, 3, 9, 4, 8, 10, 1]
(-17.87336552273773, -180.7432345383511, 17.07197338219109, 5.719076013015104)
[1, 10, 7, 10, 2, 2, 1, 4, 8, 10, 5, 10, 2, 2, 8, 2, 10, 5, 4, 8, 9, 10, 3, 1, 8, 3, 5, 9, 4, 8, 9, 1]
(-6.5013542830479425, -16.52606341587442, 9.657283539633127, 5.78449113104364)
[1, 10, 7, 10, 2, 2, 1, 4, 8, 10, 5, 10, 2, 2, 8, 2, 10, 5, 4, 8, 9, 10, 3, 1, 8, 3, 5, 9, 4, 8, 9, 1]
(-6.5013542830479425, -16.52606341587442, 9.657283539633127, 5.78449113104364)
[2, 10, 3, 1, 3, 2, 5, 4, 8, 10, 5, 10, 1, 2, 8, 2, 10, 2, 4, 8, 9, 10, 3, 1, 10, 3, 5, 9, 4, 8, 9, 1]
(-3.403750075224207, 2.7841312211327613, 8.88537306429841, 5.807260889333111)
[2, 10, 3, 1, 3, 2, 5, 4, 8, 10, 5, 10, 1, 2, 8, 2, 10, 2, 4, 8, 9, 10, 3, 1, 10, 3, 5, 9, 4, 8, 9, 1]
(-3.403750075224207, 2.7841312211327613, 8.88537306429841, 5.807260889333111)
[1, 10, 6, 1, 9, 2, 5, 4, 8, 10, 5, 10, 2, 3, 10, 2, 10, 7, 2, 6, 9, 10, 3, 1, 9, 1, 8, 9, 6, 8, 9, 1]
(3.7870433892771755, -8.77095780144038, -2.497428897956649, 5.8121844179568924)
[1, 10, 6, 1, 9, 2, 5, 4, 8, 10, 5, 9, 1, 3, 10, 2, 10, 7, 2, 6, 9, 10, 3, 1, 9, 3, 10, 9, 4, 8, 9, 1]
(0.6560127122590418, 3.246408693173702, 0.9522579826693196, 5.835941063126148)
[1, 10, 6, 7, 7, 2, 1, 4, 8, 10, 5, 10, 2, 2, 8, 2, 10, 9, 4, 8, 9, 10, 3, 1, 8, 3, 5, 9, 4, 8, 9, 1]
(-0.6184253925894272, -27.195509806356434, 4.738127342124552, 5.93238255226929)
[1, 10, 6, 7, 7, 2, 1, 4, 8, 10, 5, 10, 2, 2, 8, 2, 10, 9, 4, 8, 9, 10, 3, 1, 8, 3, 5, 9, 4, 8, 9, 1]
(-0.6184253925894272, -27.195509806356434, 4.738127342124552, 5.93238255226929)
[1, 10, 6, 7, 7, 2, 1, 4, 8, 10, 5, 10, 2, 2, 8, 2, 10, 9, 4, 8, 9, 10, 3, 1, 8, 3, 5, 9, 4, 8, 9, 1]
(-0.6184253925894272, -27.195509806356434, 4.738127342124552, 5.93238255226929)
[1, 10, 6, 7, 7, 2, 1, 4, 8, 10, 5, 10, 2, 2, 8, 2, 10, 9, 4, 8, 9, 10, 3, 1, 8, 3, 5, 9, 4, 8, 9, 1]
(-0.6184253925894272, -27.195509806356434, 4.738127342124552, 5.93238255226929)
[1, 10, 8, 1, 7, 2, 2, 3, 8, 10, 10, 10, 2, 2, 8, 2, 10, 9, 4, 8, 9, 10, 3, 8, 2, 6, 2, 9, 4, 8, 9, 1]
(-3.8810466188534063, -65.05518283152567, 10.452178416878024, 5.936065121716659)
[1, 10, 6, 1, 4, 2, 1, 4, 8, 10, 5, 10, 2, 2, 8, 2, 4, 9, 5, 9, 9, 10, 3, 6, 8, 8, 8, 9, 8, 8, 9, 1]
(-6.124004073285531, -71.96761445373299, 12.334104777820173, 5.940637737457358)
[1, 10, 6, 1, 4, 2, 1, 4, 8, 10, 5, 10, 2, 2, 8, 2, 4, 9, 5, 9, 9, 10, 3, 6, 8, 8, 8, 9, 8, 8, 9, 1]
(-6.124004073285531, -71.96761445373299, 12.334104777820173, 5.940637737457358)
[1, 10, 6, 1, 4, 2, 1, 4, 8, 10, 5, 10, 2, 2, 8, 2, 4, 9, 5, 9, 9, 10, 3, 6, 8, 8, 8, 9, 8, 8, 9, 1]
(-6.124004073285531, -71.96761445373299, 12.334104777820173, 5.940637737457358)
[1, 10, 6, 1, 7, 2, 2, 3, 8, 10, 5, 10, 2, 2, 8, 2, 10, 9, 4, 8, 9, 10, 3, 8, 2, 6, 7, 9, 4, 8, 9, 1]
(1.7634548428086303, -51.53416236314344, 1.8259696924337447, 5.943752159543492)
[1, 10, 6, 1, 7, 2, 2, 3, 8, 10, 5, 10, 2, 2, 8, 2, 10, 9, 4, 8, 9, 10, 3, 8, 2, 6, 7, 9, 4, 8, 9, 1]
(1.7634548428086303, -51.53416236314344, 1.8259696924337447, 5.943752159543492)
[1, 10, 6, 1, 7, 2, 2, 3, 8, 10, 5, 10, 2, 2, 8, 2, 10, 9, 4, 8, 9, 10, 3, 8, 2, 6, 7, 9, 4, 8, 9, 1]
(1.7634548428086303, -51.53416236314344, 1.8259696924337447, 5.943752159543492)
[1, 10, 6, 1, 7, 2, 2, 3, 8, 10, 5, 10, 2, 2, 8, 2, 10, 9, 4, 8, 9, 10, 3, 8, 2, 6, 7, 9, 4, 8, 9, 1]
(1.7634548428086303, -51.53416236314344, 1.8259696924337447, 5.943752159543492)
[1, 10, 6, 7, 7, 2, 1, 4, 8, 10, 5, 10, 2, 2, 8, 2, 10, 9, 4, 8, 9, 10, 3, 8, 2, 6, 3, 9, 4, 8, 9, 1]
(2.1226281364124477, -19.748529095298917, 1.4739180417852094, 5.946517672687609)
[1, 10, 6, 7, 7, 2, 1, 4, 8, 10, 5, 10, 2, 2, 8, 2, 10, 9, 4, 8, 9, 10, 3, 8, 2, 6, 3, 9, 4, 8, 9, 1]
(2.1226281364124477, -19.748529095298917, 1.4739180417852094, 5.946517672687609)
[1, 10, 6, 7, 7, 2, 1, 4, 8, 10, 5, 10, 2, 2, 8, 2, 10, 9, 4, 8, 9, 10, 3, 8, 2, 6, 3, 9, 4, 8, 9, 1]
(2.1226281364124477, -19.748529095298917, 1.4739180417852094, 5.946517672687609)
[1, 10, 7, 10, 2, 2, 1, 4, 8, 10, 5, 10, 8, 2, 10, 2, 10, 9, 4, 9, 9, 10, 3, 1, 8, 3, 5, 9, 4, 8, 9, 1]
(-4.713166000125239, -27.62950784700138, 9.248330158694097, 5.9480095809142846)
[1, 10, 7, 10, 2, 2, 1, 4, 8, 10, 5, 10, 8, 2, 10, 2, 10, 9, 4, 9, 9, 10, 3, 1, 8, 3, 5, 9, 4, 8, 9, 1]
(-4.713166000125239, -27.62950784700138, 9.248330158694097, 5.9480095809142846)
[1, 10, 6, 1, 7, 2, 2, 3, 8, 10, 5, 10, 2, 2, 8, 2, 10, 9, 4, 8, 9, 10, 3, 8, 2, 6, 4, 9, 4, 8, 9, 1]
(-1.5368416570091084, -55.36609246338417, 9.313941267883985, 5.962085487942498)
[1, 10, 6, 1, 7, 2, 2, 3, 8, 10, 5, 10, 2, 2, 8, 2, 10, 9, 4, 8, 9, 10, 3, 8, 2, 6, 4, 9, 4, 8, 9, 1]
(-1.5368416570091084, -55.36609246338417, 9.313941267883985, 5.962085487942498)
[1, 10, 6, 1, 7, 2, 2, 3, 8, 10, 5, 10, 2, 2, 8, 2, 10, 9, 4, 8, 9, 10, 3, 8, 2, 6, 4, 9, 4, 8, 9, 1]
(-1.5368416570091084, -55.36609246338417, 9.313941267883985, 5.962085487942498)
[1, 10, 6, 1, 4, 2, 1, 4, 8, 7, 5, 10, 4, 6, 9, 2, 4, 9, 5, 9, 9, 10, 3, 6, 8, 8, 8, 9, 8, 8, 9, 1]
(-6.955080034232424, -75.57629405001335, 12.148787427992003, 5.976560627186722)
[7, 8, 1, 6, 7, 4, 2, 2, 8, 10, 8, 1, 6, 5, 9, 2, 8, 9, 4, 9, 9, 10, 3, 1, 10, 3, 5, 9, 1, 4, 5, 5]
(-3.4928805097052757, 3.330418198823855, 5.4774438217578325, 6.094469607795843)
[7, 8, 1, 6, 7, 4, 2, 2, 8, 10, 8, 1, 6, 5, 9, 2, 8, 9, 4, 9, 9, 10, 3, 1, 10, 3, 5, 9, 1, 4, 5, 5]
(-3.4928805097052757, 3.330418198823855, 5.4774438217578325, 6.094469607795843)
[1, 10, 10, 10, 8, 2, 9, 4, 10, 7, 6, 10, 1, 5, 9, 2, 4, 9, 5, 9, 9, 5, 5, 1, 5, 6, 1, 9, 1, 4, 5, 1]
(-0.029430158694711394, 0.851884387297183, 0.0040178963423731845, 6.234096626649349)
[1, 10, 10, 10, 8, 2, 9, 4, 10, 7, 6, 10, 1, 5, 9, 2, 4, 9, 5, 9, 9, 5, 5, 1, 5, 6, 1, 9, 1, 4, 5, 1]
(-0.029430158694711394, 0.851884387297183, 0.0040178963423731845, 6.234096626649349)
[2, 10, 3, 10, 9, 1, 5, 4, 8, 10, 6, 10, 10, 5, 9, 2, 4, 9, 5, 9, 9, 5, 5, 1, 5, 6, 1, 9, 1, 4, 5, 1]
(-0.02470751594587739, 0.8008192230746323, 0.006517218156691079, 6.287569159292401)
[7, 8, 1, 6, 4, 2, 1, 4, 8, 10, 5, 1, 6, 5, 9, 2, 8, 9, 4, 9, 8, 10, 3, 1, 10, 3, 5, 9, 1, 4, 5, 5]
(-3.3519377639504455, 4.159814954511921, 3.8400814323073234, 6.31374889152486)
[7, 8, 1, 6, 4, 2, 1, 4, 8, 10, 5, 1, 6, 5, 9, 2, 8, 9, 4, 9, 8, 10, 3, 1, 10, 3, 5, 9, 1, 4, 5, 5]
(-3.3519377639504455, 4.159814954511921, 3.8400814323073234, 6.31374889152486)
[1, 10, 10, 5, 4, 2, 2, 4, 6, 7, 6, 10, 1, 1, 9, 2, 4, 9, 5, 9, 9, 5, 7, 1, 10, 6, 1, 3, 10, 1, 1, 1]
(0.202846781829021, 1.2437774919449252, -0.007967315017110437, 6.890029232815589)
[1, 10, 10, 4, 1, 2, 1, 4, 8, 7, 5, 10, 1, 10, 6, 2, 4, 9, 5, 4, 9, 5, 7, 1, 10, 6, 1, 3, 1, 1, 1, 1]
(0.08883755406847911, 0.7146516549880937, -0.002072460915584964, 6.947180545486911)
[1, 10, 10, 4, 1, 2, 1, 4, 8, 7, 5, 10, 1, 10, 6, 2, 4, 9, 5, 4, 9, 5, 7, 1, 10, 6, 1, 3, 1, 1, 1, 1]
(0.08883755406847911, 0.7146516549880937, -0.002072460915584964, 6.947180545486911)
[1, 10, 10, 4, 2, 2, 1, 4, 8, 7, 5, 10, 1, 10, 6, 2, 4, 9, 5, 4, 9, 5, 7, 1, 10, 6, 2, 3, 1, 1, 1, 1]
(0.0888366007984132, 0.7146337463505595, -0.0020719813690313837, 6.947190078935217)
