[1, 3, 8, 3, 3, 9, 8, 4, 6, 2, 10, 10, 8, 1, 1, 8, 8, 2, 9, 10, 2, 3, 10, 1, 5, 5, 9, 9, 10, 9, 10, 1]
(3.065585009557073, 2.760905085405664, 4.665386530040115, 2.953574772240422)
[1, 3, 8, 3, 3, 9, 8, 4, 6, 2, 10, 10, 8, 1, 1, 8, 8, 2, 9, 10, 2, 3, 10, 1, 5, 5, 9, 9, 10, 9, 10, 1]
(3.065585009557073, 2.760905085405664, 4.396308216735241, 2.953574772240422)
[1, 3, 8, 3, 3, 9, 8, 4, 6, 2, 10, 10, 8, 1, 1, 8, 8, 2, 9, 10, 2, 3, 10, 1, 5, 5, 9, 9, 10, 9, 10, 1]
(3.065585009557073, 2.760905085405664, 4.396308216735241, 2.953574772240422)
[1, 3, 8, 3, 3, 9, 8, 4, 6, 2, 10, 10, 8, 1, 1, 8, 8, 2, 9, 10, 2, 3, 10, 1, 5, 5, 9, 9, 10, 9, 10, 1]
(3.065585009557073, 2.760905085405664, 4.396308216735241, 2.953574772240422)
[4, 8, 8, 3, 1, 9, 10, 5, 5, 2, 10, 9, 8, 1, 4, 9, 8, 2, 9, 10, 2, 3, 9, 8, 10, 8, 9, 10, 6, 9, 10, 3]
(5.257774275934468, 4.674508249444079, 0.6509207998263475, 3.5080551283436816)
[4, 8, 8, 3, 1, 9, 10, 5, 5, 2, 10, 9, 8, 1, 4, 9, 8, 2, 9, 10, 2, 3, 9, 8, 10, 8, 9, 10, 6, 9, 10, 3]
(5.257774275934468, 4.674508249444079, 0.6509207998263475, 3.5080551283436816)
[7, 8, 8, 3, 1, 9, 10, 5, 5, 2, 10, 9, 8, 1, 4, 9, 8, 2, 9, 10, 2, 3, 9, 8, 10, 8, 9, 10, 6, 9, 10, 3]
(5.234430392218767, 3.8170156838576066, 0.45209870190479595, 3.370601320546745)
[7, 8, 8, 3, 1, 9, 10, 5, 5, 2, 10, 9, 8, 1, 4, 9, 8, 2, 9, 10, 2, 3, 9, 8, 10, 8, 9, 10, 6, 9, 10, 3]
(5.234430392218767, 3.8170156838576066, 0.45209870190479595, 3.370601320546745)
[1, 5, 6, 9, 9, 5, 1, 2, 10, 6, 1, 1, 4, 1, 5, 10, 7, 7, 1, 8, 2, 3, 10, 4, 9, 5, 9, 9, 2, 9, 10, 8]
(-0.9067630297216169, 5.400265280681101, 4.415077573500868, 3.665821272092693)
[1, 5, 6, 9, 9, 5, 1, 2, 10, 6, 1, 1, 4, 1, 5, 10, 7, 7, 1, 8, 2, 3, 10, 4, 9, 5, 9, 9, 2, 9, 10, 8]
(-0.9067630297216169, 5.400265280681101, 4.415077573500868, 3.665821272092693)
[1, 8, 6, 10, 3, 8, 8, 5, 6, 6, 10, 2, 8, 5, 3, 10, 6, 1, 10, 4, 3, 2, 10, 4, 9, 10, 8, 9, 10, 9, 10, 1]
(7.406937488662959, -13.762935506221758, -0.2043168616387434, 3.9645302341349304)
[1, 8, 6, 10, 3, 8, 8, 5, 6, 6, 10, 2, 8, 5, 3, 10, 6, 1, 10, 4, 3, 2, 10, 4, 9, 10, 8, 9, 10, 9, 10, 1]
(7.406937488662959, -13.762935506221758, -0.2043168616387434, 3.9645302341349304)
[1, 8, 6, 10, 3, 8, 8, 5, 6, 6, 10, 2, 8, 5, 3, 10, 6, 1, 10, 4, 3, 2, 10, 4, 9, 10, 8, 9, 10, 9, 10, 1]
(7.406937488662959, -13.762935506221758, -0.2043168616387434, 3.9645302341349304)
[1, 8, 6, 10, 3, 8, 8, 5, 6, 6, 10, 2, 8, 5, 3, 10, 6, 1, 10, 4, 3, 2, 10, 4, 9, 10, 8, 9, 10, 9, 10, 1]
(7.406937488662959, -13.762935506221758, -0.2043168616387434, 3.9645302341349304)
[1, 8, 8, 3, 1, 9, 10, 5, 5, 2, 10, 9, 8, 1, 4, 9, 8, 2, 9, 10, 2, 3, 9, 8, 10, 8, 9, 10, 6, 9, 10, 3]
(5.388601796121491, 5.525570856714531, 0.06335134434997658, 3.7647571082869558)
[1, 8, 8, 3, 1, 9, 10, 5, 5, 2, 10, 9, 8, 1, 4, 9, 8, 2, 9, 10, 2, 3, 9, 8, 10, 8, 9, 10, 6, 9, 10, 3]
(5.388601796121491, 5.525570856714531, 0.06335134434997658, 3.7647571082869558)
[1, 8, 8, 3, 1, 9, 10, 5, 5, 2, 10, 9, 8, 1, 4, 9, 8, 2, 9, 10, 2, 3, 9, 8, 10, 8, 9, 10, 6, 9, 10, 3]
(5.388601796121491, 5.525570856714531, 0.06335134434997658, 3.7647571082869558)
[1, 8, 8, 3, 1, 9, 10, 5, 5, 2, 10, 9, 8, 1, 4, 9, 8, 2, 9, 10, 2, 3, 9, 8, 10, 8, 9, 10, 6, 9, 10, 3]
(5.388601796121491, 5.525570856714531, 0.06335134434997658, 3.7647571082869558)
[2, 8, 1, 10, 8, 7, 1, 2, 10, 5, 1, 4, 10, 5, 3, 10, 4, 1, 2, 8, 2, 3, 10, 4, 2, 9, 9, 10, 1, 9, 10, 3]
(0.8264413105555122, -4.612557705139021, 3.1958700731673715, 4.00995024677555)
[1, 5, 6, 3, 1, 9, 10, 5, 5, 2, 10, 10, 8, 5, 1, 3, 8, 2, 9, 10, 2, 3, 9, 8, 4, 8, 8, 10, 6, 9, 10, 3]
(2.8540845769086327, 5.953135473816177, 2.1640019215663866, 4.192115275421139)
[1, 8, 7, 10, 3, 8, 8, 4, 6, 6, 10, 2, 10, 5, 3, 10, 6, 1, 10, 4, 3, 2, 10, 5, 9, 10, 9, 9, 10, 9, 10, 2]
(8.049345322902706, -14.45973430557106, 0.8585785769974137, 4.193906950577689)
[1, 8, 7, 10, 3, 8, 8, 4, 6, 6, 10, 2, 10, 5, 3, 10, 6, 1, 10, 4, 3, 2, 10, 5, 9, 10, 9, 9, 10, 9, 10, 2]
(8.049345322902706, -14.45973430557106, 0.8585785769974137, 4.193906950577689)
[1, 8, 7, 10, 3, 8, 8, 4, 6, 6, 10, 2, 10, 5, 3, 10, 6, 1, 10, 4, 3, 2, 10, 5, 9, 10, 9, 9, 10, 9, 10, 2]
(8.049345322902706, -14.45973430557106, 0.8585785769974137, 4.193906950577689)
[1, 8, 7, 10, 3, 8, 8, 4, 6, 6, 10, 2, 10, 5, 3, 10, 6, 1, 10, 4, 3, 2, 10, 5, 9, 10, 9, 9, 10, 9, 10, 2]
(8.049345322902706, -14.45973430557106, 0.8585785769974137, 4.193906950577689)
[1, 3, 8, 3, 3, 8, 8, 4, 6, 6, 10, 2, 10, 10, 3, 10, 6, 1, 10, 4, 3, 2, 10, 5, 9, 10, 9, 9, 10, 9, 10, 1]
(5.05899466806876, -31.14695790829627, -2.8227216083508213, 4.85058152103605)
[1, 8, 8, 3, 1, 9, 8, 5, 6, 4, 10, 2, 8, 1, 4, 9, 8, 2, 9, 10, 2, 3, 9, 8, 10, 8, 9, 10, 6, 9, 10, 3]
(2.8182553747611543, -3.149025967081879, 1.0499331477365905, 4.443456020152381)
[1, 8, 8, 3, 1, 9, 8, 5, 6, 4, 10, 2, 8, 1, 4, 9, 8, 2, 9, 10, 2, 3, 9, 8, 10, 8, 9, 10, 6, 9, 10, 3]
(2.8182553747611543, -3.149025967081879, 1.0499331477365905, 4.443456020152381)
[1, 8, 8, 3, 1, 9, 8, 5, 6, 4, 10, 2, 8, 1, 4, 9, 8, 2, 9, 10, 2, 3, 9, 8, 10, 8, 9, 10, 6, 9, 10, 3]
(2.8182553747611543, -3.149025967081879, 1.0499331477365905, 4.443456020152381)
[2, 8, 1, 10, 8, 7, 1, 2, 10, 5, 1, 4, 10, 5, 3, 10, 6, 1, 2, 8, 2, 3, 10, 4, 6, 8, 8, 9, 10, 9, 10, 1]
(1.418259466871632, -20.08587879002337, 0.7749851434925743, 4.636499515190917)
[2, 8, 6, 10, 3, 5, 1, 2, 10, 4, 2, 2, 10, 7, 3, 10, 3, 10, 2, 8, 2, 3, 10, 4, 9, 10, 4, 9, 10, 9, 10, 1]
(-0.37944348555652146, -36.29691584985243, 7.226170233250804, 4.726979151897296)
[2, 8, 6, 10, 3, 5, 1, 2, 10, 4, 2, 2, 10, 7, 3, 10, 3, 10, 2, 8, 2, 3, 10, 4, 9, 10, 4, 9, 10, 9, 10, 1]
(-0.37944348555652146, -36.29691584985243, 7.226170233250804, 4.726979151897296)
[2, 8, 6, 10, 3, 5, 1, 2, 10, 4, 2, 2, 10, 7, 3, 10, 3, 10, 2, 8, 2, 3, 10, 4, 9, 10, 4, 9, 10, 9, 10, 1]
(-0.37944348555652146, -36.29691584985243, 7.226170233250804, 4.726979151897296)
[2, 8, 6, 10, 3, 5, 1, 2, 10, 4, 2, 2, 10, 7, 3, 10, 3, 10, 2, 7, 2, 3, 10, 4, 9, 10, 4, 9, 10, 9, 10, 1]
(-0.2712368728247839, -27.78286620264195, 7.686608535399779, 4.753580639501338)
[2, 8, 7, 5, 8, 7, 1, 2, 10, 5, 1, 2, 10, 5, 3, 10, 9, 10, 2, 4, 2, 3, 10, 4, 6, 3, 5, 9, 10, 9, 10, 1]
(-5.025766624697565, -3.26368444275324, 8.98712913436931, 4.811426912293064)
[2, 8, 7, 5, 8, 7, 1, 2, 10, 5, 1, 2, 10, 5, 3, 10, 9, 10, 2, 4, 2, 3, 10, 4, 6, 3, 5, 9, 10, 9, 10, 1]
(-5.025766624697565, -3.26368444275324, 8.98712913436931, 4.811426912293064)
[1, 3, 2, 3, 3, 8, 1, 2, 10, 6, 2, 2, 10, 7, 3, 10, 7, 1, 10, 4, 3, 2, 10, 4, 3, 5, 6, 9, 10, 9, 10, 1]
(4.586808474642101, -4.732733115748924, -1.479803592528394, 4.687079521221677)
[1, 3, 2, 3, 3, 8, 1, 2, 10, 6, 2, 2, 10, 7, 3, 10, 7, 1, 10, 4, 3, 2, 10, 4, 3, 5, 6, 9, 10, 9, 10, 1]
(4.586808474642101, -4.732733115748924, -1.479803592528394, 4.687079521221677)
[1, 3, 2, 3, 3, 8, 1, 2, 10, 6, 2, 2, 10, 7, 3, 10, 7, 1, 10, 4, 3, 2, 10, 4, 3, 5, 6, 9, 10, 9, 10, 1]
(4.586808474642101, -4.732733115748924, -1.479803592528394, 4.687079521221677)
[1, 3, 2, 3, 3, 8, 1, 2, 10, 6, 2, 2, 10, 7, 3, 10, 7, 1, 10, 4, 3, 2, 10, 4, 3, 5, 6, 9, 10, 9, 10, 1]
(4.586808474642101, -4.732733115748924, -1.479803592528394, 4.687079521221677)
[2, 8, 7, 5, 8, 7, 1, 2, 10, 5, 1, 2, 10, 5, 3, 10, 9, 10, 2, 4, 2, 3, 10, 4, 6, 3, 5, 9, 10, 9, 10, 1]
(-5.025766624697565, -3.26368444275324, 8.98712913436931, 4.811426912293064)
[2, 8, 7, 5, 8, 7, 1, 2, 10, 5, 1, 2, 10, 5, 3, 10, 9, 10, 2, 4, 2, 3, 10, 4, 6, 3, 5, 9, 10, 9, 10, 1]
(-5.025766624697565, -3.26368444275324, 8.98712913436931, 4.811426912293064)
[1, 8, 6, 10, 3, 5, 1, 2, 10, 4, 2, 2, 10, 7, 3, 10, 7, 10, 1, 8, 2, 3, 10, 3, 8, 8, 8, 9, 1, 9, 10, 1]
(0.7829377886624118, -18.150488922922147, 6.377117720059376, 4.89765251105157)
[1, 8, 6, 10, 3, 5, 1, 2, 10, 4, 2, 2, 10, 7, 3, 10, 7, 10, 1, 8, 2, 3, 10, 3, 8, 8, 8, 9, 1, 9, 10, 1]
(0.7829377886624118, -18.150488922922147, 6.377117720059376, 4.89765251105157)
[1, 8, 6, 10, 3, 5, 1, 2, 10, 4, 2, 2, 10, 7, 3, 10, 7, 10, 1, 8, 2, 3, 10, 3, 8, 8, 8, 9, 1, 9, 10, 1]
(0.7829377886624118, -18.150488922922147, 6.377117720059376, 4.89765251105157)
[1, 8, 6, 10, 3, 5, 1, 2, 10, 4, 2, 2, 10, 7, 3, 10, 7, 10, 1, 8, 2, 3, 10, 3, 8, 8, 8, 9, 1, 9, 10, 1]
(0.7829377886624118, -18.150488922922147, 6.377117720059376, 4.89765251105157)
[2, 8, 6, 10, 3, 5, 1, 2, 10, 4, 2, 2, 10, 7, 3, 10, 3, 10, 2, 5, 2, 3, 10, 4, 9, 10, 4, 9, 10, 9, 10, 1]
(-2.4481353942068838, 5.3692600498125165, 3.210288169075524, 4.874728859261862)
[2, 8, 8, 10, 8, 5, 1, 2, 10, 4, 1, 2, 10, 5, 3, 10, 9, 10, 2, 10, 2, 3, 10, 10, 6, 8, 4, 10, 7, 9, 10, 1]
(-6.366157533231775, -44.395681016919035, 8.989197608114388, 4.960839091083714)
[2, 8, 8, 10, 8, 5, 1, 2, 10, 4, 1, 2, 10, 5, 3, 10, 9, 10, 2, 10, 2, 3, 10, 10, 6, 8, 4, 10, 7, 9, 10, 1]
(-6.366157533231775, -44.395681016919035, 8.989197608114388, 4.960839091083714)
[2, 8, 8, 10, 8, 5, 1, 2, 10, 4, 1, 2, 10, 5, 3, 10, 9, 10, 2, 10, 2, 3, 10, 10, 6, 8, 4, 10, 7, 9, 10, 1]
(-6.366157533231775, -44.395681016919035, 8.989197608114388, 4.960839091083714)
[2, 8, 8, 10, 8, 5, 1, 2, 10, 4, 1, 2, 10, 5, 3, 10, 9, 10, 2, 10, 2, 3, 10, 10, 6, 8, 4, 10, 7, 9, 10, 1]
(-6.366157533231775, -44.395681016919035, 8.989197608114388, 4.960839091083714)
[2, 8, 1, 10, 8, 7, 1, 2, 10, 5, 1, 4, 10, 5, 3, 10, 6, 1, 2, 8, 2, 3, 9, 3, 8, 8, 8, 9, 10, 9, 10, 1]
(-4.823031350868234, -16.997552299996467, 8.380252724604329, 5.002987193629738)
[2, 8, 1, 10, 8, 7, 1, 2, 10, 5, 1, 4, 10, 5, 3, 10, 6, 1, 2, 8, 2, 3, 9, 3, 8, 8, 8, 9, 10, 9, 10, 1]
(-4.823031350868234, -16.997552299996467, 8.380252724604329, 5.002987193629738)
[2, 8, 1, 10, 8, 7, 1, 2, 10, 5, 1, 4, 10, 5, 3, 10, 6, 1, 2, 8, 2, 3, 9, 3, 8, 8, 8, 9, 10, 9, 10, 1]
(-4.823031350868234, -16.997552299996467, 8.380252724604329, 5.002987193629738)
[2, 8, 1, 10, 8, 7, 1, 2, 10, 5, 1, 4, 10, 5, 3, 10, 6, 1, 2, 8, 2, 3, 9, 3, 8, 8, 8, 9, 10, 9, 10, 1]
(-4.823031350868234, -16.997552299996467, 8.380252724604329, 5.002987193629738)
[1, 3, 8, 3, 3, 8, 8, 5, 6, 6, 10, 2, 10, 5, 3, 10, 6, 1, 10, 4, 3, 2, 10, 4, 9, 10, 9, 9, 10, 9, 10, 1]
(5.799998945255437, -47.705581013471054, -3.650634050524414, 5.005127753452972)
[1, 3, 8, 3, 3, 8, 8, 5, 6, 6, 10, 2, 10, 5, 3, 10, 6, 1, 10, 4, 3, 2, 10, 4, 9, 10, 9, 9, 10, 9, 10, 1]
(5.799998945255437, -47.705581013471054, -3.650634050524414, 5.005127753452972)
[1, 3, 8, 3, 3, 8, 8, 5, 6, 6, 10, 2, 10, 5, 3, 10, 6, 1, 10, 4, 3, 2, 10, 4, 9, 10, 9, 9, 10, 9, 10, 1]
(5.799998945255437, -47.705581013471054, -3.650634050524414, 5.005127753452972)
[1, 3, 8, 3, 3, 8, 8, 5, 6, 6, 10, 2, 10, 5, 3, 10, 6, 1, 10, 4, 3, 2, 10, 4, 9, 10, 9, 9, 10, 9, 10, 1]
(5.799998945255437, -47.705581013471054, -3.650634050524414, 5.005127753452972)
[1, 3, 8, 3, 3, 8, 8, 5, 6, 6, 10, 2, 10, 5, 3, 10, 6, 1, 10, 4, 3, 2, 10, 4, 9, 10, 9, 9, 10, 9, 10, 1]
(5.799998945255437, -47.705581013471054, -3.650634050524414, 5.005127753452972)
[1, 3, 8, 3, 3, 8, 8, 5, 6, 6, 10, 2, 10, 5, 3, 10, 6, 1, 10, 4, 3, 2, 10, 4, 9, 10, 9, 9, 10, 9, 10, 1]
(5.799998945255437, -47.705581013471054, -3.650634050524414, 5.005127753452972)
[1, 3, 8, 3, 3, 8, 8, 5, 6, 6, 10, 2, 10, 5, 3, 10, 6, 1, 10, 4, 3, 2, 10, 4, 9, 10, 9, 9, 10, 9, 10, 1]
(5.799998945255437, -47.705581013471054, -3.650634050524414, 5.005127753452972)
[1, 3, 8, 3, 3, 8, 8, 5, 6, 6, 10, 2, 10, 5, 3, 10, 6, 1, 10, 4, 3, 2, 10, 4, 9, 10, 9, 9, 10, 9, 10, 1]
(5.799998945255437, -47.705581013471054, -3.650634050524414, 5.005127753452972)
[1, 3, 8, 3, 3, 8, 8, 5, 6, 6, 10, 2, 10, 1, 3, 10, 8, 2, 10, 4, 3, 2, 10, 4, 9, 10, 9, 9, 10, 9, 10, 1]
(7.735377187840639, -14.879776905619922, 2.228673718790075, 5.104917239653312)
[1, 3, 8, 3, 3, 8, 8, 5, 6, 6, 10, 2, 10, 1, 3, 10, 8, 2, 10, 4, 3, 2, 10, 4, 9, 10, 9, 9, 10, 9, 10, 1]
(7.735377187840639, -14.879776905619922, 2.228673718790075, 5.104917239653312)
[1, 3, 8, 3, 3, 8, 8, 5, 6, 6, 10, 2, 10, 1, 3, 10, 8, 2, 10, 4, 3, 2, 10, 4, 9, 10, 9, 9, 10, 9, 10, 1]
(7.735377187840639, -14.879776905619922, 2.228673718790075, 5.104917239653312)
[1, 3, 8, 3, 3, 8, 8, 5, 6, 6, 10, 2, 10, 1, 3, 10, 8, 2, 10, 4, 3, 2, 10, 4, 9, 10, 9, 9, 10, 9, 10, 1]
(7.735377187840639, -14.879776905619922, 2.228673718790075, 5.104917239653312)
[1, 3, 8, 3, 3, 8, 8, 5, 6, 6, 10, 2, 10, 1, 3, 10, 8, 2, 10, 4, 3, 2, 10, 4, 9, 10, 9, 9, 10, 9, 10, 1]
(7.735377187840639, -14.879776905619922, 2.228673718790075, 5.104917239653312)
[1, 3, 8, 3, 3, 8, 8, 5, 6, 6, 10, 2, 10, 1, 3, 10, 8, 2, 10, 4, 3, 2, 10, 4, 9, 10, 9, 9, 10, 9, 10, 1]
(7.735377187840639, -14.879776905619922, 2.228673718790075, 5.104917239653312)
[1, 3, 8, 3, 3, 8, 8, 5, 6, 6, 10, 2, 10, 1, 3, 10, 8, 2, 10, 4, 3, 2, 10, 4, 9, 10, 9, 9, 10, 9, 10, 1]
(7.735377187840639, -14.879776905619922, 2.228673718790075, 5.104917239653312)
[1, 3, 8, 3, 3, 8, 8, 5, 6, 6, 10, 2, 10, 1, 3, 10, 8, 2, 10, 4, 3, 2, 10, 4, 9, 10, 9, 9, 10, 9, 10, 1]
(7.735377187840639, -14.879776905619922, 2.228673718790075, 5.104917239653312)
[1, 3, 8, 3, 3, 8, 8, 5, 6, 6, 10, 2, 10, 1, 3, 10, 8, 2, 10, 4, 3, 2, 10, 4, 9, 10, 9, 9, 10, 9, 10, 1]
(7.735377187840639, -14.879776905619922, 2.228673718790075, 5.104917239653312)
[1, 3, 8, 3, 3, 8, 8, 5, 6, 6, 10, 2, 10, 1, 3, 10, 8, 2, 10, 4, 3, 2, 10, 4, 9, 10, 9, 9, 10, 9, 10, 1]
(7.735377187840639, -14.879776905619922, 2.228673718790075, 5.104917239653312)
[1, 3, 8, 3, 3, 8, 8, 5, 6, 6, 10, 2, 10, 1, 3, 10, 8, 2, 10, 4, 3, 2, 10, 4, 9, 10, 9, 9, 10, 9, 10, 1]
(7.735377187840639, -14.879776905619922, 2.228673718790075, 5.104917239653312)
[1, 3, 8, 3, 3, 8, 8, 5, 6, 6, 10, 2, 10, 1, 3, 10, 8, 2, 10, 4, 3, 2, 10, 4, 9, 10, 9, 9, 10, 9, 10, 1]
(7.735377187840639, -14.879776905619922, 2.228673718790075, 5.104917239653312)
[1, 3, 8, 3, 3, 8, 8, 5, 6, 6, 10, 2, 10, 1, 3, 10, 8, 2, 10, 4, 3, 2, 10, 4, 10, 8, 9, 9, 10, 9, 10, 1]
(8.416200381278927, -53.103156283258706, -8.38485357130074, 5.122173655645413)
[1, 3, 8, 3, 3, 8, 8, 5, 6, 6, 10, 2, 10, 1, 3, 10, 8, 2, 10, 4, 3, 2, 10, 10, 6, 10, 9, 9, 10, 9, 10, 1]
(7.194753780903963, -12.42586140750194, 0.974029892206704, 5.198800102542571)
[1, 3, 8, 3, 3, 8, 8, 5, 6, 6, 10, 2, 10, 1, 3, 10, 8, 2, 10, 4, 3, 2, 10, 4, 9, 10, 9, 9, 10, 9, 10, 1]
(7.735377187840639, -14.879776905619922, 2.228673718790075, 5.104917239653312)
[1, 3, 8, 3, 3, 8, 8, 5, 6, 6, 10, 2, 10, 1, 3, 10, 8, 2, 10, 4, 3, 2, 10, 4, 10, 8, 9, 9, 10, 9, 10, 1]
(8.416200381278927, -53.103156283258706, -8.38485357130074, 5.122173655645413)
[1, 3, 8, 3, 3, 8, 8, 5, 6, 6, 10, 2, 10, 1, 3, 10, 8, 2, 10, 4, 3, 2, 10, 4, 10, 8, 9, 9, 10, 9, 10, 1]
(8.416200381278927, -53.103156283258706, -8.38485357130074, 5.122173655645413)
[1, 3, 8, 3, 3, 8, 8, 5, 6, 6, 10, 2, 10, 1, 3, 10, 8, 2, 10, 4, 3, 2, 10, 10, 6, 10, 9, 9, 10, 9, 10, 1]
(7.194753780903963, -12.42586140750194, 0.974029892206704, 5.198800102542571)
[1, 8, 6, 9, 8, 9, 8, 4, 6, 6, 2, 2, 10, 7, 3, 10, 7, 2, 10, 10, 2, 3, 10, 1, 9, 5, 10, 9, 1, 9, 10, 1]
(-0.05818180363717143, 5.955151596688035, 2.7498950392991848, 5.2052539816664485)
[1, 8, 6, 9, 8, 9, 8, 4, 6, 6, 2, 2, 10, 7, 3, 10, 7, 2, 10, 10, 2, 3, 10, 1, 9, 5, 10, 9, 1, 9, 10, 1]
(-0.05818180363717143, 5.955151596688035, 2.7498950392991848, 5.2052539816664485)
[1, 8, 6, 9, 8, 9, 8, 4, 6, 6, 2, 2, 10, 7, 3, 10, 7, 2, 10, 10, 2, 3, 10, 1, 9, 5, 10, 9, 1, 9, 10, 1]
(-0.05818180363717143, 5.955151596688035, 2.7498950392991848, 5.2052539816664485)
[1, 8, 6, 9, 8, 9, 8, 4, 6, 6, 2, 2, 10, 7, 3, 10, 7, 2, 10, 10, 2, 3, 10, 1, 9, 5, 10, 9, 1, 9, 10, 1]
(-0.05818180363717143, 5.955151596688035, 2.7498950392991848, 5.2052539816664485)
[1, 3, 8, 3, 3, 8, 8, 5, 6, 6, 10, 2, 10, 5, 1, 9, 7, 1, 10, 4, 3, 2, 10, 4, 9, 10, 8, 9, 10, 9, 10, 1]
(3.8705118865589605, -119.86067615922066, -9.97538108978669, 5.200980850476185)
[1, 3, 8, 3, 3, 8, 8, 5, 6, 6, 10, 2, 10, 5, 1, 9, 7, 1, 10, 4, 3, 2, 10, 4, 9, 10, 8, 9, 10, 9, 10, 1]
(3.8705118865589605, -119.86067615922066, -9.97538108978669, 5.200980850476185)
[1, 3, 8, 3, 3, 8, 8, 5, 6, 6, 10, 2, 10, 5, 1, 9, 7, 1, 10, 4, 3, 2, 10, 4, 9, 10, 8, 9, 10, 9, 10, 1]
(3.8705118865589605, -119.86067615922066, -9.97538108978669, 5.200980850476185)
[1, 3, 8, 3, 3, 8, 8, 5, 6, 6, 10, 2, 10, 5, 1, 9, 7, 1, 10, 4, 3, 2, 10, 4, 9, 10, 8, 9, 10, 9, 10, 1]
(3.8705118865589605, -119.86067615922066, -9.97538108978669, 5.200980850476185)
[1, 3, 8, 3, 3, 8, 8, 5, 6, 6, 10, 2, 10, 1, 2, 10, 8, 2, 10, 4, 3, 2, 10, 10, 6, 10, 6, 9, 10, 9, 10, 1]
(-0.4244962171913311, -13.658038265064851, -9.347732133182308, 5.248804552325155)
[1, 8, 8, 3, 3, 9, 2, 2, 10, 4, 2, 2, 10, 1, 4, 10, 8, 10, 7, 10, 2, 3, 10, 9, 4, 7, 7, 9, 10, 9, 10, 1]
(3.3528526169156523, -2.3925967462158413, -0.3275938095775417, 5.257714886712108)
[1, 8, 8, 3, 3, 9, 2, 2, 10, 4, 2, 2, 10, 1, 4, 10, 8, 10, 7, 10, 2, 3, 10, 4, 4, 7, 7, 9, 10, 9, 10, 1]
(3.0270989621792523, -1.1655739830821767, -0.3434879509248545, 5.305928635629149)
[1, 8, 8, 3, 3, 9, 2, 2, 10, 4, 2, 2, 10, 1, 4, 10, 8, 10, 7, 10, 2, 3, 10, 4, 4, 7, 7, 9, 10, 9, 10, 1]
(3.0270989621792523, -1.1655739830821767, -0.3434879509248545, 5.305928635629149)
[1, 8, 8, 3, 3, 9, 2, 2, 10, 4, 2, 2, 10, 1, 4, 10, 8, 10, 7, 10, 2, 3, 10, 4, 4, 7, 7, 9, 10, 9, 10, 1]
(3.0270989621792523, -1.1655739830821767, -0.3434879509248545, 5.305928635629149)
[1, 8, 6, 9, 8, 10, 10, 5, 7, 1, 10, 2, 10, 9, 3, 10, 8, 4, 2, 8, 2, 3, 10, 4, 7, 9, 5, 10, 1, 3, 4, 1]
(3.608912252772814, -30.58161020398781, -4.286000815671778, 5.354990152920442)
[1, 3, 8, 1, 3, 8, 8, 5, 6, 6, 10, 2, 10, 1, 3, 10, 8, 2, 10, 4, 3, 2, 10, 4, 9, 10, 9, 9, 10, 9, 10, 1]
(2.448486316614251, -94.21855343863886, -11.529609129703271, 5.331547220717688)
[1, 8, 1, 5, 8, 6, 1, 2, 10, 4, 1, 1, 9, 1, 3, 10, 9, 1, 2, 8, 2, 3, 10, 4, 6, 9, 9, 10, 1, 7, 8, 1]
(-1.6857693749374902, -1.241833630683983, 6.29453064056953, 5.71012581487601)
[1, 8, 1, 5, 8, 6, 1, 2, 10, 4, 1, 1, 9, 1, 3, 10, 9, 1, 2, 8, 2, 3, 10, 4, 6, 9, 9, 10, 1, 7, 8, 1]
(-1.6857693749374902, -1.241833630683983, 6.29453064056953, 5.71012581487601)
[1, 8, 1, 5, 8, 6, 1, 2, 10, 4, 1, 1, 9, 1, 3, 10, 9, 1, 2, 8, 2, 3, 10, 4, 6, 9, 9, 10, 1, 7, 8, 1]
(-1.6857693749374902, -1.241833630683983, 6.29453064056953, 5.71012581487601)
[1, 10, 6, 9, 9, 9, 1, 2, 10, 6, 1, 1, 4, 1, 3, 10, 7, 10, 1, 8, 2, 1, 9, 10, 9, 3, 4, 9, 3, 7, 8, 1]
(-4.4570853022355665, 5.800052398531342, 6.925349090104404, 5.954517727364956)
[1, 8, 1, 8, 8, 6, 1, 3, 9, 4, 1, 1, 9, 1, 3, 6, 9, 1, 2, 8, 3, 3, 10, 4, 1, 9, 9, 10, 1, 7, 8, 1]
(-3.0504208117507003, -1.3137757640012726, 5.46719974726226, 5.995584073772349)
[1, 8, 1, 8, 8, 6, 1, 3, 9, 4, 1, 1, 9, 1, 3, 6, 9, 1, 2, 8, 3, 3, 10, 4, 1, 9, 9, 10, 1, 7, 8, 1]
(-3.0504208117507003, -1.3137757640012726, 5.46719974726226, 5.9955708606112506)
[1, 8, 1, 8, 8, 6, 1, 3, 9, 4, 1, 1, 9, 1, 3, 6, 9, 1, 2, 8, 3, 3, 10, 4, 1, 9, 9, 10, 1, 7, 8, 1]
(-3.0504208117507003, -1.3137757640012726, 5.46719974726226, 5.9955708606112506)
[1, 8, 6, 4, 8, 10, 10, 5, 5, 2, 10, 10, 8, 1, 1, 10, 4, 2, 6, 9, 2, 3, 9, 8, 10, 8, 1, 10, 1, 3, 4, 1]
(2.9757276461342346, -6.2707152561871125, -2.3278053730010986, 4.986662265355603)
[1, 8, 6, 10, 1, 5, 1, 2, 8, 4, 1, 1, 6, 1, 3, 10, 9, 1, 2, 8, 2, 3, 10, 4, 10, 9, 9, 10, 1, 7, 8, 1]
(-3.0629850408790955, -9.20186368461695, 6.8551688514895694, 6.053965521671926)
[1, 8, 6, 10, 1, 5, 1, 2, 8, 4, 1, 1, 6, 1, 3, 10, 9, 1, 2, 8, 2, 3, 10, 4, 10, 9, 9, 10, 1, 7, 8, 1]
(-3.0629850408790955, -9.20186368461695, 6.8551688514895694, 6.053965521671926)
[1, 8, 6, 10, 1, 5, 1, 2, 8, 4, 1, 1, 6, 1, 3, 10, 9, 1, 2, 8, 2, 3, 10, 4, 10, 10, 8, 10, 1, 7, 8, 1]
(-2.9926284391004176, -9.465154231704815, 6.796670737296539, 6.064291730575102)
[1, 8, 6, 10, 1, 5, 1, 2, 8, 4, 1, 1, 6, 1, 3, 10, 9, 1, 2, 8, 2, 3, 10, 4, 10, 10, 8, 10, 1, 7, 8, 1]
(-2.9926284391004176, -9.465154231704815, 6.796670737296539, 6.064291730575102)
[1, 8, 1, 5, 8, 6, 1, 2, 10, 4, 1, 4, 9, 2, 6, 10, 1, 10, 9, 10, 2, 3, 10, 7, 10, 10, 9, 8, 1, 7, 8, 1]
(-1.3253903162847567, 6.22047226127794, 2.6956889016531362, 6.051356203891472)
[1, 8, 1, 5, 8, 6, 1, 2, 10, 4, 1, 4, 9, 2, 6, 10, 1, 10, 9, 10, 2, 3, 10, 7, 10, 10, 9, 8, 1, 7, 8, 1]
(-1.3253903162847567, 6.22047226127794, 2.6956889016531362, 6.051356203891472)
[1, 8, 1, 5, 8, 6, 1, 2, 10, 4, 1, 4, 9, 2, 6, 10, 2, 10, 9, 10, 2, 3, 10, 7, 10, 8, 9, 8, 1, 7, 8, 1]
(-1.4435852221045138, 6.21256702719892, 2.8288266396212056, 6.0606188069738485)
[1, 8, 1, 5, 8, 6, 1, 2, 10, 4, 1, 4, 9, 2, 6, 10, 2, 10, 9, 10, 2, 3, 10, 7, 10, 8, 9, 8, 1, 7, 8, 1]
(-1.4435852221045138, 6.21256702719892, 2.8288266396212056, 6.0606188069738485)
[1, 8, 5, 9, 8, 10, 10, 5, 7, 1, 10, 2, 10, 1, 1, 10, 9, 3, 2, 8, 2, 3, 10, 4, 7, 9, 5, 10, 1, 3, 4, 1]
(1.7318127907715168, 5.055518994895757, 1.8120349815143768, 6.180068963319577)
[1, 8, 5, 9, 8, 10, 10, 5, 7, 1, 10, 2, 10, 1, 1, 10, 9, 3, 2, 8, 2, 3, 10, 4, 7, 9, 5, 10, 1, 3, 4, 1]
(1.7318127907715168, 5.055518994895757, 1.8120349815143768, 6.180068963319577)
[1, 8, 5, 9, 8, 10, 10, 5, 7, 1, 10, 2, 10, 1, 1, 10, 9, 3, 2, 8, 2, 3, 10, 4, 7, 9, 5, 10, 1, 3, 4, 1]
(1.7318127907715168, 5.055518994895757, 1.8120349815143768, 6.180068963319577)
[1, 8, 5, 9, 8, 10, 10, 5, 7, 1, 10, 2, 10, 1, 1, 10, 9, 3, 2, 8, 2, 3, 10, 4, 10, 8, 9, 10, 9, 3, 4, 1]
(1.5384643321905032, 2.112805620587481, 0.7322931657314433, 6.208465667908476)
[1, 7, 5, 9, 9, 5, 1, 2, 10, 4, 1, 1, 5, 1, 3, 10, 8, 10, 1, 9, 2, 3, 10, 8, 9, 10, 9, 9, 3, 6, 8, 1]
(-7.0512666846657455, -19.458511677743957, 9.101606719691507, 6.194806874052301)
[1, 7, 5, 9, 9, 5, 1, 2, 10, 4, 1, 1, 5, 1, 3, 10, 8, 10, 1, 9, 2, 3, 10, 8, 9, 10, 9, 9, 3, 6, 8, 1]
(-7.0512666846657455, -19.458511677743957, 9.101606719691507, 6.194806874052301)
[1, 7, 5, 9, 9, 5, 1, 2, 10, 4, 1, 1, 5, 1, 3, 10, 8, 10, 1, 9, 2, 3, 10, 8, 9, 10, 9, 9, 3, 6, 8, 1]
(-7.0512666846657455, -19.458511677743957, 9.101606719691507, 6.194806874052301)
[1, 7, 5, 9, 9, 5, 1, 2, 10, 4, 1, 1, 5, 1, 3, 10, 8, 10, 1, 9, 2, 3, 10, 8, 9, 10, 9, 9, 3, 6, 8, 1]
(-7.0512666846657455, -19.458511677743957, 9.101606719691507, 6.194806874052301)
[1, 5, 1, 10, 9, 5, 1, 2, 10, 6, 1, 1, 4, 1, 8, 10, 5, 5, 1, 8, 2, 3, 10, 4, 9, 7, 7, 9, 9, 6, 8, 1]
(-7.234009006942554, -42.662800738730624, 9.723747003517946, 6.269434322629416)
[1, 5, 1, 10, 9, 5, 1, 2, 10, 6, 1, 1, 4, 1, 8, 10, 5, 5, 1, 6, 2, 4, 10, 4, 6, 5, 4, 9, 9, 6, 8, 1]
(-7.208876527861551, -42.88855019623853, 9.854385067054046, 6.26874579394122)
[1, 5, 1, 10, 9, 5, 1, 2, 10, 6, 1, 1, 4, 1, 8, 10, 5, 5, 1, 6, 2, 4, 10, 4, 6, 5, 4, 9, 9, 6, 8, 1]
(-7.208876527861551, -42.88855019623853, 9.854385067054046, 6.26874579394122)
[1, 5, 1, 10, 9, 5, 1, 2, 10, 6, 1, 1, 4, 1, 8, 10, 5, 5, 1, 6, 2, 4, 10, 4, 6, 5, 4, 9, 9, 6, 8, 1]
(-7.208876527861551, -42.88855019623853, 9.854385067054046, 6.26874579394122)
[1, 8, 6, 4, 8, 10, 10, 5, 5, 2, 10, 9, 8, 1, 1, 10, 4, 2, 6, 10, 2, 3, 9, 7, 10, 8, 1, 10, 1, 3, 4, 1]
(3.00327140917052, 2.1906244346255153, -1.8417428270359386, 6.518896850344484)
[1, 8, 6, 4, 8, 10, 10, 5, 5, 2, 10, 9, 8, 1, 1, 10, 4, 2, 6, 10, 2, 3, 9, 7, 10, 8, 1, 10, 1, 3, 4, 1]
(3.00327140917052, 2.1906244346255153, -1.8417428270359386, 6.518896850344484)
[1, 8, 6, 4, 8, 10, 10, 5, 5, 2, 10, 9, 8, 1, 1, 10, 4, 2, 6, 10, 2, 3, 9, 7, 10, 8, 1, 10, 1, 3, 4, 1]
(3.00327140917052, 2.1906244346255153, -1.8417428270359386, 6.518896850344484)
[1, 8, 5, 9, 8, 10, 10, 5, 7, 2, 10, 9, 9, 1, 3, 10, 8, 2, 9, 10, 2, 3, 7, 1, 7, 6, 9, 10, 1, 3, 4, 1]
(3.492113323516348, -10.40786843507608, -3.536212864442868, 6.481381000498066)
[1, 8, 5, 9, 8, 10, 10, 5, 7, 2, 10, 9, 9, 1, 3, 10, 8, 2, 9, 10, 2, 3, 7, 1, 7, 6, 9, 10, 1, 3, 4, 1]
(3.492113323516348, -10.40786843507608, -3.536212864442868, 6.481381000498066)
[1, 8, 5, 9, 8, 10, 10, 5, 7, 2, 10, 9, 9, 1, 3, 10, 8, 2, 9, 10, 2, 3, 7, 1, 7, 6, 9, 10, 1, 3, 4, 1]
(3.492113323516348, -10.40786843507608, -3.536212864442868, 6.481381000498066)
[1, 8, 5, 9, 8, 10, 10, 5, 7, 2, 10, 9, 9, 1, 3, 10, 8, 2, 9, 10, 2, 3, 7, 1, 7, 6, 9, 10, 1, 3, 4, 1]
(3.492113323516348, -10.40786843507608, -3.536212864442868, 6.481381000498066)
[1, 8, 9, 9, 8, 10, 10, 5, 7, 1, 10, 2, 4, 5, 3, 9, 8, 2, 9, 10, 2, 3, 7, 8, 1, 8, 4, 9, 1, 3, 4, 1]
(1.9131529559463047, 1.1210003069141183, -0.23998891936682193, 3.356727780813795)
[1, 8, 9, 9, 8, 10, 10, 5, 7, 1, 10, 2, 4, 5, 3, 9, 8, 2, 9, 10, 2, 3, 7, 8, 1, 8, 4, 9, 1, 3, 4, 1]
(1.9131529559463047, 1.1210003069141183, -0.23998891936682193, 3.356727780813795)
[1, 8, 9, 9, 8, 10, 10, 5, 7, 1, 10, 2, 4, 5, 3, 9, 8, 2, 9, 10, 2, 3, 7, 8, 1, 8, 4, 9, 1, 3, 4, 1]
(1.9131529559463047, 1.1210003069141183, -0.23998891936682193, 3.356727780813795)
[1, 8, 9, 9, 8, 10, 10, 5, 7, 1, 10, 2, 4, 5, 3, 9, 8, 2, 9, 10, 2, 3, 7, 8, 1, 8, 4, 9, 1, 3, 4, 1]
(1.9131529559463047, 1.1210003069141183, -0.23998891936682193, 3.356727780813795)
[1, 8, 4, 9, 8, 10, 10, 5, 7, 1, 10, 1, 5, 6, 7, 10, 4, 2, 10, 10, 2, 5, 9, 10, 9, 4, 9, 9, 1, 3, 4, 1]
(1.5070470454541514, -1.8520455723163507, 0.5630822361473441, 6.6713584994698225)
[1, 8, 6, 9, 8, 10, 10, 8, 7, 6, 10, 9, 8, 1, 4, 9, 8, 2, 9, 10, 2, 3, 10, 10, 6, 8, 4, 10, 1, 3, 4, 1]
(-3.067548230002561, -8.946914312421201, 6.135320411698058, 6.801040670283772)
[1, 8, 6, 9, 8, 10, 10, 8, 7, 6, 10, 9, 8, 1, 4, 9, 8, 2, 9, 10, 2, 3, 10, 10, 6, 8, 4, 10, 1, 3, 4, 1]
(-3.067548230002561, -8.946914312421201, 6.135320411698058, 6.801040670283772)
[1, 8, 6, 9, 8, 10, 10, 8, 7, 6, 10, 9, 8, 1, 4, 9, 8, 2, 9, 10, 2, 3, 10, 10, 6, 8, 4, 10, 1, 3, 4, 1]
(-3.067548230002561, -8.946914312421201, 6.135320411698058, 6.801040670283772)
[1, 8, 6, 9, 8, 10, 10, 8, 7, 6, 10, 9, 2, 1, 4, 9, 7, 1, 9, 10, 2, 3, 10, 10, 6, 8, 4, 10, 1, 3, 4, 1]
(-2.170295345140974, 4.17614821533757, 3.848955636853108, 6.816522816974691)
[1, 8, 6, 9, 8, 10, 10, 8, 7, 6, 10, 9, 2, 1, 4, 9, 7, 1, 9, 10, 2, 3, 10, 10, 6, 8, 4, 10, 1, 3, 4, 1]
(-2.170295345140974, 4.17614821533757, 3.812239154252208, 6.81599394459573)
[1, 8, 9, 9, 8, 10, 10, 5, 5, 1, 8, 2, 4, 5, 3, 9, 8, 2, 9, 10, 2, 3, 9, 4, 1, 8, 4, 9, 1, 3, 4, 1]
(0.5186986098524358, 6.166229332866018, 2.359130472330161, 6.862652149377052)
[1, 8, 6, 9, 8, 10, 10, 8, 7, 6, 10, 9, 8, 1, 4, 9, 8, 1, 2, 8, 2, 3, 10, 4, 6, 9, 9, 10, 1, 3, 4, 1]
(-0.02309602644446613, 0.32122909275758216, 0.014996245527905804, 6.890078095356955)
[9, 10, 1, 5, 8, 6, 1, 2, 10, 9, 1, 2, 5, 6, 7, 10, 4, 2, 9, 10, 2, 5, 9, 2, 10, 4, 9, 9, 6, 3, 4, 1]
(0.7674224191911181, 1.4391910442963747, -0.29427406783496274, 6.924702148472476)
[9, 10, 1, 5, 8, 6, 1, 2, 10, 9, 1, 2, 5, 6, 7, 10, 4, 2, 9, 10, 2, 5, 9, 2, 10, 4, 9, 9, 6, 3, 4, 1]
(0.7674224191911181, 1.4391910442963747, -0.29427406783496274, 6.924702148472476)
[2, 8, 7, 5, 8, 7, 1, 2, 10, 5, 1, 2, 10, 5, 3, 10, 9, 1, 2, 8, 2, 1, 10, 4, 6, 3, 5, 10, 1, 3, 4, 1]
(-4.338566649496989, -9.296617086784275, 6.924376651323036, 6.940857598364666)
[1, 8, 6, 9, 9, 5, 1, 2, 10, 6, 1, 1, 4, 1, 3, 10, 7, 10, 1, 8, 2, 1, 10, 4, 6, 3, 5, 10, 1, 3, 4, 1]
(-5.0888929636352715, 3.0751238226093323, 5.398896254955908, 7.090436203740543)
[1, 8, 6, 9, 9, 5, 1, 2, 10, 6, 1, 1, 4, 1, 3, 10, 7, 10, 1, 8, 2, 1, 10, 4, 6, 3, 5, 10, 1, 3, 4, 1]
(-5.0888929636352715, 3.0751238226093323, 5.398896254955908, 7.090436203740543)
[1, 8, 6, 9, 9, 5, 1, 2, 10, 6, 1, 1, 4, 1, 3, 10, 7, 10, 1, 8, 2, 1, 10, 4, 6, 3, 5, 10, 1, 3, 4, 1]
(-5.0888929636352715, 3.0751238226093323, 5.398896254955908, 7.090436203740543)
[1, 8, 6, 9, 9, 5, 1, 2, 10, 6, 1, 1, 4, 1, 3, 10, 7, 10, 1, 8, 2, 1, 10, 4, 6, 3, 5, 10, 1, 3, 4, 1]
(-5.0888929636352715, 3.0751238226093323, 5.398896254955908, 7.090436203740543)
[1, 8, 6, 3, 9, 5, 1, 2, 10, 7, 1, 1, 4, 1, 8, 10, 5, 5, 1, 8, 2, 3, 10, 3, 8, 8, 5, 10, 1, 3, 4, 1]
(-3.133603462408246, 3.0355493228030594, 4.702217241006135, 7.087429034814614)
[1, 8, 6, 3, 9, 5, 1, 2, 10, 7, 1, 1, 4, 1, 3, 10, 7, 10, 1, 8, 2, 3, 10, 3, 8, 8, 5, 10, 1, 3, 4, 1]
(-4.632241204272589, 1.4540278770279709, 4.237681704594933, 7.128352875292859)
[1, 8, 6, 3, 9, 5, 1, 2, 10, 7, 1, 1, 4, 1, 3, 10, 7, 10, 1, 8, 2, 3, 10, 3, 8, 8, 5, 10, 1, 3, 4, 1]
(-4.632241204272589, 1.4540278770279709, 4.237681704594933, 7.128352875292859)
[1, 8, 6, 3, 9, 5, 1, 2, 10, 7, 1, 1, 4, 1, 3, 10, 7, 10, 1, 8, 2, 3, 10, 3, 8, 8, 5, 10, 1, 3, 4, 1]
(-4.632241204272589, 1.4540278770279709, 4.237681704594933, 7.128352875292859)
[1, 8, 6, 3, 9, 5, 1, 2, 10, 7, 1, 1, 4, 1, 3, 10, 7, 10, 1, 8, 2, 3, 10, 3, 8, 8, 5, 10, 1, 3, 4, 1]
(-4.632241204272589, 1.4540278770279709, 4.237681704594933, 7.128352875292859)
[1, 8, 8, 1, 8, 5, 1, 2, 10, 4, 2, 1, 5, 7, 3, 9, 8, 1, 6, 4, 2, 3, 9, 10, 6, 9, 9, 8, 1, 3, 4, 1]
(-1.9463322544579598, 6.102255480597018, 2.990044700338234, 7.145249952494852)
[9, 10, 1, 5, 8, 6, 1, 2, 10, 9, 1, 2, 5, 6, 7, 10, 4, 2, 9, 10, 2, 5, 9, 10, 10, 4, 9, 3, 6, 3, 4, 1]
(2.412099895497633, -15.482700552013473, -2.2720911805338333, 7.191031129822104)
[9, 10, 1, 5, 8, 6, 1, 2, 10, 9, 1, 2, 5, 6, 7, 10, 4, 2, 9, 10, 2, 5, 9, 10, 10, 4, 9, 3, 6, 3, 4, 1]
(2.412099895497633, -15.482700552013473, -2.2720911805338333, 7.191031129822104)
[9, 10, 1, 5, 8, 6, 1, 2, 10, 9, 1, 2, 5, 6, 7, 10, 4, 2, 9, 10, 2, 5, 9, 10, 10, 4, 9, 3, 6, 3, 4, 1]
(2.412099895497633, -15.482700552013473, -2.2720911805338333, 7.191031129822104)
[9, 10, 1, 5, 8, 6, 1, 2, 10, 9, 1, 2, 5, 6, 7, 10, 4, 2, 9, 10, 2, 5, 9, 10, 8, 4, 9, 3, 6, 3, 4, 1]
(2.4237467980956353, -15.811889739025169, -2.296227362584387, 7.181945527929542)
[1, 8, 8, 10, 8, 5, 1, 2, 10, 4, 2, 1, 5, 1, 3, 9, 8, 2, 6, 4, 2, 3, 9, 10, 9, 1, 9, 8, 1, 3, 4, 1]
(-2.4380068253604916, 5.64121356501397, 2.426605643660525, 7.182097119497092)
[1, 8, 8, 10, 8, 5, 1, 2, 10, 4, 2, 1, 5, 1, 3, 9, 8, 2, 6, 4, 2, 3, 9, 10, 9, 1, 9, 8, 1, 3, 4, 1]
(-2.4380068253604916, 5.64121356501397, 2.426605643660525, 7.182097119497092)
[1, 8, 8, 10, 8, 5, 1, 2, 10, 4, 2, 1, 5, 1, 3, 9, 8, 2, 6, 4, 2, 3, 9, 10, 9, 1, 9, 8, 1, 3, 4, 1]
(-2.4380068253604916, 5.64121356501397, 2.426605643660525, 7.182097119497092)
[1, 8, 8, 10, 8, 5, 1, 2, 10, 4, 2, 1, 5, 1, 3, 9, 8, 2, 6, 4, 2, 3, 9, 10, 9, 1, 9, 8, 1, 3, 4, 1]
(-2.4380068253604916, 5.64121356501397, 2.426605643660525, 7.182097119497092)
[1, 8, 6, 9, 9, 5, 1, 2, 10, 6, 1, 5, 4, 1, 3, 10, 7, 10, 1, 8, 2, 1, 10, 4, 6, 3, 5, 10, 1, 3, 4, 1]
(-0.09686738883249575, 0.19742696860904277, 0.43433954275023645, 7.274784292824907)
[1, 8, 6, 10, 3, 3, 1, 5, 6, 2, 9, 1, 5, 1, 3, 2, 3, 2, 9, 4, 2, 3, 9, 4, 10, 10, 9, 9, 8, 1, 1, 1]
(0.03788083142716232, 0.35597131274548155, 0.002251277382507439, 7.47832760775077)
[1, 8, 6, 4, 8, 10, 10, 5, 5, 2, 10, 9, 8, 1, 3, 2, 3, 2, 9, 4, 2, 3, 9, 4, 10, 10, 9, 10, 8, 1, 1, 1]
(0.03817561395644305, 0.35598991159761156, 0.002605027447535687, 7.4797565464687)
[1, 8, 1, 8, 8, 6, 1, 2, 10, 4, 9, 1, 5, 1, 3, 2, 3, 2, 9, 4, 2, 3, 9, 4, 10, 10, 9, 9, 8, 1, 1, 1]
(0.03805354855330449, 0.3553677506056789, 0.0024848020621180823, 7.4801480925025805)
[1, 8, 1, 8, 8, 6, 1, 2, 10, 4, 2, 2, 5, 7, 3, 10, 7, 10, 1, 8, 5, 3, 10, 4, 10, 10, 9, 9, 8, 1, 1, 1]
(0.033366137213295136, 0.3362316670535469, -0.0017662372331274398, 7.490382224007202)
