[7, 7, 5, 1, 1, 9, 5, 2, 6, 8, 2, 3, 10, 5, 1, 10, 5, 6, 9, 9, 3, 4, 9, 8, 8, 3, 10, 8, 6, 8, 9, 4]
(-0.04429810664373679, 1.502132171535625, 0.5359457091399381, 3.1330880387291296)
[7, 7, 5, 1, 1, 9, 5, 2, 6, 8, 2, 3, 10, 5, 1, 10, 5, 6, 9, 9, 3, 4, 9, 8, 8, 3, 10, 8, 6, 8, 9, 4]
(-0.04429810664373679, 1.502132171535625, 0.5359457091399381, 3.1330880387291296)
[7, 7, 5, 1, 1, 9, 5, 2, 6, 8, 2, 3, 10, 5, 1, 10, 5, 6, 9, 9, 3, 4, 9, 8, 8, 3, 10, 8, 6, 8, 9, 4]
(-0.04429810664373679, 1.502132171535625, 0.5359457091399381, 3.1330880387291296)
[7, 7, 5, 1, 1, 9, 5, 2, 6, 8, 2, 3, 10, 5, 1, 10, 5, 6, 9, 9, 3, 4, 9, 8, 8, 3, 10, 8, 6, 8, 9, 4]
(-0.04404345202947299, 1.502132171535625, 0.6026681672901365, 3.1330880387291296)
[7, 7, 9, 1, 1, 9, 5, 2, 6, 8, 2, 3, 10, 5, 1, 10, 5, 6, 9, 9, 3, 4, 9, 8, 8, 3, 10, 8, 6, 8, 9, 4]
(0.0709938239158392, 1.9590546550267338, 0.5476387781204077, 3.1266542978714273)
[7, 7, 9, 1, 1, 9, 5, 2, 6, 8, 2, 3, 10, 5, 1, 10, 5, 6, 9, 9, 3, 4, 9, 8, 8, 3, 10, 8, 6, 8, 9, 4]
(0.0709938239158392, 1.9590546550267338, 0.5476387781204077, 3.1266542978714273)
[7, 7, 9, 1, 1, 9, 5, 2, 6, 8, 2, 3, 10, 5, 1, 10, 5, 6, 9, 9, 3, 4, 9, 8, 8, 3, 10, 8, 6, 8, 9, 4]
(0.0709938239158392, 1.9590546550267338, 0.5476387781204077, 3.1266542978714273)
[7, 7, 9, 1, 1, 9, 5, 2, 6, 8, 2, 3, 10, 5, 1, 10, 5, 6, 9, 9, 3, 4, 9, 8, 8, 3, 10, 9, 6, 8, 9, 4]
(-0.10130566147209949, 2.066584268076494, 0.6783542137638202, 3.193485137286286)
[7, 7, 8, 1, 1, 9, 5, 2, 6, 8, 2, 3, 10, 5, 1, 10, 5, 6, 9, 9, 3, 4, 9, 8, 8, 3, 10, 8, 6, 8, 9, 4]
(-0.01686733364704479, 2.512057041049026, 0.6357217389035138, 3.1241142624710068)
[7, 7, 8, 1, 1, 9, 5, 2, 6, 8, 2, 3, 10, 5, 1, 10, 5, 6, 9, 9, 3, 4, 9, 8, 8, 3, 10, 8, 6, 8, 9, 4]
(-0.01686733364704479, 2.512057041049026, 0.6357217389035138, 3.1241142624710068)
[3, 9, 9, 3, 2, 9, 5, 2, 6, 6, 3, 6, 5, 9, 1, 10, 4, 6, 9, 9, 3, 2, 9, 10, 8, 8, 9, 8, 7, 8, 9, 4]
(0.6020634059855638, 1.3544880277946936, 0.9996093647134798, 1.9804797761664703)
[7, 7, 5, 1, 1, 9, 5, 2, 6, 8, 2, 3, 10, 5, 1, 10, 5, 6, 9, 9, 3, 4, 9, 8, 8, 3, 10, 8, 6, 8, 9, 4]
(-0.04429810664373679, 1.502132171535625, 0.5359457091399381, 3.1330880387291296)
[7, 7, 5, 1, 1, 9, 5, 2, 6, 8, 2, 3, 10, 5, 1, 10, 5, 6, 9, 9, 3, 4, 9, 8, 8, 3, 10, 8, 6, 8, 9, 4]
(-0.04429810664373679, 1.502132171535625, 0.5359457091399381, 3.1330880387291296)
[7, 7, 5, 1, 1, 9, 5, 2, 6, 8, 2, 3, 10, 5, 1, 10, 5, 6, 9, 9, 3, 4, 9, 8, 8, 3, 10, 8, 6, 8, 9, 4]
(-0.04429810664373679, 1.502132171535625, 0.5359457091399381, 3.1330880387291296)
[7, 7, 5, 1, 1, 9, 5, 2, 6, 8, 2, 3, 10, 5, 1, 10, 5, 6, 9, 9, 3, 4, 9, 8, 8, 3, 10, 8, 6, 8, 9, 4]
(-0.04429810664373679, 1.502132171535625, 0.5359457091399381, 3.1330880387291296)
[2, 8, 3, 8, 6, 2, 4, 3, 10, 10, 3, 10, 2, 2, 9, 5, 4, 10, 2, 3, 8, 9, 5, 5, 9, 3, 5, 10, 5, 4, 5, 1]
(-1.0569138729859333, 5.288827154785815, 1.3997421878820409, 1.8219620548995579)
[2, 8, 3, 8, 6, 2, 4, 3, 10, 10, 3, 10, 2, 2, 9, 5, 4, 10, 2, 3, 8, 9, 5, 5, 9, 3, 5, 10, 5, 4, 5, 1]
(-1.0569138729859333, 5.288827154785815, 1.3997421878820409, 1.8219620548995579)
[2, 8, 3, 8, 6, 2, 4, 3, 10, 10, 3, 10, 2, 2, 9, 5, 4, 10, 2, 3, 8, 9, 5, 5, 9, 3, 5, 10, 5, 4, 5, 1]
(-1.0569138729859333, 5.288827154785815, 1.3997421878820409, 1.8219620548995579)
[2, 8, 3, 8, 6, 2, 4, 3, 10, 10, 3, 10, 2, 2, 9, 5, 4, 10, 2, 3, 8, 9, 5, 5, 9, 3, 5, 10, 5, 4, 5, 1]
(-1.0569138729859333, 5.288827154785815, 1.3997421878820409, 1.8219620548995579)
[1, 9, 2, 3, 2, 9, 5, 2, 6, 6, 3, 6, 5, 9, 1, 10, 4, 6, 9, 9, 3, 2, 9, 10, 8, 8, 7, 9, 6, 8, 9, 4]
(0.3838057606018737, 0.9506055043053568, 0.6381587329080407, 2.8033719898897487)
[3, 9, 9, 3, 2, 9, 5, 2, 6, 6, 3, 6, 5, 9, 1, 10, 4, 6, 9, 9, 3, 2, 9, 10, 8, 8, 7, 9, 6, 8, 9, 4]
(0.5900513892807764, 2.3519274709631692, 0.8856161197709416, 2.131809419291806)
[3, 9, 9, 3, 2, 9, 5, 2, 6, 6, 3, 6, 5, 9, 1, 10, 4, 6, 9, 9, 3, 2, 9, 10, 8, 8, 7, 9, 6, 8, 9, 4]
(0.5900513892807764, 2.3519274709631692, 0.8856161197709416, 2.131809419291806)
[3, 9, 9, 3, 2, 9, 5, 2, 6, 6, 3, 6, 5, 9, 1, 10, 4, 6, 9, 9, 3, 2, 9, 10, 8, 8, 7, 9, 6, 8, 9, 4]
(0.5900513892807764, 2.3519274709631692, 0.8856161197709416, 2.131809419291806)
[2, 9, 4, 6, 6, 4, 1, 3, 10, 10, 6, 6, 1, 1, 8, 5, 1, 10, 2, 10, 10, 9, 5, 7, 9, 8, 5, 9, 6, 8, 9, 4]
(1.5813819510090488, 4.684294176844444, 3.96259908058313, 5.171422643725939)
[2, 9, 4, 6, 6, 4, 1, 3, 10, 10, 6, 6, 1, 1, 8, 5, 1, 10, 2, 10, 10, 9, 5, 7, 9, 8, 5, 9, 6, 8, 9, 4]
(1.5813819510090488, 4.684294176844444, 3.96259908058313, 5.171422643725939)
[3, 9, 9, 3, 9, 7, 4, 4, 10, 10, 7, 3, 6, 1, 7, 5, 3, 10, 2, 3, 10, 9, 4, 9, 10, 3, 5, 9, 6, 8, 9, 2]
(1.1451524508433724, -4.001357780631293, -0.3984669495582406, 2.2143182805397017)
[2, 9, 3, 8, 6, 4, 4, 3, 10, 10, 3, 10, 1, 1, 9, 5, 4, 10, 2, 3, 10, 9, 5, 9, 10, 8, 5, 9, 5, 4, 5, 1]
(-1.8033815291615722, 0.43637953077148384, -0.03579476128019332, 1.3564845146660376)
[3, 9, 9, 3, 9, 7, 4, 4, 10, 10, 7, 3, 6, 1, 7, 5, 3, 10, 2, 3, 10, 9, 4, 7, 10, 3, 7, 9, 6, 8, 9, 2]
(1.2449304523404863, -4.329082172755173, -0.7536348877212962, 3.209095447232281)
[3, 9, 9, 3, 9, 7, 4, 4, 10, 10, 7, 3, 6, 1, 7, 5, 3, 10, 2, 3, 10, 9, 4, 7, 10, 3, 7, 9, 6, 8, 9, 2]
(1.2449304523404863, -4.329082172755173, -0.7536348877212962, 3.209095447232281)
[3, 9, 9, 3, 9, 7, 4, 4, 10, 10, 7, 3, 6, 1, 7, 5, 3, 10, 2, 3, 10, 9, 4, 7, 10, 3, 7, 9, 6, 8, 9, 2]
(1.2449304523404863, -4.329082172755173, -0.7536348877212962, 3.209095447232281)
[2, 9, 9, 3, 3, 9, 5, 2, 6, 6, 3, 6, 5, 3, 5, 5, 1, 10, 2, 6, 10, 9, 5, 7, 9, 4, 7, 9, 6, 8, 9, 1]
(0.44262843647284195, 0.2564659753213528, 0.027927905598875757, 0.9112321888618856)
[2, 9, 9, 3, 3, 9, 5, 2, 6, 6, 3, 6, 5, 3, 5, 5, 1, 10, 2, 6, 10, 9, 5, 7, 9, 4, 7, 9, 6, 8, 9, 1]
(0.44262843647284195, 0.2564659753213528, 0.027927905598875757, 0.9112321888618856)
[1, 9, 1, 3, 9, 7, 4, 4, 10, 10, 7, 3, 7, 7, 7, 5, 3, 10, 2, 3, 10, 9, 4, 7, 9, 8, 4, 8, 6, 8, 9, 4]
(1.5452958785667503, -6.692235492966483, -0.8863029506279408, 2.1202523428826834)
[1, 9, 1, 3, 9, 7, 4, 4, 10, 10, 7, 3, 7, 7, 7, 5, 3, 10, 2, 3, 10, 9, 4, 7, 9, 8, 4, 8, 6, 8, 9, 4]
(1.5452958785667503, -6.692235492966483, -0.8863029506279408, 2.1202523428826834)
[1, 9, 1, 3, 9, 7, 4, 4, 10, 10, 7, 3, 7, 7, 7, 5, 3, 10, 2, 3, 10, 9, 4, 7, 9, 8, 4, 8, 6, 8, 9, 4]
(1.5452958785667503, -6.692235492966483, -0.8863029506279408, 2.1202523428826834)
[1, 9, 1, 3, 9, 7, 4, 4, 10, 10, 7, 3, 7, 7, 7, 5, 3, 10, 2, 3, 10, 9, 4, 7, 9, 8, 4, 6, 6, 8, 9, 4]
(1.0689881801961263, -3.179821409838689, -0.6005954764994367, 3.094046308291402)
[1, 9, 1, 3, 9, 7, 4, 4, 10, 10, 7, 3, 7, 7, 7, 5, 3, 10, 2, 3, 10, 9, 4, 7, 9, 8, 4, 6, 6, 8, 9, 4]
(1.0689881801961263, -3.179821409838689, -0.6005954764994367, 3.094046308291402)
[1, 9, 1, 3, 9, 7, 4, 4, 10, 10, 7, 3, 7, 7, 7, 5, 3, 10, 2, 3, 10, 9, 4, 7, 9, 8, 4, 6, 6, 8, 9, 4]
(1.0689881801961263, -3.179821409838689, -0.6005954764994367, 3.094046308291402)
[3, 9, 9, 3, 9, 7, 4, 4, 10, 10, 7, 3, 3, 1, 7, 5, 3, 10, 2, 3, 10, 9, 4, 7, 9, 2, 4, 9, 6, 8, 9, 2]
(1.1764779219985684, -3.61528689123044, 0.2220332063546235, 2.1344513148746667)
[1, 9, 1, 3, 9, 7, 4, 4, 10, 10, 7, 3, 4, 7, 7, 5, 3, 10, 2, 3, 10, 9, 4, 1, 9, 8, 4, 8, 6, 8, 9, 4]
(1.932972811911324, -9.671822283684303, -1.3513370929497688, 3.107534565521321)
[1, 9, 1, 3, 9, 7, 4, 4, 10, 10, 7, 3, 4, 7, 7, 5, 3, 10, 2, 3, 10, 9, 4, 6, 9, 8, 4, 8, 6, 8, 9, 4]
(1.995646920562055, -8.431971189845425, -0.012337050435469014, 2.5603171202993478)
[1, 9, 1, 3, 9, 7, 4, 4, 10, 10, 7, 3, 4, 7, 7, 5, 3, 10, 2, 3, 10, 9, 4, 6, 9, 8, 4, 8, 6, 8, 9, 4]
(1.995646920562055, -8.431971189845425, -0.012337050435469014, 2.5603171202993478)
[1, 9, 1, 3, 9, 7, 4, 4, 10, 10, 7, 3, 4, 7, 7, 5, 3, 10, 2, 3, 10, 9, 4, 6, 9, 8, 4, 8, 6, 8, 9, 4]
(1.995646920562055, -8.431971189845425, -0.012337050435469014, 2.5603171202993478)
[1, 9, 1, 3, 9, 7, 4, 4, 10, 10, 7, 3, 4, 7, 7, 5, 3, 10, 2, 3, 10, 9, 4, 6, 9, 8, 4, 8, 6, 8, 9, 4]
(1.995646920562055, -8.431971189845425, -0.012337050435469014, 2.5603171202993478)
[2, 8, 10, 1, 7, 3, 4, 2, 10, 10, 3, 10, 9, 1, 9, 3, 4, 1, 2, 3, 10, 9, 5, 7, 9, 4, 7, 9, 6, 8, 9, 1]
(-1.402755321622135, 0.7383347544634297, 6.35562779859699, 5.713866707262593)
[1, 9, 1, 3, 9, 7, 4, 4, 10, 10, 7, 3, 4, 7, 7, 5, 3, 10, 2, 3, 10, 9, 4, 1, 9, 8, 4, 8, 6, 8, 9, 4]
(1.932972811911324, -9.671822283684303, -1.3513370929497688, 3.107534565521321)
[1, 9, 1, 3, 9, 7, 4, 4, 10, 10, 7, 3, 4, 7, 7, 5, 3, 10, 2, 3, 10, 9, 4, 1, 9, 8, 4, 8, 6, 8, 9, 4]
(1.932972811911324, -9.671822283684303, -1.3513370929497688, 3.107534565521321)
[2, 9, 4, 6, 6, 4, 1, 3, 10, 10, 6, 6, 1, 1, 8, 5, 1, 10, 2, 10, 10, 8, 5, 7, 9, 3, 7, 9, 6, 8, 9, 4]
(1.2998513773367335, 6.143371848038799, 2.6772398540471447, 5.492450482690706)
[3, 9, 9, 3, 3, 7, 4, 4, 10, 10, 7, 3, 6, 1, 7, 5, 3, 10, 2, 3, 10, 9, 4, 7, 9, 2, 4, 9, 6, 8, 9, 2]
(1.090989014866406, -1.1488333073800676, 0.06398682755956699, 1.5967887731249386)
[3, 9, 9, 3, 6, 1, 4, 3, 10, 10, 3, 10, 1, 2, 9, 5, 4, 10, 2, 3, 10, 9, 5, 7, 9, 1, 9, 8, 6, 8, 9, 1]
(3.061071745526715, -13.737887306235669, -2.240390222830164, 4.641032697898982)
[3, 9, 9, 3, 6, 1, 4, 3, 10, 10, 3, 10, 1, 2, 9, 5, 4, 10, 2, 3, 10, 9, 5, 7, 9, 1, 9, 8, 6, 8, 9, 1]
(3.061071745526715, -13.737887306235669, -2.240390222830164, 4.641032697898982)
[3, 9, 9, 3, 6, 1, 4, 3, 10, 10, 3, 10, 1, 2, 9, 5, 4, 10, 2, 3, 10, 9, 5, 7, 9, 1, 9, 8, 6, 8, 9, 1]
(3.061071745526715, -13.737887306235669, -2.240390222830164, 4.641032697898982)
[3, 9, 9, 3, 9, 7, 4, 4, 10, 10, 7, 3, 6, 1, 7, 5, 3, 10, 2, 3, 10, 9, 4, 7, 9, 2, 7, 9, 6, 8, 9, 2]
(1.2340310360386753, -4.683967821780449, -0.7034120791762853, 3.174292384557328)
[3, 9, 9, 3, 9, 7, 4, 4, 10, 10, 7, 3, 6, 1, 7, 5, 3, 10, 2, 3, 10, 9, 4, 7, 9, 2, 7, 9, 6, 8, 9, 2]
(1.2340310360386753, -4.683967821780449, -0.7034120791762853, 3.174292384557328)
[3, 9, 9, 3, 9, 7, 4, 4, 10, 10, 7, 3, 6, 1, 7, 5, 3, 10, 2, 3, 10, 9, 4, 7, 9, 2, 4, 9, 6, 8, 9, 2]
(1.135607175566918, -3.877219519077511, -0.5142367457814642, 3.180438532759765)
[3, 9, 9, 3, 9, 7, 4, 4, 10, 10, 7, 3, 6, 1, 7, 5, 3, 10, 2, 3, 10, 9, 4, 7, 9, 2, 4, 9, 6, 8, 9, 2]
(1.135607175566918, -3.877219519077511, -0.5142367457814642, 3.180438532759765)
[3, 9, 9, 3, 9, 7, 4, 4, 10, 10, 7, 3, 6, 1, 7, 5, 3, 10, 2, 3, 10, 9, 4, 7, 9, 2, 4, 9, 6, 8, 9, 2]
(1.135607175566918, -3.877219519077511, -0.5142367457814642, 3.180438532759765)
[3, 9, 9, 3, 9, 7, 4, 4, 10, 10, 7, 3, 6, 1, 7, 5, 3, 10, 2, 3, 10, 9, 4, 7, 9, 2, 4, 9, 6, 8, 9, 2]
(1.135607175566918, -3.877219519077511, -0.5142367457814642, 3.180438532759765)
[1, 9, 5, 1, 9, 7, 6, 4, 10, 10, 3, 8, 5, 3, 5, 5, 1, 10, 2, 6, 10, 9, 4, 7, 6, 4, 2, 9, 6, 8, 9, 1]
(0.4277651108946854, 0.07331309541167341, 0.009080633600430823, 0.9095622956760584)
[2, 9, 5, 3, 5, 7, 4, 4, 10, 10, 7, 3, 6, 1, 7, 5, 3, 10, 2, 3, 10, 9, 4, 7, 6, 4, 7, 9, 6, 8, 9, 1]
(1.230140509076125, 0.046041194730750454, 0.1395825759072099, 1.3451672278011955)
[2, 9, 5, 3, 5, 7, 4, 4, 10, 10, 7, 3, 6, 1, 7, 5, 3, 10, 2, 3, 10, 9, 4, 7, 6, 4, 7, 9, 6, 8, 9, 1]
(1.230140509076125, 0.046041194730750454, 0.1395825759072099, 1.3451672278011955)
[2, 9, 5, 3, 5, 7, 4, 4, 10, 10, 7, 3, 6, 1, 7, 5, 3, 10, 2, 3, 10, 9, 4, 7, 6, 4, 7, 9, 6, 8, 9, 1]
(1.230140509076125, 0.046041194730750454, 0.1395825759072099, 1.3451672278011955)
[3, 9, 9, 3, 9, 7, 4, 4, 10, 10, 7, 3, 6, 3, 7, 5, 3, 10, 2, 3, 10, 9, 4, 6, 8, 3, 9, 9, 6, 8, 9, 2]
(1.7542580874411189, -8.102656220902624, -1.0389210190905116, 2.5719829685551083)
[3, 9, 9, 3, 9, 7, 4, 4, 10, 10, 7, 3, 6, 3, 7, 5, 3, 10, 2, 3, 10, 9, 4, 6, 8, 3, 9, 9, 6, 8, 9, 2]
(1.7542580874411189, -8.102656220902624, -1.0389210190905116, 2.5719829685551083)
[3, 9, 9, 3, 9, 7, 4, 4, 10, 10, 7, 3, 6, 3, 7, 5, 3, 10, 2, 3, 10, 9, 4, 6, 8, 3, 9, 9, 6, 8, 9, 2]
(1.7542580874411189, -8.102656220902624, -1.0389210190905116, 2.5719829685551083)
[3, 9, 9, 3, 9, 7, 4, 4, 10, 10, 7, 3, 6, 3, 7, 5, 3, 10, 2, 3, 10, 9, 4, 6, 8, 3, 9, 9, 6, 8, 9, 2]
(1.7542580874411189, -8.102656220902624, -1.0389210190905116, 2.5719829685551083)
[3, 9, 9, 3, 6, 1, 4, 3, 10, 10, 3, 10, 1, 2, 9, 5, 4, 10, 2, 3, 10, 9, 5, 7, 9, 1, 9, 8, 7, 8, 9, 1]
(4.233053590759334, -28.291938723035585, -2.0862691499242847, 4.322701586376483)
[3, 9, 9, 3, 6, 1, 4, 3, 10, 10, 3, 10, 1, 2, 9, 5, 4, 10, 2, 3, 10, 9, 5, 7, 9, 1, 9, 8, 7, 8, 9, 1]
(4.233053590759334, -28.291938723035585, -2.0862691499242847, 4.322701586376483)
[2, 8, 3, 8, 6, 2, 4, 3, 10, 10, 3, 10, 2, 2, 9, 5, 4, 5, 2, 3, 8, 9, 5, 5, 9, 3, 5, 10, 5, 4, 5, 1]
(-1.325714813240893, 5.240619678503485, 1.2963476896372976, 1.788044331673617)
[3, 9, 4, 1, 7, 7, 4, 4, 10, 10, 3, 10, 1, 1, 8, 2, 1, 10, 2, 10, 10, 9, 5, 6, 9, 8, 9, 9, 6, 8, 9, 1]
(2.0508144865875626, 0.1132681587162141, 2.1457942657869182, 4.979070737499673)
[3, 9, 4, 1, 7, 7, 4, 4, 10, 10, 3, 10, 1, 1, 8, 2, 1, 10, 2, 10, 10, 9, 5, 6, 9, 8, 9, 9, 6, 8, 9, 1]
(2.0508144865875626, 0.1132681587162141, 2.1457942657869182, 4.979070737499673)
[3, 9, 4, 1, 7, 7, 4, 4, 10, 10, 3, 10, 1, 1, 8, 2, 1, 10, 2, 10, 10, 9, 5, 7, 9, 8, 9, 9, 6, 8, 9, 1]
(2.00047056940894, 3.395979616980153, 0.23467151507615774, 5.0884551725841325)
[3, 9, 4, 1, 7, 7, 4, 4, 10, 10, 3, 10, 1, 1, 8, 2, 1, 10, 2, 10, 10, 9, 5, 7, 9, 8, 9, 9, 6, 8, 9, 1]
(2.00047056940894, 3.395979616980153, 0.23467151507615774, 5.0884551725841325)
[2, 9, 5, 3, 1, 4, 4, 4, 9, 10, 3, 1, 1, 1, 9, 3, 4, 10, 2, 6, 10, 9, 4, 7, 9, 2, 4, 9, 6, 8, 9, 2]
(2.0446903258025375, -9.070764299229262, -1.410188555141739, 3.058345167828727)
[2, 9, 5, 3, 1, 4, 4, 4, 9, 10, 3, 1, 1, 1, 9, 3, 4, 10, 2, 6, 10, 9, 4, 7, 9, 2, 4, 9, 6, 8, 9, 2]
(2.0446903258025375, -9.070764299229262, -1.410188555141739, 3.058345167828727)
[1, 9, 2, 3, 9, 7, 6, 4, 10, 10, 3, 8, 5, 3, 7, 5, 1, 10, 2, 6, 10, 9, 5, 7, 5, 8, 3, 8, 6, 8, 9, 1]
(-0.5763864316848413, -2.8261626870594068, 5.518034406157968, 5.739735484005943)
[2, 9, 5, 3, 1, 4, 4, 4, 9, 10, 7, 3, 6, 1, 7, 5, 6, 10, 2, 6, 10, 9, 5, 7, 9, 4, 7, 9, 6, 8, 9, 1]
(2.1341406332639847, -1.04059187289083, -0.2917135607737176, 5.879900271368623)
[2, 9, 5, 3, 1, 4, 4, 4, 9, 10, 7, 3, 6, 1, 7, 5, 6, 10, 2, 6, 10, 9, 5, 7, 9, 4, 7, 9, 6, 8, 9, 1]
(2.1341406332639847, -1.04059187289083, -0.2917135607737176, 5.879900271368623)
[2, 9, 5, 3, 1, 4, 4, 4, 9, 10, 7, 3, 6, 1, 7, 5, 6, 10, 2, 6, 10, 9, 5, 7, 9, 4, 7, 9, 6, 8, 9, 1]
(2.1341406332639847, -1.04059187289083, -0.2917135607737176, 5.879900271368623)
[2, 9, 9, 3, 6, 1, 6, 3, 10, 10, 3, 6, 5, 3, 5, 5, 1, 10, 2, 6, 10, 9, 5, 7, 9, 4, 7, 9, 6, 8, 9, 1]
(1.0101434113741559, -7.031653877954241, -0.09942311311267621, 5.154489847910661)
[2, 9, 9, 3, 6, 1, 6, 3, 10, 10, 3, 6, 5, 3, 5, 5, 1, 10, 2, 6, 10, 9, 5, 7, 9, 4, 7, 9, 6, 8, 9, 1]
(1.0101434113741559, -7.031653877954241, -0.09942311311267621, 5.154489847910661)
[2, 9, 9, 3, 6, 1, 6, 3, 10, 10, 3, 6, 5, 3, 5, 5, 1, 10, 2, 6, 10, 9, 5, 7, 9, 4, 7, 9, 6, 8, 9, 1]
(1.0101434113741559, -7.031653877954241, -0.09942311311267621, 5.154489847910661)
[1, 9, 6, 3, 9, 7, 6, 4, 10, 10, 3, 8, 5, 3, 5, 5, 1, 10, 2, 6, 10, 9, 5, 9, 10, 9, 7, 9, 6, 8, 9, 1]
(1.2512301296964972, -1.5148839797682148, -0.10829676528199997, 0.2347720178889679)
[1, 9, 6, 3, 9, 7, 6, 4, 10, 10, 3, 8, 5, 3, 5, 5, 1, 10, 2, 6, 10, 9, 5, 9, 10, 9, 7, 9, 6, 8, 9, 1]
(1.2512301296964972, -1.5148839797682148, -0.10829676528199997, 0.2347720178889679)
[1, 9, 6, 3, 9, 7, 6, 4, 10, 10, 3, 8, 5, 3, 5, 5, 1, 10, 2, 6, 10, 9, 5, 9, 10, 9, 7, 9, 6, 8, 9, 1]
(1.2512301296964972, -1.5148839797682148, -0.10829676528199997, 0.2347720178889679)
[1, 9, 6, 3, 9, 7, 6, 4, 10, 10, 3, 8, 5, 3, 5, 5, 1, 10, 2, 6, 10, 9, 5, 9, 10, 9, 7, 9, 6, 8, 9, 1]
(1.2512301296964972, -1.5148839797682148, -0.10829676528199997, 0.2347720178889679)
[1, 9, 9, 8, 6, 5, 4, 3, 10, 10, 3, 1, 1, 1, 9, 3, 4, 10, 2, 6, 10, 9, 5, 7, 9, 1, 5, 9, 6, 8, 9, 1]
(-0.8584127434253331, 5.160579729671601, 3.217145128659388, 5.7296109573322145)
[1, 9, 9, 8, 6, 5, 4, 3, 10, 10, 3, 1, 1, 1, 9, 3, 4, 10, 2, 6, 10, 9, 5, 7, 9, 1, 5, 9, 6, 8, 9, 1]
(-0.8584127434253331, 5.160579729671601, 3.217145128659388, 5.7296109573322145)
[1, 10, 10, 3, 9, 7, 6, 4, 10, 10, 3, 8, 10, 3, 7, 5, 1, 10, 2, 6, 10, 9, 5, 7, 5, 8, 3, 8, 6, 8, 9, 1]
(1.5219186502188227, -1.4135905388353254, -0.08930212358887912, 0.8878811562871132)
[2, 9, 5, 3, 1, 4, 4, 4, 9, 10, 3, 1, 1, 1, 9, 3, 4, 10, 2, 6, 10, 9, 5, 7, 9, 1, 5, 9, 6, 8, 9, 1]
(-0.5050650865435072, 1.5222426925924735, 0.31509372683264836, 5.731916416377446)
[2, 9, 3, 8, 6, 4, 4, 3, 10, 10, 3, 10, 1, 1, 9, 5, 4, 10, 2, 3, 10, 9, 5, 9, 1, 3, 3, 9, 5, 4, 5, 1]
(-1.3564142110630655, 1.7485708926642936, -0.05047430415723871, 1.4315118723171372)
[2, 9, 3, 8, 6, 4, 4, 3, 10, 10, 3, 10, 1, 1, 9, 5, 4, 10, 2, 3, 10, 9, 5, 9, 1, 3, 3, 9, 5, 4, 5, 1]
(-1.3564142110630655, 1.7485708926642936, -0.05047430415723871, 1.4315118723171372)
[2, 9, 3, 8, 6, 4, 4, 3, 10, 10, 3, 10, 1, 1, 9, 5, 4, 10, 2, 3, 10, 9, 5, 9, 1, 3, 3, 9, 5, 4, 5, 1]
(-1.3564142110630655, 1.7485708926642936, -0.05047430415723871, 1.4315118723171372)
[2, 9, 3, 8, 6, 4, 4, 3, 10, 10, 3, 10, 1, 1, 9, 5, 4, 10, 2, 3, 10, 9, 5, 9, 1, 3, 3, 9, 5, 4, 5, 1]
(-1.3564142110630655, 1.7485708926642936, -0.05047430415723871, 1.4315118723171372)
[1, 9, 2, 1, 1, 3, 2, 4, 10, 10, 3, 8, 5, 3, 7, 5, 1, 10, 2, 6, 10, 9, 5, 7, 5, 8, 3, 8, 6, 8, 9, 1]
(1.005098437691501, 2.7763718741790684, 0.04147996583156521, 5.703165952223912)
[2, 9, 3, 8, 6, 4, 4, 3, 10, 10, 3, 10, 1, 1, 9, 5, 4, 10, 2, 3, 10, 9, 5, 9, 7, 3, 3, 9, 5, 4, 5, 1]
(-1.3981834948092, 3.0943014135174423, -0.2028318756806656, 1.4288750800383694)
[2, 9, 3, 8, 6, 4, 4, 3, 10, 10, 3, 10, 1, 1, 9, 5, 4, 10, 2, 3, 10, 9, 5, 9, 7, 3, 3, 9, 5, 4, 5, 1]
(-1.3981834948092, 3.0943014135174423, -0.2028318756806656, 1.4288750800383694)
[2, 9, 3, 8, 6, 4, 4, 3, 10, 10, 3, 10, 1, 1, 9, 5, 4, 10, 2, 3, 10, 9, 5, 9, 7, 3, 3, 9, 5, 4, 5, 1]
(-1.3981834948092, 3.0943014135174423, -0.2028318756806656, 1.4288750800383694)
[2, 9, 3, 8, 6, 4, 4, 3, 10, 10, 3, 10, 1, 1, 9, 5, 4, 10, 2, 3, 10, 9, 5, 9, 10, 3, 5, 9, 5, 4, 5, 1]
(-1.4827624177916734, 2.5968497367760737, 0.5085502946568153, 1.9827265912992809)
[2, 9, 3, 8, 6, 4, 4, 3, 10, 10, 3, 10, 1, 1, 9, 5, 4, 10, 2, 3, 10, 9, 5, 9, 10, 3, 5, 9, 5, 4, 5, 1]
(-1.4827624177916734, 2.5968497367760737, 0.5085502946568153, 1.9827265912992809)
[2, 9, 3, 8, 6, 4, 4, 3, 10, 10, 3, 10, 1, 1, 9, 5, 4, 10, 2, 3, 10, 9, 5, 9, 10, 3, 5, 9, 5, 4, 5, 1]
(-1.4827624177916734, 2.5968497367760737, 0.5085502946568153, 1.9827265912992809)
[2, 9, 3, 8, 6, 4, 4, 3, 10, 10, 3, 10, 1, 1, 9, 5, 4, 10, 2, 3, 10, 9, 5, 9, 10, 3, 5, 9, 5, 4, 5, 1]
(-1.4827624177916734, 2.5968497367760737, 0.5085502946568153, 1.9827265912992809)
[6, 9, 7, 7, 1, 3, 3, 3, 10, 10, 2, 8, 3, 1, 5, 10, 6, 10, 2, 3, 10, 9, 5, 6, 7, 8, 9, 8, 1, 4, 5, 1]
(0.0928924711866984, -0.7605319051221103, 0.35151965160917836, 2.725147089771129)
[2, 9, 3, 8, 6, 4, 4, 3, 10, 10, 3, 10, 1, 1, 9, 5, 4, 10, 2, 3, 10, 9, 5, 9, 10, 3, 5, 9, 5, 4, 5, 1]
(-1.4827624177916734, 2.5968497367760737, 0.5085502946568153, 1.9827265912992809)
[2, 9, 3, 8, 6, 4, 4, 3, 10, 10, 3, 10, 1, 1, 9, 5, 4, 10, 2, 3, 10, 9, 5, 9, 10, 3, 5, 9, 5, 4, 5, 1]
(-1.4827624177916734, 2.5968497367760737, 0.5085502946568153, 1.9827265912992809)
[2, 9, 3, 8, 6, 4, 4, 3, 10, 10, 3, 10, 1, 1, 9, 5, 4, 10, 2, 3, 10, 9, 5, 9, 10, 3, 5, 9, 5, 4, 5, 1]
(-1.4827624177916734, 2.5968497367760737, 0.5085502946568153, 1.9827265912992809)
[1, 9, 4, 1, 6, 5, 3, 3, 10, 10, 3, 10, 1, 1, 9, 5, 4, 10, 2, 3, 10, 9, 5, 9, 10, 3, 5, 9, 5, 4, 5, 1]
(-0.4576438850244812, 2.800281410335836, 0.007738884021481818, 2.4217799845694477)
[1, 9, 4, 1, 6, 5, 3, 3, 10, 10, 3, 10, 1, 1, 9, 5, 4, 10, 2, 3, 10, 9, 5, 9, 10, 3, 5, 9, 5, 4, 5, 1]
(-0.4576438850244812, 2.800281410335836, 0.007738884021481818, 2.4217799845694477)
[1, 9, 4, 1, 6, 5, 3, 3, 10, 10, 3, 10, 1, 1, 9, 5, 4, 10, 2, 3, 10, 9, 5, 9, 10, 3, 5, 9, 5, 4, 5, 1]
(-0.4576438850244812, 2.800281410335836, 0.007738884021481818, 2.4217799845694477)
[1, 9, 9, 2, 6, 1, 4, 3, 10, 10, 3, 10, 1, 2, 9, 5, 4, 10, 2, 3, 10, 9, 5, 9, 10, 3, 5, 9, 5, 4, 5, 1]
(-1.8252186995987472, 2.1215996611152503, -0.20666864376488586, 1.8982932999469717)
[1, 9, 9, 2, 6, 1, 4, 3, 10, 10, 3, 10, 1, 2, 9, 5, 4, 10, 2, 3, 10, 9, 5, 9, 10, 3, 5, 9, 5, 4, 5, 1]
(-1.8252186995987472, 2.1215996611152503, -0.20666864376488586, 1.8982932999469717)
[6, 4, 9, 5, 2, 5, 4, 3, 10, 10, 5, 5, 3, 1, 1, 5, 4, 10, 2, 3, 7, 9, 5, 9, 10, 7, 5, 9, 5, 4, 5, 1]
(-0.35592386482597077, 4.29830242907327, -0.062125312353678436, 3.351992462847037)
[6, 4, 9, 5, 2, 5, 4, 3, 10, 10, 5, 5, 3, 1, 1, 5, 4, 10, 2, 3, 7, 9, 5, 9, 10, 7, 5, 9, 5, 4, 5, 1]
(-0.35592386482597077, 4.29830242907327, -0.062125312353678436, 3.351992462847037)
[6, 4, 9, 5, 2, 5, 4, 3, 10, 10, 5, 5, 3, 1, 1, 5, 4, 10, 2, 3, 7, 9, 5, 9, 10, 7, 5, 9, 5, 4, 5, 1]
(-0.35592386482597077, 4.29830242907327, -0.062125312353678436, 3.351992462847037)
[2, 7, 3, 8, 6, 1, 4, 3, 10, 10, 3, 10, 1, 2, 9, 5, 4, 10, 2, 3, 10, 9, 5, 9, 5, 2, 5, 6, 5, 4, 5, 1]
(-1.5896965020183869, -0.9044795418455905, -0.07711992169988689, 1.0714437656912426)
[2, 7, 3, 8, 6, 1, 4, 3, 10, 10, 3, 10, 1, 2, 9, 5, 4, 10, 2, 3, 10, 9, 5, 9, 5, 2, 5, 6, 5, 4, 5, 1]
(-1.5896965020183869, -0.9044795418455905, -0.07711992169988689, 1.0714437656912426)
[2, 8, 3, 8, 6, 2, 4, 3, 10, 10, 3, 10, 1, 2, 9, 5, 4, 10, 2, 3, 8, 9, 5, 9, 9, 3, 5, 9, 5, 4, 5, 1]
(-1.5885398481299944, 1.3128912524255894, 0.17674271209116055, 1.1682320307909067)
[1, 9, 5, 3, 1, 4, 4, 4, 9, 10, 3, 5, 1, 1, 9, 5, 4, 10, 2, 3, 10, 9, 4, 9, 10, 3, 5, 9, 5, 4, 5, 1]
(0.2911195594183368, 5.996364912131983, 2.110233520375037, 6.52033615416719)
[1, 9, 5, 3, 1, 4, 4, 4, 9, 10, 3, 5, 1, 1, 9, 5, 4, 10, 2, 3, 10, 9, 4, 9, 10, 3, 5, 9, 5, 4, 5, 1]
(0.2911195594183368, 5.996364912131983, 2.110233520375037, 6.52033615416719)
[2, 9, 3, 8, 6, 4, 4, 3, 6, 6, 3, 6, 1, 1, 9, 5, 4, 10, 2, 3, 10, 9, 5, 9, 7, 3, 3, 9, 5, 4, 5, 1]
(1.9977031313173823, 4.077763346328127, 0.20857877703937563, 3.1841826176046144)
[2, 9, 3, 8, 6, 4, 4, 3, 6, 6, 3, 6, 1, 1, 9, 5, 4, 10, 2, 3, 10, 9, 5, 9, 7, 3, 3, 9, 5, 4, 5, 1]
(1.9977031313173823, 4.077763346328127, 0.20857877703937563, 3.1841826176046144)
[2, 9, 3, 8, 6, 4, 4, 3, 6, 6, 3, 6, 1, 1, 9, 5, 4, 10, 2, 3, 10, 9, 5, 9, 7, 3, 3, 9, 5, 4, 5, 1]
(1.9977031313173823, 4.077763346328127, 0.20857877703937563, 3.1841826176046144)
[2, 9, 3, 8, 6, 4, 4, 3, 6, 6, 3, 6, 1, 1, 9, 5, 4, 10, 2, 3, 10, 9, 5, 9, 7, 3, 3, 9, 5, 4, 5, 1]
(1.9977031313173823, 4.077763346328127, 0.20857877703937563, 3.1841826176046144)
[1, 9, 9, 3, 6, 5, 4, 3, 10, 10, 3, 5, 1, 1, 9, 5, 4, 10, 2, 3, 10, 9, 4, 9, 10, 3, 5, 9, 5, 4, 5, 1]
(0.3347418383898912, 5.957898669108283, 1.957570537471503, 6.4964942243877335)
[6, 9, 7, 7, 1, 3, 2, 3, 10, 10, 5, 8, 3, 1, 3, 5, 6, 10, 3, 3, 10, 9, 5, 6, 7, 8, 9, 10, 1, 4, 5, 1]
(-0.6725591661180373, 2.4314741790428207, 0.27053017895748954, 3.0874261335915594)
[6, 9, 7, 7, 1, 3, 2, 3, 10, 10, 5, 8, 3, 1, 3, 5, 6, 10, 3, 3, 10, 9, 5, 6, 7, 8, 9, 10, 1, 4, 5, 1]
(-0.6725591661180373, 2.4314741790428207, 0.27053017895748954, 3.0874261335915594)
[9, 10, 7, 7, 1, 3, 4, 3, 10, 10, 3, 10, 1, 1, 9, 2, 4, 10, 2, 6, 10, 9, 5, 10, 10, 3, 9, 6, 2, 4, 5, 2]
(1.243130413530022, 1.0365555199701904, 0.5331655881071254, 6.216542496596276)
[9, 10, 7, 7, 1, 3, 4, 3, 10, 10, 3, 10, 1, 1, 9, 2, 4, 10, 2, 6, 10, 9, 5, 10, 10, 3, 9, 6, 2, 4, 5, 2]
(1.243130413530022, 1.0365555199701904, 0.5331655881071254, 6.216542496596276)
[6, 9, 7, 7, 1, 3, 2, 3, 10, 10, 5, 8, 3, 1, 3, 5, 6, 10, 3, 3, 10, 9, 5, 6, 7, 8, 9, 10, 1, 4, 5, 1]
(-0.6725591661180373, 2.4314741790428207, 0.27053017895748954, 3.0874261335915594)
[6, 9, 7, 7, 1, 3, 2, 3, 10, 10, 5, 8, 3, 1, 3, 5, 6, 10, 3, 3, 10, 9, 5, 6, 7, 8, 9, 10, 1, 4, 5, 1]
(-0.6725591661180373, 2.4314741790428207, 0.27053017895748954, 3.0874261335915594)
[4, 10, 7, 1, 7, 3, 4, 3, 10, 10, 3, 4, 2, 1, 9, 3, 4, 10, 2, 3, 10, 9, 5, 9, 10, 6, 5, 9, 5, 4, 5, 1]
(1.727814365085169, 1.371861071362576, 0.19684572071368311, 3.115868849331402)
[4, 10, 7, 1, 7, 3, 4, 3, 10, 10, 3, 4, 2, 1, 9, 3, 4, 10, 2, 3, 10, 9, 5, 9, 10, 6, 5, 9, 5, 4, 5, 1]
(1.727814365085169, 1.371861071362576, 0.19684572071368311, 3.115868849331402)
[4, 10, 7, 1, 7, 3, 4, 3, 10, 10, 3, 4, 2, 1, 9, 3, 4, 10, 2, 3, 10, 9, 5, 9, 10, 6, 5, 9, 5, 4, 5, 1]
(1.727814365085169, 1.371861071362576, 0.19684572071368311, 3.115868849331402)
[4, 10, 4, 1, 7, 4, 5, 3, 10, 10, 3, 1, 2, 1, 9, 5, 4, 10, 3, 2, 10, 9, 5, 9, 1, 6, 5, 9, 5, 4, 5, 1]
(-0.10606885313846993, -2.505442977977553, -0.29185344455111595, 1.8509249074565646)
[4, 10, 4, 1, 7, 4, 5, 3, 10, 10, 3, 1, 2, 1, 9, 5, 4, 10, 3, 2, 10, 9, 5, 9, 1, 6, 5, 9, 5, 4, 5, 1]
(-0.10606885313846993, -2.505442977977553, -0.29185344455111595, 1.8509249074565646)
[6, 7, 4, 1, 1, 1, 4, 3, 10, 10, 3, 5, 9, 7, 1, 10, 4, 10, 5, 4, 1, 4, 10, 1, 9, 7, 3, 6, 2, 4, 5, 1]
(-0.7860889743664756, 0.6461530953363493, 0.5163067812752765, 2.135327436481262)
[2, 9, 5, 3, 9, 5, 4, 3, 10, 10, 3, 1, 2, 7, 1, 10, 4, 3, 5, 4, 2, 8, 10, 5, 9, 7, 7, 9, 6, 3, 4, 1]
(-0.6365087700990557, -2.6047310538406547, 0.6663651214878951, 5.033736580707428)
[2, 9, 5, 3, 9, 5, 4, 3, 10, 10, 3, 1, 2, 7, 1, 10, 4, 3, 5, 4, 2, 8, 10, 5, 9, 7, 7, 9, 6, 3, 4, 1]
(-0.6365087700990557, -2.6047310538406547, 0.6663651214878951, 5.033736580707428)
[2, 9, 5, 3, 9, 5, 4, 3, 10, 10, 3, 1, 2, 7, 1, 10, 4, 3, 5, 4, 2, 8, 10, 5, 9, 7, 7, 9, 6, 3, 4, 1]
(-0.6365087700990557, -2.6047310538406547, 0.6663651214878951, 5.033736580707428)
[6, 4, 9, 5, 2, 5, 4, 3, 10, 10, 5, 5, 1, 1, 9, 10, 6, 10, 2, 3, 8, 9, 5, 9, 9, 3, 8, 6, 2, 4, 5, 1]
(0.6012852958639284, 2.4224626919043075, -0.28885563184706853, 4.248582494360339)
[6, 4, 9, 5, 2, 5, 4, 3, 10, 10, 5, 5, 1, 1, 9, 10, 6, 10, 2, 3, 8, 9, 5, 9, 9, 3, 8, 6, 2, 4, 5, 1]
(0.6012852958639284, 2.4224626919043075, -0.28885563184706853, 4.248582494360339)
[4, 10, 5, 3, 7, 5, 4, 3, 10, 10, 4, 8, 3, 1, 3, 5, 4, 10, 2, 3, 7, 9, 5, 9, 10, 7, 5, 9, 6, 4, 5, 1]
(-0.4643095494624987, 1.9062463139480388, 0.09570985953650044, 1.913341661955067)
[4, 10, 5, 3, 7, 5, 4, 3, 10, 10, 4, 8, 3, 1, 3, 5, 4, 10, 2, 3, 7, 9, 5, 9, 10, 7, 5, 9, 6, 4, 5, 1]
(-0.4643095494624987, 1.9062463139480388, 0.09570985953650044, 1.913341661955067)
[4, 10, 5, 3, 7, 5, 4, 3, 10, 10, 4, 8, 3, 1, 3, 5, 4, 10, 2, 3, 7, 9, 5, 9, 10, 7, 5, 9, 6, 4, 5, 1]
(-0.4643095494624987, 1.9062463139480388, 0.09570985953650044, 1.913341661955067)
[4, 10, 5, 3, 7, 5, 4, 3, 10, 10, 4, 8, 3, 1, 3, 5, 4, 10, 2, 3, 7, 9, 5, 9, 10, 7, 5, 9, 6, 4, 5, 1]
(-0.4643095494624987, 1.9062463139480388, 0.09570985953650044, 1.913341661955067)
[6, 9, 7, 7, 1, 3, 2, 3, 10, 10, 2, 8, 3, 1, 3, 5, 6, 10, 2, 3, 10, 9, 5, 6, 7, 8, 9, 8, 1, 4, 5, 1]
(-0.5050044041437217, -5.398994250680131, -0.8539264049362596, 1.8478372360019935)
[6, 9, 7, 7, 1, 3, 2, 3, 10, 10, 2, 8, 3, 1, 3, 5, 6, 10, 2, 3, 10, 9, 5, 6, 7, 8, 9, 8, 1, 4, 5, 1]
(-0.5050044041437217, -5.398994250680131, -0.8539264049362596, 1.8478372360019935)
[6, 9, 7, 7, 1, 3, 2, 3, 10, 10, 2, 8, 3, 1, 3, 5, 6, 10, 2, 3, 10, 9, 5, 6, 7, 8, 9, 8, 1, 4, 5, 1]
(-0.5050044041437217, -5.398994250680131, -0.8539264049362596, 1.8478372360019935)
[4, 10, 5, 3, 7, 5, 6, 3, 10, 10, 5, 8, 3, 1, 3, 5, 4, 10, 2, 3, 7, 9, 5, 9, 10, 7, 5, 9, 5, 4, 5, 1]
(1.7304858650389974, 1.058269610741571, 0.06570870116799732, 2.7595035220302977)
[4, 10, 5, 3, 7, 5, 6, 3, 10, 10, 5, 8, 3, 1, 3, 5, 4, 10, 2, 3, 7, 9, 5, 9, 10, 7, 5, 9, 5, 4, 5, 1]
(1.7304858650389974, 1.058269610741571, 0.06570870116799732, 2.7595035220302977)
[4, 10, 5, 3, 7, 5, 6, 3, 10, 10, 5, 8, 3, 1, 3, 5, 4, 10, 2, 3, 7, 9, 5, 9, 10, 7, 5, 9, 5, 4, 5, 1]
(1.7304858650389974, 1.058269610741571, 0.06570870116799732, 2.7595035220302977)
[4, 10, 5, 3, 7, 5, 6, 3, 10, 10, 5, 8, 3, 1, 3, 5, 4, 10, 2, 3, 7, 9, 5, 9, 10, 7, 5, 9, 5, 4, 5, 1]
(1.7304858650389974, 1.058269610741571, 0.06570870116799732, 2.7595035220302977)
[6, 9, 7, 1, 1, 3, 2, 3, 10, 10, 2, 8, 3, 1, 3, 5, 6, 10, 2, 3, 10, 9, 5, 6, 7, 8, 9, 8, 1, 4, 5, 1]
(-0.5874477349291852, -3.3347459099206542, -0.7397412313654216, 2.659222353919576)
[2, 9, 3, 8, 6, 4, 4, 3, 10, 10, 3, 10, 1, 1, 9, 5, 4, 10, 2, 6, 10, 9, 5, 10, 10, 3, 9, 4, 2, 4, 5, 1]
(1.2296769560518441, 3.5911670007441856, -0.07773557781113083, 3.896228425073824)
[3, 10, 7, 7, 1, 3, 2, 3, 10, 10, 3, 3, 1, 3, 9, 3, 4, 10, 2, 10, 10, 9, 5, 7, 6, 1, 9, 6, 2, 4, 5, 1]
(0.7575893988356455, 2.90238870805993, 1.5614452103088006, 5.205203103517444)
[3, 10, 7, 7, 1, 3, 2, 3, 10, 10, 3, 3, 1, 3, 9, 3, 4, 10, 2, 10, 10, 9, 5, 7, 6, 1, 9, 6, 2, 4, 5, 1]
(0.7575893988356455, 2.90238870805993, 1.5614452103088006, 5.205203103517444)
[6, 10, 7, 7, 1, 3, 2, 3, 10, 10, 3, 1, 1, 1, 9, 9, 7, 10, 2, 3, 10, 9, 5, 9, 10, 3, 5, 6, 2, 4, 5, 1]
(-0.03354922137588116, -3.97167305366365, -0.882774408736723, 1.7923419729893235)
[6, 10, 7, 7, 1, 3, 2, 3, 10, 10, 3, 1, 1, 1, 9, 9, 7, 10, 2, 3, 10, 9, 5, 10, 10, 7, 5, 6, 2, 4, 5, 1]
(-0.12590541837518, -3.8343749037915615, -0.7725276073590313, 1.8219665742033635)
[6, 10, 7, 7, 1, 3, 2, 3, 10, 10, 3, 1, 1, 1, 9, 9, 7, 10, 2, 3, 10, 9, 5, 10, 10, 7, 5, 6, 2, 4, 5, 1]
(-0.12590541837518, -3.8343749037915615, -0.7725276073590313, 1.8219665742033635)
[6, 10, 7, 7, 1, 3, 2, 3, 10, 10, 3, 1, 1, 1, 9, 9, 7, 10, 2, 3, 10, 9, 5, 10, 10, 7, 5, 6, 2, 4, 5, 1]
(-0.12590541837518, -3.8343749037915615, -0.7725276073590313, 1.8219665742033635)
[6, 10, 7, 7, 1, 3, 2, 3, 10, 10, 3, 1, 1, 1, 9, 9, 7, 10, 2, 3, 10, 9, 5, 10, 10, 7, 5, 6, 2, 4, 5, 1]
(-0.12590541837518, -3.8343749037915615, -0.7725276073590313, 1.8219665742033635)
[6, 10, 7, 10, 1, 3, 2, 3, 10, 10, 3, 1, 1, 1, 9, 9, 7, 10, 2, 3, 10, 9, 5, 10, 10, 7, 5, 6, 2, 4, 5, 1]
(-0.26300543975577273, -2.1182696083596144, -0.7480650655066913, 1.9173397555900864)
[6, 7, 4, 1, 1, 4, 4, 4, 10, 10, 3, 5, 2, 7, 1, 10, 4, 10, 5, 4, 1, 4, 10, 5, 9, 7, 3, 6, 2, 4, 5, 1]
(-0.45301569945691256, 0.016563618643832677, 0.007503997839694379, 0.9575698936274919)
[6, 7, 4, 1, 1, 4, 4, 4, 10, 10, 3, 5, 2, 7, 1, 10, 4, 10, 5, 4, 1, 4, 10, 5, 9, 7, 3, 6, 2, 4, 5, 1]
(-0.45301569945691256, 0.016563618643832677, 0.007503997839694379, 0.9575698936274919)
[6, 7, 4, 1, 1, 4, 4, 4, 10, 10, 3, 5, 2, 7, 1, 10, 4, 10, 5, 4, 1, 4, 10, 5, 9, 7, 3, 6, 2, 4, 5, 1]
(-0.45301569945691256, 0.016563618643832677, 0.007503997839694379, 0.9575698936274919)
[6, 7, 4, 1, 1, 4, 4, 4, 10, 10, 3, 5, 2, 7, 1, 10, 4, 10, 5, 4, 1, 4, 10, 5, 9, 7, 3, 6, 2, 4, 5, 1]
(-0.45301569945691256, 0.016734358605292023, 0.001045395039236317, 0.9575698936274919)
[3, 10, 7, 7, 1, 3, 2, 3, 10, 10, 3, 3, 1, 3, 9, 9, 7, 10, 2, 3, 10, 9, 5, 10, 10, 1, 9, 6, 2, 4, 5, 1]
(0.20619955326821757, -2.176990186021013, -1.1050414667411745, 2.1282285574663984)
[3, 10, 7, 7, 1, 3, 2, 3, 10, 10, 3, 3, 1, 3, 9, 9, 7, 10, 2, 3, 10, 9, 5, 10, 10, 1, 9, 6, 2, 4, 5, 1]
(0.20619955326821757, -2.176990186021013, -1.1050414667411745, 2.1282285574663984)
