[1, 10, 3, 2, 8, 5, 5, 3, 10, 10, 5, 10, 8, 3, 9, 6, 4, 9, 1, 2, 8, 9, 2, 9, 10, 7, 6, 2, 10, 8, 10, 2]
(5.899027947219292, 1.828023996790216, 1.4367454067110155, 2.287928451665569)
[1, 10, 3, 2, 8, 5, 5, 3, 10, 10, 5, 10, 8, 3, 9, 6, 4, 9, 1, 2, 8, 9, 2, 9, 10, 7, 6, 2, 10, 8, 10, 2]
(5.899027947219292, 1.828023996790216, 1.4367454067110155, 2.287928451665569)
[1, 10, 3, 2, 8, 5, 5, 3, 10, 10, 5, 10, 8, 3, 9, 6, 4, 9, 1, 2, 8, 9, 2, 9, 10, 7, 6, 2, 10, 8, 10, 2]
(5.899027947219292, 1.828023996790216, 1.4367454067110155, 2.287928451665569)
[1, 10, 3, 2, 8, 5, 5, 3, 10, 10, 5, 10, 8, 3, 9, 6, 4, 9, 1, 2, 8, 9, 2, 9, 10, 7, 6, 2, 10, 8, 10, 2]
(5.899027947219292, 1.828023996790216, 1.4367454067110155, 2.287928451665569)
[1, 10, 4, 2, 8, 5, 5, 8, 10, 8, 5, 10, 8, 3, 9, 6, 4, 9, 1, 2, 8, 9, 3, 9, 10, 7, 6, 8, 10, 8, 10, 2]
(3.8898910906772928, 5.086948966697524, 3.851347395082975, 4.048321674394662)
[1, 10, 4, 2, 8, 5, 5, 8, 10, 8, 5, 10, 8, 3, 9, 6, 4, 9, 1, 2, 8, 9, 3, 9, 10, 7, 6, 8, 10, 8, 10, 2]
(3.8898910906772928, 5.086948966697524, 3.851347395082975, 4.048321674394662)
[1, 10, 4, 2, 8, 5, 5, 8, 10, 8, 5, 10, 8, 3, 9, 6, 4, 9, 1, 2, 8, 9, 3, 9, 10, 7, 6, 8, 10, 8, 10, 2]
(3.8898910906772928, 5.086948966697524, 3.851347395082975, 4.048321674394662)
[1, 10, 4, 2, 8, 5, 5, 8, 10, 8, 5, 10, 8, 3, 9, 6, 4, 9, 1, 2, 8, 9, 3, 9, 10, 7, 6, 8, 10, 8, 10, 2]
(3.8898910906772928, 5.086948966697524, 3.851347395082975, 4.048321674394662)
[5, 7, 2, 2, 4, 1, 4, 7, 10, 10, 5, 10, 8, 6, 8, 7, 8, 5, 1, 2, 8, 8, 5, 7, 5, 2, 9, 9, 2, 9, 9, 1]
(0.7337205034781817, 4.914423309144707, 5.9215274663440765, 4.051449704374912)
[1, 10, 1, 2, 8, 5, 5, 3, 10, 10, 5, 9, 8, 3, 9, 6, 4, 9, 1, 2, 8, 8, 4, 10, 10, 7, 2, 2, 10, 8, 10, 2]
(3.934970446282375, -13.807932580557832, -0.06676326021723278, 4.536289265883364)
[1, 10, 1, 2, 8, 5, 5, 3, 10, 10, 5, 9, 8, 3, 9, 6, 4, 9, 1, 2, 8, 8, 4, 10, 10, 7, 2, 2, 10, 8, 10, 2]
(3.934970446282375, -13.807932580557832, -0.06676326021723278, 4.536289265883364)
[1, 10, 1, 2, 8, 5, 5, 3, 10, 10, 5, 9, 8, 3, 9, 6, 4, 9, 1, 2, 8, 8, 4, 10, 10, 7, 2, 2, 10, 8, 10, 2]
(3.934970446282375, -13.807932580557832, -0.06676326021723278, 4.536289265883364)
[1, 10, 1, 2, 8, 5, 5, 3, 10, 10, 5, 9, 8, 3, 9, 6, 4, 9, 1, 2, 8, 8, 4, 10, 10, 7, 2, 2, 10, 8, 10, 2]
(3.934970446282375, -13.807932580557832, -0.06676326021723278, 4.536289265883364)
[10, 6, 5, 2, 3, 1, 5, 7, 10, 10, 7, 10, 8, 4, 10, 7, 5, 6, 1, 2, 8, 8, 5, 10, 5, 7, 4, 10, 1, 9, 9, 2]
(1.4232478796827053, 2.064365554242206, 8.089746064110209, 4.547489373377449)
[10, 6, 5, 2, 3, 1, 5, 7, 10, 10, 7, 10, 8, 4, 10, 7, 5, 6, 1, 2, 8, 8, 5, 10, 5, 7, 4, 10, 1, 9, 9, 2]
(1.4248868936700092, 2.064365554242206, 8.089746064110209, 4.547489373377449)
[10, 10, 5, 1, 3, 1, 5, 7, 10, 10, 7, 10, 8, 6, 10, 7, 5, 6, 1, 5, 8, 10, 5, 2, 5, 9, 4, 10, 1, 9, 9, 2]
(1.203020566825873, 3.5037613962926817, 7.264232550781044, 4.744086014897218)
[10, 10, 5, 2, 4, 7, 5, 3, 10, 10, 7, 10, 8, 6, 10, 7, 5, 6, 1, 5, 8, 8, 5, 2, 5, 7, 4, 10, 1, 9, 9, 2]
(1.8550355670834933, -29.7824553616682, 9.198227981453762, 4.793181473751918)
[10, 10, 5, 2, 4, 7, 5, 3, 10, 10, 7, 10, 8, 6, 10, 7, 5, 6, 1, 5, 8, 8, 5, 2, 5, 7, 4, 10, 1, 9, 9, 2]
(1.8550355670834933, -29.7824553616682, 9.198227981453762, 4.793181473751918)
[10, 10, 5, 2, 4, 7, 5, 3, 10, 10, 7, 10, 8, 6, 10, 7, 5, 6, 1, 5, 8, 8, 5, 2, 5, 7, 4, 10, 1, 9, 9, 2]
(1.8550355670834933, -29.7824553616682, 9.198227981453762, 4.793181473751918)
[10, 10, 5, 2, 3, 1, 5, 7, 10, 10, 7, 10, 8, 6, 10, 7, 5, 6, 1, 6, 8, 8, 5, 10, 5, 7, 4, 10, 1, 9, 9, 2]
(1.6273376503072514, -37.009103182077354, 10.347100672763343, 4.821899249297792)
[10, 10, 5, 2, 4, 7, 5, 2, 10, 10, 7, 10, 8, 6, 10, 7, 5, 6, 1, 5, 8, 8, 5, 2, 5, 7, 4, 10, 1, 9, 9, 2]
(1.665423011876726, -59.043252699198206, 11.31023120368995, 4.878726908987639)
[10, 10, 5, 2, 4, 7, 4, 3, 10, 10, 7, 10, 8, 6, 10, 7, 4, 6, 1, 5, 8, 7, 5, 2, 5, 9, 4, 10, 4, 9, 9, 2]
(1.9463931536019003, 4.328432023339384, 2.8886818358077697, 4.822847309330351)
[10, 10, 5, 2, 4, 7, 4, 3, 10, 10, 7, 10, 8, 6, 10, 7, 4, 6, 1, 5, 8, 7, 5, 2, 5, 9, 4, 10, 4, 9, 9, 2]
(1.9463931536019003, 4.328432023339384, 2.8886818358077697, 4.822847309330351)
[5, 10, 7, 2, 8, 6, 7, 5, 10, 10, 7, 10, 8, 6, 10, 7, 5, 6, 1, 6, 8, 8, 5, 2, 5, 7, 4, 10, 1, 9, 9, 1]
(-2.068458296360507, -63.75205507282773, 10.941179900548489, 5.313060128479377)
[5, 10, 7, 2, 8, 6, 7, 5, 10, 10, 7, 10, 8, 6, 10, 7, 5, 6, 1, 6, 8, 8, 5, 2, 5, 7, 4, 10, 1, 9, 9, 1]
(-2.068458296360507, -63.75205507282773, 10.941179900548489, 5.313060128479377)
[5, 10, 7, 2, 8, 6, 7, 5, 10, 10, 7, 10, 8, 6, 10, 7, 5, 6, 1, 6, 8, 8, 5, 2, 5, 7, 4, 10, 1, 9, 9, 1]
(-2.068458296360507, -63.75205507282773, 10.941179900548489, 5.313060128479377)
[5, 10, 7, 2, 8, 6, 7, 5, 10, 10, 7, 10, 8, 6, 10, 7, 5, 6, 1, 6, 8, 8, 5, 2, 5, 7, 4, 10, 1, 9, 9, 1]
(-2.068458296360507, -63.75205507282773, 10.941179900548489, 5.313060128479377)
[10, 7, 5, 2, 3, 1, 5, 7, 10, 10, 7, 10, 8, 6, 10, 7, 5, 6, 1, 5, 8, 8, 5, 2, 5, 7, 4, 10, 1, 9, 9, 2]
(1.6129125583024433, -21.24348054576625, 10.438104699417005, 4.807326633798687)
[6, 10, 7, 2, 3, 3, 6, 7, 10, 10, 7, 10, 8, 4, 10, 7, 5, 6, 1, 5, 8, 8, 4, 10, 10, 7, 2, 10, 10, 7, 9, 1]
(2.3088262608856778, -0.7892304664068277, 3.10427937409462, 4.412772295430461)
[5, 10, 7, 2, 8, 6, 7, 5, 10, 10, 7, 10, 7, 6, 10, 7, 5, 6, 1, 6, 8, 8, 5, 2, 5, 7, 4, 10, 1, 9, 9, 1]
(1.0530371472077606, -11.604750030219778, 8.641880505374203, 4.920168379315616)
[5, 10, 7, 2, 8, 6, 7, 5, 10, 10, 7, 10, 7, 6, 10, 7, 5, 6, 1, 6, 8, 8, 5, 2, 5, 7, 4, 10, 1, 9, 9, 1]
(1.0530371472077606, -11.604750030219778, 8.641880505374203, 4.920168379315616)
[5, 10, 7, 2, 8, 6, 7, 5, 10, 10, 7, 10, 7, 6, 10, 7, 5, 6, 1, 6, 8, 8, 5, 2, 5, 7, 4, 10, 1, 9, 9, 1]
(1.0530371472077606, -11.604750030219778, 8.641880505374203, 4.920168379315616)
[5, 10, 7, 2, 8, 6, 7, 5, 10, 10, 7, 10, 7, 6, 10, 7, 5, 6, 1, 6, 8, 8, 5, 2, 5, 7, 4, 10, 1, 9, 9, 1]
(1.0530371472077606, -11.604750030219778, 8.641880505374203, 4.920168379315616)
[10, 7, 5, 2, 3, 1, 5, 7, 10, 10, 7, 10, 8, 6, 10, 7, 5, 6, 1, 5, 8, 8, 5, 10, 5, 7, 4, 10, 1, 9, 9, 2]
(1.6787463080662632, -16.393551411066582, 9.735319159175717, 4.748716812996549)
[10, 7, 5, 2, 3, 1, 5, 7, 10, 10, 7, 10, 8, 6, 10, 7, 5, 6, 1, 5, 8, 8, 5, 10, 5, 7, 4, 10, 1, 9, 9, 2]
(1.6787463080662632, -16.393551411066582, 9.735319159175717, 4.748716812996549)
[10, 7, 5, 2, 3, 1, 5, 7, 10, 10, 7, 10, 8, 6, 10, 7, 5, 6, 1, 5, 8, 8, 5, 2, 5, 7, 4, 10, 1, 9, 9, 2]
(1.6129125583024433, -21.24348054576625, 10.438104699417005, 4.807326633798687)
[10, 7, 5, 2, 3, 1, 5, 7, 10, 10, 7, 10, 8, 6, 10, 7, 5, 6, 1, 5, 8, 8, 5, 2, 5, 7, 4, 10, 1, 9, 9, 2]
(1.6129125583024433, -21.24348054576625, 10.438104699417005, 4.807326633798687)
[1, 10, 1, 2, 8, 5, 5, 3, 10, 10, 5, 10, 8, 3, 9, 6, 4, 9, 1, 2, 8, 8, 1, 10, 4, 2, 1, 8, 10, 8, 10, 3]
(7.505616629779875, -16.835081099377266, -1.1143432738640773, 5.032815748883806)
[1, 10, 1, 2, 8, 5, 5, 3, 10, 10, 5, 10, 8, 3, 9, 6, 4, 9, 1, 2, 8, 8, 1, 10, 4, 2, 1, 8, 10, 8, 10, 3]
(7.505616629779875, -16.835081099377266, -1.1143432738640773, 5.032815748883806)
[1, 10, 1, 2, 8, 5, 5, 3, 10, 10, 5, 10, 8, 3, 9, 6, 4, 9, 1, 2, 8, 8, 1, 10, 4, 2, 1, 8, 10, 8, 10, 3]
(7.505616629779875, -16.835081099377266, -1.1143432738640773, 5.032815748883806)
[10, 7, 5, 2, 3, 1, 5, 3, 10, 10, 7, 10, 8, 6, 10, 7, 5, 6, 1, 5, 8, 8, 5, 2, 5, 7, 4, 10, 1, 9, 9, 2]
(0.9847870599216549, -44.617072806000415, 9.510233895574942, 4.847107758264865)
[1, 7, 2, 2, 8, 6, 6, 3, 10, 10, 5, 10, 8, 3, 9, 6, 4, 9, 1, 2, 8, 8, 1, 9, 5, 2, 1, 8, 10, 8, 10, 3]
(6.77808058736555, -27.186777407243667, -7.869367976525581, 5.0646010839103095)
[1, 7, 2, 2, 8, 6, 6, 3, 10, 10, 5, 10, 8, 3, 9, 6, 4, 9, 1, 2, 8, 8, 1, 9, 5, 2, 1, 8, 10, 8, 10, 3]
(6.77808058736555, -27.186777407243667, -7.869367976525581, 5.0646010839103095)
[1, 7, 2, 2, 8, 6, 6, 3, 10, 10, 5, 10, 8, 3, 9, 6, 4, 9, 1, 2, 8, 8, 1, 9, 5, 2, 1, 8, 10, 8, 10, 3]
(6.77808058736555, -27.186777407243667, -7.869367976525581, 5.0646010839103095)
[10, 10, 5, 2, 3, 1, 5, 7, 10, 10, 7, 10, 8, 6, 10, 7, 5, 6, 1, 5, 8, 8, 5, 2, 5, 7, 4, 10, 1, 9, 9, 2]
(-1.9071056512526525, -64.79293127383954, 7.934662710438527, 5.081035644440162)
[10, 10, 5, 2, 3, 1, 5, 7, 10, 10, 7, 10, 8, 6, 10, 7, 5, 6, 1, 5, 8, 8, 5, 2, 5, 7, 4, 10, 1, 9, 9, 2]
(-1.9071056512526525, -64.79293127383954, 7.934662710438527, 5.081035644440162)
[1, 10, 1, 2, 8, 5, 5, 3, 10, 10, 5, 10, 8, 3, 9, 6, 4, 9, 1, 2, 8, 8, 1, 10, 4, 2, 1, 8, 10, 8, 10, 3]
(7.505616629779875, -16.835081099377266, -1.1143432738640773, 5.032815748883806)
[10, 10, 5, 2, 3, 1, 5, 7, 10, 10, 9, 10, 8, 3, 10, 7, 5, 6, 1, 5, 8, 8, 5, 2, 5, 7, 4, 10, 1, 9, 9, 2]
(1.080538408506797, 2.8212793493990262, 8.951097569416442, 4.638152180771575)
[10, 10, 5, 2, 3, 1, 5, 7, 10, 10, 9, 10, 8, 3, 10, 7, 5, 6, 1, 5, 8, 8, 5, 2, 5, 7, 4, 10, 1, 9, 9, 2]
(1.080538408506797, 2.8212793493990262, 8.951097569416442, 4.638152180771575)
[1, 7, 2, 2, 8, 6, 6, 3, 10, 10, 5, 10, 8, 3, 9, 6, 4, 9, 1, 2, 8, 8, 1, 10, 5, 2, 1, 8, 10, 8, 10, 3]
(7.131170441198446, -37.42978546348598, -7.789011525208042, 5.0737494597344295)
[1, 7, 2, 2, 8, 6, 6, 3, 10, 10, 5, 10, 8, 3, 9, 6, 4, 9, 1, 2, 8, 8, 1, 10, 5, 2, 1, 8, 10, 8, 10, 3]
(7.131170441198446, -37.42978546348598, -7.789011525208042, 5.0737494597344295)
[1, 7, 2, 2, 8, 6, 6, 3, 10, 10, 5, 10, 8, 3, 9, 6, 4, 9, 1, 2, 8, 8, 1, 10, 5, 2, 1, 8, 10, 8, 10, 3]
(7.131170441198446, -37.42978546348598, -7.789011525208042, 5.0737494597344295)
[1, 10, 1, 2, 8, 5, 5, 3, 10, 10, 5, 10, 8, 3, 9, 6, 4, 9, 1, 2, 8, 9, 2, 9, 5, 2, 3, 8, 10, 8, 10, 2]
(7.177045759068934, -31.034167116620466, -0.6759913438432911, 5.189438979967333)
[5, 7, 2, 2, 8, 6, 8, 5, 10, 10, 5, 6, 8, 6, 8, 7, 8, 5, 1, 2, 8, 8, 5, 7, 5, 2, 9, 9, 2, 9, 9, 1]
(-3.2059242206870406, -20.484353267812168, 7.825584805159601, 5.123941738694999)
[5, 7, 2, 2, 8, 6, 8, 5, 10, 10, 5, 6, 8, 6, 8, 7, 8, 5, 1, 2, 8, 8, 5, 7, 5, 2, 9, 9, 2, 9, 9, 1]
(-3.2059242206870406, -20.484353267812168, 7.825584805159601, 5.123941738694999)
[5, 7, 2, 2, 8, 6, 8, 5, 10, 10, 5, 6, 8, 6, 8, 7, 8, 5, 1, 2, 8, 8, 5, 7, 5, 2, 9, 9, 2, 9, 9, 1]
(-3.2059242206870406, -20.484353267812168, 7.825584805159601, 5.123941738694999)
[1, 10, 2, 2, 8, 5, 5, 3, 10, 10, 9, 10, 2, 6, 9, 6, 4, 9, 1, 2, 8, 8, 1, 9, 5, 2, 1, 8, 10, 8, 10, 2]
(8.618335616588594, -58.41031857183484, -1.2561469837455823, 5.272488500505898)
[1, 10, 2, 2, 8, 5, 5, 3, 10, 10, 9, 10, 2, 6, 9, 6, 4, 9, 1, 2, 8, 8, 1, 9, 5, 2, 1, 8, 10, 8, 10, 2]
(8.618335616588594, -58.41031857183484, -1.2561469837455823, 5.272488500505898)
[5, 7, 2, 2, 4, 1, 4, 7, 10, 10, 5, 10, 8, 6, 8, 7, 5, 6, 1, 5, 8, 8, 5, 2, 5, 5, 4, 10, 1, 9, 9, 1]
(-4.372921057815532, -25.758928830074485, 8.369337403284362, 5.247009775487912)
[1, 10, 3, 4, 3, 1, 5, 7, 10, 10, 5, 10, 3, 3, 8, 6, 4, 9, 1, 4, 8, 8, 5, 5, 5, 2, 5, 9, 10, 8, 10, 2]
(8.34040700628752, -84.12212202403542, -11.086204315772225, 5.243414931075494)
[1, 10, 3, 4, 3, 1, 5, 7, 10, 10, 5, 10, 3, 3, 8, 6, 4, 9, 1, 4, 8, 8, 5, 5, 5, 2, 5, 9, 10, 8, 10, 2]
(8.34040700628752, -84.12212202403542, -11.086204315772225, 5.243414931075494)
[1, 10, 3, 4, 3, 1, 5, 7, 10, 10, 5, 10, 3, 3, 8, 6, 4, 9, 1, 4, 8, 8, 5, 5, 5, 2, 5, 9, 10, 8, 10, 2]
(8.34040700628752, -84.12212202403542, -11.086204315772225, 5.243414931075494)
[1, 10, 3, 4, 3, 1, 5, 7, 10, 10, 5, 10, 3, 3, 8, 6, 4, 9, 1, 4, 8, 8, 5, 5, 5, 2, 5, 9, 10, 8, 10, 2]
(8.34040700628752, -84.12212202403542, -11.086204315772225, 5.243414931075494)
[1, 10, 3, 2, 8, 5, 5, 3, 10, 10, 5, 10, 8, 3, 9, 6, 4, 9, 1, 2, 8, 8, 1, 10, 5, 2, 1, 8, 10, 8, 10, 2]
(7.16405826066652, -25.530415198310365, -2.4354400497162647, 5.248590213088932)
[1, 10, 1, 2, 8, 5, 5, 3, 10, 10, 5, 10, 8, 3, 8, 6, 4, 9, 1, 2, 8, 9, 2, 9, 5, 2, 3, 8, 10, 8, 10, 2]
(6.047135859817888, -17.002236640531784, -0.3121864399648483, 5.24038352716416)
[1, 10, 3, 2, 8, 5, 5, 3, 10, 10, 5, 10, 8, 3, 9, 6, 4, 9, 1, 2, 8, 8, 1, 10, 5, 2, 1, 8, 10, 8, 10, 2]
(7.16405826066652, -25.530415198310365, -2.4354400497162647, 5.248590213088932)
[1, 10, 3, 2, 8, 5, 5, 3, 10, 10, 5, 10, 8, 3, 9, 6, 4, 9, 1, 2, 8, 8, 1, 9, 5, 2, 1, 8, 10, 8, 10, 2]
(6.711989457259708, -40.79009883210094, -0.9172181300190796, 5.2526087250288676)
[5, 10, 7, 2, 8, 6, 7, 5, 10, 10, 7, 10, 8, 6, 10, 7, 5, 6, 1, 5, 8, 8, 5, 2, 5, 7, 4, 10, 1, 9, 9, 1]
(-1.8702061283089393, -62.494797879707306, 9.25493066614225, 5.291386074433495)
[1, 10, 4, 2, 8, 5, 5, 3, 10, 10, 9, 10, 2, 6, 9, 6, 4, 9, 1, 2, 8, 8, 1, 10, 5, 2, 3, 8, 10, 8, 10, 2]
(8.334710791570329, -62.80037535027823, -6.027512129191077, 5.273217140393485)
[1, 10, 4, 2, 8, 5, 5, 3, 10, 10, 9, 10, 2, 6, 9, 6, 4, 9, 1, 2, 8, 8, 1, 10, 5, 2, 3, 8, 10, 8, 10, 2]
(8.334710791570329, -62.80037535027823, -6.027512129191077, 5.273217140393485)
[5, 10, 7, 2, 8, 6, 7, 5, 10, 10, 7, 10, 8, 6, 10, 7, 5, 6, 1, 6, 8, 8, 5, 2, 5, 7, 4, 10, 1, 9, 9, 1]
(-2.068458296360507, -63.75205507282773, 10.941179900548489, 5.313060128479377)
[5, 10, 7, 2, 8, 6, 7, 5, 10, 10, 7, 10, 8, 6, 10, 7, 5, 6, 1, 6, 8, 8, 5, 2, 5, 7, 4, 10, 1, 9, 9, 1]
(-2.068458296360507, -63.75205507282773, 10.941179900548489, 5.313060128479377)
[8, 10, 4, 2, 3, 4, 6, 6, 10, 9, 5, 7, 7, 2, 10, 3, 5, 6, 1, 2, 8, 8, 5, 7, 4, 2, 1, 9, 2, 8, 9, 1]
(1.0440314188483173, -9.878725092128356, 4.253019384020976, 5.40884217731807)
[8, 10, 4, 2, 3, 4, 6, 6, 10, 9, 5, 7, 7, 2, 10, 3, 5, 6, 1, 2, 8, 8, 5, 7, 4, 2, 1, 9, 2, 8, 9, 1]
(1.0440314188483173, -9.878725092128356, 4.253019384020976, 5.40884217731807)
[8, 10, 4, 2, 3, 4, 6, 6, 10, 9, 5, 7, 7, 2, 10, 3, 5, 6, 1, 2, 8, 8, 5, 7, 4, 2, 1, 9, 2, 8, 9, 1]
(1.0440314188483173, -9.878725092128356, 4.253019384020976, 5.40884217731807)
[8, 10, 4, 2, 3, 4, 6, 6, 10, 9, 5, 7, 7, 2, 10, 3, 5, 6, 1, 2, 8, 8, 5, 7, 4, 2, 1, 9, 2, 8, 9, 1]
(1.0440314188483173, -9.878725092128356, 4.253019384020976, 5.40884217731807)
[10, 10, 5, 2, 3, 1, 5, 7, 10, 9, 7, 10, 8, 4, 10, 7, 5, 6, 1, 2, 8, 8, 5, 9, 10, 7, 1, 9, 2, 8, 9, 2]
(-6.891591020707904, -30.869363299901565, 9.082639634787109, 5.638334486630917)
[10, 10, 5, 2, 3, 1, 5, 7, 10, 9, 7, 10, 8, 4, 10, 7, 5, 6, 1, 2, 8, 8, 5, 9, 10, 7, 1, 9, 2, 8, 9, 2]
(-6.891591020707904, -30.869363299901565, 9.082639634787109, 5.638334486630917)
[10, 10, 5, 2, 3, 1, 5, 7, 10, 9, 7, 10, 8, 4, 10, 7, 5, 6, 1, 2, 8, 8, 5, 9, 10, 7, 1, 9, 2, 8, 9, 2]
(-6.891591020707904, -30.869363299901565, 9.082639634787109, 5.638334486630917)
[10, 10, 5, 2, 3, 1, 5, 7, 10, 9, 7, 10, 8, 4, 10, 7, 5, 6, 1, 2, 8, 8, 5, 9, 10, 7, 1, 9, 2, 8, 9, 2]
(-6.891591020707904, -30.869363299901565, 9.082639634787109, 5.638334486630917)
[10, 10, 5, 2, 3, 4, 6, 6, 10, 10, 5, 4, 8, 2, 10, 3, 5, 3, 1, 2, 8, 8, 5, 7, 5, 2, 1, 9, 2, 8, 9, 2]
(-4.4202329597464995, -0.388953629277258, 6.8683203727888715, 5.675910037887354)
[10, 10, 5, 2, 3, 4, 6, 6, 10, 10, 5, 4, 8, 2, 10, 3, 5, 3, 1, 2, 8, 8, 5, 7, 5, 2, 1, 9, 2, 8, 9, 2]
(-4.4202329597464995, -0.388953629277258, 6.8683203727888715, 5.675910037887354)
[1, 10, 3, 2, 8, 5, 5, 3, 8, 10, 9, 10, 8, 3, 10, 7, 5, 6, 1, 5, 8, 8, 5, 2, 5, 7, 4, 10, 10, 8, 10, 2]
(-0.04022438170557336, 5.7200890974371905, 1.8158733941283718, 5.671778627572742)
[1, 10, 5, 2, 3, 1, 2, 7, 10, 10, 7, 10, 8, 6, 10, 7, 5, 6, 1, 5, 8, 8, 5, 2, 5, 7, 3, 8, 10, 8, 10, 2]
(1.6157931353588737, 1.979073009552062, 0.0815284030313944, 5.660749571975407)
[10, 10, 5, 2, 3, 1, 5, 7, 10, 9, 7, 10, 8, 4, 10, 7, 5, 6, 1, 2, 8, 8, 5, 7, 4, 2, 1, 9, 2, 8, 9, 2]
(-7.372037937033526, -67.23657437360154, 10.481561316842866, 5.697429489256848)
[10, 10, 5, 2, 3, 1, 5, 7, 10, 9, 7, 10, 8, 4, 10, 7, 5, 6, 1, 2, 8, 8, 5, 7, 4, 2, 1, 9, 2, 8, 9, 2]
(-7.372037937033526, -67.23657437360154, 10.481561316842866, 5.697429489256848)
[8, 10, 4, 2, 7, 4, 6, 6, 10, 9, 5, 2, 2, 6, 5, 6, 4, 9, 1, 2, 8, 9, 5, 7, 4, 2, 1, 9, 2, 8, 9, 1]
(-2.6746960278034755, -2.026220497039588, 6.123844913043253, 5.779969791514507)
[1, 10, 3, 2, 8, 5, 5, 3, 10, 10, 7, 10, 8, 6, 10, 7, 5, 6, 1, 5, 8, 8, 5, 2, 5, 7, 4, 10, 10, 8, 10, 2]
(-1.6977493873292844, 2.0329485702014427, 4.235951594995129, 5.72648371014918)
[10, 10, 5, 2, 4, 7, 5, 3, 10, 10, 7, 10, 8, 6, 10, 7, 5, 6, 1, 6, 8, 8, 4, 10, 10, 7, 2, 10, 10, 7, 9, 2]
(1.8614361003800584, -1.1068442151424118, -0.5788684580736867, 5.7716007831099)
[10, 10, 5, 2, 4, 7, 5, 3, 10, 10, 7, 10, 8, 6, 10, 7, 5, 6, 1, 6, 8, 8, 4, 10, 10, 7, 2, 10, 10, 7, 9, 2]
(1.8614361003800584, -1.1068442151424118, -0.5788684580736867, 5.7716007831099)
[1, 10, 4, 2, 8, 5, 5, 3, 10, 10, 9, 10, 2, 6, 8, 7, 5, 9, 3, 7, 8, 8, 4, 10, 5, 2, 3, 8, 10, 8, 10, 2]
(3.8668460722147953, -15.21207948600849, -1.8209957179304048, 5.809665606889206)
[1, 10, 4, 2, 8, 5, 5, 3, 10, 10, 9, 10, 2, 6, 9, 6, 4, 10, 1, 7, 8, 8, 4, 5, 10, 7, 2, 8, 10, 8, 10, 2]
(7.343900348272311, -85.06957434121902, -7.516122092958192, 5.818015327047198)
[1, 10, 4, 2, 8, 5, 5, 3, 10, 10, 9, 10, 2, 6, 9, 6, 4, 10, 1, 7, 8, 8, 4, 5, 10, 7, 2, 8, 10, 8, 10, 2]
(7.343900348272311, -85.06957434121902, -7.516122092958192, 5.818015327047198)
[10, 10, 4, 2, 3, 4, 6, 6, 10, 9, 5, 4, 8, 2, 10, 3, 5, 3, 1, 2, 8, 8, 5, 7, 5, 2, 1, 9, 2, 8, 9, 1]
(-4.185169784643404, 4.860820373597361, 6.4023979353692235, 5.825490712479818)
[10, 10, 5, 2, 3, 1, 9, 7, 10, 10, 5, 10, 3, 3, 8, 7, 5, 6, 1, 5, 8, 8, 5, 2, 5, 7, 4, 10, 1, 7, 9, 2]
(-8.867324797350012, -64.60808594899937, 10.654330343161565, 5.936692862592601)
[10, 10, 5, 2, 3, 1, 9, 7, 10, 10, 5, 10, 3, 3, 8, 7, 5, 6, 1, 5, 8, 8, 5, 2, 5, 7, 4, 10, 1, 7, 9, 2]
(-8.867324797350012, -64.60808594899937, 10.654330343161565, 5.936692862592601)
[10, 10, 4, 2, 8, 5, 5, 5, 10, 10, 9, 10, 2, 6, 8, 7, 5, 3, 3, 7, 8, 8, 3, 10, 4, 2, 2, 10, 10, 8, 9, 1]
(4.867951125238334, -32.52212801625962, -1.8328529938915779, 5.924103736677853)
[10, 10, 4, 2, 8, 5, 5, 5, 10, 10, 9, 10, 2, 6, 8, 7, 5, 3, 3, 7, 8, 8, 3, 10, 4, 2, 2, 10, 10, 8, 9, 1]
(4.867951125238334, -32.52212801625962, -1.8328529938915779, 5.924103736677853)
[10, 9, 5, 2, 4, 1, 4, 6, 10, 10, 5, 10, 2, 6, 8, 4, 1, 9, 1, 7, 10, 8, 5, 9, 5, 7, 2, 10, 10, 8, 9, 1]
(10.352034607221842, -109.56203142822731, -11.317626277759413, 5.942498137467517)
[10, 10, 4, 2, 8, 5, 5, 3, 10, 10, 9, 10, 2, 6, 8, 7, 5, 9, 3, 7, 8, 8, 4, 10, 10, 2, 2, 10, 10, 8, 9, 1]
(4.140836249236191, -39.45967823082545, -0.4189357995681856, 6.067916850871699)
[10, 10, 4, 2, 8, 5, 5, 3, 10, 10, 9, 10, 2, 6, 8, 7, 5, 9, 3, 7, 8, 8, 4, 10, 10, 2, 2, 10, 10, 8, 9, 1]
(4.140836249236191, -39.45967823082545, -0.4189357995681856, 6.067916850871699)
[10, 9, 5, 2, 4, 5, 5, 7, 10, 10, 5, 10, 3, 6, 9, 7, 3, 9, 1, 7, 10, 8, 5, 9, 10, 7, 2, 10, 10, 8, 9, 1]
(3.714193411514759, -2.6188470307901395, -8.724007149782215, 6.068065363749872)
[10, 9, 5, 2, 4, 5, 5, 7, 10, 10, 5, 10, 3, 6, 9, 7, 3, 9, 1, 7, 10, 8, 5, 9, 10, 7, 2, 10, 10, 8, 9, 1]
(3.714193411514759, -2.6188470307901395, -8.724007149782215, 6.068065363749872)
[10, 9, 5, 2, 4, 5, 5, 7, 10, 10, 5, 10, 3, 6, 9, 7, 3, 9, 1, 7, 10, 8, 5, 9, 10, 7, 2, 10, 10, 8, 9, 1]
(3.714193411514759, -2.6188470307901395, -8.724007149782215, 6.068065363749872)
[10, 9, 5, 2, 4, 5, 5, 7, 10, 10, 5, 10, 3, 6, 9, 7, 3, 9, 1, 7, 10, 8, 5, 9, 10, 7, 2, 10, 10, 8, 9, 1]
(3.714193411514759, -2.6188470307901395, -8.724007149782215, 6.068065363749872)
[10, 10, 4, 2, 8, 5, 5, 3, 10, 10, 9, 10, 2, 6, 8, 7, 5, 9, 3, 7, 8, 8, 3, 10, 10, 2, 2, 10, 10, 8, 9, 1]
(4.987690023461937, -30.112896629286393, -1.8649231766953025, 6.126893790945112)
[10, 10, 4, 2, 8, 5, 5, 3, 10, 10, 9, 10, 2, 6, 8, 7, 5, 9, 3, 7, 8, 8, 3, 10, 10, 2, 2, 10, 10, 8, 9, 1]
(4.987690023461937, -30.112896629286393, -1.8649231766953025, 6.126893790945112)
[6, 10, 7, 2, 8, 5, 6, 6, 10, 10, 5, 9, 2, 6, 8, 7, 5, 9, 3, 7, 10, 8, 4, 10, 8, 4, 6, 10, 10, 7, 9, 1]
(0.8154455770494563, 3.140321258523246, 0.13022276105980057, 6.10418750900795)
[1, 10, 1, 2, 8, 5, 5, 3, 10, 10, 5, 9, 8, 3, 9, 6, 4, 10, 1, 7, 8, 8, 4, 10, 10, 7, 7, 8, 10, 7, 9, 2]
(6.1483468194241935, -45.783431115461475, -5.324828167273883, 6.1476375524917195)
[10, 9, 5, 2, 4, 1, 4, 6, 10, 10, 5, 7, 7, 2, 10, 3, 5, 6, 1, 7, 8, 8, 4, 10, 5, 7, 1, 10, 10, 7, 9, 1]
(4.386764780865451, -2.1922365423685837, 2.7146368851151217, 4.216878354966826)
[10, 9, 5, 2, 4, 1, 4, 6, 10, 10, 5, 7, 7, 2, 10, 3, 5, 6, 1, 7, 8, 8, 4, 10, 5, 7, 1, 10, 10, 7, 9, 1]
(4.386764780865451, -2.1922365423685837, 2.7146368851151217, 4.216878354966826)
[10, 9, 5, 2, 4, 1, 4, 6, 10, 10, 5, 10, 2, 6, 8, 4, 1, 10, 1, 7, 8, 8, 5, 2, 5, 7, 4, 10, 10, 7, 9, 1]
(10.017248863557253, -116.05836632808573, -11.98373996982687, 6.1731014010160274)
[5, 6, 3, 2, 3, 1, 6, 6, 7, 10, 5, 6, 10, 3, 8, 7, 5, 10, 5, 6, 9, 10, 3, 7, 9, 7, 4, 10, 10, 7, 9, 1]
(-7.389104281422634, -39.90294137625872, 8.336967780372284, 6.244392150720579)
[5, 6, 3, 2, 3, 1, 6, 6, 7, 10, 5, 6, 10, 3, 8, 7, 5, 10, 5, 6, 9, 10, 3, 7, 9, 7, 4, 10, 10, 7, 9, 1]
(-7.389104281422634, -39.90294137625872, 8.336967780372284, 6.244392150720579)
[5, 6, 3, 2, 3, 1, 6, 6, 7, 10, 5, 6, 10, 3, 8, 7, 5, 10, 5, 6, 9, 10, 3, 7, 9, 7, 4, 10, 10, 7, 9, 1]
(-7.389104281422634, -39.90294137625872, 8.336967780372284, 6.244392150720579)
[5, 6, 3, 2, 3, 1, 6, 6, 7, 10, 5, 6, 10, 3, 8, 7, 5, 10, 5, 6, 9, 10, 3, 7, 9, 7, 4, 10, 10, 7, 9, 1]
(-7.389104281422634, -39.90294137625872, 8.336967780372284, 6.244392150720579)
[5, 6, 3, 2, 3, 1, 6, 6, 7, 10, 5, 6, 10, 3, 8, 9, 5, 9, 5, 6, 9, 10, 3, 7, 9, 7, 4, 10, 10, 7, 8, 1]
(-1.1120555014262663, 6.243923415804944, 2.642549521869204, 6.245622868525616)
[6, 10, 7, 2, 9, 5, 6, 6, 10, 10, 5, 10, 2, 6, 8, 7, 5, 10, 1, 7, 8, 6, 4, 10, 10, 7, 2, 10, 10, 7, 9, 1]
(8.057205576175168, -72.39863269207069, -8.807648164862863, 6.24204606046753)
[6, 10, 2, 10, 1, 5, 2, 6, 10, 10, 5, 10, 2, 6, 8, 6, 5, 9, 3, 7, 8, 8, 4, 10, 5, 7, 10, 9, 10, 8, 9, 1]
(9.26430105076996, -115.53371211870899, -9.14324977918503, 6.284327388028808)
[6, 10, 2, 2, 9, 5, 6, 5, 10, 10, 5, 3, 2, 6, 8, 7, 5, 10, 1, 7, 8, 8, 4, 10, 10, 7, 7, 8, 10, 7, 9, 1]
(3.385110102377868, -10.773979328622524, -2.5166310635100158, 6.301967650050972)
[6, 10, 2, 2, 9, 5, 6, 5, 10, 10, 5, 3, 2, 6, 8, 7, 5, 10, 1, 7, 8, 8, 4, 10, 10, 7, 7, 8, 10, 7, 9, 1]
(3.385110102377868, -10.773979328622524, -2.5166310635100158, 6.301967650050972)
[6, 10, 2, 2, 9, 5, 6, 5, 10, 10, 5, 3, 2, 6, 8, 7, 5, 10, 1, 7, 8, 8, 4, 10, 10, 7, 7, 8, 10, 7, 9, 1]
(3.385110102377868, -10.773979328622524, -2.5166310635100158, 6.301967650050972)
[6, 10, 2, 10, 4, 5, 6, 6, 10, 10, 5, 10, 2, 6, 8, 6, 5, 9, 3, 7, 8, 8, 4, 10, 5, 7, 2, 9, 10, 8, 9, 1]
(11.420921396787815, -185.19093400798093, -11.682523435887253, 6.339099915495447)
[6, 10, 2, 10, 4, 5, 6, 6, 10, 10, 5, 10, 2, 6, 8, 6, 5, 9, 3, 7, 8, 8, 4, 10, 5, 7, 2, 9, 10, 8, 9, 1]
(11.420921396787815, -185.19093400798093, -11.682523435887253, 6.339099915495447)
[6, 10, 2, 10, 4, 5, 6, 6, 10, 10, 5, 10, 2, 6, 8, 6, 5, 9, 3, 7, 8, 8, 4, 10, 5, 7, 2, 9, 10, 8, 9, 1]
(11.420921396787815, -185.19093400798093, -11.682523435887253, 6.339099915495447)
[6, 10, 2, 10, 4, 5, 6, 6, 10, 10, 5, 10, 2, 6, 8, 6, 5, 9, 3, 7, 8, 8, 4, 10, 5, 7, 2, 9, 10, 8, 9, 1]
(11.420921396787815, -185.19093400798093, -11.682523435887253, 6.339099915495447)
[6, 10, 7, 2, 9, 5, 6, 5, 10, 10, 5, 10, 2, 6, 8, 7, 5, 10, 1, 7, 8, 8, 4, 10, 10, 7, 2, 8, 10, 7, 9, 1]
(3.9907728025893423, -67.65549762642851, -8.074730790909154, 6.347090113407926)
[6, 10, 7, 2, 9, 5, 6, 5, 10, 10, 5, 10, 2, 6, 8, 7, 5, 10, 1, 7, 8, 8, 4, 10, 10, 7, 2, 8, 10, 7, 9, 1]
(3.9907728025893423, -67.65549762642851, -8.074730790909154, 6.347090113407926)
[6, 10, 7, 2, 9, 5, 6, 5, 10, 10, 5, 10, 2, 6, 8, 7, 5, 10, 1, 7, 8, 8, 4, 10, 10, 7, 2, 8, 10, 7, 9, 1]
(3.9907728025893423, -67.65549762642851, -8.074730790909154, 6.347090113407926)
[6, 10, 7, 2, 9, 5, 6, 5, 10, 10, 5, 10, 2, 6, 8, 7, 5, 10, 1, 7, 8, 8, 4, 10, 10, 7, 2, 8, 10, 7, 9, 1]
(3.9907728025893423, -67.65549762642851, -8.074730790909154, 6.347090113407926)
[6, 10, 7, 2, 9, 5, 6, 5, 10, 10, 5, 10, 2, 6, 8, 7, 5, 10, 1, 7, 8, 8, 4, 10, 10, 7, 2, 8, 10, 7, 9, 1]
(3.9907728025893423, -67.65549762642851, -8.074730790909154, 6.347090113407926)
[10, 9, 5, 2, 4, 1, 4, 7, 10, 10, 7, 10, 8, 6, 4, 7, 5, 10, 1, 7, 8, 8, 4, 10, 8, 7, 6, 10, 10, 7, 9, 1]
(2.4619398923267792, -8.480978513706507, -1.9251748887577234, 6.396485689596892)
[6, 10, 7, 2, 9, 5, 6, 6, 10, 10, 5, 10, 2, 6, 8, 7, 5, 9, 3, 7, 8, 8, 4, 10, 8, 7, 6, 10, 10, 7, 9, 1]
(4.921971963963503, -33.73303352154128, -3.5064942137251633, 6.434701242546443)
[6, 10, 7, 2, 8, 5, 6, 6, 10, 10, 5, 9, 2, 6, 8, 7, 5, 9, 3, 7, 8, 8, 4, 10, 8, 7, 6, 10, 10, 7, 9, 1]
(4.3900217244761714, -26.159102900619224, -2.9334176819212416, 6.446281577050756)
[6, 10, 7, 2, 8, 5, 6, 6, 10, 10, 5, 9, 2, 6, 8, 7, 5, 9, 3, 7, 8, 8, 4, 10, 8, 7, 6, 10, 10, 7, 9, 1]
(4.3900217244761714, -26.159102900619224, -2.9334176819212416, 6.446281577050756)
[10, 9, 5, 2, 4, 1, 6, 7, 10, 10, 2, 6, 2, 6, 8, 7, 5, 10, 1, 7, 8, 8, 4, 10, 10, 7, 2, 10, 10, 7, 9, 1]
(5.397997180382743, -30.85755301870266, -4.98250863258046, 6.463430897735479)
[10, 9, 5, 2, 4, 1, 4, 6, 10, 10, 5, 10, 2, 6, 8, 7, 5, 10, 1, 7, 8, 8, 4, 10, 8, 7, 6, 10, 10, 7, 9, 1]
(7.306268563908632, -135.8260828752369, -10.977417059178057, 6.482682621289958)
[10, 9, 5, 2, 4, 1, 4, 6, 10, 10, 5, 10, 2, 6, 8, 7, 5, 10, 1, 7, 8, 8, 4, 10, 8, 7, 6, 10, 10, 7, 9, 1]
(7.306268563908632, -135.8260828752369, -10.977417059178057, 6.482682621289958)
[6, 10, 7, 2, 9, 5, 6, 6, 10, 10, 5, 10, 2, 6, 8, 7, 5, 10, 1, 7, 8, 8, 4, 10, 8, 7, 6, 10, 10, 7, 9, 1]
(7.730921770904831, -65.12553067505132, -8.989022407687276, 6.48090663367132)
[6, 10, 7, 2, 9, 5, 6, 6, 10, 10, 5, 10, 2, 6, 8, 7, 5, 10, 1, 7, 8, 8, 4, 10, 8, 7, 6, 10, 10, 7, 9, 1]
(7.730921770904831, -65.12553067505132, -8.989022407687276, 6.48090663367132)
[6, 10, 7, 2, 9, 5, 6, 6, 10, 10, 5, 10, 2, 6, 8, 7, 5, 10, 1, 7, 8, 8, 4, 10, 10, 7, 2, 10, 10, 7, 9, 1]
(7.476787759718147, -44.94451999501602, -9.821468384479912, 6.4335572192610595)
[10, 9, 5, 2, 4, 5, 5, 7, 10, 10, 5, 10, 2, 6, 8, 7, 5, 10, 1, 7, 8, 8, 4, 10, 10, 7, 2, 10, 10, 7, 9, 1]
(6.58531646218388, -82.01069489804003, -9.172361046600974, 6.499909511074194)
[10, 9, 5, 2, 4, 5, 5, 7, 10, 10, 5, 10, 2, 6, 8, 7, 5, 10, 1, 7, 8, 8, 4, 10, 10, 7, 2, 10, 10, 7, 9, 1]
(6.58531646218388, -82.01069489804003, -9.172361046600974, 6.499909511074194)
[10, 9, 5, 2, 4, 5, 5, 7, 10, 10, 5, 10, 2, 6, 8, 7, 5, 10, 1, 7, 8, 8, 4, 10, 10, 7, 2, 10, 10, 7, 9, 1]
(6.58531646218388, -82.01069489804003, -9.172361046600974, 6.499909511074194)
[10, 9, 5, 2, 4, 5, 5, 7, 10, 10, 5, 10, 2, 6, 8, 7, 5, 10, 1, 7, 8, 8, 4, 10, 10, 7, 2, 10, 10, 7, 9, 1]
(6.58531646218388, -82.01069489804003, -9.172361046600974, 6.499909511074194)
[6, 10, 7, 2, 9, 5, 2, 6, 10, 10, 7, 10, 8, 6, 4, 7, 5, 10, 1, 7, 9, 8, 4, 10, 8, 7, 2, 10, 10, 7, 9, 1]
(2.0909979127864062, -21.067273201306335, -1.2934748977714716, 6.501011176293631)
[6, 10, 7, 2, 9, 5, 2, 6, 10, 10, 7, 10, 8, 6, 4, 7, 5, 10, 1, 7, 9, 8, 4, 10, 8, 7, 2, 10, 10, 7, 9, 1]
(2.0909979127864062, -21.067273201306335, -1.2934748977714716, 6.501011176293631)
[6, 10, 7, 2, 9, 5, 2, 6, 10, 10, 7, 10, 8, 6, 4, 7, 5, 10, 1, 7, 9, 8, 4, 10, 8, 7, 2, 10, 10, 7, 9, 1]
(2.0909979127864062, -21.067273201306335, -1.2934748977714716, 6.501011176293631)
[6, 10, 7, 2, 9, 5, 6, 6, 10, 10, 3, 10, 2, 6, 8, 7, 5, 10, 1, 7, 8, 8, 4, 10, 8, 7, 6, 10, 10, 7, 9, 1]
(-0.7046483928832465, -94.81046744336062, -7.38180212011584, 6.49623817982668)
[1, 10, 1, 2, 8, 5, 5, 3, 10, 10, 5, 9, 8, 8, 9, 6, 4, 9, 1, 2, 8, 8, 5, 9, 10, 7, 2, 10, 2, 1, 1, 2]
(0.054762130386905014, 5.887266526218205, 1.0622684799287394, 6.712560147275763)
[1, 10, 1, 2, 8, 5, 5, 3, 10, 10, 5, 9, 8, 8, 9, 6, 4, 9, 1, 2, 8, 8, 5, 9, 10, 7, 2, 10, 2, 1, 1, 2]
(0.054762130386905014, 5.887266526218205, 1.0622684799287394, 6.712560147275763)
[6, 7, 2, 2, 8, 1, 8, 5, 10, 10, 5, 6, 8, 6, 8, 7, 8, 3, 1, 2, 8, 8, 5, 7, 5, 3, 6, 10, 2, 1, 1, 2]
(-4.191082651569058, -0.45030416752645974, 6.462539202779998, 6.850690352229914)
[6, 7, 2, 2, 8, 1, 8, 5, 10, 10, 5, 6, 8, 6, 8, 7, 8, 3, 1, 2, 8, 8, 5, 7, 5, 3, 6, 10, 2, 1, 1, 2]
(-4.191082651569058, -0.45030416752645974, 6.462539202779998, 6.850690352229914)
[6, 7, 2, 2, 8, 1, 8, 5, 10, 10, 5, 6, 8, 6, 8, 7, 8, 3, 1, 2, 8, 8, 5, 7, 5, 3, 6, 10, 2, 1, 1, 2]
(-4.191082651569058, -0.45030416752645974, 6.462539202779998, 6.850690352229914)
[6, 7, 2, 2, 8, 1, 8, 5, 10, 10, 5, 6, 8, 6, 8, 7, 8, 3, 1, 2, 8, 8, 5, 7, 5, 3, 6, 10, 2, 1, 1, 2]
(-4.191082651569058, -0.45030416752645974, 6.462539202779998, 6.850690352229914)
[6, 7, 2, 2, 8, 6, 8, 5, 10, 10, 3, 9, 8, 6, 8, 7, 8, 5, 1, 2, 8, 8, 5, 7, 5, 2, 1, 9, 2, 1, 1, 2]
(-2.9381925822614106, 4.8064852749058105, 4.131881903301112, 6.972261134637165)
[6, 7, 2, 2, 8, 6, 8, 5, 10, 10, 3, 9, 8, 6, 8, 7, 8, 5, 1, 2, 8, 8, 5, 7, 5, 2, 1, 9, 2, 1, 1, 2]
(-2.9381925822614106, 4.8064852749058105, 4.131881903301112, 6.972261134637165)
[6, 7, 2, 2, 8, 6, 8, 5, 10, 10, 3, 9, 8, 6, 8, 7, 8, 5, 1, 2, 8, 8, 5, 7, 5, 2, 1, 9, 2, 1, 1, 2]
(-2.9381925822614106, 4.8064852749058105, 4.131881903301112, 6.972261134637165)
[6, 7, 2, 8, 8, 6, 8, 5, 10, 10, 3, 9, 8, 6, 6, 7, 8, 5, 1, 2, 8, 8, 5, 7, 5, 2, 1, 9, 2, 1, 1, 2]
(0.03961877812671162, 0.3446904830518017, -0.001894925352694856, 7.143541113491789)
[6, 7, 2, 8, 8, 6, 8, 5, 10, 10, 3, 9, 8, 6, 6, 7, 8, 5, 1, 2, 8, 8, 5, 7, 5, 2, 1, 9, 2, 1, 1, 2]
(0.03961877812671162, 0.3446904830518017, -0.001894925352694856, 7.143541113491789)
[5, 10, 7, 2, 10, 5, 6, 3, 10, 10, 4, 7, 7, 6, 2, 7, 7, 6, 1, 2, 8, 8, 5, 10, 4, 7, 4, 7, 2, 1, 1, 1]
(-1.2852412132626798, 5.571258176811737, 1.7215581934749997, 7.416111692035689)
[5, 10, 7, 2, 10, 5, 6, 3, 10, 10, 4, 7, 7, 6, 2, 7, 7, 6, 1, 6, 8, 8, 5, 10, 4, 7, 4, 7, 2, 1, 1, 1]
(-1.0528096831520088, 5.152244978434127, 1.533324565729518, 7.418369728918269)
[5, 10, 7, 2, 10, 5, 6, 3, 10, 10, 4, 7, 7, 6, 2, 7, 7, 6, 1, 6, 8, 8, 5, 10, 4, 7, 4, 7, 2, 1, 1, 1]
(-1.0528096831520088, 5.152244978434127, 1.533324565729518, 7.418369728918269)
[5, 10, 7, 2, 10, 5, 6, 3, 10, 10, 4, 7, 7, 6, 2, 7, 7, 6, 1, 6, 8, 8, 5, 10, 4, 7, 4, 7, 2, 1, 1, 1]
(-1.0528096831520088, 5.152244978434127, 1.533324565729518, 7.418369728918269)
[10, 10, 3, 7, 4, 5, 5, 3, 9, 10, 2, 10, 6, 6, 8, 6, 4, 3, 1, 10, 8, 8, 4, 10, 8, 7, 6, 7, 1, 1, 1, 1]
(0.03616519136737395, 0.3382441994448284, 0.001088254432120509, 7.47985918746266)
[10, 10, 3, 7, 4, 5, 5, 3, 10, 10, 5, 7, 8, 4, 8, 5, 8, 3, 1, 2, 4, 8, 5, 7, 5, 7, 4, 7, 1, 1, 1, 1]
(0.036433591960292236, 0.3497988740616551, 0.0009822562259187313, 7.486001524609194)
[10, 10, 3, 7, 4, 5, 5, 3, 10, 10, 5, 7, 8, 4, 8, 5, 8, 3, 1, 2, 4, 8, 5, 7, 5, 7, 4, 7, 1, 1, 1, 1]
(0.036433591960292236, 0.3497988740616551, 0.0009822562259187313, 7.486001524609194)
[10, 10, 3, 7, 4, 5, 5, 3, 10, 10, 2, 10, 6, 6, 8, 6, 4, 3, 1, 5, 8, 8, 5, 6, 5, 7, 4, 7, 1, 1, 1, 1]
(0.035389853615015454, 0.3446213310339676, 9.971711300775067e-05, 7.488509190551867)
