gen	evals	std                                          	min                                              	avg                                                          	max                                          
0  	168  	[0.43977682 0.83813321 0.14387607 1.12570282]	[-1.03076652 -7.5188313  -1.36256939  0.02677054]	[5.40738355e-02 1.21422715e-01 3.04770275e-04 1.52836536e+00]	[1.30801598 3.3819717  0.86538992 6.9515895 ]
1  	168  	[0.37182183 1.03600779 0.15711102 1.36848925]	[-1.03076652 -7.5188313  -1.36256939 -0.03209219]	[0.25672944 0.273894   0.00874384 1.98052295]                	[1.30801598 3.3819717  0.86538992 6.9515895 ]
2  	168  	[0.35860044 1.15258927 0.20792041 1.53552005]	[-1.03076652 -7.5188313  -1.36256939  0.26990926]	[0.2835335  0.43152031 0.03064474 2.53224642]                	[1.30801598 5.32951943 1.49692964 6.95200041]
3  	168  	[0.34965788 1.44090949 0.26011525 1.89408278]	[-1.03076652 -7.5188313  -1.36256939  0.74431386]	[0.2276055  0.65798101 0.03364529 3.53258713]                	[1.30801598 5.32951943 1.49692964 6.95200041]
4  	168  	[0.43698639 1.93642546 0.34771127 1.88822854]	[-1.18199591 -7.5188313  -1.36256939  0.93355313]	[0.16643007 0.61931129 0.04157122 3.48735535]                	[1.30801598 5.32951943 1.49692964 6.95725494]
5  	168  	[0.47187665 2.48550627 0.43044984 1.88375418]	[ -0.95590305 -10.47370363  -1.36256939   0.93355313]	[ 0.20101947  0.22815425 -0.0048873   3.71661673]            	[1.38211135 5.32951943 1.49692964 6.95725494]
6  	168  	[0.4683661  2.41237971 0.46179114 1.71853394]	[ -0.91231577 -10.47370363  -1.13529843   1.38210344]	[0.21150499 0.73296532 0.09282018 3.61063943]                	[1.38211135 5.32951943 1.49692964 6.95200194]
7  	168  	[0.51522961 2.44361262 0.51308704 1.66220101]	[ -1.47201009 -11.4518627   -1.5803508    1.65315604]	[0.18254676 0.96724039 0.14982842 3.61664229]                	[1.85924673 5.9067679  1.86382264 6.97697049]
8  	168  	[0.5109208  2.2793554  0.5037166  1.58802247]	[ -2.18678806 -11.4518627   -1.5803508    1.6846933 ]	[0.15916717 0.89921281 0.08811625 4.23804114]                	[1.85924673 6.07631736 2.50440725 6.97697049]
9  	168  	[0.76192793 3.83745977 0.75355179 1.61242299]	[ -2.18678806 -11.4518627   -1.5803508    1.1306329 ]	[0.25526193 0.38320107 0.12285264 3.44297708]                	[1.87986866 6.20178612 2.60910194 6.95306807]
10 	168  	[0.95170453 4.49374194 0.94702848 1.62854682]	[ -2.18678806 -11.74153417  -2.84618229   0.96147757]	[ 0.28428077 -0.10836947  0.07456045  3.65572314]            	[3.06996502 6.20178612 2.60910194 6.95306807]
11 	168  	[1.04356548 4.54977938 1.0279324  1.61578397]	[ -2.18678806 -11.74153417  -2.84497879   0.96147757]	[ 0.39858409 -0.31027458 -0.03971528  3.61442364]            	[3.09739532 6.1596254  2.57242561 6.95306807]
12 	168  	[1.19554035 5.68274087 1.18340435 1.57039794]	[ -2.37731885 -16.8593893   -2.84497879   0.96147757]	[ 0.57398919 -1.47863178 -0.08555624  3.31043899]            	[3.09739532 6.20284318 3.10645765 6.95306807]
13 	168  	[1.26207522 5.49930431 1.19737326 1.62784005]	[ -2.37731885 -16.8593893   -2.84497879   1.56327897]	[ 0.39523829 -0.24879023  0.1679422   3.44195611]            	[3.09739532 6.20284318 3.10645765 6.95306807]
14 	168  	[1.37364607 5.77880171 1.28820153 1.57130939]	[ -2.37731885 -16.69127207  -2.84497879   1.29072944]	[ 0.6972438  -0.82194138  0.01573728  3.43900351]            	[3.09739532 6.20284318 3.10645765 6.95447501]
15 	168  	[1.4371001  4.8801449  1.2934088  1.77598384]	[ -2.54765993 -23.07556693  -2.84497879   1.26229443]	[0.4727305  0.54061747 0.27419145 3.60647729]                	[4.28674564 6.20284318 3.10645765 6.95447501]
16 	168  	[1.49633768 5.44507885 1.24218455 1.66776395]	[ -2.56018971 -23.07556693  -2.84497879   1.26229443]	[0.592759   0.04629306 0.22267286 3.58088942]                	[4.28674564 6.21583601 3.38592048 6.9512345 ]
17 	168  	[1.49477605 6.12192525 1.34897426 1.55869715]	[ -2.56018971 -23.07556693  -4.27548964   1.29072944]	[ 9.32449432e-01 -1.37718790e+00 -2.57741061e-03  3.62218510e+00]	[4.33736332 6.23901401 3.60016058 6.95085743]
18 	168  	[1.58529251 5.44022364 1.48525558 1.61438589]	[ -2.99579618 -24.12843729  -5.33701581   1.29072944]	[ 0.77742499 -0.81009066  0.0963376   3.86098116]                	[4.85945276 6.23901401 3.60016058 6.95085743]
19 	168  	[1.6857796  5.90738652 1.32165739 1.60514854]	[ -2.69407114 -21.37055422  -2.82459789   1.29072944]	[ 1.10508584 -1.63844976  0.18013668  3.80556529]                	[4.85945276 6.23901401 3.70729597 6.94770452]
20 	168  	[1.71215964 6.04442584 1.13309454 1.67394943]	[ -2.69407114 -27.29471591  -2.82459789   1.29072944]	[ 0.9611524  -0.99348809  0.44744781  3.99749301]                	[4.85945276 6.23901401 3.70729597 6.94770452]
21 	168  	[1.75271751 7.19031112 1.28566747 1.61597686]	[ -2.69407114 -27.29471591  -2.82459789   1.36319022]	[ 1.05262527 -1.77808885  0.5403905   4.10872713]                	[4.85945276 6.23901401 3.70729597 6.94770452]
22 	168  	[1.96685043 7.98567952 1.39164085 1.56105728]	[ -3.00489311 -35.20024228  -4.29664762   1.51336429]	[ 1.44645178 -3.00367844  0.58254145  4.1120303 ]                	[5.22451127 6.23901401 3.72481364 6.94831297]
23 	168  	[2.08094536 8.2894782  1.49563226 1.6183818 ]	[ -3.00489311 -35.20024228  -4.29664762   1.51336429]	[ 1.51812601 -2.47420707  0.58587048  4.23507867]                	[5.62474046 6.23901401 3.72481364 6.94770452]
24 	168  	[2.06559382 8.68196506 1.45608275 1.57914525]	[ -3.00489311 -35.20024228  -4.29664762   1.05050878]	[ 2.22299681 -3.52596535  0.64858827  4.27233935]                	[6.41136115 6.23901401 3.72481364 6.94770452]
25 	168  	[2.25709433 8.129778   1.62848669 1.62787942]	[ -3.00489311 -35.20024228  -8.98333882   1.05050878]	[ 1.94383007 -2.15228127  0.72703327  4.37310779]                	[6.41136115 6.23901401 3.72481364 6.94770452]
26 	168  	[2.23923444 9.15354661 1.56869898 1.52863825]	[ -3.00489311 -41.77787454  -3.24287263   1.51336429]	[ 2.22276338 -2.27189129  0.82041262  4.57299008]                	[6.41136115 6.23901401 3.84494066 6.95157023]
27 	168  	[ 2.30933437 10.11440356  1.66928949  1.54775501]	[ -3.00489311 -59.22691568  -3.67363823   1.51336429]	[ 2.29836776 -2.53175693  0.80213157  4.56992169]                	[6.94021931 6.23901401 3.84494066 6.95157023]
28 	168  	[2.42389943 9.5448063  1.77150327 1.4909646 ]    	[ -3.18587274 -41.77787454  -3.0817608    1.51336429]	[ 2.48582061 -2.76667197  0.90484741  4.68979481]                	[6.94021931 6.23901401 3.94964201 6.95157023]
29 	168  	[2.46328012 9.96216082 1.80506143 1.38986487]    	[ -3.21661934 -41.77787454  -3.0817608    1.51336429]	[ 2.49421974 -2.99528725  0.94109687  4.84319967]                	[6.94021931 6.23901401 4.56657113 6.95157023]
30 	168  	[2.44580381 9.85851429 1.86854085 1.29784664]    	[ -3.21929754 -41.77787454  -3.94000862   1.51336429]	[ 2.36414844 -2.96073983  0.82501722  5.08643517]                	[6.94021931 6.23901401 4.95543485 6.95157023]
31 	168  	[ 2.3601075  10.96546154  2.04387311  1.32874911]	[ -2.61795267 -41.77787454  -3.94000862   1.51336429]	[ 2.82084409 -2.45137248  1.04382057  4.78106331]                	[6.94021931 6.23037208 5.27545651 6.94925674]
32 	168  	[ 2.3764174  11.16270876  2.10649281  1.35745085]	[ -2.62813927 -41.77787454  -6.47288548   1.51336429]	[ 3.00422201 -2.41039925  1.12630358  4.7302863 ]                	[6.94021931 6.23037208 5.27545651 6.94925674]
33 	168  	[ 2.43790172 12.5315835   2.23896871  1.24968374]	[ -2.61795267 -40.48037147  -6.47288548   2.36346336]	[ 3.15777665 -3.92532454  1.3331132   4.86727737]                	[6.94021931 6.23037208 5.27545651 6.94925674]
34 	168  	[ 2.41718249 12.36772902  2.31872534  1.21662099]	[ -2.61795267 -40.60679096  -6.47288548   2.36346336]	[ 3.21067654 -4.34956062  1.29994718  4.92189553]                	[6.94021931 6.23037208 5.63997636 6.94925674]
35 	168  	[ 2.53833391 12.1963225   2.32532265  1.17708821]	[ -2.61795267 -43.15239528  -6.47288548   2.39074467]	[ 2.97850253 -3.27281593  1.31768301  5.05847829]                	[8.24360617 6.2328823  5.63997636 6.94925674]
36 	168  	[ 2.32806376 12.33893981  2.39947709  1.20802279]	[ -2.61795267 -43.15239528  -7.10454654   2.46019208]	[ 3.60568363 -4.82855879  1.12391823  4.87832625]                	[8.24360617 6.22911126 5.63997636 6.94844215]
37 	168  	[ 2.47482634 14.00634239  2.68924357  1.1625312 ]	[ -2.61137292 -64.81775144 -10.00564753   2.46019208]	[ 3.55479567 -6.20493699  1.03917685  5.00910185]                	[8.24360617 6.22911126 5.63997636 6.94852524]
38 	168  	[ 2.65491512 13.97397309  2.86918548  1.11473538]	[ -2.61137292 -64.81775144 -10.00564753   2.46019208]	[ 3.3907334  -7.19332952  0.81712694  5.17876654]                	[8.24360617 6.22911126 6.4336741  6.94902056]
39 	168  	[ 2.62640741 13.74281154  2.97911645  1.10846853]	[ -2.81693702 -64.81775144 -10.00564753   2.21195499]	[ 3.56971938 -6.99858911  0.82900757  5.17875778]                	[8.24360617 6.10145684 7.06086003 6.96385777]
40 	168  	[ 2.66311463 14.60470573  3.06595188  1.15928322]	[ -2.81693702 -64.81775144 -10.00564753   2.46019208]	[ 3.70989727 -8.35879727  0.83272884  5.07608768]                	[8.24360617 6.12238042 7.06086003 6.96385777]
41 	168  	[ 2.64114011 14.91908591  2.81270628  1.14670677]	[ -2.81693702 -64.81775144 -10.00564753   2.46019208]	[ 3.71931303 -7.39261626  1.26733504  4.99661479]                	[8.24360617 6.14105084 7.06086003 6.96385777]
42 	168  	[ 2.44993817 14.83272254  2.83688568  1.11833115]	[ -2.81693702 -64.81775144 -10.00564753   2.46019208]	[ 4.04632778 -8.74066334  1.16413119  4.95728098]                	[8.24360617 6.10145684 7.06086003 6.94907244]
43 	168  	[ 2.5034532  13.40802852  2.74849714  1.136403  ]	[ -2.81693702 -43.12723876  -6.36701679   2.46019208]	[ 3.86522586 -7.56465032  1.47635027  4.97957613]                	[8.24360617 6.10145684 7.06086003 6.94740434]
44 	168  	[ 2.34358559 13.36087822  2.87496631  1.12907271]	[ -2.81693702 -43.12723876  -9.5738611    2.46019208]	[ 3.85715235 -7.30769571  1.40175477  5.02880675]                	[8.24360617 6.10145684 7.06086003 6.94740434]
45 	168  	[ 2.43444157 13.37876732  2.74766189  1.05045289]	[ -2.81693702 -43.12723876  -6.36701679   2.46019208]	[ 3.6991704  -6.68129243  1.73513087  5.08795806]                	[8.24360617 6.1150607  7.06086003 6.94740434]
46 	168  	[ 2.51930053 12.59888234  2.71163051  1.19590932]	[ -2.81693702 -48.00774385  -6.36701679   2.17081862]	[ 3.61336399 -5.79311011  1.76912544  5.02880745]                	[8.24360617 6.14410849 7.06086003 6.94740434]
47 	168  	[ 2.75081049 13.50045406  2.7986619   1.1992413 ]	[ -2.81693702 -42.77739559  -6.36701679   2.17081862]	[ 3.50778938 -5.92484957  1.58820288  5.04696865]                	[8.24360617 6.14410849 7.06086003 6.94750562]
48 	168  	[ 2.67600713 13.21520899  2.82404249  1.16106129]	[ -2.81693702 -42.77739559  -6.36701679   2.17081862]	[ 3.75650501 -5.42609042  1.82788894  4.91100217]                	[8.24360617 6.14410849 7.06086003 6.94750562]
49 	168  	[ 2.8337608  14.15247264  2.91003076  1.19622572]	[ -2.81693702 -65.70917682  -5.22679056   1.28300212]	[ 3.7359408  -6.5891097   1.64431451  4.97610993]                	[8.24360617 6.22215261 7.06086003 6.94750562]
50 	168  	[ 2.91553615 14.19200377  2.8777982   1.26539446]	[ -2.79103467 -56.49701655  -4.89748154   1.28300212]	[ 3.82073455 -6.89489475  1.72775087  4.85626622]                	[8.24360617 6.22215261 7.06086003 6.94750562]
51 	168  	[ 2.85778547 15.01843756  2.82581349  1.23499528]	[ -2.79103467 -56.49701655  -4.89748154   1.28300212]	[ 3.84201055 -7.1216967   1.90225845  4.89864941]                	[8.52736987 6.22215261 7.06086003 6.94750562]
52 	168  	[ 2.89668408 15.65010858  2.93291779  1.21788413]	[ -2.56595549 -68.88477554  -7.99645469   1.28300212]	[ 4.12007286 -8.82850827  1.71821313  4.84264537]                	[8.52736987 6.22215261 7.06086003 6.94750562]
53 	168  	[ 2.87284724 15.79714787  3.04137038  1.23979465]	[ -2.56595549 -68.88477554  -7.99645469   0.17272857]	[ 4.17070334 -9.05877282  1.60300404  4.89975936]                	[8.52736987 6.03024457 7.06086003 6.94751927]
54 	168  	[ 2.9521087  14.19891478  3.02570372  1.25834557]	[ -2.66985993 -68.88477554  -7.99645469   0.17272857]	[ 3.88503216 -6.6956993   1.89221546  4.96550124]                	[8.52736987 6.03024457 7.06086003 6.94751927]
55 	168  	[ 2.97108648 14.41140791  3.1297001   1.17831021]	[ -3.68722095 -68.88477554  -7.99645469   2.97624997]	[ 3.93767438 -6.9480959   2.05888914  4.95597942]                	[8.52736987 6.03024457 7.1881222  6.94751927]
56 	168  	[ 3.03656793 14.94636186  3.17940278  1.17659818]	[ -3.68722095 -68.88477554  -7.99645469   2.27609967]	[ 3.87061005 -7.49917274  2.03713247  4.99513817]                	[8.52736987 6.18624291 7.1881222  6.94754357]
57 	168  	[ 3.10583444 14.68478128  3.16156323  1.18598811]	[ -3.68722095 -68.88477554  -7.99645469   2.27609967]	[ 3.87469176 -7.79302389  2.18468055  4.95282192]                	[8.52736987 6.18624291 7.1881222  6.94754357]
58 	168  	[ 3.12031406 13.8030156   3.06991682  1.18484141]	[ -3.68722095 -68.88477554  -4.89748154   2.27609967]	[ 3.73513129 -6.49386395  2.45146247  4.90179891]                	[8.52736987 6.19552138 7.63911942 6.94754357]
59 	168  	[ 3.12350219 15.50869     3.33101349  1.19958907]	[ -3.68722095 -68.88477554  -7.7348958    1.78738083]	[ 3.686772   -7.17773862  2.26523887  4.93771992]                	[8.52736987 6.13518493 7.63911942 6.94754357]
60 	168  	[ 3.09598823 14.8204673   3.36871979  1.20720002]	[ -3.68722095 -68.88477554  -7.7348958    1.60206344]	[ 3.75834155 -7.15472153  2.1312729   4.90296298]                	[8.57768748 5.99240037 7.63911942 6.94575536]
61 	168  	[ 3.03085118 14.94538525  3.35517083  1.21226755]	[ -3.68722095 -68.88477554  -7.7348958    1.60206344]	[ 3.71848794 -7.06905394  2.17641459  4.94812297]                	[8.57768748 5.99240037 7.63911942 6.94575536]
62 	168  	[ 3.06498551 15.1728052   3.34258311  1.20192045]	[ -3.68722095 -68.88477554  -7.7348958    1.58041848]	[ 3.85559745 -7.51075292  2.26611296  4.91770928]                	[8.57768748 6.09427136 7.63911942 6.9489249 ]
63 	168  	[ 3.11601643 14.98999552  3.44825031  1.19649305]	[ -4.67359797 -68.88477554  -7.7348958    1.58041848]	[ 3.69994122 -7.42217247  2.22085692  4.93999137]                	[8.57768748 6.12041253 7.63911942 6.9489249 ]
64 	168  	[ 3.12680387 15.63542838  3.45886553  1.14308615]	[ -4.67359797 -57.56676527  -7.7348958    1.58041848]	[ 3.66932637 -8.35656489  2.30382384  5.01323353]                	[8.62485609 6.12041253 7.8739116  6.94901892]
65 	168  	[ 3.0166192  15.56660693  3.24202573  1.17708607]	[ -4.67359797 -57.56676527  -7.7348958    1.58041848]	[ 3.47631773 -7.54479287  2.5470583   5.0300254 ]                	[8.62485609 6.12041253 7.8739116  6.95098467]
66 	168  	[ 3.03072651 16.25644179  3.26959863  1.12599781]	[ -3.68722095 -57.56676527  -7.7348958    1.58041848]	[ 3.60086689 -8.23072241  2.64899626  5.03222966]                	[8.62485609 6.09427136 7.8739116  6.95098467]
67 	168  	[ 3.16997063 15.67315164  3.27011415  1.0835444 ]	[ -3.68722095 -57.56676527  -7.7348958    2.97624997]	[ 3.35315346 -7.75050592  2.94281778  5.08653048]                	[8.62485609 5.82908868 7.8739116  6.95332965]
68 	168  	[ 3.1332285  15.02706061  3.45550061  1.07806228]	[ -4.0205301  -57.56676527  -7.7348958    2.97624997]	[ 3.30333526 -7.86979443  2.865751    5.1184587 ]                	[8.62485609 5.85063145 7.8739116  6.95332965]
69 	168  	[ 3.32242958 17.74763702  3.54234994  1.07592943]	[ -7.23792573 -64.48589958  -7.7348958    2.6057672 ]	[  3.41277747 -10.79631774   2.63362986   5.13962607]            	[8.62485609 5.85063145 9.71439537 6.95098467]
70 	168  	[ 3.34131637 17.98441848  3.6730558   1.09258994]	[ -7.23792573 -64.48589958  -7.7348958    2.6057672 ]	[  3.47716674 -11.4023332    2.60316099   5.07055897]            	[8.62485609 5.85063145 9.71439537 6.95098467]
71 	168  	[ 3.33778624 18.57521762  3.57186314  1.18924766]	[ -7.23792573 -65.29049698  -7.7348958    0.69246527]	[  3.2428242  -11.03921168   2.88303977   5.03090723]            	[8.62485609 6.19493639 9.71439537 6.94980335]
72 	168  	[ 3.22562687 18.40905983  3.61693125  1.19148212]	[ -6.9186018  -65.29049698  -7.7348958    0.69246527]	[  3.29679331 -10.90130008   2.86101398   5.03353367]            	[8.62485609 6.19493639 9.65808003 6.94980335]
73 	168  	[ 3.51779326 18.64237759  3.69743806  1.23160491]	[ -9.62410219 -65.29049698  -7.7348958    0.69246527]	[  3.17051722 -11.31733623   3.25960885   4.98200903]            	[ 8.62485609  6.0001782  10.58592404  6.94980335]
74 	168  	[ 3.85442175 18.3500633   3.74386065  1.23113598]	[ -9.62410219 -73.67396975  -7.7348958    0.69246527]	[  2.87037691 -10.66463199   3.40133057   5.02050993]            	[ 8.62485609  5.93424202 10.58592404  6.94980335]
75 	168  	[ 4.27469457 21.05166587  4.03938184  1.22772159]	[ -12.90051679 -125.17372571   -7.7348958     0.69246527]	[  3.05820333 -13.60724167   2.61994864   5.06826072]            	[ 8.62485609  5.82360317 11.86530306  6.94980335]
76 	168  	[ 4.34997368 22.0137942   4.23829195  1.14886259]	[ -12.90051679 -125.17372571   -7.7348958     0.76439317]	[  2.94864342 -14.8975014    2.98370032   5.08823234]            	[ 8.62485609  5.82360317 11.86530306  6.94980335]
77 	168  	[ 4.44490421 22.35693675  4.31871614  1.23974231]	[ -12.90051679 -125.17372571   -7.7348958     0.76439317]	[  2.95935424 -15.61283441   2.8800444    5.02971506]            	[ 8.62485609  6.19795082 11.86530306  6.94958939]
78 	168  	[ 4.48858946 22.54550539  4.42355414  1.23485127]	[ -12.90051679 -125.17372571   -7.7348958     0.76439317]	[  3.04312751 -16.66680169   2.67701943   5.03395814]            	[ 8.62485609  6.19795082 11.86530306  6.94958939]
79 	168  	[ 4.52057791 22.25961115  4.0558602   1.28224457]	[ -12.90051679 -125.17372571   -8.62387269    0.76439317]	[  3.09935509 -16.8684116    2.78732362   5.00107301]            	[ 9.19189025  6.19795082 11.86530306  6.94958939]
80 	168  	[ 4.15911331 22.30496937  4.00618462  1.12003036]	[ -12.90051679 -125.17372571   -7.7348958     1.23081311]	[  3.22491224 -17.09748755   2.72902218   5.02586031]            	[ 8.62485609  6.19795082 11.86530306  6.95580904]
81 	168  	[ 4.11777621 23.09262984  4.08352047  1.0394591 ]	[ -12.90051679 -125.17372571   -7.7348958     2.35585607]	[  3.08972821 -16.82941173   2.67970461   5.09842868]            	[ 8.62485609  5.97834599 11.86530306  6.95580904]
82 	168  	[ 4.24003719 22.65441967  4.11097198  1.08314632]	[ -12.90051679 -125.17372571   -7.7348958     1.64192925]	[  3.24252193 -16.95922525   2.51857056   5.04468946]            	[ 8.62485609  6.08127933 11.86530306  6.95580904]
83 	168  	[ 4.60757777 23.26459763  4.21217327  1.06389518]	[ -12.90051679 -125.17372571   -7.7348958     1.64192925]	[  3.02433599 -16.82776794   2.36116576   5.10353946]            	[ 8.62485609  6.08127933 11.86530306  6.95580904]
84 	168  	[ 4.56040866 22.86902812  4.08654232  1.08937129]	[ -12.90051679 -125.17372571   -7.7348958     1.64192925]	[  3.09092544 -16.17713756   2.27642831   5.11764114]            	[ 8.62485609  6.08127933 11.86530306  6.95581124]
85 	168  	[ 4.586312   22.96097805  4.10626405  1.12731708]	[ -12.90051679 -125.17372571   -7.7348958     1.64192925]	[  2.82878522 -16.22860918   2.49274244   5.07389666]            	[ 8.62485609  6.08127933 11.86530306  6.95581124]
86 	168  	[ 4.67108034 22.50546442  4.18551891  1.11403946]	[ -12.90051679 -125.17372571   -7.7348958     1.64192925]	[  2.81911189 -15.97626698   2.36677101   5.07691521]            	[ 8.62485609  6.08127933 11.86530306  6.95581124]
87 	168  	[ 4.80812936 22.69404477  4.24477937  1.15343774]	[ -12.90051679 -125.17372571   -6.85196616    1.64192925]	[  2.5898964  -15.64388027   2.76681902   5.00386822]            	[ 8.62485609  6.08127933 11.86530306  6.95358341]
88 	168  	[ 4.70106405 22.50564436  4.23883435  1.08518095]	[ -12.90051679 -125.17372571   -6.85196616    1.64192925]	[  2.753466   -15.67798357   2.78809182   5.02843311]            	[ 8.62485609  6.08127933 11.86530306  6.95358341]
89 	168  	[ 4.75896872 23.33310885  4.09348865  1.07436236]	[ -12.90051679 -125.17372571   -6.85196616    2.5686637 ]	[  2.61034116 -16.17757478   2.9775914    5.05616681]            	[ 9.04312812  5.97834599 11.86530306  6.95358341]
90 	168  	[ 4.83274166 23.09036231  4.15690974  1.10924675]	[ -12.90051679 -125.17372571   -6.85196616    1.82934012]	[  2.68034173 -16.64411372   2.8160062    5.07446953]            	[ 9.04312812  5.97834599 11.86530306  6.95358341]
91 	168  	[ 5.02532233 24.01109974  4.33928902  1.11472628]	[ -12.90051679 -125.17372571   -6.85196616    2.5686637 ]	[  2.54204735 -18.72977598   2.63323034   5.20409221]            	[ 9.04312812  6.01935698 11.86530306  6.9490159 ]
92 	168  	[ 5.04501676 21.99600436  4.09865702  1.10471659]	[ -12.90051679 -125.17372571   -6.85196616    2.78697624]	[  2.34013504 -15.77588785   2.99702302   5.13032628]            	[ 9.04312812  6.02746748 11.86530306  6.9490159 ]
93 	168  	[ 4.9577641  22.23276606  4.04489359  1.12734156]	[ -12.90051679 -125.17372571   -6.85196616    2.59306996]	[  2.46718925 -15.81089458   2.92494181   5.14131891]            	[ 9.04312812  6.02746748 11.86530306  6.9499423 ]
94 	168  	[ 4.89497035 21.83045478  4.10902618  1.10484642]	[ -12.90051679 -125.17372571   -6.85196616    2.78697624]	[  2.28398629 -14.63926984   3.09384794   5.17124015]            	[ 9.04312812  6.08341366 11.86530306  6.94326865]
95 	168  	[ 4.95494662 21.90010436  4.1558454   1.06632292]	[ -12.90051679 -125.17372571   -6.85196616    2.78697624]	[  1.93642379 -15.06036877   3.28053599   5.21192627]            	[ 8.84813422  6.18826547 11.86530306  6.95477025]
96 	168  	[ 4.7375734  20.77392217  4.03787457  1.16689701]	[ -12.90051679 -125.17372571   -6.85196616    1.08548364]	[  2.33261994 -13.10144476   3.10120155   5.11146538]            	[ 8.84813422  6.18826547 11.86530306  6.95477025]
97 	168  	[ 4.9199077  21.30063678  4.15346845  1.10983028]	[ -12.90051679 -125.17372571   -6.85196616    2.78697624]	[  2.41033632 -14.35934973   3.06809864   5.11632567]            	[ 8.84813422  6.18826547 11.86530306  6.95477025]
98 	168  	[ 4.89839532 20.7051106   4.15160163  1.17115542]	[ -12.90051679 -125.17372571   -6.85196616    2.05531039]	[  2.11293198 -12.60240981   3.172656     5.18262693]            	[ 9.4586329   6.18826547 11.86530306  6.95312115]
99 	168  	[ 4.93278004 20.91557323  4.22162757  1.12913547]	[ -12.90051679 -125.17372571   -6.85196616    2.05531039]	[  2.11446592 -13.63664624   3.14543452   5.21946192]            	[ 9.4586329   6.18826547 11.86530306  6.94528612]
100	168  	[ 4.82543777 20.97750266  4.18518335  1.1650591 ]	[ -12.90051679 -125.17372571   -7.00925225    2.05531039]	[  2.37735497 -13.62238161   2.88050411   5.15970995]            	[ 9.4586329   6.18826547 11.86530306  6.94519768]
101	168  	[ 4.85234927 21.4962538   4.12388969  1.14895833]	[ -12.90051679 -125.17372571   -7.00925225    2.05531039]	[  2.26402318 -13.6394899    3.01346839   5.23770508]            	[ 9.4586329   6.18826547 11.86530306  6.94564661]
102	168  	[ 4.98494347 21.58391327  4.16470258  1.17662182]	[ -12.90051679 -125.17372571   -7.00925225    2.05531039]	[  2.28851876 -13.87432721   3.10891575   5.2258774 ]            	[ 9.4586329   6.18826547 11.86530306  6.94548825]
103	168  	[ 4.72997612 21.44982781  4.0514859   1.26560344]	[ -12.90051679 -125.17372571   -7.00925225    1.30152191]	[  2.58854263 -13.23729845   3.0676848    5.00789538]            	[ 9.2279544   6.23013293 13.17527312  6.94514286]
104	168  	[ 4.501306   20.88334233  3.92903811  1.2800292 ]	[ -12.90051679 -125.17372571   -7.00925225    1.30152191]	[  2.82264886 -13.47946817   3.12924135   5.02126748]            	[ 9.2279544   6.23013293 13.17527312  6.94243391]
105	168  	[ 4.43969372 21.07651539  3.90611043  1.35678477]	[ -12.90051679 -125.17372571   -7.00925225    1.29174072]	[  2.83393167 -13.82211243   2.96426974   4.9465564 ]            	[ 9.2279544   6.23013293 13.17527312  6.94023509]
106	168  	[ 4.55981795 21.49384455  3.98591699  1.3735542 ]	[ -12.90051679 -125.17372571   -7.00925225    1.29174072]	[  2.7159379  -13.87803887   3.09582039   4.93775687]            	[ 9.2279544   6.23013293 13.17527312  6.94383092]
107	168  	[ 4.60984704 22.90187025  4.13822317  1.39225954]	[ -12.90051679 -125.17372571   -7.00925225    1.30152191]	[  2.82760792 -15.1955708    2.95203497   4.91175889]            	[ 9.2279544   6.23013293 13.17527312  6.94383092]
108	168  	[ 4.66124006 23.66614437  4.30597849  1.3695177 ]	[ -12.90051679 -125.17372571   -7.00925225    1.27921833]	[  2.77431616 -15.14743168   2.77805568   5.01384185]            	[ 9.44489795  6.23013293 13.17527312  6.95007684]
109	168  	[ 4.71370058 23.74285164  4.31994985  1.35492628]	[ -12.90051679 -125.17372571   -7.00925225    1.27921833]	[  2.66310841 -15.34184842   2.78122888   5.05698422]            	[ 9.2279544   6.23013293 13.17527312  6.94383092]
110	168  	[ 4.74627071 26.0720606   4.46833933  1.3373072 ]	[ -12.90051679 -134.95594598   -7.00925225    1.30152191]	[  2.49461151 -16.59803598   2.95082562   5.08168852]            	[ 9.32320724  6.23013293 15.33545106  6.94383092]
111	168  	[ 4.64201539 26.67413088  4.47445824  1.29100869]	[ -12.90051679 -134.95594598   -7.00925225    1.30818156]	[  2.48391464 -18.22011896   2.98922053   5.08678253]            	[ 9.32320724  6.1999273  15.33545106  6.94318141]
112	168  	[ 4.88092754 28.77041601  4.70597814  1.27367274]	[ -12.90051679 -134.95594598   -7.00925225    1.30818156]	[  2.35173612 -20.62632627   3.28920484   5.06646915]            	[ 9.32320724  6.1999273  15.33545106  6.94318141]
113	168  	[ 5.28984453 34.98116949  5.03834198  1.29906866]	[ -12.90051679 -139.73324406   -7.07458525    1.30818156]	[  2.05134932 -24.65003366   3.71367273   5.01048114]            	[ 9.32320724  6.1999273  15.33545106  6.94318141]
114	168  	[ 4.98993612 34.49554125  5.09522812  1.27354027]	[  -9.91963481 -134.95594598   -7.07458525    1.30818156]	[  1.8377678  -24.38389735   3.85494295   5.08064875]            	[ 9.32320724  6.1999273  15.33545106  6.93252422]
115	168  	[ 4.76867346 33.01389982  4.78035345  1.31734112]	[  -9.91963481 -142.59483199   -7.07458525    1.30818156]	[  2.13972748 -22.43527419   3.71347682   5.00748716]            	[ 9.32320724  6.1999273  15.80445642  6.9325235 ]
116	168  	[ 4.77225347 34.25355827  4.7486583   1.36112908]	[  -9.91963481 -188.69651184   -7.07458525    1.26838308]	[  2.38966975 -21.87838997   3.65616029   4.97594746]            	[ 9.32320724  6.21033189 15.57746839  6.94383144]
117	168  	[ 4.82547876 34.94245004  5.01646165  1.37303887]	[  -9.91963481 -188.69651184   -8.08461193    1.09392593]	[  2.42566214 -23.00752956   3.59400418   4.91887869]            	[ 9.32320724  6.21033189 15.57746839  6.94285599]
118	168  	[ 4.91329543 35.77736206  4.9078616   1.35598357]	[  -9.91963481 -188.69651184   -8.08461193    1.09392593]	[  2.36835439 -22.02706602   3.78122876   4.95957082]            	[ 9.32320724  6.21033189 16.41413985  6.94438798]
119	168  	[ 5.02458657 36.52447383  4.94234584  1.30099997]	[  -9.91963481 -188.69651184   -8.08461193    1.09392593]	[  2.59461214 -22.58721462   3.81351099   4.95369918]            	[ 9.32320724  6.21033189 16.41413985  6.94285969]
120	168  	[ 5.10984    42.83859482  5.32232684  1.11385521]	[  -9.91963481 -188.69651184   -8.08461193    2.03068262]	[  1.9507616  -27.46646368   4.29774311   5.11201251]            	[ 9.32320724  6.24490134 16.41413985  6.9213009 ]
121	168  	[ 4.9058483  43.5301908   5.19892335  1.09947119]	[  -9.91963481 -188.69651184   -8.08461193    2.03068262]	[  2.21441644 -26.58528082   4.02415849   5.13049302]            	[ 9.32320724  6.24490134 16.41413985  6.92132183]
122	168  	[ 4.82998014 43.63091142  5.40883777  1.13835138]	[  -9.91963481 -188.69651184   -8.08461193    2.03068262]	[  2.40158571 -27.20416394   3.79292759   5.12698125]            	[ 9.32320724  6.24490134 16.41413985  6.92332357]
123	168  	[ 4.91428979 45.10265933  5.74770505  1.06047221]	[ -10.13454586 -188.69651184   -8.08461193    2.03068262]	[  2.29131976 -29.64826765   3.92826231   5.22131478]            	[ 9.64771231  6.24490134 16.41413985  6.92332357]
124	168  	[ 4.96067838 42.5056652   5.75491659  1.0420358 ]	[ -10.13454586 -188.69651184   -8.08461193    2.03068262]	[  2.58481335 -30.76947702   3.81466978   5.2197234 ]            	[10.40916561  6.08973115 16.44547413  6.95956609]
125	168  	[ 4.85608184 43.63136885  5.75347966  1.04921683]	[ -10.13454586 -181.83419068   -8.08461193    2.03068262]	[  2.60807944 -31.9392912    4.16145335   5.15865219]            	[10.40916561  6.08973115 16.44547413  6.95698923]
126	168  	[ 4.87927795 43.40506944  5.89566081  0.96832547]	[ -10.13454586 -181.83419068   -8.08461193    3.0017046 ]	[  2.59498911 -32.58013149   4.42705796   5.23532351]            	[10.47121914  6.08973115 16.44547413  6.95698892]
127	168  	[ 5.46653745 48.22249615  6.55466958  0.92890674]	[ -10.13454586 -183.98123731   -8.08461193    3.0017046 ]	[  1.94665786 -38.30461709   4.4346624    5.33264606]            	[10.47121914  6.08973115 16.56724486  6.95115923]
128	168  	[ 5.4744544 48.5978908  6.729388   0.9299631]    	[ -10.13454586 -183.98123731   -8.08461193    3.0017046 ]	[  2.02140914 -38.72782601   4.32262962   5.34538848]            	[10.47121914  5.58808812 16.56724486  6.95115923]
129	168  	[ 5.04525045 43.34808774  6.29830677  0.95389025]	[ -10.13454586 -183.98123731   -8.08461193    2.75658848]	[  2.18543102 -32.37075613   4.1042314    5.34399481]            	[10.47121914  6.01150374 16.62357972  6.95115923]
130	168  	[ 5.22962667 42.30317817  6.38064036  1.01713874]	[ -10.13454586 -183.98123731   -8.08461193    1.80976702]	[  1.92917459 -29.85491113   3.88934946   5.33595323]            	[10.47121914  6.08315272 16.62357972  6.9526211 ]
131	168  	[ 5.0358121  40.41611479  6.28676648  0.94210487]	[ -10.13454586 -183.98123731   -8.08461193    1.80976702]	[  2.04287351 -28.1940719    4.01949498   5.37727256]            	[10.47121914  6.09842555 16.56724486  6.95342677]
132	168  	[ 4.96853694 40.26867055  6.30850229  0.96847341]	[ -10.13454586 -183.98123731   -8.08461193    1.80976702]	[  2.32616799 -27.94785492   3.70081374   5.34678976]            	[10.47121914  6.15921704 16.56724486  6.95342677]
133	168  	[ 4.94402924 39.52550682  6.44025701  0.96969591]	[ -10.13454586 -144.75797051   -8.08461193    3.0017046 ]	[  2.26458851 -27.2861364    4.30128607   5.3154984 ]            	[10.47121914  6.15921704 15.85054628  6.95342677]
134	168  	[ 5.02171815 43.31967682  6.15401107  0.95796796]	[ -10.13454586 -154.42753309   -7.16944408    3.0017046 ]	[  2.12026885 -28.83816521   3.92187473   5.42040618]            	[10.27636717  6.15921704 15.85054628  6.95402388]
135	168  	[ 5.30350757 43.87373863  6.51163094  0.90253834]	[ -10.13454586 -154.42753309   -6.45699252    3.0017046 ]	[  2.37885303 -33.18672803   3.97440478   5.41601372]            	[10.6610316   6.15921704 15.85054628  6.95402388]
136	168  	[ 5.2880378  41.84183317  6.09233611  1.00402164]	[ -10.13454586 -154.42753309   -6.45699252    1.80151443]	[  2.26798155 -29.78833965   4.17828007   5.34805788]            	[10.6610316   6.20791973 15.85054628  6.95402388]
137	168  	[ 5.28253957 42.1696425   6.18683121  0.95701744]	[ -10.13454586 -154.42753309   -6.45699252    2.93590274]	[  2.23377996 -28.82476336   4.30822771   5.35389709]            	[10.6610316   6.20791973 15.85054628  6.95402388]
138	168  	[ 5.35352188 41.77636432  6.17818446  0.95532774]	[ -10.13454586 -154.42753309   -6.45699252    3.0017046 ]	[  2.69845029 -31.87010753   4.06341517   5.37571773]            	[10.6610316   6.15921704 15.85054628  6.95402388]
139	168  	[ 5.2780848  41.38517882  6.12045868  0.94700786]	[ -10.13454586 -154.42753309   -6.45699252    2.2944287 ]	[  2.40236425 -30.12977425   4.21377465   5.40956064]            	[10.6610316   5.99222914 15.85054628  6.95358697]
140	168  	[ 5.36574612 42.62843635  6.24924242  1.0987773 ]	[ -10.13454586 -154.42753309   -7.53262203    1.37905452]	[  2.53363281 -29.68141896   4.02692895   5.31212931]            	[10.6610316   6.05388452 15.85054628  6.95358697]
141	168  	[ 5.31942246 41.54963791  6.37190388  1.09113096]	[ -10.13454586 -156.17279293   -6.97251947    1.37905452]	[  2.50202263 -29.01063521   4.09075343   5.34783332]            	[10.6610316   6.11667241 15.85054628  6.95358697]
142	168  	[ 5.37184944 36.80065784  6.18847776  0.99898353]	[ -10.13454586 -156.17279293   -6.97251947    2.2944287 ]	[  2.58179894 -25.24789965   3.94484527   5.38036688]            	[10.6610316   6.13733895 15.85054628  6.94517847]
143	168  	[ 5.59883163 40.36121403  6.53201644  1.183281  ]	[-1.44347907e+01 -1.65343062e+02 -6.97251947e+00 -1.96821344e-02]	[  2.02011772 -27.71712839   4.75019441   5.28407523]            	[10.6610316   6.13733895 15.85054628  6.94517847]
144	168  	[ 6.1397407  43.12298223  6.54659146  1.09783302]	[ -15.44623545 -168.35949063   -6.97251947    1.16191658]        	[  2.00191505 -31.77477819   4.42087803   5.34534758]            	[10.6610316   5.87596792 15.85054628  6.94517847]
145	168  	[ 6.1263424  43.29163993  6.58589538  1.15331096]	[ -15.44623545 -168.35949063   -6.97251947    1.16191658]        	[  2.20550718 -30.2590281    4.16921486   5.30358712]            	[10.6610316   6.123542   15.85054628  6.94517847]
146	168  	[ 5.95378847 43.21341778  6.58333552  1.19368087]	[ -15.44623545 -168.35949063   -6.97251947    1.16191658]        	[  2.15947357 -30.33314929   4.22249153   5.27963868]            	[10.6610316   6.16124296 15.85054628  6.94223945]
147	168  	[ 6.01005287 43.01427758  6.49555948  1.27059444]	[ -15.44623545 -168.35949063   -6.97251947    0.91757818]        	[  2.22743163 -31.06535444   4.26009251   5.19313215]            	[10.6610316   6.16124296 15.85054628  6.94862892]
148	168  	[ 5.99376324 43.12543276  6.51740085  1.30711529]	[ -15.44623545 -168.35949063   -6.97251947    1.16191658]        	[  2.11493775 -30.417666     4.35423592   5.17540053]            	[10.6610316   6.23154568 15.85054628  6.94862892]
149	168  	[ 5.77610391 42.21991613  6.39461478  1.30110462]	[ -15.44623545 -168.35949063   -6.97251947    1.16191658]        	[  2.41507618 -29.86347321   3.82370454   5.22040136]            	[10.6610316   6.23154568 15.85054628  6.94862892]
150	168  	[ 5.77103876 42.20287768  6.57316239  1.28056613]	[ -15.44623545 -168.35949063   -6.97251947    1.16191658]        	[  2.25925832 -29.40873669   4.11569278   5.18983873]            	[10.6610316   6.16124296 15.85054628  6.94862892]
151	168  	[ 5.75537502 45.19672511  6.74328113  1.29172852]	[-1.76633401e+01 -1.72635281e+02 -6.97251947e+00  8.25935048e-02]	[  1.93014677 -31.52934277   4.10005013   5.27137784]            	[10.75041083  6.16124296 15.7332052   6.94862892]
152	168  	[ 5.79015008 45.36426938  6.72285212  1.23608398]	[-1.76633401e+01 -1.72635281e+02 -6.97251947e+00  8.25935048e-02]	[  2.31337624 -32.46675698   3.75658837   5.3078916 ]            	[10.75041083  6.16124296 15.7332052   6.94616701]
153	168  	[ 6.07687536 46.02092719  6.81948403  1.20109335]	[-2.21945207e+01 -2.10433354e+02 -1.21339778e+01  8.25935048e-02]	[  2.00188826 -31.80601161   4.18642762   5.29445428]            	[11.96915965  6.16124296 15.7332052   6.94616701]
154	168  	[ 6.03154851 45.53608499  6.90656725  1.15912159]	[-2.21945207e+01 -2.10433354e+02 -1.21339778e+01  8.25935048e-02]	[  2.05591071 -31.90653962   4.13924539   5.31695858]            	[11.96915965  6.16124296 15.7332052   6.94616701]
155	168  	[ 5.1011608  42.11718808  6.88605927  1.31762826]	[-1.28375786e+01 -2.10433354e+02 -1.21339778e+01  8.25935048e-02]	[  2.57144816 -30.08417507   4.32985059   5.17542518]            	[11.96915965  6.16124296 15.7332052   6.94616511]
156	168  	[ 5.84578248 44.93607598  6.83589296  1.27371184]	[-1.89868762e+01 -2.10433354e+02 -1.21339778e+01  8.25935048e-02]	[  2.0675693  -32.08115783   4.747242     5.2635218 ]            	[11.96915965  5.50348084 15.7332052   6.9462757 ]
157	168  	[ 5.89767914 46.78513961  6.66791949  1.33827329]	[-1.89868762e+01 -2.10433354e+02 -1.21339778e+01  8.25935048e-02]	[  2.37917895 -33.23751723   4.42224511   5.15317098]            	[11.96915965  5.73949756 15.7332052   6.9473313 ]
158	168  	[ 6.07148485 49.23590224  6.9317431   1.3723622 ]	[-1.89868762e+01 -2.10453350e+02 -1.44508465e+01  8.25935048e-02]	[  2.34334214 -36.99126575   4.51488144   5.05960747]            	[12.28829826  5.73949756 15.7332052   6.94235761]
159	168  	[ 6.12770417 50.07973666  7.09985659  1.31887606]	[-1.89868762e+01 -2.10453350e+02 -1.44508465e+01  8.25935048e-02]	[  2.60020527 -37.56866104   4.40359759   5.10825805]            	[12.28829826  5.50348084 15.7332052   6.94235761]
160	168  	[ 6.29259894 49.56586002  6.95144701  1.3764533 ]	[-1.89868762e+01 -2.10453350e+02 -1.44508465e+01  8.25935048e-02]	[  2.54077612 -36.64260225   4.49779186   5.0708893 ]            	[12.28829826  5.50348084 15.7332052   6.94235761]
161	168  	[ 6.3810452  49.0138286   6.76085258  1.4789475 ]	[-1.89868762e+01 -2.13178085e+02 -1.07662140e+01  8.25935048e-02]	[  2.40410438 -35.94983799   4.49300059   5.03256779]            	[11.73808034  5.56889532 15.7332052   6.94235761]
162	168  	[ 6.20872429 46.4492053   6.52259737  1.38007933]	[-1.89868762e+01 -2.13178085e+02 -1.07662140e+01  8.25935048e-02]	[  2.1438042  -33.79432225   4.9764265    5.08528394]            	[11.73808034  6.12597582 15.7332052   6.94235761]
163	168  	[ 6.04207056 46.55384817  6.63928327  1.36759239]	[-1.89868762e+01 -2.13178085e+02 -1.07662140e+01  8.25935048e-02]	[  2.40813459 -34.50638453   4.97999695   5.01087231]            	[11.73808034  6.18844049 15.7332052   6.93795533]
164	168  	[ 5.9979439  46.16709212  6.67594725  1.29437336]	[-1.33070110e+01 -2.13178085e+02 -1.07662140e+01  8.25935048e-02]	[  2.34474149 -34.51763792   4.9163756    5.09750584]            	[11.73808034  6.18844049 15.7332052   6.93894135]
165	168  	[ 5.44978043 43.65226598  6.52958294  1.30391275]	[ -13.30701098 -213.17808473  -10.76621399    0.25080398]        	[  3.01227731 -32.81494241   4.62983148   5.05616061]            	[11.73808034  5.87227409 15.7332052   6.94614516]
166	168  	[ 5.67972819 44.24839779  6.46718891  1.31520653]	[ -17.0728298  -213.17808473  -10.76621399    0.25080398]        	[  3.07496877 -34.00621466   4.71694912   5.06176795]            	[11.73808034  6.11410286 15.7332052   6.93795533]
167	168  	[ 5.46910504 42.40522693  6.58136717  1.28297225]	[ -15.01352961 -213.17808473  -10.76621399    1.27313437]        	[  3.02645755 -31.50828199   4.64222413   5.05460277]            	[11.73808034  6.11410286 15.7332052   6.93890067]
168	168  	[ 5.66448183 41.87851153  6.44406638  1.2580797 ]	[ -16.45227967 -213.17808473  -10.76621399    1.27313437]        	[  2.91461407 -30.56796094   4.74931746   5.05615165]            	[11.73808034  6.11410286 15.74688638  6.93889972]
169	168  	[ 5.46447367 40.85304175  6.35680805  1.29453163]	[ -13.30701098 -213.17808473  -10.76621399    1.27313437]        	[  3.00024557 -31.57940317   4.50142761   5.08818506]            	[11.73808034  6.11410286 15.7332052   6.93889972]
170	168  	[ 5.08629967 39.28027595  6.55099459  1.2033713 ]	[ -13.30701098 -213.17808473  -12.31192154    1.27313437]        	[  2.84294383 -30.63038222   4.90060867   5.18955563]            	[11.73808034  6.20729789 15.7332052   6.93889972]
171	168  	[ 5.33876232 41.57561489  6.65509376  1.30252171]	[ -13.30701098 -213.17808473  -13.53712778    1.27313437]        	[  2.90124963 -31.89831327   4.76995462   5.0932218 ]            	[11.73808034  5.56944811 15.7332052   6.93889972]
172	168  	[ 5.45586293 46.07089305  6.92346049  1.41476028]	[ -13.30701098 -214.73010529  -15.38302078    1.27313437]        	[  3.00819731 -31.82622571   4.01971386   5.00138689]            	[11.73808034  5.94418064 15.7332052   6.93889972]
173	168  	[ 5.83262468 49.30917597  7.05072082  1.45013057]	[ -16.16760651 -214.72910564  -13.10397866   -0.35179039]        	[  3.44505373 -34.894578     3.69630151   4.93350326]            	[11.59546065  5.7009373  15.7332052   6.94565806]
174	168  	[ 6.005919   49.52401362  6.89013043  1.40753832]	[ -16.16760651 -214.72910564  -13.37924472    0.66605007]        	[  3.08047157 -34.60998317   3.88600903   5.00992332]            	[11.97921832  5.7009373  16.75149861  6.93770498]
175	168  	[ 5.85764468 49.73771005  6.80538027  1.40472314]	[ -16.16760651 -214.72910564  -13.37924472    0.66605007]        	[  3.39484874 -34.21398318   3.746997     4.98668318]            	[11.97921832  5.95492005 16.75149861  6.93998681]
176	168  	[ 5.99727235 48.33217698  6.80271392  1.3669423 ]	[-1.61676065e+01 -2.14729106e+02 -1.33792447e+01 -6.29002761e-02]	[  3.30156631 -34.42776542   3.93323211   5.02748426]            	[11.97921832  6.06646586 16.75149861  6.94766394]
177	168  	[ 6.34738427 52.77544836  6.94945378  1.31268897]	[ -16.16760651 -212.93802379  -13.37924472    1.15314034]        	[  3.15731791 -41.58573871   3.93900777   5.10806623]            	[11.97921832  6.06646586 16.75149861  6.93770498]
178	168  	[ 6.36780934 55.61011785  7.11138603  1.31041271]	[ -16.16760651 -212.93802379  -13.37924472    1.04319956]        	[  2.62403369 -40.8351897    4.27340411   5.15377121]            	[11.97921832  6.22504082 17.17983989  6.94238301]
179	168  	[ 6.3887799  52.50130563  6.86815105  1.41153678]	[ -16.16760651 -212.93802379  -13.37924472   -0.21480004]        	[  2.49114484 -38.21162115   4.42595596   5.07884285]            	[11.97921832  6.22504082 16.75149861  6.94238301]
180	168  	[ 6.39750874 52.60318727  6.89767047  1.39451517]	[ -16.16760651 -212.93802379  -13.37924472   -0.21480004]        	[  2.56019782 -39.02989756   4.32590575   5.11124471]            	[11.97921832  6.22504082 16.75149861  6.94238301]
181	168  	[ 6.25037662 53.74639499  7.04330195  1.45866144]	[ -16.16760651 -212.93802379  -13.37924472   -0.21480004]        	[  1.99302412 -35.95143882   4.58988327   5.13775226]            	[11.97921832  6.22504082 17.08110617  6.94291478]
182	168  	[ 6.05575538 52.45347631  7.0556933   1.49283821]	[ -16.16760651 -212.93802379  -13.37924472   -0.21480004]        	[  1.91637811 -35.42615743   4.50908448   5.1001349 ]            	[11.97921832  6.22504082 17.16836081  6.94291478]
183	168  	[ 6.02862545 51.64756494  7.08141897  1.43927738]	[ -16.16760651 -212.93802379  -13.37924472   -0.21480004]        	[  2.27461736 -35.63674159   4.51789496   5.0616582 ]            	[11.97921832  6.22504082 17.16836081  6.94508203]
184	168  	[ 6.10149804 50.54685966  6.88783734  1.44196956]	[ -16.16760651 -212.93802379  -13.37924472   -0.21480004]        	[  2.20159628 -35.89001163   4.55808958   5.08106132]            	[11.97921832  6.22504082 16.75149861  6.94318649]
185	168  	[ 6.23146281 50.70647342  6.82204606  1.42637311]	[ -14.51998929 -212.93802379  -13.37924472    0.39795904]        	[  2.17402704 -35.81736943   4.81071742   5.05355868]            	[11.97921832  6.22504082 16.75149861  6.91678564]
186	168  	[ 6.15275012 50.77089765  6.82327658  1.39962955]	[ -14.51998929 -212.93802379  -13.37924472    0.39795904]        	[  2.41654072 -36.44733048   4.70503401   5.08168614]            	[11.97921832  6.22504082 16.75149861  6.91678564]
187	168  	[ 6.09662093 51.48831264  6.93241678  1.31438433]	[ -14.51998929 -204.76970509  -11.96734619    0.39795904]        	[  2.41813034 -38.25124753   4.75388491   5.14070711]            	[11.96631955  6.24422922 16.75149861  6.91678564]
188	168  	[ 5.97723413 50.49380035  6.9688266   1.254201  ]	[ -14.51998929 -204.76970509  -11.96734619    0.39795904]        	[  2.52794403 -38.52891168   4.65889474   5.16974256]            	[11.96631955  6.24422922 16.75149861  6.96782271]
189	168  	[ 6.19718002 48.43784788  6.95675092  1.18748931]	[ -14.51998929 -204.76970509  -11.96734619    1.0029262 ]        	[  2.69950866 -36.93181973   4.52221384   5.21839526]            	[11.96631955  6.24422922 16.75149861  6.91678462]
190	168  	[ 6.10825383 50.39190301  7.05860394  1.32267558]	[ -14.51998929 -204.76970509  -11.96734619    1.0029262 ]        	[  2.69366641 -37.59833075   4.29644776   5.17582892]            	[11.96631955  6.24422922 16.75149861  6.91831703]
191	168  	[ 6.29864051 48.11361402  6.87684094  1.31209793]	[ -14.51998929 -204.76970509  -11.96734619    1.0029262 ]        	[  2.50680713 -36.38624029   4.66686113   5.17994211]            	[11.96631955  6.24422922 16.75149861  6.91831703]
192	168  	[ 6.29153953 45.5054057   6.6335495   1.19495126]	[ -14.51998929 -214.74567684  -15.38322837    1.10612089]        	[  2.20411462 -33.72851908   5.53583579   5.14419813]            	[11.96631955  6.16786282 16.75149861  6.95804396]
193	168  	[ 6.30432168 45.31472226  6.63255444  1.24327555]	[ -14.51998929 -214.74567684  -15.38322837    1.08657708]        	[  2.18435994 -32.80599705   5.22086945   5.13554057]            	[11.96631955  6.24566782 16.16444701  6.95064898]
194	168  	[ 6.32541606 43.88164846  6.45485638  1.26053338]	[ -14.51998929 -214.74567684  -15.38322837    0.54796756]        	[  2.3168221  -31.20007008   5.32700339   5.11891086]            	[11.59546065  6.24566782 16.16444701  6.95166918]
195	168  	[ 6.41601459 44.44051747  6.49139262  1.25950897]	[ -14.51998929 -214.74567684  -15.38322837    0.54796756]        	[  2.03986038 -32.01974131   5.46886665   5.14000085]            	[11.59546065  6.24566782 16.16444701  6.95141219]
196	168  	[ 6.87433142 46.17402173  6.64021242  1.29785845]	[ -20.37191691 -214.74567684  -15.38322837    0.54796756]        	[  1.46206932 -34.83451976   5.84464388   5.18339118]            	[11.59546065  6.14469253 16.21166523  6.96194712]
197	168  	[ 7.046907   46.3979394   6.60351566  1.28576164]	[ -20.37191691 -214.74567684  -15.38322837    0.54796756]        	[  1.57668719 -36.89170628   5.94227139   5.13671903]            	[11.59546065  6.14469253 16.21166523  6.95016034]
198	168  	[ 6.94123473 45.47635302  6.58261563  1.3937791 ]	[ -20.37191691 -214.74567684  -15.38322837    0.54796756]        	[  1.74548155 -34.98579338   5.60787766   5.08710657]            	[11.59546065  6.14469253 16.21166523  6.95282215]
199	168  	[ 6.86895067 46.65756402  6.80747466  1.38953744]	[ -20.37191691 -214.74567684  -15.38322837    0.54796756]        	[  1.80902967 -35.33777686   5.28794689   5.07197727]            	[11.59546065  6.14469253 16.21166523  6.95282215]
[5, 8, 9, 5, 3, 4, 3, 3, 10, 10, 4, 10, 4, 9, 6, 6, 1, 10, 1, 3, 10, 7, 4, 9, 6, 2, 6, 5, 10, 8, 9, 1]
(6.920956366264019, 0.3328836754568648, 0.23717491558012074, 0.54796755616786)
[5, 8, 9, 5, 3, 4, 3, 3, 10, 10, 4, 10, 4, 9, 6, 6, 1, 10, 1, 3, 10, 7, 4, 9, 6, 2, 6, 5, 10, 8, 9, 1]
(6.920956366264019, 0.3328836754568648, 0.23717491558012074, 0.54796755616786)
[5, 8, 9, 5, 3, 4, 3, 3, 10, 10, 4, 10, 4, 9, 6, 6, 1, 10, 1, 3, 10, 7, 4, 9, 6, 2, 6, 5, 10, 8, 9, 1]
(6.920956366264019, 0.3328836754568648, 0.23717491558012074, 0.54796755616786)
[4, 8, 9, 5, 2, 4, 3, 3, 10, 10, 4, 10, 4, 9, 6, 6, 3, 10, 1, 3, 10, 7, 4, 3, 6, 9, 3, 4, 9, 8, 9, 1]
(9.758389395350047, 0.2627539880403871, 0.20064678447665454, 1.2731343666913335)
[4, 8, 9, 5, 2, 4, 3, 3, 10, 10, 4, 10, 4, 9, 6, 6, 3, 10, 1, 3, 10, 7, 4, 3, 6, 9, 3, 4, 9, 8, 9, 1]
(9.758389395350047, 0.2627539880403871, 0.20064678447665454, 1.2731343666913335)
[4, 8, 9, 5, 2, 4, 3, 3, 10, 10, 4, 10, 4, 9, 6, 6, 3, 10, 1, 3, 10, 7, 4, 3, 6, 9, 3, 4, 9, 8, 9, 1]
(9.758389395350047, 0.2627539880403871, 0.20064678447665454, 1.2731343666913335)
[4, 8, 9, 5, 2, 4, 3, 3, 10, 10, 4, 10, 4, 9, 6, 6, 3, 10, 1, 3, 10, 7, 4, 3, 6, 9, 3, 4, 9, 8, 9, 1]
(9.758389395350047, 0.2627539880403871, 0.20064678447665454, 1.2731343666913335)
[5, 9, 9, 5, 2, 4, 3, 3, 10, 10, 4, 10, 8, 10, 5, 6, 3, 8, 4, 1, 10, 10, 1, 3, 6, 6, 4, 8, 8, 6, 9, 1]
(-2.5754926953909747, 6.144692530140523, 2.0840759570214678, 1.3866249332031289)
[5, 9, 9, 5, 2, 4, 3, 3, 10, 10, 4, 10, 8, 10, 5, 6, 3, 8, 4, 1, 10, 10, 1, 3, 6, 6, 4, 8, 8, 6, 9, 1]
(-2.5754926953909747, 6.144692530140523, 2.0840759570214678, 1.3866249332031289)
[5, 9, 9, 5, 2, 4, 3, 3, 10, 10, 4, 10, 8, 10, 5, 6, 3, 8, 4, 1, 10, 10, 1, 3, 6, 6, 4, 8, 8, 6, 9, 1]
(-2.5754926953909747, 6.144692530140523, 2.0840759570214678, 1.3866249332031289)
[5, 9, 9, 5, 2, 4, 3, 3, 10, 10, 4, 10, 8, 10, 5, 6, 3, 8, 4, 1, 10, 10, 1, 3, 6, 6, 4, 8, 8, 6, 9, 1]
(-2.5754926953909747, 6.144692530140523, 2.0840759570214678, 1.3866249332031289)
[3, 10, 9, 10, 2, 1, 3, 3, 8, 8, 1, 10, 4, 7, 7, 7, 9, 10, 1, 3, 10, 7, 4, 9, 4, 10, 5, 5, 10, 8, 9, 1]
(6.102257762351826, 0.07027879808775417, 0.15493050099422648, 2.3094398424611895)
[3, 10, 9, 10, 2, 1, 3, 3, 8, 8, 1, 10, 4, 7, 7, 7, 9, 10, 1, 3, 10, 7, 4, 9, 4, 10, 5, 5, 10, 8, 9, 1]
(6.102257762351826, 0.07027879808775417, 0.15493050099422648, 2.3094398424611895)
[3, 10, 9, 10, 2, 1, 3, 3, 8, 8, 1, 10, 4, 7, 7, 7, 9, 10, 1, 3, 10, 7, 4, 9, 4, 10, 5, 5, 10, 8, 9, 1]
(9.654025606275344, -30.737893768354688, 0.1465704357135783, 2.7958582143398063)
[3, 10, 9, 10, 2, 1, 3, 3, 8, 8, 1, 10, 4, 7, 7, 7, 9, 10, 1, 3, 10, 7, 4, 9, 4, 10, 5, 5, 10, 8, 9, 1]
(9.654025606275344, -30.737893768354688, 0.1465704357135783, 2.7958582143398063)
[3, 10, 9, 10, 2, 1, 3, 3, 8, 8, 1, 10, 4, 7, 7, 7, 9, 10, 1, 3, 10, 7, 4, 9, 4, 10, 5, 5, 10, 8, 9, 1]
(9.654025606275344, -30.737893768354688, 0.1465704357135783, 2.7958582143398063)
[9, 8, 4, 3, 2, 1, 3, 3, 8, 8, 1, 10, 7, 9, 8, 6, 3, 10, 1, 3, 10, 7, 4, 9, 4, 9, 3, 8, 8, 5, 6, 1]
(7.2691940015869365, -8.646664762719361, 1.3225082273898003, 3.058670256309511)
[9, 8, 4, 3, 2, 1, 3, 3, 8, 8, 1, 10, 7, 9, 8, 6, 3, 10, 1, 3, 10, 7, 4, 9, 4, 9, 3, 8, 8, 5, 6, 1]
(7.2691940015869365, -8.646664762719361, 1.3225082273898003, 3.058670256309511)
[4, 8, 9, 5, 2, 4, 3, 1, 10, 10, 4, 9, 4, 9, 6, 6, 3, 10, 1, 3, 10, 7, 4, 3, 6, 6, 3, 4, 9, 8, 9, 1]
(9.286374385538226, -35.06723758845957, 0.8985266224108597, 3.251569997850634)
[4, 8, 9, 3, 2, 1, 3, 3, 10, 10, 4, 10, 4, 9, 6, 6, 3, 10, 1, 3, 10, 7, 4, 3, 6, 9, 3, 4, 9, 8, 9, 1]
(6.800614953892534, -33.65777529341301, 0.47373070393672934, 3.8448582410450194)
[4, 8, 9, 3, 2, 1, 3, 3, 10, 10, 4, 10, 4, 9, 6, 6, 3, 10, 1, 3, 10, 7, 4, 3, 6, 9, 3, 4, 9, 8, 9, 1]
(6.800614953892534, -33.65777529341301, 0.47373070393672934, 3.8448582410450194)
[4, 8, 9, 3, 2, 1, 3, 3, 10, 10, 4, 10, 4, 9, 6, 6, 3, 10, 1, 3, 10, 7, 4, 3, 6, 9, 3, 4, 9, 8, 9, 1]
(6.800614953892534, -33.65777529341301, 0.47373070393672934, 3.8448582410450194)
[1, 9, 1, 9, 2, 1, 3, 3, 8, 10, 1, 10, 8, 5, 6, 10, 9, 8, 6, 2, 10, 10, 1, 5, 6, 1, 10, 8, 8, 8, 9, 4]
(2.4486621473850896, 0.28549522467469346, 11.364219162761078, 3.876717642018436)
[1, 9, 1, 9, 2, 1, 3, 3, 8, 10, 1, 10, 8, 5, 6, 10, 9, 8, 6, 2, 10, 10, 1, 5, 6, 1, 10, 8, 8, 8, 9, 4]
(2.222309379714917, -3.7714110310432174, 12.097960854207917, 3.9466047802779856)
[1, 8, 9, 5, 2, 4, 3, 3, 10, 10, 4, 10, 8, 10, 5, 6, 2, 8, 3, 2, 10, 10, 4, 9, 4, 9, 10, 8, 8, 8, 9, 4]
(3.5275676339172124, -18.827088998147, 5.694906546074227, 3.993190944198494)
[1, 9, 1, 9, 2, 1, 3, 3, 8, 10, 1, 10, 8, 5, 6, 10, 9, 8, 6, 2, 10, 10, 1, 5, 6, 1, 10, 8, 8, 8, 9, 4]
(2.676300836063657, -14.706205824314939, 15.55006465351479, 4.079289348251916)
[1, 9, 1, 9, 2, 1, 3, 3, 8, 10, 1, 10, 8, 5, 6, 10, 9, 8, 6, 2, 10, 10, 1, 5, 6, 1, 10, 8, 8, 8, 9, 4]
(2.676300836063657, -14.706205824314939, 15.55006465351479, 4.079289348251916)
[1, 9, 1, 9, 2, 1, 3, 3, 8, 10, 1, 10, 8, 5, 6, 10, 9, 8, 6, 2, 10, 10, 1, 5, 6, 1, 10, 8, 8, 8, 9, 4]
(2.676300836063657, -14.706205824314939, 15.55006465351479, 4.079289348251916)
[1, 9, 1, 9, 2, 1, 3, 3, 8, 10, 1, 10, 8, 5, 6, 10, 9, 8, 6, 2, 10, 10, 1, 5, 6, 1, 10, 8, 8, 8, 9, 4]
(2.676300836063657, -14.706205824314939, 15.55006465351479, 4.079289348251916)
[4, 8, 9, 5, 2, 4, 3, 1, 10, 10, 4, 9, 4, 9, 6, 6, 3, 10, 1, 3, 10, 7, 4, 3, 6, 6, 3, 4, 9, 8, 9, 1]
(4.522419762571918, -26.278033421664492, 1.6751074466418416, 4.106425546457915)
[1, 8, 4, 9, 2, 1, 3, 7, 10, 10, 4, 10, 8, 9, 5, 1, 4, 10, 1, 3, 10, 8, 4, 3, 4, 4, 4, 4, 9, 8, 9, 1]
(9.378130171045893, -50.49114597471441, 1.8367380637944744, 4.119855485544586)
[5, 8, 7, 5, 2, 4, 3, 3, 10, 10, 4, 10, 4, 10, 5, 6, 2, 8, 4, 1, 10, 9, 1, 8, 6, 1, 2, 8, 5, 8, 9, 9]
(2.264339837167597, 4.894594285648564, 4.79586722210589, 4.2614077933683125)
[1, 9, 3, 9, 2, 1, 3, 3, 8, 10, 1, 10, 8, 5, 6, 10, 9, 8, 6, 2, 10, 10, 1, 5, 6, 1, 3, 8, 8, 8, 9, 6]
(2.3248834461655856, -66.8390719240029, 13.38221230549217, 4.275736549629514)
[1, 9, 3, 9, 2, 1, 3, 3, 8, 10, 1, 10, 8, 5, 6, 10, 9, 8, 6, 2, 10, 10, 1, 5, 6, 1, 3, 8, 8, 8, 9, 6]
(2.3248834461655856, -66.8390719240029, 13.38221230549217, 4.275736549629514)
[1, 9, 3, 9, 2, 1, 3, 3, 8, 10, 1, 10, 8, 5, 6, 10, 9, 8, 6, 2, 10, 10, 1, 5, 6, 1, 3, 8, 8, 8, 9, 6]
(2.3248834461655856, -66.8390719240029, 13.38221230549217, 4.275736549629514)
[1, 9, 3, 9, 2, 1, 3, 3, 8, 10, 1, 10, 8, 5, 6, 10, 9, 8, 6, 2, 10, 10, 1, 5, 6, 1, 3, 8, 8, 8, 9, 6]
(2.3248834461655856, -66.8390719240029, 13.38221230549217, 4.275736549629514)
[1, 9, 1, 9, 2, 1, 3, 3, 8, 10, 1, 10, 8, 5, 6, 10, 9, 8, 6, 2, 10, 10, 1, 5, 6, 1, 10, 8, 8, 8, 9, 4]
(2.407790966708464, -15.647616655060611, 12.257173953518704, 4.286291342888081)
[1, 9, 1, 9, 2, 1, 3, 3, 8, 10, 1, 10, 8, 5, 6, 10, 9, 8, 6, 2, 10, 10, 1, 5, 6, 1, 10, 8, 8, 8, 9, 4]
(2.407790966708464, -15.647616655060611, 12.257173953518704, 4.286291342888081)
[1, 9, 1, 9, 2, 1, 3, 3, 8, 10, 1, 10, 8, 5, 6, 10, 9, 8, 6, 2, 10, 10, 1, 5, 6, 1, 10, 8, 8, 8, 9, 4]
(2.407790966708464, -15.647616655060611, 12.257173953518704, 4.286291342888081)
[1, 9, 1, 9, 2, 1, 3, 3, 8, 10, 1, 10, 8, 5, 6, 10, 9, 8, 6, 2, 10, 10, 1, 5, 6, 1, 10, 8, 8, 8, 9, 4]
(2.407790966708464, -15.647616655060611, 12.257173953518704, 4.286291342888081)
[5, 8, 7, 5, 2, 4, 3, 3, 10, 10, 4, 10, 8, 10, 5, 6, 2, 8, 4, 1, 10, 9, 1, 9, 6, 1, 2, 8, 5, 8, 9, 9]
(2.771793037888301, -12.582034610628813, 8.327005434642343, 4.2919379307700165)
[5, 8, 7, 5, 2, 4, 3, 3, 10, 10, 4, 10, 8, 10, 5, 6, 2, 8, 4, 1, 10, 9, 1, 9, 6, 1, 2, 8, 5, 8, 9, 9]
(2.771793037888301, -12.582034610628813, 8.327005434642343, 4.2919379307700165)
[5, 8, 7, 5, 2, 4, 3, 3, 10, 10, 4, 10, 8, 10, 5, 6, 2, 8, 4, 1, 10, 9, 1, 9, 6, 1, 2, 8, 5, 8, 9, 9]
(2.771793037888301, -12.582034610628813, 8.327005434642343, 4.2919379307700165)
[8, 8, 4, 3, 2, 1, 3, 3, 8, 8, 1, 10, 7, 9, 6, 6, 3, 10, 1, 1, 10, 7, 4, 3, 1, 6, 3, 5, 10, 8, 9, 1]
(11.178253017578198, 0.6171867799067703, 0.1439633180868793, 4.34127556039197)
[1, 8, 4, 9, 2, 1, 3, 7, 10, 10, 4, 10, 8, 9, 5, 1, 4, 10, 1, 3, 10, 7, 4, 9, 4, 10, 5, 5, 9, 8, 9, 1]
(6.380303267327645, -5.2796499413243625, 0.6223112680996268, 4.510794929255077)
[1, 8, 4, 9, 2, 1, 3, 7, 10, 10, 4, 10, 8, 9, 5, 1, 4, 10, 1, 3, 10, 7, 4, 9, 4, 10, 5, 5, 9, 8, 9, 1]
(6.380303267327645, -5.2796499413243625, 0.6223112680996268, 4.510794929255077)
[1, 8, 4, 9, 2, 1, 3, 7, 10, 10, 4, 10, 8, 9, 5, 1, 4, 10, 1, 3, 10, 7, 4, 9, 4, 10, 5, 5, 9, 8, 9, 1]
(6.380303267327645, -5.2796499413243625, 0.6223112680996268, 4.510794929255077)
[1, 8, 4, 9, 2, 1, 3, 7, 10, 10, 4, 10, 8, 9, 5, 1, 4, 10, 1, 3, 10, 7, 4, 9, 4, 10, 5, 5, 9, 8, 9, 1]
(6.380303267327645, -5.2796499413243625, 0.6223112680996268, 4.510794929255077)
[4, 9, 9, 5, 2, 1, 3, 3, 8, 10, 1, 10, 8, 10, 5, 6, 2, 8, 6, 3, 10, 10, 1, 3, 6, 1, 3, 8, 8, 8, 9, 1]
(0.5708871086429899, -30.94484079247742, 14.905092817252001, 4.518858686676578)
[1, 9, 1, 9, 2, 1, 3, 3, 8, 10, 1, 10, 8, 10, 5, 6, 2, 8, 3, 2, 10, 10, 2, 3, 6, 9, 10, 8, 8, 8, 9, 6]
(4.1629023510497065, 4.32232347831171, 4.781238350942977, 4.702984652833702)
[1, 8, 9, 5, 2, 5, 3, 3, 10, 10, 4, 10, 8, 10, 5, 5, 10, 10, 3, 2, 10, 10, 2, 5, 6, 1, 10, 8, 8, 8, 9, 4]
(3.931488646123387, 4.04954176767222, 2.6727172858270967, 4.77721192762624)
[1, 8, 9, 5, 2, 5, 3, 3, 10, 10, 4, 10, 8, 10, 5, 5, 10, 10, 3, 2, 10, 10, 2, 5, 6, 1, 10, 8, 8, 8, 9, 4]
(3.931488646123387, 4.04954176767222, 2.6727172858270967, 4.77721192762624)
[5, 9, 9, 5, 2, 4, 3, 3, 10, 10, 4, 10, 8, 10, 5, 1, 4, 10, 1, 9, 10, 7, 4, 3, 6, 1, 4, 8, 8, 8, 9, 7]
(3.4964221567899783, 5.293908458529761, 1.7100057380580966, 4.8465437043312605)
[1, 9, 1, 9, 2, 1, 3, 3, 8, 10, 1, 10, 8, 5, 6, 10, 9, 8, 6, 2, 10, 10, 1, 5, 8, 1, 10, 8, 8, 8, 9, 4]
(-1.0168252509797668, -110.50092371946454, 15.304683471094638, 4.9849248233642)
[4, 9, 9, 5, 2, 1, 3, 3, 10, 10, 1, 10, 8, 10, 5, 6, 2, 8, 6, 3, 10, 10, 1, 3, 6, 10, 3, 8, 8, 8, 9, 1]
(0.9472693373034418, -123.40004893709275, 13.431703156762616, 5.146605883770359)
[8, 6, 4, 3, 2, 1, 3, 3, 8, 8, 1, 10, 7, 9, 6, 6, 3, 10, 1, 7, 10, 7, 4, 4, 1, 6, 3, 5, 10, 8, 9, 1]
(8.269595725168427, -49.63963028926923, 1.2427348545398809, 5.270938027667469)
[8, 6, 4, 3, 2, 1, 3, 3, 8, 8, 1, 10, 7, 9, 6, 6, 3, 10, 1, 7, 10, 7, 4, 4, 1, 6, 3, 5, 10, 8, 9, 1]
(8.269595725168427, -49.63963028926923, 1.2427348545398809, 5.270938027667469)
[8, 6, 4, 3, 2, 1, 3, 3, 8, 8, 1, 10, 7, 9, 6, 6, 3, 10, 1, 7, 10, 7, 4, 4, 1, 6, 3, 5, 10, 8, 9, 1]
(8.269595725168427, -49.63963028926923, 1.2427348545398809, 5.270938027667469)
[8, 6, 4, 3, 2, 1, 3, 3, 8, 8, 1, 10, 7, 9, 6, 6, 3, 10, 1, 7, 10, 7, 4, 4, 1, 6, 3, 5, 10, 8, 9, 1]
(8.269595725168427, -49.63963028926923, 1.2427348545398809, 5.270938027667469)
[3, 8, 8, 10, 2, 4, 3, 3, 8, 10, 1, 9, 10, 10, 4, 5, 10, 10, 2, 1, 10, 7, 2, 9, 8, 1, 3, 8, 4, 8, 10, 1]
(-6.081370889750773, 0.16306093612241845, 8.098729537483099, 5.284686719472661)
[3, 8, 8, 10, 2, 4, 3, 3, 8, 10, 1, 9, 10, 10, 4, 5, 10, 10, 2, 1, 10, 7, 2, 9, 8, 1, 3, 8, 4, 8, 10, 1]
(-6.081370889750773, 0.16306093612241845, 8.098729537483099, 5.284686719472661)
[3, 8, 8, 10, 2, 4, 3, 3, 8, 10, 1, 9, 10, 10, 4, 5, 10, 10, 2, 1, 10, 7, 2, 9, 8, 1, 3, 8, 4, 8, 10, 1]
(-6.081370889750773, 0.16306093612241845, 8.098729537483099, 5.284686719472661)
[3, 8, 8, 10, 2, 4, 3, 3, 8, 10, 1, 9, 10, 10, 4, 5, 10, 10, 2, 1, 10, 7, 2, 9, 8, 1, 3, 8, 4, 8, 10, 1]
(-6.081370889750773, 0.16306093612241845, 8.098729537483099, 5.284686719472661)
[1, 8, 9, 5, 2, 5, 3, 3, 10, 10, 4, 10, 8, 10, 5, 6, 2, 8, 3, 2, 10, 10, 2, 5, 6, 1, 10, 8, 8, 8, 9, 4]
(2.939902854418708, 1.357105645809241, 7.043271273304425, 5.295184996416759)
[3, 8, 8, 10, 2, 4, 3, 3, 8, 10, 1, 9, 10, 10, 4, 5, 10, 10, 2, 1, 10, 7, 2, 9, 8, 1, 3, 8, 4, 8, 10, 1]
(-6.7676976102507185, -5.684864872335834, 10.856507937320714, 5.382579558191474)
[3, 8, 8, 10, 2, 4, 3, 3, 8, 10, 1, 9, 10, 10, 4, 5, 10, 10, 2, 1, 10, 7, 2, 9, 8, 1, 3, 8, 4, 8, 10, 1]
(-6.7676976102507185, -5.684864872335834, 10.856507937320714, 5.382579558191474)
[3, 8, 8, 10, 2, 4, 3, 3, 8, 10, 1, 9, 10, 10, 4, 5, 10, 10, 2, 1, 10, 7, 2, 9, 8, 1, 3, 8, 4, 8, 10, 1]
(-6.7676976102507185, -5.684864872335834, 10.856507937320714, 5.382579558191474)
[1, 8, 9, 5, 2, 4, 3, 3, 10, 10, 4, 10, 8, 10, 5, 6, 2, 8, 3, 2, 10, 10, 2, 5, 6, 1, 10, 8, 8, 8, 9, 4]
(1.9800959058923515, 5.3809548806101635, 6.726001616229437, 5.420401143703842)
[8, 8, 4, 3, 2, 1, 3, 3, 8, 8, 1, 10, 7, 9, 6, 6, 3, 10, 1, 1, 10, 7, 4, 3, 1, 6, 3, 5, 10, 8, 9, 1]
(11.595460646874105, -14.933179212337038, 0.09870230753785408, 5.443591536612761)
[8, 8, 4, 3, 2, 1, 3, 3, 8, 8, 1, 10, 7, 9, 6, 6, 3, 10, 1, 1, 10, 7, 4, 3, 1, 6, 3, 5, 10, 8, 9, 1]
(11.595460646874105, -14.933179212337038, 0.09870230753785408, 5.443591536612761)
[8, 8, 4, 3, 2, 1, 3, 3, 8, 8, 1, 10, 7, 9, 6, 6, 3, 10, 1, 1, 10, 7, 4, 3, 1, 6, 3, 5, 10, 8, 9, 1]
(11.595460646874105, -14.933179212337038, 0.09870230753785408, 5.443591536612761)
[8, 8, 4, 3, 2, 1, 3, 3, 8, 8, 1, 10, 7, 9, 6, 6, 3, 10, 1, 1, 10, 7, 4, 3, 1, 6, 3, 5, 10, 8, 9, 1]
(11.595460646874105, -14.933179212337038, 0.09870230753785408, 5.443591536612761)
[3, 8, 7, 3, 2, 3, 5, 3, 8, 10, 4, 10, 8, 10, 5, 6, 2, 8, 3, 1, 8, 8, 3, 3, 6, 3, 3, 8, 9, 8, 9, 2]
(4.739015308951809, 0.20531534532568158, 0.32245405611045386, 5.499083740453914)
[3, 8, 7, 3, 2, 3, 5, 3, 8, 10, 4, 10, 8, 10, 5, 6, 2, 8, 3, 1, 8, 8, 3, 3, 6, 3, 3, 8, 9, 8, 9, 2]
(4.739015308951809, 0.20531534532568158, 0.32245405611045386, 5.499083740453914)
[3, 8, 7, 3, 2, 3, 5, 3, 8, 10, 4, 10, 8, 10, 5, 6, 2, 8, 3, 1, 8, 8, 3, 3, 6, 3, 3, 8, 9, 8, 9, 2]
(4.739015308951809, 0.20531534532568158, 0.32245405611045386, 5.499083740453914)
[8, 8, 4, 3, 2, 1, 3, 3, 8, 8, 1, 10, 7, 10, 6, 6, 3, 10, 1, 1, 10, 7, 4, 3, 1, 6, 3, 5, 10, 8, 9, 1]
(8.582413899336824, -0.044308537268144654, 0.11445492917896256, 5.505819223989119)
[8, 8, 4, 3, 2, 1, 3, 3, 8, 8, 1, 10, 7, 10, 6, 6, 3, 10, 1, 1, 10, 7, 4, 3, 1, 6, 3, 5, 10, 8, 9, 1]
(8.582413899336824, -0.044308537268144654, 0.11445492917896256, 5.505819223989119)
[9, 8, 2, 5, 2, 3, 3, 1, 10, 10, 4, 10, 8, 10, 10, 5, 3, 8, 4, 4, 10, 9, 1, 9, 4, 2, 3, 8, 3, 8, 9, 1]
(0.7239997251926524, -41.08350373336706, 7.772526518248693, 5.508257432135007)
[2, 8, 9, 5, 3, 4, 3, 3, 10, 10, 4, 10, 4, 9, 6, 6, 1, 10, 1, 3, 10, 7, 4, 9, 6, 2, 6, 5, 9, 8, 9, 1]
(8.607238128964626, -24.182193361896783, -0.03419654381529702, 5.533430195627571)
[3, 8, 8, 10, 2, 4, 3, 1, 10, 10, 4, 9, 4, 9, 6, 6, 3, 10, 2, 1, 10, 7, 2, 9, 8, 1, 3, 8, 4, 8, 10, 1]
(-1.808387960626331, -1.0758677632828668, 5.6962315318707235, 5.569473172696231)
[3, 8, 8, 10, 2, 4, 3, 1, 10, 10, 4, 9, 4, 9, 6, 6, 3, 10, 2, 1, 10, 7, 2, 9, 8, 1, 3, 8, 4, 8, 10, 1]
(-1.808387960626331, -1.0758677632828668, 5.6962315318707235, 5.569473172696231)
[8, 8, 4, 3, 2, 1, 3, 3, 8, 8, 1, 10, 9, 10, 5, 3, 2, 10, 1, 3, 10, 7, 4, 3, 1, 6, 3, 5, 10, 8, 9, 1]
(8.628817180672002, -1.6821655400071451, -4.106021349018546, 5.609397886553984)
[8, 8, 4, 3, 2, 1, 3, 3, 8, 8, 1, 10, 9, 10, 5, 3, 2, 10, 1, 3, 10, 7, 4, 3, 1, 6, 3, 5, 10, 8, 9, 1]
(8.628817180672002, -1.6821655400071451, -4.106021349018546, 5.609397886553984)
[8, 6, 4, 3, 2, 1, 3, 3, 8, 8, 1, 10, 7, 9, 6, 6, 3, 10, 1, 3, 10, 7, 4, 4, 1, 6, 3, 5, 10, 8, 9, 1]
(11.472160006207513, -94.45042730171689, -0.2589246899809387, 5.662277427871307)
[8, 8, 4, 3, 2, 1, 3, 3, 8, 8, 1, 10, 7, 9, 6, 6, 3, 10, 1, 3, 10, 7, 4, 3, 2, 6, 3, 5, 10, 8, 9, 1]
(10.337438415306634, -57.859047935506766, -2.436107124331779, 5.705903799021863)
[8, 8, 4, 3, 2, 1, 3, 3, 8, 8, 1, 10, 7, 9, 6, 6, 3, 10, 1, 3, 10, 7, 4, 3, 2, 6, 3, 5, 10, 8, 9, 1]
(10.337438415306634, -57.859047935506766, -2.436107124331779, 5.705903799021863)
[8, 8, 4, 3, 2, 1, 3, 3, 8, 8, 1, 10, 7, 9, 6, 6, 3, 10, 1, 3, 10, 7, 4, 3, 2, 6, 3, 5, 10, 8, 9, 1]
(10.337438415306634, -57.859047935506766, -2.436107124331779, 5.705903799021863)
[8, 8, 4, 3, 2, 1, 3, 3, 8, 8, 1, 10, 7, 9, 6, 6, 3, 10, 1, 3, 10, 7, 4, 3, 2, 6, 3, 5, 10, 8, 9, 1]
(10.337438415306634, -57.859047935506766, -2.436107124331779, 5.705903799021863)
[8, 8, 4, 3, 2, 1, 3, 3, 8, 8, 1, 10, 7, 9, 6, 6, 3, 10, 1, 3, 10, 7, 4, 3, 1, 6, 3, 5, 10, 8, 9, 1]
(10.823216169718478, -149.6447250199093, -1.2505863969971114, 5.724014564526773)
[8, 8, 4, 3, 2, 1, 3, 3, 8, 8, 1, 10, 7, 9, 6, 6, 3, 10, 1, 3, 10, 7, 4, 3, 1, 6, 3, 5, 10, 8, 9, 1]
(10.823216169718478, -149.6447250199093, -1.2505863969971114, 5.724014564526773)
[3, 8, 7, 10, 2, 3, 5, 3, 8, 10, 4, 10, 8, 10, 5, 6, 2, 8, 3, 1, 10, 9, 1, 9, 6, 1, 1, 8, 5, 8, 9, 2]
(0.8095576152691024, -15.46582400198256, 6.229749331648672, 5.745681736509988)
[3, 8, 7, 10, 2, 3, 5, 3, 8, 10, 4, 10, 8, 10, 5, 6, 2, 8, 3, 1, 10, 9, 1, 9, 6, 1, 1, 8, 5, 8, 9, 2]
(0.8095576152691024, -15.46582400198256, 6.229749331648672, 5.745681736509988)
[3, 8, 7, 10, 2, 3, 5, 3, 8, 10, 4, 10, 8, 10, 5, 6, 2, 8, 3, 1, 10, 9, 1, 9, 6, 1, 1, 8, 5, 8, 9, 2]
(0.8095576152691024, -15.46582400198256, 6.229749331648672, 5.745681736509988)
[3, 8, 7, 10, 2, 3, 5, 3, 8, 10, 4, 10, 8, 10, 5, 6, 2, 8, 3, 1, 10, 9, 1, 9, 6, 1, 1, 8, 5, 8, 9, 2]
(0.8095576152691024, -15.46582400198256, 6.229749331648672, 5.745681736509988)
[9, 8, 4, 3, 2, 1, 3, 3, 8, 8, 1, 10, 7, 9, 6, 6, 3, 10, 1, 3, 10, 7, 4, 3, 2, 6, 3, 5, 10, 8, 9, 1]
(11.24810210102005, -164.2698714658087, -4.339678665246853, 5.762461159787249)
[9, 8, 4, 3, 2, 1, 3, 3, 8, 8, 1, 10, 7, 9, 6, 6, 3, 10, 1, 3, 10, 7, 4, 3, 2, 6, 3, 5, 10, 8, 9, 1]
(11.24810210102005, -164.2698714658087, -4.339678665246853, 5.762461159787249)
[3, 8, 7, 10, 2, 3, 5, 3, 10, 10, 1, 10, 8, 8, 8, 5, 3, 7, 1, 4, 8, 8, 1, 3, 6, 3, 3, 8, 9, 8, 9, 3]
(7.765233282088204, -23.62957133882435, -3.93761085912836, 5.779822927589359)
[8, 8, 4, 3, 2, 1, 3, 3, 8, 8, 1, 10, 7, 9, 8, 6, 3, 10, 1, 3, 10, 8, 4, 3, 4, 4, 3, 5, 10, 8, 9, 1]
(11.523235116611419, -214.745676842499, -15.383228365609579, 5.790670599475771)
[3, 9, 5, 2, 5, 4, 6, 3, 8, 10, 1, 10, 8, 10, 5, 6, 3, 8, 6, 3, 10, 10, 1, 3, 6, 1, 4, 8, 3, 7, 9, 1]
(-1.4757039742544296, -20.629049989280624, 15.660373392873087, 5.80854265550672)
[8, 8, 4, 3, 2, 1, 3, 3, 8, 8, 1, 10, 7, 9, 6, 7, 3, 10, 1, 3, 10, 7, 4, 3, 8, 6, 3, 5, 10, 8, 9, 1]
(10.174852521994023, -118.83352227422881, -5.360820642713038, 5.809770778841061)
[8, 8, 4, 3, 2, 1, 3, 3, 8, 8, 1, 10, 7, 9, 6, 7, 3, 10, 1, 3, 10, 7, 4, 3, 8, 6, 3, 5, 10, 8, 9, 1]
(10.174852521994023, -118.83352227422881, -5.360820642713038, 5.809770778841061)
[3, 9, 5, 2, 5, 4, 6, 3, 8, 10, 1, 10, 8, 10, 5, 6, 3, 8, 6, 3, 10, 10, 1, 3, 6, 1, 4, 8, 3, 7, 9, 1]
(-2.5302607659470593, -20.044647779869074, 15.733205203003624, 5.811590897548899)
[3, 9, 5, 2, 5, 4, 6, 3, 8, 10, 1, 10, 8, 10, 5, 6, 3, 8, 6, 3, 10, 10, 1, 3, 6, 1, 4, 8, 3, 7, 9, 1]
(-2.5302607659470593, -20.044647779869074, 15.733205203003624, 5.811590897548899)
[3, 9, 5, 2, 5, 4, 6, 3, 8, 10, 1, 10, 8, 10, 5, 6, 3, 8, 6, 3, 10, 10, 1, 3, 6, 1, 4, 8, 3, 7, 9, 1]
(-2.5302607659470593, -20.044647779869074, 15.733205203003624, 5.811590897548899)
[3, 9, 5, 2, 5, 4, 6, 3, 8, 10, 1, 10, 8, 10, 5, 6, 3, 8, 6, 3, 10, 10, 1, 3, 6, 1, 3, 7, 3, 7, 9, 1]
(-1.0901668406448153, -22.885628297136417, 12.533998023315256, 5.82486114238021)
[3, 9, 5, 2, 5, 4, 6, 3, 8, 10, 1, 10, 8, 10, 5, 6, 3, 8, 6, 3, 10, 10, 1, 3, 6, 1, 3, 7, 3, 7, 9, 1]
(-1.0901668406448153, -22.885628297136417, 12.533998023315256, 5.82486114238021)
[3, 9, 5, 2, 5, 4, 6, 3, 8, 10, 1, 10, 8, 10, 5, 6, 3, 8, 6, 3, 10, 10, 1, 3, 6, 1, 3, 7, 3, 7, 9, 1]
(-1.0901668406448153, -22.885628297136417, 12.533998023315256, 5.82486114238021)
[3, 9, 5, 2, 5, 4, 6, 3, 8, 10, 1, 10, 8, 10, 5, 6, 3, 8, 6, 3, 10, 10, 1, 3, 6, 1, 3, 7, 3, 7, 9, 1]
(-1.1280276060707621, -79.85542929416884, 12.946457374878232, 5.835361431151312)
[3, 9, 5, 2, 5, 4, 6, 3, 8, 10, 1, 10, 8, 10, 5, 6, 3, 8, 6, 3, 10, 10, 1, 3, 6, 1, 4, 8, 3, 7, 9, 1]
(-9.337481329377807, -22.07590481696957, 13.212292117364182, 5.86567970747754)
[3, 9, 5, 2, 5, 4, 6, 3, 8, 10, 1, 10, 8, 10, 5, 6, 3, 8, 6, 3, 10, 10, 1, 3, 6, 1, 4, 8, 3, 7, 9, 1]
(-9.337481329377807, -22.07590481696957, 13.212292117364182, 5.86567970747754)
[3, 9, 5, 2, 5, 4, 6, 3, 8, 10, 1, 10, 8, 10, 5, 6, 3, 8, 6, 3, 10, 10, 1, 3, 6, 1, 4, 8, 3, 7, 9, 1]
(-9.337481329377807, -22.07590481696957, 13.212292117364182, 5.86567970747754)
[3, 9, 5, 2, 5, 4, 6, 3, 8, 10, 1, 10, 8, 10, 5, 6, 3, 8, 6, 3, 10, 10, 1, 3, 6, 1, 4, 8, 3, 7, 9, 1]
(-9.337481329377807, -22.07590481696957, 13.212292117364182, 5.86567970747754)
[3, 9, 5, 2, 5, 4, 6, 3, 8, 10, 1, 10, 8, 10, 5, 6, 3, 8, 6, 3, 10, 10, 1, 3, 6, 1, 3, 8, 3, 7, 9, 1]
(-4.950291147782264, -44.45085939300712, 15.117542452102771, 5.868093306255128)
[3, 9, 5, 2, 5, 4, 6, 3, 8, 10, 1, 10, 8, 10, 5, 6, 3, 8, 6, 3, 10, 10, 1, 3, 6, 1, 3, 8, 3, 7, 9, 1]
(-4.950291147782264, -44.45085939300712, 15.117542452102771, 5.868093306255128)
[3, 9, 5, 2, 5, 4, 6, 3, 8, 10, 1, 10, 8, 10, 5, 6, 3, 8, 6, 3, 10, 10, 1, 3, 6, 1, 3, 9, 3, 7, 9, 1]
(-9.519215566458298, -42.648312027035175, 15.699337660421598, 5.870482215742413)
[3, 9, 5, 2, 5, 4, 6, 3, 8, 10, 1, 10, 8, 10, 5, 6, 3, 8, 6, 3, 10, 10, 1, 3, 9, 1, 4, 8, 3, 7, 9, 1]
(-3.661975042967242, -167.58743804181924, 15.33138491668683, 5.872767979958779)
[3, 9, 5, 2, 5, 4, 6, 3, 8, 10, 1, 10, 8, 10, 5, 6, 3, 8, 6, 3, 10, 10, 1, 3, 9, 1, 4, 8, 3, 7, 9, 1]
(-3.661975042967242, -167.58743804181924, 15.33138491668683, 5.872767979958779)
[3, 9, 5, 2, 5, 4, 6, 3, 8, 10, 1, 10, 8, 10, 5, 6, 3, 8, 6, 3, 10, 10, 1, 3, 9, 1, 4, 8, 3, 7, 9, 1]
(-3.661975042967242, -167.58743804181924, 15.33138491668683, 5.872767979958779)
[3, 9, 5, 2, 5, 4, 6, 3, 8, 10, 1, 10, 8, 10, 5, 6, 3, 8, 6, 3, 10, 10, 1, 3, 9, 1, 4, 8, 3, 7, 9, 1]
(-3.661975042967242, -167.58743804181924, 15.33138491668683, 5.872767979958779)
[3, 10, 5, 2, 5, 4, 6, 3, 8, 10, 1, 10, 8, 10, 5, 6, 3, 8, 6, 3, 10, 10, 1, 3, 6, 1, 5, 8, 3, 7, 9, 1]
(-13.99617378144485, -139.06903605981964, 15.781606423785178, 5.879544288436888)
[3, 10, 5, 2, 5, 4, 6, 3, 8, 10, 1, 10, 8, 10, 5, 6, 3, 8, 6, 3, 10, 10, 1, 3, 6, 1, 5, 8, 3, 7, 9, 1]
(-13.99617378144485, -139.06903605981964, 15.781606423785178, 5.879544288436888)
[3, 9, 5, 2, 5, 4, 6, 3, 8, 10, 1, 10, 8, 10, 5, 6, 3, 8, 6, 3, 10, 10, 1, 3, 6, 1, 3, 9, 3, 7, 9, 1]
(-14.519989290893319, -41.05425962804042, 16.16444700921709, 5.880605970180154)
[3, 9, 5, 2, 5, 4, 6, 3, 8, 10, 1, 10, 8, 10, 5, 6, 3, 8, 6, 3, 10, 10, 1, 3, 6, 1, 3, 9, 3, 7, 9, 1]
(-14.519989290893319, -41.05425962804042, 16.16444700921709, 5.880605970180154)
[3, 9, 5, 2, 5, 4, 6, 3, 8, 10, 1, 10, 8, 10, 5, 6, 3, 8, 6, 3, 10, 10, 1, 3, 6, 1, 3, 9, 3, 7, 9, 1]
(-14.519989290893319, -41.05425962804042, 16.16444700921709, 5.880605970180154)
[3, 9, 5, 2, 5, 4, 6, 3, 8, 10, 1, 10, 8, 10, 5, 6, 3, 8, 6, 3, 10, 10, 1, 3, 6, 1, 3, 9, 3, 7, 9, 1]
(-14.519989290893319, -41.05425962804042, 16.16444700921709, 5.880605970180154)
[3, 9, 5, 2, 5, 4, 6, 3, 8, 10, 1, 10, 8, 10, 5, 6, 3, 8, 6, 3, 10, 10, 1, 3, 9, 1, 3, 9, 3, 7, 9, 1]
(-20.37191690572672, -98.13935127135923, 16.21166522517425, 5.882953718884956)
[3, 10, 5, 2, 5, 4, 6, 3, 8, 10, 1, 10, 8, 10, 5, 6, 3, 8, 6, 3, 10, 10, 1, 3, 6, 1, 5, 8, 3, 7, 9, 1]
(-11.381021104520915, -140.23596912025266, 15.48923620489685, 5.886448115432894)
[3, 8, 7, 10, 2, 3, 5, 3, 10, 10, 1, 10, 8, 8, 8, 5, 3, 7, 1, 4, 8, 8, 1, 3, 6, 3, 3, 8, 9, 8, 9, 2]
(7.739254749661401, -24.63856267240996, -4.150650403616448, 5.886561533487241)
[3, 10, 5, 2, 5, 4, 6, 3, 8, 10, 1, 10, 8, 10, 5, 6, 3, 8, 6, 3, 10, 10, 1, 3, 6, 1, 5, 8, 3, 7, 9, 1]
(-17.309802277479502, -145.3598271368262, 15.72290699992384, 5.887212373044832)
[3, 8, 7, 10, 2, 3, 5, 3, 10, 10, 1, 10, 8, 8, 8, 5, 3, 7, 1, 4, 8, 8, 1, 3, 6, 3, 3, 8, 9, 8, 9, 2]
(7.707179227491679, -25.82903540333335, -4.318275913809573, 5.90048222187474)
[3, 8, 7, 10, 2, 3, 5, 3, 10, 10, 1, 10, 8, 8, 8, 5, 3, 7, 1, 4, 8, 8, 1, 3, 6, 3, 3, 8, 9, 8, 9, 2]
(7.707179227491679, -25.82903540333335, -4.318275913809573, 5.90048222187474)
[3, 9, 4, 3, 2, 1, 3, 3, 8, 8, 1, 8, 7, 10, 5, 6, 3, 9, 2, 4, 10, 7, 4, 3, 8, 5, 3, 6, 3, 7, 9, 1]
(-7.01649402768835, -72.29879046222612, 11.460807280295015, 5.919975103727013)
[5, 9, 9, 5, 2, 4, 3, 3, 10, 10, 4, 10, 8, 10, 5, 6, 3, 8, 4, 1, 10, 10, 1, 3, 6, 1, 4, 8, 8, 8, 9, 1]
(-4.27980361740124, -31.986362877111876, 7.4702374092353905, 5.925623266772938)
[5, 9, 9, 5, 2, 4, 3, 3, 10, 10, 4, 10, 8, 10, 5, 6, 3, 8, 4, 1, 10, 10, 1, 3, 6, 1, 4, 8, 8, 8, 9, 1]
(-4.27980361740124, -31.986362877111876, 7.4702374092353905, 5.925623266772938)
[5, 9, 9, 5, 2, 4, 3, 3, 10, 10, 4, 10, 8, 10, 5, 6, 3, 8, 4, 1, 10, 10, 1, 3, 6, 1, 4, 8, 8, 8, 9, 1]
(-4.27980361740124, -31.986362877111876, 7.4702374092353905, 5.925623266772938)
[5, 9, 9, 5, 2, 4, 3, 3, 10, 10, 4, 10, 8, 10, 5, 6, 3, 8, 4, 1, 10, 10, 1, 3, 6, 1, 4, 8, 8, 8, 9, 1]
(-4.27980361740124, -31.986362877111876, 7.4702374092353905, 5.925623266772938)
[9, 8, 9, 5, 2, 3, 3, 1, 10, 10, 4, 10, 8, 10, 10, 5, 3, 8, 4, 4, 10, 9, 1, 9, 4, 2, 3, 8, 3, 8, 9, 1]
(-1.517027744477855, -59.49006948208364, 7.212757967207164, 5.940563032514237)
[9, 8, 9, 5, 2, 3, 3, 1, 10, 10, 4, 10, 8, 10, 10, 5, 3, 8, 4, 4, 10, 9, 1, 9, 4, 2, 3, 8, 3, 8, 9, 1]
(-1.517027744477855, -59.49006948208364, 7.212757967207164, 5.940563032514237)
[9, 8, 9, 5, 2, 3, 3, 1, 10, 10, 4, 10, 8, 10, 10, 5, 3, 8, 4, 4, 10, 9, 1, 9, 4, 2, 3, 8, 3, 8, 9, 1]
(-1.517027744477855, -59.49006948208364, 7.212757967207164, 5.940563032514237)
[9, 8, 9, 5, 2, 3, 3, 1, 10, 10, 4, 10, 8, 10, 10, 5, 3, 8, 4, 4, 10, 9, 1, 9, 4, 2, 3, 8, 3, 8, 9, 1]
(-1.517027744477855, -59.49006948208364, 7.212757967207164, 5.940563032514237)
[8, 8, 4, 3, 2, 1, 3, 3, 8, 8, 1, 10, 7, 9, 6, 6, 3, 10, 1, 3, 10, 7, 4, 3, 2, 6, 3, 6, 10, 8, 9, 1]
(10.100608720862683, -136.79456220546612, -7.388799851579294, 5.963811736904093)
[5, 9, 4, 3, 2, 1, 3, 3, 8, 8, 1, 8, 7, 10, 7, 6, 3, 9, 2, 4, 10, 7, 4, 3, 8, 5, 3, 6, 3, 7, 9, 1]
(-7.096395870656354, -68.57068365908458, 10.30179403804875, 5.9858811521439765)
[5, 9, 4, 3, 2, 1, 3, 3, 8, 8, 1, 8, 7, 10, 7, 6, 3, 9, 2, 4, 10, 7, 4, 3, 8, 5, 3, 6, 3, 7, 9, 1]
(-7.096395870656354, -68.57068365908458, 10.30179403804875, 5.9858811521439765)
[5, 9, 4, 3, 2, 1, 3, 3, 8, 8, 1, 8, 7, 10, 7, 6, 3, 9, 2, 4, 10, 7, 4, 3, 8, 5, 3, 6, 3, 7, 9, 1]
(-7.096395870656354, -68.57068365908458, 10.30179403804875, 5.9858811521439765)
[9, 6, 4, 3, 2, 1, 3, 3, 10, 10, 1, 10, 8, 5, 8, 5, 3, 10, 1, 4, 10, 7, 4, 7, 4, 9, 5, 8, 6, 5, 6, 1]
(4.251503065451627, -0.6357485754695991, 2.101533261112806, 6.095337420233032)
[9, 6, 4, 3, 2, 1, 3, 3, 10, 10, 1, 10, 8, 5, 8, 5, 3, 10, 1, 4, 10, 7, 4, 7, 4, 9, 5, 8, 6, 5, 6, 1]
(5.132792041907112, -0.975045092948351, 1.5037396098721765, 6.145403749142729)
[9, 6, 4, 3, 2, 1, 3, 3, 10, 10, 1, 10, 8, 5, 8, 5, 3, 10, 1, 4, 10, 7, 4, 7, 4, 9, 5, 8, 6, 5, 6, 1]
(5.132792041907112, -0.975045092948351, 1.5037396098721765, 6.145403749142729)
[2, 6, 4, 3, 2, 1, 3, 3, 8, 8, 1, 10, 7, 9, 3, 4, 3, 10, 1, 3, 10, 7, 4, 10, 1, 9, 10, 9, 4, 5, 6, 1]
(-1.5206762930221231, 5.283423826394904, 4.515061442103111, 6.208853529983807)
[2, 6, 4, 3, 2, 1, 3, 3, 8, 8, 1, 10, 7, 9, 3, 4, 3, 10, 1, 3, 10, 7, 4, 10, 1, 9, 10, 9, 4, 5, 6, 1]
(-1.5206762930221231, 5.283423826394904, 4.515061442103111, 6.208853529983807)
[6, 8, 4, 3, 2, 1, 3, 3, 8, 8, 1, 10, 7, 9, 6, 6, 3, 10, 1, 3, 10, 7, 4, 3, 2, 6, 10, 9, 4, 5, 6, 1]
(1.8394063629038981, 5.870182837557359, 2.921415368645822, 6.241132627901537)
[6, 8, 4, 3, 2, 1, 3, 3, 8, 8, 1, 10, 7, 9, 6, 6, 3, 10, 1, 3, 10, 7, 4, 3, 2, 6, 10, 9, 4, 5, 6, 1]
(1.8394063629038981, 5.870182837557359, 2.921415368645822, 6.241132627901537)
[1, 8, 4, 3, 2, 3, 5, 3, 10, 10, 2, 10, 7, 9, 6, 2, 3, 10, 1, 3, 10, 7, 4, 9, 6, 2, 10, 8, 6, 5, 6, 1]
(6.443307071572735, -1.048342532829887, -0.28094527515399753, 6.2713150835363365)
[9, 6, 4, 3, 2, 1, 3, 3, 8, 8, 1, 10, 7, 9, 3, 6, 3, 10, 1, 3, 10, 7, 4, 10, 1, 9, 10, 9, 4, 5, 6, 1]
(-1.785496855038957, 3.290127355823537, 4.58686341235569, 6.283082221129954)
[9, 6, 4, 3, 2, 1, 3, 3, 8, 8, 1, 10, 7, 9, 3, 6, 3, 10, 1, 3, 10, 7, 4, 10, 1, 9, 10, 9, 4, 5, 6, 1]
(-1.785496855038957, 3.290127355823537, 4.58686341235569, 6.283082221129954)
[3, 8, 4, 3, 2, 1, 3, 7, 10, 10, 4, 10, 8, 9, 5, 1, 4, 10, 1, 3, 10, 7, 4, 10, 1, 9, 10, 9, 4, 5, 6, 1]
(2.896353013653026, 5.473998931665349, 1.6970141255530244, 6.2870582384149705)
[3, 8, 4, 3, 2, 1, 3, 7, 10, 10, 4, 10, 8, 9, 5, 1, 4, 10, 1, 3, 10, 7, 4, 10, 1, 9, 10, 9, 4, 5, 6, 1]
(2.896353013653026, 5.473998931665349, 1.6970141255530244, 6.2870582384149705)
[9, 8, 4, 3, 2, 1, 3, 3, 10, 10, 4, 10, 4, 7, 7, 7, 3, 10, 1, 3, 10, 7, 4, 9, 4, 10, 5, 8, 6, 5, 6, 1]
(5.894529598193902, -17.439013235082214, 1.49262072986848, 6.3052239524701745)
[9, 8, 1, 3, 2, 1, 3, 3, 8, 8, 1, 10, 2, 6, 8, 6, 3, 10, 1, 3, 10, 7, 4, 9, 4, 10, 3, 8, 8, 5, 6, 1]
(7.880589766532909, -68.07294577670234, -5.779877073259653, 6.360393345200686)
[9, 8, 1, 3, 2, 1, 3, 3, 8, 8, 1, 10, 2, 6, 8, 6, 3, 10, 1, 3, 10, 7, 4, 9, 4, 10, 3, 8, 8, 5, 6, 1]
(7.880589766532909, -68.07294577670234, -5.779877073259653, 6.360393345200686)
[9, 8, 1, 3, 2, 1, 3, 3, 8, 8, 1, 10, 2, 6, 8, 6, 3, 10, 1, 3, 10, 7, 4, 9, 4, 10, 3, 8, 8, 5, 6, 1]
(7.880589766532909, -68.07294577670234, -5.779877073259653, 6.360393345200686)
[9, 8, 1, 3, 2, 1, 3, 3, 8, 8, 1, 10, 7, 6, 8, 6, 3, 10, 1, 3, 10, 7, 4, 9, 4, 9, 3, 8, 8, 5, 6, 1]
(5.310778220525935, -79.7186423110895, -4.968164999445777, 6.367580000874796)
[1, 8, 4, 9, 2, 1, 3, 7, 10, 10, 4, 10, 8, 9, 5, 1, 7, 7, 1, 3, 10, 8, 4, 3, 4, 5, 3, 6, 2, 5, 6, 1]
(-4.701323236405654, -13.137286100322628, 5.344936408427022, 6.394667493255204)
[9, 6, 4, 3, 2, 1, 3, 3, 8, 8, 1, 10, 7, 4, 6, 6, 3, 10, 1, 3, 10, 7, 4, 7, 4, 9, 5, 8, 6, 5, 6, 1]
(4.84327597067612, -23.845550618947634, -1.801901616098345, 6.503549743986502)
[9, 6, 4, 3, 2, 1, 3, 3, 10, 10, 1, 10, 8, 5, 6, 5, 4, 9, 2, 4, 10, 7, 4, 3, 8, 5, 3, 6, 3, 5, 6, 1]
(-0.8834470145188902, 1.9710735237436219, 4.534748497427553, 6.534764957030154)
[8, 7, 7, 10, 2, 3, 3, 3, 10, 10, 1, 10, 8, 5, 3, 10, 9, 8, 2, 1, 10, 7, 6, 4, 4, 6, 10, 9, 5, 1, 1, 1]
(0.0999448769298823, 0.7707042891169048, -0.011001253758318657, 6.893147818169052)
[8, 7, 7, 10, 2, 3, 3, 3, 10, 10, 1, 10, 8, 5, 3, 10, 9, 8, 2, 1, 10, 7, 6, 4, 4, 6, 10, 9, 5, 1, 1, 1]
(0.0999448769298823, 0.7707042891169048, -0.011001253758318657, 6.893147818169052)
[8, 7, 7, 10, 1, 3, 3, 5, 8, 10, 4, 10, 4, 9, 6, 6, 3, 10, 1, 3, 6, 7, 6, 4, 4, 6, 10, 9, 5, 1, 1, 1]
(0.08991981632650266, 0.7197179467842851, -0.001539720335389708, 6.945760233836765)
[8, 7, 7, 10, 4, 3, 6, 3, 8, 10, 1, 10, 8, 5, 10, 10, 2, 8, 2, 1, 10, 7, 6, 4, 4, 6, 10, 9, 5, 1, 1, 1]
(0.0864572772194947, 0.7031933522119092, -0.004141774613981177, 6.952822154395053)
