[3, 1, 3, 1, 3, 5, 7, 9, 2, 9, 3, 2, 5, 10, 10, 1, 8, 10, 2, 4, 9, 9, 1, 7, 4, 6, 8, 3, 9, 10, 1, 4, 4, 1, 7, 8, 9, 7, 2, 9, 9, 3, 4, 10, 5, 8, 5, 9, 10, 4, 5, 9, 9, 1, 3, 3, 1, 1, 3, 3, 9, 8]
(1.010942431073633, 0.0, 1.0003682979382549, 0.5744680851063834, 1.0101231974549563, 0.2618656564324506)
[3, 1, 3, 1, 3, 5, 7, 9, 2, 9, 3, 2, 5, 10, 10, 1, 8, 10, 2, 4, 9, 9, 1, 7, 4, 6, 8, 3, 9, 10, 1, 4, 4, 1, 7, 8, 9, 7, 2, 9, 9, 3, 4, 10, 5, 8, 5, 9, 10, 4, 5, 9, 9, 1, 2, 3, 1, 1, 3, 3, 9, 8]
(1.0163310960866483, 0.6916190002486917, 1.0138038414530426, 0.0, 0.998592980112878, 0.2975358587716073)
[4, 7, 7, 2, 9, 10, 8, 2, 9, 10, 3, 5, 8, 4, 9, 3, 5, 7, 8, 6, 4, 10, 9, 8, 3, 8, 3, 10, 6, 7, 1, 4, 5, 8, 1, 10, 9, 2, 10, 10, 9, 7, 6, 4, 5, 8, 9, 9, 3, 3, 6, 9, 9, 8, 6, 3, 1, 3, 3, 3, 6, 1]
(1.0101408508606227, 0.2974013474494705, 1.0087198507972035, 1.0, 1.0112372561357885, 0.0)
[3, 1, 3, 1, 3, 5, 7, 9, 2, 9, 3, 2, 5, 10, 10, 1, 8, 10, 2, 4, 9, 9, 1, 7, 4, 6, 8, 3, 9, 10, 1, 4, 4, 1, 7, 8, 9, 7, 2, 9, 9, 3, 4, 10, 5, 8, 5, 9, 10, 4, 5, 9, 9, 1, 3, 3, 1, 1, 3, 3, 9, 8]
(1.010942431073633, 0.6916190002486917, 1.0003682979382549, 0.5744680851063834, 1.0101231974549563, 0.2618656564324506)
[3, 1, 3, 1, 3, 5, 9, 8, 4, 10, 3, 2, 5, 10, 9, 3, 8, 10, 1, 4, 5, 7, 1, 10, 4, 6, 8, 5, 10, 9, 9, 6, 5, 1, 4, 8, 9, 7, 2, 9, 9, 9, 1, 10, 5, 8, 5, 9, 10, 4, 5, 9, 9, 1, 3, 3, 1, 1, 3, 2, 9, 9]
(0.9820390590466536, 0.6916190002486917, 0.9963587279431497, 0.0, 1.015892195235935, 0.8544771740405982)
[4, 1, 8, 4, 1, 7, 10, 8, 2, 10, 6, 2, 5, 10, 9, 3, 8, 10, 1, 4, 5, 7, 7, 5, 4, 6, 8, 5, 10, 9, 9, 4, 4, 1, 4, 8, 9, 7, 2, 9, 9, 5, 1, 10, 5, 8, 5, 9, 10, 4, 5, 9, 9, 1, 3, 2, 1, 1, 3, 2, 10, 9]
(0.9895539199002064, 0.19834533913415583, 0.9833277110941686, 0.5744680851063834, 1.0213018945418266, 0.8544771740405982)
[3, 1, 3, 3, 3, 5, 9, 8, 2, 1, 3, 2, 2, 10, 9, 3, 8, 10, 8, 4, 1, 9, 1, 5, 4, 6, 8, 3, 10, 10, 9, 4, 6, 1, 4, 8, 2, 7, 2, 7, 9, 4, 1, 8, 5, 8, 5, 10, 10, 4, 5, 9, 8, 8, 3, 3, 1, 1, 3, 2, 9, 8]
(1.0064471158198984, 0.0, 0.5744680851063834, 0.9888364077545678, 1.0032600591890488, 0.8544771740405982)
[3, 1, 3, 1, 3, 3, 10, 2, 4, 10, 7, 4, 5, 10, 9, 3, 8, 10, 1, 7, 5, 7, 1, 5, 4, 6, 9, 5, 10, 7, 9, 4, 4, 1, 10, 8, 2, 7, 2, 7, 9, 9, 1, 10, 5, 8, 5, 9, 10, 4, 5, 9, 9, 1, 3, 3, 1, 1, 3, 2, 9, 9]
(1.0011237916536604, 0.6916190002486917, 1.0113564289174943, 1.0, 1.0042893641628297, 0.2618656564324506)
[3, 1, 7, 3, 3, 5, 9, 8, 2, 3, 7, 4, 5, 10, 9, 3, 8, 10, 1, 7, 5, 7, 1, 5, 4, 6, 9, 5, 10, 10, 9, 4, 4, 1, 4, 8, 2, 7, 2, 7, 9, 7, 1, 10, 5, 8, 5, 9, 10, 4, 5, 5, 8, 1, 3, 3, 1, 1, 3, 5, 9, 8]
(0.9708613217808287, 0.6916190002486917, 1.023462323565033, 1.0, 1.0118891750462327, 0.2618656564324506)
[3, 1, 3, 1, 3, 5, 9, 8, 2, 10, 10, 2, 5, 10, 7, 3, 8, 10, 1, 4, 5, 7, 7, 1, 3, 6, 6, 3, 9, 10, 9, 4, 4, 1, 7, 8, 9, 7, 2, 9, 9, 3, 4, 10, 5, 8, 5, 9, 10, 4, 3, 10, 8, 1, 3, 3, 1, 2, 3, 2, 9, 8]
(1.01286852052435, 0.6916190002486917, 1.0, 1.0, 0.9996852879412447, 0.2618656564324506)
[3, 1, 3, 1, 3, 1, 9, 7, 2, 10, 10, 2, 5, 10, 9, 3, 8, 10, 1, 4, 5, 7, 3, 10, 3, 6, 6, 10, 9, 7, 1, 4, 5, 1, 5, 8, 9, 8, 2, 9, 9, 3, 4, 10, 5, 8, 5, 9, 10, 4, 5, 9, 9, 1, 3, 3, 1, 1, 3, 2, 9, 9]
(0.9996452280320202, 0.6916190002486917, 1.011048649158326, 1.0, 0.2618656564324506, 0.2618656564324506)
[3, 1, 3, 1, 3, 1, 9, 8, 2, 10, 10, 2, 5, 10, 9, 3, 8, 10, 1, 4, 5, 7, 3, 10, 3, 6, 6, 10, 9, 7, 1, 4, 5, 1, 7, 8, 9, 7, 2, 9, 9, 3, 4, 10, 5, 8, 5, 9, 10, 4, 5, 9, 9, 1, 3, 3, 1, 1, 3, 2, 9, 9]
(1.0047903713770183, 0.6916190002486917, 1.0114945110864908, 1.0, 0.5311064871959433, 0.2618656564324506)
[6, 1, 7, 8, 3, 5, 7, 8, 2, 9, 3, 2, 5, 10, 10, 3, 8, 10, 2, 4, 7, 9, 1, 5, 4, 6, 8, 3, 9, 10, 9, 4, 4, 1, 7, 8, 2, 7, 2, 7, 9, 7, 1, 10, 5, 8, 5, 9, 10, 4, 5, 2, 8, 1, 3, 3, 1, 1, 3, 5, 9, 8]
(0.9927846449427283, 0.6916190002486917, 1.0199523027054935, 1.0, 1.0024913760833414, 0.2618656564324506)
[3, 1, 7, 3, 3, 5, 9, 8, 2, 3, 7, 4, 5, 10, 9, 3, 8, 10, 1, 7, 5, 7, 1, 5, 4, 6, 9, 5, 10, 10, 9, 4, 4, 1, 10, 8, 2, 7, 2, 7, 9, 9, 1, 10, 5, 8, 5, 9, 10, 4, 5, 5, 8, 1, 3, 3, 1, 1, 3, 5, 9, 8]
(0.9882247042842186, 0.6916190002486917, 1.0162479707039862, 1.0, 1.0112496060319216, 0.2618656564324506)
[3, 1, 3, 1, 3, 3, 10, 2, 4, 10, 7, 4, 5, 10, 9, 3, 8, 10, 1, 7, 5, 7, 1, 5, 4, 6, 9, 5, 10, 7, 9, 4, 1, 1, 10, 8, 2, 7, 2, 7, 9, 9, 1, 8, 5, 8, 9, 9, 10, 3, 5, 9, 10, 9, 3, 3, 1, 1, 3, 2, 9, 9]
(1.0055901567451628, 0.6916190002486917, 1.0014822258613978, 1.0, 0.7830219416879164, 0.2618656564324506)
[6, 1, 7, 8, 3, 5, 7, 8, 2, 9, 3, 2, 5, 10, 10, 3, 8, 10, 2, 4, 9, 9, 1, 5, 4, 6, 8, 7, 2, 10, 9, 4, 4, 1, 4, 8, 2, 7, 2, 7, 9, 7, 1, 10, 5, 8, 5, 9, 10, 4, 3, 5, 8, 1, 3, 3, 1, 1, 3, 5, 9, 8]
(0.6916190002486917, 0.6916190002486917, 1.0124797125346932, 1.0, 1.000846769008783, 0.2618656564324506)
[3, 1, 3, 3, 3, 1, 9, 8, 2, 10, 8, 2, 5, 10, 9, 3, 6, 10, 1, 4, 5, 7, 1, 5, 4, 6, 8, 5, 10, 9, 1, 7, 5, 7, 5, 10, 7, 4, 7, 7, 9, 6, 9, 4, 5, 8, 9, 2, 3, 6, 6, 9, 9, 1, 3, 3, 1, 1, 3, 2, 9, 9]
(1.0080060292966637, 0.6916190002486917, 1.0081367141567144, 1.0, 0.9797887657769001, 0.2618656564324506)
[6, 4, 3, 3, 10, 6, 9, 2, 9, 7, 3, 5, 8, 10, 9, 3, 5, 7, 8, 6, 8, 5, 8, 8, 3, 8, 9, 10, 7, 7, 1, 4, 5, 7, 10, 10, 9, 5, 8, 7, 9, 7, 6, 4, 5, 8, 9, 2, 3, 6, 6, 9, 9, 8, 6, 3, 1, 3, 2, 3, 9, 3]
(-0.00418713921680954, 0.18696636263810143, 1.0024150776676803, 1.0, 0.8544771740405982, 0.8544771740405982)
[6, 4, 3, 3, 10, 6, 9, 2, 9, 7, 3, 5, 8, 10, 9, 3, 5, 7, 8, 6, 8, 5, 8, 8, 3, 8, 9, 10, 7, 7, 1, 4, 5, 7, 10, 10, 9, 9, 8, 7, 9, 7, 6, 4, 5, 8, 9, 2, 3, 6, 6, 9, 9, 8, 6, 3, 1, 3, 2, 3, 9, 3]
(-0.18578655822202475, 0.18696636263810143, 1.0038864932022962, 1.0, 0.8544771740405982, 0.8544771740405982)
[6, 4, 3, 3, 10, 6, 9, 2, 9, 7, 3, 5, 8, 7, 9, 3, 5, 7, 8, 6, 8, 5, 8, 8, 3, 8, 9, 7, 7, 7, 1, 4, 5, 7, 10, 10, 9, 5, 8, 7, 9, 7, 6, 4, 5, 8, 9, 2, 3, 6, 6, 9, 9, 8, 6, 3, 1, 3, 2, 3, 9, 3]
(-0.17652552304789337, 0.18696636263810143, 1.0, 1.0, 0.9698297700844675, 0.8544771740405982)
[3, 1, 7, 3, 3, 5, 9, 8, 2, 3, 3, 2, 5, 10, 9, 3, 8, 10, 1, 4, 5, 7, 1, 5, 4, 4, 8, 5, 10, 10, 9, 4, 4, 1, 4, 8, 2, 6, 2, 9, 10, 9, 1, 10, 5, 9, 5, 9, 10, 4, 5, 9, 8, 1, 3, 3, 1, 1, 3, 5, 9, 8]
(0.9874449529685057, 0.6916190002486917, 1.016515799332407, 0.5744680851063834, 0.998335503134874, 0.8544771740405982)
[3, 1, 3, 1, 3, 5, 7, 9, 2, 9, 4, 2, 5, 10, 10, 3, 8, 10, 2, 4, 3, 9, 1, 7, 4, 6, 8, 3, 9, 10, 1, 3, 4, 4, 7, 8, 9, 7, 2, 9, 9, 3, 4, 10, 5, 4, 2, 9, 10, 4, 5, 9, 9, 1, 3, 3, 1, 1, 3, 3, 9, 8]
(1.0088495180942088, 0.6916190002486917, 0.5744680851063834, 0.5744680851063834, 1.0111581259407074, 0.8544771740405982)
[3, 1, 3, 1, 3, 5, 7, 8, 2, 9, 3, 2, 5, 10, 10, 3, 8, 10, 2, 4, 9, 9, 1, 5, 4, 6, 8, 3, 9, 10, 9, 4, 4, 1, 4, 5, 2, 7, 2, 7, 7, 7, 1, 10, 5, 8, 5, 9, 10, 4, 5, 9, 8, 3, 3, 3, 1, 2, 3, 2, 9, 8]
(0.9915114554576551, 0.6916190002486917, 0.7506328505463935, 0.5744680851063834, 1.019113513920453, 0.8544771740405982)
[3, 1, 3, 1, 3, 5, 7, 9, 2, 9, 4, 2, 5, 10, 10, 3, 8, 10, 2, 4, 3, 9, 1, 7, 4, 6, 8, 3, 9, 10, 1, 3, 4, 4, 7, 8, 9, 7, 2, 9, 9, 3, 4, 10, 5, 4, 2, 9, 10, 4, 5, 9, 9, 1, 3, 3, 1, 1, 3, 3, 9, 8]
(1.0088495180942088, 0.6916190002486917, 0.5744680851063834, 0.5744680851063834, 1.0111581259407074, 0.8544771740405982)
[3, 1, 6, 1, 3, 7, 9, 8, 2, 9, 3, 2, 5, 10, 10, 3, 8, 10, 2, 4, 9, 9, 1, 10, 4, 6, 8, 5, 10, 9, 9, 6, 5, 3, 4, 8, 9, 7, 2, 9, 7, 9, 1, 10, 5, 8, 5, 9, 10, 4, 5, 9, 9, 1, 3, 3, 1, 1, 3, 2, 8, 9]
(1.0035998486913713, 0.6916190002486917, 0.5744680851063834, 0.5744680851063834, 1.0164057412184746, 0.8544771740405982)
[3, 1, 3, 1, 3, 5, 7, 8, 2, 9, 3, 2, 5, 10, 10, 3, 8, 10, 2, 4, 9, 9, 1, 5, 4, 6, 8, 3, 9, 10, 9, 4, 4, 1, 7, 8, 9, 7, 2, 9, 9, 3, 4, 10, 5, 8, 5, 9, 10, 4, 5, 9, 8, 1, 3, 3, 1, 2, 3, 2, 9, 8]
(1.001380265410987, 0.6916190002486917, 0.988512299675492, 0.5744680851063834, 1.0129592263139755, 0.8544771740405982)
[3, 1, 3, 1, 3, 5, 7, 8, 2, 9, 3, 2, 5, 10, 10, 1, 8, 10, 2, 4, 9, 9, 1, 5, 4, 6, 8, 3, 9, 10, 9, 4, 4, 1, 7, 8, 9, 7, 2, 9, 9, 3, 4, 10, 5, 8, 5, 9, 10, 4, 5, 9, 9, 1, 3, 3, 1, 1, 3, 2, 9, 8]
(1.001763083878902, 0.6916190002486917, 0.9840431933291233, 0.5744680851063834, 1.014285498764363, 0.8544771740405982)
[3, 1, 3, 1, 3, 7, 9, 8, 2, 9, 3, 2, 5, 10, 10, 3, 8, 10, 2, 4, 9, 9, 1, 10, 4, 6, 6, 5, 10, 9, 9, 6, 5, 3, 4, 8, 9, 7, 2, 9, 9, 3, 4, 10, 5, 8, 5, 9, 10, 4, 5, 9, 8, 1, 3, 3, 1, 1, 3, 2, 9, 9]
(0.9957043585367475, 0.6916190002486917, 0.9343620444647944, 0.5744680851063834, 1.0121801328845292, 0.8544771740405982)
[3, 1, 3, 1, 3, 5, 7, 8, 2, 9, 3, 2, 5, 10, 10, 3, 8, 10, 2, 4, 7, 9, 1, 5, 4, 6, 8, 3, 9, 10, 9, 4, 4, 1, 7, 8, 9, 7, 2, 9, 9, 3, 4, 10, 5, 8, 5, 9, 10, 4, 5, 10, 8, 1, 3, 3, 1, 2, 3, 2, 9, 8]
(0.9882492019794854, 0.6916190002486917, 0.9872513636015332, 0.5744680851063834, 1.0116352383978637, 0.8544771740405982)
[10, 7, 7, 2, 9, 10, 8, 2, 9, 8, 3, 5, 8, 4, 9, 3, 5, 7, 8, 6, 4, 8, 9, 8, 1, 8, 3, 10, 6, 7, 1, 4, 5, 2, 10, 10, 9, 2, 6, 10, 9, 7, 8, 4, 4, 8, 9, 10, 3, 3, 6, 9, 9, 8, 6, 3, 1, 3, 3, 3, 6, 1]
(1.0161832864396245, 0.2974013474494705, 1.0111041803844245, 1.0, 1.0175399164669185, 0.8544771740405982)
[10, 4, 7, 2, 9, 10, 8, 2, 9, 8, 3, 5, 8, 4, 9, 3, 5, 7, 8, 6, 4, 10, 9, 8, 3, 8, 3, 10, 6, 7, 1, 4, 5, 2, 10, 10, 9, 2, 6, 10, 9, 7, 8, 4, 4, 8, 9, 10, 3, 3, 6, 9, 9, 8, 6, 3, 1, 3, 3, 3, 6, 1]
(1.0176838002167612, 0.2974013474494705, 1.010785590019074, 1.0, 1.0184532069601087, 0.8544771740405982)
[10, 7, 8, 2, 9, 10, 8, 2, 9, 8, 3, 5, 8, 4, 9, 3, 5, 7, 8, 6, 4, 10, 9, 8, 3, 8, 3, 10, 6, 7, 1, 4, 5, 2, 10, 10, 9, 2, 8, 10, 9, 7, 8, 4, 4, 8, 9, 10, 3, 3, 6, 9, 9, 8, 6, 3, 1, 3, 3, 3, 6, 1]
(1.016853857319799, 0.2974013474494705, 1.009105503652242, 1.0, 1.0150325494818362, 0.8544771740405982)
[10, 7, 7, 2, 9, 10, 8, 2, 9, 8, 3, 5, 8, 4, 9, 3, 5, 7, 8, 6, 4, 10, 9, 8, 3, 8, 3, 10, 6, 7, 1, 4, 5, 2, 10, 10, 9, 2, 6, 10, 9, 7, 8, 4, 4, 8, 9, 10, 3, 3, 6, 9, 9, 8, 6, 3, 1, 3, 3, 3, 6, 1]
(1.0148398001678258, 0.2974013474494705, 1.0075443639419943, 1.0, 1.0204568560235172, 0.8544771740405982)
[10, 7, 7, 2, 9, 10, 8, 2, 9, 8, 3, 5, 8, 4, 9, 3, 5, 7, 8, 6, 4, 10, 9, 8, 3, 8, 3, 6, 6, 7, 1, 4, 5, 2, 10, 10, 9, 2, 6, 10, 9, 7, 8, 4, 4, 8, 9, 10, 3, 3, 6, 9, 9, 8, 6, 3, 1, 3, 3, 3, 6, 1]
(1.0132524983026059, 0.2974013474494705, 1.0088945456780467, 1.0, 1.014325662981716, 0.8544771740405982)
[10, 8, 8, 9, 7, 7, 9, 4, 8, 7, 3, 5, 8, 10, 6, 9, 5, 7, 1, 6, 8, 5, 8, 8, 3, 1, 9, 10, 6, 7, 1, 6, 5, 10, 10, 10, 9, 5, 6, 7, 9, 7, 6, 1, 5, 10, 9, 7, 3, 7, 1, 5, 9, 3, 6, 3, 3, 4, 6, 2, 8, 1]
(1.016606320347634, 0.2974013474494705, 1.0144508109427959, 1.0, 1.0208851900882987, 0.8544771740405982)
[10, 7, 8, 2, 9, 10, 8, 2, 9, 8, 3, 5, 8, 4, 9, 3, 5, 7, 8, 6, 4, 10, 9, 8, 3, 8, 3, 10, 6, 7, 1, 4, 5, 2, 10, 10, 9, 2, 8, 10, 9, 7, 8, 4, 4, 8, 9, 10, 3, 3, 6, 9, 9, 8, 6, 3, 1, 3, 3, 3, 6, 1]
(1.016853857319799, 0.2974013474494705, 1.009105503652242, 1.0, 1.0150325494818362, 0.8544771740405982)
[10, 4, 7, 2, 9, 10, 8, 2, 9, 8, 3, 5, 8, 4, 9, 3, 5, 7, 8, 6, 4, 10, 9, 8, 3, 8, 3, 10, 6, 9, 1, 4, 5, 2, 10, 10, 9, 2, 6, 10, 9, 7, 8, 4, 4, 8, 9, 10, 1, 3, 6, 9, 9, 8, 6, 3, 1, 3, 3, 3, 6, 1]
(1.0127348857931764, 0.2974013474494705, 1.0116984265856415, 1.0, 1.0153067578561574, 0.8544771740405982)
[4, 7, 7, 2, 9, 10, 8, 2, 9, 10, 3, 5, 8, 4, 9, 3, 5, 7, 8, 6, 8, 5, 1, 8, 3, 8, 9, 10, 7, 7, 1, 4, 9, 7, 10, 10, 9, 5, 7, 7, 9, 7, 6, 4, 5, 8, 9, 2, 3, 6, 6, 8, 9, 8, 6, 3, 1, 3, 3, 3, 6, 1]
(1.014427455980328, 0.2974013474494705, 1.008369354065505, 1.0, 1.0187242255546123, 0.8544771740405982)
[10, 7, 8, 2, 9, 10, 8, 2, 9, 8, 3, 5, 8, 4, 9, 3, 5, 7, 8, 6, 4, 10, 9, 8, 3, 8, 3, 10, 6, 7, 1, 4, 5, 2, 10, 10, 9, 2, 6, 10, 9, 7, 8, 4, 4, 8, 9, 10, 3, 3, 6, 8, 9, 8, 6, 3, 1, 3, 3, 3, 6, 1]
(1.0147771599702509, 0.2974013474494705, 1.0096117316745192, 1.0, 1.0206246512941985, 0.8544771740405982)
[4, 7, 7, 2, 9, 10, 8, 2, 9, 10, 3, 5, 8, 4, 9, 3, 5, 7, 8, 6, 4, 10, 9, 8, 3, 8, 3, 10, 6, 7, 1, 4, 5, 8, 1, 10, 9, 2, 10, 10, 9, 7, 8, 4, 4, 8, 9, 10, 3, 3, 6, 9, 9, 8, 6, 3, 1, 3, 3, 3, 6, 1]
(1.0147215289063722, 0.2974013474494705, 1.0072318897582562, 1.0, 1.011804956663397, 0.8544771740405982)
[3, 1, 3, 1, 3, 1, 9, 8, 2, 10, 10, 2, 5, 10, 9, 3, 8, 10, 1, 4, 5, 7, 7, 10, 3, 6, 6, 10, 9, 7, 1, 4, 5, 10, 5, 8, 9, 7, 2, 9, 9, 9, 4, 8, 5, 8, 5, 9, 10, 3, 5, 9, 8, 9, 3, 3, 1, 1, 3, 2, 9, 9]
(0.6916190002486917, 0.3781444046593849, 1.0124899500049622, 1.0, 0.9997098081745183, 0.8544771740405982)
[3, 1, 3, 3, 3, 5, 9, 8, 2, 6, 3, 2, 5, 10, 9, 3, 8, 10, 8, 4, 1, 9, 1, 5, 4, 6, 8, 9, 10, 10, 9, 4, 4, 1, 4, 8, 2, 7, 2, 9, 9, 7, 1, 10, 5, 8, 5, 9, 10, 8, 5, 9, 8, 1, 3, 3, 1, 1, 3, 5, 9, 8]
(0.9835698894225038, 0.6916190002486917, 1.0, 1.0, 1.0090543000958834, 0.6142057756657189)
[3, 1, 2, 1, 3, 5, 9, 8, 2, 9, 3, 2, 5, 10, 10, 3, 8, 10, 2, 4, 9, 9, 1, 5, 4, 6, 8, 3, 9, 10, 9, 4, 4, 1, 7, 8, 9, 4, 7, 7, 9, 6, 9, 4, 5, 8, 9, 2, 3, 6, 6, 9, 9, 1, 3, 3, 1, 1, 3, 2, 9, 8]
(1.0030718193389447, 0.6916190002486917, 0.98008485836908, 0.9691295911557952, 0.8544771740405982, 0.8544771740405982)
[3, 1, 3, 1, 3, 5, 9, 8, 2, 10, 3, 2, 5, 10, 9, 3, 8, 10, 1, 4, 5, 7, 1, 10, 4, 6, 8, 5, 10, 10, 9, 6, 5, 1, 4, 8, 9, 7, 2, 9, 9, 7, 1, 10, 5, 8, 5, 10, 10, 4, 5, 9, 9, 1, 3, 3, 1, 1, 3, 2, 9, 9]
(0.9887292374856747, 0.6916190002486917, 0.06959613012149685, 0.9741900532506387, 1.0127662927843601, 0.8544771740405982)
[3, 1, 3, 1, 3, 1, 9, 8, 2, 10, 3, 2, 5, 10, 9, 3, 8, 7, 1, 4, 5, 7, 1, 5, 4, 6, 8, 5, 10, 10, 9, 4, 4, 1, 7, 8, 9, 7, 2, 9, 9, 3, 4, 10, 5, 8, 5, 9, 10, 4, 5, 9, 8, 1, 3, 3, 1, 1, 3, 2, 9, 9]
(1.0039325495250495, 0.6916190002486917, 0.9903343162499345, 0.9888496386818564, 1.0122449942864449, 0.8544771740405982)
[3, 1, 3, 1, 3, 1, 9, 8, 2, 10, 3, 2, 5, 10, 9, 3, 8, 7, 1, 4, 5, 7, 1, 5, 4, 6, 8, 5, 10, 9, 9, 4, 4, 1, 4, 8, 9, 7, 2, 9, 9, 3, 4, 10, 5, 8, 5, 9, 10, 4, 5, 9, 8, 1, 3, 3, 1, 1, 3, 2, 9, 9]
(1.0037757200188908, 0.6916190002486917, 0.9926669026724969, 0.9944053600542222, 1.0096459369175108, 0.8544771740405982)
[3, 1, 7, 3, 3, 5, 9, 8, 2, 3, 3, 2, 5, 10, 9, 3, 8, 10, 1, 4, 5, 7, 1, 5, 4, 4, 8, 5, 10, 10, 9, 4, 4, 1, 4, 8, 2, 6, 2, 9, 10, 9, 1, 10, 5, 9, 5, 9, 10, 4, 5, 9, 8, 1, 3, 3, 1, 1, 3, 5, 9, 8]
(0.9874449529685057, 0.6916190002486917, 1.016515799332407, 0.9955523435957705, 0.998335503134874, 0.8544771740405982)
[6, 4, 3, 3, 10, 7, 2, 8, 2, 3, 7, 7, 5, 8, 4, 7, 4, 6, 10, 5, 9, 8, 6, 8, 8, 8, 9, 7, 3, 6, 10, 7, 5, 10, 5, 10, 7, 4, 6, 7, 9, 4, 4, 2, 5, 8, 5, 9, 7, 6, 1, 3, 9, 8, 6, 3, 1, 3, 2, 3, 9, 3]
(0.9602008140645905, 0.6916190002486917, 1.000039588939396, 0.997444283869115, 1.0204186319373516, 0.8544771740405982)
[3, 1, 7, 3, 3, 5, 9, 8, 2, 3, 7, 4, 5, 10, 9, 3, 8, 10, 1, 7, 5, 7, 1, 5, 4, 6, 9, 5, 10, 10, 9, 4, 4, 1, 4, 8, 2, 7, 2, 7, 9, 9, 1, 10, 5, 8, 5, 9, 10, 4, 5, 5, 8, 1, 3, 3, 1, 1, 3, 5, 9, 8]
(0.963745058421044, 0.6916190002486917, 1.022233296278861, 1.0, 1.013321950007227, 0.8544771740405982)
[3, 1, 3, 1, 3, 5, 9, 8, 2, 10, 3, 2, 5, 10, 9, 3, 8, 10, 8, 4, 1, 7, 7, 5, 4, 6, 8, 5, 10, 9, 9, 6, 5, 1, 4, 8, 9, 7, 2, 9, 9, 9, 1, 10, 5, 8, 5, 9, 10, 4, 5, 9, 9, 1, 3, 3, 1, 1, 3, 2, 9, 9]
(0.9963652803562556, 0.6916190002486917, 0.6009925992228136, 1.0, 1.019224213529375, 0.8544771740405982)
[3, 1, 5, 1, 3, 5, 9, 4, 2, 3, 7, 4, 5, 10, 9, 3, 8, 10, 1, 7, 5, 5, 1, 5, 4, 6, 8, 7, 10, 6, 9, 7, 4, 1, 7, 8, 9, 7, 2, 9, 9, 3, 1, 10, 5, 8, 3, 9, 10, 4, 5, 9, 8, 1, 3, 3, 1, 1, 3, 2, 9, 9]
(0.9935630026273407, 0.6916190002486917, 1.0, 1.0, 1.0121244889683993, 0.8544771740405982)
[6, 4, 9, 3, 10, 7, 2, 8, 2, 3, 7, 7, 5, 8, 4, 7, 4, 6, 10, 5, 9, 8, 6, 8, 8, 8, 9, 7, 3, 7, 10, 7, 5, 10, 5, 1, 6, 4, 6, 7, 9, 4, 4, 2, 5, 3, 5, 9, 7, 6, 1, 3, 10, 8, 6, 3, 1, 4, 2, 3, 9, 3]
(0.9620799333788438, 0.6916190002486917, 1.0102520550601155, 1.0, 1.017849860806015, 0.8544771740405982)
[6, 4, 9, 3, 10, 7, 2, 8, 2, 3, 7, 7, 5, 8, 4, 7, 4, 6, 10, 5, 9, 8, 6, 8, 8, 8, 9, 7, 3, 8, 10, 7, 5, 10, 5, 1, 7, 4, 6, 7, 9, 4, 4, 2, 5, 3, 5, 9, 7, 6, 1, 3, 10, 8, 6, 3, 1, 4, 2, 3, 9, 3]
(0.9621357443742438, 0.6916190002486917, 1.0146094995550783, 1.0, 1.0201022912748128, 0.8544771740405982)
[3, 1, 3, 1, 3, 5, 9, 4, 8, 7, 3, 2, 5, 10, 9, 3, 8, 10, 1, 4, 5, 7, 1, 5, 4, 6, 8, 3, 9, 10, 9, 4, 4, 1, 4, 8, 4, 7, 2, 9, 9, 7, 3, 10, 5, 8, 5, 9, 10, 4, 5, 9, 8, 1, 3, 3, 1, 1, 3, 2, 9, 9]
(0.9828993904404321, 0.6916190002486917, 0.9992917285300765, 1.0, 1.0102888931520253, 0.8544771740405982)
[3, 1, 2, 1, 3, 5, 9, 8, 2, 9, 3, 2, 5, 10, 10, 3, 8, 10, 2, 4, 9, 9, 1, 5, 4, 6, 8, 3, 9, 10, 9, 4, 4, 1, 7, 8, 9, 7, 2, 9, 9, 3, 4, 10, 5, 8, 5, 9, 10, 4, 5, 9, 8, 1, 3, 3, 1, 2, 3, 2, 9, 8]
(1.0001318088732634, 0.6916190002486917, 0.9451778094284221, 1.0, 1.0117953347973496, 0.8544771740405982)
[3, 1, 7, 3, 3, 5, 9, 8, 2, 3, 3, 2, 5, 10, 9, 3, 8, 10, 1, 4, 5, 7, 1, 5, 4, 6, 8, 5, 10, 10, 9, 4, 4, 1, 4, 8, 2, 7, 2, 7, 9, 7, 1, 10, 5, 8, 5, 9, 10, 4, 5, 5, 8, 1, 3, 3, 1, 1, 3, 5, 9, 8]
(0.9817380453459896, 0.6916190002486917, 1.014955296833065, 1.0, 1.0020270287059223, 0.8544771740405982)
[3, 1, 7, 3, 3, 5, 9, 8, 2, 3, 7, 4, 5, 10, 9, 3, 8, 10, 1, 7, 5, 7, 1, 5, 4, 6, 8, 9, 10, 10, 9, 4, 4, 1, 4, 8, 2, 7, 2, 9, 9, 7, 1, 10, 5, 8, 5, 9, 10, 4, 5, 5, 8, 1, 3, 3, 1, 1, 3, 5, 9, 8]
(0.9704376519657654, 0.6916190002486917, 1.021692386548963, 1.0, 1.0075718457810552, 0.8544771740405982)
[3, 1, 7, 9, 3, 1, 9, 8, 2, 10, 3, 2, 5, 10, 9, 3, 8, 10, 1, 4, 5, 7, 1, 10, 4, 6, 8, 5, 10, 10, 9, 4, 4, 1, 2, 8, 9, 7, 2, 9, 9, 9, 1, 10, 5, 9, 7, 9, 10, 4, 5, 9, 9, 1, 3, 3, 1, 1, 3, 2, 9, 9]
(0.9945224574767029, 0.6916190002486917, 1.0074919984675916, 1.0, 1.006592869665471, 0.8544771740405982)
[3, 1, 2, 1, 3, 5, 9, 8, 2, 3, 10, 2, 5, 10, 9, 3, 8, 10, 1, 4, 5, 7, 7, 3, 4, 6, 8, 5, 10, 6, 9, 6, 5, 1, 4, 8, 9, 7, 2, 9, 9, 9, 1, 10, 5, 8, 5, 9, 10, 4, 5, 9, 9, 1, 3, 3, 1, 1, 3, 2, 9, 8]
(1.0098326657898695, 0.6916190002486917, 1.0, 1.0, 1.011497078742829, 0.8544771740405982)
[3, 1, 7, 8, 3, 5, 9, 8, 2, 3, 3, 2, 5, 10, 9, 3, 8, 10, 1, 4, 5, 7, 1, 5, 4, 6, 8, 5, 10, 10, 9, 4, 4, 1, 4, 8, 2, 7, 2, 7, 9, 7, 1, 10, 5, 8, 5, 9, 10, 4, 5, 5, 8, 1, 3, 3, 1, 1, 3, 5, 9, 8]
(0.9656273596920056, 0.6916190002486917, 1.0033198107965262, 1.0, 1.011794467549768, 0.8544771740405982)
[6, 4, 3, 3, 10, 7, 9, 8, 2, 3, 7, 7, 5, 5, 4, 7, 5, 6, 10, 5, 9, 8, 6, 8, 8, 6, 5, 7, 3, 6, 1, 7, 5, 10, 5, 10, 7, 4, 6, 7, 9, 6, 9, 4, 5, 8, 9, 9, 7, 6, 1, 3, 8, 8, 6, 3, 1, 3, 2, 3, 9, 3]
(0.9604651023633761, 0.6916190002486917, 1.0, 1.0, 1.0205667207948832, 0.8544771740405982)
[3, 1, 7, 9, 3, 1, 9, 8, 2, 10, 3, 2, 5, 10, 9, 3, 8, 10, 1, 4, 5, 7, 1, 10, 4, 6, 8, 5, 10, 10, 9, 4, 4, 1, 2, 8, 9, 7, 2, 9, 9, 9, 4, 10, 5, 9, 7, 9, 10, 4, 5, 9, 9, 1, 3, 3, 1, 1, 3, 2, 9, 9]
(0.9860628553666153, 0.6916190002486917, 1.0141882968135147, 1.0, 1.0103694758377941, 0.8544771740405982)
[6, 1, 7, 8, 3, 5, 7, 8, 2, 9, 3, 2, 5, 10, 10, 3, 8, 10, 2, 4, 1, 7, 7, 1, 4, 6, 8, 5, 10, 9, 9, 6, 6, 1, 4, 8, 9, 6, 2, 9, 10, 9, 1, 10, 5, 9, 5, 9, 10, 4, 5, 9, 8, 1, 3, 3, 1, 1, 3, 5, 9, 8]
(0.9859602729789891, 0.6916190002486917, 1.0152832376770646, 1.0, 0.8544771740405982, 0.8544771740405982)
[3, 1, 3, 3, 3, 1, 9, 8, 2, 10, 8, 2, 5, 10, 9, 3, 6, 10, 1, 4, 5, 7, 3, 5, 4, 6, 8, 3, 9, 10, 9, 4, 4, 1, 7, 8, 9, 7, 2, 9, 9, 7, 4, 10, 5, 8, 5, 9, 10, 4, 5, 9, 8, 1, 3, 3, 1, 1, 3, 2, 9, 9]
(1.0088779903016958, 0.6916190002486917, 1.0, 1.0, 1.0100210922770174, 0.8544771740405982)
[3, 1, 7, 3, 3, 5, 9, 8, 2, 3, 7, 4, 5, 10, 9, 3, 8, 10, 1, 7, 5, 7, 1, 5, 4, 6, 9, 5, 10, 10, 9, 4, 4, 1, 4, 8, 2, 7, 3, 7, 9, 9, 1, 10, 5, 8, 5, 9, 10, 4, 5, 5, 8, 1, 3, 3, 1, 1, 3, 5, 9, 8]
(0.973496410343794, 0.6916190002486917, 1.021187593322244, 1.0, 1.0125511166639596, 0.8544771740405982)
[3, 1, 7, 3, 3, 5, 9, 8, 2, 3, 3, 2, 5, 10, 9, 3, 8, 10, 1, 4, 5, 7, 1, 5, 4, 6, 8, 5, 10, 10, 9, 4, 4, 1, 4, 8, 2, 7, 2, 7, 9, 7, 1, 10, 5, 8, 5, 9, 10, 4, 5, 5, 8, 1, 3, 3, 1, 1, 3, 5, 9, 8]
(0.9817380453459896, 0.6916190002486917, 1.014955296833065, 1.0, 1.0020270287059223, 0.8544771740405982)
[10, 1, 7, 3, 2, 5, 9, 8, 2, 3, 7, 4, 5, 10, 9, 3, 8, 10, 1, 7, 5, 7, 1, 5, 4, 6, 9, 5, 10, 10, 9, 4, 4, 1, 5, 8, 2, 7, 2, 8, 9, 7, 1, 10, 5, 8, 5, 9, 10, 4, 5, 5, 8, 1, 3, 3, 1, 1, 3, 5, 9, 8]
(0.9728322139941137, 0.6916190002486917, 1.0186356551013858, 1.0, 0.9945400410331758, 0.8544771740405982)
[6, 4, 4, 3, 10, 7, 9, 8, 5, 3, 7, 7, 5, 5, 5, 7, 4, 6, 10, 5, 9, 8, 7, 8, 6, 6, 8, 10, 3, 6, 9, 8, 5, 10, 5, 10, 7, 4, 6, 7, 9, 9, 1, 4, 5, 8, 9, 9, 7, 6, 1, 3, 8, 8, 6, 3, 1, 3, 2, 3, 9, 3]
(0.9573409616015838, 0.6916190002486917, 1.0, 1.0, 1.0180673212744265, 0.8544771740405982)
[6, 4, 3, 4, 10, 7, 9, 8, 5, 3, 7, 7, 5, 5, 4, 7, 4, 6, 10, 5, 9, 8, 6, 8, 8, 6, 9, 7, 3, 6, 1, 7, 5, 10, 5, 10, 7, 4, 6, 7, 9, 6, 8, 2, 3, 8, 6, 9, 7, 6, 1, 3, 9, 8, 6, 3, 1, 3, 3, 3, 9, 3]
(0.9606794203631563, 0.6916190002486917, 1.0099236859939964, 1.0, 1.014859478455034, 0.8544771740405982)
[6, 4, 9, 3, 10, 7, 2, 8, 2, 3, 7, 7, 5, 8, 4, 7, 4, 6, 10, 5, 9, 8, 6, 8, 8, 8, 9, 7, 3, 6, 10, 7, 5, 10, 5, 1, 7, 4, 6, 7, 9, 6, 9, 2, 5, 3, 5, 9, 7, 6, 1, 3, 9, 8, 6, 3, 1, 4, 2, 3, 9, 3]
(0.961785650532691, 0.6916190002486917, 1.009937848057595, 1.0, 1.0224640588276057, 0.8544771740405982)
[6, 4, 3, 3, 10, 7, 9, 8, 2, 3, 7, 7, 5, 5, 4, 7, 4, 6, 10, 5, 9, 8, 6, 8, 8, 6, 5, 7, 3, 6, 1, 7, 5, 10, 5, 10, 7, 4, 6, 7, 9, 6, 8, 2, 5, 9, 9, 9, 7, 6, 1, 3, 8, 8, 6, 3, 1, 3, 2, 3, 9, 3]
(0.9603649205528183, 0.6916190002486917, 1.0, 1.0, 1.0163902941159872, 0.8544771740405982)
[6, 4, 3, 3, 10, 7, 9, 8, 6, 3, 7, 7, 5, 5, 4, 7, 4, 6, 10, 5, 9, 8, 6, 8, 8, 1, 9, 7, 3, 6, 1, 7, 5, 10, 5, 10, 7, 4, 6, 7, 9, 6, 9, 4, 5, 8, 9, 9, 7, 6, 1, 3, 8, 8, 6, 3, 1, 3, 2, 3, 9, 3]
(0.9594496925361438, 0.6916190002486917, 1.0, 1.0, 1.0185798226855665, 0.8544771740405982)
[3, 1, 3, 1, 3, 7, 9, 8, 2, 10, 3, 2, 5, 10, 9, 3, 8, 10, 1, 4, 5, 7, 7, 5, 4, 6, 8, 5, 10, 9, 9, 4, 4, 1, 4, 8, 9, 7, 2, 9, 9, 9, 1, 10, 5, 8, 5, 9, 10, 4, 5, 9, 9, 1, 3, 3, 1, 1, 3, 2, 9, 9]
(0.9963051198981677, 0.6916190002486917, 0.33078981181606054, 1.0, 1.014349285606292, 0.8544771740405982)
[6, 4, 9, 3, 10, 7, 2, 8, 2, 3, 7, 7, 5, 8, 4, 7, 4, 6, 10, 5, 9, 8, 6, 8, 8, 8, 9, 7, 3, 6, 10, 7, 5, 10, 5, 1, 7, 4, 6, 7, 9, 6, 8, 2, 8, 3, 5, 9, 7, 6, 1, 3, 9, 8, 6, 3, 1, 4, 2, 3, 9, 3]
(0.9617357435636206, 0.6916190002486917, 1.005924709979442, 1.0, 1.0212383574806123, 0.8544771740405982)
[3, 1, 5, 1, 3, 5, 9, 4, 2, 3, 7, 4, 5, 10, 9, 3, 8, 10, 1, 7, 5, 7, 1, 5, 4, 6, 8, 7, 10, 6, 9, 7, 4, 1, 4, 5, 2, 7, 2, 7, 7, 7, 1, 10, 5, 8, 3, 9, 10, 4, 5, 9, 8, 1, 3, 3, 1, 1, 3, 2, 9, 9]
(1.0000143728218946, 0.6916190002486917, 1.0, 1.0, 1.0017013446427856, 0.8544771740405982)
[3, 1, 3, 1, 3, 5, 7, 8, 2, 9, 3, 2, 5, 10, 10, 3, 8, 10, 2, 4, 9, 9, 1, 3, 4, 6, 8, 3, 9, 10, 9, 4, 4, 1, 7, 8, 9, 7, 2, 9, 9, 3, 4, 10, 5, 8, 5, 9, 10, 4, 5, 10, 8, 1, 3, 3, 1, 2, 3, 2, 9, 8]
(0.9929542419500623, 0.6916190002486917, 0.9678484830073997, 1.0, 1.0105056974105509, 0.8544771740405982)
[6, 6, 3, 4, 10, 7, 9, 8, 5, 3, 7, 7, 5, 5, 4, 7, 4, 6, 10, 5, 9, 8, 6, 8, 8, 8, 9, 7, 3, 6, 10, 7, 5, 10, 5, 1, 7, 4, 6, 7, 9, 4, 4, 2, 5, 3, 5, 9, 7, 6, 1, 3, 9, 8, 6, 3, 1, 3, 3, 3, 9, 3]
(0.9602978828363103, 0.6916190002486917, 1.0112430670298607, 1.0, 1.018142297025767, 0.8544771740405982)
[4, 1, 8, 3, 3, 1, 10, 8, 2, 10, 3, 2, 5, 10, 9, 3, 8, 10, 1, 4, 5, 7, 7, 5, 4, 6, 8, 5, 10, 9, 9, 4, 4, 1, 4, 8, 9, 7, 2, 9, 9, 6, 1, 10, 5, 8, 5, 9, 10, 4, 5, 9, 9, 1, 3, 3, 1, 1, 3, 2, 9, 9]
(1.0066331210546169, 0.6916190002486917, 0.9789006679318826, 1.0, 1.01388087654486, 0.8544771740405982)
[3, 1, 3, 1, 3, 5, 9, 4, 2, 7, 3, 2, 5, 10, 9, 3, 8, 10, 1, 4, 5, 7, 1, 5, 4, 6, 8, 7, 10, 9, 9, 7, 4, 1, 4, 8, 9, 10, 2, 9, 9, 9, 1, 10, 5, 8, 5, 9, 10, 4, 5, 9, 9, 1, 3, 3, 1, 1, 3, 2, 9, 9]
(0.6916190002486917, 0.6916190002486917, 0.994151036534456, 1.0, 1.0097265140153437, 0.8544771740405982)
[6, 4, 9, 3, 10, 7, 2, 8, 2, 3, 7, 7, 5, 8, 4, 7, 4, 6, 10, 5, 9, 8, 6, 8, 8, 8, 9, 7, 3, 6, 10, 7, 5, 10, 5, 1, 7, 4, 6, 7, 9, 4, 4, 2, 5, 3, 5, 9, 7, 6, 1, 3, 9, 8, 6, 3, 1, 4, 2, 3, 9, 3]
(0.9618976504541917, 0.6916190002486917, 1.0059492337517413, 1.0, 1.0169021791778474, 0.8544771740405982)
[3, 1, 3, 1, 3, 1, 9, 8, 2, 10, 10, 2, 5, 10, 9, 3, 8, 10, 1, 4, 5, 7, 7, 3, 4, 6, 8, 5, 10, 9, 9, 6, 5, 1, 4, 8, 9, 7, 2, 9, 9, 9, 1, 10, 5, 8, 5, 9, 10, 4, 5, 9, 9, 1, 3, 3, 1, 1, 3, 2, 9, 9]
(0.9722097563557305, 0.6916190002486917, 1.0024736504070435, 1.0, 1.0021894392557418, 0.8544771740405982)
[4, 4, 9, 3, 10, 7, 2, 9, 2, 3, 7, 7, 5, 8, 4, 7, 4, 6, 10, 5, 9, 8, 6, 8, 8, 6, 5, 7, 3, 6, 10, 7, 5, 10, 5, 1, 7, 4, 6, 7, 9, 6, 8, 2, 8, 3, 5, 9, 10, 6, 1, 3, 9, 8, 6, 3, 1, 4, 2, 3, 9, 3]
(0.9575147668831033, 0.6916190002486917, 1.0, 1.0, 0.8544771740405982, 0.8544771740405982)
[3, 1, 3, 1, 3, 5, 9, 4, 8, 7, 3, 2, 5, 10, 9, 3, 8, 10, 1, 4, 5, 7, 1, 5, 4, 6, 9, 3, 9, 10, 9, 4, 4, 1, 4, 8, 9, 7, 2, 9, 9, 7, 3, 4, 5, 8, 5, 9, 10, 4, 5, 9, 8, 1, 3, 3, 1, 1, 3, 2, 9, 9]
(0.9860376759432234, 0.6916190002486917, 0.7564285959117159, 1.0, 1.018001874256876, 0.8544771740405982)
[3, 1, 3, 1, 3, 1, 9, 8, 2, 10, 10, 2, 5, 10, 9, 3, 8, 10, 1, 4, 5, 7, 7, 3, 3, 6, 6, 10, 9, 7, 1, 4, 5, 10, 5, 8, 7, 7, 2, 9, 9, 9, 4, 8, 5, 8, 5, 9, 10, 4, 5, 9, 8, 1, 3, 3, 1, 1, 3, 2, 9, 9]
(0.9700356888584771, 0.6916190002486917, 1.0078301967121632, 1.0, 0.8544771740405982, 0.8544771740405982)
[6, 4, 9, 3, 10, 7, 2, 8, 2, 3, 7, 7, 5, 8, 4, 7, 4, 6, 10, 5, 9, 8, 6, 8, 8, 8, 9, 7, 3, 6, 10, 7, 5, 10, 5, 1, 7, 4, 6, 7, 9, 6, 9, 2, 5, 3, 5, 9, 7, 6, 1, 6, 9, 8, 6, 3, 1, 4, 2, 3, 9, 3]
(0.9618074509315175, 0.6916190002486917, 1.0, 1.0, 1.0211548942141204, 0.8544771740405982)
[4, 4, 9, 3, 10, 7, 2, 9, 2, 3, 7, 7, 5, 5, 4, 7, 4, 6, 10, 5, 9, 8, 6, 8, 8, 9, 9, 7, 3, 6, 10, 7, 5, 10, 5, 1, 7, 4, 6, 7, 9, 4, 4, 2, 5, 3, 5, 9, 7, 6, 1, 3, 9, 8, 6, 3, 1, 4, 2, 3, 9, 3]
(0.9622159042395635, 0.6916190002486917, 1.0131783383898407, 1.0, 1.0102015228010686, 0.8544771740405982)
[3, 1, 7, 3, 3, 1, 9, 8, 2, 10, 3, 2, 5, 10, 9, 3, 8, 10, 1, 4, 5, 7, 1, 10, 4, 6, 8, 5, 10, 10, 9, 4, 4, 1, 4, 8, 9, 7, 2, 9, 9, 9, 1, 10, 5, 8, 5, 9, 10, 4, 5, 9, 9, 1, 3, 3, 1, 1, 3, 2, 9, 9]
(1.001062859129158, 0.6916190002486917, 0.994819164741782, 1.0, 1.0139293999411136, 0.8544771740405982)
[6, 4, 9, 3, 10, 7, 2, 8, 2, 3, 7, 7, 5, 8, 4, 7, 4, 6, 10, 5, 9, 8, 6, 8, 8, 8, 9, 7, 3, 7, 10, 7, 5, 10, 5, 1, 7, 4, 6, 7, 9, 6, 9, 4, 5, 9, 6, 9, 7, 6, 1, 3, 8, 8, 6, 3, 1, 4, 2, 3, 9, 3]
(0.9624276566319151, 0.6916190002486917, 1.000870527606455, 1.0, 1.0221021176315814, 0.8544771740405982)
[3, 1, 3, 1, 3, 1, 9, 8, 2, 10, 10, 2, 5, 10, 9, 3, 8, 10, 1, 4, 5, 7, 3, 10, 3, 6, 6, 10, 9, 7, 1, 4, 5, 1, 7, 8, 9, 7, 2, 9, 9, 3, 4, 10, 5, 8, 5, 9, 10, 3, 5, 9, 8, 9, 3, 3, 1, 1, 3, 2, 9, 9]
(0.9955301356501852, 0.6916190002486917, 1.004588591400531, 1.0, 0.3594449971802472, 0.8544771740405982)
[6, 4, 3, 3, 10, 7, 9, 8, 2, 3, 7, 7, 5, 5, 4, 7, 4, 6, 10, 5, 9, 8, 6, 8, 8, 1, 6, 7, 3, 6, 1, 7, 5, 10, 5, 10, 7, 4, 6, 7, 9, 6, 8, 2, 5, 9, 9, 9, 7, 6, 1, 3, 8, 8, 6, 3, 1, 3, 2, 3, 9, 3]
(0.9606763566844149, 0.6916190002486917, 1.0, 1.0, 1.0173886244185237, 0.8544771740405982)
[5, 6, 3, 3, 10, 7, 2, 8, 5, 3, 7, 7, 5, 5, 4, 7, 4, 6, 10, 5, 9, 8, 6, 8, 8, 6, 9, 7, 3, 6, 1, 7, 5, 10, 5, 10, 7, 4, 6, 7, 9, 6, 9, 4, 5, 8, 6, 9, 7, 6, 1, 3, 9, 8, 6, 3, 1, 3, 2, 3, 9, 3]
(0.9577792595140622, 0.6916190002486917, 1.0048880110494767, 1.0, 1.009511548932639, 0.8544771740405982)
[3, 1, 5, 1, 3, 1, 9, 8, 2, 10, 10, 2, 5, 10, 9, 3, 3, 10, 1, 4, 5, 7, 1, 5, 4, 6, 8, 7, 10, 6, 9, 7, 4, 1, 4, 5, 2, 7, 2, 7, 7, 7, 1, 10, 5, 8, 3, 9, 10, 4, 5, 9, 8, 1, 3, 3, 1, 1, 3, 2, 9, 9]
(1.012266969215122, 0.6916190002486917, 1.011607551109043, 1.0, 0.9995056881569301, 0.8544771740405982)
