Matsuoka quadruped, body parameters:[5, 9, 9, 5, 2, 4, 3, 3, 10, 10, 4, 10, 8, 10, 5, 1, 4, 10, 1, 9, 10, 7, 4, 3, 6, 1, 4, 8, 8, 8, 9, 7]
{'b': 0.1, 'gam': 0.09000000000000001, 'x0': 0.9, 'c': 2.5, 'a': 0.4}
Inter-module:
[[ 0.  -1.4 -1.6 -0.2]
 [-1.6  0.  -0.2 -1.4]
 [-1.6 -0.2  0.  -1.4]
 [-0.2 -1.4 -1.6  0. ]]
Intra-module:
[[ 0.  -0.2 -1.8]
 [-0.4  0.   1.8]
 [ 0.6 -0.6  0. ]]
Bias:[2.  1.8 2. ]
Drive coeff:[-0.1 -0.9 -0.3]
Base period:6.08
gen	evals	std                               	min       	avg                               	max                               
0  	92   	[0.01336874 0.02658039 0.01552073]	[0. 0. 0.]	[0.00145564 0.00278638 0.00162701]	[0.1288882  0.25634717 0.14968531]
1  	92   	[0.01868263 0.02825014 0.02047933]	[0. 0. 0.]	[0.0028398 0.0038205 0.0030456]   	[0.1288882  0.25634717 0.14968531]
2  	92   	[0.0287993  0.03371511 0.03490673]	[0. 0. 0.]	[0.00650983 0.00612421 0.00604254]	[0.15695597 0.25634717 0.27571882]
3  	92   	[0.03809693 0.04179425 0.0411061 ]	[0. 0. 0.]	[0.01350438 0.0115086  0.01022952]	[0.16214675 0.25634717 0.27571882]
4  	92   	[0.04785023 0.05669055 0.04824612]	[0. 0. 0.]	[0.02438958 0.02214142 0.01649306]	[0.16214675 0.25634717 0.27571882]
5  	92   	[0.05760648 0.07072176 0.06448141]	[0. 0. 0.]	[0.04416676 0.04199298 0.03259826]	[0.18394839 0.25634717 0.27571882]
6  	92   	[0.06037875 0.11373793 0.09646601]	[ 0.         -0.00082237  0.        ]	[0.07538901 0.08015075 0.07333051]	[0.19113226 0.77057866 0.5530348 ]
7  	92   	[0.04910237 0.14502596 0.10827602]	[ 0.         -0.00082237  0.        ]	[0.11924295 0.15777649 0.14042351]	[0.2341331  0.77057866 0.5530348 ]
8  	92   	[0.05067887 0.15154342 0.11842788]	[0. 0. 0.]                           	[0.1379261  0.21357343 0.1835061 ]	[0.27022148 0.77057866 0.5530348 ]
9  	92   	[0.04988355 0.17067383 0.14502466]	[-0.0159725  -0.00565493  0.        ]	[0.15307234 0.26524779 0.21264423]	[0.27045128 0.78663645 0.55755527]
10 	92   	[0.05868788 0.19509362 0.15772976]	[-0.0159725  -0.00565493  0.        ]	[0.15879679 0.29862408 0.23201935]	[0.27045128 0.89038147 0.55755527]
11 	92   	[0.06195464 0.20693963 0.16441957]	[-0.0159725  -0.01843761  0.        ]	[0.17586322 0.34256896 0.2739812 ]	[0.27051064 0.89038147 0.55755527]
12 	92   	[0.06333745 0.22735839 0.15615806]	[ 0.         -0.01843761  0.        ]	[0.19400902 0.40700967 0.32097977]	[0.33175067 0.90814766 0.55755527]
13 	92   	[0.06610638 0.20851949 0.16828862]	[0. 0. 0.]                           	[0.20503442 0.49038929 0.35316496]	[0.33784234 0.90814766 0.55755527]
14 	92   	[0.05715802 0.21491519 0.15953189]	[0. 0. 0.]                           	[0.22751804 0.53157436 0.38113454]	[0.33956903 0.91791014 0.55755527]
15 	92   	[0.04475827 0.23105859 0.15680544]	[0.13238187 0.         0.        ]   	[0.24037813 0.58333041 0.39303933]	[0.34226482 0.91791014 0.55755527]
16 	92   	[0.05100822 0.21710227 0.16203527]	[0.05208974 0.         0.        ]   	[0.24679215 0.61012709 0.39495426]	[0.34226482 0.91791014 0.55755527]
17 	92   	[0.04843007 0.23399638 0.16262834]	[0.13238187 0.         0.        ]   	[0.25895287 0.62758955 0.3973846 ]	[0.34226482 0.91791014 0.55755527]
18 	92   	[0.04911334 0.22266354 0.16167084]	[0.13238187 0.         0.        ]   	[0.26466715 0.65423524 0.40773831]	[0.34226482 0.92107299 0.55764538]
19 	92   	[0.0513108  0.22878842 0.16475972]	[0.13238187 0.         0.        ]   	[0.26781593 0.64811371 0.40440661]	[0.34226482 0.92107299 0.55967005]
20 	92   	[0.06216821 0.23042533 0.19159587]	[0.13238187 0.         0.        ]   	[0.27267788 0.60675466 0.40723417]	[0.34227249 0.92107299 0.56050721]
21 	92   	[0.06244104 0.22174523 0.17176087]	[0.13238187 0.         0.        ]   	[0.27101636 0.61038584 0.43476113]	[0.34583275 0.92107299 0.56050721]
22 	92   	[0.06288628 0.23311727 0.16959118]	[0. 0. 0.]                           	[0.26894677 0.63291064 0.43837172]	[0.34583275 0.92107299 0.56050721]
23 	92   	[0.05625494 0.23789445 0.1754387 ]	[0. 0. 0.]                           	[0.27858944 0.64319296 0.43521255]	[0.34583275 0.92107299 0.56050721]
24 	92   	[0.05396139 0.21916631 0.14013399]	[0.         0.         0.17624581]   	[0.28163879 0.6845668  0.45606403]	[0.34583275 0.92107299 0.56050721]
25 	92   	[0.05627688 0.21483245 0.13948187]	[0.         0.         0.17624581]   	[0.28337503 0.68326312 0.4594809 ]	[0.34583275 0.92107299 0.56050721]
26 	92   	[0.05859144 0.23297964 0.13015365]	[0.         0.         0.17624581]   	[0.28192481 0.67807091 0.47745281]	[0.34583275 0.92107299 0.56050721]
27 	92   	[0.05834556 0.23203902 0.13747064]	[0.         0.         0.17624581]   	[0.2836855  0.68280009 0.46435041]	[0.34583275 0.92107299 0.56050721]
28 	92   	[0.06007909 0.23962944 0.13822589]	[0.         0.         0.17624581]   	[0.28505007 0.6761136  0.46276252]	[0.34583275 0.92107299 0.56050721]
29 	92   	[0.07552194 0.26106015 0.14832705]	[-0.00526077  0.          0.        ]	[0.2812286  0.64617398 0.45582674]	[0.34583275 0.92107299 0.67438323]
30 	92   	[0.0764754  0.27009606 0.14904175]	[-0.00526077  0.          0.        ]	[0.28681    0.64337601 0.45826431]	[0.47984862 0.92107299 0.67438323]
31 	92   	[0.0742339  0.23723572 0.13832864]	[-0.00526077  0.          0.        ]	[0.29095652 0.67649161 0.47779153]	[0.47984862 0.92107299 0.67438323]
32 	92   	[0.07723147 0.24153705 0.14541947]	[-0.00526077  0.          0.        ]	[0.28898297 0.68037384 0.47882535]	[0.47984862 0.92107299 0.67438323]
33 	92   	[0.07594251 0.25292915 0.14412512]	[-0.00526077  0.          0.        ]	[0.28559344 0.6783849  0.48215179]	[0.47984862 0.92107299 0.67438323]
34 	92   	[0.07702792 0.25528543 0.14730652]	[-0.00526077  0.          0.        ]	[0.29024312 0.68193571 0.47839408]	[0.47984862 0.92107299 0.67438323]
35 	92   	[0.07040965 0.24029465 0.14859274]	[-0.00526077  0.          0.        ]	[0.2946324  0.69378181 0.47518576]	[0.47984862 0.92107299 0.67438323]
36 	92   	[0.06127532 0.2540622  0.15483416]	[-0.00526077  0.          0.        ]	[0.29339642 0.72352231 0.4673599 ]	[0.47984862 0.92107299 0.67438323]
37 	92   	[0.06007515 0.28993551 0.1822931 ]	[-0.00526077  0.          0.        ]	[0.30561458 0.63972816 0.45538878]	[0.47984862 0.9220011  0.67438323]
38 	92   	[0.05763487 0.27947692 0.17802295]	[-0.00526077  0.          0.        ]	[0.30790834 0.64710569 0.46855588]	[0.47984862 0.9220011  0.67438323]
39 	92   	[0.05957655 0.29462458 0.18346001]	[-0.00526077  0.          0.        ]	[0.30711899 0.61641829 0.46564937]	[0.47984862 0.9220011  0.67438323]
40 	92   	[0.0603553  0.30075462 0.18898097]	[-0.00526077  0.          0.        ]	[0.30620871 0.61038844 0.46024134]	[0.47984862 0.9220011  0.67438323]
41 	92   	[0.06537557 0.29626686 0.19050884]	[-0.00526077  0.          0.        ]	[0.3009647  0.61786266 0.45635384]	[0.47984862 0.9220011  0.67438323]
42 	92   	[0.06577108 0.30363249 0.19171599]	[-0.00526077  0.          0.        ]	[0.29999737 0.61198727 0.45275139]	[0.47984862 0.9220011  0.67438323]
43 	92   	[0.06328099 0.30086666 0.18592389]	[-0.00526077  0.          0.        ]	[0.30199435 0.62831291 0.45857578]	[0.47984862 0.9220011  0.67438323]
44 	92   	[0.06588224 0.30788594 0.17989605]	[-0.00526077  0.          0.        ]	[0.30022979 0.61917568 0.46322286]	[0.47984862 0.9220011  0.67438323]
45 	92   	[0.06667543 0.29581685 0.1810033 ]	[-0.00526077  0.          0.        ]	[0.30044039 0.6366514  0.45898224]	[0.47984862 0.92370223 0.67438323]
46 	92   	[0.07408415 0.30132552 0.18846191]	[-0.00526077  0.          0.        ]	[0.3035406  0.60537899 0.45153095]	[0.54450989 0.92370223 0.67438323]
47 	92   	[0.07893256 0.29660557 0.18282723]	[-0.00526077  0.          0.        ]	[0.29803156 0.60455546 0.45778541]	[0.54450989 0.92370223 0.67438323]
48 	92   	[0.08784419 0.26872509 0.18117714]	[-0.00526077  0.          0.        ]	[0.29717632 0.62546888 0.46067527]	[0.54533104 0.92370223 0.67438323]
49 	92   	[0.08639732 0.27659687 0.18787557]	[-0.00526077  0.          0.        ]	[0.30164126 0.64107387 0.45103897]	[0.54533104 0.92370223 0.67438323]
50 	92   	[0.08828588 0.31481182 0.19115876]	[-0.00526077  0.          0.        ]	[0.27487766 0.64945944 0.43761561]	[0.54533104 0.92370223 0.67438323]
51 	92   	[0.08836217 0.2980356  0.20181628]	[-0.00526077  0.          0.        ]	[0.28365843 0.67771612 0.41732454]	[0.54533104 0.92370223 0.67438323]
52 	92   	[0.08007193 0.31192938 0.1943114 ]	[-0.00526077  0.          0.        ]	[0.29765802 0.65285932 0.42774768]	[0.54533104 0.92370223 0.67438323]
53 	92   	[0.07973189 0.31173171 0.1957698 ]	[-0.00526077  0.          0.        ]	[0.29899234 0.64798364 0.42654389]	[0.54533104 0.92370223 0.67438323]
54 	92   	[0.08156317 0.31274038 0.19575265]	[-0.00526077  0.          0.        ]	[0.29715247 0.65098768 0.42651819]	[0.54533104 0.92370223 0.67438323]
55 	92   	[0.08079713 0.3120747  0.19655115]	[-0.00526077  0.          0.        ]	[0.29623367 0.64791063 0.4217617 ]	[0.54533104 0.92370223 0.67438323]
56 	92   	[0.08024314 0.31460025 0.19202505]	[-0.00526077  0.          0.        ]	[0.29946743 0.64979933 0.42635461]	[0.54533104 0.92370223 0.67438323]
57 	92   	[0.0794851  0.30412686 0.19564974]	[-0.00526077  0.          0.        ]	[0.29871964 0.6779209  0.42164406]	[0.54533104 0.92370223 0.67438323]
58 	92   	[0.08035689 0.29673532 0.19120786]	[-0.00526077  0.          0.        ]	[0.2958184  0.68575896 0.42091559]	[0.54533104 0.92370223 0.67438323]
59 	92   	[0.08072335 0.29772346 0.19443473]	[-0.00526077  0.          0.        ]	[0.29243609 0.68945694 0.41365017]	[0.54533104 0.92370223 0.67438323]
60 	92   	[0.08232253 0.3136928  0.20197104]	[-0.00526077  0.          0.        ]	[0.29472886 0.65663599 0.41510789]	[0.54533104 0.92370223 0.67438323]
61 	92   	[0.08168091 0.327201   0.20212344]	[-0.00526077  0.          0.        ]	[0.29430517 0.63484025 0.41532531]	[0.54533104 0.92370223 0.67438323]
62 	92   	[0.08094673 0.31418851 0.20189328]	[-0.00526077  0.          0.        ]	[0.29610095 0.6564027  0.41499168]	[0.54533104 0.92370223 0.67438323]
63 	92   	[0.08176061 0.30670686 0.20128132]	[-0.00526077  0.          0.        ]	[0.29441658 0.66287873 0.41550744]	[0.54533104 0.92370223 0.67438323]
64 	92   	[0.07764165 0.31934209 0.18352224]	[-0.00526077  0.          0.        ]	[0.30069505 0.66467223 0.42979923]	[0.54533104 0.92370223 0.67438323]
65 	92   	[0.0811975 0.3105595 0.1840735]   	[-0.00526077  0.          0.        ]	[0.29842071 0.6585334  0.42641243]	[0.54533104 0.92370223 0.67438323]
66 	92   	[0.08092682 0.30404587 0.18188107]	[-0.00526077  0.          0.        ]	[0.29941084 0.65204191 0.4356494 ]	[0.54533104 0.92370223 0.67438323]
67 	92   	[0.08011522 0.30576439 0.16684035]	[-0.00526077  0.          0.        ]	[0.29464744 0.66073355 0.44693495]	[0.55347065 0.92370223 0.67438323]
68 	92   	[0.07872811 0.30677542 0.16623888]	[-0.00526077  0.          0.        ]	[0.29802018 0.65970048 0.44955018]	[0.55347065 0.92370223 0.67438323]
69 	92   	[0.07977583 0.30113832 0.16380434]	[-0.00526077  0.          0.        ]	[0.29798967 0.65223658 0.45477687]	[0.55347065 0.92370223 0.67438323]
70 	92   	[0.08357273 0.28885537 0.19701322]	[-0.00526077  0.         -0.03413579]	[0.30196394 0.68233147 0.41768494]	[0.55347065 0.92370223 0.67438323]
71 	92   	[0.0892941  0.28898551 0.19606959]	[-0.00526077  0.         -0.03413579]	[0.30763911 0.67340704 0.41740668]	[0.55347065 0.92370223 0.67438323]
72 	92   	[0.08762613 0.29035859 0.19773582]	[-0.00526077  0.         -0.03413579]	[0.31040148 0.69341106 0.40314669]	[0.55451988 0.92370223 0.67438323]
73 	92   	[0.09206003 0.28864445 0.17642755]	[-0.00526077  0.          0.        ]	[0.31514416 0.67581567 0.4323308 ]	[0.55451988 0.92370223 0.67438323]
74 	92   	[0.09452574 0.28214981 0.17044683]	[-0.00526077  0.          0.        ]	[0.31299626 0.71004013 0.43298934]	[0.55451988 0.92370223 0.67438323]
75 	92   	[0.1003547  0.29585699 0.17601989]	[-0.00526077  0.          0.        ]	[0.31861338 0.66634794 0.43141626]	[0.55451988 0.92370223 0.69269617]
76 	92   	[0.1049765  0.2799484  0.17666487]	[-0.00526077  0.          0.        ]	[0.32354594 0.68298497 0.42761511]	[0.55451988 0.92370223 0.69269617]
77 	92   	[0.11384495 0.29061493 0.18528157]	[-0.00526077  0.          0.        ]	[0.32276803 0.67033925 0.43254885]	[0.55451988 0.92370223 0.69269617]
78 	92   	[0.11404735 0.30935074 0.18083526]	[-0.00526077  0.          0.        ]	[0.32180698 0.66230495 0.44838732]	[0.55451988 0.92370223 0.69269617]
79 	92   	[0.11103991 0.31037751 0.17153605]	[-0.00526077  0.          0.        ]	[0.3200341  0.66461856 0.46048684]	[0.55540578 0.92370223 0.69269617]
80 	92   	[0.11313263 0.29755566 0.17265019]	[-0.00526077  0.          0.        ]	[0.32330287 0.6785642  0.4553981 ]	[0.55540578 0.92370223 0.69269617]
81 	92   	[0.1193905  0.30504663 0.17327821]	[-0.00526077  0.          0.        ]	[0.32947982 0.67070771 0.45621292]	[0.55540578 0.92370223 0.69269617]
82 	92   	[0.1183881  0.31230351 0.16582265]	[-0.00526077  0.          0.        ]	[0.32853925 0.66344246 0.46520108]	[0.55540578 0.92370223 0.69269617]
83 	92   	[0.12102963 0.31145532 0.17094123]	[-0.00526077  0.          0.        ]	[0.32903788 0.68544762 0.45496332]	[0.55540578 0.92370223 0.69269617]
84 	92   	[0.12561713 0.30303052 0.18323482]	[-0.00526077  0.          0.        ]	[0.33563958 0.68732743 0.44495275]	[0.55540578 0.92370223 0.69269617]
85 	92   	[0.12575255 0.30395539 0.18664493]	[-0.00526077  0.          0.        ]	[0.33620709 0.68177853 0.44189943]	[0.55540578 0.92370223 0.69269617]
86 	92   	[0.12471091 0.30415103 0.18706185]	[-0.00526077  0.          0.        ]	[0.33945504 0.67198197 0.4361542 ]	[0.55540578 0.92438902 0.69269617]
87 	92   	[0.11635978 0.27055583 0.19722194]	[0.12199858 0.         0.        ]   	[0.3604339  0.72097311 0.4252166 ]	[0.55540578 0.92438902 0.69511071]
88 	92   	[0.12022242 0.26011433 0.20318211]	[0.12199858 0.         0.        ]   	[0.36618862 0.72664228 0.40814178]	[0.55540578 0.92438902 0.69511071]
89 	92   	[0.12193681 0.26894521 0.19704977]	[0.12199858 0.         0.        ]   	[0.36316814 0.72250548 0.42464896]	[0.55540578 0.92438902 0.69511071]
90 	92   	[0.11442763 0.2698633  0.19756534]	[0.15140724 0.         0.        ]   	[0.3709674  0.71883386 0.42158954]	[0.55540578 0.92438902 0.69511071]
91 	92   	[0.1133973  0.26238173 0.17586673]	[0.15140724 0.         0.        ]   	[0.36498332 0.72167936 0.4348294 ]	[0.55657581 0.92438902 0.69511071]
92 	92   	[0.11122473 0.26157098 0.17024024]	[0.15140724 0.         0.        ]   	[0.36003549 0.71443477 0.44599271]	[0.55657581 0.92438902 0.69511071]
93 	92   	[0.11829993 0.25337107 0.17374861]	[0.15140724 0.         0.        ]   	[0.35911205 0.70689151 0.45319766]	[0.55657581 0.92438902 0.69511071]
94 	92   	[0.12078932 0.27267723 0.17579595]	[0.15140724 0.         0.        ]   	[0.36511144 0.6908501  0.44903816]	[0.55657581 0.92438902 0.69511071]
95 	92   	[0.12497842 0.26628166 0.1779931 ]	[0.15140724 0.         0.        ]   	[0.3636249  0.71454791 0.44702736]	[0.55657581 0.92438902 0.69511071]
96 	92   	[0.12926104 0.26651591 0.17062019]	[0.15140724 0.         0.        ]   	[0.36106996 0.71346663 0.46467204]	[0.55657581 0.92438902 0.69511071]
97 	92   	[0.13065434 0.25521404 0.17704654]	[0.15140724 0.         0.        ]   	[0.36295948 0.72884646 0.4555531 ]	[0.55657581 0.92438902 0.69511071]
98 	92   	[0.14430579 0.29525744 0.18696989]	[0.15140724 0.         0.        ]   	[0.37227741 0.67461425 0.46619206]	[0.75030882 0.92438902 0.69511071]
99 	92   	[0.14252116 0.26368896 0.19813214]	[ 0.15140724  0.         -0.05504007]	[0.36972525 0.73116216 0.45585899]	[0.75030882 0.92438902 0.69511071]
100	92   	[0.14338607 0.27217724 0.196842  ]	[0.15140724 0.         0.        ]   	[0.39345407 0.72555242 0.45001801]	[0.75030882 0.92438902 0.69511071]
101	92   	[0.14296275 0.28167183 0.19721989]	[0.15140724 0.         0.        ]   	[0.39413007 0.71569683 0.45044337]	[0.75030882 0.92438902 0.69511071]
102	92   	[0.14637313 0.2905735  0.19482568]	[0.15140724 0.         0.        ]   	[0.39521588 0.68420913 0.4783561 ]	[0.75030882 0.92438902 0.85220212]
103	92   	[0.14980817 0.26980845 0.18769475]	[0.15140724 0.         0.        ]   	[0.39429932 0.69051782 0.48858693]	[0.75030882 0.92438902 0.85220212]
104	92   	[0.14829307 0.27268383 0.19138942]	[0.15140724 0.         0.        ]   	[0.40281678 0.6985376  0.48416678]	[0.75030882 0.92438902 0.89437361]
105	92   	[0.14809233 0.28274282 0.18840736]	[0.15140724 0.         0.        ]   	[0.40230399 0.69628563 0.48515718]	[0.75030882 0.92438902 0.89437361]
106	92   	[0.14964062 0.28296801 0.19115624]	[0.15140724 0.         0.        ]   	[0.40060817 0.70556354 0.48193739]	[0.75030882 0.92438902 0.89437361]
107	92   	[0.15433967 0.27088817 0.18622168]	[0.15140724 0.         0.        ]   	[0.39296792 0.69258498 0.49565726]	[0.75030882 0.92438902 0.89437361]
108	92   	[0.15935491 0.28102137 0.19443421]	[0. 0. 0.]                           	[0.39216333 0.68455145 0.4933877 ]	[0.75030882 0.92438902 0.89437361]
109	92   	[0.15571971 0.28270767 0.20918357]	[0. 0. 0.]                           	[0.39624418 0.69170845 0.4851249 ]	[0.75030882 0.92438902 0.89437361]
110	92   	[0.15676902 0.28333399 0.20801828]	[0. 0. 0.]                           	[0.3860638  0.68132732 0.49973451]	[0.75030882 0.92438902 0.89437361]
111	92   	[0.16237619 0.26831805 0.20754961]	[0. 0. 0.]                           	[0.38831439 0.70285492 0.5012747 ]	[0.75030882 0.92438902 0.89437361]
112	92   	[0.15848795 0.28783878 0.18393117]	[0.02257847 0.         0.        ]   	[0.3805177  0.65327448 0.52916402]	[0.75030882 0.92438902 0.89437361]
113	92   	[0.1631155  0.28170651 0.1785882 ]	[0.02257847 0.         0.        ]   	[0.36450486 0.6548455  0.53560956]	[0.75030882 0.92442817 0.89437361]
114	92   	[0.16232078 0.28170253 0.17795609]	[0.02257847 0.         0.        ]   	[0.36769454 0.65975465 0.5340786 ]	[0.75030882 0.92442817 0.89437361]
115	92   	[0.16595928 0.27754047 0.17842573]	[0.02257847 0.         0.        ]   	[0.37082879 0.66126107 0.53934186]	[0.75030882 0.92442817 0.89437361]
116	92   	[0.15558361 0.26678552 0.18712086]	[0.15140724 0.         0.        ]   	[0.37660753 0.67881413 0.52335147]	[0.75030882 0.92442817 0.89437361]
117	92   	[0.15606805 0.27081486 0.20472858]	[ 0.15140724  0.         -0.05408329]	[0.39408896 0.68210545 0.51689488]	[0.75030882 0.92442817 0.89437361]
118	92   	[0.15716703 0.27128391 0.19828037]	[0.15140724 0.         0.        ]   	[0.39674977 0.68289171 0.5242246 ]	[0.75030882 0.92442817 0.89437361]
119	92   	[0.15717194 0.23910982 0.19308991]	[0. 0. 0.]                           	[0.41331763 0.72088683 0.51258901]	[0.75030882 0.92442817 0.89437361]
120	92   	[0.16461779 0.25329458 0.20127105]	[0. 0. 0.]                           	[0.38342611 0.70688815 0.52622636]	[0.75030882 0.92442817 0.89437361]
121	92   	[0.16043368 0.25296913 0.20562402]	[0. 0. 0.]                           	[0.38432833 0.71788572 0.526669  ]	[0.75030882 0.92442817 0.89437361]
122	92   	[0.15760263 0.24197232 0.20034995]	[0. 0. 0.]                           	[0.38849559 0.73715776 0.52493809]	[0.75030882 0.92442817 0.89437361]
123	92   	[0.15927455 0.23818601 0.20161098]	[0. 0. 0.]                           	[0.38766184 0.72625756 0.52833076]	[0.75030882 0.92442817 0.89437361]
124	92   	[0.16478341 0.23833177 0.21171842]	[0. 0. 0.]                           	[0.38251465 0.72178873 0.52619186]	[0.75030882 0.92442817 0.89437361]
125	92   	[0.1641482  0.23711971 0.21305317]	[0. 0. 0.]                           	[0.39294916 0.72387656 0.51737314]	[0.75030882 0.92442817 0.89437361]
126	92   	[0.16367213 0.23587532 0.19829727]	[0. 0. 0.]                           	[0.40527831 0.72894765 0.52055954]	[0.75030882 0.92442817 0.89437361]
127	92   	[0.16318692 0.23743787 0.19952955]	[0. 0. 0.]                           	[0.40261693 0.72513547 0.52288605]	[0.75030882 0.92442817 0.89437361]
128	92   	[0.15880851 0.23770793 0.20164322]	[0.15140724 0.         0.        ]   	[0.40531313 0.72221379 0.5198631 ]	[0.75030882 0.92442817 0.89437361]
129	92   	[0.16050262 0.24404    0.20259099]	[0.15140724 0.         0.        ]   	[0.39767563 0.70566403 0.52989075]	[0.75030882 0.92442817 0.89437361]
130	92   	[0.16236158 0.24477924 0.2098637 ]	[0.15140724 0.         0.        ]   	[0.40428248 0.70494811 0.52344592]	[0.75030882 0.92442817 0.89437361]
131	92   	[0.16586213 0.25580606 0.21314254]	[0.15140724 0.         0.        ]   	[0.4034335  0.69934251 0.52881552]	[0.75030882 0.92442817 0.89437361]
132	92   	[0.16354018 0.25665094 0.21081972]	[0.08828312 0.         0.        ]   	[0.41435331 0.68598538 0.53856747]	[0.75030882 0.92442817 0.89437361]
133	92   	[0.16448393 0.26297782 0.21345432]	[0.08828312 0.         0.        ]   	[0.4105327  0.68223834 0.5418265 ]	[0.75030882 0.92442817 0.89437361]
134	92   	[0.17129773 0.27721244 0.21052886]	[0.08828312 0.         0.        ]   	[0.40916203 0.6660262  0.55191537]	[0.75600729 0.92442817 0.89437361]
135	92   	[0.17355991 0.28584586 0.20505311]	[0.08828312 0.         0.        ]   	[0.40765808 0.65841964 0.56556688]	[0.75600729 0.92460593 0.89437361]
136	92   	[0.16894321 0.29159554 0.20019338]	[0.08828312 0.         0.        ]   	[0.41599202 0.66046725 0.55873035]	[0.75600729 0.92460593 0.89437361]
137	92   	[0.17168154 0.29335391 0.19958393]	[0.08828312 0.         0.        ]   	[0.41615431 0.66661719 0.56529171]	[0.75600729 0.92460593 0.89437361]
138	92   	[0.17866924 0.30857739 0.21466748]	[0.08828312 0.         0.        ]   	[0.40917558 0.64271676 0.56388702]	[0.82792322 0.92460593 0.89437361]
139	92   	[0.17649461 0.3082099  0.22479453]	[0.08828312 0.         0.        ]   	[0.41187382 0.65428161 0.54912679]	[0.82792322 0.92460593 0.89437361]
140	92   	[0.17836762 0.31138999 0.2195837 ]	[0.08828312 0.         0.        ]   	[0.40975421 0.65034114 0.56209922]	[0.82792322 0.92460593 0.89437361]
141	92   	[0.17597498 0.31278189 0.21739489]	[0.08828312 0.         0.        ]   	[0.4148301  0.66055921 0.55659803]	[0.82792322 0.92460593 0.89437361]
142	92   	[0.17346322 0.31121756 0.20798468]	[0.08828312 0.         0.        ]   	[0.41190291 0.66862952 0.55773469]	[0.82792322 0.9254915  0.89437361]
143	92   	[0.16943123 0.30811336 0.21324733]	[0.08828312 0.         0.        ]   	[0.42654029 0.67000764 0.54786695]	[0.82792322 0.9254915  0.89437361]
144	92   	[0.17029215 0.30796388 0.21050089]	[0.08828312 0.         0.        ]   	[0.42292213 0.66952512 0.55270385]	[0.82792322 0.92682394 0.89437361]
145	92   	[0.16695236 0.29237979 0.20530812]	[0.08828312 0.         0.        ]   	[0.42729444 0.68782493 0.5393913 ]	[0.82792322 0.92682394 0.89437361]
146	92   	[0.16358126 0.28389648 0.209902  ]	[0.08828312 0.         0.        ]   	[0.42420476 0.69661492 0.53685686]	[0.82792322 0.92682394 0.89437361]
147	92   	[0.16561661 0.28627481 0.21215045]	[0.16920866 0.         0.        ]   	[0.42481539 0.69187701 0.53660546]	[0.82792322 0.92682394 0.89437361]
148	92   	[0.16590948 0.27198787 0.19605717]	[0.15365052 0.         0.        ]   	[0.42085822 0.7067219  0.54332345]	[0.82792322 0.92682394 0.89437361]
149	92   	[0.167233   0.26556678 0.2021233 ]	[0.15365052 0.         0.        ]   	[0.4297834  0.71938443 0.53002512]	[0.82792322 0.92682394 0.89437361]
[4, 10, 2, 2, 7, 8, 6, 6, 6, 1, 3, 4, 3, 7, 8, 10, 5, 6, 6, 3, 6, 1, 6, 5, 6, 6, 9, 6, 10, 7, 1, 9, 1, 9, 5, 8, 10, 3, 9, 2, 7, 4, 2, 9, 2, 9, 10, 3, 10, 6, 2, 4, 4, 1, 2, 2, 3, 5, 6, 2, 6, 1]
(0.7518525274922111, 0.17831571840455954, 0.0)
[4, 10, 2, 2, 7, 8, 6, 6, 6, 1, 3, 4, 3, 7, 8, 10, 5, 9, 6, 3, 6, 1, 6, 5, 6, 6, 9, 6, 10, 7, 1, 9, 1, 9, 5, 8, 10, 3, 9, 2, 7, 7, 2, 9, 5, 9, 10, 3, 6, 6, 2, 4, 4, 1, 2, 2, 3, 5, 6, 2, 7, 1]
(0.8279232194249203, 0.20797935450963248, 0.0)
[6, 5, 2, 3, 4, 9, 9, 6, 6, 5, 3, 4, 1, 9, 8, 3, 9, 9, 3, 8, 10, 6, 6, 5, 6, 6, 10, 6, 10, 8, 4, 9, 1, 9, 10, 8, 6, 1, 7, 2, 7, 7, 2, 9, 2, 9, 10, 8, 8, 6, 4, 8, 4, 8, 2, 2, 3, 5, 6, 1, 10, 1]
(0.21540940139108164, 0.010768679136652852, 0.8589720997962939)
[6, 5, 2, 3, 1, 9, 9, 6, 6, 5, 3, 4, 1, 9, 8, 10, 9, 9, 6, 2, 4, 1, 1, 5, 6, 6, 10, 6, 10, 8, 1, 9, 1, 9, 9, 8, 6, 1, 7, 2, 6, 7, 2, 9, 2, 9, 10, 3, 8, 6, 4, 8, 4, 7, 2, 2, 3, 5, 6, 2, 10, 1]
(0.549604515210603, 0.0, 0.5546565830160484)
[4, 4, 2, 3, 4, 8, 7, 6, 6, 2, 3, 6, 3, 9, 8, 3, 9, 7, 6, 2, 6, 1, 6, 9, 10, 6, 10, 6, 4, 7, 1, 9, 1, 9, 5, 8, 6, 1, 7, 2, 7, 7, 2, 9, 2, 9, 10, 3, 10, 6, 2, 4, 4, 1, 2, 2, 3, 5, 6, 1, 10, 1]
(0.5551244686888305, 0.0, 0.552617007665863)
[4, 5, 2, 2, 4, 8, 6, 3, 6, 1, 4, 5, 3, 8, 8, 3, 9, 7, 6, 2, 4, 1, 1, 5, 6, 6, 10, 6, 10, 8, 1, 9, 1, 4, 10, 8, 6, 1, 4, 2, 7, 7, 2, 9, 2, 9, 10, 3, 6, 6, 2, 4, 2, 1, 2, 2, 3, 5, 6, 2, 7, 1]
(0.521072201349254, 0.0, 0.6227489491543623)
[4, 5, 2, 2, 4, 8, 6, 5, 5, 1, 4, 5, 3, 8, 8, 3, 5, 6, 6, 2, 4, 1, 1, 5, 6, 6, 10, 6, 10, 8, 1, 9, 1, 4, 10, 8, 6, 1, 4, 2, 7, 7, 2, 9, 5, 9, 10, 3, 6, 6, 2, 4, 4, 1, 2, 2, 3, 5, 6, 2, 7, 1]
(0.7560072926483175, 0.0, 0.46498248250967533)
[7, 5, 2, 3, 4, 9, 6, 6, 6, 5, 3, 4, 2, 9, 8, 3, 9, 7, 3, 8, 10, 6, 6, 5, 6, 6, 10, 6, 10, 8, 3, 9, 2, 9, 9, 8, 6, 1, 7, 2, 7, 7, 2, 9, 2, 9, 10, 3, 8, 6, 4, 8, 4, 8, 2, 2, 3, 5, 6, 2, 10, 1]
(0.17949666327865335, 0.22666182033479026, 0.8546131275496219)
[4, 5, 2, 3, 7, 8, 6, 6, 6, 2, 3, 6, 3, 7, 8, 3, 9, 7, 6, 2, 6, 1, 6, 9, 6, 8, 10, 6, 10, 8, 1, 9, 4, 9, 5, 8, 8, 1, 7, 2, 7, 7, 2, 9, 2, 9, 10, 3, 10, 6, 2, 5, 2, 1, 2, 2, 3, 5, 6, 2, 10, 1]
(0.5499064440236087, 0.28096958808921757, 0.435085797432503)
[4, 3, 2, 3, 4, 2, 6, 5, 3, 5, 3, 2, 3, 9, 1, 5, 5, 7, 6, 2, 6, 6, 6, 7, 5, 6, 10, 6, 10, 8, 9, 6, 2, 4, 5, 2, 6, 1, 7, 3, 7, 7, 9, 9, 2, 9, 10, 3, 10, 6, 10, 1, 4, 5, 2, 2, 3, 5, 6, 4, 10, 1]
(0.15365051915273967, 0.6060108127168795, 0.559012023273822)
[5, 3, 2, 3, 7, 8, 6, 6, 6, 1, 3, 3, 3, 7, 8, 3, 9, 7, 6, 2, 6, 1, 6, 5, 6, 6, 10, 6, 10, 8, 1, 9, 1, 9, 5, 8, 10, 3, 9, 2, 7, 4, 2, 9, 9, 9, 10, 3, 10, 6, 2, 4, 4, 1, 2, 2, 3, 5, 6, 2, 10, 1]
(0.5105629101744686, 0.29505010763953804, 0.5582410083906537)
[4, 5, 2, 2, 6, 9, 6, 6, 6, 5, 3, 4, 1, 9, 8, 3, 9, 7, 6, 2, 7, 1, 6, 5, 6, 8, 10, 6, 10, 8, 1, 9, 1, 9, 5, 8, 6, 1, 7, 2, 5, 7, 2, 9, 2, 9, 10, 3, 10, 6, 2, 4, 4, 1, 2, 2, 3, 5, 6, 2, 10, 1]
(0.554777950825658, 0.8445119691081354, 0.0)
[4, 9, 7, 2, 7, 7, 6, 8, 6, 3, 4, 4, 5, 8, 7, 10, 7, 4, 7, 7, 10, 9, 6, 1, 6, 3, 10, 10, 5, 1, 2, 9, 1, 5, 9, 8, 10, 3, 9, 2, 7, 5, 9, 9, 2, 9, 8, 3, 8, 2, 4, 8, 3, 8, 2, 2, 3, 5, 4, 2, 8, 2]
(0.1787923963754526, 0.43218929951723994, 0.8129795449633007)
[4, 9, 7, 2, 7, 7, 6, 8, 6, 3, 4, 4, 5, 8, 7, 10, 7, 4, 7, 7, 10, 9, 6, 1, 6, 3, 10, 10, 5, 1, 2, 9, 1, 5, 9, 8, 10, 3, 9, 2, 7, 5, 9, 9, 2, 9, 8, 3, 8, 2, 4, 8, 3, 8, 2, 2, 3, 5, 4, 2, 8, 2]
(0.1787923963754526, 0.43218929951723994, 0.8129795449633007)
[4, 9, 7, 2, 7, 7, 6, 8, 6, 3, 4, 4, 5, 8, 7, 10, 7, 4, 7, 7, 10, 9, 6, 1, 6, 3, 10, 10, 5, 1, 2, 9, 1, 5, 9, 8, 10, 3, 9, 2, 7, 5, 9, 9, 2, 9, 8, 3, 8, 2, 4, 8, 3, 8, 2, 2, 3, 5, 4, 2, 8, 2]
(0.1787923963754526, 0.43218929951723994, 0.8129795449633007)
[4, 5, 2, 3, 4, 9, 6, 6, 6, 2, 3, 6, 3, 7, 8, 3, 9, 7, 6, 2, 6, 1, 6, 9, 6, 6, 10, 6, 4, 7, 1, 9, 1, 9, 5, 8, 6, 1, 7, 2, 3, 7, 2, 9, 2, 9, 10, 3, 10, 9, 2, 4, 4, 1, 2, 2, 3, 5, 6, 2, 10, 1]
(0.5520320918418762, 0.5909558838008551, 0.29162155963662806)
[4, 3, 7, 2, 7, 8, 6, 8, 6, 3, 4, 4, 5, 8, 7, 10, 7, 4, 7, 7, 10, 9, 6, 1, 6, 3, 10, 10, 5, 1, 2, 9, 1, 5, 9, 8, 10, 4, 7, 6, 7, 5, 9, 9, 2, 9, 8, 3, 8, 6, 4, 8, 4, 8, 2, 2, 3, 5, 4, 2, 4, 2]
(0.17088548493609518, 0.5844285679820544, 0.6795498179254162)
[4, 3, 7, 2, 7, 8, 6, 8, 6, 3, 4, 4, 5, 8, 7, 10, 7, 4, 7, 7, 10, 9, 6, 1, 6, 3, 10, 10, 5, 1, 2, 9, 1, 5, 9, 8, 10, 4, 7, 6, 7, 5, 9, 9, 2, 9, 8, 3, 8, 6, 4, 8, 4, 8, 2, 2, 3, 5, 4, 2, 4, 2]
(0.17088548493609518, 0.5844285679820544, 0.6795498179254162)
[4, 3, 7, 2, 7, 8, 6, 8, 6, 3, 4, 4, 5, 8, 7, 10, 7, 4, 7, 7, 10, 9, 6, 1, 6, 3, 10, 10, 5, 1, 2, 9, 1, 5, 9, 8, 10, 4, 7, 6, 7, 5, 9, 9, 2, 9, 8, 3, 8, 6, 4, 8, 4, 8, 2, 2, 3, 5, 4, 2, 4, 2]
(0.17088548493609518, 0.5844285679820544, 0.6795498179254162)
[4, 9, 7, 2, 7, 7, 6, 8, 6, 3, 4, 4, 5, 10, 7, 10, 7, 4, 7, 7, 10, 1, 6, 5, 6, 3, 10, 10, 5, 1, 2, 9, 1, 5, 9, 5, 10, 4, 7, 2, 7, 5, 9, 6, 2, 9, 8, 3, 8, 6, 4, 7, 4, 8, 2, 2, 3, 5, 4, 2, 8, 2]
(0.3331404553249896, 0.4413098616119571, 0.6896892539665941)
[7, 5, 2, 3, 4, 9, 6, 6, 6, 5, 3, 6, 1, 9, 8, 3, 9, 7, 3, 8, 10, 6, 6, 5, 6, 6, 10, 6, 10, 8, 1, 9, 2, 9, 9, 8, 6, 1, 7, 2, 7, 7, 2, 9, 2, 9, 10, 3, 10, 6, 2, 1, 4, 1, 2, 2, 3, 5, 6, 2, 10, 1]
(0.1772868482138694, 0.4385476105177826, 0.8506565572783145)
[4, 4, 2, 3, 4, 8, 6, 7, 6, 1, 3, 4, 3, 7, 2, 10, 1, 6, 6, 2, 6, 1, 6, 5, 6, 6, 10, 6, 10, 8, 1, 9, 1, 9, 5, 8, 6, 1, 7, 2, 7, 7, 2, 9, 2, 9, 10, 3, 10, 6, 2, 4, 4, 1, 2, 2, 3, 5, 6, 1, 10, 1]
(0.5419381062071092, 0.9253611405380064, 0.0)
[4, 4, 2, 3, 4, 8, 7, 7, 3, 2, 3, 4, 3, 7, 2, 10, 1, 6, 6, 2, 6, 1, 6, 5, 6, 6, 10, 6, 4, 9, 1, 9, 1, 9, 5, 8, 6, 1, 7, 2, 7, 7, 2, 9, 2, 9, 10, 3, 10, 6, 2, 4, 4, 1, 2, 2, 3, 5, 6, 1, 10, 1]
(0.5484359569137119, 0.9222769073210649, 0.0)
[4, 4, 2, 3, 4, 8, 6, 7, 6, 1, 3, 4, 3, 7, 2, 10, 1, 6, 6, 2, 6, 1, 6, 5, 6, 6, 10, 6, 10, 8, 1, 9, 1, 9, 5, 8, 6, 1, 7, 2, 7, 7, 2, 9, 2, 9, 10, 3, 10, 6, 2, 4, 4, 1, 2, 2, 3, 5, 6, 1, 10, 1]
(0.5470497954256771, 0.9243890200741581, 0.0)
[4, 4, 2, 3, 7, 2, 6, 3, 6, 1, 3, 4, 4, 9, 7, 10, 5, 9, 3, 2, 6, 6, 6, 1, 6, 6, 10, 6, 10, 8, 1, 9, 1, 9, 6, 8, 6, 1, 4, 2, 7, 7, 2, 9, 2, 9, 10, 3, 10, 6, 2, 4, 4, 1, 2, 2, 3, 5, 6, 2, 10, 1]
(0.5565758147559747, 0.9186006550677117, 0.0)
[7, 5, 2, 3, 4, 9, 6, 6, 6, 5, 3, 2, 1, 9, 8, 3, 9, 7, 3, 8, 10, 6, 9, 5, 6, 6, 10, 6, 10, 8, 3, 9, 2, 9, 9, 8, 6, 1, 7, 2, 7, 7, 2, 9, 2, 9, 10, 3, 10, 6, 9, 4, 4, 1, 2, 2, 3, 5, 6, 4, 10, 1]
(0.16936824914910167, 0.4388739552468255, 0.8678974071219162)
[4, 3, 8, 3, 4, 9, 6, 5, 6, 1, 3, 4, 3, 9, 1, 10, 5, 7, 6, 2, 6, 6, 6, 7, 6, 6, 10, 6, 10, 8, 9, 6, 1, 9, 5, 7, 6, 1, 7, 2, 7, 7, 9, 9, 2, 9, 10, 3, 10, 6, 6, 1, 4, 1, 2, 2, 3, 5, 6, 2, 10, 1]
(0.34222520629334535, 0.6010324789371725, 0.5584707380241264)
[4, 3, 4, 3, 4, 2, 6, 5, 3, 2, 3, 2, 3, 9, 1, 10, 5, 7, 6, 2, 6, 6, 6, 7, 6, 6, 10, 6, 10, 8, 9, 6, 1, 9, 5, 7, 6, 1, 7, 3, 7, 7, 9, 9, 2, 9, 10, 3, 10, 6, 10, 1, 4, 1, 2, 2, 3, 5, 6, 2, 10, 1]
(0.3391219903955031, 0.6040017235221274, 0.5597484957304689)
[4, 3, 4, 3, 4, 2, 6, 5, 3, 5, 3, 2, 3, 9, 1, 10, 5, 2, 6, 2, 6, 6, 6, 1, 5, 6, 10, 7, 10, 7, 9, 6, 1, 9, 5, 7, 6, 1, 7, 3, 7, 7, 9, 9, 2, 9, 10, 3, 10, 7, 9, 10, 4, 4, 2, 2, 3, 5, 6, 2, 7, 1]
(0.34253802297388586, 0.6022160627879201, 0.5584530410579641)
[4, 3, 4, 3, 4, 2, 6, 5, 3, 5, 3, 2, 3, 9, 1, 5, 5, 7, 6, 2, 6, 6, 6, 7, 6, 6, 10, 6, 10, 8, 9, 6, 1, 9, 5, 7, 6, 1, 7, 3, 7, 7, 9, 9, 2, 9, 10, 3, 10, 6, 10, 1, 4, 1, 2, 2, 3, 5, 6, 2, 10, 1]
(0.3399147003697909, 0.6038779846585257, 0.5605594759669525)
[4, 5, 2, 3, 7, 8, 6, 6, 6, 1, 3, 3, 3, 7, 8, 3, 9, 10, 6, 2, 6, 1, 6, 5, 6, 6, 10, 6, 4, 9, 1, 9, 1, 9, 2, 8, 6, 1, 7, 2, 7, 7, 2, 9, 2, 9, 10, 3, 10, 6, 2, 4, 4, 1, 2, 2, 3, 5, 6, 2, 10, 1]
(0.5444610138778261, 0.4690822699621084, 0.5579715883432561)
[4, 5, 2, 3, 5, 2, 6, 2, 6, 5, 3, 4, 1, 9, 8, 3, 9, 7, 3, 8, 10, 6, 9, 5, 6, 6, 10, 6, 10, 6, 3, 9, 2, 9, 9, 8, 6, 1, 7, 2, 7, 7, 2, 9, 2, 9, 10, 3, 10, 6, 2, 1, 4, 1, 2, 2, 3, 5, 6, 2, 10, 1]
(0.17085259713627132, 0.5775147685813232, 0.8450862012807119)
[4, 5, 2, 3, 4, 9, 6, 6, 6, 2, 3, 4, 10, 6, 2, 10, 5, 6, 6, 2, 6, 1, 6, 5, 6, 6, 10, 6, 10, 5, 1, 9, 1, 9, 10, 8, 6, 1, 7, 2, 7, 7, 2, 9, 7, 9, 10, 3, 10, 9, 2, 4, 4, 1, 2, 2, 3, 5, 6, 2, 10, 1]
(0.349744905788059, 0.5995007950459318, 0.6465490484502606)
[4, 9, 7, 2, 7, 4, 6, 8, 6, 3, 4, 4, 5, 8, 7, 10, 7, 4, 7, 7, 10, 9, 5, 1, 6, 3, 10, 10, 5, 1, 2, 9, 1, 5, 9, 8, 10, 4, 7, 6, 7, 5, 9, 9, 2, 9, 8, 3, 8, 6, 4, 8, 4, 8, 2, 2, 3, 5, 4, 2, 8, 2]
(0.17792100313611428, 0.8730243443511432, 0.5585075920538244)
[6, 5, 2, 3, 7, 5, 6, 6, 6, 5, 3, 4, 2, 9, 8, 3, 9, 9, 3, 8, 10, 6, 6, 5, 6, 6, 8, 6, 10, 8, 1, 9, 1, 9, 5, 8, 6, 1, 7, 7, 7, 4, 2, 9, 9, 7, 10, 3, 7, 6, 2, 10, 4, 1, 2, 2, 3, 5, 6, 2, 10, 1]
(0.21382333172683515, 0.5380091045790459, 0.8857878732410838)
[4, 9, 7, 2, 7, 7, 8, 8, 6, 3, 4, 4, 5, 8, 7, 10, 7, 6, 7, 7, 10, 9, 7, 2, 5, 3, 10, 10, 5, 1, 2, 9, 1, 5, 9, 8, 10, 4, 7, 2, 7, 5, 9, 6, 2, 9, 8, 1, 8, 6, 4, 8, 4, 8, 2, 2, 3, 5, 4, 2, 8, 2]
(0.174677096893061, 0.5743702663140818, 0.8943736063445825)
[4, 3, 7, 2, 7, 8, 6, 8, 6, 3, 4, 4, 5, 8, 7, 10, 7, 4, 7, 7, 10, 9, 7, 2, 5, 3, 10, 10, 5, 1, 2, 9, 1, 5, 9, 8, 10, 4, 7, 6, 7, 5, 9, 9, 2, 9, 8, 3, 8, 6, 4, 8, 4, 8, 2, 2, 3, 5, 4, 2, 8, 2]
(0.17838798046566665, 0.9062161761336026, 0.561196648628715)
[7, 5, 2, 3, 10, 1, 6, 6, 6, 2, 3, 4, 3, 9, 1, 10, 5, 4, 9, 6, 6, 6, 8, 2, 6, 6, 10, 3, 10, 1, 9, 7, 1, 9, 5, 7, 1, 1, 7, 2, 7, 7, 9, 10, 6, 9, 9, 3, 10, 7, 7, 10, 4, 1, 2, 2, 3, 5, 6, 2, 10, 1]
(0.21242904461836898, 0.8800861046649525, 0.5536478005253843)
[4, 2, 3, 3, 7, 8, 6, 6, 6, 1, 3, 3, 3, 7, 8, 3, 9, 10, 6, 2, 6, 1, 6, 5, 1, 4, 10, 6, 4, 9, 1, 9, 1, 9, 2, 8, 6, 1, 7, 2, 7, 7, 2, 9, 2, 9, 10, 3, 10, 6, 2, 4, 2, 1, 2, 2, 3, 5, 6, 2, 7, 1]
(0.7646783395981115, 0.9027157825417816, 0.0)
[4, 5, 2, 3, 4, 9, 3, 6, 6, 2, 3, 6, 3, 7, 8, 3, 9, 1, 6, 2, 6, 1, 6, 5, 6, 6, 10, 6, 5, 7, 1, 9, 2, 9, 5, 8, 6, 1, 7, 2, 3, 7, 2, 9, 2, 9, 10, 3, 10, 9, 2, 7, 4, 1, 2, 2, 3, 5, 6, 2, 10, 1]
(0.5522038992622558, 0.5949737040165427, 0.5239579185344657)
[4, 3, 9, 2, 6, 3, 9, 7, 5, 1, 3, 4, 3, 8, 1, 3, 9, 7, 6, 8, 6, 1, 6, 1, 6, 6, 10, 1, 5, 1, 9, 9, 1, 8, 9, 4, 10, 7, 7, 6, 7, 6, 9, 9, 2, 9, 8, 3, 8, 6, 7, 1, 5, 1, 2, 2, 5, 5, 4, 5, 8, 2]
(0.21548872205273026, 0.9182255459018046, 0.5603634629197506)
[5, 3, 2, 3, 7, 8, 8, 6, 6, 1, 3, 3, 8, 7, 8, 3, 9, 10, 6, 2, 6, 1, 6, 5, 1, 6, 10, 6, 4, 9, 1, 9, 1, 9, 2, 8, 10, 3, 9, 2, 7, 4, 2, 9, 9, 9, 10, 3, 10, 6, 2, 4, 4, 1, 2, 2, 3, 5, 6, 2, 10, 1]
(0.5398174560240474, 0.6004879143956149, 0.5586759697743235)
[5, 3, 2, 3, 7, 8, 6, 6, 6, 1, 3, 3, 3, 7, 8, 3, 9, 10, 6, 2, 6, 1, 6, 5, 1, 6, 10, 6, 4, 9, 1, 9, 1, 9, 2, 8, 6, 1, 7, 2, 7, 7, 2, 10, 2, 9, 10, 3, 10, 6, 2, 1, 4, 1, 2, 2, 3, 5, 6, 2, 10, 1]
(0.5531708057795708, 0.5929176803838847, 0.5576966316911092)
[8, 6, 8, 10, 1, 5, 8, 10, 6, 8, 1, 4, 3, 9, 1, 10, 5, 4, 6, 6, 6, 6, 2, 2, 6, 6, 10, 3, 10, 8, 9, 7, 1, 9, 5, 7, 1, 1, 7, 2, 7, 7, 9, 10, 6, 9, 9, 3, 10, 7, 9, 10, 4, 1, 2, 2, 3, 5, 6, 2, 10, 1]
(0.342891825877001, 0.8058957776986094, 0.5565271926093185)
[8, 6, 8, 10, 1, 5, 8, 10, 6, 8, 1, 4, 3, 9, 1, 10, 5, 4, 6, 6, 6, 6, 2, 2, 6, 6, 10, 3, 10, 8, 9, 7, 1, 9, 5, 7, 1, 1, 7, 2, 7, 7, 9, 10, 6, 9, 9, 3, 10, 7, 9, 10, 4, 1, 2, 2, 3, 5, 6, 2, 10, 1]
(0.342891825877001, 0.8058957776986094, 0.5565271926093185)
[8, 6, 8, 10, 1, 5, 8, 10, 6, 8, 1, 4, 3, 9, 1, 10, 5, 4, 6, 6, 6, 6, 2, 2, 6, 6, 10, 3, 10, 8, 9, 7, 1, 9, 5, 7, 1, 1, 7, 2, 7, 7, 9, 10, 6, 9, 9, 3, 10, 7, 9, 10, 4, 1, 2, 2, 3, 5, 6, 2, 10, 1]
(0.342891825877001, 0.8058957776986094, 0.5565271926093185)
[5, 3, 2, 3, 7, 8, 6, 6, 6, 1, 3, 3, 8, 7, 8, 3, 9, 10, 6, 2, 6, 1, 6, 5, 1, 6, 10, 6, 4, 9, 1, 9, 1, 9, 2, 8, 10, 3, 9, 2, 7, 4, 2, 9, 9, 9, 10, 3, 10, 6, 2, 4, 4, 1, 2, 2, 3, 5, 6, 2, 10, 1]
(0.5494554784249037, 0.598674115355544, 0.5615776289962028)
[4, 5, 2, 3, 4, 9, 6, 6, 6, 4, 3, 4, 10, 7, 8, 10, 5, 6, 6, 2, 6, 1, 6, 5, 6, 7, 10, 6, 10, 8, 1, 9, 1, 9, 10, 8, 7, 1, 5, 2, 7, 7, 2, 9, 2, 9, 10, 3, 10, 6, 2, 1, 4, 1, 2, 2, 3, 5, 6, 2, 10, 1]
(0.5473912134938389, 0.9228472881950431, 0.26839280513684854)
[4, 5, 2, 3, 4, 9, 6, 6, 10, 2, 3, 4, 3, 6, 2, 10, 5, 6, 6, 2, 6, 1, 6, 6, 6, 6, 10, 6, 10, 8, 1, 9, 1, 9, 10, 8, 7, 1, 7, 2, 7, 7, 2, 9, 2, 9, 10, 3, 10, 6, 2, 1, 4, 1, 2, 2, 3, 5, 6, 2, 10, 1]
(0.35972426482745745, 0.913916047941893, 0.4842219460963026)
[4, 5, 2, 3, 4, 9, 6, 6, 10, 2, 3, 4, 3, 6, 2, 10, 5, 6, 6, 2, 6, 1, 6, 6, 6, 6, 10, 6, 10, 8, 1, 9, 1, 9, 10, 8, 7, 1, 7, 2, 7, 7, 2, 9, 2, 9, 10, 3, 10, 6, 2, 1, 4, 1, 2, 2, 3, 5, 6, 2, 10, 1]
(0.35972426482745745, 0.913916047941893, 0.4842219460963026)
[4, 5, 2, 3, 4, 9, 6, 6, 10, 2, 3, 4, 3, 6, 2, 10, 5, 6, 6, 2, 6, 1, 6, 6, 6, 6, 10, 6, 10, 8, 1, 9, 1, 9, 10, 8, 7, 1, 7, 2, 7, 7, 2, 9, 2, 9, 10, 3, 10, 6, 2, 1, 4, 1, 2, 2, 3, 5, 6, 2, 10, 1]
(0.35972426482745745, 0.913916047941893, 0.4842219460963026)
[4, 5, 2, 3, 4, 9, 6, 6, 10, 2, 3, 4, 3, 6, 2, 10, 5, 6, 6, 2, 6, 1, 6, 6, 6, 6, 10, 6, 10, 8, 1, 9, 1, 9, 10, 8, 7, 1, 7, 2, 7, 7, 2, 9, 2, 9, 10, 3, 10, 6, 2, 1, 4, 1, 2, 2, 3, 5, 6, 2, 10, 1]
(0.35972426482745745, 0.913916047941893, 0.4842219460963026)
[4, 5, 1, 2, 4, 8, 6, 5, 5, 1, 4, 5, 3, 8, 8, 3, 9, 7, 6, 2, 4, 1, 1, 5, 6, 6, 10, 6, 10, 9, 1, 9, 1, 9, 5, 10, 7, 1, 2, 2, 7, 7, 2, 9, 7, 9, 10, 3, 10, 9, 2, 4, 4, 1, 2, 2, 3, 5, 6, 2, 7, 1]
(0.6529334674941633, 0.597392762500536, 0.5199710073307972)
[4, 1, 8, 2, 7, 6, 7, 8, 6, 3, 4, 3, 5, 8, 7, 10, 7, 4, 7, 2, 10, 9, 7, 7, 5, 3, 10, 10, 5, 1, 2, 9, 1, 5, 9, 8, 9, 3, 9, 2, 7, 5, 9, 10, 2, 9, 8, 3, 10, 7, 9, 10, 4, 4, 2, 2, 3, 5, 4, 2, 8, 2]
(0.3326645388244461, 0.8861613896675411, 0.5599954410442151)
[4, 6, 8, 9, 1, 5, 8, 10, 6, 8, 1, 4, 3, 9, 1, 10, 5, 4, 6, 6, 6, 6, 2, 2, 6, 6, 10, 7, 10, 8, 9, 6, 1, 9, 5, 7, 1, 1, 7, 2, 7, 7, 9, 9, 2, 9, 10, 3, 10, 6, 6, 1, 4, 2, 2, 2, 3, 5, 6, 2, 10, 1]
(0.34177613944615115, 0.8983225022442638, 0.5596509315401706)
[4, 3, 4, 3, 4, 3, 6, 5, 3, 5, 7, 2, 3, 9, 1, 10, 5, 2, 6, 2, 6, 6, 3, 1, 5, 5, 10, 6, 10, 8, 9, 9, 1, 9, 10, 10, 4, 1, 7, 2, 7, 7, 9, 9, 6, 9, 8, 3, 10, 4, 9, 10, 4, 4, 2, 2, 3, 5, 6, 2, 7, 1]
(0.3401027403086321, 0.9030558311380446, 0.5579387791364686)
[4, 3, 4, 3, 7, 9, 6, 5, 3, 5, 3, 2, 3, 9, 1, 10, 5, 7, 6, 2, 6, 6, 6, 2, 6, 6, 10, 7, 10, 7, 9, 6, 1, 8, 5, 10, 6, 1, 7, 2, 7, 7, 9, 9, 6, 9, 10, 3, 10, 7, 9, 10, 8, 4, 2, 2, 3, 5, 6, 3, 7, 1]
(0.3413060618029379, 0.901616530958563, 0.5583606266720998)
[4, 3, 4, 3, 4, 2, 6, 5, 3, 5, 3, 2, 4, 9, 1, 10, 5, 2, 6, 2, 6, 6, 6, 1, 5, 6, 10, 7, 10, 7, 9, 6, 2, 8, 5, 7, 4, 1, 7, 2, 7, 7, 9, 9, 6, 9, 8, 3, 10, 7, 9, 1, 4, 1, 2, 2, 3, 5, 6, 2, 10, 1]
(0.3401238614976574, 0.9206252544187005, 0.5563443985707813)
[4, 3, 4, 3, 4, 2, 6, 5, 3, 5, 7, 2, 3, 9, 1, 10, 5, 2, 6, 2, 6, 6, 6, 1, 5, 6, 10, 7, 10, 7, 9, 6, 1, 8, 5, 10, 4, 1, 7, 2, 7, 7, 9, 9, 6, 9, 7, 3, 10, 7, 9, 10, 4, 4, 2, 2, 3, 5, 6, 2, 7, 1]
(0.3429336313465392, 0.9229835637845093, 0.5525935851238052)
[4, 3, 4, 3, 4, 2, 6, 5, 3, 5, 3, 2, 3, 9, 1, 10, 5, 2, 6, 2, 6, 6, 6, 1, 5, 6, 10, 7, 10, 7, 9, 6, 2, 8, 5, 7, 6, 1, 7, 2, 7, 7, 9, 9, 6, 9, 10, 4, 10, 5, 9, 1, 4, 1, 2, 2, 3, 5, 6, 2, 7, 1]
(0.3427098260921951, 0.9181793848983938, 0.557760534260302)
[4, 3, 4, 3, 4, 2, 6, 5, 3, 5, 3, 2, 3, 9, 1, 10, 5, 2, 6, 2, 6, 6, 6, 1, 5, 6, 10, 7, 10, 7, 9, 6, 2, 8, 5, 7, 4, 1, 7, 2, 7, 7, 9, 9, 6, 9, 8, 3, 10, 7, 9, 10, 4, 4, 2, 2, 3, 5, 6, 2, 5, 1]
(0.3393268333888649, 0.9240553534589698, 0.5555838598891087)
[4, 3, 4, 3, 4, 2, 6, 5, 3, 5, 3, 2, 3, 9, 1, 5, 5, 7, 6, 2, 6, 6, 6, 7, 6, 6, 10, 6, 10, 8, 9, 6, 2, 9, 5, 7, 6, 1, 7, 3, 5, 7, 9, 9, 2, 9, 10, 3, 10, 7, 9, 10, 4, 4, 2, 2, 3, 5, 6, 2, 5, 1]
(0.33823692985019493, 0.9220555982552464, 0.5592836336376269)
[7, 5, 2, 3, 7, 8, 6, 6, 6, 1, 3, 3, 3, 7, 8, 3, 9, 10, 6, 2, 6, 1, 6, 5, 1, 6, 10, 6, 4, 9, 1, 9, 1, 9, 2, 8, 6, 1, 7, 2, 7, 7, 2, 9, 2, 9, 10, 3, 10, 6, 2, 1, 4, 1, 2, 2, 3, 5, 6, 2, 10, 1]
(0.36139687242948726, 0.9058139112778008, 0.557011439121607)
[4, 3, 2, 3, 4, 2, 6, 5, 3, 5, 3, 2, 3, 9, 1, 5, 5, 7, 6, 2, 6, 6, 6, 7, 6, 6, 10, 6, 10, 8, 9, 6, 2, 4, 5, 2, 6, 1, 7, 3, 5, 7, 9, 9, 2, 9, 10, 3, 10, 6, 10, 1, 4, 1, 2, 2, 3, 5, 6, 2, 5, 1]
(0.33929585527373635, 0.9268239413388065, 0.558588019491101)
[4, 5, 2, 3, 4, 9, 6, 5, 6, 4, 3, 4, 10, 7, 8, 10, 5, 6, 6, 2, 6, 1, 6, 5, 6, 7, 10, 6, 10, 8, 1, 9, 1, 9, 10, 8, 7, 1, 5, 2, 7, 7, 2, 9, 2, 9, 10, 3, 10, 6, 2, 1, 4, 1, 2, 2, 3, 5, 6, 2, 10, 1]
(0.5362774014401548, 0.9236948995850974, 0.3915334177228395)
[6, 5, 2, 3, 7, 8, 6, 6, 6, 1, 3, 3, 3, 7, 8, 3, 9, 7, 6, 2, 6, 1, 6, 5, 6, 6, 10, 6, 10, 8, 1, 9, 1, 9, 5, 8, 10, 3, 9, 2, 7, 4, 2, 9, 9, 9, 10, 3, 7, 6, 2, 10, 4, 1, 2, 2, 3, 5, 6, 2, 10, 1]
(0.5498022372055941, 0.913080042507499, 0.42265259652114606)
[6, 5, 2, 3, 7, 8, 6, 6, 6, 1, 3, 3, 3, 7, 8, 3, 9, 7, 6, 2, 6, 1, 6, 5, 6, 6, 10, 6, 10, 8, 1, 9, 1, 9, 5, 8, 10, 3, 9, 2, 7, 4, 2, 9, 9, 9, 10, 3, 7, 6, 2, 10, 4, 1, 2, 2, 3, 5, 6, 2, 10, 1]
(0.5498022372055941, 0.913080042507499, 0.42265259652114606)
[4, 3, 8, 2, 7, 6, 7, 8, 6, 3, 4, 3, 5, 8, 7, 10, 7, 4, 7, 2, 10, 9, 7, 7, 5, 3, 10, 10, 5, 1, 2, 9, 1, 5, 9, 8, 9, 3, 9, 2, 7, 5, 9, 10, 2, 9, 8, 3, 8, 6, 4, 8, 3, 8, 2, 2, 3, 5, 4, 2, 8, 2]
(0.33401076852009476, 0.8618725986219955, 0.6951107120731708)
[7, 5, 2, 3, 10, 9, 6, 6, 6, 2, 3, 4, 3, 6, 2, 10, 5, 6, 6, 2, 6, 1, 6, 5, 6, 6, 10, 6, 4, 9, 1, 9, 1, 9, 2, 8, 6, 1, 7, 2, 7, 7, 2, 9, 2, 9, 10, 3, 10, 6, 2, 4, 6, 1, 2, 2, 3, 5, 6, 2, 10, 1]
(0.5476529590385958, 0.8751147889532157, 0.47571176645244884)
[4, 5, 2, 3, 7, 8, 6, 6, 6, 1, 3, 6, 3, 7, 8, 3, 9, 7, 6, 2, 6, 1, 6, 9, 6, 6, 10, 6, 4, 9, 1, 9, 1, 9, 5, 8, 6, 1, 7, 2, 7, 7, 2, 9, 2, 9, 10, 3, 10, 6, 2, 5, 7, 1, 2, 2, 3, 5, 6, 2, 10, 1]
(0.5472165857892616, 0.8247824515216077, 0.5384602290055096)
[7, 5, 2, 3, 4, 9, 6, 6, 6, 5, 3, 4, 1, 9, 8, 3, 9, 7, 3, 8, 10, 6, 6, 9, 1, 6, 10, 6, 4, 9, 1, 9, 1, 9, 5, 8, 6, 1, 1, 2, 7, 7, 2, 9, 2, 9, 10, 3, 10, 6, 3, 4, 4, 1, 2, 2, 3, 5, 6, 2, 10, 1]
(0.16920865965916443, 0.8949469354934992, 0.8598809253730075)
[4, 5, 2, 2, 7, 8, 6, 6, 6, 1, 3, 4, 3, 7, 8, 10, 5, 6, 6, 2, 6, 1, 6, 5, 6, 6, 9, 6, 10, 8, 9, 6, 1, 9, 10, 8, 10, 1, 9, 2, 7, 7, 2, 9, 2, 9, 10, 3, 10, 6, 2, 4, 4, 1, 2, 2, 3, 5, 6, 2, 10, 1]
(0.549721062259475, 0.9155252580530938, 0.46168195087684055)
[4, 4, 2, 3, 4, 8, 6, 7, 6, 1, 3, 3, 3, 7, 8, 3, 9, 7, 6, 2, 6, 1, 6, 5, 6, 6, 10, 6, 4, 9, 1, 9, 1, 9, 5, 8, 6, 1, 9, 2, 9, 7, 2, 9, 2, 9, 10, 3, 10, 6, 2, 3, 4, 1, 2, 2, 3, 5, 6, 1, 10, 1]
(0.550892736542681, 0.8814668969251218, 0.5308387857738138)
[4, 5, 2, 3, 7, 8, 6, 6, 6, 1, 3, 6, 3, 7, 8, 3, 9, 7, 6, 2, 6, 1, 6, 9, 6, 6, 10, 6, 4, 7, 2, 9, 1, 9, 5, 8, 6, 1, 7, 2, 7, 7, 2, 9, 2, 9, 10, 3, 10, 6, 2, 5, 7, 1, 2, 2, 3, 5, 6, 2, 10, 1]
(0.5515947431348, 0.8696204309351752, 0.5568123354195068)
[4, 5, 2, 2, 4, 8, 6, 5, 5, 1, 2, 5, 3, 8, 8, 3, 5, 6, 6, 2, 4, 1, 6, 5, 6, 6, 10, 6, 4, 8, 1, 9, 1, 5, 10, 8, 6, 1, 7, 2, 7, 7, 2, 9, 2, 9, 10, 3, 10, 7, 2, 8, 4, 1, 2, 2, 3, 5, 6, 2, 10, 1]
(0.5520506937951964, 0.904333488922566, 0.5289372374928389)
[4, 5, 2, 3, 7, 8, 6, 6, 6, 1, 3, 6, 10, 7, 8, 3, 9, 7, 6, 2, 6, 1, 6, 9, 6, 6, 10, 6, 4, 3, 1, 9, 1, 9, 10, 8, 7, 1, 7, 2, 7, 7, 2, 9, 2, 9, 10, 3, 10, 6, 2, 5, 7, 1, 2, 2, 3, 5, 6, 2, 10, 1]
(0.5472589423670314, 0.881312607135624, 0.5570305676804808)
[7, 5, 2, 2, 7, 8, 6, 6, 6, 1, 2, 4, 8, 7, 8, 10, 5, 6, 6, 2, 7, 1, 6, 5, 6, 8, 10, 6, 10, 8, 1, 9, 4, 9, 5, 8, 8, 1, 7, 2, 7, 7, 2, 9, 2, 9, 10, 3, 10, 6, 2, 4, 4, 1, 2, 2, 3, 5, 6, 2, 10, 1]
(0.5511577608558593, 0.9132983944378789, 0.5272987442022803)
[4, 5, 2, 3, 7, 8, 6, 6, 6, 1, 3, 7, 3, 7, 2, 3, 5, 6, 6, 2, 6, 1, 6, 5, 6, 6, 10, 6, 10, 8, 1, 9, 1, 9, 3, 8, 3, 1, 7, 2, 7, 7, 2, 9, 2, 9, 10, 3, 10, 6, 2, 4, 4, 1, 2, 2, 3, 5, 6, 2, 10, 1]
(0.5491749599494826, 0.9127526390366253, 0.5331409209736718)
[7, 5, 2, 3, 4, 9, 6, 6, 6, 2, 3, 4, 3, 6, 2, 10, 5, 6, 6, 2, 6, 1, 6, 5, 6, 6, 10, 2, 10, 8, 1, 9, 1, 9, 10, 8, 6, 1, 7, 2, 7, 7, 2, 9, 2, 9, 10, 3, 10, 6, 2, 1, 4, 1, 2, 2, 3, 5, 6, 2, 10, 1]
(0.5444051244938053, 0.9169032092206175, 0.5356950230775123)
[4, 5, 2, 3, 7, 8, 6, 6, 6, 1, 3, 3, 3, 7, 8, 3, 9, 7, 6, 2, 6, 1, 6, 5, 6, 6, 10, 6, 4, 9, 1, 9, 1, 9, 5, 8, 6, 1, 7, 2, 7, 7, 2, 9, 2, 9, 10, 3, 10, 6, 2, 4, 4, 1, 2, 2, 3, 5, 6, 2, 10, 1]
(0.547345513483859, 0.899441862758249, 0.5540466920414752)
[6, 5, 2, 1, 4, 8, 6, 6, 6, 1, 3, 3, 3, 7, 8, 10, 5, 6, 2, 2, 6, 1, 6, 5, 6, 8, 10, 6, 10, 8, 1, 9, 4, 9, 8, 8, 6, 1, 7, 2, 7, 7, 2, 9, 2, 9, 10, 3, 10, 6, 2, 4, 2, 1, 2, 2, 3, 5, 6, 2, 10, 1]
(0.5483194507287619, 0.9240999571047718, 0.5292492237452324)
[6, 5, 2, 2, 6, 8, 6, 6, 6, 1, 3, 4, 3, 7, 8, 10, 5, 6, 6, 2, 7, 1, 6, 5, 6, 8, 10, 6, 10, 8, 1, 9, 1, 9, 5, 8, 6, 1, 7, 2, 6, 7, 2, 10, 2, 9, 10, 3, 1, 8, 4, 8, 4, 8, 2, 2, 3, 5, 6, 2, 10, 1]
(0.550484116632184, 0.9023437424562871, 0.5506784116143391)
[6, 5, 2, 3, 7, 8, 6, 6, 6, 1, 3, 3, 3, 7, 8, 3, 9, 7, 6, 2, 6, 1, 6, 5, 6, 6, 10, 6, 4, 9, 1, 9, 1, 9, 5, 8, 6, 1, 7, 2, 7, 7, 2, 9, 2, 9, 10, 3, 10, 6, 2, 4, 4, 1, 2, 2, 3, 5, 6, 2, 10, 1]
(0.5491283805793356, 0.9042451187036932, 0.5539698535796442)
[4, 5, 2, 3, 4, 9, 6, 6, 6, 2, 3, 4, 10, 6, 2, 10, 5, 6, 6, 2, 6, 1, 6, 6, 6, 6, 10, 6, 10, 8, 1, 9, 1, 9, 10, 8, 7, 1, 7, 2, 7, 7, 2, 9, 2, 9, 10, 3, 10, 6, 2, 1, 4, 1, 2, 2, 3, 5, 6, 2, 10, 1]
(0.5442979838931722, 0.9223923618905241, 0.5411626870870412)
[3, 5, 2, 3, 4, 1, 6, 6, 6, 2, 3, 4, 10, 6, 2, 10, 5, 6, 6, 2, 6, 1, 6, 10, 6, 6, 10, 5, 10, 8, 1, 5, 1, 9, 4, 8, 6, 1, 7, 2, 7, 7, 2, 9, 2, 9, 10, 3, 10, 6, 2, 4, 4, 1, 2, 2, 3, 5, 6, 2, 10, 1]
(0.54847621315325, 0.911515829246491, 0.5485873292482272)
[4, 5, 2, 3, 4, 9, 6, 6, 6, 2, 3, 4, 10, 6, 2, 10, 5, 6, 6, 2, 6, 1, 6, 5, 6, 6, 10, 2, 10, 8, 1, 10, 1, 9, 10, 8, 6, 1, 7, 2, 7, 7, 2, 9, 2, 9, 10, 3, 10, 6, 2, 1, 4, 1, 2, 2, 3, 5, 6, 2, 10, 1]
(0.5437867528783614, 0.9153217204846438, 0.5514226089479836)
[7, 5, 2, 2, 7, 8, 6, 6, 6, 1, 3, 4, 3, 7, 8, 10, 5, 6, 2, 2, 6, 1, 6, 5, 6, 8, 10, 6, 10, 8, 1, 9, 4, 9, 5, 8, 6, 1, 7, 2, 7, 7, 2, 9, 2, 9, 10, 3, 10, 6, 2, 4, 4, 1, 2, 2, 3, 5, 6, 2, 10, 1]
(0.5505543710319439, 0.9109251488931472, 0.5500628881866708)
[4, 5, 2, 2, 6, 8, 6, 6, 6, 1, 3, 4, 3, 7, 8, 10, 5, 6, 6, 2, 7, 1, 6, 5, 6, 8, 10, 6, 10, 8, 1, 9, 1, 9, 5, 8, 6, 1, 7, 2, 6, 7, 2, 9, 2, 9, 10, 3, 1, 8, 4, 8, 4, 8, 2, 2, 3, 5, 6, 2, 10, 1]
(0.5503132738922485, 0.90996204810217, 0.5526521988857497)
[4, 4, 2, 3, 5, 8, 9, 6, 6, 1, 3, 3, 3, 7, 8, 3, 9, 7, 6, 2, 6, 1, 6, 5, 6, 6, 10, 6, 4, 9, 1, 9, 1, 9, 5, 8, 6, 1, 7, 2, 7, 7, 2, 9, 7, 9, 10, 3, 10, 6, 2, 4, 4, 1, 2, 2, 3, 5, 6, 1, 10, 1]
(0.5464671774966973, 0.9118611880578096, 0.5569745899751778)
[4, 5, 2, 3, 4, 9, 6, 6, 6, 2, 3, 4, 10, 6, 2, 10, 5, 6, 6, 2, 6, 1, 6, 6, 6, 6, 10, 6, 10, 8, 1, 9, 1, 9, 10, 8, 7, 1, 7, 2, 7, 7, 2, 9, 2, 9, 10, 3, 5, 6, 2, 1, 4, 1, 2, 2, 3, 5, 6, 2, 10, 1]
(0.5430099998861796, 0.9236450263299041, 0.550181190143262)
[4, 5, 2, 3, 4, 9, 6, 6, 6, 2, 3, 4, 10, 6, 2, 10, 5, 6, 6, 2, 6, 1, 6, 6, 6, 6, 10, 6, 10, 8, 1, 9, 1, 9, 10, 8, 7, 1, 7, 2, 7, 7, 2, 9, 2, 9, 10, 3, 5, 6, 2, 1, 4, 1, 2, 2, 3, 5, 6, 2, 10, 1]
(0.541033321832289, 0.9246059346012764, 0.5519123322165875)
[4, 4, 2, 3, 5, 9, 9, 6, 6, 1, 3, 3, 3, 7, 8, 3, 9, 7, 3, 2, 6, 1, 6, 5, 6, 6, 10, 6, 4, 9, 1, 9, 1, 5, 5, 8, 6, 1, 7, 2, 7, 7, 2, 9, 2, 9, 10, 3, 10, 6, 2, 4, 4, 1, 2, 2, 3, 5, 6, 1, 5, 1]
(0.7576985341523912, 0.8605743086896845, 0.4650229482276971)
