[2, 5, 10, 10, 9, 1, 3, 10, 1, 5, 8, 1, 3, 9, 3, 7, 7, 1, 1, 6, 6, 3, 3, 3, 3, 10, 10, 6, 8, 8, 10, 7, 10, 1, 8, 3, 8, 5, 9, 5, 9, 5, 9, 1, 8, 3, 10, 6, 10, 2, 5, 5, 3, 3, 5, 6, 3, 2, 5, 1, 10, 1]
(0.7973138423636487, 0.44513436987730265, 0.8186429006978807, 0.0, 0.6952438751235551, 0.721699773333961)
[4, 7, 10, 10, 9, 1, 8, 10, 1, 5, 8, 1, 8, 7, 3, 7, 7, 1, 5, 6, 6, 3, 3, 3, 3, 10, 10, 6, 10, 8, 10, 7, 10, 1, 8, 3, 8, 5, 9, 5, 9, 6, 9, 1, 8, 3, 10, 6, 10, 2, 5, 5, 4, 3, 5, 6, 3, 2, 5, 1, 10, 1]
(0.7978854635730317, 0.44513436987730265, 0.8149755442514951, 0.5918367346938787, 0.23733700215475817, 0.23733700215475817)
[10, 2, 5, 4, 9, 3, 5, 9, 4, 7, 4, 2, 3, 9, 5, 8, 6, 7, 4, 3, 1, 4, 10, 10, 7, 9, 6, 4, 3, 8, 3, 1, 8, 1, 7, 10, 8, 9, 10, 5, 9, 5, 9, 4, 6, 6, 9, 4, 8, 5, 9, 9, 10, 3, 5, 2, 6, 7, 1, 1, 10, 1]
(0.6544277744367674, 0.322442517361736, 0.8196249553933678, 0.0, 0.7897348834201626, 0.9678231096076865)
[10, 2, 5, 4, 9, 3, 5, 9, 4, 7, 4, 7, 5, 6, 7, 8, 4, 7, 4, 3, 1, 4, 10, 9, 7, 9, 6, 4, 3, 5, 3, 1, 8, 1, 7, 10, 8, 9, 9, 5, 9, 5, 9, 4, 6, 10, 9, 7, 8, 5, 9, 1, 7, 6, 5, 2, 6, 7, 1, 1, 10, 1]
(0.18953947816044286, 0.0, 0.8064399009570413, 0.5918367346938802, 0.8069995434954697, 0.8091182487085397)
[2, 8, 6, 4, 4, 9, 5, 9, 6, 5, 3, 1, 7, 8, 5, 8, 2, 9, 7, 6, 6, 1, 10, 10, 6, 9, 6, 4, 3, 8, 3, 8, 8, 1, 10, 10, 8, 8, 10, 5, 9, 3, 10, 4, 6, 3, 4, 4, 8, 10, 9, 9, 10, 4, 5, 2, 6, 7, 2, 1, 10, 1]
(0.597749422676857, 0.8517251211862016, 0.8330983506515562, 0.5918367346938802, 0.7354314911758276, 0.0)
[10, 2, 5, 4, 9, 3, 5, 9, 4, 7, 4, 5, 2, 8, 5, 8, 6, 7, 4, 4, 2, 4, 3, 10, 6, 9, 6, 4, 3, 8, 10, 2, 8, 1, 2, 10, 8, 9, 9, 5, 9, 5, 9, 4, 3, 6, 9, 4, 8, 5, 9, 6, 10, 2, 5, 2, 6, 7, 1, 1, 10, 1]
(0.6589681429788424, 0.322442517361736, 0.8315397476777378, 0.32584269662921306, 0.8039066558703712, 0.9678231096076865)
[2, 5, 10, 10, 9, 1, 3, 10, 1, 5, 8, 9, 8, 9, 9, 7, 7, 1, 5, 6, 6, 3, 3, 3, 3, 10, 10, 6, 8, 8, 10, 4, 10, 1, 8, 3, 4, 5, 3, 4, 5, 5, 6, 1, 7, 4, 10, 6, 10, 2, 8, 8, 6, 3, 5, 6, 3, 2, 5, 1, 10, 1]
(0.799239798821502, 0.2974013474494705, 0.8091810347512298, 0.5918367346938787, 0.6587312875315493, 0.7354314911758276)
[4, 3, 5, 5, 8, 8, 5, 4, 6, 6, 4, 8, 7, 6, 5, 6, 2, 9, 5, 6, 6, 6, 7, 8, 6, 9, 2, 10, 1, 5, 10, 3, 8, 9, 7, 9, 8, 8, 10, 5, 9, 3, 7, 4, 2, 3, 4, 4, 8, 10, 9, 9, 10, 4, 5, 2, 2, 7, 6, 7, 10, 1]
(0.16644178759306857, 0.20700932946056316, 0.713230055384332, 0.7148988200351537, 0.8016316840425066, 0.7354314911758276)
[4, 3, 5, 5, 8, 8, 5, 4, 6, 6, 4, 8, 7, 6, 5, 6, 2, 9, 5, 6, 6, 6, 7, 8, 6, 9, 2, 10, 1, 5, 10, 3, 8, 9, 7, 9, 8, 8, 10, 5, 9, 3, 7, 4, 2, 3, 4, 4, 8, 10, 9, 9, 10, 4, 5, 2, 2, 7, 6, 7, 10, 1]
(0.16644178759306857, 0.20700932946056316, 0.713230055384332, 0.7148988200351537, 0.8016316840425066, 0.7354314911758276)
[4, 3, 5, 5, 8, 8, 5, 4, 6, 6, 4, 8, 7, 6, 5, 6, 2, 9, 5, 6, 6, 6, 7, 8, 6, 9, 2, 10, 1, 5, 10, 3, 8, 9, 7, 9, 8, 8, 10, 5, 9, 3, 7, 4, 2, 3, 4, 4, 8, 10, 9, 9, 10, 4, 5, 2, 2, 7, 6, 7, 10, 1]
(0.16644178759306857, 0.20700932946056316, 0.713230055384332, 0.7148988200351537, 0.8016316840425066, 0.7354314911758276)
[4, 6, 5, 5, 9, 7, 5, 6, 6, 7, 4, 5, 7, 6, 6, 5, 2, 8, 5, 6, 6, 6, 7, 8, 10, 7, 6, 4, 8, 3, 2, 2, 8, 1, 7, 10, 8, 8, 10, 5, 6, 3, 10, 4, 6, 8, 4, 4, 8, 10, 9, 9, 4, 6, 5, 2, 6, 7, 1, 1, 10, 1]
(0.6696607032790727, 0.8517251211862016, 0.8334524242207351, 0.8364221697673144, 0.8334010912105384, 0.0)
[7, 2, 5, 4, 9, 3, 5, 9, 4, 7, 4, 5, 6, 6, 5, 8, 6, 7, 4, 4, 1, 6, 4, 3, 10, 1, 10, 4, 7, 4, 3, 10, 9, 2, 10, 10, 8, 9, 10, 5, 9, 3, 10, 4, 7, 4, 10, 6, 10, 2, 8, 8, 10, 4, 5, 2, 6, 7, 2, 1, 10, 1]
(0.7977042963728239, 0.884512881255549, 0.8026208857074313, 0.5918367346938787, 0.7901159914210371, 0.23547891720448463)
[4, 8, 6, 5, 4, 3, 5, 9, 6, 5, 8, 8, 6, 6, 5, 8, 8, 9, 4, 6, 6, 2, 2, 8, 10, 9, 6, 4, 8, 9, 2, 9, 3, 1, 7, 6, 8, 8, 10, 4, 9, 3, 10, 4, 6, 3, 4, 4, 8, 10, 9, 9, 10, 4, 5, 2, 6, 7, 7, 1, 10, 1]
(0.4928771794730767, 0.0, 0.7152698813006223, 1.0, 0.7400603285059271, 0.7354314911758276)
[2, 5, 10, 10, 9, 1, 3, 10, 1, 5, 8, 1, 8, 9, 3, 7, 7, 1, 5, 6, 6, 3, 3, 3, 3, 10, 10, 6, 8, 8, 10, 7, 10, 1, 8, 3, 8, 5, 9, 5, 9, 5, 9, 1, 8, 3, 10, 6, 10, 2, 5, 5, 4, 3, 5, 6, 3, 2, 5, 1, 10, 1]
(0.7971389846876195, 0.44513436987730265, 0.8178420545533236, 0.5918367346938787, 0.0, 0.7128256404772341)
[4, 7, 10, 10, 9, 1, 3, 10, 1, 5, 8, 1, 8, 9, 3, 7, 7, 1, 5, 6, 6, 3, 3, 3, 3, 10, 10, 6, 8, 8, 10, 4, 10, 1, 8, 3, 8, 5, 3, 4, 5, 5, 6, 1, 10, 4, 9, 9, 10, 2, 5, 5, 6, 3, 5, 6, 3, 2, 5, 1, 10, 1]
(0.7905485970899395, 0.44513436987730265, 0.8115757806226545, 0.5918367346938787, 0.7284532686695394, 0.7354314911758276)
[2, 5, 10, 10, 9, 1, 3, 10, 1, 5, 8, 1, 8, 9, 3, 7, 7, 1, 5, 6, 6, 3, 3, 3, 3, 10, 10, 6, 8, 8, 10, 7, 10, 1, 8, 3, 8, 5, 9, 5, 9, 6, 9, 1, 8, 3, 10, 6, 10, 2, 5, 5, 4, 3, 5, 6, 3, 2, 5, 1, 10, 1]
(0.7971227547153762, 0.44513436987730265, 0.8134400224313076, 0.5918367346938787, 0.6893676700070447, 0.7354314911758276)
[4, 10, 10, 10, 9, 6, 1, 6, 6, 2, 4, 2, 5, 9, 6, 4, 7, 1, 6, 6, 6, 4, 3, 3, 10, 9, 10, 4, 2, 4, 3, 7, 10, 10, 10, 10, 8, 9, 10, 5, 9, 5, 6, 8, 10, 4, 10, 6, 10, 2, 5, 1, 4, 3, 5, 6, 3, 2, 5, 2, 7, 2]
(0.7967399833723834, 0.7535479290410813, 0.7568838456645544, 0.3258426966292137, 0.7295003240927994, 0.7354314911758276)
[4, 7, 8, 5, 9, 6, 10, 6, 3, 7, 8, 2, 7, 3, 9, 1, 9, 1, 6, 4, 1, 2, 4, 8, 6, 9, 6, 4, 7, 3, 9, 1, 8, 5, 7, 10, 8, 8, 9, 5, 9, 5, 9, 5, 6, 3, 4, 4, 1, 7, 9, 2, 10, 4, 5, 2, 6, 5, 5, 1, 10, 1]
(0.79162453208118, 0.7680592657998139, 0.8001261560246281, 0.32584269662921306, 0.7682967880740696, 0.7354314911758276)
[2, 8, 6, 4, 4, 8, 5, 9, 6, 5, 3, 8, 7, 6, 6, 5, 2, 9, 4, 6, 6, 3, 10, 10, 6, 9, 6, 9, 3, 8, 3, 2, 10, 1, 7, 10, 8, 9, 5, 6, 9, 4, 8, 4, 9, 3, 4, 4, 8, 10, 9, 9, 3, 4, 5, 2, 6, 7, 2, 1, 10, 1]
(0.6289802784100127, 0.5149704039997712, 0.833085926435882, 0.5918367346938787, 0.8397470278665368, 0.7354314911758276)
[4, 8, 5, 5, 9, 7, 5, 6, 6, 6, 6, 5, 7, 6, 6, 5, 2, 9, 5, 6, 6, 6, 7, 8, 10, 7, 6, 5, 8, 3, 2, 5, 1, 4, 7, 10, 8, 7, 10, 5, 6, 5, 10, 4, 6, 10, 4, 4, 8, 10, 9, 9, 4, 6, 5, 2, 6, 7, 1, 1, 10, 1]
(0.6729961747303548, 0.8517251211862016, 0.8266066523268758, 1.0, 0.0, 0.0)
[10, 2, 5, 4, 9, 3, 5, 9, 4, 7, 4, 2, 3, 9, 5, 8, 6, 7, 4, 4, 1, 4, 10, 10, 6, 9, 6, 4, 3, 8, 3, 2, 8, 1, 7, 10, 8, 9, 9, 5, 9, 5, 9, 4, 6, 6, 9, 4, 8, 5, 9, 9, 10, 3, 5, 2, 6, 7, 1, 1, 10, 1]
(0.6555748725309923, 0.322442517361736, 0.8178111651912269, 0.5918367346938771, 0.7887736728414825, 0.9678231096076865)
[10, 10, 5, 7, 9, 3, 5, 9, 4, 7, 4, 5, 3, 6, 5, 8, 6, 7, 4, 4, 1, 4, 10, 10, 9, 9, 6, 4, 3, 8, 3, 6, 8, 1, 7, 10, 8, 9, 9, 5, 9, 5, 9, 4, 6, 3, 4, 4, 9, 5, 9, 9, 10, 3, 5, 2, 6, 7, 1, 1, 10, 1]
(0.7073021786287368, 0.322442517361736, 0.8264351347461282, 0.8265545068308651, 0.7630839927121932, 0.7662350950762564)
[10, 2, 5, 4, 9, 3, 5, 9, 4, 7, 4, 5, 3, 8, 5, 8, 6, 7, 4, 4, 2, 4, 3, 10, 6, 9, 6, 4, 3, 8, 3, 2, 8, 1, 7, 10, 8, 9, 9, 5, 9, 5, 9, 4, 3, 6, 9, 4, 8, 5, 9, 6, 10, 2, 5, 2, 6, 7, 1, 1, 10, 1]
(0.7023542789742294, 0.322442517361736, 0.8127318365499312, 0.8114872759208019, 0.8001612605526975, 0.8014614501967959)
[4, 8, 5, 5, 9, 8, 5, 6, 6, 6, 4, 8, 7, 6, 5, 6, 2, 9, 5, 6, 6, 6, 7, 8, 6, 9, 2, 6, 1, 5, 8, 4, 8, 1, 7, 10, 10, 8, 10, 5, 9, 3, 10, 4, 6, 3, 6, 9, 8, 10, 9, 9, 10, 4, 5, 2, 6, 7, 1, 1, 10, 1]
(0.5797247374430264, 0.5149704039997712, 0.8474955124780482, 1.0, 0.835184573940927, 0.452033679505212)
[4, 8, 5, 5, 9, 8, 5, 6, 6, 6, 4, 8, 7, 6, 5, 6, 2, 9, 5, 6, 6, 6, 7, 8, 6, 9, 2, 10, 1, 2, 3, 4, 8, 1, 7, 10, 10, 8, 10, 5, 9, 3, 10, 4, 6, 3, 6, 9, 8, 10, 9, 9, 10, 4, 5, 2, 6, 7, 1, 1, 10, 1]
(0.5492042938247264, 0.5149704039997712, 0.8476666817441528, 1.0, 0.8323810493573487, 0.452033679505212)
[4, 8, 5, 5, 9, 7, 5, 6, 6, 6, 4, 8, 7, 10, 5, 6, 2, 9, 5, 6, 6, 6, 7, 8, 6, 9, 2, 6, 1, 5, 8, 4, 8, 1, 7, 10, 10, 8, 10, 5, 9, 3, 10, 4, 6, 3, 6, 4, 8, 10, 9, 9, 10, 4, 5, 2, 6, 7, 1, 1, 10, 1]
(0.5972038445994213, 0.5149704039997712, 0.8436977500095908, 1.0, 0.836038628779346, 0.452033679505212)
[4, 8, 5, 5, 4, 3, 10, 9, 6, 5, 8, 8, 6, 6, 5, 8, 8, 9, 4, 6, 6, 2, 2, 8, 10, 9, 6, 4, 8, 9, 2, 9, 8, 1, 7, 10, 8, 8, 10, 5, 9, 3, 10, 4, 6, 10, 4, 4, 8, 7, 9, 8, 10, 4, 5, 2, 6, 7, 7, 1, 10, 1]
(0.5149704039997712, 0.24657415207475614, 0.7764242114499146, 1.0, 0.7593124238774115, 0.7354314911758276)
[4, 8, 5, 6, 9, 8, 5, 6, 6, 6, 4, 9, 7, 6, 6, 5, 2, 6, 5, 6, 6, 6, 7, 8, 10, 7, 6, 7, 8, 3, 2, 5, 8, 4, 7, 10, 8, 7, 10, 2, 7, 3, 8, 4, 6, 3, 2, 7, 8, 7, 9, 6, 4, 6, 5, 2, 6, 7, 1, 1, 10, 1]
(0.6795414963737074, 0.8517251211862016, 0.8425401138141695, 0.8389765718951766, 0.8372214423492493, 0.2975358587716073)
[4, 6, 5, 5, 9, 7, 5, 6, 6, 6, 4, 9, 7, 6, 6, 5, 2, 9, 5, 6, 6, 6, 7, 8, 10, 7, 6, 4, 8, 1, 2, 2, 8, 1, 7, 10, 8, 8, 10, 5, 6, 3, 10, 4, 6, 7, 4, 4, 8, 10, 9, 9, 3, 6, 5, 2, 6, 7, 1, 1, 10, 1]
(0.6655862228944842, 0.8517251211862016, 0.8434379274025503, 0.8430965045466963, 0.8369517831131759, 0.2975358587716073)
[4, 8, 5, 5, 4, 3, 10, 9, 6, 5, 8, 8, 6, 6, 5, 8, 8, 9, 4, 6, 6, 2, 2, 8, 10, 9, 6, 4, 8, 9, 2, 9, 8, 1, 7, 10, 8, 8, 10, 5, 9, 3, 10, 4, 6, 3, 4, 4, 8, 10, 9, 9, 10, 4, 5, 2, 6, 7, 7, 1, 10, 1]
(0.5149704039997712, 0.24562480356544447, 0.7772051738575033, 1.0, 0.7594695204868847, 0.7680731935426527)
[4, 2, 5, 5, 9, 8, 5, 4, 3, 7, 8, 7, 5, 8, 5, 7, 6, 7, 4, 3, 1, 2, 2, 2, 10, 1, 10, 4, 3, 9, 2, 7, 8, 1, 7, 10, 6, 8, 10, 5, 9, 3, 10, 4, 6, 4, 4, 4, 8, 5, 9, 1, 9, 4, 5, 2, 6, 7, 6, 1, 10, 1]
(0.6088339915499048, 0.322442517361736, 0.753218722529703, 1.0, 0.0, 0.7483615403994855)
[10, 2, 1, 8, 9, 3, 5, 3, 4, 7, 4, 2, 3, 9, 5, 8, 6, 7, 5, 3, 1, 4, 10, 10, 7, 9, 6, 4, 3, 5, 3, 1, 8, 1, 7, 10, 8, 9, 9, 5, 9, 5, 9, 4, 6, 3, 4, 4, 9, 5, 9, 3, 3, 4, 5, 2, 6, 7, 1, 1, 10, 1]
(0.43868186790496116, 0.4928771794730767, 0.8203020324930486, 0.8128964243456657, 0.7942126555368236, 0.7850367227569156)
[10, 2, 1, 8, 9, 3, 5, 3, 4, 7, 4, 2, 3, 9, 5, 8, 6, 7, 5, 3, 1, 4, 10, 10, 7, 9, 6, 4, 3, 5, 3, 1, 8, 1, 7, 10, 8, 9, 9, 5, 9, 5, 9, 4, 6, 3, 4, 4, 9, 5, 9, 3, 3, 4, 5, 2, 6, 7, 1, 1, 10, 1]
(0.43868186790496116, 0.4928771794730767, 0.8203020324930486, 0.8128964243456657, 0.7942126555368236, 0.7850367227569156)
[10, 2, 5, 4, 9, 3, 5, 9, 4, 7, 4, 5, 3, 8, 5, 8, 1, 7, 4, 4, 2, 4, 10, 10, 6, 9, 6, 4, 3, 8, 3, 1, 8, 1, 7, 10, 8, 9, 10, 5, 9, 5, 9, 4, 4, 3, 4, 4, 9, 5, 9, 3, 3, 4, 5, 2, 6, 7, 1, 1, 10, 1]
(0.7045014375820698, 0.322442517361736, 0.8132160088047321, 0.8103848924860294, 0.8036376347765258, 0.9678231096076865)
[10, 2, 5, 4, 9, 3, 5, 9, 4, 7, 4, 5, 3, 8, 5, 8, 6, 7, 4, 4, 1, 4, 10, 10, 6, 9, 6, 6, 3, 8, 3, 2, 8, 1, 7, 10, 8, 9, 9, 5, 9, 5, 9, 4, 6, 3, 4, 10, 9, 5, 9, 3, 3, 4, 5, 2, 6, 7, 1, 1, 10, 1]
(0.6836016332730599, 0.322442517361736, 0.8205689033493337, 1.0, 0.0, 0.7935442043468288)
[4, 7, 10, 10, 9, 1, 3, 10, 1, 5, 8, 1, 8, 9, 9, 7, 7, 8, 5, 6, 6, 3, 3, 3, 3, 10, 10, 6, 8, 8, 10, 4, 10, 1, 8, 3, 8, 5, 3, 4, 5, 5, 6, 1, 7, 3, 10, 6, 10, 2, 5, 5, 6, 3, 5, 6, 3, 2, 5, 1, 10, 1]
(0.7938254872336915, 0.7895495282486013, 0.8045435292646221, 0.5918367346938787, 0.7354314911758276, 0.7354314911758276)
[2, 5, 10, 10, 9, 1, 3, 10, 1, 5, 8, 1, 8, 9, 9, 7, 7, 1, 5, 6, 6, 3, 3, 3, 3, 10, 10, 6, 8, 8, 10, 4, 10, 1, 8, 3, 8, 5, 3, 4, 5, 5, 6, 1, 7, 3, 10, 6, 10, 2, 5, 5, 6, 3, 5, 6, 3, 2, 5, 1, 10, 1]
(0.7961921079084208, 0.7918377416208319, 0.8012393763288789, 0.5918367346938787, 0.6787744378670992, 0.7354314911758276)
[4, 7, 10, 10, 9, 1, 3, 10, 1, 5, 8, 1, 8, 9, 3, 7, 7, 1, 5, 6, 6, 3, 3, 2, 3, 10, 10, 6, 8, 8, 10, 4, 10, 1, 8, 3, 8, 5, 3, 4, 5, 5, 6, 1, 10, 4, 9, 9, 10, 2, 5, 5, 6, 3, 5, 6, 3, 2, 5, 1, 10, 1]
(0.7916406551375917, 0.7925124322995475, 0.8117519797757202, 0.5918367346938787, 0.7164030658081113, 0.7354314911758276)
[10, 5, 5, 4, 9, 3, 3, 9, 4, 7, 4, 5, 3, 8, 6, 8, 6, 7, 4, 4, 2, 4, 10, 10, 6, 9, 6, 4, 7, 8, 3, 2, 8, 1, 7, 10, 8, 9, 9, 5, 9, 5, 9, 4, 6, 3, 4, 4, 9, 5, 9, 3, 3, 4, 5, 2, 6, 7, 1, 1, 10, 1]
(0.29428920131176906, 0.3179801994251449, 0.8238384300842821, 1.0, 0.8084278164431387, 0.8045053875073722)
[10, 5, 5, 4, 9, 3, 3, 9, 4, 7, 4, 5, 3, 8, 5, 8, 6, 7, 4, 4, 2, 4, 10, 10, 6, 9, 6, 4, 7, 8, 3, 2, 8, 1, 7, 10, 8, 9, 9, 5, 9, 5, 9, 4, 6, 3, 4, 4, 9, 8, 9, 3, 3, 4, 5, 2, 6, 7, 1, 1, 10, 1]
(0.687689567171032, 0.322442517361736, 0.8249752143397866, 1.0, 0.8001602286472849, 0.8004567662253909)
[10, 5, 5, 4, 9, 3, 3, 9, 4, 7, 4, 5, 3, 8, 5, 8, 6, 7, 4, 4, 2, 4, 10, 10, 2, 9, 6, 4, 7, 8, 3, 2, 8, 1, 7, 10, 8, 9, 9, 5, 9, 5, 9, 4, 6, 3, 4, 4, 9, 5, 9, 9, 10, 3, 5, 2, 6, 7, 1, 1, 10, 1]
(0.7025928860530201, 0.322442517361736, 0.8276917761191667, 1.0, 0.7984427114948561, 0.8027949454262785)
[10, 2, 5, 4, 9, 3, 5, 9, 4, 7, 4, 5, 3, 8, 5, 8, 6, 7, 4, 4, 2, 4, 10, 10, 6, 9, 6, 6, 3, 8, 3, 7, 8, 1, 7, 10, 8, 9, 9, 5, 9, 5, 9, 4, 6, 3, 4, 10, 9, 5, 9, 3, 3, 4, 5, 2, 6, 7, 1, 1, 10, 1]
(0.7057957885786833, 0.322442517361736, 0.8246764292940436, 1.0, 0.8024759029969505, 0.806196718849235)
[2, 5, 10, 10, 9, 1, 3, 10, 1, 5, 8, 1, 8, 9, 9, 7, 7, 1, 7, 6, 6, 3, 3, 3, 3, 8, 10, 6, 8, 8, 10, 7, 10, 1, 8, 3, 8, 5, 9, 5, 9, 5, 9, 1, 8, 4, 10, 6, 10, 2, 5, 5, 4, 3, 5, 6, 3, 2, 5, 1, 10, 1]
(0.7956319199874929, 0.803935137204819, 0.8083022097125583, 0.5918367346938802, 0.6198428859934164, 0.7354314911758276)
[4, 8, 5, 6, 9, 8, 5, 6, 6, 6, 4, 9, 7, 4, 6, 5, 2, 6, 5, 6, 6, 6, 7, 8, 10, 7, 6, 1, 4, 3, 2, 2, 8, 1, 7, 10, 8, 10, 7, 5, 6, 3, 10, 4, 6, 3, 2, 7, 9, 7, 9, 8, 4, 6, 5, 2, 6, 7, 1, 1, 10, 1]
(0.6671685134991953, 0.8517251211862016, 0.8429260371252839, 1.0, 0.8352815249934736, 0.2975358587716073)
[4, 2, 5, 5, 9, 7, 5, 6, 6, 6, 6, 4, 7, 6, 6, 4, 2, 9, 5, 6, 6, 6, 7, 5, 6, 9, 6, 4, 8, 3, 2, 5, 8, 4, 7, 10, 8, 9, 10, 5, 9, 3, 8, 4, 6, 5, 7, 4, 8, 10, 9, 9, 4, 6, 5, 2, 6, 7, 1, 2, 10, 1]
(0.6573069171979973, 0.8517251211862016, 0.8430359913036173, 1.0, 0.8294629914686025, 0.2975358587716073)
[4, 8, 5, 6, 9, 8, 5, 6, 6, 6, 4, 9, 7, 4, 6, 5, 2, 10, 5, 6, 6, 6, 7, 8, 10, 7, 6, 4, 8, 3, 2, 5, 8, 1, 7, 10, 8, 8, 10, 5, 6, 3, 10, 4, 6, 3, 2, 7, 9, 7, 9, 8, 4, 6, 5, 2, 6, 7, 1, 1, 10, 1]
(0.6841788372024837, 0.8517251211862016, 0.8426216514781062, 1.0, 0.8358760440722052, 0.2975358587716073)
[4, 6, 5, 5, 9, 7, 5, 6, 6, 6, 4, 9, 7, 6, 6, 5, 2, 9, 5, 6, 6, 6, 7, 8, 10, 7, 6, 1, 8, 1, 2, 2, 8, 1, 7, 10, 8, 8, 10, 5, 6, 5, 10, 4, 6, 8, 4, 4, 8, 9, 9, 9, 3, 6, 5, 2, 6, 7, 1, 1, 10, 1]
(0.6851117813959657, 0.8517251211862016, 0.8425973454490249, 1.0, 0.8361120129004064, 0.2975358587716073)
[4, 8, 5, 5, 9, 7, 5, 6, 6, 6, 6, 4, 7, 6, 6, 6, 2, 9, 5, 6, 6, 6, 7, 8, 10, 7, 6, 4, 2, 3, 2, 2, 8, 1, 7, 10, 8, 9, 9, 5, 9, 5, 9, 4, 6, 3, 4, 4, 9, 5, 9, 3, 7, 4, 5, 2, 6, 7, 1, 1, 10, 1]
(0.6794847218319717, 0.8517251211862016, 0.8137814903631742, 0.5918367346938787, 0.8343071958050075, 0.7354314911758276)
[4, 6, 5, 5, 9, 7, 5, 3, 6, 6, 9, 5, 7, 6, 6, 5, 2, 9, 5, 6, 6, 6, 7, 8, 10, 7, 6, 4, 8, 3, 2, 2, 8, 1, 2, 10, 8, 8, 10, 5, 6, 3, 10, 10, 6, 8, 4, 4, 8, 10, 9, 9, 4, 4, 5, 2, 6, 7, 1, 1, 10, 1]
(0.692649584077293, 0.8517251211862016, 0.8217573614790974, 0.5918367346938787, 0.8414684867486302, 0.7354314911758276)
[4, 6, 5, 5, 9, 7, 5, 3, 6, 6, 9, 5, 7, 6, 6, 5, 2, 9, 5, 6, 6, 6, 7, 8, 10, 10, 6, 4, 8, 3, 2, 2, 8, 1, 2, 10, 8, 8, 10, 4, 6, 3, 10, 4, 3, 8, 4, 4, 8, 10, 9, 9, 4, 6, 5, 2, 6, 7, 1, 1, 10, 1]
(0.669828859530384, 0.8517251211862016, 0.8265215946361362, 0.5918367346938787, 0.8368921624496523, 0.7354314911758276)
[2, 8, 6, 4, 4, 9, 5, 9, 6, 5, 3, 8, 7, 8, 5, 8, 2, 9, 4, 6, 6, 3, 10, 10, 6, 9, 6, 4, 3, 8, 3, 2, 10, 1, 7, 10, 8, 9, 5, 5, 9, 4, 8, 4, 9, 3, 4, 4, 8, 10, 9, 9, 3, 4, 5, 2, 6, 7, 2, 1, 10, 1]
(0.606802289746697, 0.8517251211862016, 0.8376871040090862, 0.5918367346938787, 0.8415918258950058, 0.7354314911758276)
[4, 8, 6, 4, 4, 3, 5, 9, 6, 7, 3, 8, 7, 10, 5, 8, 9, 9, 3, 6, 6, 3, 1, 6, 10, 9, 10, 6, 9, 5, 3, 4, 8, 1, 10, 10, 8, 9, 10, 5, 9, 3, 10, 4, 6, 3, 4, 4, 8, 6, 6, 5, 10, 4, 2, 1, 6, 7, 1, 1, 10, 1]
(0.585134859941896, 0.8517251211862016, 0.8209951283410131, 0.5918367346938802, 0.8305136905983032, 0.7354314911758276)
[4, 2, 5, 5, 9, 8, 5, 6, 6, 6, 4, 6, 7, 6, 6, 6, 2, 9, 5, 6, 6, 6, 7, 4, 6, 9, 6, 4, 8, 1, 2, 2, 8, 4, 7, 10, 8, 9, 10, 5, 9, 3, 8, 4, 6, 5, 7, 4, 8, 10, 9, 9, 4, 6, 5, 2, 6, 7, 1, 2, 10, 1]
(0.6805201200768296, 0.8517251211862016, 0.8392353123053853, 1.0, 0.8252630567178069, 0.37900841666532026)
[4, 2, 5, 5, 9, 2, 5, 6, 6, 6, 8, 8, 6, 10, 6, 4, 2, 9, 5, 6, 6, 6, 7, 8, 10, 7, 7, 10, 8, 3, 2, 2, 8, 1, 2, 10, 8, 8, 10, 5, 6, 3, 10, 4, 3, 8, 4, 4, 8, 10, 9, 9, 4, 6, 5, 2, 6, 7, 1, 2, 10, 1]
(0.6666445424780195, 0.8517251211862016, 0.8395241273567023, 1.0, 0.8290701420977653, 0.37900841666532026)
[4, 8, 5, 5, 9, 8, 5, 6, 6, 6, 4, 8, 7, 6, 5, 6, 4, 9, 10, 2, 6, 6, 7, 8, 6, 10, 2, 10, 1, 5, 3, 4, 8, 1, 7, 10, 8, 8, 6, 5, 9, 3, 10, 4, 9, 3, 4, 4, 8, 10, 9, 9, 3, 4, 5, 2, 6, 7, 1, 1, 10, 1]
(0.576841085590418, 0.5149704039997712, 0.8408151568844859, 1.0, 0.8441851926967449, 0.7354314911758276)
[4, 8, 5, 5, 10, 8, 5, 6, 6, 6, 4, 8, 7, 6, 5, 6, 4, 9, 10, 6, 6, 6, 7, 8, 6, 9, 2, 10, 1, 5, 3, 4, 8, 1, 7, 10, 8, 8, 6, 7, 9, 3, 10, 4, 9, 3, 6, 4, 8, 10, 9, 9, 3, 4, 5, 2, 6, 7, 1, 1, 10, 1]
(0.542814677394924, 0.5149704039997712, 0.8381829759105982, 1.0, 0.8433180836960619, 0.7354314911758276)
[4, 8, 5, 5, 9, 7, 5, 6, 6, 6, 4, 8, 7, 6, 5, 6, 2, 9, 10, 6, 6, 6, 7, 8, 6, 9, 2, 10, 1, 5, 3, 4, 8, 1, 7, 10, 8, 8, 6, 5, 9, 3, 8, 4, 9, 3, 4, 4, 8, 10, 9, 9, 3, 4, 5, 2, 6, 7, 1, 1, 10, 1]
(0.5641417441889615, 0.5149704039997712, 0.8322428660467208, 1.0, 0.8433137150481288, 0.7354314911758276)
[4, 8, 5, 5, 9, 8, 5, 6, 6, 6, 4, 8, 7, 6, 5, 6, 2, 9, 5, 6, 6, 6, 7, 8, 6, 9, 2, 10, 1, 5, 3, 4, 8, 1, 7, 9, 8, 8, 10, 5, 9, 3, 10, 4, 6, 3, 4, 4, 8, 10, 9, 9, 3, 4, 5, 2, 6, 7, 7, 1, 10, 1]
(0.550743572972712, 0.5149704039997712, 0.8407761501148288, 1.0, 0.819928112439805, 0.7354314911758276)
[4, 4, 5, 5, 9, 8, 5, 6, 6, 6, 4, 8, 7, 6, 5, 6, 2, 9, 10, 6, 6, 6, 7, 8, 6, 9, 2, 10, 1, 5, 3, 4, 8, 1, 7, 10, 8, 8, 7, 5, 9, 3, 10, 4, 9, 3, 4, 4, 8, 10, 9, 9, 3, 4, 5, 2, 6, 7, 1, 1, 10, 1]
(0.593469197861846, 0.5149704039997712, 0.8416672261431758, 1.0, 0.840425681881601, 0.7354314911758276)
[4, 8, 5, 5, 9, 8, 5, 6, 6, 6, 4, 8, 7, 6, 5, 6, 4, 9, 10, 6, 6, 6, 7, 8, 6, 9, 2, 10, 1, 5, 3, 4, 8, 1, 7, 10, 8, 8, 6, 5, 9, 3, 10, 4, 9, 3, 4, 4, 8, 10, 9, 9, 3, 4, 5, 2, 6, 7, 1, 1, 10, 1]
(0.5396109392866445, 0.5149704039997712, 0.838061886839563, 1.0, 0.840824144147331, 0.7354314911758276)
[4, 4, 5, 5, 10, 8, 5, 6, 6, 6, 4, 8, 7, 6, 5, 6, 2, 9, 10, 6, 6, 6, 7, 8, 6, 9, 2, 10, 1, 5, 3, 4, 8, 1, 7, 10, 8, 8, 7, 5, 9, 3, 10, 4, 9, 3, 4, 4, 8, 10, 9, 9, 3, 4, 5, 2, 6, 7, 1, 1, 10, 1]
(0.593469197861846, 0.5149704039997712, 0.8391915528103653, 1.0, 0.8402935592457597, 0.7354314911758276)
[4, 8, 5, 5, 9, 7, 5, 6, 6, 6, 4, 9, 7, 6, 5, 6, 4, 9, 3, 6, 6, 6, 7, 8, 6, 9, 2, 10, 1, 5, 3, 4, 8, 1, 7, 10, 8, 8, 6, 5, 9, 3, 8, 4, 9, 3, 4, 4, 8, 10, 7, 9, 3, 4, 5, 2, 6, 7, 1, 1, 10, 1]
(0.5473787581548067, 0.5149704039997712, 0.8405855825170819, 1.0, 0.8361600926145853, 0.7354314911758276)
[4, 8, 5, 5, 9, 8, 5, 6, 6, 6, 4, 8, 7, 6, 5, 6, 2, 9, 5, 6, 6, 6, 7, 8, 6, 9, 2, 10, 1, 5, 3, 4, 8, 1, 7, 9, 8, 8, 10, 5, 9, 3, 10, 4, 6, 3, 4, 4, 8, 10, 9, 9, 1, 4, 5, 2, 6, 7, 7, 1, 10, 1]
(0.5731194699183073, 0.5149704039997712, 0.8399241516366543, 1.0, 0.8206626178696689, 0.7354314911758276)
[10, 2, 5, 4, 9, 3, 5, 9, 4, 7, 4, 5, 3, 8, 6, 8, 6, 7, 4, 4, 2, 4, 10, 10, 6, 9, 6, 4, 7, 8, 3, 2, 8, 1, 7, 10, 8, 9, 9, 5, 9, 5, 9, 4, 3, 3, 4, 4, 9, 5, 9, 5, 3, 4, 5, 2, 6, 7, 1, 1, 10, 1]
(0.3179801994251449, 0.3179801994251449, 0.822289061732584, 1.0, 0.8068862246349388, 0.9678231096076865)
[10, 2, 5, 4, 9, 3, 5, 9, 4, 7, 4, 5, 3, 8, 5, 8, 6, 7, 4, 4, 1, 4, 10, 10, 6, 9, 6, 6, 3, 8, 3, 2, 8, 1, 7, 10, 8, 9, 9, 5, 9, 5, 9, 4, 6, 3, 4, 10, 9, 5, 9, 3, 3, 4, 5, 2, 6, 7, 1, 1, 10, 1]
(0.6836016332730599, 0.322442517361736, 0.8205689033493337, 1.0, 0.7911365283653073, 0.9678231096076865)
[10, 2, 5, 4, 9, 3, 5, 9, 4, 7, 4, 5, 3, 8, 5, 8, 6, 7, 4, 4, 2, 4, 9, 10, 6, 9, 6, 9, 3, 8, 3, 2, 8, 1, 7, 10, 8, 9, 9, 5, 9, 5, 9, 4, 6, 3, 4, 4, 9, 5, 9, 3, 3, 4, 5, 2, 6, 7, 1, 1, 10, 1]
(0.707533551193768, 0.322442517361736, 0.8258886044844924, 1.0, 0.8021921915933422, 0.9678231096076865)
[10, 2, 5, 4, 9, 3, 5, 9, 4, 7, 4, 5, 2, 8, 5, 8, 6, 7, 4, 4, 2, 4, 10, 10, 6, 9, 6, 6, 3, 8, 3, 2, 8, 1, 7, 10, 8, 9, 9, 5, 9, 5, 9, 4, 6, 3, 4, 4, 9, 5, 9, 3, 3, 4, 5, 2, 6, 7, 1, 1, 10, 1]
(0.6928644420579022, 0.322442517361736, 0.8247007718309699, 1.0, 0.8022356601431898, 0.9678231096076865)
[10, 2, 5, 4, 9, 3, 5, 9, 4, 7, 4, 5, 3, 8, 5, 8, 6, 7, 4, 4, 1, 8, 10, 10, 6, 9, 6, 4, 3, 8, 3, 2, 8, 1, 7, 10, 8, 9, 9, 5, 9, 5, 9, 4, 6, 3, 4, 4, 9, 5, 9, 3, 3, 4, 5, 2, 6, 7, 1, 1, 10, 1]
(0.677974304743106, 0.322442517361736, 0.8073968471959166, 1.0, 0.8051429731771284, 0.9678231096076865)
[10, 2, 5, 4, 9, 3, 5, 9, 4, 7, 4, 5, 7, 8, 5, 8, 6, 6, 4, 4, 1, 4, 10, 10, 6, 9, 6, 4, 3, 8, 3, 7, 8, 1, 7, 10, 8, 9, 9, 5, 9, 4, 9, 4, 6, 3, 4, 4, 9, 5, 9, 4, 3, 4, 5, 2, 6, 7, 1, 1, 10, 1]
(0.69872907083481, 0.322442517361736, 0.8263404173776446, 1.0, 0.7987946750596098, 0.9678231096076865)
[10, 2, 5, 4, 9, 3, 5, 9, 4, 7, 4, 5, 3, 8, 5, 8, 6, 7, 4, 4, 1, 4, 10, 10, 6, 9, 6, 4, 3, 8, 3, 1, 8, 1, 7, 10, 8, 9, 9, 5, 9, 4, 9, 4, 6, 3, 4, 4, 9, 5, 9, 3, 3, 4, 5, 2, 6, 7, 1, 1, 10, 1]
(0.7120530178770363, 0.322442517361736, 0.8261551124975025, 1.0, 0.7940868834033541, 0.9678231096076865)
[10, 2, 5, 8, 9, 3, 5, 9, 4, 7, 4, 5, 3, 8, 5, 8, 6, 7, 4, 3, 1, 4, 10, 10, 7, 9, 6, 4, 3, 8, 3, 1, 8, 1, 7, 10, 8, 9, 9, 5, 9, 5, 9, 4, 6, 3, 4, 4, 9, 5, 9, 3, 3, 4, 5, 2, 6, 7, 1, 1, 10, 1]
(0.6985697658732476, 0.322442517361736, 0.8214920038357315, 1.0, 0.7653729924932058, 0.9678231096076865)
[10, 2, 5, 4, 9, 3, 5, 8, 4, 7, 4, 5, 3, 8, 5, 8, 6, 7, 4, 3, 1, 4, 10, 10, 7, 9, 6, 4, 3, 8, 3, 1, 8, 1, 7, 10, 8, 9, 10, 5, 9, 5, 9, 4, 4, 3, 4, 4, 9, 5, 8, 3, 3, 4, 5, 2, 6, 7, 1, 1, 10, 1]
(0.7037111246958319, 0.322442517361736, 0.8180427817627725, 1.0, 0.7910271069034867, 0.9678231096076865)
[4, 8, 5, 5, 9, 7, 7, 6, 6, 6, 5, 8, 9, 6, 6, 6, 2, 9, 5, 6, 6, 6, 7, 9, 6, 9, 6, 5, 1, 5, 3, 5, 9, 4, 9, 10, 10, 9, 9, 5, 9, 5, 10, 4, 10, 3, 5, 4, 8, 7, 9, 3, 4, 4, 2, 2, 6, 7, 1, 1, 5, 1]
(0.655908914096648, 0.8517251211862016, 0.8298322999849856, 1.0, 0.8096520101651481, 0.452033679505212)
[4, 8, 5, 5, 9, 7, 5, 6, 6, 6, 4, 5, 7, 6, 6, 5, 2, 9, 5, 6, 6, 6, 7, 8, 10, 7, 6, 4, 8, 3, 2, 2, 8, 1, 7, 10, 8, 8, 10, 5, 6, 3, 10, 4, 6, 8, 4, 4, 8, 10, 9, 9, 4, 6, 5, 2, 6, 7, 1, 1, 10, 1]
(0.6802526911720577, 0.8517251211862016, 0.0, 0.8331404494121611, 0.8377651391550841, 0.7354314911758276)
[4, 2, 5, 5, 9, 8, 5, 6, 6, 6, 4, 8, 7, 6, 6, 6, 2, 9, 5, 6, 6, 6, 7, 4, 6, 9, 6, 4, 8, 3, 2, 5, 8, 4, 7, 10, 8, 9, 10, 5, 9, 3, 8, 4, 6, 5, 7, 4, 8, 10, 9, 9, 4, 6, 5, 2, 6, 7, 1, 2, 10, 1]
(0.6853138128295483, 0.8517251211862016, 0.840041698701674, 0.8400246201083008, 0.7354314911758276, 0.7354314911758276)
[4, 7, 8, 5, 9, 6, 10, 6, 3, 7, 8, 5, 7, 3, 5, 1, 9, 1, 6, 4, 1, 2, 4, 8, 6, 9, 6, 4, 7, 3, 9, 1, 8, 4, 7, 10, 8, 8, 9, 5, 9, 5, 9, 5, 6, 3, 4, 4, 1, 1, 9, 2, 10, 4, 5, 2, 6, 5, 5, 1, 10, 1]
(0.7928560489788584, 0.7884023362770609, 0.801655018143349, 1.0, 0.7647035116329726, 0.7354314911758276)
[4, 8, 5, 5, 3, 8, 5, 6, 6, 7, 4, 5, 7, 6, 6, 5, 2, 9, 5, 6, 6, 6, 7, 8, 10, 7, 6, 4, 8, 3, 2, 2, 8, 1, 7, 10, 8, 8, 10, 5, 6, 3, 10, 4, 6, 8, 4, 4, 8, 10, 9, 9, 4, 6, 5, 2, 6, 7, 1, 2, 10, 1]
(0.6359921058639834, 0.8517251211862016, 0.83606643956154, 1.0, 0.8391720106825177, 0.7354314911758276)
[4, 8, 5, 5, 3, 8, 5, 6, 6, 7, 4, 5, 7, 6, 6, 5, 2, 9, 5, 6, 6, 6, 7, 8, 10, 7, 6, 4, 8, 3, 2, 2, 8, 1, 7, 10, 8, 8, 10, 5, 6, 3, 8, 4, 6, 8, 4, 4, 8, 10, 9, 7, 4, 6, 5, 2, 6, 7, 1, 2, 10, 1]
(0.6485288338735649, 0.8517251211862016, 0.8338285503908934, 1.0, 0.8371079279109779, 0.7354314911758276)
[4, 8, 5, 5, 9, 7, 7, 6, 6, 6, 4, 8, 9, 6, 6, 6, 2, 9, 5, 6, 6, 6, 7, 9, 6, 9, 6, 5, 1, 5, 3, 5, 9, 4, 9, 10, 10, 9, 9, 5, 9, 5, 10, 4, 10, 3, 5, 4, 8, 7, 9, 3, 4, 4, 1, 2, 6, 7, 1, 1, 5, 1]
(0.655908914096648, 0.8517251211862016, 0.824934180267149, 1.0, 0.7878178523853349, 0.7354314911758276)
[4, 6, 5, 5, 9, 7, 5, 6, 6, 6, 4, 5, 7, 6, 6, 5, 2, 8, 5, 6, 6, 6, 7, 8, 10, 7, 6, 4, 8, 1, 2, 2, 8, 1, 7, 10, 8, 8, 10, 5, 5, 3, 10, 4, 6, 10, 4, 4, 9, 10, 9, 3, 4, 9, 5, 2, 6, 7, 1, 1, 10, 1]
(0.6800569286569899, 0.8517251211862016, 0.8335607467219175, 1.0, 0.8371774325147214, 0.7354314911758276)
[4, 8, 5, 5, 9, 7, 5, 6, 6, 6, 4, 5, 7, 6, 6, 5, 2, 9, 5, 6, 6, 6, 7, 8, 10, 7, 6, 4, 8, 3, 2, 2, 8, 1, 7, 10, 8, 8, 10, 5, 6, 3, 8, 4, 6, 8, 4, 4, 8, 10, 9, 9, 4, 6, 5, 2, 6, 7, 1, 1, 10, 1]
(0.6821736356243436, 0.8517251211862016, 0.8345355289056839, 1.0, 0.8388981560245101, 0.7354314911758276)
[4, 6, 5, 5, 9, 7, 5, 6, 6, 6, 4, 5, 7, 6, 6, 5, 2, 9, 5, 6, 6, 6, 7, 8, 10, 7, 6, 4, 8, 1, 2, 2, 8, 1, 7, 10, 8, 8, 10, 5, 6, 3, 10, 4, 6, 7, 4, 4, 8, 10, 9, 9, 3, 6, 5, 2, 6, 7, 1, 1, 10, 1]
(0.6753340782597606, 0.8517251211862016, 0.8344291793182436, 1.0, 0.8359198099002185, 0.7354314911758276)
[4, 8, 5, 5, 9, 7, 5, 6, 6, 6, 6, 5, 7, 6, 6, 5, 2, 9, 5, 6, 6, 6, 7, 8, 10, 7, 6, 4, 8, 3, 2, 5, 1, 4, 7, 10, 8, 7, 10, 5, 6, 3, 10, 4, 6, 10, 4, 4, 8, 10, 9, 9, 4, 6, 5, 2, 6, 7, 1, 1, 10, 1]
(0.6728726668283288, 0.8517251211862016, 0.829513612203294, 1.0, 0.8381782704964222, 0.7354314911758276)
[4, 8, 5, 5, 9, 7, 7, 6, 6, 6, 4, 8, 9, 6, 6, 6, 2, 5, 6, 6, 6, 6, 7, 8, 6, 9, 6, 6, 1, 5, 3, 3, 8, 1, 7, 10, 10, 9, 9, 5, 9, 5, 10, 4, 10, 3, 5, 4, 8, 7, 9, 3, 4, 4, 1, 2, 6, 7, 1, 1, 5, 1]
(0.6735909083858078, 0.8517251211862016, 0.8210496729239759, 1.0, 0.8282332407310546, 0.7354314911758276)
[4, 8, 5, 5, 9, 7, 5, 6, 6, 6, 6, 5, 7, 6, 6, 5, 2, 9, 5, 6, 6, 6, 7, 8, 10, 7, 6, 4, 8, 3, 2, 5, 8, 4, 7, 10, 8, 7, 10, 5, 7, 3, 8, 4, 5, 8, 3, 4, 8, 10, 9, 9, 10, 6, 5, 2, 6, 7, 1, 1, 10, 1]
(0.6680043010041067, 0.8517251211862016, 0.8303330572321952, 1.0, 0.8390957912430111, 0.7354314911758276)
[4, 8, 5, 5, 9, 7, 5, 6, 6, 6, 6, 5, 7, 6, 6, 5, 2, 9, 5, 6, 6, 6, 7, 8, 10, 7, 6, 4, 9, 3, 2, 5, 8, 4, 7, 10, 8, 7, 10, 5, 6, 3, 10, 4, 6, 10, 4, 4, 8, 10, 9, 9, 3, 6, 5, 2, 6, 7, 1, 1, 10, 1]
(0.6821155680343453, 0.8517251211862016, 0.8293551055714429, 1.0, 0.0, 0.7354314911758276)
[4, 8, 5, 5, 9, 7, 5, 6, 6, 6, 6, 5, 7, 6, 6, 5, 2, 9, 5, 6, 6, 6, 7, 8, 10, 7, 6, 4, 8, 3, 2, 5, 8, 1, 7, 10, 8, 8, 10, 5, 6, 3, 10, 4, 6, 10, 4, 4, 8, 10, 9, 9, 4, 6, 5, 2, 6, 7, 1, 1, 10, 1]
(0.679564731009299, 0.8517251211862016, 0.8299365276470722, 1.0, 0.8374222552403751, 0.7354314911758276)
[4, 8, 5, 5, 3, 8, 5, 6, 6, 7, 4, 5, 7, 6, 6, 5, 2, 9, 5, 6, 6, 6, 7, 8, 10, 7, 6, 4, 8, 3, 2, 2, 8, 1, 7, 10, 8, 8, 10, 5, 6, 2, 8, 4, 6, 8, 4, 4, 8, 10, 9, 8, 4, 6, 5, 2, 6, 7, 1, 2, 10, 1]
(0.6865843309089484, 0.8517251211862016, 0.837490080483252, 1.0, 0.8408517243340555, 0.7354314911758276)
[4, 8, 5, 5, 9, 7, 5, 6, 6, 6, 6, 5, 7, 6, 6, 5, 2, 9, 5, 6, 6, 6, 7, 8, 10, 7, 6, 4, 8, 3, 2, 5, 8, 4, 7, 10, 8, 7, 10, 5, 7, 3, 8, 4, 6, 8, 4, 4, 8, 10, 9, 9, 4, 6, 5, 2, 6, 7, 1, 1, 10, 1]
(0.6752492764964647, 0.8517251211862016, 0.828732223622495, 1.0, 0.8386551858857219, 0.7354314911758276)
[4, 8, 5, 6, 9, 8, 5, 6, 6, 6, 4, 5, 7, 6, 6, 5, 2, 9, 5, 6, 6, 6, 7, 8, 10, 7, 6, 4, 8, 3, 2, 2, 8, 1, 7, 10, 8, 8, 10, 5, 6, 3, 10, 4, 6, 3, 2, 7, 8, 7, 9, 8, 4, 6, 5, 2, 6, 7, 1, 1, 10, 1]
(0.6647792784497089, 0.8517251211862016, 0.8361025704070869, 1.0, 0.8354003278538528, 0.7354314911758276)
[4, 8, 5, 5, 9, 7, 5, 6, 6, 6, 6, 5, 7, 6, 6, 5, 2, 9, 5, 6, 6, 6, 7, 8, 10, 6, 6, 4, 8, 3, 2, 2, 8, 1, 7, 10, 8, 8, 10, 5, 6, 3, 10, 4, 6, 2, 4, 4, 8, 10, 9, 9, 4, 6, 5, 2, 6, 7, 1, 1, 10, 1]
(0.6611436178907701, 0.8517251211862016, 0.8322654830291809, 1.0, 0.8381723815575185, 0.7354314911758276)
[10, 2, 5, 4, 9, 3, 5, 9, 4, 7, 4, 5, 3, 8, 3, 8, 6, 7, 4, 4, 1, 4, 10, 10, 6, 9, 6, 4, 3, 8, 3, 2, 8, 1, 7, 10, 8, 9, 9, 6, 9, 5, 9, 4, 6, 3, 7, 4, 9, 5, 9, 3, 3, 3, 5, 2, 6, 7, 1, 1, 10, 1]
(0.7159375773742735, 0.9199260856174946, 0.8102842306718167, 1.0, 0.7623106418177422, 0.7354314911758276)
