[3, 1, 2, 1, 9, 7, 8, 1, 3, 1, 7, 10, 6, 5, 1, 1, 4, 5, 1, 4, 10, 7, 9, 3, 7, 8, 10, 8, 9, 5, 5, 10, 7, 2, 3, 2, 10, 9, 2, 9, 5, 9, 8, 7, 8, 10, 7, 3, 2, 10, 8, 10, 8, 8, 1, 4, 4, 2, 5, 4, 7, 1]
(0.44552320316433663, 0.2974013474494705, 0.6078431372549014, 0.6078431372549014, 0.2975358587716073, 0.2975358587716073)
[4, 4, 4, 10, 2, 2, 5, 5, 3, 8, 5, 2, 5, 4, 6, 6, 4, 8, 1, 9, 5, 4, 2, 2, 8, 7, 7, 8, 9, 5, 9, 8, 4, 2, 3, 1, 10, 3, 4, 9, 8, 9, 8, 7, 8, 10, 7, 3, 3, 7, 8, 10, 5, 10, 1, 3, 4, 3, 5, 4, 5, 1]
(0.2974013474494705, 0.2974013474494705, 0.7732652973383716, 0.6078431372549014, 0.6324002770707061, 0.5198905449947135)
[4, 4, 4, 10, 2, 2, 5, 5, 3, 8, 5, 2, 5, 4, 6, 6, 4, 8, 1, 9, 5, 4, 2, 2, 8, 7, 7, 8, 9, 5, 9, 8, 4, 2, 3, 1, 10, 3, 4, 9, 8, 9, 8, 7, 8, 10, 7, 3, 3, 7, 8, 10, 5, 10, 1, 3, 4, 3, 5, 4, 5, 1]
(0.2974013474494705, 0.2974013474494705, 0.7732652973383716, 0.6078431372549014, 0.6324002770707061, 0.5198905449947135)
[4, 4, 4, 10, 2, 2, 5, 5, 3, 8, 5, 2, 5, 4, 6, 6, 4, 8, 1, 9, 5, 4, 2, 2, 8, 7, 7, 8, 9, 5, 9, 8, 4, 2, 3, 1, 10, 3, 4, 9, 8, 9, 8, 7, 8, 10, 7, 3, 3, 7, 8, 10, 5, 10, 1, 3, 4, 3, 5, 4, 5, 1]
(0.2974013474494705, 0.2974013474494705, 0.7732652973383716, 0.6078431372549014, 0.6324002770707061, 0.5198905449947135)
[4, 4, 4, 10, 2, 2, 5, 5, 3, 8, 5, 2, 5, 4, 6, 6, 4, 8, 1, 9, 5, 4, 2, 2, 8, 7, 7, 8, 9, 5, 9, 8, 4, 2, 3, 1, 10, 3, 4, 9, 8, 9, 8, 7, 8, 10, 7, 3, 3, 7, 8, 10, 5, 10, 1, 3, 4, 3, 5, 4, 5, 1]
(0.2974013474494705, 0.2974013474494705, 0.7732652973383716, 0.6078431372549014, 0.0, 0.5198905449947135)
[9, 8, 2, 5, 6, 6, 4, 5, 3, 5, 4, 9, 9, 5, 2, 7, 5, 5, 9, 2, 5, 5, 9, 6, 7, 8, 1, 8, 1, 5, 10, 4, 1, 2, 3, 2, 10, 9, 9, 9, 6, 9, 8, 3, 1, 8, 5, 8, 6, 9, 3, 10, 6, 8, 2, 4, 4, 10, 7, 4, 7, 3]
(1.0656597424298486, 0.858410251814679, 1.0508627740666232, 0.6078431372549021, 0.43148903213441203, 0.0)
[3, 1, 2, 10, 6, 7, 8, 1, 3, 5, 7, 9, 1, 5, 2, 6, 5, 5, 6, 3, 5, 5, 9, 6, 7, 8, 10, 8, 1, 4, 5, 10, 6, 2, 3, 4, 10, 7, 4, 9, 5, 9, 8, 7, 8, 10, 7, 3, 1, 9, 7, 10, 8, 8, 1, 3, 4, 2, 7, 4, 7, 1]
(1.0535383300855719, 0.532196233124062, 0.8676707359030831, 0.7044923093169972, 0.40392095763235697, 0.2975358587716073)
[3, 1, 2, 10, 6, 7, 8, 1, 3, 5, 7, 9, 1, 5, 2, 6, 5, 5, 6, 3, 5, 5, 9, 6, 7, 8, 10, 8, 1, 4, 5, 10, 6, 2, 3, 4, 10, 7, 4, 9, 5, 9, 8, 7, 8, 10, 7, 3, 1, 9, 7, 10, 8, 8, 1, 3, 4, 2, 7, 4, 7, 1]
(1.0535383300855719, 0.532196233124062, 0.8676707359030831, 0.7044923093169972, 0.40392095763235697, 0.2975358587716073)
[3, 1, 4, 8, 9, 7, 5, 1, 3, 5, 1, 9, 4, 5, 2, 6, 8, 5, 3, 3, 5, 7, 6, 6, 5, 8, 6, 3, 8, 5, 10, 10, 1, 10, 3, 4, 10, 9, 4, 9, 5, 6, 8, 2, 8, 10, 5, 8, 6, 9, 8, 10, 6, 8, 1, 4, 4, 2, 7, 4, 7, 1]
(1.0577513519674502, 0.858410251814679, 1.0561618689447603, 0.38271604938271625, 0.2975358587716073, 0.2975358587716073)
[3, 1, 4, 8, 9, 7, 5, 1, 3, 5, 1, 9, 4, 5, 2, 6, 8, 5, 3, 3, 5, 7, 6, 6, 5, 8, 6, 3, 8, 5, 10, 10, 1, 10, 3, 4, 10, 9, 4, 9, 5, 6, 8, 2, 8, 10, 5, 8, 6, 9, 8, 10, 6, 8, 1, 4, 4, 2, 7, 4, 7, 1]
(1.0577513519674502, 0.858410251814679, 1.0561618689447603, 0.38271604938271625, 0.7014627201482704, 0.2975358587716073)
[3, 1, 4, 8, 9, 7, 5, 1, 3, 5, 1, 9, 4, 5, 2, 6, 8, 5, 3, 3, 5, 7, 6, 6, 5, 8, 6, 3, 8, 5, 10, 10, 1, 10, 3, 4, 10, 9, 4, 9, 5, 6, 8, 2, 8, 10, 5, 8, 6, 9, 8, 10, 6, 8, 1, 4, 4, 2, 7, 4, 7, 1]
(1.0577513519674502, 0.858410251814679, 1.0561618689447603, 0.38271604938271625, 0.7014627201482704, 0.2975358587716073)
[3, 2, 2, 10, 2, 6, 2, 5, 3, 5, 7, 2, 5, 9, 10, 5, 8, 5, 10, 3, 5, 10, 9, 2, 8, 7, 7, 8, 5, 5, 1, 4, 2, 4, 1, 5, 9, 6, 2, 7, 4, 4, 8, 8, 6, 10, 7, 3, 3, 9, 8, 10, 5, 8, 1, 3, 4, 2, 2, 4, 6, 1]
(0.43131163042009946, 0.2974013474494705, 1.097932637855406, 1.0, 0.5015024267137088, 0.2975358587716073)
[3, 2, 2, 5, 2, 6, 2, 5, 3, 1, 7, 10, 6, 5, 1, 10, 4, 5, 1, 4, 10, 7, 9, 3, 7, 8, 10, 8, 9, 5, 5, 10, 7, 2, 1, 5, 9, 6, 2, 7, 4, 4, 8, 8, 7, 10, 7, 3, 3, 9, 8, 10, 5, 8, 1, 3, 4, 2, 2, 4, 6, 1]
(0.42138912752270385, 0.2974013474494705, 0.29348605535924066, 1.0, 0.4930017732083829, 0.2975358587716073)
[3, 2, 2, 10, 2, 6, 2, 5, 3, 5, 7, 2, 5, 9, 10, 5, 8, 5, 10, 3, 7, 10, 9, 2, 8, 7, 7, 8, 5, 5, 1, 4, 2, 4, 1, 5, 9, 6, 2, 7, 4, 4, 8, 8, 7, 10, 7, 3, 3, 9, 8, 10, 5, 8, 1, 3, 4, 2, 2, 4, 6, 1]
(0.46467239577323, 0.2974013474494705, 1.0, 1.0, 0.5036130379885475, 0.2975358587716073)
[3, 2, 2, 10, 2, 6, 2, 5, 3, 5, 7, 2, 5, 9, 10, 5, 8, 5, 10, 3, 7, 10, 9, 2, 8, 7, 7, 8, 5, 5, 1, 4, 2, 4, 1, 5, 9, 6, 2, 7, 4, 4, 8, 8, 7, 10, 7, 3, 3, 9, 8, 10, 5, 8, 1, 3, 4, 2, 2, 4, 6, 1]
(0.46467239577323, 0.2974013474494705, 1.0, 1.0, 0.5036130379885475, 0.2975358587716073)
[3, 2, 2, 10, 2, 6, 2, 5, 3, 5, 7, 2, 5, 9, 10, 5, 8, 5, 10, 3, 7, 10, 9, 2, 8, 7, 7, 8, 5, 5, 1, 4, 2, 4, 1, 5, 9, 6, 2, 7, 4, 4, 8, 8, 7, 10, 7, 3, 3, 9, 8, 10, 5, 8, 1, 3, 4, 2, 2, 4, 6, 1]
(0.46467239577323, 0.2974013474494705, 1.0, 1.0, 0.5036130379885475, 0.2975358587716073)
[4, 4, 2, 10, 8, 3, 4, 5, 8, 8, 2, 2, 5, 4, 1, 1, 10, 8, 1, 8, 9, 4, 2, 2, 7, 8, 7, 8, 4, 5, 1, 4, 2, 4, 1, 5, 9, 6, 2, 5, 4, 4, 8, 8, 7, 10, 7, 3, 3, 9, 8, 4, 5, 8, 1, 3, 4, 2, 5, 4, 7, 1]
(1.096400589309628, 0.2974013474494705, 1.0957816665992093, 1.0, 1.0963361805304839, 0.32054346297882147)
[4, 4, 2, 10, 8, 3, 4, 5, 8, 8, 2, 2, 5, 4, 1, 1, 10, 8, 1, 8, 9, 4, 2, 2, 7, 8, 7, 8, 4, 5, 1, 4, 2, 4, 1, 5, 9, 6, 2, 5, 4, 4, 8, 8, 7, 10, 7, 3, 3, 9, 8, 4, 5, 8, 1, 3, 4, 2, 5, 4, 7, 1]
(1.096400589309628, 0.2974013474494705, 1.0957816665992093, 1.0, 1.0963361805304839, 0.32054346297882147)
[3, 1, 4, 6, 9, 8, 5, 1, 3, 5, 1, 9, 4, 5, 2, 6, 8, 5, 3, 3, 5, 7, 6, 6, 5, 8, 6, 3, 8, 5, 10, 10, 1, 10, 3, 4, 10, 9, 4, 9, 5, 6, 8, 3, 8, 10, 5, 8, 6, 9, 8, 10, 8, 8, 1, 4, 4, 2, 7, 4, 7, 1]
(1.0577490290626845, 0.858410251814679, 1.056014357507225, 0.5081967213114751, 0.5335997480899145, 0.2975358587716073)
[3, 1, 4, 6, 9, 8, 5, 1, 3, 5, 1, 9, 4, 5, 2, 6, 8, 5, 3, 3, 5, 7, 6, 6, 5, 8, 6, 3, 8, 5, 10, 10, 1, 10, 3, 4, 10, 9, 4, 9, 5, 6, 8, 3, 8, 10, 5, 8, 6, 9, 8, 10, 8, 8, 1, 4, 4, 2, 7, 4, 7, 1]
(1.0577490290626845, 0.858410251814679, 1.056014357507225, 0.5081967213114751, 0.5335997480899145, 0.2975358587716073)
[3, 1, 4, 6, 9, 8, 5, 1, 3, 5, 1, 9, 4, 5, 2, 6, 8, 5, 3, 3, 5, 7, 6, 6, 5, 8, 6, 3, 8, 5, 10, 10, 1, 10, 3, 4, 10, 9, 4, 9, 5, 6, 8, 3, 8, 10, 5, 8, 6, 9, 8, 10, 8, 8, 1, 4, 4, 2, 7, 4, 7, 1]
(1.0577490290626845, 0.858410251814679, 1.056014357507225, 0.5081967213114751, 0.5335997480899145, 0.2975358587716073)
[3, 1, 4, 6, 9, 8, 5, 1, 3, 5, 1, 9, 4, 5, 2, 6, 8, 5, 3, 3, 5, 7, 6, 6, 5, 8, 6, 3, 8, 5, 10, 10, 1, 10, 3, 4, 10, 9, 4, 9, 5, 6, 8, 3, 8, 10, 5, 8, 6, 9, 8, 10, 8, 8, 1, 4, 4, 2, 7, 4, 7, 1]
(1.0577490290626845, 0.858410251814679, 1.056014357507225, 0.5081967213114751, 0.5335997480899145, 0.2975358587716073)
[3, 1, 4, 6, 9, 8, 5, 1, 3, 5, 1, 9, 4, 5, 2, 6, 8, 5, 3, 3, 5, 7, 6, 6, 5, 8, 6, 3, 8, 5, 10, 10, 1, 10, 3, 4, 10, 9, 4, 9, 5, 6, 8, 3, 8, 10, 5, 8, 6, 9, 8, 10, 8, 8, 1, 4, 4, 2, 7, 4, 7, 1]
(1.0577490290626845, 0.858410251814679, 1.056014357507225, 0.5081967213114751, 0.5335997480899145, 0.2975358587716073)
[3, 1, 4, 6, 9, 8, 5, 1, 3, 5, 1, 9, 4, 5, 2, 6, 8, 5, 3, 3, 5, 7, 6, 6, 5, 8, 6, 3, 8, 5, 10, 10, 1, 10, 3, 4, 10, 9, 4, 9, 5, 6, 8, 3, 8, 10, 5, 8, 6, 9, 8, 10, 8, 8, 1, 4, 4, 2, 7, 4, 7, 1]
(1.0577490290626845, 0.858410251814679, 1.056014357507225, 0.5081967213114751, 0.5335997480899145, 0.2975358587716073)
[4, 4, 2, 10, 2, 3, 4, 5, 3, 8, 2, 2, 5, 4, 1, 1, 4, 8, 1, 8, 9, 4, 2, 1, 7, 8, 7, 8, 9, 2, 5, 9, 6, 2, 3, 1, 10, 7, 4, 9, 8, 9, 8, 7, 8, 10, 7, 3, 3, 7, 8, 10, 5, 10, 1, 3, 4, 2, 5, 4, 7, 1]
(0.2974013474494705, 0.2974013474494705, 1.0, 1.0, 0.6308881103992479, 0.36751710898459816)
[4, 4, 2, 10, 2, 3, 4, 5, 3, 8, 2, 2, 5, 4, 1, 1, 4, 8, 1, 8, 9, 4, 2, 1, 7, 8, 7, 8, 9, 2, 5, 9, 6, 2, 3, 1, 10, 7, 4, 9, 8, 9, 8, 7, 8, 10, 7, 3, 3, 7, 8, 10, 5, 10, 1, 3, 4, 2, 5, 4, 7, 1]
(0.2974013474494705, 0.2974013474494705, 1.0, 1.0, 0.6308881103992479, 0.36751710898459816)
[4, 4, 2, 10, 6, 3, 4, 5, 8, 8, 2, 2, 5, 4, 1, 1, 10, 8, 1, 8, 9, 4, 2, 2, 7, 8, 7, 8, 4, 5, 1, 4, 2, 4, 1, 5, 9, 6, 2, 5, 4, 4, 8, 8, 7, 10, 7, 3, 3, 9, 8, 4, 5, 8, 1, 3, 4, 2, 5, 4, 7, 1]
(0.9319177506491505, 0.2974013474494705, 1.0, 1.0, 0.5383756535127809, 0.36751710898459816)
[10, 4, 10, 7, 3, 5, 8, 1, 3, 3, 5, 9, 1, 5, 2, 6, 5, 5, 6, 3, 5, 5, 9, 2, 8, 7, 7, 6, 9, 5, 9, 8, 6, 2, 3, 4, 10, 7, 4, 9, 5, 9, 8, 3, 8, 10, 7, 8, 7, 9, 7, 10, 5, 8, 8, 7, 2, 2, 10, 6, 7, 1]
(1.053118901886042, 0.532196233124062, 1.0572578752413353, 0.6078431372549021, 1.0408337660133804, 0.731400740762344)
[4, 4, 2, 1, 8, 6, 1, 1, 10, 10, 1, 2, 5, 3, 1, 1, 8, 3, 1, 8, 9, 4, 5, 2, 8, 7, 7, 9, 9, 5, 5, 10, 2, 4, 2, 5, 10, 10, 2, 7, 4, 4, 8, 8, 8, 10, 7, 1, 3, 9, 8, 10, 3, 8, 1, 3, 4, 2, 5, 4, 9, 5]
(0.4754553610458984, 0.2269421213485273, 0.7990836249664476, 1.0, 1.0884135225787712, 0.6558487408143484)
[6, 4, 10, 7, 4, 5, 8, 1, 3, 1, 5, 9, 1, 5, 2, 6, 5, 5, 6, 3, 6, 5, 9, 6, 8, 7, 7, 8, 6, 5, 9, 8, 6, 2, 3, 4, 10, 2, 4, 9, 5, 9, 8, 4, 6, 10, 7, 8, 7, 9, 7, 10, 5, 8, 8, 7, 2, 2, 10, 6, 7, 1]
(1.0570307679474316, 0.532196233124062, 1.0569301314651929, 0.4366197183098585, 1.0390827585011686, 0.9694615176466027)
[6, 4, 10, 7, 4, 5, 8, 1, 3, 1, 5, 9, 1, 5, 2, 6, 5, 5, 6, 3, 6, 5, 9, 6, 8, 7, 7, 8, 6, 5, 9, 8, 6, 2, 3, 4, 10, 2, 4, 9, 5, 9, 8, 4, 6, 10, 7, 8, 7, 9, 7, 10, 5, 8, 8, 7, 2, 2, 10, 6, 7, 1]
(1.0570307679474316, 0.532196233124062, 1.0569301314651929, 0.4366197183098585, 1.0390827585011686, 0.9694615176466027)
[10, 4, 10, 2, 10, 2, 3, 1, 3, 5, 7, 10, 6, 5, 5, 1, 4, 5, 1, 2, 10, 7, 9, 3, 7, 8, 10, 8, 9, 5, 5, 8, 6, 2, 5, 4, 6, 9, 4, 8, 3, 9, 3, 6, 8, 8, 7, 9, 7, 6, 2, 10, 6, 8, 2, 7, 7, 2, 10, 6, 7, 1]
(1.0689818950369916, 0.858410251814679, 1.0575370956212244, 0.43661971830985896, 1.0676763501018245, 0.6558487408143484)
[10, 4, 10, 2, 10, 2, 3, 1, 3, 5, 7, 10, 6, 5, 5, 1, 4, 5, 1, 2, 10, 7, 9, 3, 7, 8, 10, 8, 9, 5, 5, 8, 6, 2, 5, 4, 6, 9, 4, 8, 3, 9, 3, 6, 8, 8, 7, 9, 7, 6, 2, 10, 6, 8, 2, 7, 7, 2, 10, 6, 7, 1]
(1.0689818950369916, 0.858410251814679, 1.0575370956212244, 0.43661971830985896, 1.0676763501018245, 0.6558487408143484)
[10, 4, 10, 2, 10, 2, 3, 1, 3, 5, 7, 10, 6, 5, 1, 1, 4, 5, 1, 2, 10, 7, 9, 7, 7, 8, 10, 8, 9, 5, 5, 8, 6, 2, 5, 4, 6, 9, 4, 8, 3, 9, 3, 6, 8, 8, 7, 9, 7, 6, 2, 10, 6, 8, 2, 7, 7, 2, 10, 6, 7, 1]
(1.0689818950369916, 0.858410251814679, 1.0575370956212244, 0.43661971830985896, 1.0676763501018245, 0.6558487408143484)
[10, 4, 10, 2, 10, 2, 3, 1, 3, 5, 7, 10, 6, 5, 1, 1, 4, 5, 1, 2, 10, 7, 9, 3, 7, 8, 10, 8, 9, 5, 5, 8, 6, 2, 5, 4, 6, 9, 4, 8, 3, 9, 3, 6, 8, 8, 7, 9, 7, 6, 2, 10, 6, 8, 2, 7, 7, 2, 10, 6, 7, 1]
(1.0689818950369916, 0.858410251814679, 1.0575370956212244, 0.43661971830985896, 1.0676763501018245, 0.6558487408143484)
[10, 4, 10, 2, 10, 2, 3, 1, 3, 5, 7, 10, 6, 5, 5, 1, 4, 5, 1, 2, 10, 7, 9, 3, 7, 8, 10, 8, 9, 5, 5, 8, 6, 2, 5, 4, 6, 9, 4, 8, 3, 9, 3, 6, 8, 8, 7, 9, 7, 6, 2, 10, 6, 8, 2, 7, 7, 2, 10, 6, 7, 1]
(1.0689818950369916, 0.858410251814679, 1.0575370956212244, 0.43661971830985896, 1.0676763501018245, 0.6558487408143484)
[10, 4, 10, 2, 10, 2, 3, 1, 3, 5, 7, 10, 6, 5, 1, 1, 4, 5, 1, 2, 4, 7, 9, 3, 7, 8, 10, 8, 9, 5, 5, 8, 6, 2, 5, 4, 6, 9, 4, 8, 3, 9, 3, 6, 8, 8, 7, 9, 7, 2, 2, 10, 6, 8, 2, 7, 7, 2, 10, 6, 7, 1]
(1.068980247899886, 0.858410251814679, 1.0573964759707413, 0.43661971830985896, 0.6558487408143484, 0.6558487408143484)
[10, 4, 10, 4, 10, 2, 3, 1, 3, 5, 7, 9, 8, 5, 1, 1, 4, 5, 1, 2, 10, 7, 9, 7, 7, 8, 10, 8, 9, 5, 5, 8, 6, 2, 5, 4, 6, 9, 4, 8, 3, 9, 3, 6, 8, 8, 7, 9, 7, 6, 2, 10, 6, 8, 2, 7, 7, 2, 10, 6, 7, 1]
(1.0695133751258215, 0.858410251814679, 1.056925929710265, 0.43661971830985896, 1.0675704639404973, 0.6558487408143484)
[10, 4, 10, 2, 10, 2, 3, 1, 3, 5, 7, 10, 6, 5, 1, 1, 4, 5, 1, 2, 4, 7, 9, 3, 7, 8, 10, 8, 9, 5, 5, 8, 6, 2, 5, 4, 6, 9, 4, 8, 3, 9, 3, 6, 8, 8, 7, 9, 7, 2, 2, 10, 6, 8, 2, 7, 7, 2, 10, 6, 7, 1]
(1.068980247899886, 0.858410251814679, 1.0573964759707413, 0.43661971830985896, 0.6558487408143484, 0.6558487408143484)
[10, 4, 10, 2, 10, 2, 3, 1, 3, 5, 7, 10, 6, 5, 1, 1, 4, 5, 1, 2, 10, 7, 9, 3, 7, 8, 10, 8, 9, 5, 5, 8, 6, 2, 5, 4, 6, 9, 4, 8, 3, 9, 3, 6, 8, 8, 7, 9, 7, 6, 2, 10, 6, 8, 2, 7, 7, 2, 10, 6, 7, 1]
(1.0689818950369916, 0.858410251814679, 1.0575370956212244, 0.43661971830985896, 1.0676763501018245, 0.6558487408143484)
[4, 4, 2, 10, 1, 3, 4, 5, 8, 8, 2, 2, 5, 4, 1, 1, 10, 8, 1, 8, 9, 4, 2, 3, 7, 8, 7, 8, 4, 5, 1, 4, 2, 4, 2, 5, 9, 6, 2, 5, 4, 4, 8, 8, 7, 10, 7, 3, 3, 9, 8, 10, 5, 8, 1, 3, 4, 2, 5, 4, 7, 1]
(0.4543862737715222, 0.2974013474494705, 1.0, 1.0, 0.6558487408143484, 0.6558487408143484)
[4, 4, 2, 10, 1, 3, 4, 5, 8, 8, 2, 2, 5, 4, 1, 1, 10, 8, 1, 8, 9, 4, 2, 3, 7, 8, 7, 8, 4, 5, 1, 4, 2, 4, 2, 5, 9, 6, 2, 5, 4, 4, 8, 8, 7, 10, 7, 3, 3, 9, 8, 10, 5, 8, 1, 3, 4, 2, 5, 4, 7, 1]
(0.4543862737715222, 0.2974013474494705, 1.0, 1.0, 0.6558487408143484, 0.6558487408143484)
[4, 4, 4, 10, 2, 2, 5, 5, 3, 8, 5, 2, 5, 4, 6, 6, 4, 8, 1, 9, 5, 4, 2, 2, 8, 7, 7, 8, 9, 5, 9, 8, 4, 2, 3, 1, 10, 3, 4, 9, 8, 9, 8, 7, 8, 10, 7, 3, 3, 4, 8, 10, 5, 10, 1, 3, 4, 3, 5, 4, 5, 1]
(1.098176667094226, 0.2974013474494705, 0.8407104626297919, 1.0, 0.8119958274066487, 0.6558487408143484)
[3, 4, 2, 1, 9, 2, 8, 1, 3, 5, 7, 9, 4, 5, 2, 6, 5, 5, 10, 3, 5, 7, 6, 1, 3, 8, 6, 3, 1, 7, 10, 10, 1, 2, 6, 4, 10, 9, 4, 9, 5, 9, 8, 7, 8, 10, 7, 6, 6, 10, 8, 10, 5, 8, 1, 3, 4, 2, 7, 4, 9, 5]
(1.0473581964150036, 0.858410251814679, 1.0, 0.8396402588114168, 0.7778409099206377, 0.2659801249350401)
[10, 4, 2, 9, 4, 5, 8, 1, 3, 3, 5, 9, 1, 5, 2, 6, 5, 5, 2, 3, 5, 5, 9, 2, 8, 7, 10, 8, 9, 5, 9, 8, 6, 2, 3, 4, 10, 7, 4, 6, 3, 3, 8, 3, 8, 9, 7, 9, 7, 9, 7, 10, 5, 8, 8, 7, 2, 2, 10, 6, 7, 1]
(1.054736457578834, 0.532196233124062, 1.0573065772652588, 1.0, 1.0324312709271874, 0.46195361859676887)
[6, 4, 10, 7, 4, 5, 8, 1, 3, 3, 5, 9, 1, 5, 2, 6, 5, 5, 6, 3, 5, 5, 6, 6, 5, 8, 6, 3, 1, 5, 10, 10, 6, 2, 8, 8, 10, 7, 4, 6, 3, 3, 8, 3, 10, 4, 7, 5, 7, 9, 7, 10, 5, 8, 8, 7, 2, 6, 10, 6, 7, 1]
(1.0568892393261158, 0.858410251814679, 1.0595474170520862, 0.21985815602836886, 1.0393466589972342, 0.9407329607262062)
[3, 1, 4, 6, 9, 8, 5, 1, 3, 5, 1, 9, 4, 5, 2, 6, 8, 5, 3, 3, 5, 7, 6, 6, 5, 8, 6, 3, 8, 5, 10, 10, 1, 2, 3, 2, 10, 9, 2, 9, 5, 9, 8, 7, 8, 10, 7, 3, 2, 10, 8, 10, 8, 8, 1, 4, 4, 2, 7, 4, 7, 1]
(1.0574423328041993, 0.858410251814679, 0.6508008262142587, 0.8989632733166176, 0.33758699134461373, 0.2975358587716073)
[10, 4, 10, 9, 4, 1, 8, 1, 3, 3, 5, 9, 1, 5, 2, 6, 5, 5, 6, 3, 5, 5, 9, 2, 8, 7, 7, 6, 9, 5, 9, 8, 6, 2, 3, 4, 10, 3, 4, 9, 5, 3, 8, 3, 10, 10, 7, 9, 7, 9, 7, 10, 5, 8, 8, 7, 2, 2, 10, 6, 7, 1]
(1.053233669139441, 0.532196233124062, 1.057499178312715, 0.6078431372549021, 1.0370677176862921, 0.9694615176466027)
[10, 4, 10, 9, 4, 5, 8, 1, 3, 3, 5, 9, 1, 5, 2, 6, 5, 5, 6, 3, 5, 5, 9, 2, 8, 7, 7, 6, 9, 5, 9, 8, 6, 9, 3, 4, 10, 3, 4, 9, 5, 3, 8, 3, 10, 10, 7, 9, 2, 9, 7, 10, 5, 8, 8, 7, 2, 2, 10, 6, 7, 1]
(1.0565824596211275, 0.532196233124062, 1.0572748173028192, 0.6078431372549021, 1.0388308320194448, 0.9694615176466027)
[10, 4, 10, 7, 4, 5, 8, 1, 3, 3, 5, 9, 1, 5, 2, 6, 5, 5, 6, 3, 5, 5, 9, 2, 8, 7, 7, 6, 9, 5, 9, 8, 6, 2, 3, 4, 10, 7, 4, 9, 5, 9, 8, 3, 8, 10, 7, 5, 7, 9, 7, 10, 5, 8, 8, 7, 2, 2, 10, 6, 7, 1]
(1.0531145164743028, 0.532196233124062, 1.0572687260806524, 0.6078431372549021, 1.0393422491848434, 0.9694615176466027)
[10, 4, 10, 7, 4, 5, 8, 1, 3, 3, 5, 9, 1, 5, 2, 6, 5, 5, 6, 3, 5, 5, 9, 2, 8, 7, 7, 6, 9, 5, 9, 8, 6, 2, 3, 4, 10, 7, 4, 9, 5, 9, 8, 3, 8, 10, 7, 5, 7, 9, 7, 10, 5, 8, 8, 7, 2, 2, 10, 6, 7, 1]
(1.0531145164743028, 0.532196233124062, 1.0572687260806524, 0.6078431372549021, 1.0393422491848434, 0.9694615176466027)
[10, 4, 10, 7, 9, 5, 8, 1, 3, 3, 5, 9, 1, 5, 2, 6, 5, 5, 6, 3, 5, 5, 9, 2, 8, 7, 7, 6, 9, 5, 9, 8, 6, 2, 3, 4, 10, 3, 4, 9, 5, 3, 8, 3, 10, 10, 7, 9, 7, 9, 7, 10, 5, 8, 8, 7, 2, 2, 10, 6, 7, 1]
(1.0533044412732087, 0.532196233124062, 1.0574347592890225, 0.6078431372549021, 1.0410202283412184, 0.9694615176466027)
[10, 4, 10, 9, 4, 5, 8, 1, 3, 3, 5, 9, 1, 5, 2, 6, 5, 5, 6, 3, 5, 5, 9, 2, 8, 7, 7, 6, 9, 5, 9, 8, 6, 2, 3, 4, 10, 3, 4, 9, 5, 3, 8, 3, 10, 10, 7, 9, 7, 9, 7, 10, 5, 8, 8, 7, 2, 2, 10, 6, 7, 1]
(1.053233669139441, 0.532196233124062, 1.0572419531643353, 0.6078431372549021, 1.041651191748675, 0.9694615176466027)
[10, 4, 10, 9, 4, 5, 8, 1, 3, 3, 5, 9, 1, 5, 2, 6, 5, 5, 6, 3, 5, 5, 9, 2, 8, 7, 7, 6, 9, 5, 9, 8, 6, 2, 3, 4, 10, 3, 4, 9, 5, 3, 8, 3, 10, 10, 7, 9, 7, 9, 7, 10, 5, 8, 8, 7, 2, 2, 10, 6, 7, 1]
(1.053233669139441, 0.532196233124062, 1.0572419531643353, 0.6078431372549021, 1.041651191748675, 0.9694615176466027)
[10, 4, 10, 9, 4, 5, 8, 1, 3, 3, 5, 9, 1, 5, 2, 6, 5, 5, 6, 3, 5, 5, 9, 2, 8, 7, 7, 6, 9, 5, 9, 8, 6, 2, 3, 4, 10, 3, 4, 9, 5, 3, 8, 3, 10, 10, 7, 9, 7, 9, 7, 10, 5, 8, 8, 7, 2, 2, 10, 6, 7, 1]
(1.053233669139441, 0.532196233124062, 1.0572419531643353, 0.6078431372549021, 1.041651191748675, 0.9694615176466027)
[10, 4, 10, 9, 4, 5, 8, 1, 3, 3, 5, 9, 1, 5, 2, 6, 5, 5, 6, 3, 5, 5, 9, 2, 8, 7, 7, 6, 9, 5, 9, 8, 6, 2, 3, 4, 10, 3, 4, 9, 5, 3, 8, 3, 10, 10, 7, 9, 7, 9, 7, 10, 5, 8, 8, 7, 2, 2, 10, 6, 7, 1]
(1.053233669139441, 0.532196233124062, 1.0572419531643353, 0.6078431372549021, 1.041651191748675, 0.9694615176466027)
[10, 4, 10, 9, 4, 5, 8, 1, 3, 3, 5, 9, 1, 5, 2, 6, 5, 5, 6, 3, 5, 5, 9, 2, 8, 7, 7, 6, 9, 5, 9, 8, 6, 2, 3, 4, 10, 3, 4, 9, 5, 3, 8, 3, 10, 10, 7, 9, 7, 9, 7, 10, 5, 8, 8, 7, 2, 2, 10, 6, 7, 1]
(1.053233669139441, 0.532196233124062, 1.0572419531643353, 0.6078431372549021, 1.041651191748675, 0.9694615176466027)
[3, 4, 2, 1, 9, 2, 8, 1, 3, 5, 7, 9, 4, 5, 2, 6, 5, 5, 10, 3, 5, 7, 6, 1, 5, 8, 6, 3, 1, 7, 10, 10, 1, 2, 6, 4, 10, 9, 4, 9, 5, 9, 8, 7, 8, 10, 7, 6, 6, 10, 8, 10, 5, 8, 1, 3, 4, 2, 7, 4, 9, 5]
(1.0473573384806478, 0.858410251814679, 1.0, 1.0, 0.7030544718727518, 0.2659801249350401)
[3, 4, 2, 1, 9, 2, 8, 1, 3, 5, 7, 9, 4, 5, 2, 6, 5, 5, 10, 3, 5, 7, 6, 1, 5, 8, 6, 3, 1, 7, 10, 10, 1, 2, 6, 4, 10, 9, 4, 9, 5, 9, 8, 7, 8, 10, 7, 6, 6, 10, 8, 10, 5, 8, 1, 3, 4, 2, 7, 4, 9, 5]
(1.0473573384806478, 0.858410251814679, 1.0, 1.0, 0.7030544718727518, 0.2659801249350401)
[3, 4, 2, 1, 9, 2, 8, 1, 3, 5, 7, 9, 4, 5, 2, 6, 5, 5, 10, 3, 5, 7, 6, 1, 5, 8, 6, 3, 1, 7, 10, 10, 1, 2, 6, 4, 10, 9, 4, 9, 5, 9, 8, 7, 8, 10, 7, 6, 6, 10, 8, 10, 5, 8, 1, 3, 4, 2, 7, 4, 9, 5]
(1.0473573384806478, 0.858410251814679, 1.0, 1.0, 0.7030544718727518, 0.2659801249350401)
[3, 4, 2, 1, 9, 2, 8, 1, 3, 5, 7, 9, 4, 5, 2, 6, 5, 5, 10, 3, 5, 7, 6, 1, 5, 8, 6, 3, 1, 7, 10, 10, 1, 2, 6, 4, 10, 9, 4, 9, 5, 9, 8, 7, 8, 10, 7, 6, 6, 10, 8, 10, 5, 8, 1, 3, 4, 2, 7, 4, 9, 5]
(1.0473573384806478, 0.858410251814679, 1.0, 1.0, 0.7030544718727518, 0.2659801249350401)
[3, 4, 2, 1, 9, 2, 8, 1, 3, 5, 7, 9, 4, 5, 2, 6, 5, 5, 10, 3, 5, 7, 6, 1, 5, 8, 6, 3, 1, 7, 10, 10, 1, 2, 6, 4, 10, 9, 4, 9, 5, 9, 8, 7, 8, 10, 7, 6, 6, 10, 8, 10, 5, 8, 1, 3, 4, 2, 7, 4, 9, 5]
(1.0473573384806478, 0.858410251814679, 1.0, 1.0, 0.7030544718727518, 0.2659801249350401)
[3, 4, 2, 1, 9, 2, 8, 1, 3, 5, 7, 9, 4, 5, 2, 6, 5, 5, 10, 3, 5, 7, 6, 1, 5, 8, 6, 3, 1, 7, 10, 10, 1, 2, 6, 4, 10, 9, 4, 9, 5, 9, 8, 7, 8, 10, 7, 6, 6, 10, 8, 10, 5, 8, 1, 3, 4, 2, 7, 4, 9, 5]
(1.0473573384806478, 0.858410251814679, 1.0, 1.0, 0.7030544718727518, 0.2659801249350401)
[9, 4, 10, 2, 6, 5, 8, 1, 3, 5, 8, 9, 6, 5, 1, 1, 1, 5, 10, 3, 5, 7, 6, 6, 5, 8, 7, 3, 1, 5, 10, 10, 6, 2, 6, 8, 10, 7, 4, 6, 3, 3, 8, 3, 8, 10, 7, 9, 7, 9, 2, 10, 5, 8, 8, 1, 7, 2, 10, 6, 7, 1]
(1.031295494176444, 0.858410251814679, 1.044459195248779, 0.6078431372549021, 1.0354507772251929, 0.6696841037143845)
[9, 4, 10, 2, 6, 5, 8, 1, 3, 5, 7, 9, 6, 5, 1, 1, 5, 5, 10, 3, 5, 7, 6, 6, 5, 8, 7, 3, 1, 5, 10, 10, 6, 2, 6, 8, 10, 7, 4, 6, 3, 3, 8, 3, 8, 10, 7, 9, 7, 9, 2, 10, 5, 8, 8, 1, 7, 2, 10, 6, 7, 1]
(1.031295494176444, 0.858410251814679, 1.044459195248779, 0.6078431372549021, 1.035329836234447, 0.6696841037143845)
[9, 4, 10, 2, 6, 5, 8, 1, 3, 5, 8, 9, 6, 5, 1, 1, 1, 5, 10, 3, 5, 7, 6, 6, 5, 8, 7, 3, 1, 5, 10, 10, 6, 2, 6, 8, 10, 7, 4, 6, 3, 3, 8, 3, 8, 10, 7, 9, 7, 9, 2, 10, 5, 8, 8, 1, 7, 2, 10, 6, 7, 1]
(1.031295494176444, 0.858410251814679, 1.044459195248779, 0.6078431372549021, 1.0354507772251929, 0.6696841037143845)
[3, 1, 2, 1, 9, 7, 8, 1, 3, 6, 7, 9, 4, 5, 2, 6, 10, 1, 10, 3, 5, 7, 6, 6, 5, 8, 6, 3, 1, 5, 10, 10, 1, 2, 3, 2, 10, 9, 2, 9, 5, 9, 8, 7, 8, 10, 7, 3, 2, 10, 8, 10, 8, 8, 1, 4, 4, 2, 7, 4, 7, 1]
(1.0574406653642616, 0.858410251814679, 0.926400267146524, 1.0, 0.4609074342995881, 0.2975358587716073)
[9, 4, 10, 2, 10, 5, 8, 1, 3, 5, 7, 9, 6, 5, 1, 1, 5, 5, 2, 3, 5, 7, 6, 6, 5, 8, 6, 3, 1, 5, 10, 10, 6, 2, 6, 8, 10, 7, 3, 6, 3, 3, 8, 5, 6, 10, 7, 9, 7, 9, 7, 10, 5, 8, 8, 7, 7, 2, 10, 6, 7, 1]
(1.0359598858281938, 0.858410251814679, 1.0431586038321221, 0.6078431372549021, 1.039403883926567, 0.7486492134093573)
[9, 4, 10, 2, 10, 5, 8, 1, 3, 5, 7, 9, 6, 5, 1, 1, 5, 5, 2, 3, 5, 7, 6, 6, 5, 8, 6, 3, 1, 5, 10, 10, 6, 2, 6, 8, 10, 7, 3, 6, 3, 3, 8, 5, 6, 10, 7, 9, 7, 9, 7, 10, 5, 8, 8, 7, 7, 2, 10, 6, 7, 1]
(1.0359598858281938, 0.858410251814679, 1.0431586038321221, 0.6078431372549021, 1.039403883926567, 0.7486492134093573)
[9, 4, 10, 2, 10, 5, 8, 1, 3, 5, 7, 9, 6, 5, 1, 1, 5, 5, 2, 3, 5, 7, 6, 6, 5, 8, 6, 3, 1, 5, 10, 10, 6, 2, 6, 8, 10, 7, 3, 6, 3, 3, 8, 5, 6, 10, 7, 9, 7, 9, 7, 10, 5, 8, 8, 7, 7, 2, 10, 6, 7, 1]
(1.0359598858281938, 0.858410251814679, 1.0431586038321221, 0.6078431372549021, 1.039403883926567, 0.7486492134093573)
[9, 4, 10, 2, 10, 5, 8, 1, 3, 5, 6, 9, 6, 5, 1, 1, 5, 5, 2, 3, 5, 7, 6, 6, 5, 8, 6, 3, 1, 5, 10, 10, 6, 2, 6, 8, 10, 7, 3, 6, 3, 3, 8, 5, 6, 10, 7, 9, 7, 9, 7, 10, 5, 8, 8, 7, 7, 2, 10, 6, 7, 1]
(1.0359650786966053, 0.858410251814679, 1.0431586038321221, 0.6078431372549021, 1.0394305022433366, 0.7486492134093573)
[9, 4, 10, 2, 10, 5, 8, 1, 3, 5, 6, 9, 6, 5, 1, 1, 5, 5, 2, 3, 5, 7, 6, 6, 5, 8, 6, 3, 1, 5, 10, 10, 6, 2, 6, 8, 10, 7, 3, 6, 3, 3, 8, 5, 6, 10, 7, 9, 7, 9, 7, 10, 5, 8, 8, 7, 7, 2, 10, 6, 7, 1]
(1.0359650786966053, 0.858410251814679, 1.0431586038321221, 0.6078431372549021, 1.0394305022433366, 0.7486492134093573)
[10, 4, 10, 2, 10, 5, 8, 1, 8, 5, 7, 10, 6, 5, 1, 1, 4, 5, 1, 2, 10, 7, 9, 3, 7, 8, 10, 8, 9, 5, 5, 8, 6, 2, 5, 4, 10, 7, 4, 8, 3, 3, 8, 6, 8, 10, 7, 9, 9, 9, 7, 10, 5, 8, 8, 7, 7, 2, 10, 6, 7, 1]
(1.0480700168758594, 0.858410251814679, 1.0426667878404223, 0.6078431372549014, 1.0336995087563956, 0.9136580567598064)
[9, 4, 10, 9, 2, 5, 8, 1, 5, 3, 5, 9, 1, 5, 2, 6, 5, 5, 6, 3, 5, 5, 9, 2, 8, 7, 10, 8, 9, 5, 9, 8, 6, 5, 5, 6, 10, 7, 4, 9, 5, 3, 8, 3, 8, 10, 7, 9, 7, 9, 7, 10, 5, 8, 8, 7, 2, 2, 10, 6, 7, 1]
(1.054791486077007, 0.532196233124062, 1.057265310175713, 1.0, 1.033188469149169, 0.9694615176466027)
[9, 4, 10, 9, 2, 5, 8, 1, 5, 3, 5, 9, 1, 5, 2, 6, 5, 5, 6, 3, 5, 5, 9, 2, 8, 7, 10, 8, 9, 5, 9, 8, 6, 5, 5, 6, 10, 7, 4, 9, 5, 3, 8, 3, 8, 10, 7, 9, 7, 9, 7, 10, 5, 8, 8, 7, 2, 2, 10, 6, 7, 1]
(1.054791486077007, 0.532196233124062, 1.057265310175713, 1.0, 1.033188469149169, 0.9694615176466027)
[9, 4, 10, 9, 4, 5, 8, 1, 5, 3, 5, 9, 1, 5, 2, 6, 5, 5, 6, 3, 5, 5, 9, 2, 8, 7, 10, 8, 9, 5, 9, 8, 6, 5, 5, 6, 10, 7, 4, 6, 5, 3, 8, 3, 8, 10, 7, 9, 7, 9, 7, 10, 5, 8, 8, 7, 2, 2, 10, 6, 7, 1]
(1.0547913616523108, 0.532196233124062, 1.0572898562997541, 1.0, 1.033227622695264, 0.9694615176466027)
[10, 4, 2, 9, 6, 7, 8, 1, 3, 5, 7, 9, 1, 5, 2, 6, 5, 5, 6, 3, 5, 5, 9, 2, 8, 7, 10, 8, 9, 5, 9, 8, 6, 2, 3, 4, 10, 7, 4, 9, 5, 9, 8, 3, 8, 10, 7, 9, 7, 9, 7, 10, 5, 8, 8, 7, 2, 2, 10, 6, 7, 1]
(1.0541794776916464, 0.532196233124062, 1.0570939442142806, 1.0, 1.0393529681488838, 0.9694615176466027)
[10, 4, 2, 9, 6, 7, 8, 1, 3, 5, 7, 9, 1, 5, 2, 6, 5, 5, 6, 3, 5, 5, 9, 2, 8, 7, 10, 8, 9, 5, 9, 8, 6, 2, 3, 4, 10, 7, 4, 9, 5, 9, 8, 3, 8, 10, 7, 9, 7, 9, 7, 10, 5, 8, 8, 7, 2, 2, 10, 6, 7, 1]
(1.0541794776916464, 0.532196233124062, 1.0570939442142806, 1.0, 1.0393529681488838, 0.9694615176466027)
[10, 4, 10, 4, 4, 7, 8, 3, 2, 3, 7, 9, 1, 5, 2, 6, 5, 5, 6, 3, 6, 5, 9, 2, 8, 7, 7, 8, 6, 5, 9, 8, 6, 5, 5, 6, 10, 7, 4, 10, 5, 3, 8, 3, 8, 10, 7, 9, 7, 9, 7, 10, 5, 8, 8, 7, 2, 2, 10, 6, 7, 1]
(1.0538378328084907, 0.532196233124062, 1.057262285985049, 1.0, 1.0237306227907508, 0.9694615176466027)
[10, 4, 10, 4, 4, 7, 8, 3, 2, 3, 7, 9, 1, 5, 2, 6, 5, 5, 6, 3, 6, 5, 9, 2, 8, 7, 7, 8, 6, 5, 9, 8, 6, 5, 5, 6, 10, 7, 4, 10, 5, 3, 8, 3, 8, 10, 7, 9, 7, 9, 7, 10, 5, 8, 8, 7, 2, 2, 10, 6, 7, 1]
(1.0538378328084907, 0.532196233124062, 1.057262285985049, 1.0, 1.0237306227907508, 0.9694615176466027)
[10, 4, 10, 4, 4, 7, 8, 3, 2, 3, 7, 9, 1, 5, 2, 6, 5, 5, 6, 3, 6, 5, 9, 2, 8, 7, 7, 8, 6, 5, 9, 8, 6, 5, 5, 6, 10, 7, 4, 10, 5, 3, 8, 3, 8, 10, 7, 9, 7, 9, 7, 10, 5, 8, 8, 7, 2, 2, 10, 6, 7, 1]
(1.0538378328084907, 0.532196233124062, 1.057262285985049, 1.0, 0.9694615176466027, 0.9694615176466027)
[10, 4, 10, 4, 4, 7, 8, 3, 2, 3, 7, 9, 1, 5, 2, 6, 5, 5, 6, 3, 6, 5, 9, 2, 8, 7, 7, 8, 6, 5, 9, 8, 6, 5, 5, 6, 10, 7, 4, 10, 5, 3, 8, 3, 8, 10, 7, 9, 7, 9, 7, 10, 5, 8, 8, 7, 2, 2, 10, 6, 7, 1]
(1.0538378328084907, 0.532196233124062, 1.057262285985049, 1.0, 1.0237306227907508, 0.9694615176466027)
[10, 4, 10, 9, 4, 5, 8, 1, 3, 3, 5, 9, 1, 5, 2, 6, 5, 5, 6, 3, 5, 5, 9, 2, 8, 7, 7, 6, 9, 5, 9, 8, 6, 2, 3, 4, 10, 7, 4, 9, 5, 9, 8, 4, 6, 10, 7, 7, 7, 9, 7, 10, 5, 8, 8, 7, 6, 2, 10, 6, 7, 1]
(1.0577309962362014, 0.532196233124062, 1.0574968334287367, 1.0, 1.0409048862755264, 0.9694615176466027)
[10, 4, 10, 9, 4, 5, 8, 1, 3, 3, 5, 9, 1, 5, 2, 6, 5, 5, 6, 3, 5, 5, 9, 2, 8, 7, 7, 6, 9, 5, 9, 8, 6, 2, 3, 4, 10, 7, 4, 9, 5, 9, 8, 4, 6, 10, 7, 7, 7, 9, 7, 10, 5, 8, 8, 7, 6, 2, 10, 6, 7, 1]
(1.0577309962362014, 0.532196233124062, 1.0574968334287367, 1.0, 1.0409048862755264, 0.9694615176466027)
[10, 4, 10, 9, 4, 5, 8, 1, 7, 3, 5, 9, 1, 5, 2, 6, 5, 5, 6, 3, 5, 5, 9, 2, 8, 7, 7, 6, 9, 5, 9, 8, 6, 2, 3, 4, 10, 7, 4, 9, 5, 9, 8, 4, 6, 10, 7, 7, 7, 9, 7, 10, 5, 8, 8, 7, 6, 2, 10, 6, 7, 1]
(1.0577309962362014, 0.532196233124062, 1.0574968334287367, 1.0, 1.0409048862755264, 0.9694615176466027)
[10, 4, 10, 9, 4, 5, 8, 1, 7, 3, 5, 9, 1, 5, 2, 6, 5, 5, 6, 3, 5, 5, 9, 2, 8, 7, 7, 6, 9, 5, 9, 8, 6, 2, 3, 4, 10, 7, 4, 9, 5, 9, 8, 4, 6, 10, 7, 7, 7, 9, 7, 10, 5, 8, 8, 7, 6, 2, 10, 6, 7, 1]
(1.0577309962362014, 0.532196233124062, 1.0574968334287367, 1.0, 1.0409048862755264, 0.9694615176466027)
[10, 4, 10, 4, 4, 7, 8, 3, 2, 3, 7, 9, 1, 5, 2, 6, 5, 5, 6, 3, 6, 5, 9, 2, 8, 7, 7, 8, 6, 5, 9, 8, 6, 5, 5, 6, 10, 7, 4, 10, 5, 3, 8, 3, 8, 10, 7, 9, 7, 9, 7, 10, 5, 8, 8, 7, 2, 2, 10, 6, 7, 1]
(1.0538378328084907, 0.532196233124062, 1.057262285985049, 1.0, 1.0237306227907508, 0.9694615176466027)
[9, 4, 10, 2, 10, 5, 8, 1, 3, 5, 7, 9, 6, 5, 1, 1, 5, 9, 10, 3, 5, 7, 6, 6, 1, 8, 6, 3, 1, 5, 10, 10, 6, 2, 8, 8, 10, 9, 4, 9, 5, 9, 8, 9, 8, 10, 7, 9, 6, 9, 8, 10, 5, 10, 2, 4, 7, 2, 10, 6, 7, 1]
(0.8276933515444387, 0.858410251814679, 1.0650961510837038, 1.0, 0.6558487408143484, 0.6558487408143484)
[10, 1, 2, 1, 9, 8, 5, 1, 3, 5, 1, 9, 4, 5, 2, 9, 8, 5, 6, 3, 5, 5, 9, 2, 7, 7, 7, 6, 9, 5, 9, 8, 6, 2, 5, 4, 10, 7, 4, 6, 3, 3, 8, 3, 8, 6, 7, 5, 7, 10, 7, 10, 5, 8, 8, 7, 2, 2, 10, 6, 7, 1]
(1.057049235701557, 0.858410251814679, 1.0427629776298963, 1.0, 1.034211118519303, 0.6991831386433968)
[10, 1, 2, 1, 9, 8, 5, 1, 3, 5, 1, 9, 4, 5, 2, 9, 8, 5, 6, 3, 5, 5, 9, 2, 7, 7, 7, 6, 9, 5, 9, 8, 6, 2, 5, 4, 10, 7, 4, 6, 3, 3, 8, 3, 8, 6, 7, 5, 7, 10, 7, 10, 5, 8, 8, 7, 2, 2, 10, 6, 7, 1]
(1.057049235701557, 0.858410251814679, 1.0427629776298963, 1.0, 1.034211118519303, 0.6991831386433968)
[10, 1, 2, 1, 9, 8, 5, 1, 3, 5, 1, 9, 4, 5, 2, 9, 8, 5, 6, 3, 5, 5, 9, 2, 7, 7, 7, 6, 9, 5, 9, 8, 6, 2, 5, 4, 10, 7, 4, 6, 3, 3, 8, 3, 8, 6, 7, 5, 7, 10, 7, 10, 5, 8, 8, 7, 2, 2, 10, 6, 7, 1]
(1.057049235701557, 0.858410251814679, 1.0427629776298963, 1.0, 1.034211118519303, 0.6991831386433968)
[10, 1, 2, 1, 9, 8, 5, 1, 3, 5, 1, 9, 4, 5, 2, 9, 8, 5, 6, 3, 5, 5, 9, 2, 7, 7, 7, 6, 9, 5, 9, 8, 6, 2, 5, 4, 10, 7, 4, 6, 3, 3, 8, 3, 8, 6, 7, 5, 7, 10, 7, 10, 5, 8, 8, 7, 2, 2, 10, 6, 7, 1]
(1.057049235701557, 0.858410251814679, 1.0427629776298963, 1.0, 1.034211118519303, 0.6991831386433968)
