Matsuoka quadruped, body parameters:[2, 5, 9, 5, 3, 3, 1, 1, 10, 10, 4, 5, 6, 8, 10, 4, 10, 10, 1, 5, 10, 8, 2, 1, 8, 7, 3, 7, 9, 8, 9, 1]
{'b': 0.04000000000000001, 'gam': 0.05, 'x0': 0.9, 'c': 2.5, 'a': 0.6}
Inter-module:
[[ 0.  -1.6 -2.  -0.2]
 [-2.   0.  -0.2 -1.4]
 [-2.  -0.2  0.  -1.6]
 [-0.2 -1.4 -2.   0. ]]
Intra-module:
[[ 0.  -0.2 -1.8]
 [-1.2  0.   1.8]
 [ 1.  -1.4  0. ]]
Bias:[1.5 1.6 1.8]
Drive coeff:[ 0.9 -0.3  0.9]
Base period:4.32
gen	evals	std                               	min                                  	avg                               	max                               
0  	92   	[0.03928981 0.04323273 0.03536558]	[ 0.         -0.02177315  0.        ]	[0.01539344 0.01279971 0.00922617]	[0.20169148 0.31842778 0.21306665]
1  	92   	[0.05120729 0.07592926 0.04689973]	[-0.01577319 -0.02608985  0.        ]	[0.02549813 0.02828278 0.01622175]	[0.29351913 0.57842684 0.26459594]
2  	92   	[0.06650533 0.09845983 0.10762566]	[-0.01577319 -0.03359129  0.        ]	[0.04908345 0.0499703  0.04116293]	[0.29351913 0.57842684 0.85853902]
3  	92   	[0.0756359  0.13482869 0.17872191]	[-0.03815197 -0.02608985  0.        ]	[0.07184779 0.09126048 0.08953232]	[0.29351913 0.57856422 0.86682866]
4  	92   	[0.07271917 0.15555457 0.20493826]	[-0.0036811  -0.02712142  0.        ]	[0.09503235 0.14198149 0.14087703]	[0.29351913 0.57856422 0.86682866]
5  	92   	[0.08170958 0.17057513 0.24532786]	[ 0.         -0.07690676  0.        ]	[0.11345209 0.19257365 0.2067151 ]	[0.29351913 0.57856422 0.86682866]
6  	92   	[0.08844804 0.17977871 0.24501871]	[ 0.         -0.08574146 -0.02989057]	[0.1332441  0.22475897 0.22258691]	[0.44670896 0.57856422 0.86682866]
7  	92   	[0.09993966 0.2156228  0.26880319]	[-0.01006348 -0.07690676 -0.01659672]	[0.14885958 0.30223038 0.28563519]	[0.44670896 1.00032377 0.86739489]
8  	92   	[0.10587436 0.24525274 0.29858139]	[-0.01006348 -0.07690676 -0.01659672]	[0.15870717 0.3804352  0.34319056]	[0.44670896 1.00032377 0.86739489]
9  	92   	[0.1115413  0.28973578 0.30815529]	[ 0.         -0.03473681 -0.01659672]	[0.18826863 0.46962675 0.37442093]	[0.44794551 1.00442991 0.87249635]
10 	92   	[0.13083877 0.29478859 0.30688406]	[ 0.        -0.0723379  0.       ]   	[0.22068425 0.53107573 0.4360204 ]	[0.63863108 1.00442991 0.87249635]
11 	92   	[0.13359099 0.30589584 0.32619575]	[ 0.        -0.0723379  0.       ]   	[0.24535242 0.57050076 0.5599694 ]	[0.63863108 1.00620291 0.87249635]
12 	92   	[0.1232455  0.30846799 0.33505374]	[-0.00686597 -0.00462729  0.        ]	[0.27648147 0.62637592 0.54095783]	[0.65287892 1.01250808 0.87249635]
13 	92   	[0.11858559 0.30391453 0.34277804]	[-0.00686597  0.         -0.07849385]	[0.28524055 0.62675442 0.58051733]	[0.65287892 1.01280742 0.87523262]
14 	92   	[0.12617671 0.36143238 0.35651744]	[-0.08299903 -0.10229759 -0.07849385]	[0.31431004 0.64213516 0.49222328]	[0.68299331 1.01368929 0.87523262]
15 	92   	[0.1308607  0.34910295 0.35552198]	[-0.08299903  0.          0.        ]	[0.314374   0.68202816 0.53655068]	[0.68299331 1.01368929 0.87523262]
16 	92   	[0.14234656 0.33024349 0.3517963 ]	[-0.08299903  0.          0.        ]	[0.2998754  0.72620081 0.55826181]	[0.68299331 1.01660999 0.87523262]
17 	92   	[0.15326085 0.32175857 0.29747831]	[-0.08299903  0.          0.        ]	[0.30142666 0.76210256 0.63028462]	[0.68299331 1.01660999 0.87566118]
18 	92   	[0.15591562 0.31744055 0.29326811]	[-0.03818716  0.         -0.0075027 ]	[0.30771864 0.75450456 0.64755392]	[0.68299331 1.01660999 0.87566118]
19 	92   	[0.16139295 0.31773921 0.30350074]	[-0.03818716  0.          0.        ]	[0.31711195 0.72307879 0.62302902]	[0.68911939 1.01660999 0.87566118]
20 	92   	[0.18999065 0.3674976  0.33118468]	[-0.03818716  0.         -0.11286801]	[0.36241085 0.66101838 0.49574607]	[0.68911939 1.01698883 0.87566118]
21 	92   	[0.18756467 0.34134885 0.33853093]	[-0.03818716  0.         -0.11286801]	[0.35995539 0.6567133  0.53549793]	[0.68911939 1.01926016 0.87566118]
22 	92   	[0.19116795 0.32492476 0.30467448]	[-0.03959244  0.         -0.11286801]	[0.33105742 0.72084967 0.63711841]	[0.68911939 1.01926016 0.87566118]
23 	92   	[0.18797333 0.31796189 0.30139391]	[-0.03974945  0.         -0.03031545]	[0.33359011 0.76477739 0.61853524]	[0.68911939 1.01926016 0.87566118]
24 	92   	[0.19258998 0.3299179  0.30476642]	[-0.03974945  0.         -0.03031545]	[0.35082086 0.72107391 0.63381165]	[0.68911939 1.01926016 0.87566118]
25 	92   	[0.19224804 0.32088327 0.26408134]	[-0.04084427  0.         -0.03031545]	[0.36960469 0.72280503 0.69087878]	[0.68911939 1.01926016 0.87566118]
26 	92   	[0.18518446 0.31757774 0.23911754]	[-0.03818716  0.         -0.03031545]	[0.36641874 0.76285644 0.73970612]	[0.68981719 1.01926016 0.87566118]
27 	92   	[0.18510118 0.31842633 0.25397067]	[-0.03818716  0.         -0.03031545]	[0.39212745 0.76053502 0.70752432]	[0.68981719 1.01926016 0.87566118]
28 	92   	[0.18647682 0.27837639 0.25078396]	[-0.03818716  0.         -0.03031545]	[0.38755574 0.8008399  0.71248862]	[0.68981719 1.01926016 0.87566118]
29 	92   	[0.19253386 0.28972115 0.24234796]	[-0.03818716  0.          0.        ]	[0.40057528 0.80975119 0.71311846]	[0.69201966 1.01994277 0.87716559]
30 	92   	[0.20083224 0.30003386 0.24567103]	[-0.03818716  0.          0.        ]	[0.39479641 0.80632109 0.69537557]	[0.69619582 1.01994277 0.87716559]
31 	92   	[0.20680481 0.31917266 0.24066645]	[-0.03818716  0.          0.        ]	[0.40971016 0.76007029 0.71585659]	[0.69619582 1.01994277 0.87716559]
32 	92   	[0.20204773 0.32298997 0.24649191]	[-0.02417315  0.          0.        ]	[0.434308   0.75795088 0.712599  ]	[0.69619582 1.01994277 0.87716559]
33 	92   	[0.19347868 0.31477706 0.26675385]	[-0.02417315  0.          0.        ]	[0.49424502 0.75606856 0.68781258]	[0.69619582 1.01994277 0.87889663]
34 	92   	[0.19675511 0.31646311 0.27929825]	[-0.02417315  0.          0.        ]	[0.48715572 0.78493612 0.66703627]	[0.69619582 1.01994277 0.87889663]
35 	92   	[0.2077624  0.32219196 0.28203734]	[-0.02417315  0.          0.        ]	[0.47902388 0.77361794 0.66081398]	[0.69820399 1.01994277 0.87889663]
36 	92   	[0.21218459 0.31245227 0.26892098]	[-0.02417315  0.          0.02329356]	[0.4640329  0.77540791 0.67651764]	[0.69820399 1.02071961 0.87889663]
37 	92   	[0.20677638 0.30202467 0.26897438]	[-0.02417315  0.          0.02329356]	[0.47994907 0.80444059 0.67806548]	[0.69820399 1.02071961 0.87889663]
38 	92   	[0.21276733 0.29016487 0.25977229]	[-0.02417315  0.          0.02329356]	[0.46980417 0.81140201 0.69880746]	[0.69820399 1.02071961 0.87889663]
39 	92   	[0.21307706 0.31065047 0.25507656]	[-0.02417315  0.          0.02329356]	[0.46532356 0.80411298 0.70157492]	[0.69820399 1.02071961 0.87889663]
40 	92   	[0.21909774 0.29827833 0.23347823]	[-0.03661441  0.          0.02329356]	[0.47610222 0.82848281 0.74063396]	[0.69820399 1.02071961 0.87889663]
41 	92   	[0.21579101 0.30820324 0.25591011]	[-0.03661441  0.          0.        ]	[0.48556601 0.83467555 0.71861516]	[0.69820399 1.02071961 0.87889663]
42 	92   	[0.22516002 0.30838291 0.26475601]	[-0.03997061  0.         -0.14498247]	[0.48381543 0.82956091 0.7202059 ]	[0.69820399 1.02071961 0.87889663]
43 	92   	[0.21993948 0.28321215 0.28391359]	[-0.03661441  0.         -0.14498247]	[0.49457396 0.85505891 0.70157612]	[0.69820399 1.02071961 0.88008954]
44 	92   	[0.20382282 0.26796149 0.27660585]	[-0.03661441  0.         -0.14498247]	[0.5126815  0.86297797 0.70645971]	[0.69902378 1.02071961 0.88008954]
45 	92   	[0.20477487 0.23041743 0.28062391]	[-0.03661441  0.         -0.14498247]	[0.51766823 0.9014449  0.70184612]	[0.69902378 1.02071961 0.88008954]
46 	92   	[0.20667238 0.22886583 0.2702936 ]	[-0.03661441  0.         -0.14498247]	[0.51625516 0.90591099 0.71096868]	[0.69902378 1.02071961 0.88008954]
47 	92   	[0.21530995 0.28465159 0.27484013]	[-0.03661441 -0.08507571 -0.14498247]	[0.51054005 0.86330792 0.7070971 ]	[0.69902378 1.02071961 0.88008954]
48 	92   	[0.22520004 0.27844367 0.27204626]	[-0.03868103 -0.03878888 -0.14498247]	[0.49726592 0.86161343 0.70412903]	[0.69902378 1.02213989 0.88008954]
49 	92   	[0.22335489 0.24718032 0.25468033]	[-0.03868103 -0.03878888 -0.14498247]	[0.50277768 0.90119945 0.71430549]	[0.70282568 1.02213989 0.88008954]
50 	92   	[0.22339374 0.22618163 0.23421353]	[-0.03868103 -0.03878888  0.        ]	[0.49496891 0.91585377 0.740002  ]	[0.70282568 1.02213989 0.88008954]
51 	92   	[0.21500765 0.23625166 0.24717066]	[-0.03868103 -0.03878888  0.        ]	[0.51053449 0.89707777 0.71631957]	[0.70282568 1.02213989 0.88008954]
52 	92   	[0.21514399 0.23417323 0.25137731]	[-0.03868103 -0.03878888  0.        ]	[0.51075451 0.90232649 0.70637305]	[0.70282568 1.02213989 0.88008954]
53 	92   	[0.21695625 0.23639362 0.25796079]	[-0.03868103 -0.03878888  0.        ]	[0.50289992 0.89809215 0.69417201]	[0.70282568 1.02213989 0.88008954]
54 	92   	[0.21263073 0.26915138 0.24701392]	[-0.03868103 -0.03878888  0.        ]	[0.52012741 0.87579898 0.72129722]	[0.70282568 1.02213989 0.88008954]
55 	92   	[0.21252024 0.25504161 0.2316159 ]	[-0.03868103  0.          0.        ]	[0.52824912 0.87710613 0.74606409]	[0.70282568 1.02213989 0.88008954]
56 	92   	[0.20324213 0.26441337 0.22848697]	[-0.03868103  0.          0.        ]	[0.54038818 0.87220383 0.74784585]	[0.70282568 1.02213989 0.88008954]
57 	92   	[0.20354563 0.29245183 0.22858326]	[-0.03868103  0.          0.        ]	[0.5409142  0.8501544  0.74796639]	[0.70282568 1.02213989 0.88008954]
58 	92   	[0.20267992 0.29156262 0.22850242]	[-0.03868103  0.          0.        ]	[0.54377518 0.85499003 0.74793577]	[0.70282568 1.02213989 0.88008954]
59 	92   	[0.20255255 0.30480849 0.22158512]	[-0.03868103  0.          0.        ]	[0.54530643 0.83917042 0.75870503]	[0.70282568 1.02213989 0.88008954]
60 	92   	[0.20214536 0.29006189 0.22150364]	[-0.03868103  0.          0.        ]	[0.54905825 0.85944905 0.75853623]	[0.70282568 1.02213989 0.88008954]
61 	92   	[0.20284556 0.28873898 0.22153708]	[-0.03868103  0.          0.        ]	[0.54603847 0.86406942 0.75860541]	[0.70282568 1.02213989 0.88008954]
62 	92   	[0.20212604 0.28872955 0.20740265]	[-0.03868103  0.          0.        ]	[0.54925919 0.86404786 0.77567436]	[0.70282568 1.02213989 0.88008954]
63 	92   	[0.20396688 0.27142175 0.20475719]	[-0.03868103  0.          0.        ]	[0.54638743 0.8754092  0.7738379 ]	[0.70282568 1.02213989 0.88008954]
64 	92   	[0.20635029 0.28593574 0.18866915]	[-0.03868103  0.          0.        ]	[0.54166867 0.86470031 0.78840593]	[0.70282568 1.02213989 0.88008954]
65 	92   	[0.21359466 0.2758052  0.18882033]	[-0.03868103  0.          0.        ]	[0.53455822 0.86890357 0.78886814]	[0.70282568 1.02213989 0.88008954]
66 	92   	[0.21390945 0.27144858 0.19311255]	[-0.03868103  0.          0.26249284]	[0.53502111 0.8754317  0.77898333]	[0.70282568 1.02213989 0.88008954]
67 	92   	[0.21516375 0.28725119 0.20942127]	[-0.03868103  0.          0.2617703 ]	[0.53163151 0.8602959  0.75813707]	[0.70282568 1.02213989 0.88008954]
68 	92   	[0.21104018 0.29344873 0.18893644]	[-0.03868103  0.          0.26249284]	[0.54367654 0.85142566 0.78476033]	[0.70282568 1.02213989 0.88008954]
69 	92   	[0.21563047 0.27338893 0.19309856]	[-0.03868103  0.          0.26249284]	[0.53467755 0.87176241 0.76984856]	[0.70282568 1.02213989 0.88008954]
70 	92   	[0.21983294 0.27053356 0.19518668]	[-0.03868103  0.          0.26249284]	[0.52580878 0.87384252 0.7657575 ]	[0.70282568 1.02213989 0.88008954]
71 	92   	[0.21735891 0.2843192  0.18044762]	[-0.03868103  0.          0.26249284]	[0.53193024 0.86186241 0.78173026]	[0.70282568 1.02213989 0.88008954]
72 	92   	[0.21703028 0.28664751 0.18335787]	[-0.03868103  0.          0.26249284]	[0.53142731 0.8606735  0.783714  ]	[0.70282568 1.02213989 0.88008954]
73 	92   	[0.21685888 0.26137373 0.17310531]	[-0.03868103  0.          0.26249284]	[0.53102516 0.87585418 0.79164265]	[0.70282568 1.02213989 0.88008954]
74 	92   	[0.21667265 0.26144671 0.18072435]	[-0.03868103  0.          0.26249284]	[0.53071512 0.87602403 0.78774542]	[0.70282568 1.02213989 0.88008954]
75 	92   	[0.21691683 0.26024055 0.17390286]	[-0.03868103  0.          0.26249284]	[0.53111763 0.87679178 0.78893192]	[0.70282568 1.02213989 0.88008954]
76 	92   	[0.21543248 0.22929538 0.17322798]	[-0.03868103  0.          0.26249284]	[0.53133113 0.89730458 0.79172569]	[0.70282568 1.02213989 0.88008954]
77 	92   	[0.21249068 0.2285766  0.16948414]	[-0.03868103  0.          0.26249284]	[0.54021912 0.89518772 0.79877493]	[0.70282568 1.02213989 0.88008954]
78 	92   	[0.21196157 0.23075362 0.18404832]	[-0.03868103  0.          0.12087769]	[0.54508338 0.89046609 0.78819689]	[0.70282568 1.02213989 0.88008954]
79 	92   	[0.2138957 0.226668  0.186471 ]   	[-0.03868103  0.          0.12087769]	[0.54032675 0.90019011 0.7841763 ]	[0.70282568 1.02213989 0.88008954]
80 	92   	[0.21761781 0.24513948 0.18843925]	[-0.03868103  0.          0.12087769]	[0.52761829 0.88994492 0.7828693 ]	[0.70282568 1.02213989 0.88008954]
81 	92   	[0.22276029 0.23487378 0.18195931]	[-0.03868103  0.          0.26249284]	[0.52357788 0.89725615 0.7849261 ]	[0.70282568 1.02213989 0.88008954]
82 	92   	[0.22519219 0.25754613 0.19302374]	[-0.03868103  0.          0.        ]	[0.51067793 0.87241945 0.78461987]	[0.70282568 1.02213989 0.88008954]
83 	92   	[0.22997823 0.28129481 0.18566849]	[-0.03868103  0.          0.26249284]	[0.51372413 0.8471409  0.79527781]	[0.70282568 1.02213989 0.88008954]
84 	92   	[0.22957132 0.25964629 0.19710175]	[-0.03868103  0.          0.26249284]	[0.51825333 0.8623764  0.78972891]	[0.70282568 1.02213989 0.88008954]
85 	92   	[0.23803307 0.25059318 0.2155146 ]	[-0.04131876  0.          0.1149407 ]	[0.50662539 0.89064837 0.77503782]	[0.70282568 1.02213989 0.88008954]
86 	92   	[0.23751469 0.26525278 0.21097725]	[-0.04131876  0.          0.05076413]	[0.50902054 0.88443626 0.78424573]	[0.70282568 1.02292839 0.88008954]
87 	92   	[0.20211778 0.30598953 0.20382006]	[-0.04131876  0.          0.26330467]	[0.5683723  0.85020112 0.78677653]	[0.70282568 1.02292839 0.88008954]
88 	92   	[0.20411932 0.26442311 0.18268574]	[-0.04131876  0.          0.25974155]	[0.56085897 0.88129633 0.8055377 ]	[0.70282568 1.02292839 0.88008954]
89 	92   	[0.21065816 0.265046   0.17363898]	[-0.04131876  0.          0.26330467]	[0.55795811 0.88184994 0.81212534]	[0.70282568 1.02292839 0.88008954]
90 	92   	[0.20871673 0.25847358 0.15341858]	[-0.04131876  0.          0.26330467]	[0.56082917 0.8862072  0.82506793]	[0.70282568 1.02292839 0.88008954]
91 	92   	[0.2065997  0.25867761 0.15344329]	[-0.04131876  0.          0.26330467]	[0.56807814 0.8858985  0.82515749]	[0.70282568 1.02292839 0.88008954]
92 	92   	[0.21438254 0.24166474 0.15346423]	[-0.04131876  0.          0.26330467]	[0.56168384 0.8967394  0.82501713]	[0.70282568 1.02292839 0.88008954]
93 	92   	[0.21480205 0.24162165 0.14177785]	[-0.04131876  0.          0.26330467]	[0.55823678 0.89705414 0.83161924]	[0.70282568 1.02292839 0.88008954]
94 	92   	[0.21493239 0.23952062 0.14177359]	[-0.04131876  0.          0.26330467]	[0.55852475 0.89848584 0.83159955]	[0.70282568 1.02292839 0.88008954]
95 	92   	[0.21468256 0.23742539 0.15337105]	[-0.04131876  0.          0.26386952]	[0.55807114 0.90407694 0.82509043]	[0.70282568 1.02292839 0.88008954]
96 	92   	[0.20711825 0.21480037 0.15337603]	[-0.04131876  0.          0.26386952]	[0.56566265 0.91882415 0.82510905]	[0.70282568 1.02292839 0.88008954]
97 	92   	[0.20640674 0.21847082 0.14173836]	[-0.04131876  0.          0.26386952]	[0.56882816 0.91657025 0.83170482]	[0.70282568 1.02292839 0.88008954]
98 	92   	[0.20663687 0.22127228 0.15339946]	[-0.04131876  0.          0.26386952]	[0.56936223 0.91195626 0.82519194]	[0.70282568 1.02292839 0.88008954]
99 	92   	[0.2068218  0.23032212 0.15337832]	[-0.04131876  0.          0.26386952]	[0.5697474  0.90819377 0.82511321]	[0.70282568 1.02292839 0.88008954]
100	92   	[0.21023792 0.23594806 0.14172876]	[-0.04131876  0.          0.26386952]	[0.56242748 0.90164303 0.83161456]	[0.70282568 1.02292839 0.88008954]
101	92   	[0.2103907  0.20346974 0.14170579]	[-0.04131876  0.          0.26386952]	[0.56269363 0.92056451 0.83152456]	[0.70282568 1.02292839 0.88008954]
102	92   	[0.21046575 0.20660175 0.14172886]	[-0.04131876  0.          0.26386952]	[0.56282632 0.91605446 0.83162363]	[0.70282568 1.02292839 0.88008954]
103	92   	[0.20807575 0.19958355 0.14170393]	[-0.04131876  0.          0.26386952]	[0.56885331 0.92238592 0.83151751]	[0.70282568 1.02292839 0.88008954]
104	92   	[0.20639967 0.19945413 0.14165832]	[-0.04131876  0.          0.26386952]	[0.57319812 0.92208042 0.83161632]	[0.70282568 1.02292839 0.88008954]
105	92   	[0.20904307 0.19101393 0.14208599]	[-0.04131876  0.          0.26068985]	[0.56744312 0.92633921 0.83161027]	[0.70282568 1.02292839 0.88008954]
106	92   	[0.20904307 0.19101393 0.14208599]	[-0.04131876  0.          0.26068985]	[0.56744312 0.92633921 0.83161027]	[0.70282568 1.02292839 0.88008954]
107	92   	[0.20840362 0.19383434 0.18903775]	[-0.04131876  0.         -0.04842436]	[0.5710037  0.92105386 0.81236478]	[0.70282568 1.02292839 0.88008954]
108	92   	[0.20798529 0.19362039 0.19725261]	[-0.04131876  0.         -0.04842436]	[0.57426424 0.92032688 0.80586107]	[0.70350173 1.02292839 0.88008954]
109	92   	[0.21722567 0.19148794 0.17832332]	[-0.04131876  0.         -0.04842436]	[0.56669109 0.92045496 0.81526628]	[0.70350173 1.02292839 0.88008954]
110	92   	[0.22608749 0.18822176 0.18705976]	[-0.04131876  0.         -0.04842436]	[0.55954106 0.92369865 0.80859081]	[0.70350173 1.02292839 0.88008954]
111	92   	[0.23364585 0.19144321 0.16859866]	[-0.04131876  0.         -0.04842436]	[0.5521549  0.91854234 0.82157258]	[0.70350173 1.02292839 0.88008954]
112	92   	[0.23307697 0.18863393 0.16862846]	[-0.04131876  0.         -0.04842436]	[0.55031068 0.92086686 0.82168419]	[0.70350173 1.02292839 0.88008954]
113	92   	[0.24132852 0.19070409 0.15383043]	[-0.04131876  0.          0.02868641]	[0.54484181 0.91520785 0.82915263]	[0.70350173 1.02292839 0.88008954]
114	92   	[0.24245231 0.18755599 0.16579735]	[-0.04131876  0.          0.02868641]	[0.53754004 0.92016309 0.82237807]	[0.70350173 1.02292839 0.88008954]
115	92   	[0.24263642 0.18726202 0.18795232]	[-0.04131876  0.          0.02868641]	[0.54230481 0.92227286 0.80803383]	[0.70350173 1.02292839 0.88008954]
116	92   	[0.24996154 0.21957982 0.19865113]	[-0.04131876  0.          0.02868641]	[0.5318535  0.91295396 0.79726702]	[0.70350173 1.02292839 0.88008954]
117	92   	[0.25613597 0.23691043 0.21385934]	[-0.04131876  0.          0.02868641]	[0.52427856 0.90838526 0.78388733]	[0.70350173 1.02292839 0.88008954]
118	92   	[0.25685981 0.23681044 0.21384615]	[-0.04131876  0.          0.02868641]	[0.5260909  0.90813534 0.78384951]	[0.70350173 1.02292839 0.88008954]
119	92   	[0.25674286 0.21695055 0.20698076]	[-0.04131876  0.          0.02868641]	[0.52591161 0.91886424 0.79041509]	[0.70350173 1.02292839 0.88008954]
120	92   	[0.26831347 0.21668704 0.21386732]	[-0.04190748  0.          0.02868641]	[0.51062489 0.92174228 0.78399158]	[0.70350173 1.02292839 0.88008954]
121	92   	[0.27382545 0.21682422 0.21384331]	[-0.04190748  0.          0.02868641]	[0.50294384 0.92210426 0.78394612]	[0.70350173 1.02292839 0.88008954]
122	92   	[0.26936208 0.21685085 0.21846393]	[-0.04190748  0.          0.02868641]	[0.50817249 0.92216362 0.78163412]	[0.70350173 1.02292839 0.88008954]
123	92   	[0.26890021 0.22120324 0.21199073]	[-0.04190748  0.          0.02868641]	[0.50443688 0.9182885  0.78838321]	[0.70366502 1.02292839 0.88008954]
124	92   	[0.27561121 0.22603397 0.21880522]	[-0.04190748  0.          0.02868641]	[0.50482307 0.92134039 0.78181095]	[0.70366502 1.02292839 0.88008954]
125	92   	[0.27029447 0.20465201 0.21865731]	[-0.04190748  0.          0.02868641]	[0.50922893 0.93270234 0.78143577]	[0.70366502 1.02292839 0.88008954]
126	92   	[0.27402894 0.20036218 0.22492649]	[-0.04190748  0.          0.02868641]	[0.50615369 0.93934635 0.77496285]	[0.70366502 1.02292839 0.88008954]
127	92   	[0.26913895 0.20015393 0.21193364]	[-0.04131876  0.          0.02868641]	[0.51157313 0.93898096 0.78817715]	[0.70366502 1.02292839 0.88008954]
128	92   	[0.26926798 0.20016622 0.20403169]	[-0.04131876  0.          0.16245975]	[0.5117737  0.93903623 0.790895  ]	[0.70366502 1.02292839 0.88008954]
129	92   	[0.26841141 0.20048552 0.21681047]	[-0.04131876  0.          0.16245975]	[0.51207179 0.94014971 0.77824521]	[0.70366502 1.02384242 0.88008954]
130	92   	[0.2683173  0.20057604 0.21669721]	[-0.04131876  0.          0.16245975]	[0.51191772 0.94043647 0.77824445]	[0.70366502 1.02384242 0.88008954]
131	92   	[0.26444449 0.20090316 0.22293682]	[-0.04131876  0.          0.16245975]	[0.51674033 0.94048413 0.77164234]	[0.70366502 1.02384242 0.88008954]
132	92   	[0.25436267 0.20086232 0.21872037]	[-0.04131876  0.          0.16245975]	[0.52451086 0.94059418 0.7748775 ]	[0.70366502 1.02384242 0.88008954]
133	92   	[0.25425749 0.19687072 0.21159729]	[-0.04131876  0.          0.16245975]	[0.52761404 0.94352112 0.78212147]	[0.70366502 1.02384242 0.88008954]
134	92   	[0.25217222 0.19653762 0.21083646]	[-0.04131876  0.          0.16245975]	[0.53229983 0.9458936  0.78275224]	[0.70366502 1.02384242 0.88008954]
135	92   	[0.25222536 0.19655171 0.21083959]	[-0.04131876  0.          0.16245975]	[0.53238951 0.94615031 0.78275981]	[0.70366502 1.02384242 0.88008954]
136	92   	[0.23979098 0.26633585 0.22103235]	[-0.04131876 -0.20588599  0.16245975]	[0.55195706 0.90973637 0.77322792]	[0.70366502 1.02384242 0.88008954]
137	92   	[0.239909   0.2681882  0.20776722]	[-0.04131876 -0.20588599  0.16245975]	[0.55218578 0.90456201 0.78629135]	[0.70366502 1.02384242 0.88008954]
138	92   	[0.24041085 0.2686365  0.22073256]	[-0.04131876  0.          0.16245975]	[0.55311856 0.89783347 0.77296602]	[0.70366502 1.02384242 0.88008954]
139	92   	[0.23222101 0.22212897 0.18445376]	[-0.04131876  0.          0.16245975]	[0.55909568 0.9283764  0.80577704]	[0.70366502 1.02384242 0.88008954]
140	92   	[0.23217081 0.22201533 0.17671625]	[-0.04131876  0.          0.16245975]	[0.55900431 0.92803537 0.81186213]	[0.70366502 1.02384242 0.88008954]
141	92   	[0.23206241 0.2221516  0.18549933]	[-0.04131876  0.          0.16245975]	[0.55878792 0.92846233 0.80542572]	[0.70366502 1.02384242 0.88008954]
142	92   	[0.23252523 0.22203806 0.19355721]	[-0.04131876  0.          0.16245975]	[0.55970737 0.92814129 0.79852477]	[0.70366502 1.02384242 0.88008954]
143	92   	[0.20763448 0.24414006 0.20833448]	[-0.04131876  0.          0.16245975]	[0.57948423 0.91254889 0.78552132]	[0.70366502 1.02384242 0.88008954]
144	92   	[0.20598747 0.25153819 0.20115768]	[-0.04131876 -0.11719053  0.16245975]	[0.58391013 0.90666178 0.79184057]	[0.70366502 1.02384242 0.88008954]
145	92   	[0.20081984 0.22783688 0.20127228]	[-0.04131876  0.          0.16245975]	[0.58595386 0.91966775 0.79184522]	[0.70366502 1.02521852 0.88008954]
146	92   	[0.20075808 0.22797023 0.20844649]	[-0.04131876  0.          0.16245975]	[0.58579843 0.92005918 0.78539867]	[0.70366502 1.02521852 0.88008954]
147	92   	[0.17831128 0.2491083  0.20850732]	[-0.04131876  0.          0.16245975]	[0.60133181 0.90464234 0.78555089]	[0.70366502 1.02521852 0.88008954]
148	92   	[0.18693479 0.23047128 0.20840574]	[-0.04131876  0.          0.16245975]	[0.59850025 0.91530793 0.78527791]	[0.70366502 1.02521852 0.88008954]
149	92   	[0.18527727 0.22545932 0.20829292]	[-0.04131876  0.          0.16245975]	[0.60186573 0.92481628 0.78498304]	[0.70366502 1.02521852 0.88008954]
[3, 1, 3, 1, 3, 5, 7, 9, 2, 9, 3, 2, 5, 10, 10, 1, 8, 10, 2, 4, 9, 9, 1, 7, 4, 6, 8, 3, 9, 10, 1, 4, 4, 1, 7, 8, 9, 7, 2, 9, 9, 3, 4, 10, 5, 8, 5, 9, 10, 4, 5, 9, 9, 1, 2, 3, 1, 1, 3, 3, 9, 8]
(0.7033178470366107, 0.0, 0.2974377310445711)
[3, 1, 3, 1, 3, 5, 7, 9, 2, 9, 3, 2, 5, 10, 10, 1, 8, 10, 2, 4, 9, 9, 1, 7, 4, 6, 8, 3, 9, 10, 1, 4, 4, 1, 7, 8, 9, 7, 2, 9, 9, 3, 4, 10, 5, 8, 5, 9, 10, 4, 5, 9, 9, 1, 3, 3, 1, 1, 3, 3, 9, 8]
(0.7036650204539272, 0.47388355324361775, 0.2636649352669016)
[6, 4, 3, 3, 10, 7, 9, 8, 2, 3, 7, 7, 5, 5, 4, 7, 5, 6, 10, 5, 9, 8, 6, 8, 8, 6, 5, 7, 3, 6, 1, 7, 5, 10, 5, 10, 7, 4, 6, 7, 9, 6, 9, 4, 5, 8, 9, 9, 7, 6, 1, 3, 8, 8, 6, 3, 1, 3, 2, 3, 9, 3]
(0.6621375636504712, 0.0, 0.8792125257805412)
[3, 1, 3, 1, 3, 5, 7, 9, 2, 9, 3, 2, 5, 10, 10, 1, 8, 10, 2, 4, 9, 9, 1, 7, 4, 6, 8, 3, 9, 10, 1, 4, 4, 1, 7, 8, 9, 7, 2, 9, 9, 3, 4, 10, 5, 8, 5, 9, 10, 4, 5, 9, 9, 1, 3, 3, 1, 1, 3, 3, 9, 8]
(0.7035017342608653, 0.5785016516045199, 0.265870800119364)
[3, 1, 3, 1, 3, 5, 9, 8, 4, 10, 3, 2, 5, 10, 9, 3, 8, 10, 1, 4, 5, 7, 1, 10, 4, 6, 8, 5, 10, 9, 9, 6, 5, 1, 4, 8, 9, 7, 2, 9, 9, 9, 1, 10, 5, 8, 5, 9, 10, 4, 5, 9, 9, 1, 3, 3, 1, 1, 3, 2, 9, 9]
(0.6877315637239533, 0.0, 0.8738441852455303)
[4, 1, 8, 4, 1, 7, 10, 8, 2, 10, 6, 2, 5, 10, 9, 3, 8, 10, 1, 4, 5, 7, 7, 5, 4, 6, 8, 5, 10, 9, 9, 4, 4, 1, 4, 8, 9, 7, 2, 9, 9, 5, 1, 10, 5, 8, 5, 9, 10, 4, 5, 9, 9, 1, 3, 2, 1, 1, 3, 2, 10, 9]
(0.1990826616775036, 0.5677071133014202, 0.875670630882422)
[3, 1, 3, 1, 3, 5, 7, 8, 2, 9, 3, 2, 5, 10, 10, 1, 8, 10, 2, 4, 9, 9, 1, 5, 4, 6, 8, 3, 9, 10, 9, 4, 4, 1, 7, 8, 9, 7, 2, 9, 9, 3, 4, 10, 5, 8, 5, 9, 10, 4, 5, 9, 9, 1, 3, 3, 1, 1, 3, 2, 9, 8]
(0.6972753320346701, 0.25569884468543985, 0.871873703940072)
[6, 4, 3, 3, 10, 6, 9, 2, 9, 7, 3, 5, 8, 10, 9, 3, 5, 7, 8, 6, 8, 5, 8, 8, 3, 8, 9, 10, 7, 7, 1, 4, 5, 7, 10, 10, 9, 9, 8, 7, 9, 7, 6, 4, 5, 8, 9, 2, 3, 6, 6, 9, 9, 8, 6, 3, 1, 3, 2, 3, 9, 3]
(-0.04131875541169477, 1.01576477969065, 0.8747273211663741)
[3, 1, 3, 1, 3, 1, 9, 8, 2, 10, 10, 2, 5, 10, 9, 3, 8, 10, 1, 4, 5, 7, 3, 10, 3, 6, 6, 10, 9, 7, 1, 4, 5, 1, 7, 8, 9, 7, 2, 9, 9, 3, 4, 10, 5, 8, 5, 9, 10, 4, 5, 9, 9, 1, 3, 3, 1, 1, 3, 2, 9, 9]
(0.6981584459496164, 1.013456493895498, 0.16245974878565428)
[6, 4, 3, 3, 10, 6, 9, 2, 9, 7, 3, 5, 8, 7, 9, 3, 5, 7, 8, 6, 8, 5, 8, 8, 3, 8, 9, 7, 7, 7, 1, 4, 5, 7, 10, 10, 9, 5, 8, 7, 9, 7, 6, 4, 5, 8, 9, 2, 3, 6, 6, 9, 9, 8, 6, 3, 1, 3, 2, 3, 9, 3]
(-0.008347832464328785, 1.020620076637712, 0.8705739045079134)
[4, 7, 7, 2, 9, 10, 8, 2, 9, 10, 3, 5, 8, 4, 9, 3, 5, 7, 8, 6, 4, 10, 9, 8, 3, 8, 3, 10, 6, 7, 1, 4, 5, 8, 1, 10, 9, 2, 10, 10, 9, 7, 6, 4, 5, 8, 9, 9, 3, 3, 6, 9, 9, 8, 6, 3, 1, 3, 3, 3, 6, 1]
(0.0, 1.0141943701542884, 0.8764734337982919)
[6, 4, 3, 3, 10, 6, 9, 2, 9, 7, 3, 5, 8, 10, 9, 3, 5, 7, 8, 6, 8, 5, 8, 8, 3, 8, 9, 10, 7, 7, 1, 4, 5, 7, 10, 10, 9, 5, 8, 7, 9, 7, 6, 4, 5, 8, 9, 2, 3, 6, 6, 9, 9, 8, 6, 3, 1, 3, 2, 3, 9, 3]
(0.015557339069371776, 1.0170446432195575, 0.8735870043986605)
[3, 1, 3, 1, 3, 5, 9, 8, 2, 10, 10, 2, 5, 10, 7, 3, 8, 10, 1, 4, 5, 7, 7, 1, 3, 6, 6, 3, 9, 10, 9, 4, 4, 1, 7, 8, 9, 7, 2, 9, 9, 3, 4, 10, 5, 8, 5, 9, 10, 4, 3, 10, 8, 1, 3, 3, 1, 2, 3, 2, 9, 8]
(0.6998183700830408, 0.9776063070632496, 0.2642208550104083)
[3, 1, 7, 3, 3, 5, 9, 8, 2, 3, 7, 4, 5, 10, 9, 3, 8, 10, 1, 7, 5, 7, 1, 5, 4, 6, 9, 5, 10, 10, 9, 4, 4, 1, 4, 8, 2, 7, 2, 7, 9, 7, 1, 10, 5, 8, 5, 9, 10, 4, 5, 5, 8, 1, 3, 3, 1, 1, 3, 5, 9, 8]
(0.6729598632663889, 1.0238424240611461, 0.2670603672904088)
[3, 1, 3, 1, 3, 3, 10, 2, 4, 10, 7, 4, 5, 10, 9, 3, 8, 10, 1, 7, 5, 7, 1, 5, 4, 6, 9, 5, 10, 7, 9, 4, 4, 1, 10, 8, 2, 7, 2, 7, 9, 9, 1, 10, 5, 8, 5, 9, 10, 4, 5, 9, 9, 1, 3, 3, 1, 1, 3, 2, 9, 9]
(0.6923710996258401, 1.013563509937373, 0.26394640995735363)
[6, 1, 7, 8, 3, 5, 7, 8, 2, 9, 3, 2, 5, 10, 10, 3, 8, 10, 2, 4, 7, 9, 1, 5, 4, 6, 8, 3, 9, 10, 9, 4, 4, 1, 7, 8, 2, 7, 2, 7, 9, 7, 1, 10, 5, 8, 5, 9, 10, 4, 5, 2, 8, 1, 3, 3, 1, 1, 3, 5, 9, 8]
(0.6851455404303158, 1.0222527249716191, 0.26264964935184926)
[3, 1, 3, 3, 3, 1, 9, 8, 2, 10, 8, 2, 5, 10, 9, 3, 6, 10, 1, 4, 5, 7, 1, 5, 4, 6, 8, 5, 10, 9, 1, 7, 5, 7, 5, 10, 7, 4, 7, 7, 9, 6, 9, 4, 5, 8, 9, 2, 3, 6, 6, 9, 9, 1, 3, 3, 1, 1, 3, 2, 9, 9]
(0.6970783917107536, 1.0123901630751762, 0.2606898517569271)
[3, 1, 7, 3, 3, 5, 9, 8, 2, 3, 3, 2, 5, 10, 9, 3, 8, 10, 1, 4, 5, 7, 1, 5, 4, 6, 8, 5, 10, 10, 9, 4, 4, 1, 4, 8, 2, 7, 2, 7, 9, 7, 1, 10, 5, 8, 5, 9, 10, 4, 5, 5, 8, 1, 3, 3, 1, 1, 3, 5, 9, 8]
(0.6868270468479314, 1.0191419773735075, 0.26559788449532834)
[3, 1, 7, 3, 3, 5, 9, 8, 2, 3, 7, 4, 5, 10, 9, 3, 8, 10, 1, 7, 5, 7, 1, 5, 4, 6, 9, 5, 10, 10, 9, 4, 4, 1, 10, 8, 2, 7, 2, 7, 9, 9, 1, 10, 5, 8, 5, 9, 10, 4, 5, 5, 8, 1, 3, 3, 1, 1, 3, 5, 9, 8]
(0.6861535170824692, 1.0216501913033396, 0.26403775729557283)
[3, 1, 3, 1, 3, 3, 10, 2, 4, 10, 7, 4, 5, 10, 9, 3, 8, 10, 1, 7, 5, 7, 1, 5, 4, 6, 9, 5, 10, 7, 9, 4, 1, 1, 10, 8, 2, 7, 2, 7, 9, 9, 1, 8, 5, 8, 9, 9, 10, 3, 5, 9, 10, 9, 3, 3, 1, 1, 3, 2, 9, 9]
(0.6988407478618184, 1.0115678981877834, 0.26148857952697985)
[3, 1, 6, 1, 3, 7, 9, 8, 2, 9, 3, 2, 5, 10, 10, 3, 8, 10, 2, 4, 9, 9, 1, 10, 4, 6, 8, 5, 10, 9, 9, 6, 5, 3, 4, 8, 9, 7, 2, 9, 7, 9, 1, 10, 5, 8, 5, 9, 10, 4, 5, 9, 9, 1, 3, 3, 1, 1, 3, 2, 8, 9]
(0.6940427055266204, 0.5102686778840378, 0.8703471032516352)
[3, 1, 3, 3, 3, 5, 9, 8, 2, 6, 3, 2, 5, 10, 9, 3, 8, 10, 8, 4, 1, 9, 1, 5, 4, 6, 8, 9, 10, 10, 9, 4, 4, 1, 4, 8, 2, 7, 2, 9, 9, 7, 1, 10, 5, 8, 5, 9, 10, 8, 5, 9, 8, 1, 3, 3, 1, 1, 3, 5, 9, 8]
(0.5872290603640216, 1.0229283857159286, 0.48205761191025365)
[6, 4, 3, 3, 10, 7, 2, 8, 2, 3, 7, 7, 5, 8, 4, 7, 4, 6, 10, 5, 9, 8, 6, 8, 8, 8, 9, 7, 3, 6, 10, 7, 5, 10, 5, 10, 7, 4, 6, 7, 9, 4, 4, 2, 5, 8, 5, 9, 7, 6, 1, 3, 9, 8, 6, 3, 1, 3, 2, 3, 9, 3]
(0.6632353330035401, 0.5739481278496994, 0.8765092139644822)
[3, 1, 3, 1, 3, 7, 9, 8, 2, 9, 3, 2, 5, 10, 10, 3, 8, 10, 2, 4, 9, 9, 1, 10, 4, 6, 6, 5, 10, 9, 9, 6, 5, 3, 4, 8, 9, 7, 2, 9, 9, 3, 4, 10, 5, 8, 5, 9, 10, 4, 5, 9, 8, 1, 3, 3, 1, 1, 3, 2, 9, 9]
(0.6890949273589622, 0.5635544288487342, 0.8702087167646755)
[3, 1, 3, 1, 3, 5, 7, 9, 2, 9, 4, 2, 5, 10, 10, 3, 8, 10, 2, 4, 3, 9, 1, 7, 4, 6, 8, 3, 9, 10, 1, 3, 4, 4, 7, 8, 9, 7, 2, 9, 9, 3, 4, 10, 5, 4, 2, 9, 10, 4, 5, 9, 9, 1, 3, 3, 1, 1, 3, 3, 9, 8]
(0.6987091110393152, 0.5797500305769437, 0.8639768206581209)
[3, 1, 3, 1, 3, 5, 7, 9, 2, 9, 4, 2, 5, 10, 10, 3, 8, 10, 2, 4, 3, 9, 1, 7, 4, 6, 8, 3, 9, 10, 1, 3, 4, 4, 7, 8, 9, 7, 2, 9, 9, 3, 4, 10, 5, 4, 2, 9, 10, 4, 5, 9, 9, 1, 3, 3, 1, 1, 3, 3, 9, 8]
(0.6987091110393152, 0.5797500305769437, 0.8639768206581209)
[10, 7, 7, 2, 9, 10, 8, 2, 9, 8, 3, 5, 8, 4, 9, 3, 5, 7, 8, 6, 4, 8, 9, 8, 1, 8, 3, 10, 6, 7, 1, 4, 5, 2, 10, 10, 9, 2, 6, 10, 9, 7, 8, 4, 4, 8, 9, 10, 3, 3, 6, 9, 9, 8, 6, 3, 1, 3, 3, 3, 6, 1]
(0.3035825010008124, 1.0143253163434536, 0.8737033615602287)
[10, 4, 7, 2, 9, 10, 8, 2, 9, 8, 3, 5, 8, 4, 9, 3, 5, 7, 8, 6, 4, 10, 9, 8, 3, 8, 3, 10, 6, 7, 1, 4, 5, 2, 10, 10, 9, 2, 6, 10, 9, 7, 8, 4, 4, 8, 9, 10, 3, 3, 6, 9, 9, 8, 6, 3, 1, 3, 3, 3, 6, 1]
(0.30087535398195575, 1.0144840468652516, 0.8763178927009425)
[10, 7, 8, 2, 9, 10, 8, 2, 9, 8, 3, 5, 8, 4, 9, 3, 5, 7, 8, 6, 4, 10, 9, 8, 3, 8, 3, 10, 6, 7, 1, 4, 5, 2, 10, 10, 9, 2, 8, 10, 9, 7, 8, 4, 4, 8, 9, 10, 3, 3, 6, 9, 9, 8, 6, 3, 1, 3, 3, 3, 6, 1]
(0.3022743992918878, 1.0139336331747444, 0.875649493641972)
[10, 7, 7, 2, 9, 10, 8, 2, 9, 8, 3, 5, 8, 4, 9, 3, 5, 7, 8, 6, 4, 10, 9, 8, 3, 8, 3, 10, 6, 7, 1, 4, 5, 2, 10, 10, 9, 2, 6, 10, 9, 7, 8, 4, 4, 8, 9, 10, 3, 3, 6, 9, 9, 8, 6, 3, 1, 3, 3, 3, 6, 1]
(0.3032212255903553, 1.0086251211352617, 0.8800895437971813)
[10, 7, 7, 2, 9, 10, 8, 2, 9, 8, 3, 5, 8, 4, 9, 3, 5, 7, 8, 6, 4, 10, 9, 8, 3, 8, 3, 6, 6, 7, 1, 4, 5, 2, 10, 10, 9, 2, 6, 10, 9, 7, 8, 4, 4, 8, 9, 10, 3, 3, 6, 9, 9, 8, 6, 3, 1, 3, 3, 3, 6, 1]
(0.30156785865951513, 1.0154857992194564, 0.8751781737335929)
[10, 8, 8, 9, 7, 7, 9, 4, 8, 7, 3, 5, 8, 10, 6, 9, 5, 7, 1, 6, 8, 5, 8, 8, 3, 1, 9, 10, 6, 7, 1, 6, 5, 10, 10, 10, 9, 5, 6, 7, 9, 7, 6, 1, 5, 10, 9, 7, 3, 7, 1, 5, 9, 3, 6, 3, 3, 4, 6, 2, 8, 1]
(0.30265762587252604, 1.015827540587631, 0.8738117300653364)
[10, 7, 8, 2, 9, 10, 8, 2, 9, 8, 3, 5, 8, 4, 9, 3, 5, 7, 8, 6, 4, 10, 9, 8, 3, 8, 3, 10, 6, 7, 1, 4, 5, 2, 10, 10, 9, 2, 8, 10, 9, 7, 8, 4, 4, 8, 9, 10, 3, 3, 6, 9, 9, 8, 6, 3, 1, 3, 3, 3, 6, 1]
(0.303058355323937, 1.014555481541899, 0.8750101459936047)
[10, 4, 7, 2, 9, 10, 8, 2, 9, 8, 3, 5, 8, 4, 9, 3, 5, 7, 8, 6, 4, 10, 9, 8, 3, 8, 3, 10, 6, 9, 1, 4, 5, 2, 10, 10, 9, 2, 6, 10, 9, 7, 8, 4, 4, 8, 9, 10, 1, 3, 6, 9, 9, 8, 6, 3, 1, 3, 3, 3, 6, 1]
(0.302493409666073, 1.0170508223585755, 0.8735749933224456)
[4, 7, 7, 2, 9, 10, 8, 2, 9, 10, 3, 5, 8, 4, 9, 3, 5, 7, 8, 6, 8, 5, 1, 8, 3, 8, 9, 10, 7, 7, 1, 4, 9, 7, 10, 10, 9, 5, 7, 7, 9, 7, 6, 4, 5, 8, 9, 2, 3, 6, 6, 8, 9, 8, 6, 3, 1, 3, 3, 3, 6, 1]
(0.3028732059470567, 1.0156450021080643, 0.8746620616116308)
[10, 7, 8, 2, 9, 10, 8, 2, 9, 8, 3, 5, 8, 4, 9, 3, 5, 7, 8, 6, 4, 10, 9, 8, 3, 8, 3, 10, 6, 7, 1, 4, 5, 2, 10, 10, 9, 2, 6, 10, 9, 7, 8, 4, 4, 8, 9, 10, 3, 3, 6, 8, 9, 8, 6, 3, 1, 3, 3, 3, 6, 1]
(0.30318125930889844, 1.013819422852245, 0.8769380500981706)
[4, 7, 7, 2, 9, 10, 8, 2, 9, 10, 3, 5, 8, 4, 9, 3, 5, 7, 8, 6, 4, 10, 9, 8, 3, 8, 3, 10, 6, 7, 1, 4, 5, 8, 1, 10, 9, 2, 10, 10, 9, 7, 8, 4, 4, 8, 9, 10, 3, 3, 6, 9, 9, 8, 6, 3, 1, 3, 3, 3, 6, 1]
(0.302949186054051, 1.0122138974256785, 0.8788966268046352)
[3, 1, 3, 1, 3, 5, 9, 8, 2, 10, 3, 2, 5, 10, 9, 3, 8, 10, 8, 4, 1, 7, 7, 5, 4, 6, 8, 5, 10, 9, 9, 6, 5, 1, 4, 8, 9, 7, 2, 9, 9, 9, 1, 10, 5, 8, 5, 9, 10, 4, 5, 9, 9, 1, 3, 3, 1, 1, 3, 2, 9, 9]
(0.6853122986899172, 0.8879639203660165, 0.871886279393308)
[3, 1, 3, 1, 3, 5, 7, 8, 2, 9, 3, 2, 5, 10, 10, 3, 8, 10, 2, 4, 9, 9, 1, 5, 4, 6, 8, 3, 9, 10, 9, 4, 4, 1, 4, 5, 2, 7, 2, 7, 7, 7, 1, 10, 5, 8, 5, 9, 10, 4, 5, 9, 8, 3, 3, 3, 1, 2, 3, 2, 9, 8]
(0.6876093858093474, 0.9437171560712143, 0.8717820243467745)
[3, 1, 2, 1, 3, 5, 9, 8, 2, 9, 3, 2, 5, 10, 10, 3, 8, 10, 2, 4, 9, 9, 1, 5, 4, 6, 8, 3, 9, 10, 9, 4, 4, 1, 7, 8, 9, 4, 7, 7, 9, 6, 9, 4, 5, 8, 9, 2, 3, 6, 6, 9, 9, 1, 3, 3, 1, 1, 3, 2, 9, 8]
(0.6955709275237344, 0.9727988521568457, 0.8502781280729681)
[3, 1, 3, 1, 3, 5, 9, 4, 8, 7, 3, 2, 5, 10, 9, 3, 8, 10, 1, 4, 5, 7, 1, 5, 4, 6, 9, 3, 9, 10, 9, 4, 4, 1, 4, 8, 9, 7, 2, 9, 9, 7, 3, 4, 5, 8, 5, 9, 10, 4, 5, 9, 8, 1, 3, 3, 1, 1, 3, 2, 9, 9]
(0.6859132458782858, 0.9686154342256462, 0.8702079219257464)
[4, 4, 9, 3, 10, 7, 2, 9, 2, 3, 7, 7, 5, 8, 4, 7, 4, 6, 10, 5, 9, 8, 6, 8, 8, 6, 5, 7, 3, 6, 10, 7, 5, 10, 5, 1, 7, 4, 6, 7, 9, 6, 8, 2, 8, 3, 5, 9, 10, 6, 1, 3, 9, 8, 6, 3, 1, 4, 2, 3, 9, 3]
(0.6384119313803378, 1.0121859320439368, 0.8751851490261244)
[4, 1, 8, 3, 3, 1, 10, 8, 2, 10, 3, 2, 5, 10, 9, 3, 8, 10, 1, 4, 5, 7, 7, 5, 4, 6, 8, 5, 10, 9, 9, 4, 4, 1, 4, 8, 9, 7, 2, 9, 9, 6, 1, 10, 5, 8, 5, 9, 10, 4, 5, 9, 9, 1, 3, 3, 1, 1, 3, 2, 9, 9]
(0.6959419750055825, 0.9654943439178146, 0.8693505581080785)
[3, 1, 3, 1, 3, 7, 9, 8, 2, 10, 3, 2, 5, 10, 9, 3, 8, 10, 1, 4, 5, 7, 7, 5, 4, 6, 8, 5, 10, 9, 9, 4, 4, 1, 4, 8, 9, 7, 2, 9, 9, 9, 1, 10, 5, 8, 5, 9, 10, 4, 5, 9, 9, 1, 3, 3, 1, 1, 3, 2, 9, 9]
(0.6944821668384114, 0.9694548380561149, 0.8700926118697675)
[6, 4, 4, 3, 10, 7, 9, 8, 5, 3, 7, 7, 5, 5, 5, 7, 4, 6, 10, 5, 9, 8, 7, 8, 6, 6, 8, 10, 3, 6, 9, 8, 5, 10, 5, 10, 7, 4, 6, 7, 9, 9, 1, 4, 5, 8, 9, 9, 7, 6, 1, 3, 8, 8, 6, 3, 1, 3, 2, 3, 9, 3]
(0.6660266213618122, 0.9966925348155176, 0.8727291995520233)
[3, 1, 3, 1, 3, 1, 9, 8, 2, 10, 3, 2, 5, 10, 9, 3, 8, 7, 1, 4, 5, 7, 1, 5, 4, 6, 8, 5, 10, 10, 9, 4, 4, 1, 7, 8, 9, 7, 2, 9, 9, 3, 4, 10, 5, 8, 5, 9, 10, 4, 5, 9, 8, 1, 3, 3, 1, 1, 3, 2, 9, 9]
(0.6981991525545987, 0.9709503670223038, 0.8682892440962859)
[6, 4, 3, 3, 10, 7, 9, 8, 2, 3, 7, 7, 5, 5, 4, 7, 4, 6, 10, 5, 9, 8, 6, 8, 8, 6, 5, 7, 3, 6, 1, 7, 5, 10, 5, 10, 7, 4, 6, 7, 9, 6, 8, 2, 5, 9, 9, 9, 7, 6, 1, 3, 8, 8, 6, 3, 1, 3, 2, 3, 9, 3]
(0.6664077869443625, 1.002915305551139, 0.8721396197389047)
[6, 4, 3, 3, 10, 7, 9, 8, 6, 3, 7, 7, 5, 5, 4, 7, 4, 6, 10, 5, 9, 8, 6, 8, 8, 1, 9, 7, 3, 6, 1, 7, 5, 10, 5, 10, 7, 4, 6, 7, 9, 6, 9, 4, 5, 8, 9, 9, 7, 6, 1, 3, 8, 8, 6, 3, 1, 3, 2, 3, 9, 3]
(0.6665212426959709, 1.0042395117692624, 0.8715342978495365)
[3, 1, 3, 1, 3, 5, 9, 8, 2, 10, 3, 2, 5, 10, 9, 3, 8, 10, 1, 4, 5, 7, 1, 10, 4, 6, 8, 5, 10, 10, 9, 6, 5, 1, 4, 8, 9, 7, 2, 9, 9, 7, 1, 10, 5, 8, 5, 10, 10, 4, 5, 9, 9, 1, 3, 3, 1, 1, 3, 2, 9, 9]
(0.6878422337837077, 0.9863357064314163, 0.8700939959144866)
[6, 4, 9, 3, 10, 7, 2, 8, 2, 3, 7, 7, 5, 8, 4, 7, 4, 6, 10, 5, 9, 8, 6, 8, 8, 8, 9, 7, 3, 6, 10, 7, 5, 10, 5, 1, 7, 4, 6, 7, 9, 6, 8, 2, 8, 3, 5, 9, 7, 6, 1, 3, 9, 8, 6, 3, 1, 4, 2, 3, 9, 3]
(0.6662602104610909, 1.0057422422803912, 0.8726874453611632)
[3, 1, 5, 1, 3, 5, 9, 4, 2, 3, 7, 4, 5, 10, 9, 3, 8, 10, 1, 7, 5, 7, 1, 5, 4, 6, 8, 7, 10, 6, 9, 7, 4, 1, 4, 5, 2, 7, 2, 7, 7, 7, 1, 10, 5, 8, 3, 9, 10, 4, 5, 9, 8, 1, 3, 3, 1, 1, 3, 2, 9, 9]
(0.6844913802666882, 1.00319647574797, 0.8570921601366718)
[3, 1, 3, 1, 3, 5, 7, 8, 2, 9, 3, 2, 5, 10, 10, 3, 8, 10, 2, 4, 9, 9, 1, 3, 4, 6, 8, 3, 9, 10, 9, 4, 4, 1, 7, 8, 9, 7, 2, 9, 9, 3, 4, 10, 5, 8, 5, 9, 10, 4, 5, 10, 8, 1, 3, 3, 1, 2, 3, 2, 9, 8]
(0.6905487328394136, 0.9877121427096404, 0.8665897777185366)
[6, 6, 3, 4, 10, 7, 9, 8, 5, 3, 7, 7, 5, 5, 4, 7, 4, 6, 10, 5, 9, 8, 6, 8, 8, 8, 9, 7, 3, 6, 10, 7, 5, 10, 5, 1, 7, 4, 6, 7, 9, 4, 4, 2, 5, 3, 5, 9, 7, 6, 1, 3, 9, 8, 6, 3, 1, 3, 3, 3, 9, 3]
(0.6579922689228902, 1.0129935656674176, 0.8747459796680416)
[3, 1, 3, 3, 3, 5, 9, 8, 2, 1, 3, 2, 2, 10, 9, 3, 8, 10, 8, 4, 1, 9, 1, 5, 4, 6, 8, 3, 10, 10, 9, 4, 6, 1, 4, 8, 2, 7, 2, 7, 9, 4, 1, 8, 5, 8, 5, 10, 10, 4, 5, 9, 8, 8, 3, 3, 1, 1, 3, 2, 9, 8]
(0.7020894267517045, 0.9781147728674092, 0.8660708437114701)
[3, 1, 3, 1, 3, 5, 9, 4, 2, 7, 3, 2, 5, 10, 9, 3, 8, 10, 1, 4, 5, 7, 1, 5, 4, 6, 8, 7, 10, 9, 9, 7, 4, 1, 4, 8, 9, 10, 2, 9, 9, 9, 1, 10, 5, 8, 5, 9, 10, 4, 5, 9, 9, 1, 3, 3, 1, 1, 3, 2, 9, 9]
(0.6818742015140051, 0.9957088016904865, 0.8694736675807329)
[3, 1, 3, 1, 3, 1, 9, 8, 2, 10, 10, 2, 5, 10, 9, 3, 8, 10, 1, 4, 5, 7, 7, 3, 4, 6, 8, 5, 10, 9, 9, 6, 5, 1, 4, 8, 9, 7, 2, 9, 9, 9, 1, 10, 5, 8, 5, 9, 10, 4, 5, 9, 9, 1, 3, 3, 1, 1, 3, 2, 9, 9]
(0.6918385953816558, 0.9994699831120644, 0.8568451691121391)
[5, 6, 3, 3, 10, 7, 2, 8, 5, 3, 7, 7, 5, 5, 4, 7, 4, 6, 10, 5, 9, 8, 6, 8, 8, 6, 9, 7, 3, 6, 1, 7, 5, 10, 5, 10, 7, 4, 6, 7, 9, 6, 9, 4, 5, 8, 6, 9, 7, 6, 1, 3, 9, 8, 6, 3, 1, 3, 2, 3, 9, 3]
(0.6659104083884713, 1.0089923291467102, 0.8733929086793316)
[3, 1, 3, 1, 3, 5, 7, 8, 2, 9, 3, 2, 5, 10, 10, 3, 8, 10, 2, 4, 9, 9, 1, 5, 4, 6, 8, 3, 9, 10, 9, 4, 4, 1, 7, 8, 9, 7, 2, 9, 9, 3, 4, 10, 5, 8, 5, 9, 10, 4, 5, 9, 8, 1, 3, 3, 1, 2, 3, 2, 9, 8]
(0.6936054815025849, 0.9866740164346971, 0.8681452143165939)
[3, 1, 3, 1, 3, 5, 7, 8, 2, 9, 3, 2, 5, 10, 10, 3, 8, 10, 2, 4, 7, 9, 1, 5, 4, 6, 8, 3, 9, 10, 9, 4, 4, 1, 7, 8, 9, 7, 2, 9, 9, 3, 4, 10, 5, 8, 5, 9, 10, 4, 5, 10, 8, 1, 3, 3, 1, 2, 3, 2, 9, 8]
(0.6907234410904916, 0.9874995985068358, 0.870201872141499)
[3, 1, 3, 1, 3, 1, 9, 8, 2, 10, 10, 2, 5, 10, 9, 3, 8, 10, 1, 4, 5, 7, 7, 3, 3, 6, 6, 10, 9, 7, 1, 4, 5, 10, 5, 8, 7, 7, 2, 9, 9, 9, 4, 8, 5, 8, 5, 9, 10, 4, 5, 9, 8, 1, 3, 3, 1, 1, 3, 2, 9, 9]
(0.6855545378107097, 1.011064789723602, 0.8519070089658414)
[6, 4, 9, 3, 10, 7, 2, 8, 2, 3, 7, 7, 5, 8, 4, 7, 4, 6, 10, 5, 9, 8, 6, 8, 8, 8, 9, 7, 3, 6, 10, 7, 5, 10, 5, 1, 7, 4, 6, 7, 9, 6, 9, 2, 5, 3, 5, 9, 7, 6, 1, 6, 9, 8, 6, 3, 1, 4, 2, 3, 9, 3]
(0.6656041181939475, 1.0079185972921523, 0.8756177117034019)
[4, 4, 9, 3, 10, 7, 2, 9, 2, 3, 7, 7, 5, 5, 4, 7, 4, 6, 10, 5, 9, 8, 6, 8, 8, 9, 9, 7, 3, 6, 10, 7, 5, 10, 5, 1, 7, 4, 6, 7, 9, 4, 4, 2, 5, 3, 5, 9, 7, 6, 1, 3, 9, 8, 6, 3, 1, 4, 2, 3, 9, 3]
(0.6650315084379269, 1.0134476895444067, 0.8706809204817397)
[3, 1, 7, 3, 3, 1, 9, 8, 2, 10, 3, 2, 5, 10, 9, 3, 8, 10, 1, 4, 5, 7, 1, 10, 4, 6, 8, 5, 10, 10, 9, 4, 4, 1, 4, 8, 9, 7, 2, 9, 9, 9, 1, 10, 5, 8, 5, 9, 10, 4, 5, 9, 9, 1, 3, 3, 1, 1, 3, 2, 9, 9]
(0.6941972003781552, 0.9859726025722898, 0.8693457728403092)
[6, 4, 9, 3, 10, 7, 2, 8, 2, 3, 7, 7, 5, 8, 4, 7, 4, 6, 10, 5, 9, 8, 6, 8, 8, 8, 9, 7, 3, 7, 10, 7, 5, 10, 5, 1, 7, 4, 6, 7, 9, 6, 9, 4, 5, 9, 6, 9, 7, 6, 1, 3, 8, 8, 6, 3, 1, 4, 2, 3, 9, 3]
(0.6654497211198874, 1.0093098792247446, 0.8748546472324898)
[3, 1, 3, 1, 3, 1, 9, 8, 2, 10, 10, 2, 5, 10, 9, 3, 8, 10, 1, 4, 5, 7, 3, 10, 3, 6, 6, 10, 9, 7, 1, 4, 5, 1, 7, 8, 9, 7, 2, 9, 9, 3, 4, 10, 5, 8, 5, 9, 10, 3, 5, 9, 8, 9, 3, 3, 1, 1, 3, 2, 9, 9]
(0.6955738962746025, 1.0073107964359196, 0.8467830034137042)
[6, 4, 3, 3, 10, 7, 9, 8, 2, 3, 7, 7, 5, 5, 4, 7, 4, 6, 10, 5, 9, 8, 6, 8, 8, 1, 6, 7, 3, 6, 1, 7, 5, 10, 5, 10, 7, 4, 6, 7, 9, 6, 8, 2, 5, 9, 9, 9, 7, 6, 1, 3, 8, 8, 6, 3, 1, 3, 2, 3, 9, 3]
(0.665227153178095, 1.0112561912275821, 0.8733031943786043)
[6, 4, 9, 3, 10, 7, 2, 8, 2, 3, 7, 7, 5, 8, 4, 7, 4, 6, 10, 5, 9, 8, 6, 8, 8, 8, 9, 7, 3, 6, 10, 7, 5, 10, 5, 1, 7, 4, 6, 7, 9, 6, 9, 2, 5, 3, 5, 9, 7, 6, 1, 3, 9, 8, 6, 3, 1, 4, 2, 3, 9, 3]
(0.6654020036509545, 1.0113326826132805, 0.8737152227088765)
[6, 4, 9, 3, 10, 7, 2, 8, 2, 3, 7, 7, 5, 8, 4, 7, 4, 6, 10, 5, 9, 8, 6, 8, 8, 8, 9, 7, 3, 6, 10, 7, 5, 10, 5, 1, 7, 4, 6, 7, 9, 4, 4, 2, 5, 3, 5, 9, 7, 6, 1, 3, 9, 8, 6, 3, 1, 4, 2, 3, 9, 3]
(0.6648696034966249, 1.0114254225976735, 0.8744815569376895)
[6, 4, 3, 4, 10, 7, 9, 8, 5, 3, 7, 7, 5, 5, 4, 7, 4, 6, 10, 5, 9, 8, 6, 8, 8, 6, 9, 7, 3, 6, 1, 7, 5, 10, 5, 10, 7, 4, 6, 7, 9, 6, 8, 2, 3, 8, 6, 9, 7, 6, 1, 3, 9, 8, 6, 3, 1, 3, 3, 3, 9, 3]
(0.6646086790874978, 1.014591473992911, 0.8729837698766437)
[3, 1, 7, 3, 3, 5, 9, 8, 2, 3, 3, 2, 5, 10, 9, 3, 8, 10, 1, 4, 5, 7, 1, 5, 4, 4, 8, 5, 10, 10, 9, 4, 4, 1, 4, 8, 2, 6, 2, 9, 10, 9, 1, 10, 5, 9, 5, 9, 10, 4, 5, 9, 8, 1, 3, 3, 1, 1, 3, 5, 9, 8]
(0.6750287512859469, 1.020993877481666, 0.8566855298354578)
[3, 1, 7, 3, 3, 5, 9, 8, 2, 3, 3, 2, 5, 10, 9, 3, 8, 10, 1, 4, 5, 7, 1, 5, 4, 4, 8, 5, 10, 10, 9, 4, 4, 1, 4, 8, 2, 6, 2, 9, 10, 9, 1, 10, 5, 9, 5, 9, 10, 4, 5, 9, 8, 1, 3, 3, 1, 1, 3, 5, 9, 8]
(0.6750287512859469, 1.020993877481666, 0.8566855298354578)
[3, 1, 5, 1, 3, 5, 9, 4, 2, 3, 7, 4, 5, 10, 9, 3, 8, 10, 1, 7, 5, 5, 1, 5, 4, 6, 8, 7, 10, 6, 9, 7, 4, 1, 7, 8, 9, 7, 2, 9, 9, 3, 1, 10, 5, 8, 3, 9, 10, 4, 5, 9, 8, 1, 3, 3, 1, 1, 3, 2, 9, 9]
(0.688010212393796, 0.9978900323621901, 0.8668690926172727)
[3, 1, 3, 1, 3, 1, 9, 7, 2, 10, 10, 2, 5, 10, 9, 3, 8, 10, 1, 4, 5, 7, 3, 10, 3, 6, 6, 10, 9, 7, 1, 4, 5, 1, 5, 8, 9, 8, 2, 9, 9, 3, 4, 10, 5, 8, 5, 9, 10, 4, 5, 9, 9, 1, 3, 3, 1, 1, 3, 2, 9, 9]
(0.6908394811819203, 1.013588447775689, 0.848365542045672)
[3, 1, 3, 1, 3, 1, 9, 8, 2, 10, 3, 2, 5, 10, 9, 3, 8, 7, 1, 4, 5, 7, 1, 5, 4, 6, 8, 5, 10, 9, 9, 4, 4, 1, 4, 8, 9, 7, 2, 9, 9, 3, 4, 10, 5, 8, 5, 9, 10, 4, 5, 9, 8, 1, 3, 3, 1, 1, 3, 2, 9, 9]
(0.6936603451007504, 0.993434343580154, 0.8662491768230672)
[6, 4, 9, 3, 10, 7, 2, 8, 2, 3, 7, 7, 5, 8, 4, 7, 4, 6, 10, 5, 9, 8, 6, 8, 8, 8, 9, 7, 3, 7, 10, 7, 5, 10, 5, 1, 6, 4, 6, 7, 9, 4, 4, 2, 5, 3, 5, 9, 7, 6, 1, 3, 10, 8, 6, 3, 1, 4, 2, 3, 9, 3]
(0.6664530135997555, 1.0168770394287974, 0.8726219101434193)
[6, 4, 9, 3, 10, 7, 2, 8, 2, 3, 7, 7, 5, 8, 4, 7, 4, 6, 10, 5, 9, 8, 6, 8, 8, 8, 9, 7, 3, 8, 10, 7, 5, 10, 5, 1, 7, 4, 6, 7, 9, 4, 4, 2, 5, 3, 5, 9, 7, 6, 1, 3, 10, 8, 6, 3, 1, 4, 2, 3, 9, 3]
(0.6658514316951566, 1.0197602520696787, 0.8713122915697131)
[3, 1, 3, 1, 3, 5, 9, 4, 8, 7, 3, 2, 5, 10, 9, 3, 8, 10, 1, 4, 5, 7, 1, 5, 4, 6, 8, 3, 9, 10, 9, 4, 4, 1, 4, 8, 4, 7, 2, 9, 9, 7, 3, 10, 5, 8, 5, 9, 10, 4, 5, 9, 8, 1, 3, 3, 1, 1, 3, 2, 9, 9]
(0.6888735026020345, 1.002725423406807, 0.8683263449620024)
[3, 1, 2, 1, 3, 5, 9, 8, 2, 9, 3, 2, 5, 10, 10, 3, 8, 10, 2, 4, 9, 9, 1, 5, 4, 6, 8, 3, 9, 10, 9, 4, 4, 1, 7, 8, 9, 7, 2, 9, 9, 3, 4, 10, 5, 8, 5, 9, 10, 4, 5, 9, 8, 1, 3, 3, 1, 2, 3, 2, 9, 8]
(0.696520714211215, 0.998006456624714, 0.8654971423736729)
[6, 1, 7, 8, 3, 5, 7, 8, 2, 9, 3, 2, 5, 10, 10, 3, 8, 10, 2, 4, 9, 9, 1, 5, 4, 6, 8, 7, 2, 10, 9, 4, 4, 1, 4, 8, 2, 7, 2, 7, 9, 7, 1, 10, 5, 8, 5, 9, 10, 4, 3, 5, 8, 1, 3, 3, 1, 1, 3, 5, 9, 8]
(0.6877246702187373, 1.0175951155833869, 0.8553909411024775)
[3, 1, 7, 3, 3, 5, 9, 8, 2, 3, 7, 4, 5, 10, 9, 3, 8, 10, 1, 7, 5, 7, 1, 5, 4, 6, 8, 9, 10, 10, 9, 4, 4, 1, 4, 8, 2, 7, 2, 9, 9, 7, 1, 10, 5, 8, 5, 9, 10, 4, 5, 5, 8, 1, 3, 3, 1, 1, 3, 5, 9, 8]
(0.67316486346872, 1.021233054343608, 0.8672574951004681)
[10, 1, 7, 3, 2, 5, 9, 8, 2, 3, 7, 4, 5, 10, 9, 3, 8, 10, 1, 7, 5, 7, 1, 5, 4, 6, 9, 5, 10, 10, 9, 4, 4, 1, 5, 8, 2, 7, 2, 8, 9, 7, 1, 10, 5, 8, 5, 9, 10, 4, 5, 5, 8, 1, 3, 3, 1, 1, 3, 5, 9, 8]
(0.6806625502592792, 1.0180907326750428, 0.8632312747937202)
[3, 1, 7, 9, 3, 1, 9, 8, 2, 10, 3, 2, 5, 10, 9, 3, 8, 10, 1, 4, 5, 7, 1, 10, 4, 6, 8, 5, 10, 10, 9, 4, 4, 1, 2, 8, 9, 7, 2, 9, 9, 9, 1, 10, 5, 9, 7, 9, 10, 4, 5, 9, 9, 1, 3, 3, 1, 1, 3, 2, 9, 9]
(0.6853379199954133, 1.0101318421773582, 0.8671575050316642)
[3, 1, 2, 1, 3, 5, 9, 8, 2, 3, 10, 2, 5, 10, 9, 3, 8, 10, 1, 4, 5, 7, 7, 3, 4, 6, 8, 5, 10, 6, 9, 6, 5, 1, 4, 8, 9, 7, 2, 9, 9, 9, 1, 10, 5, 8, 5, 9, 10, 4, 5, 9, 9, 1, 3, 3, 1, 1, 3, 2, 9, 8]
(0.693211841369305, 1.0064269241876873, 0.863871939162644)
[3, 1, 7, 8, 3, 5, 9, 8, 2, 3, 3, 2, 5, 10, 9, 3, 8, 10, 1, 4, 5, 7, 1, 5, 4, 6, 8, 5, 10, 10, 9, 4, 4, 1, 4, 8, 2, 7, 2, 7, 9, 7, 1, 10, 5, 8, 5, 9, 10, 4, 5, 5, 8, 1, 3, 3, 1, 1, 3, 5, 9, 8]
(0.6850990440848144, 1.012883704621342, 0.8659303945267692)
[3, 1, 3, 1, 3, 1, 9, 8, 2, 10, 10, 2, 5, 10, 9, 3, 8, 10, 1, 4, 5, 7, 7, 10, 3, 6, 6, 10, 9, 7, 1, 4, 5, 10, 5, 8, 9, 7, 2, 9, 9, 9, 4, 8, 5, 8, 5, 9, 10, 3, 5, 9, 8, 9, 3, 3, 1, 1, 3, 2, 9, 9]
(0.692349119404073, 1.0165944875217943, 0.855713474452816)
[3, 1, 7, 9, 3, 1, 9, 8, 2, 10, 3, 2, 5, 10, 9, 3, 8, 10, 1, 4, 5, 7, 1, 10, 4, 6, 8, 5, 10, 10, 9, 4, 4, 1, 2, 8, 9, 7, 2, 9, 9, 9, 4, 10, 5, 9, 7, 9, 10, 4, 5, 9, 9, 1, 3, 3, 1, 1, 3, 2, 9, 9]
(0.6860275107739254, 1.0171078155748514, 0.8615571385352248)
[6, 1, 7, 8, 3, 5, 7, 8, 2, 9, 3, 2, 5, 10, 10, 3, 8, 10, 2, 4, 1, 7, 7, 1, 4, 6, 8, 5, 10, 9, 9, 6, 6, 1, 4, 8, 9, 6, 2, 9, 10, 9, 1, 10, 5, 9, 5, 9, 10, 4, 5, 9, 8, 1, 3, 3, 1, 1, 3, 5, 9, 8]
(0.6847282573428991, 1.015107841696587, 0.8648809456425937)
[3, 1, 3, 3, 3, 1, 9, 8, 2, 10, 8, 2, 5, 10, 9, 3, 6, 10, 1, 4, 5, 7, 3, 5, 4, 6, 8, 3, 9, 10, 9, 4, 4, 1, 7, 8, 9, 7, 2, 9, 9, 7, 4, 10, 5, 8, 5, 9, 10, 4, 5, 9, 8, 1, 3, 3, 1, 1, 3, 2, 9, 9]
(0.6962940513384682, 1.005373719800261, 0.8661298228608991)
[3, 1, 7, 3, 3, 5, 9, 8, 2, 3, 7, 4, 5, 10, 9, 3, 8, 10, 1, 7, 5, 7, 1, 5, 4, 6, 9, 5, 10, 10, 9, 4, 4, 1, 4, 8, 2, 7, 3, 7, 9, 9, 1, 10, 5, 8, 5, 9, 10, 4, 5, 5, 8, 1, 3, 3, 1, 1, 3, 5, 9, 8]
(0.677314093256575, 1.0252185170538692, 0.8679627190438369)
[3, 1, 7, 3, 3, 5, 9, 8, 2, 3, 3, 2, 5, 10, 9, 3, 8, 10, 1, 4, 5, 7, 1, 5, 4, 6, 8, 5, 10, 10, 9, 4, 4, 1, 4, 8, 2, 7, 2, 7, 9, 7, 1, 10, 5, 8, 5, 9, 10, 4, 5, 5, 8, 1, 3, 3, 1, 1, 3, 5, 9, 8]
(0.6825151686750225, 1.0220278915949135, 0.867554350887944)
[3, 1, 7, 3, 3, 5, 9, 8, 2, 3, 7, 4, 5, 10, 9, 3, 8, 10, 1, 7, 5, 7, 1, 5, 4, 6, 9, 5, 10, 10, 9, 4, 4, 1, 4, 8, 2, 7, 2, 7, 9, 9, 1, 10, 5, 8, 5, 9, 10, 4, 5, 5, 8, 1, 3, 3, 1, 1, 3, 5, 9, 8]
(0.67881832627808, 1.0234012288041383, 0.8704296224615603)
[3, 1, 5, 1, 3, 1, 9, 8, 2, 10, 10, 2, 5, 10, 9, 3, 3, 10, 1, 4, 5, 7, 1, 5, 4, 6, 8, 7, 10, 6, 9, 7, 4, 1, 4, 5, 2, 7, 2, 7, 7, 7, 1, 10, 5, 8, 3, 9, 10, 4, 5, 9, 8, 1, 3, 3, 1, 1, 3, 2, 9, 9]
(0.7033318857692905, 1.0114843684248598, 0.8602771706049147)
