[2, 6, 5, 1, 1, 3, 1, 5, 7, 4, 1, 8, 6, 8, 6, 3, 5, 7, 10, 3, 4, 10, 4, 7, 8, 5, 2, 9, 9, 4, 4, 4, 5, 6, 7, 7, 4, 8, 7, 10, 4, 1, 3, 7, 10, 4, 6, 9, 2, 1, 6, 10, 2, 10, 3, 9, 5, 6, 5, 3, 10, 1]
(1.0362118494696881, 0.8950912080169113, 1.0358737207017805, 0.19295126126245676, 0.9943570523522769, 0.0, 0.3381360801868083, 0.0, 0.47462998488918384, 0.0)
[8, 2, 1, 3, 7, 3, 1, 6, 7, 9, 3, 4, 5, 10, 9, 8, 2, 7, 4, 2, 1, 3, 9, 4, 10, 9, 5, 10, 5, 8, 8, 10, 3, 6, 6, 7, 9, 8, 10, 10, 5, 3, 7, 7, 10, 9, 8, 4, 2, 9, 10, 3, 3, 10, 5, 3, 5, 2, 1, 1, 9, 6]
(0.6096624540073587, 0.6096624540073587, 0.5024611921049701, 0.20546551553602463, 0.30674347253515866, 0.0, 1.0845928260125177, 0.20611007952913146, 0.48058641338721103, 0.24819448935764446)
[8, 2, 1, 3, 7, 3, 1, 6, 7, 9, 3, 4, 5, 10, 9, 8, 2, 7, 4, 2, 1, 3, 9, 4, 10, 9, 5, 10, 5, 8, 8, 10, 3, 6, 6, 7, 9, 8, 10, 10, 5, 3, 7, 7, 10, 9, 8, 4, 2, 9, 10, 3, 3, 10, 5, 3, 5, 2, 1, 1, 9, 6]
(1.0968904674984468, 0.6096624540073587, 0.5024611921049701, 0.20546551553602463, 0.30674347253515866, 0.0, 1.0845928260125177, 0.20611007952913146, 0.48058641338721103, 0.24819448935764446)
[8, 2, 1, 3, 7, 3, 1, 6, 7, 9, 3, 4, 5, 10, 9, 8, 2, 7, 4, 2, 1, 3, 9, 4, 10, 9, 5, 10, 5, 8, 8, 10, 3, 6, 6, 7, 9, 8, 10, 10, 5, 3, 7, 7, 10, 9, 8, 4, 2, 9, 10, 3, 3, 10, 5, 3, 5, 2, 1, 1, 9, 6]
(1.0968904674984468, 0.6096624540073587, 0.5024611921049701, 0.20546551553602463, 0.30674347253515866, 0.0, 1.0845928260125177, 0.20611007952913146, 0.48058641338721103, 0.24819448935764446)
[8, 2, 1, 3, 7, 3, 1, 6, 7, 9, 3, 4, 5, 10, 9, 8, 2, 7, 4, 2, 1, 3, 9, 4, 10, 9, 5, 10, 5, 8, 8, 10, 3, 6, 6, 7, 9, 8, 10, 10, 5, 3, 7, 7, 10, 9, 8, 4, 2, 9, 10, 3, 3, 10, 5, 3, 5, 2, 1, 1, 9, 6]
(1.0968904674984468, 0.6096624540073587, 0.5024611921049701, 0.20546551553602463, 0.30674347253515866, 0.0, 1.0845928260125177, 0.20611007952913146, 0.48058641338721103, 0.24819448935764446)
[8, 2, 1, 3, 7, 3, 1, 6, 7, 9, 3, 4, 5, 10, 9, 8, 2, 7, 4, 2, 1, 3, 9, 4, 10, 9, 5, 10, 5, 8, 8, 10, 5, 2, 10, 7, 9, 8, 10, 10, 4, 4, 5, 7, 10, 9, 9, 6, 2, 9, 10, 3, 3, 10, 5, 3, 5, 2, 1, 1, 9, 6]
(1.0926768540404692, 0.6096624540073587, 0.6551579951308718, 0.0, 0.5811765600927221, 0.0, 0.5058045190759026, 0.0, 1.0926265881396784, 0.803505757925534)
[8, 2, 1, 7, 7, 3, 1, 6, 7, 9, 3, 4, 3, 10, 9, 8, 2, 7, 4, 2, 8, 7, 7, 3, 6, 7, 1, 6, 5, 8, 10, 10, 5, 6, 10, 7, 9, 8, 7, 5, 5, 4, 7, 7, 10, 8, 9, 4, 2, 1, 5, 3, 4, 10, 5, 3, 5, 2, 1, 1, 9, 6]
(0.928249968681481, 0.6096624540073587, 0.501631857547914, 0.23927531223774487, 0.9832512225024357, 0.0, 0.8363971459679304, 0.0, 1.0889956268481864, 0.803505757925534)
[8, 6, 5, 1, 1, 10, 10, 5, 7, 4, 1, 2, 6, 8, 6, 3, 5, 7, 2, 3, 6, 3, 1, 7, 7, 2, 2, 1, 10, 8, 10, 6, 10, 6, 6, 7, 9, 4, 10, 10, 5, 4, 9, 7, 10, 4, 8, 6, 3, 1, 8, 3, 2, 4, 6, 9, 5, 6, 3, 3, 10, 1]
(0.0, 0.5020418917138723, 1.0367360769771006, 0.22247211639968775, 1.0299069629050759, 1.0, 0.4629782044328758, 0.0, 0.24644849142059536, 0.0)
[3, 6, 7, 10, 2, 3, 1, 5, 7, 4, 1, 8, 6, 1, 6, 3, 5, 7, 2, 3, 6, 3, 1, 7, 7, 5, 2, 1, 10, 8, 10, 6, 10, 6, 6, 7, 9, 8, 10, 10, 5, 4, 9, 9, 10, 4, 8, 6, 8, 1, 6, 4, 8, 10, 6, 9, 5, 6, 3, 3, 10, 1]
(1.036499545630064, 0.8950912080169113, 1.0367884040810134, 0.22247211639968775, 1.03366607027128, 0.6491228070175443, 0.4055424899794186, 0.0, 0.0, 0.0)
[8, 2, 1, 7, 7, 3, 1, 6, 7, 9, 3, 4, 3, 10, 9, 8, 3, 7, 4, 2, 8, 7, 7, 3, 6, 7, 1, 6, 5, 8, 10, 9, 5, 6, 10, 7, 9, 8, 7, 5, 4, 4, 7, 7, 10, 8, 9, 4, 2, 1, 5, 3, 4, 10, 5, 3, 5, 2, 1, 1, 9, 6]
(1.097556477878238, 0.6096624540073587, 0.39734253110363466, 0.23927531223774487, 1.0, 0.8143593653105222, 0.3739303975365997, 0.0, 0.24819448935764446, 0.24819448935764446)
[8, 2, 1, 7, 7, 3, 1, 6, 7, 9, 3, 4, 3, 10, 9, 8, 3, 7, 4, 2, 8, 7, 7, 3, 6, 7, 1, 6, 5, 8, 10, 9, 5, 6, 10, 7, 9, 8, 7, 5, 4, 4, 7, 7, 10, 8, 9, 4, 2, 1, 5, 3, 4, 10, 5, 3, 5, 2, 1, 1, 9, 6]
(1.0962333087809337, 0.6096624540073587, 0.39734253110363466, 0.23927531223774487, 1.0, 0.8143593653105222, 0.3739303975365997, 0.0, 1.0885016744025007, 0.24819448935764446)
[8, 2, 1, 7, 7, 3, 1, 6, 7, 9, 3, 4, 3, 10, 9, 8, 3, 7, 4, 2, 8, 7, 7, 3, 6, 7, 1, 6, 5, 8, 10, 9, 5, 6, 10, 7, 9, 8, 7, 5, 4, 4, 7, 7, 10, 8, 9, 4, 2, 1, 5, 3, 4, 10, 5, 3, 5, 2, 1, 1, 9, 6]
(0.6096624540073587, 0.6096624540073587, 0.39734253110363466, 0.23927531223774487, 1.0, 0.8143593653105222, 0.3739303975365997, 0.0, 1.0885016744025007, 0.24819448935764446)
[8, 7, 1, 7, 7, 3, 1, 6, 3, 9, 3, 4, 3, 10, 6, 9, 2, 7, 1, 2, 8, 7, 6, 3, 2, 7, 1, 6, 5, 4, 4, 10, 5, 6, 6, 7, 9, 8, 10, 10, 5, 5, 7, 7, 7, 8, 8, 4, 2, 1, 5, 3, 4, 10, 5, 3, 5, 2, 1, 1, 9, 6]
(1.0955516799353016, 0.6096624540073587, 0.5347251457162232, 0.0, 0.7339520546607722, 0.3897673144005177, 0.5635140218772042, 0.0, 0.803505757925534, 0.9178241805415002)
[8, 7, 1, 7, 7, 3, 1, 6, 3, 9, 3, 4, 3, 10, 6, 9, 2, 7, 1, 2, 8, 7, 6, 3, 2, 7, 1, 6, 5, 4, 4, 10, 5, 6, 6, 7, 9, 8, 10, 10, 5, 5, 7, 7, 7, 8, 8, 4, 2, 1, 5, 3, 4, 10, 5, 3, 5, 2, 1, 1, 9, 6]
(0.0, 0.6096624540073587, 0.5347251457162232, 0.0, 0.7339520546607722, 0.3897673144005177, 0.5635140218772042, 0.0, 0.803505757925534, 0.9178241805415002)
[8, 7, 1, 7, 7, 3, 1, 6, 3, 9, 3, 4, 3, 10, 6, 9, 2, 7, 1, 2, 8, 7, 6, 3, 2, 7, 1, 6, 5, 4, 4, 10, 5, 6, 6, 7, 9, 8, 10, 10, 5, 5, 7, 7, 7, 8, 8, 4, 2, 1, 5, 3, 4, 10, 5, 3, 5, 2, 1, 1, 9, 6]
(1.0955516799353016, 0.6096624540073587, 0.5347251457162232, 0.0, 0.7339520546607722, 0.3897673144005177, 0.5635140218772042, 0.0, 0.803505757925534, 0.9178241805415002)
[3, 8, 2, 9, 2, 2, 1, 1, 4, 3, 3, 2, 3, 7, 9, 3, 2, 4, 8, 2, 1, 10, 1, 7, 8, 5, 6, 2, 9, 3, 1, 4, 5, 6, 7, 9, 9, 7, 10, 10, 5, 4, 5, 9, 10, 6, 10, 6, 2, 4, 9, 3, 3, 10, 4, 3, 5, 3, 1, 1, 10, 1]
(1.0739971033297437, 0.2974013474494705, 1.0696978078223722, 0.20546551553602463, 1.0, 1.0, 1.086312052328135, 0.20611007952913146, 1.0862922628410117, 0.27063461208104667)
[3, 1, 2, 5, 2, 2, 1, 5, 4, 3, 3, 2, 3, 6, 9, 3, 2, 5, 8, 2, 1, 3, 1, 7, 10, 9, 2, 4, 7, 3, 1, 3, 5, 2, 10, 7, 9, 8, 8, 10, 5, 4, 7, 7, 10, 10, 10, 5, 2, 10, 9, 6, 3, 10, 4, 3, 5, 3, 1, 1, 10, 1]
(1.0808209427632347, 0.2974013474494705, 1.0847776616923468, 0.20546551553602463, 1.0957886875607028, 1.0, 1.0869742504320994, 0.20611007952913146, 1.0881841978989497, 0.27063461208104667)
[3, 1, 2, 5, 2, 2, 1, 5, 4, 3, 3, 2, 3, 7, 9, 3, 2, 4, 8, 2, 1, 10, 1, 7, 8, 5, 6, 2, 9, 3, 1, 4, 5, 6, 7, 9, 9, 7, 10, 10, 5, 4, 5, 9, 10, 6, 10, 6, 2, 4, 9, 3, 3, 10, 4, 3, 5, 3, 1, 1, 10, 1]
(1.07909322539344, 0.2974013474494705, 1.0669468018226285, 0.20546551553602463, 1.0976695532910479, 1.0, 1.0797287830151574, 0.18951132300357565, 1.0854673122055785, 0.2975358587716073)
[3, 1, 2, 5, 2, 2, 1, 5, 4, 3, 3, 2, 3, 7, 9, 3, 2, 4, 8, 2, 1, 10, 1, 7, 8, 5, 6, 2, 9, 3, 1, 4, 5, 6, 7, 9, 9, 7, 10, 10, 5, 4, 5, 9, 10, 6, 10, 6, 2, 4, 9, 3, 3, 10, 4, 3, 5, 3, 1, 1, 10, 1]
(1.07909322539344, 0.2974013474494705, 1.0669468018226285, 0.20546551553602463, 1.0976695532910479, 1.0, 1.0797287830151574, 0.18951132300357565, 1.0854673122055785, 0.2975358587716073)
[3, 1, 2, 5, 2, 2, 1, 5, 4, 3, 3, 2, 3, 7, 9, 3, 2, 4, 8, 2, 1, 10, 1, 7, 8, 5, 6, 2, 9, 3, 1, 4, 5, 6, 7, 9, 9, 7, 10, 10, 5, 4, 5, 9, 10, 6, 10, 6, 2, 4, 9, 3, 3, 10, 4, 3, 5, 3, 1, 1, 10, 1]
(1.07909322539344, 0.2974013474494705, 1.0669468018226285, 0.20546551553602463, 1.0976695532910479, 1.0, 1.0797287830151574, 0.18951132300357565, 1.0854673122055785, 0.2975358587716073)
[8, 2, 1, 7, 7, 3, 1, 6, 3, 9, 2, 4, 3, 10, 6, 3, 2, 7, 4, 2, 8, 7, 6, 3, 6, 7, 1, 8, 9, 4, 4, 10, 5, 6, 6, 7, 9, 8, 7, 5, 5, 4, 5, 7, 9, 8, 8, 4, 2, 7, 5, 10, 4, 10, 5, 3, 5, 2, 1, 1, 9, 6]
(0.0, 0.6096624540073587, 1.0916090865619437, 0.20546551553602463, 1.086741342861201, 1.0, 0.9322816275991455, 0.0, 0.34909690404310223, 0.24819448935764446)
[8, 7, 1, 7, 7, 3, 1, 6, 3, 9, 2, 4, 3, 10, 6, 3, 2, 7, 4, 2, 8, 7, 6, 3, 6, 7, 1, 8, 9, 4, 4, 10, 5, 6, 6, 7, 9, 8, 10, 10, 5, 3, 7, 7, 9, 8, 8, 4, 2, 7, 5, 3, 4, 10, 5, 3, 5, 2, 1, 1, 9, 6]
(1.09747278084978, 0.6096624540073587, 1.0787162437103646, 0.20546551553602463, 1.0, 1.0, 0.14321685349568297, 0.0, 0.6192059540189851, 0.27063461208104667)
[8, 1, 2, 5, 8, 3, 1, 6, 7, 5, 7, 7, 3, 10, 9, 8, 2, 7, 4, 3, 7, 3, 9, 4, 10, 9, 5, 3, 10, 3, 9, 1, 4, 2, 10, 7, 9, 8, 5, 10, 7, 4, 7, 7, 10, 8, 9, 6, 2, 1, 6, 3, 4, 10, 5, 3, 5, 2, 1, 1, 9, 6]
(0.6485592558048715, 0.6096624540073587, 1.0656265824101825, 0.0, 1.0, 1.0, 0.4889058676548332, 0.20611007952913146, 1.076107940915968, 0.27063461208104667)
[8, 1, 2, 5, 8, 3, 1, 6, 7, 5, 7, 7, 3, 10, 9, 8, 2, 7, 4, 3, 7, 3, 9, 4, 10, 9, 5, 3, 10, 3, 9, 1, 4, 2, 10, 7, 9, 8, 5, 10, 7, 4, 7, 7, 10, 8, 9, 6, 2, 1, 6, 3, 4, 10, 5, 3, 5, 2, 1, 1, 9, 6]
(0.6485592558048715, 0.6096624540073587, 1.0656265824101825, 0.0, 1.0, 1.0, 0.4889058676548332, 0.20611007952913146, 1.076107940915968, 0.27063461208104667)
[8, 1, 2, 5, 8, 3, 1, 6, 7, 5, 7, 7, 3, 10, 9, 8, 2, 7, 4, 3, 7, 3, 9, 4, 10, 9, 5, 3, 10, 3, 9, 1, 4, 2, 10, 7, 9, 8, 5, 10, 7, 4, 7, 7, 10, 8, 9, 6, 2, 1, 6, 3, 4, 10, 5, 3, 5, 2, 1, 1, 9, 6]
(0.6096624540073587, 0.6096624540073587, 1.0656265824101825, 0.0, 1.0, 1.0, 0.4889058676548332, 0.20611007952913146, 1.076107940915968, 0.27063461208104667)
[8, 1, 2, 5, 8, 3, 1, 6, 7, 5, 7, 7, 3, 10, 9, 8, 2, 7, 4, 3, 7, 3, 9, 4, 10, 9, 5, 3, 10, 3, 9, 1, 4, 2, 10, 7, 9, 8, 5, 10, 7, 4, 7, 7, 10, 8, 9, 6, 2, 1, 6, 3, 4, 10, 5, 3, 5, 2, 1, 1, 9, 6]
(0.6485592558048715, 0.6096624540073587, 1.0656265824101825, 0.0, 1.0, 1.0, 0.4889058676548332, 0.20611007952913146, 1.076107940915968, 0.27063461208104667)
[8, 1, 2, 5, 8, 3, 1, 6, 7, 5, 7, 7, 3, 10, 9, 8, 2, 7, 4, 3, 7, 3, 9, 4, 10, 9, 5, 3, 10, 3, 9, 1, 4, 2, 10, 7, 9, 8, 5, 10, 7, 4, 7, 7, 10, 8, 9, 6, 2, 1, 6, 3, 4, 10, 5, 3, 5, 2, 1, 1, 9, 6]
(0.6096624540073587, 0.6096624540073587, 1.0656265824101825, 0.0, 0.7704115736298311, 1.0, 0.4889058676548332, 0.20611007952913146, 1.076107940915968, 0.27063461208104667)
[8, 1, 2, 5, 8, 10, 1, 6, 7, 5, 7, 7, 3, 10, 9, 8, 2, 7, 4, 3, 7, 3, 9, 4, 10, 9, 5, 3, 10, 3, 9, 1, 4, 2, 10, 7, 9, 8, 3, 10, 7, 4, 7, 7, 10, 8, 9, 6, 2, 1, 6, 3, 4, 10, 5, 3, 5, 2, 1, 1, 9, 6]
(0.397628073592321, 0.397628073592321, 0.5505144330672962, 0.0, 1.0514240465126896, 1.0, 0.10725009376182801, 0.0, 1.0663259067572612, 0.7002319985069384)
[10, 2, 1, 7, 3, 3, 4, 4, 7, 4, 4, 1, 3, 1, 6, 8, 3, 2, 2, 3, 10, 10, 1, 7, 8, 5, 2, 2, 5, 3, 7, 10, 7, 6, 10, 8, 10, 8, 10, 10, 5, 4, 7, 7, 10, 10, 10, 5, 2, 10, 9, 9, 7, 6, 5, 3, 5, 3, 3, 3, 10, 1]
(0.2360093305534339, 0.2360093305534339, 1.0818640534765975, 0.20546551553602463, 1.0899357651360289, 0.6491228070175433, 1.088000241387631, 0.20611007952913146, 0.803505757925534, 0.803505757925534)
[10, 2, 1, 7, 3, 3, 4, 4, 7, 4, 4, 1, 3, 1, 6, 8, 3, 2, 2, 3, 10, 10, 1, 7, 8, 5, 2, 2, 5, 3, 7, 10, 7, 6, 10, 8, 10, 8, 10, 10, 5, 4, 7, 7, 10, 10, 10, 5, 2, 10, 9, 9, 7, 6, 5, 3, 5, 3, 3, 3, 10, 1]
(1.0858982714824335, 0.2360093305534339, 1.0818640534765975, 0.20546551553602463, 1.0899357651360289, 0.6491228070175433, 1.088000241387631, 0.20611007952913146, 0.803505757925534, 0.803505757925534)
[10, 2, 1, 7, 3, 3, 4, 4, 7, 4, 4, 1, 3, 1, 6, 8, 3, 2, 2, 3, 10, 10, 1, 7, 8, 5, 2, 2, 5, 3, 7, 10, 7, 6, 10, 8, 10, 8, 10, 10, 5, 4, 7, 7, 10, 10, 10, 5, 2, 10, 9, 9, 7, 6, 5, 3, 5, 3, 3, 3, 10, 1]
(0.0, 0.2360093305534339, 1.0818640534765975, 0.20546551553602463, 1.0899357651360289, 0.6491228070175433, 1.088000241387631, 0.20611007952913146, 0.803505757925534, 0.803505757925534)
[10, 2, 1, 7, 3, 3, 4, 4, 7, 4, 4, 1, 3, 1, 6, 8, 3, 2, 2, 3, 10, 10, 1, 7, 8, 5, 2, 2, 5, 3, 7, 10, 7, 6, 10, 8, 10, 8, 10, 10, 5, 4, 7, 7, 10, 10, 10, 5, 2, 10, 9, 9, 7, 6, 5, 3, 5, 3, 3, 3, 10, 1]
(1.0858982714824335, 0.2360093305534339, 1.0818640534765975, 0.20546551553602463, 1.0899357651360289, 0.6491228070175433, 1.088000241387631, 0.20611007952913146, 0.803505757925534, 0.803505757925534)
[10, 2, 1, 7, 3, 3, 4, 4, 7, 4, 4, 1, 3, 1, 6, 8, 3, 2, 2, 3, 10, 10, 1, 7, 8, 5, 2, 2, 5, 3, 7, 10, 7, 6, 10, 8, 10, 8, 10, 10, 5, 4, 7, 7, 10, 10, 10, 5, 2, 10, 9, 9, 7, 6, 5, 3, 5, 3, 3, 3, 10, 1]
(1.0858982714824335, 0.2360093305534339, 1.0818640534765975, 0.20546551553602463, 1.0899357651360289, 0.6491228070175433, 1.088000241387631, 0.20611007952913146, 0.803505757925534, 0.803505757925534)
[3, 6, 7, 10, 2, 3, 1, 5, 7, 4, 1, 8, 6, 1, 6, 3, 5, 7, 2, 3, 6, 3, 1, 7, 7, 5, 2, 1, 10, 8, 10, 6, 10, 6, 6, 7, 9, 8, 10, 10, 5, 4, 9, 7, 10, 4, 8, 6, 3, 1, 8, 3, 2, 4, 6, 9, 5, 6, 3, 3, 10, 1]
(1.0365221110172536, 0.8950912080169113, 1.036585684213784, 0.22247211639968775, 1.0330727697350053, 1.0, 0.31985398614778543, 0.0, 0.30044280821457064, 0.0)
[8, 2, 7, 5, 10, 3, 1, 5, 4, 7, 3, 8, 3, 7, 6, 3, 2, 7, 4, 2, 8, 8, 3, 1, 6, 2, 3, 2, 1, 5, 1, 2, 5, 6, 7, 7, 9, 8, 10, 10, 6, 4, 7, 10, 10, 8, 9, 6, 2, 4, 9, 9, 6, 10, 5, 3, 5, 3, 3, 3, 5, 1]
(1.0969086707569613, 0.6096624540073587, 1.08812057645991, 0.20546551553602463, 1.0743548068217892, 0.6491228070175443, 1.0694030054844876, 0.6759738021371944, 0.4524921949021511, 0.0)
[10, 2, 1, 7, 7, 3, 1, 6, 7, 9, 3, 4, 3, 10, 9, 8, 3, 7, 4, 2, 8, 7, 7, 3, 6, 7, 1, 6, 5, 8, 10, 9, 5, 6, 10, 7, 9, 8, 7, 5, 4, 4, 7, 7, 10, 8, 3, 4, 2, 1, 5, 3, 4, 10, 5, 3, 5, 2, 1, 1, 9, 6]
(0.6096624540073587, 0.6096624540073587, 0.3111398515291498, 0.23927531223774487, 0.9357886542566077, 0.6491228070175433, 0.40874035989717267, 0.40874035989717267, 1.0839629291556734, 0.24819448935764446)
[3, 2, 1, 5, 1, 3, 1, 5, 7, 4, 1, 8, 8, 1, 6, 5, 5, 7, 5, 3, 9, 10, 4, 7, 7, 5, 2, 7, 9, 4, 4, 9, 5, 6, 6, 8, 7, 8, 7, 7, 4, 8, 7, 7, 10, 1, 6, 10, 10, 1, 8, 3, 2, 4, 5, 3, 5, 3, 10, 1, 10, 1]
(0.0, 0.8950912080169113, 1.035615302342918, 0.22247211639968775, 1.0368953702039982, 0.7872340425531918, 0.6369205740280496, 0.0, 0.7491592158563484, 0.27063461208104667)
[1, 2, 5, 5, 9, 6, 7, 6, 7, 6, 3, 10, 3, 10, 9, 1, 1, 9, 2, 3, 7, 3, 9, 4, 10, 9, 5, 4, 7, 3, 1, 3, 5, 2, 10, 7, 9, 8, 8, 10, 5, 4, 7, 7, 10, 6, 3, 6, 2, 1, 10, 3, 3, 6, 5, 3, 5, 3, 1, 1, 7, 1]
(0.0, 0.2974013474494705, 0.0, 0.20546551553602463, 1.0837388671003239, 0.6491228070175433, 1.0822931089438454, 0.22589563414353178, 1.0942489120177878, 0.803505757925534)
[3, 2, 1, 2, 1, 3, 1, 5, 7, 4, 1, 8, 8, 4, 6, 3, 5, 7, 5, 3, 9, 1, 4, 7, 8, 5, 2, 7, 9, 4, 4, 4, 5, 6, 6, 8, 9, 8, 4, 10, 5, 8, 7, 7, 10, 6, 6, 6, 2, 1, 9, 6, 2, 4, 5, 3, 5, 3, 10, 1, 10, 1]
(0.8950912080169113, 0.8950912080169113, 1.035603189002719, 0.22247211639968775, 0.5522388059701491, 0.7872340425531918, 1.0209259062074094, 0.0, 0.5893415546976079, 0.2975358587716073)
[3, 2, 1, 2, 1, 3, 1, 5, 7, 4, 1, 8, 8, 4, 6, 3, 5, 7, 5, 3, 9, 1, 4, 7, 8, 5, 2, 7, 9, 4, 4, 4, 5, 6, 6, 8, 9, 8, 4, 10, 5, 8, 7, 7, 10, 6, 6, 6, 2, 1, 9, 6, 2, 4, 5, 3, 5, 3, 10, 1, 10, 1]
(1.036282082367685, 0.8950912080169113, 1.035603189002719, 0.22247211639968775, 1.0368416952900554, 0.7872340425531918, 1.0209259062074094, 0.0, 0.5893415546976079, 0.2975358587716073)
[3, 2, 1, 2, 1, 3, 1, 5, 7, 4, 1, 8, 8, 4, 6, 3, 5, 7, 5, 3, 9, 1, 4, 7, 8, 5, 2, 7, 9, 4, 4, 4, 5, 6, 6, 8, 9, 8, 4, 10, 5, 8, 7, 7, 10, 6, 6, 6, 2, 1, 9, 6, 2, 4, 5, 3, 5, 3, 10, 1, 10, 1]
(1.036282082367685, 0.8950912080169113, 1.035603189002719, 0.22247211639968775, 0.5522388059701491, 0.7872340425531918, 1.0209259062074094, 0.0, 0.5893415546976079, 0.2975358587716073)
[3, 2, 1, 2, 1, 3, 1, 5, 7, 4, 1, 8, 8, 4, 6, 3, 5, 7, 5, 3, 9, 1, 4, 7, 8, 5, 2, 7, 9, 4, 4, 4, 5, 6, 6, 8, 9, 8, 4, 10, 5, 8, 7, 7, 10, 6, 6, 6, 2, 1, 9, 6, 2, 4, 5, 3, 5, 3, 10, 1, 10, 1]
(1.036282082367685, 0.8950912080169113, 1.035603189002719, 0.22247211639968775, 1.0368416952900554, 0.7872340425531918, 1.0209259062074094, 0.0, 0.5893415546976079, 0.2975358587716073)
[3, 2, 1, 2, 1, 3, 1, 5, 7, 4, 1, 8, 8, 4, 6, 3, 5, 7, 5, 3, 9, 1, 4, 7, 8, 5, 2, 7, 9, 4, 4, 4, 5, 6, 6, 8, 9, 8, 4, 10, 5, 8, 7, 7, 10, 6, 6, 6, 2, 1, 9, 6, 2, 4, 5, 3, 5, 3, 10, 1, 10, 1]
(1.036282082367685, 0.8950912080169113, 1.035603189002719, 0.22247211639968775, 1.0368416952900554, 0.7872340425531918, 1.0209259062074094, 0.0, 0.5893415546976079, 0.2975358587716073)
[3, 2, 1, 2, 1, 3, 1, 5, 7, 4, 1, 8, 8, 4, 6, 3, 5, 7, 5, 3, 9, 1, 4, 7, 8, 5, 2, 7, 9, 4, 4, 4, 5, 6, 6, 9, 9, 8, 4, 10, 5, 8, 7, 7, 10, 6, 6, 6, 2, 1, 9, 6, 2, 4, 5, 3, 5, 3, 10, 1, 10, 1]
(1.0362820728681947, 0.8950912080169113, 1.035602888744321, 0.22247211639968775, 1.036841283459213, 0.7872340425531918, 1.0209326674230366, 0.0, 0.7132266600616325, 0.2975358587716073)
[8, 7, 1, 7, 7, 3, 1, 6, 3, 9, 2, 4, 3, 6, 6, 9, 2, 7, 4, 2, 8, 7, 6, 3, 6, 7, 1, 6, 5, 4, 8, 10, 5, 6, 6, 7, 9, 8, 10, 10, 5, 5, 10, 7, 7, 8, 8, 4, 9, 1, 5, 3, 4, 10, 5, 3, 5, 2, 1, 1, 9, 6]
(0.6096624540073587, 0.6096624540073587, 1.0929290668107523, 0.20546551553602463, 0.5445755231194225, 0.6491228070175433, 0.4535692003555589, 0.0, 0.7533148800022951, 0.9178241805415002)
[8, 2, 7, 5, 1, 3, 1, 5, 4, 7, 3, 8, 3, 7, 6, 3, 2, 7, 4, 2, 8, 8, 3, 1, 6, 2, 3, 2, 1, 5, 1, 2, 5, 6, 7, 7, 9, 8, 10, 10, 6, 4, 7, 10, 10, 8, 9, 6, 2, 4, 9, 9, 6, 10, 5, 3, 5, 3, 3, 3, 5, 1]
(1.0977379527874245, 0.6096624540073587, 1.0886704436503307, 0.20546551553602463, 1.0795660295523661, 0.6491228070175443, 0.6759738021371944, 0.0, 1.0874771005473987, 0.9178241805415002)
[8, 2, 1, 7, 4, 3, 1, 6, 7, 9, 2, 7, 3, 10, 9, 8, 2, 7, 8, 2, 8, 10, 9, 4, 5, 9, 5, 5, 10, 6, 9, 2, 5, 6, 6, 7, 9, 8, 10, 10, 7, 4, 6, 7, 10, 10, 9, 4, 2, 3, 7, 1, 3, 10, 5, 3, 5, 2, 1, 1, 9, 6]
(0.0, 0.6096624540073587, 0.2423792920075295, 0.0, 1.08834617035463, 1.0, 0.327285027597094, 0.0, 0.803505757925534, 0.803505757925534)
[8, 2, 1, 7, 4, 3, 1, 6, 7, 9, 2, 7, 3, 10, 9, 8, 2, 7, 8, 2, 8, 10, 9, 4, 5, 9, 5, 5, 10, 6, 9, 2, 5, 6, 6, 7, 9, 8, 10, 10, 7, 4, 6, 7, 10, 10, 9, 4, 2, 3, 7, 1, 3, 10, 5, 3, 5, 2, 1, 1, 9, 6]
(0.0, 0.6096624540073587, 0.2423792920075295, 0.0, 1.08834617035463, 1.0, 0.327285027597094, 0.0, 0.803505757925534, 0.803505757925534)
[8, 2, 1, 7, 4, 3, 1, 6, 7, 9, 2, 7, 3, 10, 9, 8, 2, 7, 8, 2, 8, 10, 9, 4, 5, 9, 5, 5, 10, 6, 9, 2, 5, 6, 6, 7, 9, 8, 10, 10, 7, 4, 6, 7, 10, 10, 9, 4, 2, 3, 7, 1, 3, 10, 5, 3, 5, 2, 1, 1, 9, 6]
(0.6096624540073587, 0.6096624540073587, 0.2423792920075295, 0.0, 1.08834617035463, 1.0, 0.327285027597094, 0.0, 0.803505757925534, 0.803505757925534)
[8, 2, 1, 7, 4, 3, 1, 6, 7, 9, 2, 7, 3, 10, 9, 8, 2, 7, 8, 2, 8, 10, 9, 4, 5, 9, 5, 5, 10, 6, 9, 2, 5, 6, 6, 7, 9, 8, 10, 10, 7, 4, 6, 7, 10, 10, 9, 4, 2, 3, 7, 1, 3, 10, 5, 3, 5, 2, 1, 1, 9, 6]
(1.0731826824136037, 0.6096624540073587, 0.2423792920075295, 0.0, 1.08834617035463, 1.0, 0.327285027597094, 0.0, 0.803505757925534, 0.803505757925534)
[8, 2, 1, 7, 4, 3, 1, 6, 7, 9, 2, 7, 3, 10, 9, 8, 2, 7, 8, 2, 8, 10, 9, 4, 5, 9, 5, 5, 10, 6, 9, 2, 5, 6, 6, 7, 9, 8, 10, 10, 7, 4, 6, 7, 10, 10, 9, 4, 2, 3, 7, 1, 3, 10, 5, 3, 5, 2, 1, 1, 9, 6]
(1.0731826824136037, 0.6096624540073587, 0.2423792920075295, 0.0, 1.08834617035463, 1.0, 0.327285027597094, 0.0, 0.803505757925534, 0.803505757925534)
[8, 2, 1, 7, 4, 3, 1, 6, 7, 9, 2, 7, 3, 10, 9, 8, 2, 7, 8, 2, 8, 10, 9, 4, 5, 9, 5, 5, 10, 6, 9, 2, 5, 6, 6, 7, 9, 8, 10, 10, 7, 4, 6, 7, 10, 10, 9, 4, 2, 3, 7, 1, 3, 10, 5, 3, 5, 2, 1, 1, 9, 6]
(0.0, 0.6096624540073587, 0.2423792920075295, 0.0, 1.08834617035463, 1.0, 0.327285027597094, 0.0, 0.803505757925534, 0.803505757925534)
[10, 2, 1, 7, 3, 3, 4, 4, 7, 4, 4, 1, 3, 1, 6, 8, 3, 2, 2, 3, 10, 10, 1, 7, 8, 5, 2, 2, 5, 3, 7, 10, 7, 6, 10, 6, 10, 8, 10, 10, 5, 4, 7, 7, 10, 10, 10, 5, 2, 10, 9, 9, 7, 10, 5, 3, 5, 3, 1, 3, 10, 1]
(0.6918348652310718, 0.2360093305534339, 1.0959420639090194, 0.20546551553602463, 1.0, 1.0, 1.0830068201757925, 0.18951132300357565, 1.0949452321045055, 0.803505757925534)
[10, 2, 1, 7, 3, 3, 4, 4, 7, 4, 4, 1, 3, 1, 6, 8, 3, 2, 2, 3, 10, 10, 1, 7, 8, 5, 2, 2, 5, 3, 7, 10, 7, 6, 10, 6, 10, 8, 10, 10, 5, 4, 7, 7, 10, 10, 10, 5, 2, 10, 9, 9, 7, 10, 5, 3, 5, 3, 1, 3, 10, 1]
(0.6918348652310718, 0.2360093305534339, 1.0959420639090194, 0.20546551553602463, 1.0, 1.0, 1.0830068201757925, 0.18951132300357565, 1.0949452321045055, 0.803505757925534)
[10, 2, 1, 7, 3, 3, 4, 4, 7, 4, 4, 1, 3, 1, 6, 8, 3, 2, 2, 3, 10, 10, 1, 7, 8, 5, 2, 2, 5, 3, 7, 10, 7, 6, 10, 6, 10, 8, 10, 10, 5, 4, 7, 7, 10, 10, 10, 5, 2, 10, 9, 9, 7, 10, 5, 3, 5, 3, 1, 3, 10, 1]
(0.6918348652310718, 0.2360093305534339, 1.0959420639090194, 0.20546551553602463, 1.0, 1.0, 1.0830068201757925, 0.18951132300357565, 1.0949452321045055, 0.803505757925534)
[10, 2, 1, 7, 3, 3, 4, 4, 7, 4, 4, 1, 3, 1, 6, 8, 3, 2, 2, 3, 10, 10, 1, 7, 8, 5, 2, 2, 5, 3, 7, 10, 7, 6, 10, 6, 10, 8, 10, 10, 5, 4, 7, 7, 10, 10, 10, 5, 2, 10, 9, 9, 7, 10, 5, 3, 5, 3, 1, 3, 10, 1]
(0.6918348652310718, 0.2360093305534339, 1.0959420639090194, 0.20546551553602463, 1.0, 1.0, 1.0830068201757925, 0.18951132300357565, 1.0949452321045055, 0.803505757925534)
[3, 1, 2, 5, 2, 2, 1, 5, 4, 3, 3, 2, 3, 7, 9, 3, 2, 5, 8, 2, 1, 3, 1, 7, 8, 5, 7, 2, 9, 3, 1, 4, 5, 8, 7, 7, 3, 8, 10, 10, 8, 10, 7, 7, 10, 4, 6, 9, 3, 1, 9, 3, 3, 10, 4, 3, 5, 3, 1, 1, 10, 1]
(1.0940119962207928, 0.2360093305534339, 1.0740176166407722, 0.20546551553602463, 1.0999648381955875, 1.0, 1.0835442190058484, 0.18951132300357565, 1.103734167199577, 0.803505757925534)
[10, 2, 1, 7, 3, 3, 4, 1, 7, 4, 4, 1, 3, 1, 6, 8, 3, 2, 2, 3, 10, 10, 1, 7, 8, 5, 2, 4, 5, 1, 7, 10, 7, 6, 10, 6, 10, 8, 10, 10, 5, 4, 7, 7, 10, 10, 10, 5, 2, 10, 9, 9, 7, 10, 5, 3, 5, 3, 1, 3, 10, 1]
(1.0435734939761419, 0.2360093305534339, 1.084221156593408, 0.20546551553602463, 1.0, 1.0, 1.0885713686235203, 0.18951132300357565, 1.098883892130102, 0.803505757925534)
[10, 2, 1, 7, 3, 3, 4, 4, 7, 4, 4, 1, 3, 1, 6, 8, 3, 2, 2, 3, 10, 10, 1, 7, 8, 5, 2, 2, 5, 3, 7, 10, 7, 6, 10, 6, 10, 8, 10, 10, 5, 4, 7, 7, 10, 10, 10, 5, 2, 10, 9, 9, 7, 10, 5, 3, 5, 3, 1, 3, 10, 1]
(0.6918348652310718, 0.2360093305534339, 1.0959420639090194, 0.20546551553602463, 1.0, 1.0, 1.0830068201757925, 0.18951132300357565, 1.0949452321045055, 0.803505757925534)
[8, 6, 7, 10, 2, 3, 1, 5, 7, 4, 1, 8, 8, 4, 6, 3, 5, 7, 5, 3, 6, 3, 1, 7, 7, 5, 2, 9, 9, 9, 10, 10, 10, 6, 6, 7, 9, 8, 10, 10, 5, 4, 3, 7, 10, 8, 8, 6, 3, 1, 8, 3, 4, 10, 6, 9, 5, 3, 5, 3, 4, 1]
(0.0, 0.8950912080169113, 1.0148173200897843, 0.22247211639968775, 1.0260928201489117, 0.0, 1.0356243946589494, 0.5958675174718934, 1.0064852475188646, 0.803505757925534)
[8, 6, 5, 1, 1, 10, 7, 5, 4, 10, 1, 8, 6, 1, 6, 1, 5, 7, 6, 3, 4, 3, 1, 7, 7, 6, 2, 2, 8, 8, 10, 10, 5, 6, 8, 7, 8, 8, 9, 10, 4, 4, 3, 7, 10, 4, 8, 6, 3, 1, 7, 4, 8, 10, 6, 9, 5, 6, 5, 1, 10, 1]
(0.8950912080169113, 0.8950912080169113, 1.035699066612866, 0.22247211639968775, 1.0328728836961059, 0.6491228070175443, 1.035025701578703, 0.5486337778606744, 0.6575365190394272, 0.24819448935764446)
[8, 7, 1, 7, 7, 3, 1, 6, 3, 9, 2, 4, 3, 10, 6, 9, 2, 7, 4, 2, 8, 7, 6, 3, 6, 7, 1, 6, 5, 4, 4, 10, 5, 6, 6, 7, 9, 8, 10, 10, 5, 5, 7, 7, 7, 8, 8, 4, 2, 1, 5, 3, 4, 10, 5, 3, 5, 2, 1, 1, 9, 6]
(1.0921556659974112, 0.6096624540073587, 1.0907478508539452, 0.20546551553602463, 1.082665278855707, 1.0, 0.2917714365757941, 0.0, 0.8314713922329214, 0.803505757925534)
[8, 7, 1, 7, 7, 3, 1, 6, 3, 2, 3, 4, 3, 10, 6, 9, 2, 7, 1, 2, 8, 7, 6, 3, 2, 7, 1, 6, 5, 4, 4, 10, 5, 6, 6, 7, 9, 8, 10, 10, 5, 5, 7, 7, 7, 8, 8, 4, 2, 1, 5, 3, 4, 10, 5, 3, 5, 2, 1, 1, 9, 6]
(1.0961452673189294, 0.6096624540073587, 0.35214604353531576, 0.23927531223774487, 0.6491228070175433, 0.9691369741223711, 0.5685974885709624, 0.0, 1.0798363623209255, 0.803505757925534)
[8, 2, 1, 7, 7, 3, 1, 6, 7, 9, 3, 4, 3, 10, 9, 8, 2, 7, 4, 2, 8, 7, 7, 3, 6, 7, 1, 6, 5, 8, 10, 10, 5, 6, 10, 7, 9, 8, 7, 5, 5, 4, 7, 7, 10, 8, 9, 4, 2, 1, 5, 3, 4, 10, 5, 3, 5, 2, 1, 1, 9, 6]
(0.928249968681481, 0.6096624540073587, 0.501631857547914, 0.23927531223774487, 0.9832512225024357, 1.0, 0.8363971459679304, 0.0, 1.0889956268481864, 0.803505757925534)
[8, 2, 1, 7, 7, 3, 1, 6, 7, 9, 3, 4, 3, 10, 9, 8, 3, 7, 4, 2, 8, 7, 7, 3, 6, 7, 1, 6, 5, 8, 10, 9, 5, 6, 10, 7, 9, 8, 7, 5, 5, 4, 7, 7, 10, 8, 9, 4, 2, 1, 5, 3, 4, 10, 5, 3, 5, 2, 1, 1, 9, 6]
(0.0, 0.6096624540073587, 0.23927531223774487, 0.23927531223774487, 1.0, 1.0, 0.4382942882366456, 0.0, 1.0914278469048395, 0.803505757925534)
[8, 2, 1, 9, 7, 3, 1, 6, 3, 9, 2, 4, 3, 10, 6, 3, 2, 7, 4, 2, 8, 7, 6, 3, 6, 7, 1, 8, 9, 4, 4, 10, 1, 6, 6, 7, 9, 8, 10, 5, 5, 4, 7, 7, 9, 8, 8, 4, 2, 7, 5, 8, 4, 10, 5, 3, 5, 2, 1, 1, 9, 6]
(1.0864796821959273, 0.6096624540073587, 1.096927082817997, 0.20546551553602463, 0.6491228070175433, 0.6491228070175433, 0.5993186295963872, 0.40874035989717267, 1.0905098256654993, 0.803505757925534)
[8, 2, 1, 7, 4, 3, 1, 6, 7, 9, 2, 7, 3, 10, 9, 8, 2, 7, 4, 3, 7, 3, 9, 4, 5, 9, 5, 5, 10, 6, 9, 2, 5, 6, 6, 7, 9, 8, 10, 10, 7, 4, 6, 7, 10, 10, 9, 4, 2, 3, 7, 1, 3, 10, 5, 3, 5, 2, 1, 1, 9, 6]
(1.0808010092936413, 0.6096624540073587, 0.38886603629216987, 0.0, 1.0826024736277715, 1.0, 0.3084116530604615, 0.2786130827851563, 1.0894928303547158, 0.803505757925534)
[8, 6, 7, 10, 2, 3, 1, 5, 7, 4, 1, 8, 8, 4, 7, 3, 5, 7, 2, 3, 5, 3, 1, 7, 7, 5, 2, 2, 6, 9, 10, 10, 10, 6, 4, 7, 9, 8, 10, 10, 5, 3, 7, 7, 10, 9, 8, 9, 9, 1, 5, 3, 4, 10, 6, 9, 5, 3, 5, 5, 4, 1]
(1.0340806129388476, 0.8950912080169113, 1.0083120404742631, 0.2626578277126498, 0.2517006802721088, 0.0, 1.0299818933941391, 0.8156107028975468, 1.0050987462513121, 0.803505757925534)
[2, 6, 5, 1, 1, 10, 7, 5, 4, 10, 1, 8, 6, 1, 6, 2, 5, 7, 6, 3, 4, 3, 1, 7, 7, 5, 2, 2, 8, 8, 9, 10, 5, 3, 8, 7, 8, 8, 9, 10, 4, 4, 3, 7, 10, 4, 6, 9, 8, 1, 6, 4, 8, 4, 6, 9, 5, 6, 5, 1, 10, 1]
(1.0363993191160228, 0.8950912080169113, 1.0347635886631872, 0.19295126126245676, 1.0318998144008187, 0.6491228070175443, 1.0368227104656365, 0.8156107028975468, 0.5208641043864185, 0.24819448935764446)
[8, 6, 5, 9, 1, 10, 7, 5, 4, 10, 1, 8, 6, 1, 6, 1, 5, 7, 6, 3, 4, 2, 1, 7, 7, 5, 2, 2, 8, 8, 8, 10, 5, 6, 8, 7, 8, 8, 9, 10, 4, 4, 3, 7, 10, 4, 6, 9, 8, 1, 6, 4, 8, 10, 6, 9, 5, 6, 5, 1, 10, 1]
(0.0, 0.8950912080169113, 1.0341203697957064, 0.19295126126245676, 1.0318068056367307, 0.48051948051948, 1.0365475173108245, 0.9735230845606495, 1.0540099362842699, 0.27063461208104667)
[8, 2, 7, 5, 1, 3, 1, 5, 4, 7, 3, 8, 3, 7, 6, 3, 2, 7, 4, 2, 8, 8, 3, 1, 6, 2, 3, 2, 1, 5, 1, 2, 5, 6, 7, 7, 9, 8, 10, 10, 6, 4, 7, 10, 10, 8, 9, 6, 2, 4, 9, 9, 6, 10, 5, 3, 5, 3, 3, 3, 5, 1]
(1.0977379527874245, 0.6096624540073587, 1.0886704436503307, 0.20546551553602463, 1.0795660295523661, 0.6491228070175443, 1.0761883785016795, 0.4343941519604223, 1.0874771005473987, 0.9178241805415002)
[8, 2, 7, 5, 1, 3, 1, 5, 4, 7, 3, 8, 3, 7, 6, 3, 2, 7, 4, 2, 8, 8, 3, 1, 6, 2, 3, 2, 1, 5, 1, 2, 5, 6, 7, 7, 9, 8, 10, 10, 6, 4, 7, 10, 10, 8, 9, 6, 2, 4, 9, 9, 6, 10, 5, 3, 5, 3, 3, 3, 5, 1]
(1.0977379527874245, 0.6096624540073587, 1.0886704436503307, 0.20546551553602463, 1.0795660295523661, 0.6491228070175443, 1.0761883785016795, 0.4343941519604223, 1.0874771005473987, 0.9178241805415002)
[8, 2, 7, 5, 1, 3, 1, 5, 4, 7, 3, 8, 3, 7, 6, 3, 2, 7, 4, 2, 8, 8, 3, 1, 6, 2, 3, 2, 1, 5, 1, 2, 5, 6, 7, 7, 9, 8, 10, 10, 6, 4, 7, 10, 10, 8, 9, 6, 2, 4, 9, 9, 6, 10, 5, 3, 5, 3, 3, 3, 5, 1]
(1.0977379527874245, 0.6096624540073587, 1.0886704436503307, 0.20546551553602463, 1.0795660295523661, 0.6491228070175443, 1.0761883785016795, 0.4343941519604223, 0.0, 0.9178241805415002)
[8, 2, 7, 5, 1, 3, 1, 5, 4, 7, 3, 8, 3, 7, 6, 3, 2, 7, 4, 2, 8, 8, 3, 1, 6, 2, 3, 2, 1, 5, 1, 2, 5, 6, 7, 7, 9, 8, 10, 10, 6, 4, 7, 10, 10, 8, 9, 6, 2, 4, 9, 9, 6, 10, 5, 3, 5, 3, 3, 3, 5, 1]
(1.0977379527874245, 0.6096624540073587, 1.0886704436503307, 0.20546551553602463, 1.0795660295523661, 0.6491228070175443, 1.0761883785016795, 0.4343941519604223, 1.0874771005473987, 0.9178241805415002)
[8, 2, 7, 5, 1, 3, 1, 5, 4, 7, 3, 8, 3, 7, 6, 3, 2, 7, 4, 2, 8, 8, 3, 1, 6, 2, 3, 2, 1, 5, 1, 2, 5, 6, 7, 7, 9, 8, 10, 10, 6, 4, 7, 10, 10, 8, 9, 6, 2, 4, 9, 9, 6, 10, 5, 3, 5, 3, 3, 3, 5, 1]
(0.0, 0.6096624540073587, 1.0886704436503307, 0.20546551553602463, 1.0795660295523661, 0.6491228070175443, 1.0761883785016795, 0.4343941519604223, 1.0874771005473987, 0.9178241805415002)
[8, 2, 7, 5, 1, 3, 1, 5, 4, 7, 3, 8, 3, 7, 6, 3, 2, 7, 4, 2, 8, 8, 3, 1, 6, 2, 3, 2, 1, 5, 1, 2, 5, 6, 7, 7, 9, 8, 10, 10, 6, 4, 7, 10, 10, 8, 9, 6, 2, 4, 9, 9, 6, 10, 5, 3, 5, 3, 3, 3, 5, 1]
(1.0977379527874245, 0.6096624540073587, 1.0886704436503307, 0.20546551553602463, 1.0795660295523661, 0.6491228070175443, 1.0761883785016795, 0.4343941519604223, 1.0874771005473987, 0.9178241805415002)
[8, 2, 7, 5, 1, 3, 1, 5, 4, 7, 3, 8, 3, 7, 6, 3, 2, 7, 4, 2, 8, 8, 3, 1, 6, 2, 3, 2, 1, 5, 1, 2, 5, 6, 7, 7, 9, 8, 10, 10, 6, 4, 7, 10, 10, 8, 9, 6, 2, 4, 9, 9, 6, 10, 5, 3, 5, 3, 3, 3, 5, 1]
(1.0977379527874245, 0.6096624540073587, 1.0886704436503307, 0.20546551553602463, 1.0795660295523661, 0.6491228070175443, 1.0761883785016795, 0.4343941519604223, 1.0874771005473987, 0.9178241805415002)
[8, 2, 7, 5, 1, 3, 1, 5, 4, 7, 3, 8, 3, 7, 6, 3, 2, 7, 4, 2, 8, 8, 3, 1, 6, 2, 3, 2, 1, 5, 1, 2, 5, 6, 7, 7, 9, 8, 10, 10, 6, 4, 7, 10, 10, 8, 9, 6, 2, 4, 9, 9, 6, 10, 5, 3, 5, 3, 3, 3, 5, 1]
(1.0977379527874245, 0.6096624540073587, 1.0886704436503307, 0.20546551553602463, 1.0795660295523661, 0.6491228070175443, 1.0761883785016795, 0.4343941519604223, 1.0874771005473987, 0.9178241805415002)
[8, 2, 7, 5, 1, 3, 1, 5, 4, 7, 3, 8, 3, 7, 6, 3, 2, 7, 4, 2, 8, 8, 3, 1, 6, 2, 3, 2, 1, 5, 1, 2, 5, 6, 7, 7, 9, 8, 10, 10, 6, 4, 7, 10, 10, 8, 9, 6, 2, 4, 9, 9, 6, 10, 5, 3, 5, 3, 3, 3, 5, 1]
(0.0, 0.6096624540073587, 1.0886704436503307, 0.20546551553602463, 1.0795660295523661, 0.6491228070175443, 1.0761883785016795, 0.4343941519604223, 1.0874771005473987, 0.9178241805415002)
[8, 2, 7, 5, 1, 3, 1, 5, 4, 7, 3, 8, 3, 7, 6, 3, 2, 7, 4, 2, 8, 8, 3, 1, 6, 2, 3, 2, 1, 5, 1, 2, 5, 6, 7, 7, 9, 8, 10, 10, 6, 4, 7, 10, 10, 8, 9, 6, 2, 4, 9, 9, 6, 10, 5, 3, 5, 3, 3, 3, 5, 1]
(1.0977379527874245, 0.6096624540073587, 1.0886704436503307, 0.20546551553602463, 1.0795660295523661, 0.6491228070175443, 1.0761883785016795, 0.4343941519604223, 1.0874771005473987, 0.9178241805415002)
[8, 6, 5, 1, 1, 10, 7, 5, 4, 10, 1, 8, 3, 1, 6, 1, 5, 7, 6, 3, 4, 3, 1, 7, 7, 5, 2, 2, 8, 7, 10, 10, 5, 6, 8, 7, 8, 8, 9, 10, 4, 4, 3, 7, 10, 4, 6, 9, 8, 1, 6, 4, 8, 10, 6, 9, 5, 6, 5, 1, 10, 1]
(0.0, 0.8950912080169113, 1.0349665735848212, 0.19295126126245676, 1.0318765976466207, 0.6491228070175443, 1.0368822767399217, 0.8341131433432583, 0.7618173290975441, 0.24819448935764446)
[8, 6, 5, 1, 1, 10, 7, 5, 4, 10, 1, 8, 6, 1, 6, 1, 5, 7, 6, 3, 4, 3, 1, 7, 7, 5, 2, 2, 8, 8, 10, 10, 5, 6, 8, 7, 8, 8, 9, 10, 4, 4, 3, 7, 10, 4, 6, 9, 8, 1, 6, 4, 8, 10, 6, 9, 5, 6, 5, 1, 10, 1]
(0.0, 0.8950912080169113, 1.0355854985304143, 0.19295126126245676, 1.0319229322485595, 0.6491228070175443, 1.036660852376368, 0.8341131433432583, 0.35201853746547673, 0.24819448935764446)
[8, 6, 5, 1, 1, 10, 7, 5, 4, 10, 1, 8, 6, 1, 6, 1, 5, 7, 6, 3, 4, 3, 1, 7, 7, 5, 2, 2, 8, 8, 10, 10, 5, 6, 8, 7, 8, 8, 9, 10, 4, 4, 3, 7, 10, 4, 6, 9, 8, 1, 6, 4, 8, 10, 6, 9, 5, 6, 5, 1, 10, 1]
(1.036398783791807, 0.8950912080169113, 1.0355854985304143, 0.19295126126245676, 1.0319229322485595, 0.6491228070175443, 1.036660852376368, 0.8341131433432583, 0.35201853746547673, 0.24819448935764446)
[8, 6, 5, 1, 1, 10, 7, 5, 4, 10, 1, 8, 6, 1, 6, 1, 5, 7, 6, 3, 4, 3, 1, 7, 7, 5, 2, 2, 8, 8, 10, 10, 5, 6, 8, 7, 8, 8, 9, 10, 4, 4, 3, 7, 10, 4, 6, 9, 8, 1, 6, 4, 8, 10, 6, 9, 5, 6, 5, 1, 10, 1]
(1.036398783791807, 0.8950912080169113, 1.0355854985304143, 0.19295126126245676, 1.0319229322485595, 0.6491228070175443, 1.036660852376368, 0.8341131433432583, 0.35201853746547673, 0.24819448935764446)
[8, 6, 5, 1, 1, 10, 7, 5, 4, 10, 1, 8, 6, 1, 6, 1, 5, 7, 6, 3, 4, 3, 1, 7, 7, 5, 2, 2, 8, 8, 10, 10, 5, 6, 8, 7, 8, 8, 9, 10, 4, 4, 3, 7, 10, 4, 6, 9, 8, 1, 6, 4, 8, 10, 6, 9, 5, 6, 5, 1, 10, 1]
(1.036398783791807, 0.8950912080169113, 1.0355854985304143, 0.19295126126245676, 1.0319229322485595, 0.6491228070175443, 1.036660852376368, 0.8341131433432583, 0.35201853746547673, 0.24819448935764446)
[8, 2, 7, 10, 2, 3, 1, 5, 7, 4, 1, 8, 6, 1, 7, 3, 5, 7, 2, 3, 6, 3, 1, 7, 7, 5, 2, 2, 9, 9, 10, 10, 10, 6, 10, 8, 10, 8, 7, 10, 5, 3, 7, 7, 10, 9, 8, 10, 9, 1, 5, 3, 4, 10, 6, 9, 5, 3, 5, 3, 4, 1]
(1.033936395961788, 0.8950912080169113, 1.018089855927971, 0.22247211639968775, 1.0247462020255593, 0.2517006802721088, 1.0365932746790314, 0.6759738021371944, 1.0020454221405062, 0.803505757925534)
[8, 6, 7, 10, 2, 3, 1, 5, 7, 4, 1, 8, 8, 4, 6, 3, 5, 7, 5, 3, 6, 3, 1, 7, 7, 5, 2, 2, 9, 9, 10, 10, 10, 6, 10, 8, 10, 8, 7, 10, 5, 3, 7, 7, 8, 9, 8, 10, 9, 1, 5, 3, 4, 10, 6, 9, 5, 3, 5, 3, 4, 1]
(1.0245618171058561, 0.8950912080169113, 1.0031324698589714, 0.22247211639968775, 1.0262597090564636, 0.2517006802721088, 1.036865249741819, 0.8341131433432583, 1.0017119471915041, 0.803505757925534)
[8, 7, 1, 7, 7, 3, 1, 6, 3, 9, 2, 4, 3, 10, 6, 3, 2, 7, 4, 2, 5, 7, 6, 3, 6, 7, 1, 8, 9, 4, 4, 10, 5, 6, 6, 7, 9, 8, 7, 5, 5, 4, 7, 7, 9, 8, 8, 4, 2, 7, 5, 3, 4, 10, 5, 3, 5, 2, 1, 1, 9, 6]
(1.0940604020841376, 0.6096624540073587, 0.6558193697594157, 0.20546551553602463, 1.0889651606790678, 1.0, 1.075594224501397, 0.40874035989717267, 0.803505757925534, 0.803505757925534)
[8, 6, 7, 10, 2, 3, 1, 5, 7, 4, 1, 8, 8, 4, 7, 3, 5, 7, 2, 3, 5, 3, 1, 7, 7, 5, 2, 2, 6, 9, 10, 6, 10, 6, 4, 7, 9, 8, 10, 10, 5, 3, 7, 7, 10, 9, 8, 9, 9, 1, 5, 3, 4, 10, 6, 9, 5, 3, 5, 5, 4, 1]
(1.0340870996005798, 0.8950912080169113, 1.0083131213672432, 0.2626578277126498, 1.033713324833658, 0.2517006802721088, 1.0289982023648885, 0.8156107028975468, 1.0003125040791903, 0.803505757925534)
[8, 6, 7, 10, 2, 3, 1, 8, 7, 4, 1, 8, 7, 4, 7, 3, 5, 7, 2, 3, 5, 3, 1, 7, 7, 5, 2, 2, 6, 9, 10, 10, 10, 6, 4, 7, 9, 8, 10, 10, 2, 3, 7, 7, 10, 9, 8, 9, 9, 1, 5, 3, 4, 10, 6, 9, 5, 3, 5, 2, 4, 1]
(0.8950912080169113, 0.8950912080169113, 0.7769512853585232, 0.2626578277126498, 0.38699188334866935, 0.2517006802721088, 1.0172418621368675, 0.8341131433432583, 1.010323774907735, 0.803505757925534)
[6, 1, 5, 4, 9, 6, 7, 6, 4, 6, 3, 10, 3, 10, 7, 9, 3, 9, 2, 5, 9, 7, 7, 4, 6, 3, 1, 6, 7, 8, 10, 10, 7, 2, 5, 4, 9, 8, 5, 10, 9, 9, 2, 9, 8, 7, 9, 6, 2, 5, 7, 3, 5, 7, 5, 3, 5, 3, 1, 1, 7, 1]
(0.0, 0.6096624540073587, 1.0797211741097228, 0.20546551553602463, 1.074871570151295, 1.0, 0.6886339693316175, 0.6886339693316175, 1.0885624735616102, 0.803505757925534)
[6, 1, 5, 4, 9, 6, 7, 6, 4, 6, 3, 10, 3, 10, 7, 9, 2, 9, 2, 5, 10, 7, 7, 4, 6, 3, 1, 6, 7, 8, 10, 10, 7, 2, 5, 4, 9, 8, 5, 10, 9, 9, 2, 9, 8, 7, 9, 6, 2, 5, 7, 3, 3, 7, 5, 3, 5, 3, 1, 1, 7, 1]
(0.6096624540073587, 0.6096624540073587, 1.0828907872550146, 0.20546551553602463, 1.0740620569325943, 1.0, 1.0831939565949098, 0.6886339693316175, 1.091293969098474, 0.803505757925534)
