[7, 1, 5, 8, 5, 7, 4, 8, 9, 9, 10, 9, 10, 4, 6, 5, 8, 4, 6, 1, 6, 10, 4, 3, 5, 9, 6, 7, 1, 6, 4, 5, 2, 10, 5, 10, 7, 10, 10, 6, 9, 9, 4, 7, 5, 6, 6, 6, 7, 7, 6, 1, 5, 6, 5, 1, 4, 1, 5, 1, 10, 1]
(0.9770126021467129, 0.2974013474494709, 0.7687431815080379, 0.20043066810222707, 0.42793959612026533, 0.0, 0.3909095323644522, 0.0, 0.9054843924884988, 0.9054843924884988)
[7, 1, 7, 5, 3, 3, 3, 4, 7, 1, 5, 4, 4, 2, 5, 3, 3, 6, 7, 1, 4, 9, 3, 2, 10, 10, 1, 9, 2, 6, 1, 5, 2, 6, 5, 10, 7, 4, 10, 5, 9, 6, 4, 7, 10, 7, 4, 6, 7, 5, 6, 1, 5, 6, 5, 5, 4, 3, 4, 1, 10, 1]
(0.7077575781382646, 0.5197159409456187, 0.9750274413265267, 0.20043066810222707, 0.9732195331715028, 1.0, 0.3201335695572144, 0.0, 0.8544771740406047, 0.0)
[5, 1, 3, 8, 7, 3, 4, 4, 4, 8, 2, 5, 3, 1, 4, 5, 8, 4, 7, 1, 4, 2, 4, 2, 10, 9, 6, 2, 2, 2, 10, 5, 9, 10, 5, 4, 7, 4, 8, 5, 10, 4, 9, 7, 8, 4, 6, 7, 7, 9, 1, 8, 5, 4, 5, 5, 5, 3, 5, 5, 10, 1]
(0.9803574497811475, 0.3783158753911034, 0.9797730094753184, 0.18002748511223077, 0.9799883923493306, 0.692307692307692, 0.9796678724698701, 0.18951132300357565, 0.9800131403841057, 0.2975358587716073)
[1, 4, 7, 7, 4, 3, 4, 4, 7, 1, 7, 4, 3, 3, 4, 3, 1, 1, 6, 8, 1, 9, 7, 4, 10, 10, 6, 7, 3, 4, 9, 5, 9, 7, 1, 10, 7, 1, 5, 9, 6, 6, 4, 7, 10, 7, 6, 7, 7, 7, 4, 8, 4, 8, 5, 5, 4, 3, 5, 1, 4, 1]
(0.4433877888135591, 0.0, 0.8069372509606212, 0.18002748511223077, 0.6923076923076931, 0.6923076923076931, 0.4259359533898498, 0.0, 0.9588528038002536, 0.9503981203498251)
[5, 1, 3, 8, 7, 3, 4, 4, 4, 8, 2, 5, 3, 1, 4, 5, 10, 4, 7, 5, 4, 8, 4, 2, 3, 9, 6, 2, 2, 3, 10, 5, 9, 10, 5, 6, 7, 1, 5, 9, 9, 6, 9, 7, 8, 4, 6, 7, 7, 9, 1, 8, 5, 4, 5, 5, 5, 3, 2, 5, 10, 1]
(0.9734753510914723, 0.5197159409456187, 0.9521877127699538, 0.18002748511223077, 0.790515809226784, 0.692307692307692, 0.9737820749171058, 0.18951132300357565, 0.9668538163416069, 0.32401762271372014)
[6, 8, 4, 7, 8, 3, 3, 8, 9, 1, 5, 4, 4, 3, 5, 3, 10, 6, 7, 1, 1, 9, 7, 2, 8, 9, 6, 2, 2, 5, 9, 5, 9, 6, 5, 10, 7, 4, 3, 8, 10, 3, 9, 6, 10, 8, 9, 6, 7, 5, 1, 8, 3, 6, 5, 5, 4, 3, 5, 1, 10, 1]
(0.36162790236994025, 0.2974013474494709, 0.9715677081607264, 0.20043066810222707, 0.9778219929896276, 1.0, 0.9774065525270978, 0.18951132300357565, 0.7306469894014326, 0.2557339046749324)
[3, 1, 5, 8, 4, 3, 5, 4, 9, 1, 5, 7, 4, 3, 4, 3, 1, 6, 7, 1, 9, 9, 3, 2, 10, 10, 1, 2, 1, 6, 4, 5, 2, 4, 5, 10, 7, 6, 3, 9, 10, 7, 4, 10, 10, 7, 6, 7, 7, 7, 1, 8, 3, 4, 5, 5, 5, 3, 5, 1, 10, 1]
(0.8588441024534418, 0.24500044048982467, 0.9649430668912812, 0.20043066810222707, 0.9802938011474885, 1.0, 0.965476194303481, 0.17774189541671837, 0.9702380307950061, 0.355673880123101)
[3, 1, 5, 9, 4, 3, 5, 4, 8, 1, 5, 7, 4, 2, 7, 5, 10, 6, 9, 1, 7, 2, 4, 2, 10, 9, 6, 2, 2, 2, 10, 5, 9, 10, 5, 4, 6, 6, 3, 9, 10, 7, 5, 8, 8, 1, 6, 7, 8, 7, 1, 8, 5, 4, 5, 5, 5, 3, 5, 5, 9, 1]
(0.9791556251235285, 0.2974013474494709, 0.9800628363154807, 0.20043066810222707, 0.9821183296851793, 1.0, 0.978480538818983, 0.18951132300357565, 0.9800234421156325, 0.2975358587716073)
[3, 1, 5, 8, 4, 3, 5, 4, 7, 1, 5, 7, 4, 2, 7, 5, 10, 6, 9, 1, 7, 2, 4, 5, 10, 10, 2, 4, 1, 5, 1, 5, 2, 4, 5, 8, 6, 6, 3, 9, 10, 7, 5, 8, 8, 7, 6, 7, 9, 7, 6, 8, 5, 4, 5, 5, 5, 3, 5, 5, 10, 1]
(0.9800331699661888, 0.3783158753911034, 0.9766924875788371, 0.18002748511223077, 0.9825768948532618, 1.0, 0.9792125643230953, 0.18951132300357565, 0.2975358587716073, 0.2975358587716073)
[3, 1, 3, 8, 7, 3, 4, 4, 4, 5, 9, 5, 3, 1, 4, 5, 8, 4, 7, 5, 4, 9, 4, 5, 10, 10, 7, 4, 1, 6, 4, 5, 10, 3, 5, 8, 7, 6, 3, 9, 10, 7, 4, 7, 8, 4, 9, 7, 8, 7, 1, 8, 5, 2, 5, 5, 5, 3, 5, 5, 10, 1]
(0.9805891626514474, 0.3783158753911034, 0.9801300724036971, 0.18002748511223077, 0.9812702008523028, 1.0, 0.978865627851335, 0.18951132300357565, 0.9799334770999827, 0.2975358587716073)
[5, 1, 3, 8, 7, 3, 4, 4, 4, 5, 2, 5, 3, 1, 4, 1, 8, 4, 7, 5, 4, 2, 4, 2, 10, 9, 6, 2, 2, 7, 10, 5, 9, 7, 5, 4, 7, 1, 5, 9, 9, 6, 4, 7, 8, 4, 6, 7, 7, 9, 1, 8, 5, 4, 5, 5, 5, 3, 5, 5, 10, 1]
(0.9788922400213756, 0.3783158753911034, 0.9801590087823548, 0.18002748511223077, 0.9812151052989045, 1.0, 0.9793565426953116, 0.18951132300357565, 0.9801626645959891, 0.2975358587716073)
[5, 1, 3, 8, 8, 3, 4, 4, 4, 3, 2, 5, 3, 1, 4, 1, 8, 4, 7, 5, 4, 8, 4, 5, 10, 9, 6, 2, 1, 7, 10, 5, 9, 7, 5, 4, 7, 3, 5, 9, 9, 4, 9, 7, 8, 4, 6, 7, 8, 7, 6, 8, 5, 4, 5, 5, 5, 3, 5, 5, 10, 1]
(0.9775529409758726, 0.3783158753911034, 0.9802411810494938, 0.18002748511223077, 0.9811248817481081, 1.0, 0.9792476740665712, 0.18951132300357565, 0.9801421056501545, 0.2975358587716073)
[3, 1, 5, 8, 4, 3, 5, 4, 8, 1, 5, 7, 4, 2, 7, 5, 10, 6, 9, 1, 7, 2, 4, 5, 10, 10, 2, 4, 1, 5, 1, 5, 2, 4, 5, 8, 6, 6, 3, 9, 10, 7, 5, 8, 8, 7, 6, 7, 8, 7, 1, 8, 5, 4, 5, 5, 5, 3, 5, 5, 10, 1]
(0.9798012531362452, 0.3783158753911034, 0.9807295280508674, 0.20043066810222707, 0.9814434432424582, 1.0, 0.9822572893463053, 0.18951132300357565, 0.9797576789744176, 0.2975358587716073)
[3, 1, 5, 8, 4, 3, 5, 4, 7, 1, 5, 7, 4, 2, 7, 5, 10, 6, 9, 1, 7, 2, 4, 2, 10, 9, 2, 4, 1, 5, 1, 5, 2, 4, 5, 8, 6, 6, 3, 9, 10, 7, 5, 8, 8, 7, 6, 7, 8, 7, 6, 8, 5, 4, 5, 5, 5, 3, 5, 5, 10, 1]
(0.9787139761261622, 0.3783158753911034, 0.9738943097181598, 0.20043066810222707, 0.9821456256322542, 1.0, 0.9805442121811189, 0.18951132300357565, 0.9800983843393603, 0.2975358587716073)
[5, 1, 3, 8, 8, 3, 4, 4, 4, 8, 2, 5, 3, 1, 4, 1, 8, 4, 7, 5, 4, 8, 4, 2, 3, 9, 6, 2, 2, 3, 10, 5, 9, 10, 5, 1, 7, 7, 8, 5, 10, 4, 9, 7, 8, 4, 6, 7, 7, 9, 1, 8, 5, 4, 5, 5, 5, 3, 5, 5, 10, 1]
(0.9763991025276462, 0.3783158753911034, 0.9764105052687208, 0.18002748511223077, 0.9811681958846727, 1.0, 0.9796410539187469, 0.18951132300357565, 0.979006989020852, 0.32401762271372014)
[5, 1, 3, 8, 7, 3, 4, 4, 4, 5, 2, 5, 3, 1, 4, 5, 8, 4, 7, 5, 4, 2, 4, 5, 10, 10, 7, 4, 1, 6, 4, 5, 9, 7, 5, 4, 7, 1, 5, 9, 9, 6, 4, 7, 8, 4, 6, 7, 7, 9, 1, 8, 5, 4, 5, 5, 5, 3, 5, 5, 10, 1]
(0.9752106902189533, 0.3783158753911034, 0.9788211499340811, 0.18002748511223077, 0.9809835827909388, 1.0, 0.9804855485446731, 0.18951132300357565, 0.9794136404059806, 0.32401762271372014)
[5, 1, 3, 8, 7, 3, 4, 4, 4, 5, 2, 5, 3, 1, 4, 5, 8, 4, 7, 1, 4, 2, 4, 5, 10, 10, 7, 4, 1, 6, 4, 5, 9, 7, 5, 4, 7, 1, 5, 9, 9, 6, 4, 7, 8, 4, 6, 7, 7, 9, 1, 8, 5, 4, 5, 5, 5, 3, 5, 5, 10, 1]
(0.9752106902189533, 0.3783158753911034, 0.9788211499340811, 0.18002748511223077, 0.9809835827909388, 1.0, 0.9804855485446731, 0.18951132300357565, 0.9794136404059806, 0.32401762271372014)
[5, 1, 3, 8, 7, 3, 4, 4, 4, 5, 2, 5, 3, 1, 4, 5, 8, 4, 7, 5, 4, 2, 4, 5, 10, 10, 7, 4, 1, 6, 4, 5, 9, 7, 5, 4, 7, 1, 5, 9, 9, 6, 4, 7, 8, 4, 6, 7, 7, 9, 1, 8, 5, 4, 5, 5, 5, 3, 5, 5, 10, 1]
(0.9752106902189533, 0.3783158753911034, 0.9788211499340811, 0.18002748511223077, 0.9809835827909388, 1.0, 0.9804855485446731, 0.18951132300357565, 0.9794136404059806, 0.32401762271372014)
[5, 1, 3, 8, 7, 3, 4, 4, 4, 8, 2, 5, 3, 1, 4, 5, 8, 4, 7, 5, 4, 8, 4, 2, 3, 9, 6, 2, 2, 3, 10, 5, 9, 10, 5, 1, 7, 7, 8, 5, 10, 4, 9, 7, 8, 4, 6, 7, 7, 9, 1, 8, 5, 4, 5, 5, 5, 3, 5, 5, 10, 1]
(0.9756442011333982, 0.3783158753911034, 0.97661135708913, 0.18002748511223077, 0.9814200324006358, 1.0, 0.9800093271769562, 0.18951132300357565, 0.9780499487183969, 0.32401762271372014)
[5, 1, 3, 8, 7, 3, 4, 4, 4, 8, 2, 5, 3, 1, 4, 5, 8, 4, 7, 5, 4, 8, 4, 2, 3, 9, 6, 2, 2, 3, 10, 5, 9, 10, 5, 1, 7, 7, 8, 5, 10, 4, 9, 7, 8, 4, 6, 7, 7, 9, 1, 8, 5, 4, 5, 5, 5, 3, 5, 5, 10, 1]
(0.9756442011333982, 0.3783158753911034, 0.97661135708913, 0.18002748511223077, 0.9814200324006358, 1.0, 0.9800093271769562, 0.18951132300357565, 0.9780499487183969, 0.32401762271372014)
[8, 4, 4, 7, 10, 5, 3, 4, 7, 1, 4, 4, 3, 3, 4, 3, 1, 7, 6, 4, 3, 9, 9, 4, 10, 10, 6, 7, 8, 4, 9, 5, 9, 7, 5, 10, 7, 1, 5, 7, 9, 6, 4, 7, 10, 7, 6, 7, 4, 7, 6, 2, 2, 6, 5, 5, 4, 3, 5, 1, 7, 1]
(0.9755794611759464, 0.8299015219337494, 0.7706527610309453, 0.18816832473267028, 0.7225479123182622, 0.692307692307692, 0.6902103387750728, 0.40874035989717267, 0.703707204665991, 0.0)
[6, 8, 4, 7, 8, 3, 3, 8, 9, 1, 5, 4, 4, 3, 5, 3, 10, 6, 7, 1, 1, 9, 2, 2, 8, 9, 6, 2, 2, 5, 9, 5, 9, 6, 5, 10, 5, 4, 3, 8, 10, 3, 9, 6, 10, 8, 9, 6, 7, 5, 1, 8, 3, 6, 5, 5, 4, 3, 5, 1, 10, 1]
(0.427683209348467, 0.0, 0.7084060178138338, 0.18002748511223077, 0.9783812028355877, 1.0, 0.9672184956260007, 0.18951132300357565, 0.712343690451237, 0.7548415583558412)
[7, 4, 4, 7, 8, 3, 3, 4, 7, 1, 7, 4, 3, 3, 4, 3, 1, 7, 6, 4, 1, 9, 9, 4, 10, 10, 6, 7, 8, 4, 9, 5, 9, 7, 5, 10, 7, 1, 5, 9, 9, 6, 4, 7, 10, 7, 7, 7, 7, 7, 6, 10, 3, 6, 5, 5, 4, 3, 5, 1, 7, 1]
(0.9704137611202877, 0.5197159409456187, 0.9673625639639777, 0.17007260662595566, 0.9728553640656153, 0.9780546902678886, 0.9752562525682131, 0.17774189541671837, 0.8542816068045811, 0.32401762271372014)
[7, 1, 7, 8, 7, 3, 4, 4, 4, 5, 2, 5, 3, 1, 4, 5, 8, 4, 7, 5, 4, 8, 4, 3, 3, 9, 6, 2, 2, 3, 10, 5, 9, 10, 5, 1, 7, 7, 5, 9, 9, 6, 4, 7, 8, 4, 6, 7, 7, 9, 1, 8, 5, 4, 5, 5, 5, 3, 5, 5, 9, 1]
(0.6993983590044104, 0.5197159409456187, 0.9723250717855971, 0.20043066810222707, 0.9791776797734179, 1.0, 0.9773906429298203, 0.18951132300357565, 0.9726370391435903, 0.2975358587716073)
[7, 1, 7, 10, 7, 3, 3, 4, 9, 5, 5, 4, 4, 4, 5, 9, 10, 6, 9, 1, 1, 9, 4, 2, 10, 9, 6, 2, 2, 5, 10, 5, 9, 10, 5, 10, 7, 4, 7, 8, 6, 3, 9, 9, 10, 7, 6, 6, 7, 7, 1, 8, 5, 6, 5, 5, 4, 3, 5, 1, 10, 1]
(0.7179250630550114, 0.0, 0.7183815211989011, 0.20043066810222707, 0.7031602998264156, 0.9664159159176033, 0.9696106352843327, 0.18951132300357565, 0.8544771740406047, 0.8544771740406047)
[7, 10, 7, 10, 3, 3, 3, 8, 9, 1, 5, 3, 4, 6, 5, 3, 8, 6, 7, 1, 1, 9, 7, 2, 10, 9, 6, 2, 2, 5, 10, 5, 9, 10, 5, 10, 7, 4, 3, 8, 10, 3, 9, 6, 10, 8, 9, 6, 7, 5, 1, 8, 3, 6, 5, 5, 4, 3, 5, 1, 10, 1]
(0.9651014602743071, 0.3783158753911034, 0.9687155841849726, 0.17007260662595566, 0.9775880529545228, 0.692307692307692, 0.9773137739859501, 0.17774189541671837, 0.7846656464971642, 0.8544771740406047)
[7, 10, 7, 10, 3, 3, 3, 8, 9, 1, 5, 3, 4, 6, 5, 3, 8, 6, 7, 1, 1, 9, 7, 2, 10, 9, 6, 2, 2, 5, 10, 5, 9, 10, 5, 10, 7, 4, 3, 8, 10, 3, 9, 6, 10, 8, 9, 6, 7, 5, 1, 8, 3, 6, 5, 5, 4, 3, 5, 1, 10, 1]
(0.9651014602743071, 0.3783158753911034, 0.9687155841849726, 0.17007260662595566, 0.9775880529545228, 0.692307692307692, 0.9773137739859501, 0.17774189541671837, 0.7846656464971642, 0.8544771740406047)
[7, 10, 7, 10, 3, 3, 3, 8, 9, 1, 5, 3, 4, 6, 5, 3, 8, 6, 7, 1, 1, 9, 7, 2, 10, 9, 6, 2, 2, 5, 10, 5, 9, 10, 5, 10, 7, 4, 3, 8, 10, 3, 9, 6, 10, 8, 9, 6, 7, 5, 1, 8, 3, 6, 5, 5, 4, 3, 5, 1, 10, 1]
(0.9651014602743071, 0.3783158753911034, 0.9687155841849726, 0.17007260662595566, 0.9775880529545228, 0.692307692307692, 0.9773137739859501, 0.17774189541671837, 0.7846656464971642, 0.8544771740406047)
[7, 1, 7, 2, 3, 3, 3, 4, 8, 1, 7, 4, 3, 3, 4, 3, 1, 6, 7, 1, 1, 9, 2, 2, 10, 10, 1, 2, 4, 5, 9, 3, 2, 4, 5, 10, 7, 6, 3, 9, 10, 7, 1, 7, 10, 7, 6, 7, 7, 7, 1, 8, 3, 6, 5, 5, 4, 3, 5, 1, 10, 1]
(0.7391451808623997, 0.8299015219337494, 0.9573051112703963, 0.18002748511223077, 0.8036092565394977, 0.692307692307692, 0.9668861574493332, 0.17774189541671837, 0.971373921353368, 0.44204966304413806)
[7, 4, 4, 7, 8, 3, 3, 4, 7, 1, 4, 4, 3, 3, 1, 3, 1, 1, 6, 4, 1, 9, 9, 4, 10, 10, 6, 7, 8, 4, 9, 5, 9, 7, 5, 10, 7, 1, 5, 9, 9, 6, 4, 7, 9, 7, 7, 7, 7, 7, 6, 8, 3, 6, 5, 5, 4, 3, 5, 1, 7, 1]
(0.9740396515466252, 0.3783158753911034, 0.9675240366719645, 0.18002748511223077, 0.9685263195075076, 1.0, 0.9742223707027714, 0.40874035989717267, 0.7431342338211878, 0.355673880123101)
[1, 4, 2, 7, 4, 5, 4, 4, 7, 1, 3, 1, 3, 3, 4, 3, 1, 1, 6, 8, 1, 9, 7, 4, 10, 10, 6, 7, 3, 4, 9, 5, 7, 7, 1, 10, 7, 1, 5, 9, 6, 6, 4, 10, 10, 7, 6, 7, 7, 7, 4, 8, 4, 8, 5, 5, 4, 3, 5, 1, 7, 1]
(0.9676979872398059, 0.3386919985385462, 0.9704503205604833, 0.18002748511223077, 0.6923076923076931, 0.6923076923076931, 0.5577761701308234, 0.1673488480879429, 0.9604927978478356, 0.9503981203498251)
[1, 4, 2, 7, 4, 5, 4, 4, 7, 1, 3, 1, 3, 3, 4, 3, 1, 1, 6, 8, 1, 9, 7, 4, 10, 10, 6, 7, 3, 4, 9, 5, 7, 7, 1, 10, 7, 1, 5, 9, 6, 6, 4, 10, 10, 7, 6, 7, 7, 7, 4, 8, 4, 8, 5, 5, 4, 3, 5, 1, 7, 1]
(0.9676979872398059, 0.3386919985385462, 0.9704503205604833, 0.18002748511223077, 0.6923076923076931, 0.6923076923076931, 0.5577761701308234, 0.1673488480879429, 0.9604927978478356, 0.9503981203498251)
[7, 10, 7, 10, 3, 3, 3, 8, 9, 1, 5, 3, 4, 10, 5, 3, 8, 6, 7, 1, 1, 9, 10, 4, 10, 9, 6, 2, 2, 5, 10, 5, 9, 10, 5, 10, 7, 4, 3, 8, 10, 3, 9, 6, 10, 4, 9, 6, 7, 4, 1, 8, 3, 6, 5, 5, 4, 3, 5, 1, 10, 1]
(0.9635487276129406, 0.5197159409456187, 0.9664759737439436, 0.18002748511223077, 0.9713268402032535, 0.692307692307692, 0.9744346980936806, 0.17774189541671837, 0.703847529459747, 0.8544771740406047)
[1, 4, 4, 7, 8, 3, 4, 4, 7, 1, 7, 4, 3, 3, 4, 3, 1, 1, 5, 4, 1, 9, 9, 4, 10, 10, 6, 7, 3, 4, 9, 5, 9, 7, 1, 10, 7, 1, 5, 9, 6, 6, 4, 7, 10, 7, 6, 7, 7, 7, 6, 8, 3, 8, 5, 5, 4, 3, 5, 1, 7, 1]
(0.970902721863238, 0.5197159409456187, 0.9727799043990651, 0.18002748511223077, 0.9619563835673018, 0.9634619611315413, 0.9616978694684787, 0.17774189541671837, 0.676985354814681, 0.5838344960307916)
[7, 4, 4, 7, 10, 5, 3, 4, 7, 1, 4, 4, 3, 3, 4, 3, 1, 1, 6, 4, 1, 9, 9, 4, 10, 10, 6, 7, 3, 3, 9, 5, 9, 7, 7, 10, 7, 1, 5, 9, 9, 6, 4, 7, 10, 7, 6, 7, 4, 7, 6, 7, 2, 6, 5, 5, 4, 3, 5, 1, 7, 1]
(0.9715776276774686, 0.8299015219337494, 0.9373867728747409, 0.18002748511223077, 0.72767837205902, 0.6923076923076931, 0.9689102745614927, 0.17774189541671837, 0.6946837355382763, 0.5838344960307916)
[7, 1, 4, 7, 8, 3, 3, 8, 9, 1, 5, 4, 4, 3, 5, 3, 10, 6, 7, 1, 1, 9, 7, 2, 10, 9, 6, 2, 2, 5, 9, 5, 9, 6, 5, 10, 7, 4, 3, 8, 10, 3, 9, 6, 10, 8, 9, 6, 7, 5, 1, 8, 3, 6, 5, 5, 4, 3, 5, 1, 7, 1]
(0.698245457839223, 0.3783158753911034, 0.9692024094052595, 0.21057331666368997, 0.9772811255417744, 1.0, 0.9703369728289526, 0.18951132300357565, 0.5628963396884544, 0.6920444824636423)
[7, 4, 4, 8, 8, 3, 4, 4, 9, 1, 5, 4, 3, 3, 4, 3, 4, 1, 6, 4, 1, 9, 9, 4, 10, 10, 6, 7, 3, 4, 9, 5, 9, 7, 5, 10, 7, 1, 5, 9, 8, 6, 4, 7, 10, 7, 6, 7, 7, 10, 6, 2, 8, 3, 5, 5, 4, 3, 5, 1, 7, 1]
(0.9716627013869567, 0.5197159409456187, 0.965075579006223, 0.18002748511223077, 0.9380453062243749, 1.0, 0.9711242687888425, 0.18951132300357565, 0.6894668950699292, 0.5838344960307916)
[1, 4, 4, 7, 8, 3, 3, 4, 7, 1, 7, 4, 3, 5, 4, 3, 1, 1, 4, 8, 1, 9, 7, 4, 10, 10, 5, 7, 3, 4, 9, 5, 9, 7, 1, 10, 7, 1, 5, 9, 4, 6, 4, 7, 10, 7, 6, 7, 7, 7, 4, 8, 4, 8, 5, 5, 4, 3, 5, 1, 7, 1]
(0.9677414472214859, 0.5197159409456187, 0.3640541440807223, 0.18002748511223077, 0.9595741036348029, 0.6923076923076931, 0.2912804069928788, 0.18951132300357565, 0.963174473587422, 0.9503981203498251)
[6, 8, 4, 7, 8, 3, 3, 8, 9, 1, 5, 4, 4, 3, 5, 3, 10, 6, 7, 1, 1, 9, 7, 2, 8, 9, 6, 2, 2, 5, 9, 5, 9, 6, 5, 10, 7, 4, 3, 8, 10, 3, 9, 6, 10, 8, 9, 10, 7, 5, 1, 8, 3, 6, 5, 5, 4, 3, 5, 1, 10, 1]
(0.9680372047238034, 0.3783158753911034, 0.9697374586947244, 0.20043066810222707, 0.9774256353266517, 1.0, 0.9760000729002039, 0.18951132300357565, 0.7024456898681842, 0.7663523613475298)
[7, 4, 4, 7, 8, 3, 3, 4, 7, 1, 7, 4, 3, 3, 4, 3, 1, 7, 6, 4, 1, 9, 9, 4, 10, 10, 6, 7, 8, 4, 9, 5, 9, 7, 5, 10, 7, 1, 5, 9, 9, 6, 4, 7, 10, 7, 7, 7, 7, 7, 6, 8, 3, 6, 5, 5, 4, 3, 5, 1, 7, 1]
(0.9714997044764441, 0.8299015219337494, 0.41288259951397305, 0.18816832473267028, 0.9773717337287943, 1.0, 0.9754050019197147, 0.17774189541671837, 0.7463441296480625, 0.355673880123101)
[7, 4, 4, 7, 10, 10, 3, 4, 7, 1, 5, 1, 3, 3, 4, 3, 1, 1, 6, 4, 1, 9, 9, 4, 10, 10, 6, 7, 8, 4, 9, 5, 9, 7, 5, 10, 7, 1, 5, 9, 9, 6, 4, 7, 8, 7, 7, 7, 7, 7, 6, 8, 3, 6, 5, 5, 4, 3, 5, 1, 7, 1]
(0.972443557623772, 0.8299015219337494, 0.7571330300532314, 0.18002748511223077, 0.9737124308012407, 0.692307692307692, 0.975971161108462, 0.40874035989717267, 0.9478531955741326, 0.44204966304413806)
[7, 4, 4, 7, 8, 3, 3, 4, 7, 1, 7, 4, 3, 3, 4, 3, 1, 7, 6, 4, 1, 9, 9, 4, 10, 10, 6, 7, 8, 4, 9, 5, 9, 7, 5, 10, 7, 1, 5, 9, 9, 6, 1, 7, 8, 4, 6, 7, 7, 7, 1, 8, 3, 6, 5, 5, 4, 3, 5, 1, 7, 1]
(0.9708442403934877, 0.8299015219337494, 0.3632271968759536, 0.18816832473267028, 0.9770639820955674, 1.0, 0.705091671366247, 0.18951132300357565, 0.9686231971718353, 0.355673880123101)
[3, 4, 4, 7, 8, 3, 3, 4, 7, 1, 7, 4, 3, 1, 4, 3, 1, 1, 6, 4, 1, 9, 4, 4, 10, 10, 6, 7, 8, 4, 9, 5, 9, 7, 5, 10, 7, 1, 1, 9, 9, 7, 4, 7, 10, 7, 7, 7, 7, 7, 6, 8, 4, 6, 5, 5, 4, 3, 5, 1, 7, 1]
(0.9715287963859718, 0.5197159409456187, 0.9629993396811171, 0.17007260662595566, 0.9734925434924642, 1.0, 0.9672259655781071, 0.18951132300357565, 0.5838344960307916, 0.6953490593066569)
[7, 4, 4, 7, 8, 3, 3, 4, 7, 1, 5, 4, 3, 3, 4, 3, 1, 1, 6, 8, 1, 9, 7, 4, 10, 10, 6, 7, 8, 4, 9, 5, 10, 7, 5, 10, 7, 1, 5, 9, 9, 6, 4, 7, 10, 7, 7, 7, 8, 7, 6, 8, 3, 6, 5, 5, 4, 3, 5, 1, 7, 1]
(0.9697405113838593, 0.8299015219337494, 0.9673737230710667, 0.18816832473267028, 0.9780992214567938, 1.0, 0.9726913462392968, 0.17774189541671837, 0.9627351009286924, 0.39418547994153014)
[7, 4, 4, 7, 8, 3, 3, 4, 7, 1, 5, 4, 3, 3, 4, 3, 1, 1, 6, 4, 1, 9, 9, 4, 10, 10, 6, 7, 8, 4, 9, 5, 9, 7, 5, 10, 7, 1, 5, 9, 9, 6, 4, 7, 10, 7, 7, 7, 8, 7, 6, 8, 3, 6, 5, 5, 4, 3, 5, 1, 7, 1]
(0.9722627158276717, 0.8299015219337494, 0.17007260662595566, 0.18816832473267028, 0.9775948849506656, 1.0, 0.9723500459454935, 0.17774189541671837, 0.7075084171257936, 0.39418547994153014)
[1, 5, 4, 7, 8, 3, 4, 4, 7, 1, 5, 1, 3, 3, 4, 3, 1, 1, 6, 4, 1, 9, 9, 4, 10, 10, 6, 7, 8, 4, 9, 5, 9, 7, 5, 10, 7, 1, 5, 9, 9, 6, 4, 7, 8, 7, 7, 7, 7, 7, 6, 8, 3, 6, 5, 5, 4, 3, 5, 1, 7, 1]
(0.9722208756022138, 0.8299015219337494, 0.922844440583138, 0.18002748511223077, 0.9697798009030503, 1.0, 0.27052808078005647, 0.18951132300357565, 0.9674109249375742, 0.39418547994153014)
[1, 5, 4, 7, 4, 3, 3, 4, 7, 1, 1, 4, 3, 5, 4, 3, 5, 1, 5, 4, 1, 9, 9, 1, 10, 10, 6, 7, 8, 4, 9, 5, 9, 7, 5, 10, 7, 1, 5, 9, 9, 6, 4, 7, 8, 7, 7, 7, 7, 7, 6, 8, 3, 6, 5, 5, 4, 3, 5, 1, 7, 1]
(0.9729977802373452, 0.8299015219337494, 0.9655452902428787, 0.18816832473267028, 0.9742516352795044, 1.0, 0.43087800620123495, 0.18951132300357565, 0.5211158764548623, 0.39418547994153014)
[7, 1, 4, 7, 8, 3, 3, 8, 9, 1, 5, 4, 4, 3, 5, 3, 10, 6, 7, 1, 1, 9, 7, 2, 10, 9, 6, 2, 2, 5, 9, 5, 9, 6, 5, 10, 7, 6, 3, 8, 10, 3, 9, 6, 10, 8, 6, 7, 7, 7, 1, 8, 3, 6, 5, 5, 4, 3, 5, 1, 10, 1]
(0.7165136716328586, 0.3783158753911034, 0.9702824638225119, 0.18002748511223077, 0.978345127310602, 1.0, 0.9750409725122134, 0.18951132300357565, 0.7979260182939513, 0.8544771740406047)
[7, 8, 4, 7, 8, 3, 3, 8, 9, 1, 5, 4, 4, 3, 5, 3, 8, 6, 7, 1, 1, 9, 7, 2, 10, 9, 6, 2, 2, 5, 9, 5, 9, 6, 5, 10, 7, 6, 3, 8, 10, 3, 9, 6, 10, 8, 6, 7, 7, 7, 1, 8, 3, 6, 5, 5, 4, 3, 5, 1, 10, 1]
(0.7090290476568067, 0.3783158753911034, 0.9703043240122479, 0.18002748511223077, 0.9796116531826534, 1.0, 0.9765189870260635, 0.18951132300357565, 0.7883816315792541, 0.8544771740406047)
[7, 1, 5, 7, 10, 3, 3, 8, 9, 1, 5, 4, 4, 2, 7, 9, 10, 6, 9, 1, 4, 8, 4, 6, 3, 9, 6, 2, 2, 3, 10, 5, 9, 10, 5, 4, 7, 6, 8, 1, 9, 4, 9, 6, 5, 4, 6, 7, 7, 7, 4, 9, 5, 4, 5, 5, 5, 3, 5, 5, 10, 1]
(0.3783158753911034, 0.3783158753911034, 0.9731870546005648, 0.20043066810222707, 0.9784563614986815, 1.0, 0.7148090864531721, 0.17774189541671837, 0.7792064870707729, 0.8544771740406047)
[1, 4, 2, 7, 4, 5, 4, 4, 7, 1, 7, 4, 3, 7, 4, 3, 2, 3, 6, 8, 1, 9, 9, 4, 10, 10, 6, 7, 8, 4, 9, 5, 9, 5, 2, 10, 7, 1, 5, 9, 9, 6, 1, 7, 8, 4, 6, 7, 7, 3, 4, 8, 6, 8, 5, 5, 4, 3, 5, 1, 7, 1]
(0.9745043066330235, 0.8299015219337494, 0.6074941159226044, 0.20043066810222707, 0.9684581249020976, 1.0, 0.953278476092963, 0.18951132300357565, 0.39418547994153014, 0.39418547994153014)
[1, 5, 4, 7, 4, 3, 3, 4, 7, 1, 1, 4, 3, 5, 4, 3, 5, 1, 5, 4, 1, 9, 9, 1, 10, 10, 6, 7, 8, 4, 9, 5, 9, 7, 5, 10, 7, 1, 5, 9, 9, 6, 4, 7, 10, 7, 7, 7, 7, 7, 6, 8, 8, 8, 5, 5, 4, 3, 5, 1, 7, 1]
(0.9727374403737465, 0.8299015219337494, 0.6764456498436656, 0.17007260662595566, 0.9741257567889968, 1.0, 0.9631904200650735, 0.17774189541671837, 0.5662072443403332, 0.44204966304413806)
[6, 8, 4, 7, 8, 3, 3, 8, 9, 1, 5, 4, 4, 3, 5, 3, 10, 6, 7, 1, 1, 9, 7, 2, 8, 9, 6, 2, 2, 5, 9, 5, 9, 6, 5, 10, 7, 4, 3, 8, 10, 3, 9, 6, 10, 8, 6, 7, 7, 7, 1, 8, 3, 6, 5, 5, 4, 3, 5, 1, 10, 1]
(0.7072092195041503, 0.3783158753911034, 0.9709548828192036, 0.20043066810222707, 0.9773941463790814, 1.0, 0.18951132300357565, 0.18951132300357565, 0.7063065753318393, 0.8544771740406047)
[6, 8, 4, 7, 8, 3, 3, 8, 9, 1, 5, 4, 4, 3, 5, 3, 10, 6, 7, 1, 1, 9, 7, 2, 8, 9, 6, 2, 2, 5, 9, 5, 9, 6, 5, 10, 7, 6, 3, 8, 10, 3, 9, 6, 10, 8, 6, 7, 7, 10, 1, 8, 3, 6, 5, 5, 4, 3, 5, 1, 10, 1]
(0.7039172953926051, 0.3783158753911034, 0.9729849471710602, 0.20043066810222707, 0.9760840923525373, 1.0, 0.978326749522237, 0.18951132300357565, 0.8403035839088283, 0.8544771740406047)
[6, 8, 4, 7, 8, 3, 3, 8, 9, 1, 5, 4, 4, 3, 5, 3, 10, 6, 7, 1, 1, 9, 7, 2, 8, 9, 6, 2, 2, 5, 9, 5, 9, 6, 5, 10, 7, 6, 3, 8, 10, 3, 9, 6, 10, 8, 6, 7, 7, 10, 1, 8, 3, 6, 5, 5, 4, 3, 5, 1, 10, 1]
(0.7039172953926051, 0.3783158753911034, 0.9729849471710602, 0.20043066810222707, 0.9760840923525373, 1.0, 0.978326749522237, 0.18951132300357565, 0.8403035839088283, 0.8544771740406047)
[6, 8, 4, 7, 8, 3, 3, 8, 9, 1, 5, 4, 4, 3, 5, 3, 10, 6, 7, 1, 1, 9, 7, 2, 8, 9, 6, 2, 2, 5, 9, 5, 9, 6, 5, 10, 7, 4, 3, 8, 10, 3, 9, 6, 10, 8, 6, 7, 7, 7, 1, 8, 3, 6, 5, 5, 4, 3, 5, 1, 10, 1]
(0.7072092195041503, 0.3783158753911034, 0.9709548828192036, 0.20043066810222707, 0.9773941463790814, 1.0, 0.9758458430878798, 0.18951132300357565, 0.7063065753318393, 0.8544771740406047)
[1, 4, 2, 7, 4, 5, 4, 4, 7, 1, 7, 4, 3, 3, 4, 3, 1, 7, 6, 4, 1, 9, 9, 4, 10, 10, 6, 7, 9, 4, 9, 5, 9, 7, 1, 10, 7, 1, 5, 9, 6, 6, 4, 7, 10, 7, 6, 7, 7, 2, 4, 8, 5, 8, 5, 5, 4, 3, 5, 1, 7, 1]
(0.9707108506001512, 0.8299015219337494, 0.9694462797604483, 0.17007260662595566, 0.9709329278208297, 1.0, 0.3162572340108426, 0.18951132300357565, 0.9713101943023483, 0.44204966304413806)
[7, 1, 5, 8, 5, 3, 4, 4, 2, 5, 2, 5, 3, 1, 4, 5, 8, 4, 7, 1, 1, 9, 4, 2, 10, 10, 4, 3, 2, 5, 1, 5, 2, 10, 5, 10, 7, 10, 10, 5, 9, 5, 4, 7, 10, 7, 6, 7, 7, 7, 6, 8, 3, 6, 5, 5, 4, 3, 5, 1, 10, 1]
(0.708529650885614, 0.3783158753911034, 0.9672780592925828, 0.20043066810222707, 0.9561668229289336, 1.0, 0.7294872553087798, 0.2029499361792654, 0.824215413350615, 0.8544771740406047)
[1, 4, 4, 7, 8, 3, 3, 4, 7, 1, 7, 4, 3, 3, 4, 3, 1, 7, 6, 4, 1, 9, 9, 4, 10, 10, 6, 7, 8, 5, 9, 5, 9, 7, 5, 10, 7, 1, 5, 9, 9, 7, 4, 7, 10, 7, 6, 7, 7, 7, 4, 8, 4, 8, 5, 5, 4, 3, 5, 1, 7, 1]
(0.9720489765517395, 0.8299015219337494, 0.5001575932838063, 0.18002748511223077, 0.9671485203318281, 1.0, 0.17774189541671837, 0.18951132300357565, 0.5033825243823256, 0.44204966304413806)
[1, 4, 4, 7, 4, 5, 4, 4, 7, 1, 7, 4, 3, 3, 4, 3, 1, 1, 5, 4, 1, 9, 8, 4, 10, 10, 6, 7, 3, 4, 9, 5, 9, 7, 1, 10, 7, 1, 5, 9, 6, 6, 4, 10, 10, 7, 6, 7, 7, 7, 4, 8, 4, 8, 5, 5, 4, 3, 5, 1, 7, 1]
(0.9652339619584364, 0.6604132035146063, 0.9713827467523497, 0.18002748511223077, 0.9637916618026774, 0.692307692307692, 0.738935498800133, 0.17774189541671837, 0.9591658036224527, 0.9503981203498251)
[1, 4, 2, 7, 4, 5, 4, 4, 7, 1, 7, 4, 3, 2, 4, 3, 1, 2, 6, 4, 1, 9, 9, 4, 10, 10, 6, 7, 8, 4, 9, 5, 9, 7, 1, 10, 7, 1, 5, 9, 6, 6, 4, 7, 10, 7, 6, 7, 7, 8, 4, 8, 6, 8, 5, 5, 4, 3, 5, 1, 7, 1]
(0.9705202837474625, 0.8299015219337494, 0.7044428340159381, 0.20043066810222707, 0.9701790924184006, 1.0, 0.967850861977784, 0.18951132300357565, 0.969472395721821, 0.44204966304413806)
[7, 4, 4, 7, 8, 3, 3, 4, 7, 1, 7, 4, 3, 3, 4, 3, 1, 7, 6, 4, 1, 9, 9, 4, 10, 10, 6, 7, 8, 4, 9, 5, 9, 7, 5, 10, 7, 1, 5, 9, 9, 7, 4, 7, 10, 7, 7, 7, 7, 7, 6, 8, 3, 6, 5, 5, 4, 3, 5, 1, 7, 1]
(0.9691602657549065, 0.8299015219337494, 0.9660538326017543, 0.17007260662595566, 0.9783538931049387, 0.978269193228332, 0.9722573458217065, 0.18951132300357565, 0.9692542099393886, 0.5031442194734296)
[7, 4, 4, 7, 8, 3, 3, 4, 7, 1, 7, 4, 3, 3, 4, 3, 1, 7, 6, 4, 1, 9, 9, 4, 10, 10, 6, 7, 8, 4, 9, 5, 9, 7, 5, 10, 7, 1, 5, 9, 9, 7, 4, 7, 10, 7, 7, 7, 7, 7, 6, 8, 3, 6, 5, 5, 4, 3, 5, 1, 7, 1]
(0.9691602657549065, 0.8299015219337494, 0.9660538326017543, 0.17007260662595566, 0.9783538931049387, 0.978269193228332, 0.9722573458217065, 0.18951132300357565, 0.9692542099393886, 0.5031442194734296)
[7, 4, 4, 7, 8, 3, 3, 4, 7, 1, 7, 4, 3, 3, 4, 3, 1, 7, 6, 4, 1, 9, 9, 4, 10, 10, 6, 7, 8, 4, 9, 5, 9, 7, 5, 10, 7, 1, 5, 9, 9, 7, 4, 7, 10, 7, 7, 7, 7, 7, 6, 8, 3, 6, 5, 5, 4, 3, 5, 1, 7, 1]
(0.9691602657549065, 0.8299015219337494, 0.9660538326017543, 0.17007260662595566, 0.9783538931049387, 0.978269193228332, 0.9722573458217065, 0.18951132300357565, 0.9692542099393886, 0.5031442194734296)
[7, 4, 4, 7, 8, 3, 3, 4, 7, 1, 7, 4, 3, 3, 4, 3, 1, 7, 6, 4, 3, 9, 9, 4, 10, 10, 6, 7, 8, 4, 9, 5, 9, 7, 5, 10, 7, 1, 5, 9, 9, 6, 1, 7, 8, 7, 6, 7, 4, 7, 9, 8, 3, 6, 5, 5, 4, 3, 5, 1, 7, 1]
(0.9743776113726179, 0.8299015219337494, 0.9664010078646225, 0.17007260662595566, 0.9652699525468034, 1.0, 0.9737307230941931, 0.18951132300357565, 0.5031442194734296, 0.5031442194734296)
[7, 4, 4, 8, 8, 3, 4, 4, 9, 1, 5, 4, 3, 3, 4, 3, 1, 1, 6, 4, 1, 9, 9, 4, 10, 10, 6, 7, 3, 4, 9, 5, 9, 7, 5, 10, 7, 1, 5, 9, 9, 6, 4, 7, 10, 7, 6, 7, 7, 10, 6, 2, 8, 6, 5, 5, 4, 3, 5, 1, 7, 1]
(0.9716726881451887, 0.8299015219337494, 0.9633032393641753, 0.18002748511223077, 0.935094068478792, 0.9348834448494006, 0.578690708521756, 0.17774189541671837, 0.6955521387048089, 0.5838344960307916)
[2, 4, 4, 7, 8, 3, 3, 4, 7, 1, 1, 4, 3, 3, 4, 3, 1, 1, 6, 8, 1, 9, 9, 4, 8, 10, 4, 7, 8, 4, 9, 5, 9, 9, 5, 10, 7, 1, 5, 9, 9, 6, 4, 7, 10, 8, 6, 5, 7, 10, 6, 2, 8, 6, 5, 5, 4, 3, 5, 1, 7, 1]
(0.9666398243047278, 0.8299015219337494, 0.42929352698847334, 0.18002748511223077, 0.9608675564639254, 0.692307692307692, 0.3385755679570081, 0.18951132300357565, 0.9503981203498251, 0.817997977755307)
[7, 4, 4, 7, 8, 3, 3, 4, 7, 1, 7, 4, 3, 3, 4, 3, 1, 7, 6, 4, 3, 9, 9, 4, 10, 10, 6, 7, 8, 4, 9, 5, 9, 7, 5, 10, 7, 1, 5, 7, 9, 6, 1, 7, 8, 7, 6, 7, 4, 7, 9, 8, 3, 6, 5, 5, 4, 3, 5, 1, 7, 1]
(0.9736819074489157, 0.8299015219337494, 0.9661843742243927, 0.18816832473267028, 0.9662122352980059, 1.0, 0.8779768823646011, 0.18951132300357565, 0.967902674060313, 0.5031442194734296)
[1, 4, 4, 7, 8, 3, 3, 4, 7, 1, 7, 4, 3, 3, 4, 3, 1, 1, 6, 8, 1, 9, 7, 4, 10, 10, 5, 7, 3, 4, 9, 5, 9, 7, 1, 10, 7, 1, 5, 9, 4, 6, 4, 7, 10, 7, 6, 7, 7, 7, 4, 8, 4, 8, 5, 5, 4, 3, 5, 1, 7, 1]
(0.9700407902710121, 0.5197159409456187, 0.18002748511223077, 0.18002748511223077, 0.9603418630547805, 1.0, 0.7531790119595868, 0.17774189541671837, 0.9622444418258949, 0.8544771740406047)
[1, 4, 4, 7, 4, 5, 4, 4, 7, 1, 7, 4, 3, 3, 4, 3, 1, 1, 6, 8, 1, 9, 7, 4, 10, 10, 5, 7, 3, 4, 9, 5, 9, 7, 1, 10, 7, 1, 5, 9, 4, 6, 4, 7, 10, 7, 6, 7, 7, 7, 4, 8, 4, 8, 5, 5, 4, 3, 5, 1, 7, 1]
(0.9675583536736649, 0.8299015219337494, 0.9672006961889547, 0.18002748511223077, 0.9627194539643807, 0.692307692307692, 0.37421838743611613, 0.17774189541671837, 0.9642268995754403, 0.8595207177428886)
[1, 4, 4, 7, 4, 5, 4, 4, 7, 1, 7, 4, 3, 3, 4, 3, 1, 1, 6, 8, 1, 9, 7, 4, 10, 10, 5, 7, 3, 4, 9, 5, 9, 7, 1, 10, 7, 1, 5, 9, 4, 6, 4, 7, 10, 7, 6, 7, 7, 7, 4, 8, 4, 8, 5, 5, 4, 3, 5, 1, 7, 1]
(0.9675583536736649, 0.8299015219337494, 0.9672006961889547, 0.18002748511223077, 0.9627194539643807, 0.692307692307692, 0.37421838743611613, 0.17774189541671837, 0.9642268995754403, 0.8595207177428886)
[7, 4, 4, 8, 8, 3, 4, 4, 9, 1, 5, 4, 3, 3, 3, 3, 8, 1, 6, 4, 1, 9, 9, 3, 10, 10, 6, 7, 8, 4, 9, 5, 9, 7, 5, 10, 7, 1, 5, 9, 9, 6, 1, 7, 8, 7, 6, 7, 4, 7, 9, 8, 3, 6, 5, 5, 4, 3, 5, 1, 5, 1]
(0.9602338562719507, 0.8299015219337494, 0.9609483120031639, 0.18002748511223077, 0.9689122340641898, 0.9688248545862717, 0.7255276755429847, 0.17774189541671837, 0.5838344960307916, 0.5838344960307916)
[7, 1, 5, 7, 10, 3, 4, 4, 4, 5, 5, 7, 4, 2, 7, 5, 10, 6, 9, 1, 4, 8, 4, 2, 3, 9, 6, 2, 2, 3, 10, 5, 9, 10, 5, 4, 7, 4, 8, 1, 9, 4, 9, 6, 5, 4, 6, 7, 7, 9, 4, 9, 5, 4, 5, 5, 5, 3, 5, 5, 10, 1]
(0.7091161091811978, 0.5197159409456187, 0.9698617125861326, 0.18002748511223077, 0.9781376759521644, 1.0, 0.9754037969745675, 0.18951132300357565, 0.8544771740406047, 0.8544771740406047)
[1, 4, 4, 7, 4, 5, 4, 4, 7, 1, 7, 4, 3, 3, 4, 3, 1, 1, 6, 5, 1, 9, 7, 9, 10, 10, 6, 7, 3, 4, 9, 5, 9, 7, 1, 10, 7, 1, 5, 9, 6, 6, 4, 7, 10, 7, 6, 7, 7, 7, 4, 8, 4, 8, 5, 5, 4, 3, 5, 1, 7, 1]
(0.9691295512951893, 0.8299015219337494, 0.9747517927549759, 0.20043066810222707, 0.6923076923076931, 0.6923076923076931, 0.8935125353746111, 0.17774189541671837, 0.96562202433124, 0.8595207177428886)
[7, 1, 5, 8, 5, 3, 4, 4, 2, 5, 2, 5, 3, 1, 4, 5, 8, 4, 7, 1, 1, 9, 4, 2, 10, 10, 1, 2, 2, 5, 1, 5, 2, 10, 5, 10, 7, 10, 10, 5, 9, 6, 4, 7, 10, 7, 6, 7, 7, 7, 6, 8, 3, 6, 5, 5, 4, 3, 5, 1, 10, 1]
(0.9423717054538417, 0.5197159409456187, 0.9678351596929115, 0.20043066810222707, 0.9474539821036146, 1.0, 0.6940878962166628, 0.18951132300357565, 0.8667633539997049, 0.8544771740406047)
[7, 4, 4, 7, 10, 10, 3, 4, 7, 1, 7, 4, 3, 4, 4, 3, 1, 7, 6, 4, 3, 9, 9, 4, 10, 10, 6, 7, 8, 4, 9, 3, 9, 7, 5, 10, 7, 1, 5, 9, 9, 7, 4, 7, 10, 7, 6, 7, 4, 7, 6, 7, 2, 6, 5, 5, 4, 3, 5, 1, 7, 1]
(0.9734925235621611, 0.8299015219337494, 0.9687981831841153, 0.17007260662595566, 0.9651650714687985, 1.0, 0.9704067644663137, 0.18951132300357565, 0.5838344960307916, 0.5838344960307916)
[7, 4, 4, 8, 8, 3, 4, 4, 9, 1, 5, 4, 3, 3, 4, 3, 4, 1, 6, 4, 1, 9, 9, 4, 10, 10, 6, 7, 3, 4, 9, 5, 9, 7, 5, 10, 7, 1, 5, 9, 8, 6, 4, 7, 10, 7, 6, 7, 7, 10, 6, 2, 8, 3, 5, 5, 4, 3, 5, 1, 7, 1]
(0.9716627013869567, 0.8299015219337494, 0.965075579006223, 0.18002748511223077, 0.9380453062243749, 1.0, 0.9711242687888425, 0.18951132300357565, 0.6894668950699292, 0.5838344960307916)
[7, 4, 4, 8, 8, 3, 4, 4, 9, 1, 5, 4, 3, 3, 4, 3, 8, 1, 6, 4, 1, 9, 9, 4, 10, 10, 6, 7, 3, 4, 9, 5, 9, 7, 5, 10, 7, 1, 5, 9, 9, 5, 1, 7, 8, 7, 6, 8, 3, 7, 6, 7, 2, 6, 5, 5, 4, 3, 5, 1, 7, 1]
(0.9714735039509812, 0.8299015219337494, 0.9688793423585575, 0.18002748511223077, 0.9547238686121986, 1.0, 0.6243858628906354, 0.18951132300357565, 0.6957904032431567, 0.5838344960307916)
[7, 4, 4, 7, 10, 5, 3, 4, 7, 1, 7, 4, 3, 3, 4, 3, 1, 7, 6, 4, 3, 9, 9, 4, 10, 10, 6, 7, 8, 4, 9, 5, 9, 7, 5, 10, 7, 1, 5, 9, 9, 6, 1, 7, 8, 7, 6, 7, 4, 7, 9, 8, 3, 6, 5, 5, 4, 3, 5, 1, 7, 1]
(0.9741830662824194, 0.8299015219337494, 0.9662521691061539, 0.18816832473267028, 0.9653353805653733, 1.0, 0.7610764191485975, 0.18951132300357565, 0.5031442194734296, 0.5838344960307916)
[7, 4, 4, 7, 10, 10, 4, 4, 9, 1, 7, 4, 3, 4, 6, 3, 1, 7, 6, 4, 3, 9, 9, 4, 10, 10, 6, 7, 8, 4, 9, 3, 9, 7, 5, 10, 7, 1, 5, 9, 9, 7, 4, 7, 10, 7, 5, 7, 4, 7, 6, 7, 2, 4, 5, 5, 4, 3, 5, 1, 7, 1]
(0.8299015219337494, 0.8299015219337494, 0.9738071504048984, 0.20043066810222707, 0.9696732769720238, 1.0, 0.9725098413415234, 0.18951132300357565, 0.6924921584315621, 0.5838344960307916)
[7, 4, 4, 7, 4, 3, 4, 4, 7, 1, 7, 9, 4, 3, 5, 3, 3, 6, 7, 1, 1, 9, 7, 2, 10, 9, 6, 2, 2, 5, 9, 5, 9, 6, 5, 5, 7, 4, 3, 8, 10, 3, 9, 6, 8, 4, 6, 4, 7, 5, 6, 8, 3, 8, 5, 5, 4, 3, 5, 1, 7, 1]
(0.9665120852179807, 0.5197159409456187, 0.8564442475326375, 0.23903493951476634, 0.9699448092840594, 1.0, 0.7971807138063056, 0.2364898363906792, 0.890517824608832, 0.8544771740406047)
[1, 4, 4, 7, 4, 5, 4, 4, 7, 1, 7, 4, 3, 3, 4, 3, 1, 1, 6, 5, 1, 9, 7, 4, 10, 10, 6, 7, 3, 4, 9, 5, 9, 7, 1, 10, 7, 1, 5, 9, 6, 6, 4, 7, 10, 7, 6, 7, 7, 7, 4, 8, 4, 8, 5, 5, 4, 3, 5, 1, 7, 1]
(0.9693394967354816, 0.8299015219337494, 0.9686010713689011, 0.18002748511223077, 0.961081547942011, 0.9603617488406582, 0.9655211449600738, 0.18951132300357565, 0.7346680275164571, 0.6953490593066569)
[7, 1, 7, 5, 3, 3, 3, 4, 7, 1, 5, 4, 4, 2, 5, 3, 3, 6, 7, 1, 1, 9, 3, 2, 10, 10, 1, 9, 2, 6, 1, 5, 2, 6, 5, 10, 7, 4, 10, 5, 9, 6, 4, 7, 10, 7, 4, 6, 7, 5, 6, 1, 5, 6, 5, 5, 4, 3, 4, 1, 10, 1]
(0.9610629155300541, 0.8299015219337494, 0.9676263249479218, 0.18002748511223077, 0.9702811372466367, 1.0, 0.6868304864503466, 0.0, 0.7070518950931751, 0.8544771740406047)
[7, 1, 7, 5, 3, 3, 3, 4, 7, 1, 5, 4, 4, 2, 5, 3, 3, 6, 7, 1, 1, 9, 3, 2, 10, 10, 1, 9, 2, 6, 1, 5, 2, 6, 5, 10, 7, 4, 10, 5, 9, 6, 4, 7, 10, 7, 4, 6, 7, 5, 6, 1, 5, 6, 5, 5, 4, 3, 4, 1, 10, 1]
(0.9610629155300541, 0.8299015219337494, 0.9676263249479218, 0.18002748511223077, 0.9702811372466367, 1.0, 0.6868304864503466, 0.0, 0.7070518950931751, 0.8544771740406047)
[1, 4, 4, 7, 4, 5, 4, 4, 7, 1, 7, 4, 3, 3, 4, 3, 1, 1, 5, 4, 1, 9, 8, 4, 10, 10, 6, 7, 3, 4, 9, 5, 9, 7, 1, 10, 7, 1, 5, 9, 6, 6, 4, 7, 10, 3, 6, 7, 7, 7, 4, 8, 4, 8, 5, 5, 4, 3, 5, 1, 7, 1]
(0.9710310795344393, 0.6604132035146063, 0.9476375189609813, 0.18002748511223077, 0.9622971742413922, 1.0, 0.9572383903898285, 0.17774189541671837, 0.9388562499545505, 0.8544771740406047)
[1, 4, 2, 7, 4, 5, 4, 4, 7, 1, 7, 4, 3, 3, 4, 3, 2, 1, 6, 8, 1, 9, 7, 4, 10, 10, 6, 7, 3, 4, 9, 5, 9, 7, 1, 10, 7, 1, 5, 9, 6, 6, 4, 7, 10, 7, 6, 7, 7, 7, 4, 8, 6, 8, 5, 5, 4, 3, 5, 1, 7, 1]
(0.9687735137529653, 0.8299015219337494, 0.36473020864650046, 0.18002748511223077, 0.9608065285719914, 0.9671422629617136, 0.5184430561028454, 0.17774189541671837, 0.9667029420845192, 0.7536486906117397)
[7, 4, 4, 7, 8, 3, 3, 4, 7, 1, 7, 4, 3, 3, 4, 3, 1, 1, 6, 8, 1, 9, 7, 4, 10, 10, 6, 7, 8, 4, 9, 5, 9, 7, 5, 10, 7, 1, 5, 9, 9, 7, 4, 7, 10, 7, 7, 7, 7, 7, 6, 8, 4, 6, 5, 5, 4, 3, 5, 1, 7, 1]
(0.9672396835871023, 0.8299015219337494, 0.9678169178776425, 0.17007260662595566, 0.9771995228715221, 1.0, 0.9709764818660896, 0.40874035989717267, 0.6966929127462231, 0.5031442194734296)
[6, 8, 4, 7, 8, 3, 5, 4, 9, 1, 5, 7, 4, 2, 7, 3, 1, 1, 6, 8, 1, 9, 7, 4, 10, 8, 6, 7, 3, 4, 9, 5, 9, 4, 1, 10, 7, 6, 3, 9, 10, 7, 9, 7, 10, 8, 7, 7, 7, 7, 1, 8, 3, 6, 5, 5, 4, 3, 5, 1, 10, 1]
(0.9701555694453401, 0.8299015219337494, 0.9721467177383584, 0.20043066810222707, 0.9689544544555229, 0.9491969569586204, 0.9664544540457409, 0.18951132300357565, 0.7871413334272843, 0.8544771740406047)
[1, 4, 2, 7, 4, 5, 4, 4, 7, 1, 7, 4, 3, 3, 4, 3, 1, 1, 6, 8, 1, 9, 7, 4, 10, 10, 6, 7, 3, 4, 9, 5, 9, 7, 1, 10, 7, 1, 5, 9, 6, 6, 4, 7, 10, 7, 6, 7, 7, 7, 4, 8, 4, 8, 5, 5, 4, 3, 5, 1, 7, 1]
(0.9710688267834464, 0.8299015219337494, 0.3977415475062969, 0.18002748511223077, 0.9622543240897341, 1.0, 0.6545029739849313, 0.17774189541671837, 0.9634907913394256, 0.8544771740406047)
[1, 4, 2, 7, 4, 5, 4, 4, 7, 1, 7, 4, 3, 3, 4, 3, 1, 1, 6, 8, 1, 9, 7, 4, 10, 10, 6, 7, 3, 4, 9, 5, 9, 7, 1, 10, 7, 1, 5, 9, 6, 6, 4, 7, 10, 7, 6, 7, 7, 7, 4, 8, 4, 8, 5, 5, 4, 3, 5, 1, 7, 1]
(0.9710688267834464, 0.8299015219337494, 0.3977415475062969, 0.18002748511223077, 0.9622543240897341, 1.0, 0.6545029739849313, 0.17774189541671837, 0.9634907913394256, 0.8544771740406047)
[1, 1, 2, 7, 4, 5, 4, 4, 7, 1, 7, 4, 3, 3, 4, 3, 1, 1, 6, 8, 1, 9, 7, 4, 10, 10, 6, 7, 3, 4, 9, 5, 9, 7, 1, 10, 7, 1, 5, 9, 6, 6, 4, 7, 10, 7, 6, 7, 7, 7, 4, 8, 4, 8, 5, 5, 4, 3, 5, 1, 7, 1]
(0.9660315732471627, 0.8299015219337494, 0.7048998852260435, 0.18002748511223077, 0.9626426029019042, 1.0, 0.8843379261903467, 0.17774189541671837, 0.9640586958266776, 0.8595207177428886)
[1, 4, 2, 7, 8, 3, 4, 4, 7, 1, 7, 4, 3, 3, 4, 3, 1, 1, 5, 4, 1, 9, 9, 4, 10, 10, 6, 7, 3, 4, 9, 5, 10, 7, 1, 10, 7, 1, 5, 9, 6, 6, 4, 7, 10, 7, 6, 7, 7, 7, 4, 7, 4, 8, 5, 5, 4, 3, 5, 1, 7, 1]
(0.9718860409222525, 0.8299015219337494, 0.9726574552245421, 0.18002748511223077, 0.9597806152887626, 0.9588946902193113, 0.9675529493950289, 0.18951132300357565, 0.9588808075524852, 0.9054843924884988)
