Matsuoka quadruped, body parameters:[1, 9, 5, 3, 1, 4, 4, 4, 9, 10, 3, 5, 1, 1, 9, 5, 4, 10, 2, 3, 10, 9, 4, 9, 10, 3, 5, 9, 5, 4, 5, 1]
{'b': 0.020000000000000004, 'gam': 0.09000000000000001, 'x0': 0.5, 'c': 1.5, 'a': 0.2}
Inter-module:
[[ 0.  -1.4 -1.4 -0.4]
 [-1.4  0.  -0.2 -1.6]
 [-1.4 -0.4  0.  -1.4]
 [-0.2 -1.6 -1.4  0. ]]
Intra-module:
[[ 0.  -0.2 -1.4]
 [-1.6  0.   1.8]
 [ 1.4 -0.6  0. ]]
Bias:[1.5 1.1 1.1]
Drive coeff:[ 0.7 -0.1 -0.3]
Base period:4.96
gen	evals	std                               	min       	avg                               	max                               
0  	92   	[0.01779077 0.0045986  0.        ]	[0. 0. 0.]	[0.00321864 0.00048206 0.        ]	[0.14998471 0.04434995 0.        ]
1  	92   	[0.02366356 0.00577234 0.01508045]	[0. 0. 0.]	[0.0058654  0.00090643 0.00219956]	[0.14998471 0.04434995 0.13091095]
2  	92   	[0.03370194 0.02486062 0.01918471]	[ 0.         -0.04256789  0.        ]	[0.010439   0.00450216 0.00401602]	[0.21700294 0.21238457 0.13091095]
3  	92   	[0.0363587  0.05508946 0.03231901]	[ 0.         -0.04256789  0.        ]	[0.01380999 0.01486562 0.00828852]	[0.21700294 0.31600223 0.22446411]
4  	92   	[0.04595491 0.07039731 0.04443206]	[ 0.         -0.04256789  0.        ]	[0.02171889 0.02264022 0.01397965]	[0.21700294 0.4054809  0.27175876]
5  	92   	[0.05764327 0.07726275 0.05114697]	[ 0.         -0.04256789  0.        ]	[0.04170926 0.03819684 0.02268544]	[0.26569062 0.4054809  0.27175876]
6  	92   	[0.06664477 0.13716036 0.05585405]	[ 0.         -0.04256789  0.        ]	[0.07232943 0.08393227 0.03331013]	[0.26569062 1.095127   0.27175876]
7  	92   	[0.09423276 0.18017199 0.08315602]	[ 0.         -0.04256789  0.        ]	[0.10124296 0.13569156 0.06979778]	[0.56284158 1.09994328 0.48502585]
8  	92   	[0.10625177 0.18957366 0.10060207]	[0. 0. 0.]                           	[0.13406754 0.16612139 0.10207674]	[0.56284158 1.09994328 0.64000856]
9  	92   	[0.11206034 0.19913199 0.13943077]	[ 0.          0.         -0.03158835]	[0.14934851 0.21959437 0.14466787]	[0.56284158 1.09994328 0.7181145 ]
10 	92   	[0.11909462 0.24128662 0.15782795]	[0. 0. 0.]                           	[0.17911465 0.26901831 0.18008599]	[0.56284158 1.09994328 0.7181145 ]
11 	92   	[0.14682371 0.26097274 0.17912285]	[0. 0. 0.]                           	[0.20031493 0.31216818 0.22227002]	[0.88745794 1.09994328 0.7181145 ]
12 	92   	[0.13955791 0.28939106 0.18782905]	[0. 0. 0.]                           	[0.21868472 0.34134561 0.24225744]	[0.88745794 1.09994328 0.7181145 ]
13 	92   	[0.13849082 0.33312196 0.21479305]	[0. 0. 0.]                           	[0.25008603 0.45814219 0.27783572]	[0.88745794 1.09994328 0.7181145 ]
14 	92   	[0.13527002 0.32640471 0.22504599]	[ 0.          0.         -0.03819701]	[0.26490044 0.50529811 0.30443213]	[0.88745794 1.09994328 0.7181145 ]
15 	92   	[0.12898795 0.34944771 0.22576897]	[ 0.          0.         -0.03819701]	[0.27512488 0.55099961 0.31781837]	[0.88745794 1.09994328 0.7181145 ]
16 	92   	[0.11928172 0.34879706 0.22771507]	[ 0.          0.         -0.03819701]	[0.29792165 0.60221962 0.31160233]	[0.88745794 1.10198598 0.7181145 ]
17 	92   	[0.10795472 0.35563494 0.22978323]	[ 0.07868506  0.         -0.03819701]	[0.31457292 0.58909777 0.32593104]	[0.88745794 1.10198598 0.71851228]
18 	92   	[0.11190555 0.34353073 0.23311365]	[ 0.07868506  0.         -0.05821795]	[0.31717393 0.62507921 0.3528463 ]	[0.88745794 1.10198598 0.72096521]
19 	92   	[0.11876637 0.35058818 0.2379654 ]	[-0.0487176   0.         -0.03819701]	[0.32325993 0.60052036 0.3619698 ]	[0.88745794 1.10198598 0.72166708]
20 	92   	[0.11817884 0.36081531 0.23176336]	[-0.0487176   0.         -0.03819701]	[0.33428193 0.63100411 0.33236637]	[0.88745794 1.10198598 0.72166708]
21 	92   	[0.11902117 0.35161551 0.23012447]	[-0.0487176   0.         -0.03819701]	[0.33990711 0.64485882 0.35129813]	[0.88745794 1.10198598 0.72166708]
22 	92   	[0.12947956 0.35431286 0.22794397]	[-0.0487176   0.         -0.03819701]	[0.34702433 0.66310026 0.35116835]	[0.88745794 1.10198598 0.72166708]
23 	92   	[0.13430138 0.34800089 0.23857421]	[-0.0487176   0.         -0.03819701]	[0.35710914 0.69131501 0.35361877]	[0.88745794 1.10198598 0.72166708]
24 	92   	[0.14143065 0.34780671 0.23618602]	[-0.0487176   0.         -0.03819701]	[0.3526369  0.70100707 0.38334727]	[0.88745794 1.10198598 0.72166708]
25 	92   	[0.14426323 0.34634565 0.24351582]	[-0.0487176   0.         -0.03819701]	[0.35890225 0.68127425 0.39670815]	[0.88745794 1.10285367 0.72166708]
26 	92   	[0.15605672 0.33685869 0.2510242 ]	[-0.0487176  0.         0.       ]   	[0.36336874 0.69555889 0.42482909]	[0.88771005 1.10285367 0.72166708]
27 	92   	[0.14636185 0.33784985 0.25233555]	[-0.0487176  0.         0.       ]   	[0.37672666 0.68068946 0.42126248]	[0.88771005 1.10285367 0.72166708]
28 	92   	[0.14917793 0.32777763 0.26070374]	[-0.0487176  0.         0.       ]   	[0.38579528 0.66538072 0.42864017]	[0.90809396 1.10285367 0.72166708]
29 	92   	[0.16382175 0.33596723 0.25780082]	[-0.0487176  0.         0.       ]   	[0.38945661 0.6586891  0.42044327]	[0.90927641 1.10285367 0.7229393 ]
30 	92   	[0.19058716 0.32319929 0.25742411]	[-0.04883879  0.          0.        ]	[0.38953017 0.66930185 0.41031811]	[0.90927641 1.10285367 0.7229393 ]
31 	92   	[0.21650121 0.31914006 0.24844818]	[-0.04883879  0.          0.        ]	[0.37440385 0.71353155 0.41516647]	[0.90927641 1.10285367 0.7229393 ]
32 	92   	[0.22972138 0.34244499 0.25426264]	[-0.04883879  0.          0.        ]	[0.40635646 0.69204341 0.40960425]	[0.90927641 1.10285367 0.7229393 ]
33 	92   	[0.24145945 0.33900896 0.2458666 ]	[-0.04883879  0.          0.        ]	[0.4443808  0.64818237 0.41944906]	[0.90927641 1.10285367 0.7229393 ]
34 	92   	[0.25717778 0.31283338 0.25114021]	[-0.04883879  0.          0.        ]	[0.42932855 0.71694233 0.4532924 ]	[0.90927641 1.10285367 0.85511404]
35 	92   	[0.26676793 0.31573117 0.25132879]	[-0.04883879  0.          0.        ]	[0.45488838 0.67833679 0.45488431]	[0.90927641 1.10285367 0.85511404]
36 	92   	[0.24684205 0.3033441  0.24207604]	[-0.0487176  0.         0.       ]   	[0.43110015 0.69979135 0.46883828]	[0.90929916 1.10285367 0.85511404]
37 	92   	[0.24963616 0.31315917 0.24960655]	[-0.0487176   0.         -0.04879069]	[0.44769281 0.68245379 0.46553226]	[0.90944386 1.10285367 0.85852012]
38 	92   	[0.25212876 0.30522699 0.24223925]	[0.08243881 0.         0.        ]   	[0.49077392 0.68950303 0.46553985]	[0.90944386 1.10285367 0.85852012]
39 	92   	[0.24156222 0.30676526 0.23997256]	[0.08243881 0.         0.        ]   	[0.4559031  0.71004385 0.47673066]	[0.90944386 1.10285367 0.85852012]
40 	92   	[0.2195202  0.30643042 0.23173829]	[0.08243881 0.         0.        ]   	[0.43642127 0.72540015 0.49724171]	[0.90944386 1.10285367 0.85852012]
41 	92   	[0.22662702 0.29826624 0.23354248]	[0. 0. 0.]                           	[0.4414438  0.72968962 0.50011163]	[0.90944386 1.10285367 0.85852012]
42 	92   	[0.22224046 0.29716225 0.23324826]	[0. 0. 0.]                           	[0.44883144 0.72821883 0.50243246]	[0.90944386 1.10285367 0.85852012]
43 	92   	[0.22996477 0.31584399 0.23295009]	[0. 0. 0.]                           	[0.47369583 0.69453275 0.50764098]	[0.90944386 1.10285367 0.85852012]
44 	92   	[0.2226466  0.30530669 0.23457073]	[0. 0. 0.]                           	[0.44975835 0.70476494 0.51329252]	[0.90944386 1.10285367 0.85852012]
45 	92   	[0.21948298 0.29817265 0.23396766]	[0. 0. 0.]                           	[0.4517171  0.71071737 0.51345331]	[0.90944386 1.10285367 0.85852012]
46 	92   	[0.22004748 0.3065765  0.23663276]	[0. 0. 0.]                           	[0.46813374 0.70105469 0.50050366]	[0.90944386 1.10285367 0.85852012]
47 	92   	[0.22233018 0.30571926 0.23081609]	[0.08243881 0.         0.        ]   	[0.48653003 0.68733749 0.51303841]	[0.90944386 1.10285367 0.85852012]
48 	92   	[0.22039932 0.30495452 0.23350293]	[0.08243881 0.         0.        ]   	[0.4892918  0.68364397 0.51087302]	[0.90944386 1.10285367 0.85852012]
49 	92   	[0.21579765 0.28845172 0.23183381]	[0.08243881 0.         0.        ]   	[0.4838807  0.69980209 0.52067885]	[0.90944386 1.10285367 0.85852012]
50 	92   	[0.23231331 0.31398647 0.23635615]	[0.08243881 0.         0.        ]   	[0.50579077 0.69853579 0.49657518]	[0.90939454 1.10285367 0.85852012]
51 	92   	[0.24652743 0.3167047  0.234826  ]	[0.08243881 0.         0.        ]   	[0.51811657 0.70878448 0.46444003]	[0.90939454 1.10285367 0.85852012]
52 	92   	[0.24696258 0.30295748 0.23323232]	[-0.00289193  0.          0.        ]	[0.52132521 0.72741475 0.46505712]	[0.90939454 1.10285367 0.85852012]
53 	92   	[0.24922639 0.29760579 0.23694924]	[-0.00289193  0.          0.        ]	[0.52760806 0.73692139 0.45717964]	[0.90939454 1.10285367 0.85852012]
54 	92   	[0.25156219 0.28468456 0.23792416]	[-0.00289193  0.          0.        ]	[0.52208046 0.75007653 0.4613557 ]	[0.90939454 1.10285367 0.85852012]
55 	92   	[0.24940485 0.29312616 0.23876083]	[0.09397216 0.         0.        ]   	[0.53938131 0.73726973 0.45960538]	[0.90939454 1.10285367 0.85852012]
56 	92   	[0.24499002 0.28857436 0.23648751]	[0.09397216 0.         0.        ]   	[0.53386035 0.75540683 0.46104096]	[0.90943519 1.10285367 0.85852012]
57 	92   	[0.24731752 0.28581179 0.22859571]	[0.09397216 0.         0.        ]   	[0.52949406 0.76883299 0.46763554]	[0.90943519 1.10285367 0.85852012]
58 	92   	[0.24702769 0.28530935 0.22599249]	[0.13687581 0.         0.        ]   	[0.53749099 0.77082285 0.45999222]	[0.90943519 1.10285367 0.85852012]
59 	92   	[0.24156402 0.27641875 0.23262304]	[0.13687581 0.         0.        ]   	[0.52626446 0.7972942  0.46135909]	[0.90931166 1.10285367 0.85852012]
60 	92   	[0.24137278 0.26988539 0.24260978]	[0.13687581 0.         0.        ]   	[0.50749673 0.8134629  0.44326879]	[0.90931166 1.10285367 0.85852012]
61 	92   	[0.24588274 0.26170746 0.23600066]	[0. 0. 0.]                           	[0.5004073  0.77763848 0.48089492]	[0.90931166 1.10142673 1.0107395 ]
62 	92   	[0.24551593 0.26217304 0.22951255]	[0. 0. 0.]                           	[0.4980222  0.78633687 0.47773966]	[0.90931166 1.10138134 1.0107395 ]
63 	92   	[0.24554391 0.25748096 0.23180284]	[0. 0. 0.]                           	[0.4962226  0.78843155 0.48838847]	[0.90931166 1.10138134 1.0107395 ]
64 	92   	[0.23863561 0.25824885 0.22653916]	[0. 0. 0.]                           	[0.50809942 0.78114501 0.4786376 ]	[0.90931166 1.10138134 1.0107395 ]
65 	92   	[0.24419376 0.26288014 0.22236862]	[0. 0. 0.]                           	[0.5003419  0.7903236  0.47628593]	[0.90931166 1.10138134 1.0107395 ]
66 	92   	[0.24709725 0.2518964  0.23631428]	[0. 0. 0.]                           	[0.51322334 0.78761186 0.49078259]	[0.90941086 1.10138134 1.0107395 ]
67 	92   	[0.25137449 0.25015389 0.23551238]	[0.         0.         0.11306467]   	[0.52571723 0.78402839 0.49670171]	[0.90941086 1.10138134 1.0107395 ]
68 	92   	[0.23688004 0.23667285 0.23888764]	[0.         0.         0.11306467]   	[0.51645502 0.82375873 0.49425028]	[0.90941086 1.10138134 1.0107395 ]
69 	92   	[0.2659225  0.23490401 0.23254884]	[0. 0. 0.]                           	[0.500246   0.81036565 0.48213052]	[0.90941086 1.10159792 1.0107395 ]
70 	92   	[0.27168074 0.24612115 0.23929969]	[0. 0. 0.]                           	[0.52206747 0.81298093 0.47207126]	[0.91726752 1.10159792 1.0107395 ]
71 	92   	[0.27112611 0.24681301 0.24485791]	[-0.05244256  0.          0.        ]	[0.49798252 0.83390474 0.47289321]	[0.91726752 1.10159792 1.0107395 ]
72 	92   	[0.27203462 0.25272295 0.25406706]	[-0.05244256  0.          0.        ]	[0.50635522 0.82875655 0.45906581]	[0.91726752 1.10159792 1.0107395 ]
73 	92   	[0.26604457 0.25183752 0.25183373]	[0. 0. 0.]                           	[0.49838253 0.82654703 0.47520352]	[0.91726752 1.10159792 1.0107395 ]
74 	92   	[0.26708776 0.24969358 0.24055896]	[0. 0. 0.]                           	[0.49473386 0.82743716 0.50144159]	[0.91726752 1.10159792 1.0107395 ]
75 	92   	[0.26771209 0.25077928 0.24089987]	[0. 0. 0.]                           	[0.49227977 0.82884437 0.50491441]	[0.91726752 1.10159792 1.0107395 ]
76 	92   	[0.27519387 0.25252832 0.24704809]	[0. 0. 0.]                           	[0.48839243 0.82560781 0.49676653]	[0.91726752 1.10159792 1.0107395 ]
77 	92   	[0.27789082 0.25314111 0.24193828]	[0. 0. 0.]                           	[0.48364855 0.8263956  0.50030254]	[0.91726752 1.10159792 1.0107395 ]
78 	92   	[0.26921778 0.25224518 0.24281375]	[0. 0. 0.]                           	[0.51514028 0.80536983 0.51180756]	[0.91726752 1.10159792 1.0107395 ]
79 	92   	[0.27924815 0.25161709 0.24761107]	[0. 0. 0.]                           	[0.51714649 0.79071984 0.5277165 ]	[0.91906629 1.10159792 1.0107395 ]
80 	92   	[0.27733923 0.26605636 0.25773441]	[0. 0. 0.]                           	[0.50292881 0.79551844 0.52480274]	[0.91906629 1.10159792 1.0107395 ]
81 	92   	[0.27346508 0.27217148 0.25361694]	[0. 0. 0.]                           	[0.4975398  0.80133539 0.53016507]	[0.92031227 1.10159792 1.0107395 ]
82 	92   	[0.282683   0.27719896 0.2569582 ]	[0. 0. 0.]                           	[0.50946352 0.80221479 0.52910589]	[0.92031227 1.10159792 1.0107395 ]
83 	92   	[0.28868116 0.28603789 0.25798793]	[0. 0. 0.]                           	[0.52665944 0.79327872 0.52359725]	[0.92031227 1.10159792 1.0107395 ]
84 	92   	[0.29234856 0.28640579 0.25332373]	[0.         0.         0.08704651]   	[0.53018039 0.78645896 0.53669809]	[0.92031227 1.10159792 1.0107395 ]
85 	92   	[0.29527658 0.28484927 0.25130197]	[0.         0.         0.08704651]   	[0.5317034  0.78260113 0.5447175 ]	[0.92031227 1.10159792 1.0107395 ]
86 	92   	[0.29344977 0.28068099 0.25039231]	[0.         0.         0.08704651]   	[0.52555486 0.79333706 0.54207539]	[0.92031227 1.10159792 1.0107395 ]
87 	92   	[0.29999231 0.28355189 0.25804706]	[0.         0.         0.08704651]   	[0.51634295 0.78402835 0.55421861]	[0.92031227 1.10159792 1.0107395 ]
88 	92   	[0.30318053 0.28773158 0.26533773]	[0.         0.         0.08704651]   	[0.52067804 0.78512884 0.53831973]	[0.92031227 1.10159792 1.0107395 ]
89 	92   	[0.29740873 0.27578625 0.26474517]	[0.         0.         0.08704651]   	[0.50143644 0.79694952 0.55695291]	[0.92031227 1.10159792 1.0107395 ]
90 	92   	[0.30198903 0.27636736 0.26418423]	[0.         0.         0.08704651]   	[0.50714035 0.79197609 0.56316936]	[0.92031227 1.10159792 1.0107395 ]
91 	92   	[0.30174266 0.27338041 0.27308787]	[0.         0.         0.08704651]   	[0.51412334 0.7983719  0.55119953]	[0.92031227 1.10159792 1.0107395 ]
92 	92   	[0.30138068 0.27614825 0.26778679]	[0.         0.         0.08704651]   	[0.51471727 0.79247753 0.56206493]	[0.92031227 1.10159792 1.0107395 ]
93 	92   	[0.29509641 0.27726288 0.27031165]	[0.         0.         0.08704651]   	[0.51450928 0.80050174 0.5549503 ]	[0.92031227 1.10159792 1.0107395 ]
94 	92   	[0.30247215 0.25927878 0.26303409]	[0. 0. 0.]                           	[0.52172706 0.83794051 0.52956549]	[0.92031227 1.10159792 1.0107395 ]
95 	92   	[0.30346092 0.26364914 0.26641679]	[0. 0. 0.]                           	[0.52573309 0.8431745  0.52025457]	[0.92031227 1.10159792 1.0107395 ]
96 	92   	[0.31084475 0.25683168 0.27799554]	[0. 0. 0.]                           	[0.55352107 0.79458414 0.53360552]	[0.92031227 1.10159792 1.0107395 ]
97 	92   	[0.31656138 0.28874635 0.27953067]	[0. 0. 0.]                           	[0.56134128 0.78735649 0.53910696]	[0.92031227 1.10159792 1.0107395 ]
98 	92   	[0.31396896 0.27498567 0.29137318]	[0. 0. 0.]                           	[0.5515915  0.78988411 0.53388683]	[0.92031227 1.10159792 1.0107395 ]
99 	92   	[0.31267258 0.26745252 0.28900761]	[0. 0. 0.]                           	[0.55234513 0.78801383 0.55148742]	[0.92031227 1.10159792 1.0107395 ]
100	92   	[0.30725229 0.26706977 0.27720563]	[0. 0. 0.]                           	[0.54751545 0.78767662 0.57474939]	[0.92031227 1.10159792 1.0107395 ]
101	92   	[0.30093495 0.26446554 0.27602433]	[0. 0. 0.]                           	[0.55752662 0.78374082 0.57073933]	[0.92031227 1.10159792 1.0107395 ]
102	92   	[0.29984493 0.25272563 0.27342645]	[0. 0. 0.]                           	[0.55376881 0.79549604 0.56791148]	[0.92031227 1.10159792 1.0107395 ]
103	92   	[0.29904287 0.25792818 0.27507851]	[0. 0. 0.]                           	[0.56235217 0.79558376 0.56033616]	[0.92031227 1.10159792 1.0107395 ]
104	92   	[0.29294261 0.26632342 0.28299894]	[0. 0. 0.]                           	[0.59982432 0.80137871 0.53691886]	[0.92031227 1.10159792 1.0107395 ]
105	92   	[0.29425115 0.26218779 0.28679345]	[0. 0. 0.]                           	[0.59652569 0.79985926 0.53890316]	[0.92031227 1.10159792 1.0107395 ]
106	92   	[0.289681   0.26392332 0.28781333]	[0. 0. 0.]                           	[0.57814084 0.807679   0.53617119]	[0.92031227 1.10159792 1.0107395 ]
107	92   	[0.29492203 0.26869089 0.29410498]	[0. 0. 0.]                           	[0.58040981 0.79860816 0.5249751 ]	[0.92031227 1.10159792 1.0107395 ]
108	92   	[0.30083182 0.27160197 0.28908122]	[0. 0. 0.]                           	[0.5677467  0.80753183 0.56678947]	[0.92031227 1.10159792 1.0107395 ]
109	92   	[0.30079012 0.26276809 0.2869676 ]	[0. 0. 0.]                           	[0.55392489 0.82776902 0.58136914]	[0.92031227 1.10159792 1.0107395 ]
110	92   	[0.2918038  0.26361292 0.29864224]	[0. 0. 0.]                           	[0.56078914 0.83151456 0.57819769]	[0.92031227 1.10159792 1.01273375]
111	92   	[0.29801091 0.26095786 0.2739576 ]	[0. 0. 0.]                           	[0.55935542 0.82056016 0.61471683]	[0.92031227 1.10159792 1.01273375]
112	92   	[0.29881249 0.26136907 0.27846715]	[0. 0. 0.]                           	[0.56184176 0.82486405 0.60517432]	[0.92031227 1.1022491  1.01273375]
113	92   	[0.29782031 0.26305419 0.27836614]	[0. 0. 0.]                           	[0.56387952 0.82416265 0.60494989]	[0.92031227 1.1022491  1.01273375]
114	92   	[0.29320723 0.26748138 0.27474448]	[0. 0. 0.]                           	[0.5640498  0.8150195  0.61701007]	[0.92031227 1.1022491  1.01273375]
115	92   	[0.29542371 0.26222345 0.27864004]	[0. 0. 0.]                           	[0.56024664 0.81933094 0.61042448]	[0.92031227 1.1022491  1.01273375]
116	92   	[0.29600467 0.26361593 0.29449116]	[0. 0. 0.]                           	[0.56809251 0.81744282 0.60012529]	[0.92031227 1.1022491  1.01273375]
117	92   	[0.28108156 0.27029185 0.29872204]	[0. 0. 0.]                           	[0.58811379 0.8149602  0.59080386]	[0.92031227 1.10475718 1.01273375]
118	92   	[0.27760363 0.26937159 0.29010346]	[0. 0. 0.]                           	[0.58278743 0.80647307 0.60009351]	[0.92031227 1.10475718 1.01273375]
119	92   	[0.27604228 0.25902986 0.27680009]	[0.         0.27083426 0.        ]   	[0.59714303 0.81200007 0.60438375]	[0.92031227 1.10475718 1.01273375]
120	92   	[0.27486187 0.25737847 0.2725543 ]	[0.         0.27083426 0.        ]   	[0.60597115 0.80662894 0.60993036]	[0.92031227 1.10475718 1.01273375]
121	92   	[0.27961828 0.26850605 0.27176338]	[0. 0. 0.]                           	[0.61152611 0.80132788 0.60697687]	[0.92031227 1.10475718 1.01273375]
122	92   	[0.27842112 0.26262126 0.27213876]	[0.         0.23282409 0.        ]   	[0.62498855 0.80849726 0.60060893]	[0.92031227 1.10475718 1.01273375]
123	92   	[0.27837166 0.26246709 0.26987418]	[0.         0.23282409 0.        ]   	[0.6316918  0.80875225 0.61202152]	[0.92031227 1.10475718 1.01308833]
124	92   	[0.27596737 0.27301145 0.26904737]	[0. 0. 0.]                           	[0.63930439 0.79251385 0.61337023]	[0.92031227 1.10475718 1.01308833]
125	92   	[0.25042355 0.27119986 0.27985787]	[0. 0. 0.]                           	[0.66380336 0.7908004  0.59582209]	[0.92031227 1.10475718 1.01308833]
126	92   	[0.24722281 0.27813297 0.27459482]	[0. 0. 0.]                           	[0.66279664 0.7731129  0.60884028]	[0.92031227 1.10475718 1.01308833]
127	92   	[0.24877546 0.27706018 0.27698305]	[0. 0. 0.]                           	[0.67060494 0.75651382 0.62518523]	[0.92031227 1.10475718 1.01308833]
128	92   	[0.24996587 0.27181815 0.28173961]	[0. 0. 0.]                           	[0.67734025 0.76744233 0.63073209]	[0.92031227 1.10475718 1.01308833]
129	92   	[0.25195978 0.27350095 0.27923052]	[0. 0. 0.]                           	[0.67495453 0.77250634 0.63198078]	[0.92031227 1.10475718 1.01308833]
130	92   	[0.25438829 0.2754605  0.28216869]	[0. 0. 0.]                           	[0.66838573 0.75967042 0.64281556]	[0.92031227 1.10475718 1.01308833]
131	92   	[0.25692945 0.26714447 0.29049139]	[0. 0. 0.]                           	[0.66349596 0.77412706 0.6288011 ]	[0.92031227 1.10475718 1.01308833]
132	92   	[0.25473258 0.27242096 0.30296867]	[0. 0. 0.]                           	[0.67594672 0.78455259 0.6312264 ]	[0.92031227 1.10475718 1.01308833]
133	92   	[0.25442108 0.27533803 0.30324471]	[0. 0. 0.]                           	[0.67292974 0.79852504 0.61331721]	[0.92031227 1.10475718 1.01308833]
134	92   	[0.25935896 0.27159961 0.29026911]	[0. 0. 0.]                           	[0.66980206 0.81629467 0.62772288]	[0.92031227 1.10475718 1.01308833]
135	92   	[0.25672862 0.27218841 0.29007471]	[0. 0. 0.]                           	[0.68082415 0.82072487 0.61860694]	[0.92031227 1.10475718 1.01308833]
136	92   	[0.24498941 0.30035312 0.28182061]	[0.08919153 0.         0.        ]   	[0.6957014  0.79743769 0.62678966]	[0.92022538 1.10324953 1.01180438]
137	92   	[0.24952612 0.3014699  0.28111678]	[0.08919153 0.         0.        ]   	[0.69264637 0.79102388 0.62547707]	[0.92022538 1.10324953 1.01180438]
138	92   	[0.24930806 0.29942624 0.28372456]	[0.08919153 0.         0.        ]   	[0.69743429 0.78708026 0.62597983]	[0.92022538 1.10324953 1.01180438]
139	92   	[0.24763462 0.29964896 0.28696518]	[0.08919153 0.         0.        ]   	[0.69964711 0.78009079 0.62910865]	[0.92022538 1.10324953 1.01180438]
140	92   	[0.24508293 0.28847243 0.27699884]	[0.24819577 0.23282409 0.        ]   	[0.69607713 0.78750047 0.64118324]	[0.92022538 1.10229139 1.0120075 ]
141	92   	[0.24152579 0.2859616  0.28306667]	[0.24819577 0.23282409 0.        ]   	[0.69898348 0.7842103  0.64067606]	[0.92022538 1.10229139 1.01180438]
142	92   	[0.24361914 0.28374126 0.28601869]	[0.24819577 0.23282409 0.        ]   	[0.69665587 0.78207988 0.63931846]	[0.9156169  1.10087158 1.01180438]
143	92   	[0.24139248 0.29642767 0.29605473]	[0.24819577 0.23282409 0.        ]   	[0.68236026 0.78616572 0.64011371]	[0.9156169  1.10087158 1.01180438]
144	92   	[0.25117591 0.30006246 0.30582221]	[0.         0.23282409 0.        ]   	[0.65309358 0.78982237 0.63217644]	[0.9156169  1.10087158 1.01180438]
145	92   	[0.24984875 0.31113322 0.3118544 ]	[0. 0. 0.]                           	[0.6492461  0.77667178 0.63380958]	[0.91857718 1.10087158 1.0125259 ]
146	92   	[0.25128859 0.29936141 0.3124926 ]	[0. 0. 0.]                           	[0.65308609 0.80364987 0.62549699]	[0.91914813 1.10087158 1.02008861]
147	92   	[0.25592011 0.3067668  0.32199811]	[-0.05568875  0.          0.        ]	[0.65547684 0.78369501 0.62317006]	[0.91935886 1.10572229 1.02008861]
148	92   	[0.24564322 0.30339803 0.32054405]	[-0.05568875  0.          0.        ]	[0.66906745 0.78799381 0.62280113]	[0.91935886 1.10572229 1.02008861]
149	92   	[0.24655276 0.31017606 0.31362674]	[-0.05568875  0.          0.        ]	[0.66029121 0.77628366 0.62565532]	[0.91935886 1.10572229 1.02008861]
[3, 2, 2, 5, 2, 6, 2, 5, 3, 1, 7, 10, 6, 5, 1, 10, 4, 5, 1, 4, 10, 7, 9, 3, 7, 8, 10, 8, 9, 5, 5, 10, 7, 2, 1, 5, 9, 6, 2, 7, 4, 4, 8, 8, 7, 10, 7, 3, 3, 9, 8, 10, 5, 8, 1, 3, 4, 2, 2, 4, 6, 1]
(-0.05568875314397089, 1.1057222934439732, 0.16124615066394823)
[9, 8, 2, 5, 6, 6, 4, 5, 3, 5, 4, 9, 9, 5, 2, 7, 5, 5, 9, 2, 5, 5, 9, 6, 7, 8, 1, 8, 1, 5, 10, 4, 1, 2, 3, 2, 10, 9, 9, 9, 6, 9, 8, 3, 1, 8, 5, 8, 6, 9, 3, 10, 6, 8, 2, 4, 4, 10, 7, 4, 7, 3]
(0.914571929104738, 0.6435866054877908, 0.0)
[10, 4, 10, 7, 9, 5, 8, 1, 3, 3, 5, 9, 1, 5, 2, 6, 5, 5, 6, 3, 5, 5, 9, 2, 8, 7, 7, 6, 9, 5, 9, 8, 6, 2, 3, 4, 10, 3, 4, 9, 5, 3, 8, 3, 10, 10, 7, 9, 7, 9, 7, 10, 5, 8, 8, 7, 2, 2, 10, 6, 7, 1]
(0.5621842230059199, 0.0, 1.0200886141995398)
[3, 1, 4, 6, 9, 8, 5, 1, 3, 5, 1, 9, 4, 5, 2, 6, 8, 5, 3, 3, 5, 7, 6, 6, 5, 8, 6, 3, 8, 5, 10, 10, 1, 10, 3, 4, 10, 9, 4, 9, 5, 6, 8, 3, 8, 10, 5, 8, 6, 9, 8, 10, 8, 8, 1, 4, 4, 2, 7, 4, 7, 1]
(0.9094108627540208, 0.5370934449014093, 0.1818061308367901)
[3, 1, 4, 6, 9, 8, 5, 1, 3, 5, 1, 9, 4, 5, 2, 6, 8, 5, 3, 3, 5, 7, 6, 6, 5, 8, 6, 3, 8, 5, 10, 10, 1, 10, 3, 4, 10, 9, 4, 9, 5, 6, 8, 3, 8, 10, 5, 8, 6, 9, 8, 10, 8, 8, 1, 4, 4, 2, 7, 4, 7, 1]
(0.9094108627540208, 0.5370934449014093, 0.1818061308367901)
[3, 1, 4, 6, 9, 8, 5, 1, 3, 5, 1, 9, 4, 5, 2, 6, 8, 5, 3, 3, 5, 7, 6, 6, 5, 8, 6, 3, 8, 5, 10, 10, 1, 10, 3, 4, 10, 9, 4, 9, 5, 6, 8, 3, 8, 10, 5, 8, 6, 9, 8, 10, 8, 8, 1, 4, 4, 2, 7, 4, 7, 1]
(0.9094108627540208, 0.5370934449014093, 0.1818061308367901)
[3, 1, 4, 6, 9, 8, 5, 1, 3, 5, 1, 9, 4, 5, 2, 6, 8, 5, 3, 3, 5, 7, 6, 6, 5, 8, 6, 3, 8, 5, 10, 10, 1, 10, 3, 4, 10, 9, 4, 9, 5, 6, 8, 3, 8, 10, 5, 8, 6, 9, 8, 10, 8, 8, 1, 4, 4, 2, 7, 4, 7, 1]
(0.9094108627540208, 0.5370934449014093, 0.1818061308367901)
[3, 1, 4, 6, 9, 8, 5, 1, 3, 5, 1, 9, 4, 5, 2, 6, 8, 5, 3, 3, 5, 7, 6, 6, 5, 8, 6, 3, 8, 5, 10, 10, 1, 10, 3, 4, 10, 9, 4, 9, 5, 6, 8, 3, 8, 10, 5, 8, 6, 9, 8, 10, 8, 8, 1, 4, 4, 2, 7, 4, 7, 1]
(0.9094108627540208, 0.5370934449014093, 0.1818061308367901)
[3, 1, 4, 6, 9, 8, 5, 1, 3, 5, 1, 9, 4, 5, 2, 6, 8, 5, 3, 3, 5, 7, 6, 6, 5, 8, 6, 3, 8, 5, 10, 10, 1, 10, 3, 4, 10, 9, 4, 9, 5, 6, 8, 3, 8, 10, 5, 8, 6, 9, 8, 10, 8, 8, 1, 4, 4, 2, 7, 4, 7, 1]
(0.9094108627540208, 0.5370934449014093, 0.1818061308367901)
[3, 2, 2, 10, 2, 6, 2, 5, 3, 5, 7, 2, 5, 9, 10, 5, 8, 5, 10, 3, 7, 10, 9, 2, 8, 7, 7, 8, 5, 5, 1, 4, 2, 4, 1, 5, 9, 6, 2, 7, 4, 4, 8, 8, 7, 10, 7, 3, 3, 9, 8, 10, 5, 8, 1, 3, 4, 2, 2, 4, 6, 1]
(0.3282027901183435, 1.0982552608475042, 0.22008521181729043)
[3, 2, 2, 10, 2, 6, 2, 5, 3, 5, 7, 2, 5, 9, 10, 5, 8, 5, 10, 3, 7, 10, 9, 2, 8, 7, 7, 8, 5, 5, 1, 4, 2, 4, 1, 5, 9, 6, 2, 7, 4, 4, 8, 8, 7, 10, 7, 3, 3, 9, 8, 10, 5, 8, 1, 3, 4, 2, 2, 4, 6, 1]
(0.3282027901183435, 1.0982552608475042, 0.22008521181729043)
[3, 2, 2, 10, 2, 6, 2, 5, 3, 5, 7, 2, 5, 9, 10, 5, 8, 5, 10, 3, 7, 10, 9, 2, 8, 7, 7, 8, 5, 5, 1, 4, 2, 4, 1, 5, 9, 6, 2, 7, 4, 4, 8, 8, 7, 10, 7, 3, 3, 9, 8, 10, 5, 8, 1, 3, 4, 2, 2, 4, 6, 1]
(0.3282027901183435, 1.0982552608475042, 0.22008521181729043)
[10, 4, 10, 2, 10, 2, 3, 1, 3, 5, 7, 10, 6, 5, 1, 1, 4, 5, 1, 2, 4, 7, 9, 3, 7, 8, 10, 8, 9, 5, 5, 8, 6, 2, 5, 4, 6, 9, 4, 8, 3, 9, 3, 6, 8, 8, 7, 9, 7, 2, 2, 10, 6, 8, 2, 7, 7, 2, 10, 6, 7, 1]
(0.9185771794415141, 0.4630690977082267, 0.31084166411739766)
[10, 4, 10, 2, 10, 2, 3, 1, 3, 5, 7, 10, 6, 5, 1, 1, 4, 5, 1, 2, 4, 7, 9, 3, 7, 8, 10, 8, 9, 5, 5, 8, 6, 2, 5, 4, 6, 9, 4, 8, 3, 9, 3, 6, 8, 8, 7, 9, 7, 2, 2, 10, 6, 8, 2, 7, 7, 2, 10, 6, 7, 1]
(0.9185771794415141, 0.4630690977082267, 0.31084166411739766)
[3, 1, 2, 1, 9, 7, 8, 1, 3, 1, 7, 10, 6, 5, 1, 1, 4, 5, 1, 4, 10, 7, 9, 3, 7, 8, 10, 8, 9, 5, 5, 10, 7, 2, 3, 2, 10, 9, 2, 9, 5, 9, 8, 7, 8, 10, 7, 3, 2, 10, 8, 10, 8, 8, 1, 4, 4, 2, 5, 4, 7, 1]
(0.32744124996779583, 1.0965161027386738, 0.3272933845938818)
[3, 2, 2, 10, 2, 6, 2, 5, 3, 5, 7, 2, 5, 9, 10, 5, 8, 5, 10, 3, 5, 10, 9, 2, 8, 7, 7, 8, 5, 5, 1, 4, 2, 4, 1, 5, 9, 6, 2, 7, 4, 4, 8, 8, 6, 10, 7, 3, 3, 9, 8, 10, 5, 8, 1, 3, 4, 2, 2, 4, 6, 1]
(0.32692019917192616, 1.0992868814617347, 0.327317418414261)
[3, 1, 4, 8, 9, 7, 5, 1, 3, 5, 1, 9, 4, 5, 2, 6, 8, 5, 3, 3, 5, 7, 6, 6, 5, 8, 6, 3, 8, 5, 10, 10, 1, 10, 3, 4, 10, 9, 4, 9, 5, 6, 8, 2, 8, 10, 5, 8, 6, 9, 8, 10, 6, 8, 1, 4, 4, 2, 7, 4, 7, 1]
(0.9092186469462155, 0.5374872249871713, 0.3223257750796116)
[3, 1, 4, 8, 9, 7, 5, 1, 3, 5, 1, 9, 4, 5, 2, 6, 8, 5, 3, 3, 5, 7, 6, 6, 5, 8, 6, 3, 8, 5, 10, 10, 1, 10, 3, 4, 10, 9, 4, 9, 5, 6, 8, 2, 8, 10, 5, 8, 6, 9, 8, 10, 6, 8, 1, 4, 4, 2, 7, 4, 7, 1]
(0.9092186469462155, 0.5374872249871713, 0.3223257750796116)
[3, 1, 4, 8, 9, 7, 5, 1, 3, 5, 1, 9, 4, 5, 2, 6, 8, 5, 3, 3, 5, 7, 6, 6, 5, 8, 6, 3, 8, 5, 10, 10, 1, 10, 3, 4, 10, 9, 4, 9, 5, 6, 8, 2, 8, 10, 5, 8, 6, 9, 8, 10, 6, 8, 1, 4, 4, 2, 7, 4, 7, 1]
(0.9092186469462155, 0.5374872249871713, 0.3223257750796116)
[4, 4, 2, 10, 6, 3, 4, 5, 8, 8, 2, 2, 5, 4, 1, 1, 10, 8, 1, 8, 9, 4, 2, 2, 7, 8, 7, 8, 4, 5, 1, 4, 2, 4, 1, 5, 9, 6, 2, 5, 4, 4, 8, 8, 7, 10, 7, 3, 3, 9, 8, 4, 5, 8, 1, 3, 4, 2, 5, 4, 7, 1]
(0.3266729451626294, 1.100871581770475, 0.35176510574064657)
[4, 4, 2, 10, 8, 3, 4, 5, 8, 8, 2, 2, 5, 4, 1, 1, 10, 8, 1, 8, 9, 4, 2, 2, 7, 8, 7, 8, 4, 5, 1, 4, 2, 4, 1, 5, 9, 6, 2, 5, 4, 4, 8, 8, 7, 10, 7, 3, 3, 9, 8, 4, 5, 8, 1, 3, 4, 2, 5, 4, 7, 1]
(0.32697037924206424, 1.097217930853362, 0.3555974648478641)
[4, 4, 2, 10, 8, 3, 4, 5, 8, 8, 2, 2, 5, 4, 1, 1, 10, 8, 1, 8, 9, 4, 2, 2, 7, 8, 7, 8, 4, 5, 1, 4, 2, 4, 1, 5, 9, 6, 2, 5, 4, 4, 8, 8, 7, 10, 7, 3, 3, 9, 8, 4, 5, 8, 1, 3, 4, 2, 5, 4, 7, 1]
(0.32697037924206424, 1.097217930853362, 0.3555974648478641)
[4, 4, 2, 10, 2, 3, 4, 5, 3, 8, 2, 2, 5, 4, 1, 1, 4, 8, 1, 8, 9, 4, 2, 1, 7, 8, 7, 8, 9, 2, 5, 9, 6, 2, 3, 1, 10, 7, 4, 9, 8, 9, 8, 7, 8, 10, 7, 3, 3, 7, 8, 10, 5, 10, 1, 3, 4, 2, 5, 4, 7, 1]
(0.29083236565614273, 1.1002929318696213, 0.4032235586963185)
[4, 4, 2, 10, 2, 3, 4, 5, 3, 8, 2, 2, 5, 4, 1, 1, 4, 8, 1, 8, 9, 4, 2, 1, 7, 8, 7, 8, 9, 2, 5, 9, 6, 2, 3, 1, 10, 7, 4, 9, 8, 9, 8, 7, 8, 10, 7, 3, 3, 7, 8, 10, 5, 10, 1, 3, 4, 2, 5, 4, 7, 1]
(0.29083236565614273, 1.1002929318696213, 0.4032235586963185)
[10, 4, 10, 9, 4, 5, 8, 1, 3, 3, 5, 9, 1, 5, 2, 6, 5, 5, 6, 3, 5, 5, 9, 2, 8, 7, 7, 6, 9, 5, 9, 8, 6, 2, 3, 4, 10, 7, 4, 9, 5, 9, 8, 4, 6, 10, 7, 7, 7, 9, 7, 10, 5, 8, 8, 7, 6, 2, 10, 6, 7, 1]
(0.5633497393016899, 0.2714232291579851, 1.0102892869377773)
[10, 4, 10, 9, 4, 5, 8, 1, 3, 3, 5, 9, 1, 5, 2, 6, 5, 5, 6, 3, 5, 5, 9, 2, 8, 7, 7, 6, 9, 5, 9, 8, 6, 2, 3, 4, 10, 7, 4, 9, 5, 9, 8, 4, 6, 10, 7, 7, 7, 9, 7, 10, 5, 8, 8, 7, 6, 2, 10, 6, 7, 1]
(0.5633497393016899, 0.2714232291579851, 1.0102892869377773)
[10, 4, 10, 9, 4, 5, 8, 1, 7, 3, 5, 9, 1, 5, 2, 6, 5, 5, 6, 3, 5, 5, 9, 2, 8, 7, 7, 6, 9, 5, 9, 8, 6, 2, 3, 4, 10, 7, 4, 9, 5, 9, 8, 4, 6, 10, 7, 7, 7, 9, 7, 10, 5, 8, 8, 7, 6, 2, 10, 6, 7, 1]
(0.5633975258565197, 0.2709947423855494, 1.01452469544332)
[10, 4, 10, 9, 4, 5, 8, 1, 7, 3, 5, 9, 1, 5, 2, 6, 5, 5, 6, 3, 5, 5, 9, 2, 8, 7, 7, 6, 9, 5, 9, 8, 6, 2, 3, 4, 10, 7, 4, 9, 5, 9, 8, 4, 6, 10, 7, 7, 7, 9, 7, 10, 5, 8, 8, 7, 6, 2, 10, 6, 7, 1]
(0.5633975258565197, 0.2709947423855494, 1.01452469544332)
[3, 4, 2, 1, 9, 2, 8, 1, 3, 5, 7, 9, 4, 5, 2, 6, 5, 5, 10, 3, 5, 7, 6, 1, 3, 8, 6, 3, 1, 7, 10, 10, 1, 2, 6, 4, 10, 9, 4, 9, 5, 9, 8, 7, 8, 10, 7, 6, 6, 10, 8, 10, 5, 8, 1, 3, 4, 2, 7, 4, 9, 5]
(0.560223491581356, 1.089508261159058, 0.2137158472981727)
[4, 4, 2, 10, 1, 3, 4, 5, 8, 8, 2, 2, 5, 4, 1, 1, 10, 8, 1, 8, 9, 4, 2, 3, 7, 8, 7, 8, 4, 5, 1, 4, 2, 4, 2, 5, 9, 6, 2, 5, 4, 4, 8, 8, 7, 10, 7, 3, 3, 9, 8, 10, 5, 8, 1, 3, 4, 2, 5, 4, 7, 1]
(0.21049158705705107, 1.0991312667727422, 0.5816878006470644)
[4, 4, 2, 10, 1, 3, 4, 5, 8, 8, 2, 2, 5, 4, 1, 1, 10, 8, 1, 8, 9, 4, 2, 3, 7, 8, 7, 8, 4, 5, 1, 4, 2, 4, 2, 5, 9, 6, 2, 5, 4, 4, 8, 8, 7, 10, 7, 3, 3, 9, 8, 10, 5, 8, 1, 3, 4, 2, 5, 4, 7, 1]
(0.21049158705705107, 1.0991312667727422, 0.5816878006470644)
[6, 4, 10, 7, 4, 5, 8, 1, 3, 1, 5, 9, 1, 5, 2, 6, 5, 5, 6, 3, 6, 5, 9, 6, 8, 7, 7, 8, 6, 5, 9, 8, 6, 2, 3, 4, 10, 2, 4, 9, 5, 9, 8, 4, 6, 10, 7, 8, 7, 9, 7, 10, 5, 8, 8, 7, 2, 2, 10, 6, 7, 1]
(0.5638481008185168, 0.3606753139623557, 1.0094504689489392)
[6, 4, 10, 7, 4, 5, 8, 1, 3, 1, 5, 9, 1, 5, 2, 6, 5, 5, 6, 3, 6, 5, 9, 6, 8, 7, 7, 8, 6, 5, 9, 8, 6, 2, 3, 4, 10, 2, 4, 9, 5, 9, 8, 4, 6, 10, 7, 8, 7, 9, 7, 10, 5, 8, 8, 7, 2, 2, 10, 6, 7, 1]
(0.5638481008185168, 0.3606753139623557, 1.0094504689489392)
[10, 4, 10, 9, 4, 5, 8, 1, 3, 3, 5, 9, 1, 5, 2, 6, 5, 5, 6, 3, 5, 5, 9, 2, 8, 7, 7, 6, 9, 5, 9, 8, 6, 9, 3, 4, 10, 3, 4, 9, 5, 3, 8, 3, 10, 10, 7, 9, 2, 9, 7, 10, 5, 8, 8, 7, 2, 2, 10, 6, 7, 1]
(0.5639240899489617, 0.639932777232251, 0.7303687212335908)
[3, 1, 2, 10, 6, 7, 8, 1, 3, 5, 7, 9, 1, 5, 2, 6, 5, 5, 6, 3, 5, 5, 9, 6, 7, 8, 10, 8, 1, 4, 5, 10, 6, 2, 3, 4, 10, 7, 4, 9, 5, 9, 8, 7, 8, 10, 7, 3, 1, 9, 7, 10, 8, 8, 1, 3, 4, 2, 7, 4, 7, 1]
(0.5618623701808014, 1.0855247944593387, 0.32427135735295204)
[3, 1, 2, 10, 6, 7, 8, 1, 3, 5, 7, 9, 1, 5, 2, 6, 5, 5, 6, 3, 5, 5, 9, 6, 7, 8, 10, 8, 1, 4, 5, 10, 6, 2, 3, 4, 10, 7, 4, 9, 5, 9, 8, 7, 8, 10, 7, 3, 1, 9, 7, 10, 8, 8, 1, 3, 4, 2, 7, 4, 7, 1]
(0.5618623701808014, 1.0855247944593387, 0.32427135735295204)
[10, 4, 10, 2, 10, 2, 3, 1, 3, 5, 7, 10, 6, 5, 1, 1, 4, 5, 1, 2, 10, 7, 9, 3, 7, 8, 10, 8, 9, 5, 5, 8, 6, 2, 5, 4, 6, 9, 4, 8, 3, 9, 3, 6, 8, 8, 7, 9, 7, 6, 2, 10, 6, 8, 2, 7, 7, 2, 10, 6, 7, 1]
(0.915616900746792, 0.36059911324141003, 0.7049688820614753)
[10, 4, 10, 2, 10, 2, 3, 1, 3, 5, 7, 10, 6, 5, 1, 1, 4, 5, 1, 2, 10, 7, 9, 3, 7, 8, 10, 8, 9, 5, 5, 8, 6, 2, 5, 4, 6, 9, 4, 8, 3, 9, 3, 6, 8, 8, 7, 9, 7, 6, 2, 10, 6, 8, 2, 7, 7, 2, 10, 6, 7, 1]
(0.915616900746792, 0.36059911324141003, 0.7049688820614753)
[10, 4, 10, 2, 10, 2, 3, 1, 3, 5, 7, 10, 6, 5, 1, 1, 4, 5, 1, 2, 10, 7, 9, 7, 7, 8, 10, 8, 9, 5, 5, 8, 6, 2, 5, 4, 6, 9, 4, 8, 3, 9, 3, 6, 8, 8, 7, 9, 7, 6, 2, 10, 6, 8, 2, 7, 7, 2, 10, 6, 7, 1]
(0.9185212607928694, 0.35926133669544275, 0.7043934757275664)
[10, 4, 10, 2, 10, 2, 3, 1, 3, 5, 7, 10, 6, 5, 5, 1, 4, 5, 1, 2, 10, 7, 9, 3, 7, 8, 10, 8, 9, 5, 5, 8, 6, 2, 5, 4, 6, 9, 4, 8, 3, 9, 3, 6, 8, 8, 7, 9, 7, 6, 2, 10, 6, 8, 2, 7, 7, 2, 10, 6, 7, 1]
(0.9193588621231491, 0.3609450327437155, 0.7040155946419326)
[10, 4, 10, 2, 10, 2, 3, 1, 3, 5, 7, 10, 6, 5, 5, 1, 4, 5, 1, 2, 10, 7, 9, 3, 7, 8, 10, 8, 9, 5, 5, 8, 6, 2, 5, 4, 6, 9, 4, 8, 3, 9, 3, 6, 8, 8, 7, 9, 7, 6, 2, 10, 6, 8, 2, 7, 7, 2, 10, 6, 7, 1]
(0.9193588621231491, 0.3609450327437155, 0.7040155946419326)
[10, 4, 10, 2, 10, 2, 3, 1, 3, 5, 7, 10, 6, 5, 5, 1, 4, 5, 1, 2, 10, 7, 9, 3, 7, 8, 10, 8, 9, 5, 5, 8, 6, 2, 5, 4, 6, 9, 4, 8, 3, 9, 3, 6, 8, 8, 7, 9, 7, 6, 2, 10, 6, 8, 2, 7, 7, 2, 10, 6, 7, 1]
(0.9193588621231491, 0.3609450327437155, 0.7040155946419326)
[4, 4, 4, 10, 2, 2, 5, 5, 3, 8, 5, 2, 5, 4, 6, 6, 4, 8, 1, 9, 5, 4, 2, 2, 8, 7, 7, 8, 9, 5, 9, 8, 4, 2, 3, 1, 10, 3, 4, 9, 8, 9, 8, 7, 8, 10, 7, 3, 3, 7, 8, 10, 5, 10, 1, 3, 4, 3, 5, 4, 5, 1]
(0.3269364183670014, 1.098309395834799, 0.5695757799284055)
[4, 4, 4, 10, 2, 2, 5, 5, 3, 8, 5, 2, 5, 4, 6, 6, 4, 8, 1, 9, 5, 4, 2, 2, 8, 7, 7, 8, 9, 5, 9, 8, 4, 2, 3, 1, 10, 3, 4, 9, 8, 9, 8, 7, 8, 10, 7, 3, 3, 7, 8, 10, 5, 10, 1, 3, 4, 3, 5, 4, 5, 1]
(0.3269364183670014, 1.098309395834799, 0.5695757799284055)
[4, 4, 4, 10, 2, 2, 5, 5, 3, 8, 5, 2, 5, 4, 6, 6, 4, 8, 1, 9, 5, 4, 2, 2, 8, 7, 7, 8, 9, 5, 9, 8, 4, 2, 3, 1, 10, 3, 4, 9, 8, 9, 8, 7, 8, 10, 7, 3, 3, 7, 8, 10, 5, 10, 1, 3, 4, 3, 5, 4, 5, 1]
(0.3269364183670014, 1.098309395834799, 0.5695757799284055)
[4, 4, 4, 10, 2, 2, 5, 5, 3, 8, 5, 2, 5, 4, 6, 6, 4, 8, 1, 9, 5, 4, 2, 2, 8, 7, 7, 8, 9, 5, 9, 8, 4, 2, 3, 1, 10, 3, 4, 9, 8, 9, 8, 7, 8, 10, 7, 3, 3, 7, 8, 10, 5, 10, 1, 3, 4, 3, 5, 4, 5, 1]
(0.3269364183670014, 1.098309395834799, 0.5695757799284055)
[10, 4, 10, 7, 3, 5, 8, 1, 3, 3, 5, 9, 1, 5, 2, 6, 5, 5, 6, 3, 5, 5, 9, 2, 8, 7, 7, 6, 9, 5, 9, 8, 6, 2, 3, 4, 10, 7, 4, 9, 5, 9, 8, 3, 8, 10, 7, 8, 7, 9, 7, 10, 5, 8, 8, 7, 2, 2, 10, 6, 7, 1]
(0.5625088276596626, 0.4598071682201282, 1.012017132511071)
[10, 4, 10, 7, 4, 5, 8, 1, 3, 3, 5, 9, 1, 5, 2, 6, 5, 5, 6, 3, 5, 5, 9, 2, 8, 7, 7, 6, 9, 5, 9, 8, 6, 2, 3, 4, 10, 7, 4, 9, 5, 9, 8, 3, 8, 10, 7, 5, 7, 9, 7, 10, 5, 8, 8, 7, 2, 2, 10, 6, 7, 1]
(0.5624033817700378, 0.46169523157598874, 1.0118043778999275)
[10, 4, 10, 7, 4, 5, 8, 1, 3, 3, 5, 9, 1, 5, 2, 6, 5, 5, 6, 3, 5, 5, 9, 2, 8, 7, 7, 6, 9, 5, 9, 8, 6, 2, 3, 4, 10, 7, 4, 9, 5, 9, 8, 3, 8, 10, 7, 5, 7, 9, 7, 10, 5, 8, 8, 7, 2, 2, 10, 6, 7, 1]
(0.5624033817700378, 0.46169523157598874, 1.0118043778999275)
[4, 4, 2, 1, 8, 6, 1, 1, 10, 10, 1, 2, 5, 3, 1, 1, 8, 3, 1, 8, 9, 4, 5, 2, 8, 7, 7, 9, 9, 5, 5, 10, 2, 4, 2, 5, 10, 10, 2, 7, 4, 4, 8, 8, 8, 10, 7, 1, 3, 9, 8, 10, 3, 8, 1, 3, 4, 2, 5, 4, 9, 5]
(0.24830287690250566, 1.098975935764606, 0.7170782767530086)
[3, 1, 2, 1, 9, 7, 8, 1, 3, 6, 7, 9, 4, 5, 2, 6, 10, 1, 10, 3, 5, 7, 6, 6, 5, 8, 6, 3, 1, 5, 10, 10, 1, 2, 3, 2, 10, 9, 2, 9, 5, 9, 8, 7, 8, 10, 7, 3, 2, 10, 8, 10, 8, 8, 1, 4, 4, 2, 7, 4, 7, 1]
(0.9091050150281985, 0.9699326494708619, 0.19743441891311617)
[10, 4, 10, 4, 10, 2, 3, 1, 3, 5, 7, 9, 8, 5, 1, 1, 4, 5, 1, 2, 10, 7, 9, 7, 7, 8, 10, 8, 9, 5, 5, 8, 6, 2, 5, 4, 6, 9, 4, 8, 3, 9, 3, 6, 8, 8, 7, 9, 7, 6, 2, 10, 6, 8, 2, 7, 7, 2, 10, 6, 7, 1]
(0.9154659269989648, 0.4613011963481825, 0.7058035591194988)
[10, 4, 2, 9, 4, 5, 8, 1, 3, 3, 5, 9, 1, 5, 2, 6, 5, 5, 2, 3, 5, 5, 9, 2, 8, 7, 10, 8, 9, 5, 9, 8, 6, 2, 3, 4, 10, 7, 4, 6, 3, 3, 8, 3, 8, 9, 7, 9, 7, 9, 7, 10, 5, 8, 8, 7, 2, 2, 10, 6, 7, 1]
(0.5624799585388144, 1.0591175770387014, 0.47850432063644044)
[6, 4, 10, 7, 4, 5, 8, 1, 3, 3, 5, 9, 1, 5, 2, 6, 5, 5, 6, 3, 5, 5, 6, 6, 5, 8, 6, 3, 1, 5, 10, 10, 6, 2, 8, 8, 10, 7, 4, 6, 3, 3, 8, 3, 10, 4, 7, 5, 7, 9, 7, 10, 5, 8, 8, 7, 2, 6, 10, 6, 7, 1]
(0.9076679237138306, 0.2328240932143741, 0.9787318215361952)
[4, 4, 4, 10, 2, 2, 5, 5, 3, 8, 5, 2, 5, 4, 6, 6, 4, 8, 1, 9, 5, 4, 2, 2, 8, 7, 7, 8, 9, 5, 9, 8, 4, 2, 3, 1, 10, 3, 4, 9, 8, 9, 8, 7, 8, 10, 7, 3, 3, 4, 8, 10, 5, 10, 1, 3, 4, 3, 5, 4, 5, 1]
(0.3270914093696132, 1.0965124107897235, 0.7203968628122526)
[10, 4, 10, 9, 4, 5, 8, 1, 3, 3, 5, 9, 1, 5, 2, 6, 5, 5, 6, 3, 5, 5, 9, 2, 8, 7, 7, 6, 9, 5, 9, 8, 6, 2, 3, 4, 10, 3, 4, 9, 5, 3, 8, 3, 10, 10, 7, 9, 7, 9, 7, 10, 5, 8, 8, 7, 2, 2, 10, 6, 7, 1]
(0.5615379624969247, 0.6425341202092208, 1.0112852655186442)
[10, 4, 10, 9, 4, 5, 8, 1, 3, 3, 5, 9, 1, 5, 2, 6, 5, 5, 6, 3, 5, 5, 9, 2, 8, 7, 7, 6, 9, 5, 9, 8, 6, 2, 3, 4, 10, 3, 4, 9, 5, 3, 8, 3, 10, 10, 7, 9, 7, 9, 7, 10, 5, 8, 8, 7, 2, 2, 10, 6, 7, 1]
(0.5615379624969247, 0.6425341202092208, 1.0112852655186442)
[10, 4, 10, 9, 4, 5, 8, 1, 3, 3, 5, 9, 1, 5, 2, 6, 5, 5, 6, 3, 5, 5, 9, 2, 8, 7, 7, 6, 9, 5, 9, 8, 6, 2, 3, 4, 10, 3, 4, 9, 5, 3, 8, 3, 10, 10, 7, 9, 7, 9, 7, 10, 5, 8, 8, 7, 2, 2, 10, 6, 7, 1]
(0.5615379624969247, 0.6425341202092208, 1.0112852655186442)
[10, 4, 10, 9, 4, 5, 8, 1, 3, 3, 5, 9, 1, 5, 2, 6, 5, 5, 6, 3, 5, 5, 9, 2, 8, 7, 7, 6, 9, 5, 9, 8, 6, 2, 3, 4, 10, 3, 4, 9, 5, 3, 8, 3, 10, 10, 7, 9, 7, 9, 7, 10, 5, 8, 8, 7, 2, 2, 10, 6, 7, 1]
(0.5615379624969247, 0.6425341202092208, 1.0112852655186442)
[10, 4, 10, 9, 4, 5, 8, 1, 3, 3, 5, 9, 1, 5, 2, 6, 5, 5, 6, 3, 5, 5, 9, 2, 8, 7, 7, 6, 9, 5, 9, 8, 6, 2, 3, 4, 10, 3, 4, 9, 5, 3, 8, 3, 10, 10, 7, 9, 7, 9, 7, 10, 5, 8, 8, 7, 2, 2, 10, 6, 7, 1]
(0.5615379624969247, 0.6425341202092208, 1.0112852655186442)
[9, 4, 10, 2, 10, 5, 8, 1, 3, 5, 7, 9, 6, 5, 1, 1, 5, 9, 10, 3, 5, 7, 6, 6, 1, 8, 6, 3, 1, 5, 10, 10, 6, 2, 8, 8, 10, 9, 4, 9, 5, 9, 8, 9, 8, 10, 7, 9, 6, 9, 8, 10, 5, 10, 2, 4, 7, 2, 10, 6, 7, 1]
(0.6908365572582508, 1.0669044995680412, 0.4681261534738008)
[3, 4, 2, 1, 9, 2, 8, 1, 3, 5, 7, 9, 4, 5, 2, 6, 5, 5, 10, 3, 5, 7, 6, 1, 5, 8, 6, 3, 1, 7, 10, 10, 1, 2, 6, 4, 10, 9, 4, 9, 5, 9, 8, 7, 8, 10, 7, 6, 6, 10, 8, 10, 5, 8, 1, 3, 4, 2, 7, 4, 9, 5]
(0.9049933967981981, 1.0832037104293661, 0.2506600284926314)
[3, 4, 2, 1, 9, 2, 8, 1, 3, 5, 7, 9, 4, 5, 2, 6, 5, 5, 10, 3, 5, 7, 6, 1, 5, 8, 6, 3, 1, 7, 10, 10, 1, 2, 6, 4, 10, 9, 4, 9, 5, 9, 8, 7, 8, 10, 7, 6, 6, 10, 8, 10, 5, 8, 1, 3, 4, 2, 7, 4, 9, 5]
(0.9049933967981981, 1.0832037104293661, 0.2506600284926314)
[3, 4, 2, 1, 9, 2, 8, 1, 3, 5, 7, 9, 4, 5, 2, 6, 5, 5, 10, 3, 5, 7, 6, 1, 5, 8, 6, 3, 1, 7, 10, 10, 1, 2, 6, 4, 10, 9, 4, 9, 5, 9, 8, 7, 8, 10, 7, 6, 6, 10, 8, 10, 5, 8, 1, 3, 4, 2, 7, 4, 9, 5]
(0.9049933967981981, 1.0832037104293661, 0.2506600284926314)
[3, 4, 2, 1, 9, 2, 8, 1, 3, 5, 7, 9, 4, 5, 2, 6, 5, 5, 10, 3, 5, 7, 6, 1, 5, 8, 6, 3, 1, 7, 10, 10, 1, 2, 6, 4, 10, 9, 4, 9, 5, 9, 8, 7, 8, 10, 7, 6, 6, 10, 8, 10, 5, 8, 1, 3, 4, 2, 7, 4, 9, 5]
(0.9049933967981981, 1.0832037104293661, 0.2506600284926314)
[10, 1, 2, 1, 9, 8, 5, 1, 3, 5, 1, 9, 4, 5, 2, 9, 8, 5, 6, 3, 5, 5, 9, 2, 7, 7, 7, 6, 9, 5, 9, 8, 6, 2, 5, 4, 10, 7, 4, 6, 3, 3, 8, 3, 8, 6, 7, 5, 7, 10, 7, 10, 5, 8, 8, 7, 2, 2, 10, 6, 7, 1]
(0.9086414619680163, 0.6323938178190678, 0.7263753273785393)
[10, 1, 2, 1, 9, 8, 5, 1, 3, 5, 1, 9, 4, 5, 2, 9, 8, 5, 6, 3, 5, 5, 9, 2, 7, 7, 7, 6, 9, 5, 9, 8, 6, 2, 5, 4, 10, 7, 4, 6, 3, 3, 8, 3, 8, 6, 7, 5, 7, 10, 7, 10, 5, 8, 8, 7, 2, 2, 10, 6, 7, 1]
(0.9086414619680163, 0.6323938178190678, 0.7263753273785393)
[10, 1, 2, 1, 9, 8, 5, 1, 3, 5, 1, 9, 4, 5, 2, 9, 8, 5, 6, 3, 5, 5, 9, 2, 7, 7, 7, 6, 9, 5, 9, 8, 6, 2, 5, 4, 10, 7, 4, 6, 3, 3, 8, 3, 8, 6, 7, 5, 7, 10, 7, 10, 5, 8, 8, 7, 2, 2, 10, 6, 7, 1]
(0.9092012822638506, 0.6332135763457565, 0.7263709851495811)
[3, 4, 2, 1, 9, 2, 8, 1, 3, 5, 7, 9, 4, 5, 2, 6, 5, 5, 10, 3, 5, 7, 6, 1, 5, 8, 6, 3, 1, 7, 10, 10, 1, 2, 6, 4, 10, 9, 4, 9, 5, 9, 8, 7, 8, 10, 7, 6, 6, 10, 8, 10, 5, 8, 1, 3, 4, 2, 7, 4, 9, 5]
(0.9042657535619459, 1.08599696680903, 0.28711342861363476)
[3, 4, 2, 1, 9, 2, 8, 1, 3, 5, 7, 9, 4, 5, 2, 6, 5, 5, 10, 3, 5, 7, 6, 1, 5, 8, 6, 3, 1, 7, 10, 10, 1, 2, 6, 4, 10, 9, 4, 9, 5, 9, 8, 7, 8, 10, 7, 6, 6, 10, 8, 10, 5, 8, 1, 3, 4, 2, 7, 4, 9, 5]
(0.9042657535619459, 1.08599696680903, 0.28711342861363476)
[3, 1, 4, 6, 9, 8, 5, 1, 3, 5, 1, 9, 4, 5, 2, 6, 8, 5, 3, 3, 5, 7, 6, 6, 5, 8, 6, 3, 8, 5, 10, 10, 1, 2, 3, 2, 10, 9, 2, 9, 5, 9, 8, 7, 8, 10, 7, 3, 2, 10, 8, 10, 8, 8, 1, 4, 4, 2, 7, 4, 7, 1]
(0.9081244138925629, 1.0723574986681301, 0.29849075960243937)
[9, 4, 10, 2, 10, 5, 8, 1, 3, 5, 6, 9, 6, 5, 1, 1, 5, 5, 2, 3, 5, 7, 6, 6, 5, 8, 6, 3, 1, 5, 10, 10, 6, 2, 6, 8, 10, 7, 3, 6, 3, 3, 8, 5, 6, 10, 7, 9, 7, 9, 7, 10, 5, 8, 8, 7, 7, 2, 10, 6, 7, 1]
(0.8913425576333533, 0.6351836672527513, 0.7784519444696973)
[9, 4, 10, 2, 10, 5, 8, 1, 3, 5, 6, 9, 6, 5, 1, 1, 5, 5, 2, 3, 5, 7, 6, 6, 5, 8, 6, 3, 1, 5, 10, 10, 6, 2, 6, 8, 10, 7, 3, 6, 3, 3, 8, 5, 6, 10, 7, 9, 7, 9, 7, 10, 5, 8, 8, 7, 7, 2, 10, 6, 7, 1]
(0.8913425576333533, 0.6351836672527513, 0.7784519444696973)
[10, 4, 10, 4, 4, 7, 8, 3, 2, 3, 7, 9, 1, 5, 2, 6, 5, 5, 6, 3, 6, 5, 9, 2, 8, 7, 7, 8, 6, 5, 9, 8, 6, 5, 5, 6, 10, 7, 4, 10, 5, 3, 8, 3, 8, 10, 7, 9, 7, 9, 7, 10, 5, 8, 8, 7, 2, 2, 10, 6, 7, 1]
(0.5622511735292339, 1.0590651346370539, 0.725351802464988)
[10, 4, 10, 4, 4, 7, 8, 3, 2, 3, 7, 9, 1, 5, 2, 6, 5, 5, 6, 3, 6, 5, 9, 2, 8, 7, 7, 8, 6, 5, 9, 8, 6, 5, 5, 6, 10, 7, 4, 10, 5, 3, 8, 3, 8, 10, 7, 9, 7, 9, 7, 10, 5, 8, 8, 7, 2, 2, 10, 6, 7, 1]
(0.5622511735292339, 1.0590651346370539, 0.725351802464988)
[10, 4, 10, 4, 4, 7, 8, 3, 2, 3, 7, 9, 1, 5, 2, 6, 5, 5, 6, 3, 6, 5, 9, 2, 8, 7, 7, 8, 6, 5, 9, 8, 6, 5, 5, 6, 10, 7, 4, 10, 5, 3, 8, 3, 8, 10, 7, 9, 7, 9, 7, 10, 5, 8, 8, 7, 2, 2, 10, 6, 7, 1]
(0.5622511735292339, 1.0590651346370539, 0.725351802464988)
[10, 4, 10, 4, 4, 7, 8, 3, 2, 3, 7, 9, 1, 5, 2, 6, 5, 5, 6, 3, 6, 5, 9, 2, 8, 7, 7, 8, 6, 5, 9, 8, 6, 5, 5, 6, 10, 7, 4, 10, 5, 3, 8, 3, 8, 10, 7, 9, 7, 9, 7, 10, 5, 8, 8, 7, 2, 2, 10, 6, 7, 1]
(0.5622511735292339, 1.0590651346370539, 0.725351802464988)
[10, 4, 10, 4, 4, 7, 8, 3, 2, 3, 7, 9, 1, 5, 2, 6, 5, 5, 6, 3, 6, 5, 9, 2, 8, 7, 7, 8, 6, 5, 9, 8, 6, 5, 5, 6, 10, 7, 4, 10, 5, 3, 8, 3, 8, 10, 7, 9, 7, 9, 7, 10, 5, 8, 8, 7, 2, 2, 10, 6, 7, 1]
(0.5622511735292339, 1.0590651346370539, 0.725351802464988)
[9, 4, 10, 2, 6, 5, 8, 1, 3, 5, 8, 9, 6, 5, 1, 1, 1, 5, 10, 3, 5, 7, 6, 6, 5, 8, 7, 3, 1, 5, 10, 10, 6, 2, 6, 8, 10, 7, 4, 6, 3, 3, 8, 3, 8, 10, 7, 9, 7, 9, 2, 10, 5, 8, 8, 1, 7, 2, 10, 6, 7, 1]
(0.8872402131027638, 0.6352091654404687, 0.9741456999834995)
[9, 4, 10, 2, 6, 5, 8, 1, 3, 5, 8, 9, 6, 5, 1, 1, 1, 5, 10, 3, 5, 7, 6, 6, 5, 8, 7, 3, 1, 5, 10, 10, 6, 2, 6, 8, 10, 7, 4, 6, 3, 3, 8, 3, 8, 10, 7, 9, 7, 9, 2, 10, 5, 8, 8, 1, 7, 2, 10, 6, 7, 1]
(0.8872402131027638, 0.6352091654404687, 0.9741456999834995)
[10, 4, 10, 2, 10, 5, 8, 1, 8, 5, 7, 10, 6, 5, 1, 1, 4, 5, 1, 2, 10, 7, 9, 3, 7, 8, 10, 8, 9, 5, 5, 8, 6, 2, 5, 4, 10, 7, 4, 8, 3, 3, 8, 6, 8, 10, 7, 9, 9, 9, 7, 10, 5, 8, 8, 7, 7, 2, 10, 6, 7, 1]
(0.9042983360652618, 0.6335185016560175, 0.9624835908025262)
[9, 4, 10, 2, 6, 5, 8, 1, 3, 5, 7, 9, 6, 5, 1, 1, 5, 5, 10, 3, 5, 7, 6, 6, 5, 8, 7, 3, 1, 5, 10, 10, 6, 2, 6, 8, 10, 7, 4, 6, 3, 3, 8, 3, 8, 10, 7, 9, 7, 9, 2, 10, 5, 8, 8, 1, 7, 2, 10, 6, 7, 1]
(0.888651099660749, 0.6343685426913621, 0.9777266870389287)
[9, 4, 10, 2, 10, 5, 8, 1, 3, 5, 7, 9, 6, 5, 1, 1, 5, 5, 2, 3, 5, 7, 6, 6, 5, 8, 6, 3, 1, 5, 10, 10, 6, 2, 6, 8, 10, 7, 3, 6, 3, 3, 8, 5, 6, 10, 7, 9, 7, 9, 7, 10, 5, 8, 8, 7, 7, 2, 10, 6, 7, 1]
(0.8919471128161252, 0.6346334513240273, 0.9765394837788758)
[9, 4, 10, 2, 10, 5, 8, 1, 3, 5, 7, 9, 6, 5, 1, 1, 5, 5, 2, 3, 5, 7, 6, 6, 5, 8, 6, 3, 1, 5, 10, 10, 6, 2, 6, 8, 10, 7, 3, 6, 3, 3, 8, 5, 6, 10, 7, 9, 7, 9, 7, 10, 5, 8, 8, 7, 7, 2, 10, 6, 7, 1]
(0.8919471128161252, 0.6346334513240273, 0.9765394837788758)
[9, 4, 10, 2, 10, 5, 8, 1, 3, 5, 7, 9, 6, 5, 1, 1, 5, 5, 2, 3, 5, 7, 6, 6, 5, 8, 6, 3, 1, 5, 10, 10, 6, 2, 6, 8, 10, 7, 3, 6, 3, 3, 8, 5, 6, 10, 7, 9, 7, 9, 7, 10, 5, 8, 8, 7, 7, 2, 10, 6, 7, 1]
(0.8919471128161252, 0.6346334513240273, 0.9765394837788758)
[10, 4, 10, 9, 4, 1, 8, 1, 3, 3, 5, 9, 1, 5, 2, 6, 5, 5, 6, 3, 5, 5, 9, 2, 8, 7, 7, 6, 9, 5, 9, 8, 6, 2, 3, 4, 10, 3, 4, 9, 5, 3, 8, 3, 10, 10, 7, 9, 7, 9, 7, 10, 5, 8, 8, 7, 2, 2, 10, 6, 7, 1]
(0.5622510089746404, 1.057867140695449, 1.0046172419044321)
[9, 4, 10, 9, 2, 5, 8, 1, 5, 3, 5, 9, 1, 5, 2, 6, 5, 5, 6, 3, 5, 5, 9, 2, 8, 7, 10, 8, 9, 5, 9, 8, 6, 5, 5, 6, 10, 7, 4, 9, 5, 3, 8, 3, 8, 10, 7, 9, 7, 9, 7, 10, 5, 8, 8, 7, 2, 2, 10, 6, 7, 1]
(0.5617829032980646, 1.0579787977039776, 1.0081022943928848)
[9, 4, 10, 9, 2, 5, 8, 1, 5, 3, 5, 9, 1, 5, 2, 6, 5, 5, 6, 3, 5, 5, 9, 2, 8, 7, 10, 8, 9, 5, 9, 8, 6, 5, 5, 6, 10, 7, 4, 9, 5, 3, 8, 3, 8, 10, 7, 9, 7, 9, 7, 10, 5, 8, 8, 7, 2, 2, 10, 6, 7, 1]
(0.5617829032980646, 1.0579787977039776, 1.0081022943928848)
[9, 4, 10, 9, 4, 5, 8, 1, 5, 3, 5, 9, 1, 5, 2, 6, 5, 5, 6, 3, 5, 5, 9, 2, 8, 7, 10, 8, 9, 5, 9, 8, 6, 5, 5, 6, 10, 7, 4, 6, 5, 3, 8, 3, 8, 10, 7, 9, 7, 9, 7, 10, 5, 8, 8, 7, 2, 2, 10, 6, 7, 1]
(0.563868441154086, 1.0568903520703277, 1.0074742132558452)
[10, 4, 2, 9, 6, 7, 8, 1, 3, 5, 7, 9, 1, 5, 2, 6, 5, 5, 6, 3, 5, 5, 9, 2, 8, 7, 10, 8, 9, 5, 9, 8, 6, 2, 3, 4, 10, 7, 4, 9, 5, 9, 8, 3, 8, 10, 7, 9, 7, 9, 7, 10, 5, 8, 8, 7, 2, 2, 10, 6, 7, 1]
(0.5615255044255144, 1.0584506761282646, 1.008838757593349)
[10, 4, 2, 9, 6, 7, 8, 1, 3, 5, 7, 9, 1, 5, 2, 6, 5, 5, 6, 3, 5, 5, 9, 2, 8, 7, 10, 8, 9, 5, 9, 8, 6, 2, 3, 4, 10, 7, 4, 9, 5, 9, 8, 3, 8, 10, 7, 9, 7, 9, 7, 10, 5, 8, 8, 7, 2, 2, 10, 6, 7, 1]
(0.5615255044255144, 1.0584506761282646, 1.008838757593349)
[10, 1, 2, 1, 9, 8, 5, 1, 3, 5, 1, 9, 4, 5, 2, 9, 8, 5, 6, 3, 5, 5, 9, 2, 7, 7, 7, 6, 9, 5, 9, 8, 6, 2, 5, 4, 10, 7, 4, 6, 3, 3, 8, 3, 8, 6, 7, 5, 7, 10, 7, 10, 5, 8, 8, 7, 2, 2, 10, 6, 7, 1]
(0.9085590736229902, 1.0475741805508696, 0.725606958100171)
