[6, 5, 2, 3, 1, 9, 9, 6, 6, 5, 3, 4, 1, 9, 8, 10, 9, 9, 6, 2, 4, 1, 1, 5, 6, 6, 10, 6, 10, 8, 1, 9, 1, 9, 9, 8, 6, 1, 7, 2, 6, 7, 2, 9, 2, 9, 10, 3, 8, 6, 4, 8, 4, 7, 2, 2, 3, 5, 6, 2, 10, 1]
(0.6027101940252545, 0.6027101940252545, 0.8480335881002262, 0.1800274851122309, 0.7440894984640202, 0.0, 0.43646486336364976, 0.0, 0.8790084064938134, 0.6096941811114193)
[4, 4, 2, 3, 4, 8, 7, 6, 6, 2, 3, 6, 3, 9, 8, 3, 9, 7, 6, 2, 6, 1, 6, 9, 10, 6, 10, 6, 4, 7, 1, 9, 1, 9, 5, 8, 6, 1, 7, 2, 7, 7, 2, 9, 2, 9, 10, 3, 10, 6, 2, 4, 4, 1, 2, 2, 3, 5, 6, 1, 10, 1]
(0.9121726793237026, 0.6027101940252545, 0.9031400772742927, 0.20470433423801287, 0.17601735265925, 0.0, 0.9053766128607094, 0.5910780669144974, 0.8681031645275661, 0.0)
[4, 5, 2, 2, 4, 8, 6, 3, 6, 1, 4, 5, 3, 8, 8, 3, 9, 7, 6, 2, 4, 1, 1, 5, 6, 6, 10, 6, 10, 8, 1, 9, 1, 4, 10, 8, 6, 1, 4, 2, 7, 7, 2, 9, 2, 9, 10, 3, 6, 6, 2, 4, 2, 1, 2, 2, 3, 5, 6, 2, 7, 1]
(0.6027101940252545, 0.6027101940252545, 0.42678361991420777, 0.1800274851122309, 0.7318731919862366, 0.0, 0.7823271813802454, 0.0, 0.6387835907749854, 0.7481088032014691)
[4, 5, 2, 3, 4, 9, 6, 6, 6, 2, 3, 4, 10, 6, 2, 10, 5, 6, 6, 2, 6, 1, 6, 5, 6, 6, 10, 6, 10, 5, 1, 9, 1, 9, 10, 8, 6, 1, 7, 2, 7, 7, 2, 9, 7, 9, 10, 3, 10, 9, 2, 4, 4, 1, 2, 2, 3, 5, 6, 2, 10, 1]
(0.8986897389404476, 0.3982769147276304, 0.9032748713158071, 0.20470433423801287, 0.8779245349578557, 0.6551724137931036, 0.8812406684271995, 0.27611735673156007, 0.8808339784853162, 0.0)
[4, 3, 2, 3, 4, 2, 6, 5, 3, 5, 3, 2, 3, 9, 1, 5, 5, 7, 6, 2, 6, 6, 6, 7, 5, 6, 10, 6, 10, 8, 9, 6, 2, 4, 5, 2, 6, 1, 7, 3, 7, 7, 9, 9, 2, 9, 10, 3, 10, 6, 10, 1, 4, 5, 2, 2, 3, 5, 6, 4, 10, 1]
(0.910967237781733, 0.19116928787730778, 0.9216743663884693, 0.20470433423801287, 0.9217826628126198, 0.6551724137931036, 0.39048638632520594, 0.0, 0.9138087256811556, 0.6096941811114193)
[4, 5, 2, 2, 6, 9, 6, 6, 6, 5, 3, 4, 1, 9, 8, 3, 9, 7, 6, 2, 7, 1, 6, 5, 6, 8, 10, 6, 10, 8, 1, 9, 1, 9, 5, 8, 6, 1, 7, 2, 5, 7, 2, 9, 2, 9, 10, 3, 10, 6, 2, 4, 4, 1, 2, 2, 3, 5, 6, 2, 10, 1]
(0.8809877979569138, 0.6027101940252545, 0.8767465303651996, 0.20470433423801287, 0.8908869951032106, 0.8838931742124262, 0.8843314603902405, 0.0, 0.0, 0.0)
[4, 5, 2, 3, 7, 8, 6, 6, 6, 1, 3, 3, 3, 7, 8, 3, 9, 10, 6, 2, 6, 1, 6, 5, 6, 6, 10, 6, 4, 9, 1, 9, 1, 9, 2, 8, 6, 1, 7, 2, 7, 7, 2, 9, 2, 9, 10, 3, 10, 6, 2, 4, 4, 1, 2, 2, 3, 5, 6, 2, 10, 1]
(0.6027101940252545, 0.0, 0.4687316873110813, 0.20470433423801287, 0.881310454476625, 0.6551724137931028, 0.8775401531718676, 0.22476006249535, 0.6794549613259773, 0.6096941811114193)
[4, 4, 2, 3, 7, 2, 6, 3, 6, 1, 3, 4, 4, 9, 7, 10, 5, 9, 3, 2, 6, 6, 6, 1, 6, 6, 10, 6, 10, 8, 1, 9, 1, 9, 6, 8, 6, 1, 4, 2, 7, 7, 2, 9, 2, 9, 10, 3, 10, 6, 2, 4, 4, 1, 2, 2, 3, 5, 6, 2, 10, 1]
(0.854854422528298, 0.6027101940252545, 0.8783577310852714, 0.20470433423801287, 0.901807977166027, 0.9262515691108993, 0.7842368566431137, 0.0, 0.0, 0.0)
[4, 3, 4, 3, 4, 2, 6, 5, 3, 2, 3, 2, 3, 9, 1, 10, 5, 7, 6, 2, 6, 6, 6, 7, 6, 6, 10, 6, 10, 8, 9, 6, 1, 9, 5, 7, 6, 1, 7, 3, 7, 7, 9, 9, 2, 9, 10, 3, 10, 6, 10, 1, 4, 1, 2, 2, 3, 5, 6, 2, 10, 1]
(0.9118239668197927, 0.37368722551078853, 0.9005297099240124, 0.20470433423801287, 0.8574071354232732, 0.6551724137931036, 0.45036630639806097, 0.0, 0.9063903640024363, 0.6096941811114193)
[4, 3, 4, 3, 4, 2, 6, 5, 3, 5, 3, 2, 3, 9, 1, 5, 5, 7, 6, 2, 6, 6, 6, 7, 6, 6, 10, 6, 10, 8, 9, 6, 1, 9, 5, 7, 6, 1, 7, 3, 7, 7, 9, 9, 2, 9, 10, 3, 10, 6, 10, 1, 4, 1, 2, 2, 3, 5, 6, 2, 10, 1]
(0.9059135817922651, 0.37368722551078853, 0.9191580693237478, 0.20470433423801287, 0.902008130680769, 0.6551724137931036, 0.3910326275043145, 0.0, 0.9055367500521241, 0.6096941811114193)
[4, 9, 7, 2, 7, 7, 6, 8, 6, 3, 4, 4, 5, 8, 7, 10, 7, 4, 7, 7, 10, 9, 6, 1, 6, 3, 10, 10, 5, 1, 2, 9, 1, 5, 9, 8, 10, 3, 9, 2, 7, 5, 9, 9, 2, 9, 8, 3, 8, 2, 4, 8, 3, 8, 2, 2, 3, 5, 4, 2, 8, 2]
(0.8914462101645773, 0.19740425674994097, 0.9012372626923024, 0.20470433423801287, 0.6551724137931028, 0.48717948717948745, 0.8985152258537711, 0.22476006249535, 0.2492823664877313, 0.7473445725627281)
[6, 5, 2, 3, 4, 9, 9, 6, 6, 5, 3, 4, 1, 9, 8, 3, 9, 9, 3, 8, 10, 6, 6, 5, 6, 6, 10, 6, 10, 8, 4, 9, 1, 9, 10, 8, 6, 1, 7, 2, 7, 7, 2, 9, 2, 9, 10, 8, 8, 6, 4, 8, 4, 8, 2, 2, 3, 5, 6, 1, 10, 1]
(0.9006136790849268, 0.2372984115435914, 0.41086509348825034, 0.20470433423801287, 0.8548119827173664, 0.27536231884057943, 0.42161656664684005, 0.27611735673156007, 0.8449498933739971, 0.8760675755329437)
[4, 3, 9, 2, 6, 3, 9, 7, 5, 1, 3, 4, 3, 8, 1, 3, 9, 7, 6, 8, 6, 1, 6, 1, 6, 6, 10, 1, 5, 1, 9, 9, 1, 8, 9, 4, 10, 7, 7, 6, 7, 6, 9, 9, 2, 9, 8, 3, 8, 6, 7, 1, 5, 1, 2, 2, 5, 5, 4, 5, 8, 2]
(0.9064048002474008, 0.2974013474494705, 0.8851319515146322, 0.20470433423801287, 0.9179455242119725, 1.0, 0.8795993831939999, 0.18951132300357565, 0.906606344413012, 0.2492823664877313)
[7, 5, 2, 3, 4, 9, 6, 6, 6, 5, 3, 4, 2, 9, 8, 3, 9, 7, 3, 8, 10, 6, 6, 5, 6, 6, 10, 6, 10, 8, 3, 9, 2, 9, 9, 8, 6, 1, 7, 2, 7, 7, 2, 9, 2, 9, 10, 3, 8, 6, 4, 8, 4, 8, 2, 2, 3, 5, 6, 2, 10, 1]
(0.5583052863366935, 0.19740425674994097, 0.9077388868667181, 0.20470433423801287, 0.7200463674031238, 0.48717948717948745, 0.42389268474652936, 0.22476006249535, 0.8745399977080532, 0.855676269438119)
[7, 5, 2, 3, 4, 9, 6, 6, 6, 5, 3, 2, 1, 9, 8, 3, 9, 7, 3, 8, 10, 6, 9, 5, 6, 6, 10, 6, 10, 8, 3, 9, 2, 9, 9, 8, 6, 1, 7, 2, 7, 7, 2, 9, 2, 9, 10, 3, 10, 6, 9, 4, 4, 1, 2, 2, 3, 5, 6, 4, 10, 1]
(0.8705219644121829, 0.19740425674994097, 0.8884188842959703, 0.20470433423801287, 0.5569334798492522, 0.48717948717948745, 0.5754188212566115, 0.24780575834632118, 0.7605264459947545, 0.8739246022887532)
[8, 6, 8, 10, 1, 5, 8, 10, 6, 8, 1, 4, 3, 9, 1, 10, 5, 4, 6, 6, 6, 6, 2, 2, 6, 6, 10, 3, 10, 8, 9, 7, 1, 9, 5, 7, 1, 1, 7, 2, 7, 7, 9, 10, 6, 9, 9, 3, 10, 7, 9, 10, 4, 1, 2, 2, 3, 5, 6, 2, 10, 1]
(0.6246161091141442, 0.37368722551078853, 0.8861746854148812, 0.20470433423801287, 0.8781916332431144, 1.0, 0.8996720674447717, 0.18951132300357565, 0.9086446373723446, 0.2712800691833891)
[8, 6, 8, 10, 1, 5, 8, 10, 6, 8, 1, 4, 3, 9, 1, 10, 5, 4, 6, 6, 6, 6, 2, 2, 6, 6, 10, 3, 10, 8, 9, 7, 1, 9, 5, 7, 1, 1, 7, 2, 7, 7, 9, 10, 6, 9, 9, 3, 10, 7, 9, 10, 4, 1, 2, 2, 3, 5, 6, 2, 10, 1]
(0.6246161091141442, 0.37368722551078853, 0.8861746854148812, 0.20470433423801287, 0.8781916332431144, 1.0, 0.8996720674447717, 0.18951132300357565, 0.9086446373723446, 0.2712800691833891)
[8, 6, 8, 10, 1, 5, 8, 10, 6, 8, 1, 4, 3, 9, 1, 10, 5, 4, 6, 6, 6, 6, 2, 2, 6, 6, 10, 3, 10, 8, 9, 7, 1, 9, 5, 7, 1, 1, 7, 2, 7, 7, 9, 10, 6, 9, 9, 3, 10, 7, 9, 10, 4, 1, 2, 2, 3, 5, 6, 2, 10, 1]
(0.6246161091141442, 0.37368722551078853, 0.8861746854148812, 0.20470433423801287, 0.8781916332431144, 1.0, 0.8996720674447717, 0.18951132300357565, 0.9086446373723446, 0.2712800691833891)
[5, 3, 2, 3, 7, 8, 6, 6, 6, 1, 3, 3, 3, 7, 8, 3, 9, 10, 6, 2, 6, 1, 6, 5, 1, 6, 10, 6, 4, 9, 1, 9, 1, 9, 2, 8, 6, 1, 7, 2, 7, 7, 2, 10, 2, 9, 10, 3, 10, 6, 2, 1, 4, 1, 2, 2, 3, 5, 6, 2, 10, 1]
(0.8065242585726113, 0.6027101940252545, 0.9124326101504262, 0.1800274851122309, 0.9061356772668657, 0.6551724137931036, 0.8927169294096532, 0.0, 0.753972043748949, 0.6096941811114193)
[4, 3, 4, 3, 4, 2, 6, 5, 3, 5, 3, 2, 3, 9, 1, 10, 5, 2, 6, 2, 6, 6, 6, 1, 5, 6, 10, 7, 10, 7, 9, 6, 1, 9, 5, 7, 6, 1, 7, 3, 7, 7, 9, 9, 2, 9, 10, 3, 10, 7, 9, 10, 4, 4, 2, 2, 3, 5, 6, 2, 7, 1]
(0.9175954571925099, 0.37368722551078853, 0.9175336775369938, 0.20470433423801287, 0.9171202682889995, 0.6551724137931036, 0.9021465579979119, 0.20563610373698182, 0.8657258317805842, 0.6096941811114193)
[4, 4, 2, 3, 4, 8, 7, 7, 3, 2, 3, 4, 3, 7, 2, 10, 1, 6, 6, 2, 6, 1, 6, 5, 6, 6, 10, 6, 4, 9, 1, 9, 1, 9, 5, 8, 6, 1, 7, 2, 7, 7, 2, 9, 2, 9, 10, 3, 10, 6, 2, 4, 4, 1, 2, 2, 3, 5, 6, 1, 10, 1]
(0.8485789201222371, 0.6027101940252545, 0.8628411917947243, 0.20470433423801287, 0.9245886099524789, 0.6551724137931028, 0.5910780669144974, 0.5910780669144974, 0.5468062105588644, 0.0)
[7, 5, 2, 3, 4, 9, 6, 6, 6, 5, 3, 6, 1, 9, 8, 3, 9, 7, 3, 8, 10, 6, 6, 5, 6, 6, 10, 6, 10, 8, 1, 9, 2, 9, 9, 8, 6, 1, 7, 2, 7, 7, 2, 9, 2, 9, 10, 3, 10, 6, 2, 1, 4, 1, 2, 2, 3, 5, 6, 2, 10, 1]
(0.8850472281686966, 0.19740425674994097, 0.8613529666326945, 0.20470433423801287, 0.8181045853532879, 0.48717948717948745, 0.5674875007011032, 0.24780575834632118, 0.8998813108541073, 0.9896980233082242)
[4, 9, 7, 2, 7, 7, 6, 8, 6, 3, 4, 4, 5, 8, 7, 10, 7, 4, 7, 7, 10, 9, 6, 1, 6, 3, 10, 10, 5, 1, 2, 9, 1, 5, 9, 8, 10, 3, 9, 2, 7, 5, 9, 9, 2, 9, 8, 3, 8, 2, 4, 8, 3, 8, 2, 2, 3, 5, 4, 2, 8, 2]
(0.8914462101645773, 0.19740425674994097, 0.9012372626923024, 0.20470433423801287, 0.6551724137931028, 0.6551724137931028, 0.8985152258537711, 0.22476006249535, 0.879385157395155, 0.8846137518994515)
[4, 9, 7, 2, 7, 7, 6, 8, 6, 3, 4, 4, 5, 8, 7, 10, 7, 4, 7, 7, 10, 9, 6, 1, 6, 3, 10, 10, 5, 1, 2, 9, 1, 5, 9, 8, 10, 3, 9, 2, 7, 5, 9, 9, 2, 9, 8, 3, 8, 2, 4, 8, 3, 8, 2, 2, 3, 5, 4, 2, 8, 2]
(0.8914462101645773, 0.19740425674994097, 0.9012372626923024, 0.20470433423801287, 0.6551724137931028, 0.6551724137931028, 0.8985152258537711, 0.22476006249535, 0.879385157395155, 0.8846137518994515)
[4, 5, 2, 3, 5, 2, 6, 2, 6, 5, 3, 4, 1, 9, 8, 3, 9, 7, 3, 8, 10, 6, 9, 5, 6, 6, 10, 6, 10, 6, 3, 9, 2, 9, 9, 8, 6, 1, 7, 2, 7, 7, 2, 9, 2, 9, 10, 3, 10, 6, 2, 1, 4, 1, 2, 2, 3, 5, 6, 2, 10, 1]
(0.8637000105343771, 0.2372984115435914, 0.4986629349179565, 0.20470433423801287, 0.8844357765279717, 0.6551724137931028, 0.7204693750478365, 0.22476006249535, 0.893192506488413, 0.8662806947715592)
[4, 9, 7, 2, 7, 4, 6, 8, 6, 3, 4, 4, 5, 8, 7, 10, 7, 4, 7, 7, 10, 9, 5, 1, 6, 3, 10, 10, 5, 1, 2, 9, 1, 5, 9, 8, 10, 4, 7, 6, 7, 5, 9, 9, 2, 9, 8, 3, 8, 6, 4, 8, 4, 8, 2, 2, 3, 5, 4, 2, 8, 2]
(0.6381800680421332, 0.19740425674994097, 0.44052173690870056, 0.20470433423801287, 0.9113906857557591, 1.0, 0.8541045582853275, 0.20563610373698182, 0.7440895679406858, 0.6096941811114193)
[4, 9, 7, 2, 7, 7, 6, 8, 6, 3, 4, 4, 5, 10, 7, 10, 7, 4, 7, 7, 10, 1, 6, 5, 6, 3, 10, 10, 5, 1, 2, 9, 1, 5, 9, 5, 10, 4, 7, 2, 7, 5, 9, 6, 2, 9, 8, 3, 8, 6, 4, 7, 4, 8, 2, 2, 3, 5, 4, 2, 8, 2]
(0.8824306148104377, 0.37368722551078853, 0.8912551234476274, 0.20470433423801287, 0.8675387415103619, 0.6551724137931028, 0.3956781943328713, 0.22476006249535, 0.8630337941460322, 0.7605264459947545)
[7, 5, 2, 3, 10, 1, 6, 6, 6, 2, 3, 4, 3, 9, 1, 10, 5, 4, 9, 6, 6, 6, 8, 2, 6, 6, 10, 3, 10, 1, 9, 7, 1, 9, 5, 7, 1, 1, 7, 2, 7, 7, 9, 10, 6, 9, 9, 3, 10, 7, 7, 10, 4, 1, 2, 2, 3, 5, 6, 2, 10, 1]
(0.8955477192066605, 0.2372984115435914, 0.8322743172757349, 0.20470433423801287, 0.912986154388636, 1.0, 0.5455562141723971, 0.17573148740620093, 0.9019358872435986, 0.6096941811114193)
[4, 3, 7, 2, 7, 8, 6, 8, 6, 3, 4, 4, 5, 8, 7, 10, 7, 4, 7, 7, 10, 9, 7, 2, 5, 3, 10, 10, 5, 1, 2, 9, 1, 5, 9, 8, 10, 4, 7, 6, 7, 5, 9, 9, 2, 9, 8, 3, 8, 6, 4, 8, 4, 8, 2, 2, 3, 5, 4, 2, 8, 2]
(0.2955862102098748, 0.19740425674994097, 0.8963314396329223, 0.20470433423801287, 0.9125799276866017, 1.0, 0.8847994488663976, 0.22476006249535, 0.8912173484452072, 0.6096941811114193)
[6, 5, 2, 3, 7, 8, 6, 6, 6, 1, 3, 3, 3, 7, 8, 3, 9, 7, 6, 2, 6, 1, 6, 5, 6, 6, 10, 6, 4, 9, 1, 9, 1, 9, 5, 8, 6, 1, 7, 2, 7, 7, 2, 9, 2, 9, 10, 3, 10, 6, 2, 4, 4, 1, 2, 2, 3, 5, 6, 2, 10, 1]
(0.8883332601748408, 0.6027101940252545, 0.8773087135516112, 0.1800274851122309, 0.8531682454980921, 0.6551724137931028, 0.20563610373698182, 0.20563610373698182, 0.7888562350533941, 0.6096941811114193)
[6, 5, 2, 3, 7, 5, 6, 6, 6, 5, 3, 4, 2, 9, 8, 3, 9, 9, 3, 8, 10, 6, 6, 5, 6, 6, 8, 6, 10, 8, 1, 9, 1, 9, 5, 8, 6, 1, 7, 7, 7, 4, 2, 9, 9, 7, 10, 3, 7, 6, 2, 10, 4, 1, 2, 2, 3, 5, 6, 2, 10, 1]
(0.5630474529229137, 0.19740425674994097, 0.8780055536888545, 0.23722082790609003, 0.6551724137931028, 0.6551724137931028, 0.8658180219121284, 0.27611735673156007, 0.8716603646986193, 0.8939529201947156)
[4, 3, 8, 3, 4, 9, 6, 5, 6, 1, 3, 4, 3, 9, 1, 10, 5, 7, 6, 2, 6, 6, 6, 7, 6, 6, 10, 6, 10, 8, 9, 6, 1, 9, 5, 7, 6, 1, 7, 2, 7, 7, 9, 9, 2, 9, 10, 3, 10, 6, 6, 1, 4, 1, 2, 2, 3, 5, 6, 2, 10, 1]
(0.9005660722963511, 0.37368722551078853, 0.8892992989160122, 0.20470433423801287, 0.909800430294126, 0.6551724137931036, 0.8335825734771815, 0.4201084689194826, 0.9100496263243255, 0.6096941811114193)
[4, 3, 8, 2, 7, 6, 7, 8, 6, 3, 4, 3, 5, 8, 7, 10, 7, 4, 7, 2, 10, 9, 7, 7, 5, 3, 10, 10, 5, 1, 2, 9, 1, 5, 9, 8, 9, 3, 9, 2, 7, 5, 9, 10, 2, 9, 8, 3, 8, 6, 4, 8, 3, 8, 2, 2, 3, 5, 4, 2, 8, 2]
(0.8170346853323314, 0.2834725508184055, 0.44821142079308324, 0.20470433423801287, 0.9004507656209171, 0.9055162587203083, 0.8496000356040914, 0.0, 0.9092011035419997, 0.8730827818624683)
[4, 5, 2, 3, 7, 8, 6, 6, 6, 2, 3, 6, 3, 7, 8, 3, 9, 7, 6, 2, 6, 1, 6, 9, 6, 8, 10, 6, 10, 8, 1, 9, 4, 9, 5, 8, 8, 1, 7, 2, 7, 7, 2, 9, 2, 9, 10, 3, 10, 6, 2, 5, 2, 1, 2, 2, 3, 5, 6, 2, 10, 1]
(0.9057959399186074, 0.6027101940252545, 0.8970326946116985, 0.20470433423801287, 0.7092272286303382, 0.6551724137931028, 0.6400996058248022, 0.20563610373698182, 0.6096941811114193, 0.6096941811114193)
[4, 5, 2, 3, 4, 9, 6, 6, 6, 2, 3, 6, 3, 7, 8, 3, 9, 7, 6, 2, 6, 1, 6, 9, 6, 6, 10, 6, 4, 7, 1, 9, 1, 9, 5, 8, 6, 1, 7, 2, 3, 7, 2, 9, 2, 9, 10, 3, 10, 9, 2, 4, 4, 1, 2, 2, 3, 5, 6, 2, 10, 1]
(0.90983613403514, 0.6027101940252545, 0.8057044853456347, 0.20470433423801287, 0.9062589447014031, 0.6551724137931036, 0.8574230748228743, 0.20563610373698182, 0.8643536078743647, 0.6096941811114193)
[4, 9, 7, 2, 7, 7, 8, 8, 6, 3, 4, 4, 5, 8, 7, 10, 7, 6, 7, 7, 10, 9, 7, 2, 5, 3, 10, 10, 5, 1, 2, 9, 1, 5, 9, 8, 10, 4, 7, 2, 7, 5, 9, 6, 2, 9, 8, 1, 8, 6, 4, 8, 4, 8, 2, 2, 3, 5, 4, 2, 8, 2]
(0.8720952254720039, 0.19740425674994097, 0.6682110940106252, 0.20470433423801287, 0.8695413819514225, 0.6551724137931028, 0.0, 0.24780575834632118, 0.9141184958629306, 0.9896980233082242)
[4, 5, 2, 2, 7, 8, 6, 6, 6, 1, 3, 4, 3, 7, 8, 10, 5, 6, 6, 2, 6, 1, 6, 5, 6, 6, 9, 6, 10, 8, 9, 6, 1, 9, 10, 8, 10, 1, 9, 2, 7, 7, 2, 9, 2, 9, 10, 3, 10, 6, 2, 4, 4, 1, 2, 2, 3, 5, 6, 2, 10, 1]
(0.8159313899464935, 0.6027101940252545, 0.1800274851122309, 0.20470433423801287, 0.9145594905130562, 0.6551724137931028, 0.8761738498695201, 0.22476006249535, 0.6096941811114193, 0.6096941811114193)
[4, 4, 2, 3, 4, 8, 6, 7, 6, 1, 3, 4, 3, 7, 2, 10, 1, 6, 6, 2, 6, 1, 6, 5, 6, 6, 10, 6, 10, 8, 1, 9, 1, 9, 5, 8, 6, 1, 7, 2, 7, 7, 2, 9, 2, 9, 10, 3, 10, 6, 2, 4, 4, 1, 2, 2, 3, 5, 6, 1, 10, 1]
(0.8985699607990683, 0.6027101940252545, 0.8835312477312987, 0.20470433423801287, 0.9177023834548884, 0.9051888569258151, 0.881134321633727, 0.5910780669144974, 0.7408323981799221, 0.0)
[4, 4, 2, 3, 4, 8, 6, 7, 6, 1, 3, 4, 3, 7, 2, 10, 1, 6, 6, 2, 6, 1, 6, 5, 6, 6, 10, 6, 10, 8, 1, 9, 1, 9, 5, 8, 6, 1, 7, 2, 7, 7, 2, 9, 2, 9, 10, 3, 10, 6, 2, 4, 4, 1, 2, 2, 3, 5, 6, 1, 10, 1]
(0.8985699607990683, 0.6027101940252545, 0.8835312477312987, 0.20470433423801287, 0.9177023834548884, 0.9051888569258151, 0.881134321633727, 0.5910780669144974, 0.7408323981799221, 0.0)
[4, 5, 2, 3, 4, 9, 3, 6, 6, 2, 3, 6, 3, 7, 8, 3, 9, 1, 6, 2, 6, 1, 6, 5, 6, 6, 10, 6, 5, 7, 1, 9, 2, 9, 5, 8, 6, 1, 7, 2, 3, 7, 2, 9, 2, 9, 10, 3, 10, 9, 2, 7, 4, 1, 2, 2, 3, 5, 6, 2, 10, 1]
(0.9051093355752527, 0.6027101940252545, 0.8760137676261368, 0.23722082790609003, 0.6551724137931036, 0.6551724137931036, 0.6455424475483635, 0.20563610373698182, 0.8357065510936101, 0.6096941811114193)
[4, 3, 7, 2, 7, 8, 6, 8, 6, 3, 4, 4, 5, 8, 7, 10, 7, 4, 7, 7, 10, 9, 6, 1, 6, 3, 10, 10, 5, 1, 2, 9, 1, 5, 9, 8, 10, 4, 7, 6, 7, 5, 9, 9, 2, 9, 8, 3, 8, 6, 4, 8, 4, 8, 2, 2, 3, 5, 4, 2, 4, 2]
(0.8857103058137004, 0.19116928787730778, 0.9005829404108225, 0.20470433423801287, 0.8450333933345994, 0.6551724137931036, 0.4814088501967479, 0.5085002524827472, 0.7605264459947545, 0.7605264459947545)
[4, 3, 7, 2, 7, 8, 6, 8, 6, 3, 4, 4, 5, 8, 7, 10, 7, 4, 7, 7, 10, 9, 6, 1, 6, 3, 10, 10, 5, 1, 2, 9, 1, 5, 9, 8, 10, 4, 7, 6, 7, 5, 9, 9, 2, 9, 8, 3, 8, 6, 4, 8, 4, 8, 2, 2, 3, 5, 4, 2, 4, 2]
(0.8857103058137004, 0.19116928787730778, 0.9005829404108225, 0.20470433423801287, 0.8450333933345994, 0.6551724137931036, 0.4814088501967479, 0.5085002524827472, 0.7605264459947545, 0.7605264459947545)
[4, 3, 7, 2, 7, 8, 6, 8, 6, 3, 4, 4, 5, 8, 7, 10, 7, 4, 7, 7, 10, 9, 6, 1, 6, 3, 10, 10, 5, 1, 2, 9, 1, 5, 9, 8, 10, 4, 7, 6, 7, 5, 9, 9, 2, 9, 8, 3, 8, 6, 4, 8, 4, 8, 2, 2, 3, 5, 4, 2, 4, 2]
(0.8857103058137004, 0.19116928787730778, 0.9005829404108225, 0.20470433423801287, 0.8450333933345994, 0.6551724137931036, 0.4814088501967479, 0.5085002524827472, 0.7605264459947545, 0.7605264459947545)
[4, 3, 4, 3, 4, 3, 6, 5, 3, 5, 7, 2, 3, 9, 1, 10, 5, 2, 6, 2, 6, 6, 3, 1, 5, 5, 10, 6, 10, 8, 9, 9, 1, 9, 10, 10, 4, 1, 7, 2, 7, 7, 9, 9, 6, 9, 8, 3, 10, 4, 9, 10, 4, 4, 2, 2, 3, 5, 6, 2, 7, 1]
(0.9087916820310055, 0.37368722551078853, 0.8999866883270442, 0.23722082790609003, 0.901711059641093, 0.9140504690818485, 0.8621121875010437, 0.18951132300357565, 0.895565438549966, 0.6096941811114193)
[4, 4, 2, 3, 4, 8, 6, 7, 6, 1, 3, 3, 3, 7, 8, 3, 9, 7, 6, 2, 6, 1, 6, 5, 6, 6, 10, 6, 4, 9, 1, 9, 1, 9, 5, 8, 6, 1, 9, 2, 9, 7, 2, 9, 2, 9, 10, 3, 10, 6, 2, 3, 4, 1, 2, 2, 3, 5, 6, 1, 10, 1]
(0.9006575035862626, 0.6027101940252545, 0.9078512768261132, 0.20470433423801287, 0.8756120567210027, 0.9093713087029753, 0.8983452801592648, 0.0, 0.6096941811114193, 0.6096941811114193)
[5, 3, 2, 3, 7, 8, 6, 6, 6, 1, 3, 3, 3, 7, 8, 3, 9, 7, 6, 2, 6, 1, 6, 5, 6, 6, 10, 6, 10, 8, 1, 9, 1, 9, 5, 8, 10, 3, 9, 2, 7, 4, 2, 9, 9, 9, 10, 3, 10, 6, 2, 4, 4, 1, 2, 2, 3, 5, 6, 2, 10, 1]
(0.8638498737476776, 0.6027101940252545, 0.873509623389692, 0.23722082790609003, 0.9021103044040502, 0.6551724137931036, 0.854368927981706, 0.22476006249535, 0.9017449288628994, 0.6096941811114193)
[4, 10, 2, 2, 7, 8, 6, 6, 6, 1, 3, 4, 3, 7, 8, 10, 5, 6, 6, 3, 6, 1, 6, 5, 6, 6, 9, 6, 10, 7, 1, 9, 1, 9, 5, 8, 10, 3, 9, 2, 7, 4, 2, 9, 2, 9, 10, 3, 10, 6, 2, 4, 4, 1, 2, 2, 3, 5, 6, 2, 6, 1]
(0.496347070951014, 0.7938333936966986, 0.5516771339811408, 0.23722082790609003, 0.6187764874659517, 0.6551724137931036, 0.5910780669144974, 0.6439991473033476, 0.7905178497545451, 0.0)
[4, 5, 2, 2, 4, 8, 6, 5, 5, 1, 4, 5, 3, 8, 8, 3, 5, 6, 6, 2, 4, 1, 1, 5, 6, 6, 10, 6, 10, 8, 1, 9, 1, 4, 10, 8, 6, 1, 4, 2, 7, 7, 2, 9, 5, 9, 10, 3, 6, 6, 2, 4, 4, 1, 2, 2, 3, 5, 6, 2, 7, 1]
(0.8574665523134186, 0.8385944865019295, 0.8065552341751786, 0.1800274851122309, 0.9061926680617033, 0.5298769072629534, 0.8664656908251356, 0.17573148740620093, 0.7192543075419991, 0.6096941811114193)
[4, 3, 4, 3, 4, 2, 6, 5, 3, 5, 3, 2, 3, 9, 1, 10, 5, 2, 6, 2, 6, 6, 6, 1, 5, 6, 10, 7, 10, 7, 9, 6, 2, 8, 5, 7, 4, 1, 7, 2, 7, 7, 9, 9, 6, 9, 8, 3, 10, 7, 9, 10, 4, 4, 2, 2, 3, 5, 6, 2, 5, 1]
(0.8905946037732061, 0.37368722551078853, 0.9186802650801832, 0.20470433423801287, 0.9201134079135949, 1.0, 0.889961921144277, 0.18951132300357565, 0.9062226726673541, 0.6096941811114193)
[4, 3, 4, 3, 4, 2, 6, 5, 3, 5, 3, 2, 3, 9, 1, 10, 5, 2, 6, 2, 6, 6, 6, 1, 5, 6, 10, 7, 10, 7, 9, 6, 2, 8, 5, 7, 6, 1, 7, 2, 7, 7, 9, 9, 6, 9, 10, 4, 10, 5, 9, 1, 4, 1, 2, 2, 3, 5, 6, 2, 7, 1]
(0.906385794561356, 0.37368722551078853, 0.909893773961812, 0.20470433423801287, 0.9209504446946079, 1.0, 0.39226722875609565, 0.18951132300357565, 0.9071071784012017, 0.6096941811114193)
[4, 6, 8, 9, 1, 5, 8, 10, 6, 8, 1, 4, 3, 9, 1, 10, 5, 4, 6, 6, 6, 6, 2, 2, 6, 6, 10, 7, 10, 8, 9, 6, 1, 9, 5, 7, 1, 1, 7, 2, 7, 7, 9, 9, 2, 9, 10, 3, 10, 6, 6, 1, 4, 2, 2, 2, 3, 5, 6, 2, 10, 1]
(0.8846620797179646, 0.37368722551078853, 0.20470433423801287, 0.20470433423801287, 0.8814624163322156, 1.0, 0.8965655355714264, 0.18951132300357565, 0.8936676277779043, 0.6096941811114193)
[4, 3, 4, 3, 4, 2, 6, 5, 3, 5, 7, 2, 3, 9, 1, 10, 5, 2, 6, 2, 6, 6, 6, 1, 5, 6, 10, 7, 10, 7, 9, 6, 1, 8, 5, 10, 4, 1, 7, 2, 7, 7, 9, 9, 6, 9, 7, 3, 10, 7, 9, 10, 4, 4, 2, 2, 3, 5, 6, 2, 7, 1]
(0.9159994193352755, 0.37368722551078853, 0.7756744538433883, 0.20470433423801287, 0.9217514366842801, 1.0, 0.8549391909502455, 0.18951132300357565, 0.7275838776491614, 0.6096941811114193)
[4, 3, 4, 3, 7, 9, 6, 5, 3, 5, 3, 2, 3, 9, 1, 10, 5, 7, 6, 2, 6, 6, 6, 2, 6, 6, 10, 7, 10, 7, 9, 6, 1, 8, 5, 10, 6, 1, 7, 2, 7, 7, 9, 9, 6, 9, 10, 3, 10, 7, 9, 10, 8, 4, 2, 2, 3, 5, 6, 3, 7, 1]
(0.8787295962683858, 0.37368722551078853, 0.9174688351340589, 0.20470433423801287, 0.9119292504154142, 1.0, 0.8913740132935349, 0.18951132300357565, 0.9083315745927392, 0.6096941811114193)
[4, 3, 4, 3, 4, 2, 6, 5, 3, 5, 3, 2, 4, 9, 1, 10, 5, 2, 6, 2, 6, 6, 6, 1, 5, 6, 10, 7, 10, 7, 9, 6, 2, 8, 5, 7, 4, 1, 7, 2, 7, 7, 9, 9, 6, 9, 8, 3, 10, 7, 9, 1, 4, 1, 2, 2, 3, 5, 6, 2, 10, 1]
(0.9123639301396903, 0.37368722551078853, 0.8807364004664132, 0.20470433423801287, 0.9216212266124779, 1.0, 0.862241539452226, 0.18951132300357565, 0.9021315989084541, 0.6096941811114193)
[4, 3, 4, 3, 4, 2, 6, 5, 3, 5, 3, 2, 3, 9, 1, 5, 5, 7, 6, 2, 6, 6, 6, 7, 6, 6, 10, 6, 10, 8, 9, 6, 2, 9, 5, 7, 6, 1, 7, 3, 5, 7, 9, 9, 2, 9, 10, 3, 10, 7, 9, 10, 4, 4, 2, 2, 3, 5, 6, 2, 5, 1]
(0.9020562591962514, 0.37368722551078853, 0.9253286262042812, 0.20470433423801287, 0.9265368650667362, 1.0, 0.3651750301010929, 0.20563610373698182, 0.8374358111061181, 0.6096941811114193)
[4, 2, 3, 3, 7, 8, 6, 6, 6, 1, 3, 3, 3, 7, 8, 3, 9, 10, 6, 2, 6, 1, 6, 5, 1, 4, 10, 6, 4, 9, 1, 9, 1, 9, 2, 8, 6, 1, 7, 2, 7, 7, 2, 9, 2, 9, 10, 3, 10, 6, 2, 4, 2, 1, 2, 2, 3, 5, 6, 2, 7, 1]
(0.9011597751639783, 0.8385944865019295, 0.3997617852874054, 0.0, 0.8965783846564592, 1.0, 0.7899883792735676, 0.5910780669144974, 0.8215730919502703, 0.0)
[5, 3, 2, 3, 7, 8, 6, 6, 6, 1, 3, 3, 8, 7, 8, 3, 9, 10, 6, 2, 6, 1, 6, 5, 1, 6, 10, 6, 4, 9, 1, 9, 1, 9, 2, 8, 10, 3, 9, 2, 7, 4, 2, 9, 9, 9, 10, 3, 10, 6, 2, 4, 4, 1, 2, 2, 3, 5, 6, 2, 10, 1]
(0.8967866637744011, 0.6027101940252545, 0.8593724497593948, 0.20470433423801287, 0.6551724137931036, 0.6551724137931036, 0.7722919573076109, 0.35789598388816474, 0.8972739079035822, 0.6096941811114193)
[5, 3, 2, 3, 7, 8, 8, 6, 6, 1, 3, 3, 8, 7, 8, 3, 9, 10, 6, 2, 6, 1, 6, 5, 1, 6, 10, 6, 4, 9, 1, 9, 1, 9, 2, 8, 10, 3, 9, 2, 7, 4, 2, 9, 9, 9, 10, 3, 10, 6, 2, 4, 4, 1, 2, 2, 3, 5, 6, 2, 10, 1]
(0.8956178101710977, 0.6027101940252545, 0.8237824375741205, 0.20470433423801287, 0.9095448100008069, 0.6551724137931036, 0.842843953613194, 0.35789598388816474, 0.8927246828563515, 0.6096941811114193)
[4, 5, 2, 3, 7, 8, 6, 6, 6, 1, 3, 6, 3, 7, 8, 3, 9, 7, 6, 2, 6, 1, 6, 9, 6, 6, 10, 6, 4, 9, 1, 9, 1, 9, 5, 8, 6, 1, 7, 2, 7, 7, 2, 9, 2, 9, 10, 3, 10, 6, 2, 5, 7, 1, 2, 2, 3, 5, 6, 2, 10, 1]
(0.9048535245470702, 0.6027101940252545, 0.8241632382385442, 0.1800274851122309, 0.9013380042277276, 0.8661552789621065, 0.8395319440402113, 0.20563610373698182, 0.7740607946179845, 0.6096941811114193)
[4, 5, 2, 3, 7, 8, 6, 6, 6, 1, 3, 6, 10, 7, 8, 3, 9, 7, 6, 2, 6, 1, 6, 9, 6, 6, 10, 6, 4, 3, 1, 9, 1, 9, 10, 8, 7, 1, 7, 2, 7, 7, 2, 9, 2, 9, 10, 3, 10, 6, 2, 5, 7, 1, 2, 2, 3, 5, 6, 2, 10, 1]
(0.8480498687364175, 0.6027101940252545, 0.8765657118521637, 0.20470433423801287, 0.9028142056427896, 0.8770878325216478, 0.8578876656480134, 0.20563610373698182, 0.6096941811114193, 0.6096941811114193)
[4, 5, 2, 2, 4, 8, 6, 5, 5, 1, 2, 5, 3, 8, 8, 3, 5, 6, 6, 2, 4, 1, 6, 5, 6, 6, 10, 6, 4, 8, 1, 9, 1, 5, 10, 8, 6, 1, 7, 2, 7, 7, 2, 9, 2, 9, 10, 3, 10, 7, 2, 8, 4, 1, 2, 2, 3, 5, 6, 2, 10, 1]
(0.8915137656964365, 0.6027101940252545, 0.886504345480353, 0.1800274851122309, 0.900637034792453, 0.8836946769617505, 0.8388238807208857, 0.22476006249535, 0.7999122674576976, 0.6096941811114193)
[4, 10, 2, 2, 7, 8, 6, 6, 6, 1, 3, 4, 3, 7, 8, 10, 5, 9, 6, 3, 6, 1, 6, 5, 6, 6, 9, 6, 10, 7, 1, 9, 1, 9, 5, 8, 10, 3, 9, 2, 7, 7, 2, 9, 5, 9, 10, 3, 6, 6, 2, 4, 4, 1, 2, 2, 3, 5, 6, 2, 7, 1]
(0.740518033225093, 0.9734704029182489, 0.8107213699258888, 0.2820183555538772, 0.6551724137931036, 0.6551724137931036, 0.5910780669144974, 0.5910780669144974, 0.8245131856761901, 0.0)
[4, 5, 2, 3, 7, 8, 6, 6, 6, 1, 3, 3, 3, 7, 8, 3, 9, 7, 6, 2, 6, 1, 6, 5, 6, 6, 10, 6, 4, 9, 1, 9, 1, 9, 5, 8, 6, 1, 7, 2, 7, 7, 2, 9, 2, 9, 10, 3, 10, 6, 2, 4, 4, 1, 2, 2, 3, 5, 6, 2, 10, 1]
(0.8883332601748408, 0.6027101940252545, 0.8882513270713391, 0.1800274851122309, 0.6551724137931028, 0.9051462850533426, 0.20563610373698182, 0.20563610373698182, 0.8815776010043924, 0.6096941811114193)
[6, 5, 2, 2, 6, 8, 6, 6, 6, 1, 3, 4, 3, 7, 8, 10, 5, 6, 6, 2, 7, 1, 6, 5, 6, 8, 10, 6, 10, 8, 1, 9, 1, 9, 5, 8, 6, 1, 7, 2, 6, 7, 2, 10, 2, 9, 10, 3, 1, 8, 4, 8, 4, 8, 2, 2, 3, 5, 6, 2, 10, 1]
(0.8638478775508716, 0.6027101940252545, 0.8265049791894874, 0.20470433423801287, 0.9062787774018941, 0.9085886104963716, 0.8989101993851363, 0.20563610373698182, 0.7095462995581368, 0.6096941811114193)
[7, 5, 2, 3, 10, 9, 6, 6, 6, 2, 3, 4, 3, 6, 2, 10, 5, 6, 6, 2, 6, 1, 6, 5, 6, 6, 10, 6, 4, 9, 1, 9, 1, 9, 2, 8, 6, 1, 7, 2, 7, 7, 2, 9, 2, 9, 10, 3, 10, 6, 2, 4, 6, 1, 2, 2, 3, 5, 6, 2, 10, 1]
(0.871255852561445, 0.6027101940252545, 0.8005586978979438, 0.20470433423801287, 0.8932894901372496, 0.8903838074766103, 0.8969156785868111, 0.22476006249535, 0.816511165071281, 0.6096941811114193)
[7, 5, 2, 2, 7, 8, 6, 6, 6, 1, 2, 4, 8, 7, 8, 10, 5, 6, 6, 2, 7, 1, 6, 5, 6, 8, 10, 6, 10, 8, 1, 9, 4, 9, 5, 8, 8, 1, 7, 2, 7, 7, 2, 9, 2, 9, 10, 3, 10, 6, 2, 4, 4, 1, 2, 2, 3, 5, 6, 2, 10, 1]
(0.8728128843940803, 0.6027101940252545, 0.3740126756019854, 0.20470433423801287, 0.9166893639601764, 0.9125832510180767, 0.7601193777285555, 0.20563610373698182, 0.6096941811114193, 0.6096941811114193)
[4, 4, 2, 3, 5, 8, 9, 6, 6, 1, 3, 3, 3, 7, 8, 3, 9, 7, 6, 2, 6, 1, 6, 5, 6, 6, 10, 6, 4, 9, 1, 9, 1, 9, 5, 8, 6, 1, 7, 2, 7, 7, 2, 9, 7, 9, 10, 3, 10, 6, 2, 4, 4, 1, 2, 2, 3, 5, 6, 1, 10, 1]
(0.8598989727906887, 0.6027101940252545, 0.48944866927340597, 0.23722082790609003, 0.6551724137931036, 0.9092871799133715, 0.7626135517843106, 0.22476006249535, 0.6173521880991797, 0.6096941811114193)
[7, 5, 2, 2, 7, 8, 6, 6, 6, 1, 3, 4, 3, 7, 8, 10, 5, 6, 2, 2, 6, 1, 6, 5, 6, 8, 10, 6, 10, 8, 1, 9, 4, 9, 5, 8, 6, 1, 7, 2, 7, 7, 2, 9, 2, 9, 10, 3, 10, 6, 2, 4, 4, 1, 2, 2, 3, 5, 6, 2, 10, 1]
(0.8914250818081201, 0.6027101940252545, 0.5293837142176947, 0.1800274851122309, 0.91189538994804, 1.0, 0.20563610373698182, 0.20563610373698182, 0.8790413326583809, 0.6096941811114193)
[4, 5, 2, 3, 7, 8, 6, 6, 6, 1, 3, 6, 3, 7, 8, 3, 9, 7, 6, 2, 6, 1, 6, 9, 6, 6, 10, 6, 4, 7, 2, 9, 1, 9, 5, 8, 6, 1, 7, 2, 7, 7, 2, 9, 2, 9, 10, 3, 10, 6, 2, 5, 7, 1, 2, 2, 3, 5, 6, 2, 10, 1]
(0.8628520858474092, 0.6027101940252545, 0.8727937300689521, 0.1800274851122309, 0.9074218799360092, 1.0, 0.20563610373698182, 0.20563610373698182, 0.6096941811114193, 0.6096941811114193)
[6, 5, 2, 3, 7, 8, 6, 6, 6, 1, 3, 3, 3, 7, 8, 3, 9, 7, 6, 2, 6, 1, 6, 5, 6, 6, 10, 6, 10, 8, 1, 9, 1, 9, 5, 8, 10, 3, 9, 2, 7, 4, 2, 9, 9, 9, 10, 3, 7, 6, 2, 10, 4, 1, 2, 2, 3, 5, 6, 2, 10, 1]
(0.875956437084825, 0.6027101940252545, 0.20470433423801287, 0.20470433423801287, 0.9123175726272165, 1.0, 0.684825322870169, 0.18951132300357565, 0.851738178078086, 0.6096941811114193)
[6, 5, 2, 3, 7, 8, 6, 6, 6, 1, 3, 3, 3, 7, 8, 3, 9, 7, 6, 2, 6, 1, 6, 5, 6, 6, 10, 6, 10, 8, 1, 9, 1, 9, 5, 8, 10, 3, 9, 2, 7, 4, 2, 9, 9, 9, 10, 3, 7, 6, 2, 10, 4, 1, 2, 2, 3, 5, 6, 2, 10, 1]
(0.875956437084825, 0.6027101940252545, 0.20470433423801287, 0.20470433423801287, 0.9123175726272165, 1.0, 0.684825322870169, 0.18951132300357565, 0.851738178078086, 0.6096941811114193)
[3, 5, 2, 3, 4, 1, 6, 6, 6, 2, 3, 4, 10, 6, 2, 10, 5, 6, 6, 2, 6, 1, 6, 10, 6, 6, 10, 5, 10, 8, 1, 5, 1, 9, 4, 8, 6, 1, 7, 2, 7, 7, 2, 9, 2, 9, 10, 3, 10, 6, 2, 4, 4, 1, 2, 2, 3, 5, 6, 2, 10, 1]
(0.8144273241050567, 0.6027101940252545, 0.8454336822964262, 0.20470433423801287, 0.9152881161309775, 1.0, 0.899227528553456, 0.18951132300357565, 0.6096941811114193, 0.6096941811114193)
[4, 5, 2, 3, 4, 9, 6, 5, 6, 4, 3, 4, 10, 7, 8, 10, 5, 6, 6, 2, 6, 1, 6, 5, 6, 7, 10, 6, 10, 8, 1, 9, 1, 9, 10, 8, 7, 1, 5, 2, 7, 7, 2, 9, 2, 9, 10, 3, 10, 6, 2, 1, 4, 1, 2, 2, 3, 5, 6, 2, 10, 1]
(0.8937578589655462, 0.6027101940252545, 0.35050558960064904, 0.20470433423801287, 0.9254119594581418, 1.0, 0.8323990770615656, 0.20563610373698182, 0.812449074070903, 0.6096941811114193)
[4, 5, 2, 2, 6, 8, 6, 6, 6, 1, 3, 4, 3, 7, 8, 10, 5, 6, 6, 2, 7, 1, 6, 5, 6, 8, 10, 6, 10, 8, 1, 9, 1, 9, 5, 8, 6, 1, 7, 2, 6, 7, 2, 9, 2, 9, 10, 3, 1, 8, 4, 8, 4, 8, 2, 2, 3, 5, 6, 2, 10, 1]
(0.8938968657515942, 0.6027101940252545, 0.5695996520109512, 0.20470433423801287, 0.6624939653091172, 1.0, 0.8854004311375324, 0.20563610373698182, 0.7289958572946528, 0.6096941811114193)
[4, 5, 1, 2, 4, 8, 6, 5, 5, 1, 4, 5, 3, 8, 8, 3, 9, 7, 6, 2, 4, 1, 1, 5, 6, 6, 10, 6, 10, 9, 1, 9, 1, 9, 5, 10, 7, 1, 2, 2, 7, 7, 2, 9, 7, 9, 10, 3, 10, 9, 2, 4, 4, 1, 2, 2, 3, 5, 6, 2, 7, 1]
(0.8385944865019295, 0.8385944865019295, 0.6583051650784946, 0.2820183555538772, 0.8796506972052163, 0.6551724137931036, 0.7466551958583334, 0.24780575834632118, 0.7133385854773255, 0.6096941811114193)
[4, 5, 2, 3, 7, 8, 6, 6, 6, 1, 3, 7, 3, 7, 2, 3, 5, 6, 6, 2, 6, 1, 6, 5, 6, 6, 10, 6, 10, 8, 1, 9, 1, 9, 3, 8, 3, 1, 7, 2, 7, 7, 2, 9, 2, 9, 10, 3, 10, 6, 2, 4, 4, 1, 2, 2, 3, 5, 6, 2, 10, 1]
(0.8434060429222897, 0.6027101940252545, 0.8336011006496871, 0.1800274851122309, 0.916557085793465, 1.0, 0.33408915726467664, 0.24780575834632118, 0.8425494882278164, 0.6096941811114193)
[6, 5, 2, 1, 4, 8, 6, 6, 6, 1, 3, 3, 3, 7, 8, 10, 5, 6, 2, 2, 6, 1, 6, 5, 6, 8, 10, 6, 10, 8, 1, 9, 4, 9, 8, 8, 6, 1, 7, 2, 7, 7, 2, 9, 2, 9, 10, 3, 10, 6, 2, 4, 2, 1, 2, 2, 3, 5, 6, 2, 10, 1]
(0.8872455802746122, 0.6027101940252545, 0.8578932571224875, 0.20470433423801287, 0.9246534501202399, 1.0, 0.8063955233432375, 0.22476006249535, 0.8340814576484274, 0.6096941811114193)
[4, 5, 2, 3, 4, 9, 6, 6, 6, 4, 3, 4, 10, 7, 8, 10, 5, 6, 6, 2, 6, 1, 6, 5, 6, 7, 10, 6, 10, 8, 1, 9, 1, 9, 10, 8, 7, 1, 5, 2, 7, 7, 2, 9, 2, 9, 10, 3, 10, 6, 2, 1, 4, 1, 2, 2, 3, 5, 6, 2, 10, 1]
(0.8683354587294173, 0.6027101940252545, 0.8927271812222899, 0.20470433423801287, 0.9240668949671083, 1.0, 0.7729262386448705, 0.22476006249535, 0.8427948300726732, 0.6096941811114193)
[7, 5, 2, 3, 7, 8, 6, 6, 6, 1, 3, 3, 3, 7, 8, 3, 9, 10, 6, 2, 6, 1, 6, 5, 1, 6, 10, 6, 4, 9, 1, 9, 1, 9, 2, 8, 6, 1, 7, 2, 7, 7, 2, 9, 2, 9, 10, 3, 10, 6, 2, 1, 4, 1, 2, 2, 3, 5, 6, 2, 10, 1]
(0.9051501727662978, 0.6027101940252545, 0.8904246746562423, 0.20470433423801287, 0.9102356812916693, 1.0, 0.2404021940194024, 0.22476006249535, 0.8668526942841721, 0.6096941811114193)
[4, 5, 2, 3, 4, 9, 6, 6, 10, 2, 3, 4, 3, 6, 2, 10, 5, 6, 6, 2, 6, 1, 6, 6, 6, 6, 10, 6, 10, 8, 1, 9, 1, 9, 10, 8, 7, 1, 7, 2, 7, 7, 2, 9, 2, 9, 10, 3, 10, 6, 2, 1, 4, 1, 2, 2, 3, 5, 6, 2, 10, 1]
(0.8765152878127999, 0.6027101940252545, 0.8489037823863345, 0.20470433423801287, 0.9192839917726809, 1.0, 0.806023334246132, 0.22476006249535, 0.6096941811114193, 0.6096941811114193)
[4, 5, 2, 3, 4, 9, 6, 6, 10, 2, 3, 4, 3, 6, 2, 10, 5, 6, 6, 2, 6, 1, 6, 6, 6, 6, 10, 6, 10, 8, 1, 9, 1, 9, 10, 8, 7, 1, 7, 2, 7, 7, 2, 9, 2, 9, 10, 3, 10, 6, 2, 1, 4, 1, 2, 2, 3, 5, 6, 2, 10, 1]
(0.8765152878127999, 0.6027101940252545, 0.8489037823863345, 0.20470433423801287, 0.9192839917726809, 1.0, 0.806023334246132, 0.22476006249535, 0.6096941811114193, 0.6096941811114193)
[4, 5, 2, 3, 4, 9, 6, 6, 10, 2, 3, 4, 3, 6, 2, 10, 5, 6, 6, 2, 6, 1, 6, 6, 6, 6, 10, 6, 10, 8, 1, 9, 1, 9, 10, 8, 7, 1, 7, 2, 7, 7, 2, 9, 2, 9, 10, 3, 10, 6, 2, 1, 4, 1, 2, 2, 3, 5, 6, 2, 10, 1]
(0.8765152878127999, 0.6027101940252545, 0.8489037823863345, 0.20470433423801287, 0.9192839917726809, 1.0, 0.806023334246132, 0.22476006249535, 0.6096941811114193, 0.6096941811114193)
[4, 5, 2, 3, 4, 9, 6, 6, 10, 2, 3, 4, 3, 6, 2, 10, 5, 6, 6, 2, 6, 1, 6, 6, 6, 6, 10, 6, 10, 8, 1, 9, 1, 9, 10, 8, 7, 1, 7, 2, 7, 7, 2, 9, 2, 9, 10, 3, 10, 6, 2, 1, 4, 1, 2, 2, 3, 5, 6, 2, 10, 1]
(0.8765152878127999, 0.6027101940252545, 0.8489037823863345, 0.20470433423801287, 0.9192839917726809, 1.0, 0.806023334246132, 0.22476006249535, 0.6096941811114193, 0.6096941811114193)
[7, 5, 2, 3, 4, 9, 6, 6, 6, 2, 3, 4, 3, 6, 2, 10, 5, 6, 6, 2, 6, 1, 6, 5, 6, 6, 10, 2, 10, 8, 1, 9, 1, 9, 10, 8, 6, 1, 7, 2, 7, 7, 2, 9, 2, 9, 10, 3, 10, 6, 2, 1, 4, 1, 2, 2, 3, 5, 6, 2, 10, 1]
(0.846989514771851, 0.6027101940252545, 0.8368720971979218, 0.20470433423801287, 0.9151275762356812, 1.0, 0.9005776557140052, 0.27611735673156007, 0.8450684516690689, 0.6096941811114193)
[4, 5, 2, 3, 4, 9, 6, 6, 6, 2, 3, 4, 10, 6, 2, 10, 5, 6, 6, 2, 6, 1, 6, 6, 6, 6, 10, 6, 10, 8, 1, 9, 1, 9, 10, 8, 7, 1, 7, 2, 7, 7, 2, 9, 2, 9, 10, 3, 5, 6, 2, 1, 4, 1, 2, 2, 3, 5, 6, 2, 10, 1]
(0.6027101940252545, 0.6027101940252545, 0.8658871729858227, 0.20470433423801287, 0.918028677720576, 1.0, 0.8885606369934981, 0.27611735673156007, 0.87788420720026, 0.6096941811114193)
[4, 5, 2, 3, 4, 9, 6, 6, 6, 2, 3, 4, 10, 6, 2, 10, 5, 6, 6, 2, 6, 1, 6, 6, 6, 6, 10, 6, 10, 8, 1, 9, 1, 9, 10, 8, 7, 1, 7, 2, 7, 7, 2, 9, 2, 9, 10, 3, 10, 6, 2, 1, 4, 1, 2, 2, 3, 5, 6, 2, 10, 1]
(0.8852966614998882, 0.6027101940252545, 0.8312781128101073, 0.20470433423801287, 0.9194486589170987, 1.0, 0.874887116346509, 0.27611735673156007, 0.800434575509283, 0.6096941811114193)
[4, 5, 2, 3, 4, 9, 6, 6, 6, 2, 3, 4, 10, 6, 2, 10, 5, 6, 6, 2, 6, 1, 6, 5, 6, 6, 10, 2, 10, 8, 1, 10, 1, 9, 10, 8, 6, 1, 7, 2, 7, 7, 2, 9, 2, 9, 10, 3, 10, 6, 2, 1, 4, 1, 2, 2, 3, 5, 6, 2, 10, 1]
(0.8772342507727452, 0.6027101940252545, 0.3636754530481955, 0.20470433423801287, 0.9178959586657579, 1.0, 0.8836070080287758, 0.27611735673156007, 0.8560106850229213, 0.6096941811114193)
[4, 5, 2, 3, 4, 9, 6, 6, 6, 2, 3, 4, 10, 6, 2, 10, 5, 6, 6, 2, 6, 1, 6, 6, 6, 6, 10, 6, 10, 8, 1, 9, 1, 9, 10, 8, 7, 1, 7, 2, 7, 7, 2, 9, 2, 9, 10, 3, 5, 6, 2, 1, 4, 1, 2, 2, 3, 5, 6, 2, 10, 1]
(0.8812551393173642, 0.6027101940252545, 0.8658871729858227, 0.20470433423801287, 0.918028677720576, 1.0, 0.8885606369934981, 0.27611735673156007, 0.87788420720026, 0.6096941811114193)
[7, 5, 2, 3, 4, 9, 6, 6, 6, 5, 3, 4, 1, 9, 8, 3, 9, 7, 3, 8, 10, 6, 6, 9, 1, 6, 10, 6, 4, 9, 1, 9, 1, 9, 5, 8, 6, 1, 1, 2, 7, 7, 2, 9, 2, 9, 10, 3, 10, 6, 3, 4, 4, 1, 2, 2, 3, 5, 6, 2, 10, 1]
(0.19740425674994097, 0.19740425674994097, 0.8741980393417189, 0.23722082790609003, 0.9127422439865764, 1.0, 0.4000643544830333, 0.27611735673156007, 0.7486727387852529, 0.9896980233082242)
[4, 3, 2, 3, 4, 2, 6, 5, 3, 5, 3, 2, 3, 9, 1, 5, 5, 7, 6, 2, 6, 6, 6, 7, 6, 6, 10, 6, 10, 8, 9, 6, 2, 4, 5, 2, 6, 1, 7, 3, 5, 7, 9, 9, 2, 9, 10, 3, 10, 6, 10, 1, 4, 1, 2, 2, 3, 5, 6, 2, 5, 1]
(0.9079545631073412, 0.37368722551078853, 0.8938803014345468, 0.20470433423801287, 0.925471175927668, 0.9221582327969366, 0.8061440550722208, 0.5910780669144974, 0.9074791560880837, 0.6096941811114193)
[4, 4, 2, 3, 5, 9, 9, 6, 6, 1, 3, 3, 3, 7, 8, 3, 9, 7, 3, 2, 6, 1, 6, 5, 6, 6, 10, 6, 4, 9, 1, 9, 1, 5, 5, 8, 6, 1, 7, 2, 7, 7, 2, 9, 2, 9, 10, 3, 10, 6, 2, 4, 4, 1, 2, 2, 3, 5, 6, 1, 5, 1]
(0.8892134089954201, 0.8385944865019295, 0.8714303945191213, 0.23722082790609003, 0.9022928045131265, 0.9028710587881505, 0.860038509871812, 0.0, 0.7037674526684025, 0.7605264459947545)
[4, 1, 8, 2, 7, 6, 7, 8, 6, 3, 4, 3, 5, 8, 7, 10, 7, 4, 7, 2, 10, 9, 7, 7, 5, 3, 10, 10, 5, 1, 2, 9, 1, 5, 9, 8, 9, 3, 9, 2, 7, 5, 9, 10, 2, 9, 8, 3, 10, 7, 9, 10, 4, 4, 2, 2, 3, 5, 4, 2, 8, 2]
(0.8697534308768821, 0.37368722551078853, 0.8044201075099439, 0.20470433423801287, 0.9049718658439815, 1.0, 0.8849921840243047, 0.6439991473033476, 0.9060490793548522, 0.6096941811114193)
