[6, 7, 10, 8, 6, 10, 4, 1, 3, 5, 6, 7, 10, 6, 5, 6, 9, 8, 10, 1, 5, 4, 5, 3, 5, 1, 7, 10, 2, 8, 8, 2, 7, 7, 8, 5, 7, 9, 5, 9, 4, 3, 7, 1, 7, 10, 3, 4, 9, 9, 10, 10, 8, 5, 6, 3, 6, 1, 5, 6, 9, 1]
(0.9169308101758328, 0.7632474250827248, 0.7811910482123424, 0.0, 0.9138646481558644, 0.726027397260274, 0.8893308425322133, 0.0, 0.9013434665277561, 0.0)
[4, 4, 10, 2, 2, 1, 5, 1, 7, 8, 6, 2, 5, 7, 7, 6, 9, 8, 10, 1, 4, 6, 3, 6, 5, 9, 3, 10, 6, 8, 8, 2, 7, 1, 2, 5, 5, 8, 5, 9, 10, 4, 1, 1, 6, 7, 8, 4, 5, 9, 10, 10, 8, 5, 6, 3, 6, 1, 1, 7, 10, 1]
(0.9231184894219009, 0.7632474250827248, 0.7965413400903276, 0.0, 0.787801170907908, 0.726027397260274, 0.8019868964329289, 0.0, 0.7422560730948985, 0.0)
[6, 7, 10, 8, 6, 10, 4, 1, 3, 5, 6, 7, 10, 6, 5, 6, 9, 8, 10, 1, 4, 1, 2, 3, 2, 5, 3, 10, 2, 8, 8, 2, 3, 1, 7, 5, 7, 9, 5, 9, 3, 3, 7, 1, 7, 10, 3, 4, 9, 9, 10, 10, 8, 5, 6, 3, 6, 1, 5, 6, 9, 1]
(0.8939046220853883, 0.7632474250827248, 0.9145124712958896, 0.0, 0.8441525911912274, 0.0, 0.0, 0.0, 0.9132185073569382, 0.8940717726296471)
[6, 7, 10, 8, 4, 10, 4, 7, 3, 5, 6, 7, 10, 6, 5, 6, 9, 8, 10, 1, 4, 6, 5, 3, 5, 5, 3, 10, 2, 8, 8, 2, 1, 7, 5, 5, 7, 6, 5, 9, 10, 3, 7, 4, 6, 10, 6, 4, 6, 8, 10, 10, 8, 9, 2, 3, 6, 1, 1, 6, 9, 1]
(0.9092382965609395, 0.7632474250827248, 0.8779660714790183, 0.0, 0.9107127280905805, 1.0, 0.8840635230764704, 0.0, 0.8502416765317269, 0.0)
[6, 7, 10, 8, 1, 10, 5, 9, 1, 8, 8, 1, 5, 6, 2, 10, 9, 5, 10, 1, 4, 1, 2, 3, 2, 5, 3, 10, 2, 8, 8, 2, 3, 1, 5, 5, 7, 8, 5, 7, 10, 6, 7, 10, 6, 10, 8, 4, 6, 9, 10, 10, 8, 9, 2, 3, 6, 2, 1, 6, 9, 1]
(0.9026995135471186, 0.7632474250827248, 0.8269125157967147, 0.0, 0.913058789633211, 1.0, 0.8608210878446649, 0.0, 0.8665879039093806, 0.0)
[6, 7, 10, 8, 4, 10, 5, 1, 1, 8, 6, 10, 8, 6, 1, 6, 6, 5, 7, 3, 4, 7, 6, 3, 5, 9, 3, 10, 8, 6, 8, 1, 7, 6, 8, 5, 7, 9, 5, 9, 10, 3, 7, 4, 6, 3, 8, 4, 6, 8, 10, 10, 8, 9, 2, 3, 6, 1, 1, 6, 9, 1]
(0.895824702642854, 0.39503582024748474, 0.7933017859235342, 0.0, 0.9136212402954661, 1.0, 0.9004026034846863, 0.22796007249709196, 0.9052429540082775, 0.23289174230203089)
[6, 7, 7, 8, 1, 10, 5, 9, 1, 8, 8, 1, 5, 6, 2, 10, 9, 7, 10, 1, 4, 1, 2, 3, 6, 5, 3, 10, 2, 8, 8, 2, 7, 7, 5, 7, 7, 9, 5, 9, 10, 3, 10, 8, 6, 10, 8, 4, 6, 9, 10, 10, 8, 9, 2, 3, 6, 2, 1, 6, 9, 1]
(0.9191318595781889, 0.7632474250827248, 0.8535853603854722, 0.0, 0.9155182512477006, 1.0, 0.8842913640662987, 0.18951132300357573, 0.8359309615567274, 0.0)
[6, 3, 8, 10, 2, 10, 5, 1, 3, 5, 9, 6, 5, 6, 7, 6, 1, 5, 8, 1, 9, 8, 3, 4, 2, 9, 6, 10, 10, 8, 8, 2, 3, 8, 2, 5, 7, 8, 8, 9, 10, 3, 7, 4, 6, 10, 7, 4, 6, 9, 10, 7, 5, 4, 1, 4, 3, 4, 2, 5, 9, 1]
(0.8560435323044605, 0.36339228260146017, 0.2176511771282876, 0.2176511771282876, 0.8409879161044903, 0.9089763456955519, 0.8959501331672033, 0.18951132300357573, 0.900174023024734, 0.29753585877160715)
[6, 7, 10, 8, 2, 10, 5, 1, 3, 8, 6, 1, 7, 3, 7, 6, 9, 5, 10, 5, 7, 1, 7, 3, 5, 9, 3, 10, 10, 5, 8, 2, 8, 10, 2, 10, 7, 6, 7, 9, 10, 3, 7, 1, 6, 7, 8, 4, 6, 9, 10, 10, 8, 6, 3, 3, 6, 1, 1, 6, 9, 1]
(0.8882112791761715, 0.17906775861880428, 0.9018670825287661, 0.2176511771282876, 0.0, 0.46902654867256643, 0.8610133862122845, 0.24449473409348085, 0.905367452837523, 0.8940717726296471)
[6, 7, 10, 8, 7, 10, 4, 7, 3, 5, 6, 7, 10, 6, 5, 9, 9, 8, 10, 1, 4, 4, 5, 3, 5, 1, 7, 10, 2, 8, 8, 2, 7, 7, 8, 5, 7, 9, 5, 9, 10, 3, 7, 4, 6, 10, 8, 3, 2, 9, 10, 10, 9, 5, 2, 3, 6, 1, 1, 6, 9, 1]
(0.9152034485712613, 0.7632474250827248, 0.7990343557670648, 0.0, 0.9124594083055818, 1.0, 0.8405337492003979, 0.3124930470575145, 0.8940717726296471, 0.0)
[6, 7, 3, 8, 5, 1, 5, 6, 1, 8, 6, 1, 5, 3, 7, 6, 9, 4, 10, 5, 7, 1, 7, 3, 5, 9, 3, 10, 10, 5, 8, 2, 8, 10, 2, 10, 7, 6, 7, 3, 10, 3, 7, 1, 6, 7, 8, 2, 6, 9, 10, 10, 8, 2, 4, 3, 6, 1, 1, 6, 9, 1]
(0.8862875664606648, 0.7632474250827248, 0.2176511771282876, 0.243048343621279, 0.5698924731182796, 0.0, 0.8902677176520187, 0.18951132300357573, 0.9036960234865508, 0.8940717726296471)
[6, 7, 10, 8, 1, 10, 5, 9, 1, 8, 8, 1, 5, 6, 7, 5, 9, 5, 10, 3, 4, 1, 2, 3, 5, 5, 3, 10, 2, 8, 8, 2, 7, 7, 5, 5, 7, 9, 5, 9, 10, 3, 7, 4, 6, 10, 8, 4, 1, 9, 10, 10, 6, 9, 2, 3, 6, 2, 1, 6, 9, 1]
(0.899328766949471, 0.7632474250827248, 0.7510460531338986, 0.0, 0.9026709889993035, 0.8998829828575218, 0.837234288640315, 0.20080062906569446, 0.8771418409421995, 0.26127465616945045)
[4, 4, 10, 2, 2, 1, 5, 1, 7, 8, 6, 2, 5, 7, 7, 6, 9, 8, 10, 1, 4, 6, 3, 6, 5, 9, 3, 10, 6, 8, 8, 2, 7, 1, 2, 5, 7, 8, 5, 2, 10, 4, 1, 1, 6, 7, 8, 6, 5, 9, 10, 10, 8, 5, 6, 3, 6, 1, 1, 7, 10, 1]
(0.8918043205514512, 0.7632474250827248, 0.7677060859277779, 0.0, 0.7959344824775986, 0.726027397260274, 0.8535496188327621, 0.6478819097409066, 0.7428652686998185, 0.0)
[6, 7, 10, 8, 4, 10, 5, 1, 1, 8, 6, 10, 8, 6, 1, 6, 6, 5, 7, 3, 4, 7, 6, 3, 5, 9, 3, 10, 8, 6, 8, 2, 8, 10, 2, 10, 7, 6, 5, 9, 10, 3, 7, 1, 6, 7, 8, 2, 6, 8, 10, 10, 8, 2, 3, 3, 6, 1, 1, 6, 9, 1]
(0.8904362441971856, 0.7632474250827248, 0.9023857964202722, 0.243048343621279, 0.9080516280606351, 0.0, 0.8890929562970952, 0.24449473409348085, 0.8940717726296471, 0.8940717726296471)
[6, 7, 10, 8, 7, 10, 5, 4, 3, 5, 6, 7, 10, 6, 5, 6, 9, 8, 10, 2, 1, 6, 5, 3, 5, 1, 7, 10, 2, 8, 8, 2, 7, 1, 9, 6, 6, 5, 2, 9, 10, 3, 7, 1, 6, 10, 8, 4, 9, 9, 10, 10, 8, 5, 6, 3, 6, 1, 5, 6, 9, 1]
(0.935269951634106, 0.7632474250827248, 0.7655618382617766, 0.2176511771282876, 0.8829374207183673, 0.0, 0.9012167477980216, 0.3124930470575145, 0.9075802715495193, 0.8940717726296471)
[6, 7, 10, 8, 1, 1, 8, 7, 3, 5, 6, 7, 10, 5, 5, 6, 9, 8, 10, 4, 7, 2, 4, 3, 5, 9, 3, 10, 10, 5, 8, 2, 7, 6, 6, 2, 7, 8, 5, 9, 10, 3, 5, 4, 6, 9, 8, 4, 6, 9, 10, 7, 9, 5, 1, 3, 6, 1, 1, 6, 9, 1]
(0.8806676534935789, 0.17906775861880428, 0.8697850389406037, 0.2176511771282876, 0.8888242131099063, 0.726027397260274, 0.8938051180914005, 0.18951132300357573, 0.9143972860649192, 0.8940717726296471)
[6, 7, 10, 8, 1, 1, 8, 7, 3, 5, 6, 7, 10, 5, 5, 6, 9, 8, 10, 4, 7, 2, 4, 3, 5, 9, 3, 10, 10, 5, 8, 2, 7, 6, 6, 2, 7, 8, 5, 9, 10, 3, 5, 4, 6, 9, 8, 4, 6, 9, 10, 7, 9, 5, 1, 3, 6, 1, 1, 6, 9, 1]
(0.8806676534935789, 0.17906775861880428, 0.8697850389406037, 0.2176511771282876, 0.8888242131099063, 0.726027397260274, 0.18951132300357573, 0.18951132300357573, 0.9143972860649192, 0.8940717726296471)
[6, 7, 10, 8, 1, 10, 5, 9, 1, 8, 8, 1, 5, 6, 2, 10, 9, 5, 10, 1, 4, 1, 2, 1, 6, 5, 3, 10, 2, 8, 8, 2, 7, 7, 5, 5, 7, 8, 5, 7, 10, 6, 7, 10, 6, 10, 8, 4, 6, 9, 10, 10, 8, 9, 2, 3, 6, 2, 1, 6, 9, 1]
(0.9070522753521763, 0.7632474250827248, 0.0, 0.0, 0.9179162060841884, 1.0, 0.9014619959518274, 0.18951132300357573, 0.8814526708796577, 0.26127465616945045)
[6, 7, 10, 8, 1, 10, 5, 9, 1, 8, 8, 1, 5, 6, 7, 10, 9, 5, 10, 1, 4, 1, 2, 3, 5, 5, 3, 10, 2, 8, 8, 2, 7, 7, 5, 5, 7, 9, 5, 9, 10, 3, 7, 4, 6, 10, 6, 4, 6, 8, 10, 10, 6, 9, 2, 3, 6, 2, 1, 6, 9, 1]
(0.8511679852381295, 0.7632474250827248, 0.8503672329708881, 0.0, 0.9144711123779381, 1.0, 0.8769672648981167, 0.18951132300357573, 0.24626809950203044, 0.26127465616945045)
[6, 7, 3, 8, 4, 10, 4, 7, 3, 5, 6, 7, 10, 6, 5, 6, 9, 8, 10, 1, 4, 6, 5, 3, 5, 5, 3, 10, 2, 8, 8, 2, 7, 7, 8, 5, 7, 9, 5, 9, 10, 3, 7, 4, 6, 10, 6, 4, 6, 8, 10, 10, 8, 9, 2, 3, 6, 1, 1, 6, 9, 1]
(0.8948500515893061, 0.7632474250827248, 0.9083121581003034, 0.0, 0.8806722449138717, 0.726027397260274, 0.8891207398846702, 0.0, 0.8782238358631687, 0.7398070983660276)
[6, 7, 10, 8, 7, 10, 5, 4, 3, 5, 6, 7, 10, 6, 5, 6, 9, 8, 10, 2, 1, 6, 5, 3, 5, 1, 7, 10, 2, 8, 8, 2, 7, 1, 9, 6, 6, 5, 2, 9, 4, 3, 7, 1, 6, 10, 8, 4, 9, 9, 10, 10, 8, 5, 6, 3, 6, 1, 5, 6, 9, 1]
(0.9214200420305099, 0.7632474250827248, 0.9353828003630011, 0.0, 0.8188178161159095, 0.0, 0.8728534357622215, 0.5824980991221407, 0.9069199701771102, 0.8940717726296471)
[6, 7, 3, 8, 2, 10, 5, 1, 3, 8, 6, 1, 5, 3, 7, 6, 9, 5, 9, 5, 7, 1, 4, 5, 5, 9, 3, 10, 10, 5, 8, 2, 8, 10, 2, 10, 7, 6, 7, 9, 10, 10, 7, 1, 6, 7, 8, 4, 6, 9, 10, 10, 8, 2, 3, 3, 6, 1, 1, 6, 9, 1]
(0.8791241442784622, 0.19251883809232714, 0.893550810404118, 0.2176511771282876, 0.0, 0.726027397260274, 0.8916784098371823, 0.21352015607976282, 0.9038253201171718, 0.8940717726296471)
[6, 7, 3, 8, 2, 10, 5, 1, 3, 8, 6, 1, 5, 3, 7, 6, 9, 5, 9, 5, 7, 1, 4, 5, 5, 9, 3, 10, 10, 5, 8, 2, 8, 10, 2, 10, 7, 6, 7, 9, 10, 10, 7, 1, 6, 7, 8, 4, 6, 9, 10, 10, 8, 2, 3, 3, 6, 1, 1, 6, 9, 1]
(0.8791241442784622, 0.19251883809232714, 0.893550810404118, 0.2176511771282876, 0.9024636721238455, 0.726027397260274, 0.21352015607976282, 0.21352015607976282, 0.9038253201171718, 0.8940717726296471)
[6, 2, 4, 8, 2, 7, 8, 1, 3, 10, 6, 1, 10, 3, 7, 6, 6, 5, 8, 1, 9, 7, 3, 3, 5, 9, 3, 10, 5, 7, 8, 2, 7, 1, 2, 5, 7, 8, 5, 3, 10, 1, 7, 1, 9, 10, 5, 4, 5, 9, 10, 9, 5, 9, 6, 3, 6, 1, 3, 6, 9, 1]
(0.8533879900351116, 0.0, 0.8506388681009361, 0.2176511771282876, 0.9122783562168443, 1.0, 0.8766788722947196, 0.18951132300357573, 0.8983672494068701, 0.8940717726296471)
[6, 2, 4, 8, 2, 7, 8, 1, 3, 8, 6, 1, 5, 7, 1, 6, 6, 5, 8, 1, 9, 7, 3, 3, 5, 9, 3, 10, 5, 7, 8, 2, 7, 1, 2, 5, 7, 8, 5, 3, 10, 1, 7, 1, 9, 10, 5, 4, 5, 9, 10, 9, 5, 9, 6, 3, 6, 1, 3, 6, 9, 1]
(0.7607833841815522, 0.0, 0.882728460989888, 0.243048343621279, 0.0, 1.0, 0.9057366373017393, 0.20080062906569446, 0.9007298419251999, 0.8940717726296471)
[6, 7, 10, 8, 7, 10, 4, 7, 3, 5, 6, 7, 10, 6, 5, 6, 9, 7, 10, 1, 4, 1, 2, 3, 5, 5, 3, 10, 2, 5, 8, 2, 7, 7, 5, 5, 6, 9, 5, 9, 10, 3, 7, 4, 6, 10, 6, 4, 6, 9, 10, 10, 8, 5, 6, 3, 6, 1, 5, 6, 9, 1]
(0.9108104573562705, 0.7632474250827248, 0.0, 0.0, 0.9240537190809813, 1.0, 0.8798640498891428, 0.3444231005027178, 0.8940717726296471, 0.24626809950203044)
[6, 7, 10, 8, 4, 10, 4, 7, 3, 5, 6, 7, 10, 6, 5, 6, 9, 8, 10, 1, 4, 6, 5, 3, 5, 5, 3, 10, 2, 8, 8, 2, 7, 7, 8, 5, 7, 9, 5, 9, 10, 3, 7, 4, 6, 10, 8, 7, 2, 9, 10, 10, 9, 5, 2, 3, 6, 1, 1, 6, 9, 1]
(0.9053856587037407, 0.7632474250827248, 0.8324330637231417, 0.0, 0.9130437055602634, 0.726027397260274, 0.8915282716974574, 0.0, 0.0, 0.8667631039395881)
[6, 7, 10, 8, 7, 10, 5, 4, 3, 5, 6, 7, 10, 6, 5, 6, 9, 8, 10, 2, 1, 6, 5, 3, 5, 9, 3, 10, 2, 10, 8, 2, 7, 1, 10, 5, 6, 5, 2, 9, 4, 3, 9, 1, 1, 10, 8, 4, 10, 9, 10, 10, 8, 5, 6, 3, 6, 1, 5, 6, 9, 1]
(0.9195810722187128, 0.7632474250827248, 0.9166543172672357, 0.0, 0.8693761693313671, 0.0, 0.8936553156003316, 0.704186512910503, 0.9006062572821938, 0.8940717726296471)
[6, 7, 10, 8, 7, 10, 5, 4, 3, 5, 6, 7, 10, 3, 5, 6, 9, 8, 10, 2, 1, 6, 5, 3, 5, 1, 3, 10, 2, 8, 8, 2, 7, 1, 9, 6, 6, 5, 2, 9, 4, 3, 7, 1, 6, 10, 6, 4, 6, 8, 10, 10, 8, 5, 6, 3, 6, 1, 5, 6, 9, 1]
(0.8914683634415228, 0.7632474250827248, 0.7489277997985417, 0.0, 0.8450693191960401, 0.0, 0.8753328735008793, 0.704186512910503, 0.8978024395182689, 0.8940717726296471)
[6, 7, 10, 8, 3, 10, 4, 7, 3, 5, 6, 7, 10, 6, 5, 6, 9, 8, 10, 1, 4, 6, 5, 3, 5, 5, 3, 10, 2, 8, 8, 2, 7, 7, 8, 5, 7, 9, 5, 9, 10, 3, 7, 4, 6, 10, 8, 7, 2, 9, 10, 10, 9, 5, 2, 3, 6, 1, 1, 6, 9, 1]
(0.9051383798941932, 0.7632474250827248, 0.7626816233619983, 0.0, 0.9115457041189037, 0.726027397260274, 0.8843726141378242, 0.0, 0.8679997866973235, 0.8723809162154745)
[3, 7, 4, 8, 2, 8, 8, 1, 3, 8, 6, 1, 5, 6, 7, 6, 6, 5, 10, 1, 7, 2, 6, 3, 5, 9, 3, 10, 8, 5, 8, 1, 7, 7, 2, 5, 7, 8, 5, 10, 10, 2, 6, 1, 6, 10, 8, 4, 5, 9, 10, 10, 8, 5, 6, 3, 6, 1, 1, 6, 9, 1]
(0.8769867328926876, 0.7632474250827248, 0.0, 0.0, 0.9000679777935108, 0.726027397260274, 0.8799128385260657, 0.0, 0.8241768883541165, 0.8761236352845984)
[6, 7, 10, 8, 5, 10, 5, 6, 1, 5, 6, 10, 8, 6, 1, 6, 10, 8, 7, 2, 4, 7, 4, 10, 5, 9, 3, 7, 3, 6, 6, 2, 3, 6, 1, 5, 8, 9, 5, 9, 10, 3, 7, 1, 6, 7, 8, 4, 6, 9, 10, 7, 8, 5, 1, 3, 6, 1, 1, 6, 9, 1]
(0.8844242429360702, 0.7632474250827248, 0.9123158270493115, 0.0, 0.9235098833218184, 0.904340899549421, 0.8736267087981059, 0.704186512910503, 0.8875842114910443, 0.0)
[6, 7, 10, 8, 5, 10, 5, 6, 1, 5, 6, 10, 8, 6, 1, 6, 10, 8, 7, 2, 4, 7, 4, 10, 5, 9, 3, 7, 3, 6, 6, 2, 3, 6, 1, 5, 8, 9, 5, 9, 10, 3, 7, 1, 6, 7, 8, 4, 6, 9, 10, 7, 8, 5, 1, 3, 6, 1, 1, 6, 9, 1]
(0.8844242429360702, 0.7632474250827248, 0.9123158270493115, 0.0, 0.9235098833218184, 0.904340899549421, 0.8736267087981059, 0.704186512910503, 0.8875842114910443, 0.0)
[6, 7, 10, 8, 1, 2, 6, 7, 6, 4, 6, 7, 10, 6, 5, 6, 9, 8, 10, 1, 2, 6, 5, 1, 5, 5, 3, 10, 2, 8, 8, 2, 7, 7, 5, 5, 7, 9, 5, 9, 10, 3, 7, 4, 6, 10, 8, 4, 6, 9, 10, 7, 9, 3, 1, 3, 6, 1, 1, 6, 9, 1]
(0.9047740126028619, 0.7632474250827248, 0.0, 0.0, 0.8821457741782025, 0.726027397260274, 0.0, 0.0, 0.8853354757651644, 0.8845725087448911)
[2, 7, 4, 8, 2, 10, 9, 1, 3, 7, 6, 1, 5, 6, 1, 6, 9, 7, 10, 4, 7, 2, 4, 3, 5, 9, 3, 10, 8, 5, 8, 1, 7, 7, 2, 5, 7, 8, 5, 9, 10, 3, 6, 1, 6, 10, 8, 4, 5, 9, 10, 10, 8, 4, 6, 3, 6, 1, 1, 6, 9, 1]
(0.876689228974278, 0.7632474250827248, 0.7565385138615902, 0.0, 0.726027397260274, 0.726027397260274, 0.8122302731499015, 0.0, 0.8970646693307118, 0.8900765663012822)
[2, 7, 4, 8, 2, 10, 5, 1, 3, 8, 6, 1, 5, 3, 7, 6, 9, 5, 10, 5, 7, 1, 7, 3, 5, 9, 3, 10, 10, 5, 8, 2, 7, 6, 8, 2, 7, 8, 5, 9, 7, 1, 3, 1, 6, 5, 8, 4, 4, 9, 10, 10, 8, 5, 6, 6, 6, 1, 1, 6, 9, 1]
(0.9003249807283245, 0.7632474250827248, 0.7331771632656394, 0.0, 0.9297681527212229, 0.9158836828544701, 0.8985590184107384, 0.704186512910503, 0.7645184418186479, 0.0)
[6, 7, 10, 1, 7, 3, 4, 7, 3, 5, 6, 6, 10, 6, 3, 6, 9, 8, 10, 2, 4, 1, 3, 4, 8, 9, 3, 10, 2, 10, 8, 2, 7, 1, 10, 5, 6, 5, 2, 9, 4, 3, 7, 1, 1, 10, 8, 4, 10, 9, 10, 10, 8, 5, 6, 3, 6, 1, 1, 6, 10, 1]
(0.7689734401181275, 0.7632474250827248, 0.7538534181192453, 0.0, 0.8695853317156389, 0.726027397260274, 0.0, 0.0, 0.8729863191023421, 0.8940717726296471)
[6, 7, 10, 8, 4, 10, 4, 7, 3, 5, 6, 7, 10, 6, 5, 6, 9, 8, 10, 1, 4, 6, 5, 3, 5, 5, 3, 10, 2, 8, 8, 2, 7, 7, 8, 5, 7, 9, 5, 9, 10, 3, 7, 4, 6, 10, 8, 7, 2, 9, 10, 10, 9, 5, 2, 3, 6, 1, 1, 6, 9, 1]
(0.9053856587037407, 0.7632474250827248, 0.0, 0.0, 0.9130437055602634, 0.726027397260274, 0.8915282716974574, 0.0, 0.8830805147066668, 0.8940717726296471)
[6, 7, 10, 8, 4, 10, 4, 7, 3, 5, 6, 7, 10, 6, 5, 6, 9, 8, 10, 1, 4, 6, 5, 3, 5, 5, 3, 10, 2, 8, 8, 2, 7, 7, 8, 5, 7, 9, 5, 9, 10, 3, 7, 4, 6, 10, 8, 7, 2, 9, 10, 10, 9, 5, 2, 3, 6, 1, 1, 6, 9, 1]
(0.9053856587037407, 0.7632474250827248, 0.8324330637231417, 0.0, 0.9130437055602634, 0.726027397260274, 0.8915282716974574, 0.0, 0.0, 0.8940717726296471)
[6, 7, 3, 8, 5, 1, 5, 6, 1, 8, 6, 1, 5, 3, 7, 6, 9, 4, 10, 5, 7, 1, 7, 3, 5, 9, 3, 10, 10, 5, 8, 2, 8, 1, 2, 10, 7, 5, 7, 9, 10, 3, 7, 1, 6, 7, 8, 4, 6, 9, 10, 10, 8, 2, 4, 3, 6, 1, 1, 6, 9, 1]
(0.8887843521311836, 0.7632474250827248, 0.8872965356335001, 0.0, 0.8896780909970361, 0.726027397260274, 0.8238878680393039, 0.0, 0.9001290114596447, 0.8940717726296471)
[6, 7, 10, 1, 7, 3, 4, 7, 3, 5, 6, 6, 10, 6, 3, 6, 9, 8, 10, 2, 4, 1, 3, 4, 8, 9, 3, 10, 2, 10, 8, 2, 7, 1, 10, 5, 6, 5, 2, 9, 4, 3, 7, 1, 6, 10, 2, 4, 9, 9, 10, 10, 8, 5, 6, 3, 6, 1, 1, 6, 10, 1]
(0.7757480369880729, 0.7632474250827248, 0.7490724315866765, 0.0, 0.8949469415470918, 0.726027397260274, 0.8186931019648843, 0.0, 0.8850732671096878, 0.8940717726296471)
[6, 7, 10, 1, 7, 3, 4, 7, 3, 5, 6, 6, 10, 6, 7, 6, 9, 8, 10, 2, 4, 4, 5, 4, 8, 9, 3, 10, 2, 10, 8, 2, 7, 1, 10, 5, 6, 5, 2, 9, 4, 3, 7, 1, 1, 10, 8, 4, 10, 9, 10, 10, 8, 5, 6, 3, 6, 1, 1, 6, 10, 1]
(0.8976942991837822, 0.7632474250827248, 0.8647109182551452, 0.0, 0.8815134054049807, 0.726027397260274, 0.0, 0.0, 0.8832754263654309, 0.8940717726296471)
[6, 7, 10, 8, 4, 10, 5, 1, 1, 8, 6, 10, 8, 6, 1, 6, 6, 5, 7, 3, 4, 7, 6, 3, 5, 9, 3, 10, 9, 6, 8, 2, 8, 10, 2, 10, 7, 6, 5, 9, 10, 3, 7, 1, 6, 7, 8, 2, 6, 8, 10, 10, 8, 6, 3, 3, 6, 1, 1, 6, 9, 1]
(0.8937138004228431, 0.39503582024748474, 0.0, 0.0, 0.9135501319542491, 0.9092052044346891, 0.8641674036160061, 0.21352015607976282, 0.9023307783529124, 0.8940717726296471)
[6, 7, 3, 8, 5, 1, 5, 6, 1, 8, 6, 1, 5, 3, 7, 6, 9, 4, 10, 5, 7, 1, 7, 3, 5, 9, 3, 10, 10, 5, 8, 2, 8, 10, 2, 10, 7, 6, 7, 3, 10, 3, 7, 1, 6, 7, 8, 2, 6, 9, 10, 10, 8, 2, 4, 3, 6, 1, 1, 6, 9, 1]
(0.8862875664606648, 0.7632474250827248, 0.2176511771282876, 0.0, 0.88689682167023, 0.5698924731182796, 0.8902677176520187, 0.18951132300357573, 0.9036960234865508, 0.8940717726296471)
[6, 7, 10, 8, 1, 10, 5, 9, 1, 8, 8, 1, 5, 6, 2, 10, 9, 5, 10, 1, 4, 1, 2, 3, 6, 5, 3, 10, 2, 8, 8, 2, 7, 7, 5, 5, 7, 8, 5, 7, 10, 6, 7, 10, 6, 10, 8, 4, 6, 9, 10, 10, 8, 9, 2, 3, 6, 2, 1, 6, 9, 1]
(0.8981374805793126, 0.7632474250827248, 0.8587814392521927, 0.2176511771282876, 0.9182683700695599, 1.0, 0.9018631523475013, 0.18951132300357573, 0.8848111821338491, 0.26127465616945045)
[10, 10, 10, 10, 3, 6, 2, 8, 9, 5, 6, 1, 5, 9, 7, 6, 9, 5, 10, 3, 4, 2, 3, 3, 5, 9, 3, 10, 10, 5, 8, 2, 7, 6, 7, 2, 7, 8, 2, 9, 8, 8, 8, 6, 5, 2, 7, 3, 1, 4, 10, 10, 9, 9, 6, 3, 4, 6, 4, 3, 10, 1]
(0.876955908350642, 0.7632474250827248, 0.8310851613059581, 0.0, 0.8731667427346065, 0.46902654867256643, 0.38362088587426585, 0.3444231005027178, 0.8810902310535268, 0.8940717726296471)
[6, 7, 10, 8, 7, 10, 5, 4, 3, 5, 7, 7, 10, 6, 5, 6, 9, 8, 10, 1, 4, 1, 2, 4, 8, 5, 3, 10, 2, 8, 8, 2, 2, 6, 10, 5, 6, 5, 2, 9, 4, 3, 7, 1, 6, 10, 8, 4, 9, 9, 10, 10, 8, 5, 6, 3, 6, 1, 5, 6, 9, 1]
(0.9144978592172232, 0.7632474250827248, 0.9091867418959699, 0.0, 0.8645722327753853, 0.8648375531658482, 0.8805828692391472, 0.0, 0.898731610737737, 0.8940717726296471)
[6, 7, 10, 8, 10, 10, 5, 4, 3, 5, 10, 7, 10, 6, 5, 6, 9, 8, 10, 1, 4, 1, 2, 4, 8, 5, 3, 10, 2, 8, 8, 2, 2, 6, 10, 5, 6, 5, 2, 9, 4, 3, 7, 1, 6, 10, 8, 4, 9, 9, 10, 10, 8, 5, 6, 3, 6, 1, 5, 6, 9, 1]
(0.8629583349451372, 0.7632474250827248, 0.0, 0.0, 0.8662166936322998, 0.8670455189421724, 0.8788608310744124, 0.0, 0.8963658323511442, 0.8940717726296471)
[6, 7, 10, 8, 4, 10, 5, 1, 1, 8, 6, 10, 8, 6, 1, 6, 6, 5, 7, 3, 4, 7, 6, 3, 5, 9, 3, 10, 8, 6, 8, 1, 7, 6, 8, 9, 7, 8, 5, 9, 7, 4, 7, 1, 6, 7, 8, 4, 6, 8, 10, 10, 8, 2, 3, 3, 6, 1, 1, 6, 9, 1]
(0.890362796373661, 0.39503582024748474, 0.9087003411725126, 0.0, 0.9127780815586412, 1.0, 0.0, 0.26361560359120334, 0.8940717726296471, 0.8940717726296471)
[6, 7, 10, 8, 4, 10, 5, 1, 4, 8, 6, 10, 8, 5, 1, 6, 6, 5, 7, 3, 4, 6, 5, 3, 5, 5, 3, 10, 2, 8, 8, 2, 3, 1, 5, 5, 7, 8, 5, 7, 10, 6, 7, 10, 6, 10, 6, 4, 6, 8, 10, 10, 8, 9, 2, 3, 6, 2, 1, 6, 9, 1]
(0.9005198357626756, 0.17906775861880428, 0.895901200734075, 0.2176511771282876, 0.916634553112086, 1.0, 0.8979747978970367, 0.28598092781755835, 0.8995271446183285, 0.8940717726296471)
[6, 7, 10, 8, 7, 10, 5, 4, 3, 5, 6, 7, 10, 6, 5, 6, 9, 8, 10, 2, 1, 6, 5, 3, 5, 9, 3, 10, 2, 10, 8, 1, 1, 7, 2, 5, 5, 8, 5, 9, 10, 9, 9, 1, 1, 10, 8, 4, 10, 9, 10, 10, 8, 5, 6, 3, 6, 1, 5, 6, 9, 1]
(0.925762851722535, 0.7632474250827248, 0.7931180642917679, 0.0, 0.8722758987918453, 0.726027397260274, 0.879531115107234, 0.21352015607976282, 0.8940717726296471, 0.8940717726296471)
[6, 7, 10, 8, 2, 10, 9, 7, 3, 2, 6, 7, 10, 6, 7, 8, 9, 8, 10, 6, 9, 6, 5, 3, 8, 5, 3, 10, 2, 6, 9, 2, 7, 7, 5, 5, 7, 9, 5, 9, 10, 3, 10, 4, 6, 10, 8, 4, 1, 9, 10, 7, 9, 5, 1, 3, 6, 1, 2, 6, 9, 1]
(0.8845012309029655, 0.7632474250827248, 0.7613553693517986, 0.0, 0.9109842343255842, 0.726027397260274, 0.8893079018220262, 0.22796007249709196, 0.8940717726296471, 0.8940717726296471)
[6, 7, 10, 8, 7, 10, 5, 4, 3, 5, 6, 7, 10, 6, 5, 6, 9, 8, 10, 2, 1, 6, 5, 3, 5, 5, 3, 10, 2, 8, 8, 2, 7, 7, 8, 5, 7, 9, 5, 9, 10, 3, 7, 4, 6, 10, 8, 4, 10, 9, 10, 10, 8, 5, 6, 3, 6, 1, 5, 6, 9, 1]
(0.9183811364695394, 0.7632474250827248, 0.7759611969813638, 0.243048343621279, 0.9093504676595294, 0.726027397260274, 0.8987705303356012, 0.0, 0.9086407588794789, 0.8940717726296471)
[6, 7, 10, 8, 2, 10, 9, 7, 3, 2, 6, 7, 10, 6, 6, 6, 9, 8, 10, 1, 2, 6, 5, 8, 5, 5, 3, 10, 2, 8, 8, 2, 7, 7, 5, 5, 7, 9, 5, 9, 10, 3, 7, 4, 6, 10, 8, 4, 6, 9, 10, 8, 9, 5, 1, 3, 6, 1, 1, 6, 9, 1]
(0.8975622253492435, 0.7632474250827248, 0.856626277230675, 0.0, 0.8749267967417791, 1.0, 0.8952462697401601, 0.0, 0.8940717726296471, 0.8940717726296471)
[6, 7, 10, 8, 4, 10, 4, 7, 3, 5, 6, 7, 10, 6, 5, 6, 9, 7, 10, 1, 4, 6, 5, 3, 5, 5, 3, 10, 2, 8, 8, 2, 2, 6, 10, 5, 6, 5, 2, 9, 4, 3, 7, 1, 6, 10, 8, 4, 9, 9, 10, 10, 8, 5, 6, 3, 6, 1, 5, 6, 9, 1]
(0.9222352975979414, 0.7632474250827248, 0.9032517878338656, 0.0, 0.0, 1.0, 0.0, 0.0, 0.9007688829675278, 0.8940717726296471)
[6, 7, 10, 8, 5, 10, 5, 6, 1, 5, 6, 10, 8, 6, 1, 6, 6, 8, 7, 3, 4, 7, 3, 3, 5, 9, 3, 10, 3, 6, 6, 2, 3, 6, 1, 5, 5, 9, 5, 9, 10, 3, 7, 4, 6, 10, 8, 4, 6, 9, 10, 7, 9, 5, 1, 3, 6, 1, 1, 6, 9, 1]
(0.8908988809212999, 0.7632474250827248, 0.899737604521211, 0.0, 0.9141404168680274, 1.0, 0.8797155393287496, 0.0, 0.8946084504947025, 0.8940717726296471)
[6, 10, 10, 8, 3, 10, 9, 7, 3, 2, 6, 7, 10, 6, 5, 6, 9, 10, 10, 1, 4, 6, 5, 3, 6, 5, 3, 10, 2, 8, 8, 2, 7, 7, 3, 5, 7, 9, 5, 9, 10, 5, 10, 10, 6, 10, 8, 4, 6, 9, 10, 8, 9, 5, 1, 3, 6, 1, 1, 6, 9, 1]
(0.9034485695883594, 0.7632474250827248, 0.8530130373313971, 0.0, 0.9020850459113677, 1.0, 0.8889724066480953, 0.0, 0.8942820848897057, 0.8940717726296471)
[6, 7, 10, 8, 2, 10, 9, 7, 3, 2, 6, 7, 10, 6, 7, 8, 9, 8, 10, 6, 9, 6, 5, 3, 8, 5, 3, 10, 2, 7, 8, 2, 7, 7, 3, 5, 7, 9, 5, 9, 10, 4, 10, 4, 6, 10, 8, 4, 6, 9, 10, 8, 9, 5, 1, 3, 6, 1, 1, 6, 9, 1]
(0.8910256417468149, 0.7632474250827248, 0.8292677016928732, 0.0, 0.9129252089187467, 1.0, 0.883333566971119, 0.0, 0.8940717726296471, 0.8940717726296471)
[6, 7, 10, 8, 7, 10, 5, 4, 3, 5, 6, 7, 10, 6, 5, 6, 9, 8, 10, 1, 4, 1, 2, 3, 5, 5, 3, 10, 2, 8, 8, 2, 7, 7, 5, 5, 7, 9, 5, 9, 10, 3, 7, 4, 6, 10, 6, 4, 6, 9, 10, 10, 8, 5, 6, 3, 6, 1, 5, 6, 9, 1]
(0.902394915930923, 0.7632474250827248, 0.7757193883880906, 0.0, 0.9298153301700918, 1.0, 0.0, 0.0, 0.8995183562859855, 0.8940717726296471)
[6, 7, 10, 8, 7, 10, 9, 7, 3, 2, 6, 7, 10, 6, 6, 6, 9, 10, 10, 1, 4, 6, 5, 4, 10, 5, 3, 10, 2, 8, 8, 2, 7, 7, 5, 7, 7, 5, 5, 9, 10, 3, 10, 4, 1, 10, 8, 4, 6, 9, 10, 7, 9, 5, 1, 3, 6, 1, 1, 6, 9, 1]
(0.9004960691556294, 0.7632474250827248, 0.8411902079358644, 0.0, 0.9125114521011675, 1.0, 0.896030899323519, 0.0, 0.8940717726296471, 0.8940717726296471)
[6, 7, 10, 8, 2, 10, 4, 7, 3, 8, 6, 1, 10, 6, 5, 6, 9, 8, 10, 1, 4, 1, 7, 3, 5, 9, 4, 8, 7, 6, 8, 1, 7, 6, 8, 7, 7, 8, 5, 9, 7, 4, 8, 8, 6, 10, 1, 8, 6, 9, 10, 10, 8, 6, 3, 3, 6, 1, 1, 6, 9, 1]
(0.8862841827794866, 0.7632474250827248, 0.8825005492195442, 0.0, 0.7757468389347127, 1.0, 0.8508388219401187, 0.0, 0.8940717726296471, 0.8940717726296471)
[6, 7, 10, 8, 5, 10, 5, 4, 1, 5, 6, 10, 8, 6, 1, 6, 6, 8, 7, 3, 4, 7, 4, 3, 5, 9, 3, 7, 4, 6, 6, 2, 3, 6, 1, 5, 8, 9, 5, 9, 10, 3, 7, 1, 6, 7, 8, 4, 6, 9, 10, 10, 8, 4, 3, 3, 6, 1, 1, 6, 9, 1]
(0.8868772180750923, 0.7632474250827248, 0.898199555836614, 0.0, 0.925588568858799, 1.0, 0.8942743046209175, 0.0, 0.8960532696917614, 0.8940717726296471)
[6, 7, 10, 8, 2, 10, 9, 7, 3, 2, 6, 7, 10, 6, 5, 6, 9, 8, 10, 1, 4, 6, 5, 3, 6, 5, 3, 10, 2, 8, 8, 2, 7, 7, 5, 5, 7, 9, 5, 9, 10, 3, 10, 4, 6, 10, 8, 4, 6, 9, 10, 7, 9, 5, 1, 3, 6, 1, 2, 6, 9, 1]
(0.9028400631621443, 0.7632474250827248, 0.8426382524892634, 0.0, 0.9133919855579699, 1.0, 0.8868992278352339, 0.0, 0.8940717726296471, 0.8940717726296471)
[6, 7, 10, 8, 2, 10, 9, 7, 3, 2, 6, 7, 10, 6, 7, 6, 9, 8, 10, 6, 4, 6, 5, 3, 8, 5, 3, 10, 2, 7, 8, 2, 7, 7, 3, 5, 7, 9, 5, 9, 10, 4, 10, 4, 6, 10, 8, 4, 6, 9, 10, 8, 9, 5, 1, 3, 6, 1, 1, 6, 9, 1]
(0.8992161603644451, 0.7632474250827248, 0.8574604043737003, 0.0, 0.9023385053500493, 1.0, 0.8964017974212725, 0.0, 0.8947892086580354, 0.8940717726296471)
[6, 7, 10, 10, 5, 7, 5, 6, 1, 5, 6, 10, 8, 6, 1, 6, 10, 8, 7, 2, 4, 7, 4, 10, 5, 9, 3, 7, 3, 1, 6, 2, 7, 6, 5, 5, 7, 9, 5, 9, 10, 3, 10, 5, 6, 10, 8, 4, 6, 9, 10, 7, 8, 5, 1, 3, 6, 1, 1, 6, 9, 1]
(0.8889732411131221, 0.7632474250827248, 0.8936498323455413, 0.0, 0.9378054717555612, 1.0, 0.8740005051717116, 0.704186512910503, 0.0, 0.23289174230203089)
[6, 7, 4, 8, 4, 10, 5, 9, 1, 8, 6, 10, 8, 6, 1, 6, 6, 5, 7, 3, 4, 7, 7, 3, 5, 5, 3, 10, 8, 6, 8, 3, 7, 3, 8, 2, 7, 9, 5, 9, 7, 4, 3, 8, 6, 10, 8, 4, 9, 9, 8, 10, 8, 7, 2, 3, 6, 1, 1, 6, 9, 1]
(0.8890642391517715, 0.39503582024748474, 0.9024921232834419, 0.2176511771282876, 0.8966041540726978, 1.0, 0.8683586454018906, 0.21352015607976282, 0.8996182700619062, 0.8940717726296471)
[2, 7, 4, 8, 2, 10, 9, 1, 3, 7, 6, 1, 5, 3, 7, 6, 9, 5, 10, 5, 7, 1, 7, 3, 5, 9, 3, 10, 10, 5, 8, 2, 7, 6, 8, 2, 7, 8, 5, 9, 7, 1, 3, 1, 6, 5, 8, 4, 4, 9, 10, 10, 8, 5, 6, 6, 6, 1, 1, 6, 9, 1]
(0.8695087315514638, 0.7632474250827248, 0.7834684735163978, 0.0, 0.9305906916037169, 1.0, 0.8823679020628287, 0.21352015607976282, 0.7795942353084614, 0.7560046313330465)
[6, 7, 7, 8, 5, 10, 5, 6, 1, 5, 6, 6, 8, 6, 1, 6, 6, 8, 7, 3, 4, 7, 3, 3, 5, 9, 3, 9, 3, 6, 6, 2, 2, 6, 8, 5, 7, 9, 6, 9, 10, 3, 7, 4, 6, 10, 8, 4, 6, 9, 10, 9, 9, 5, 1, 3, 6, 1, 1, 6, 9, 1]
(0.8906446954235393, 0.7632474250827248, 0.8882764073088723, 0.0, 0.9149008689448201, 0.9100847551599108, 0.21352015607976282, 0.21352015607976282, 0.9015454629436096, 0.8940717726296471)
[6, 7, 10, 8, 2, 10, 9, 7, 3, 2, 6, 7, 10, 6, 5, 6, 9, 8, 10, 1, 4, 3, 5, 3, 5, 5, 3, 10, 2, 8, 8, 2, 7, 7, 5, 5, 7, 9, 5, 9, 10, 3, 7, 4, 6, 10, 8, 4, 6, 9, 10, 7, 9, 5, 1, 3, 6, 1, 1, 6, 9, 1]
(0.8888242462649899, 0.7632474250827248, 0.8866716464981395, 0.2176511771282876, 0.9244468657299844, 0.726027397260274, 0.8852750511839944, 0.20080062906569446, 0.8970011850818952, 0.8940717726296471)
[6, 7, 7, 8, 1, 10, 5, 9, 1, 8, 8, 1, 10, 6, 5, 6, 9, 8, 10, 1, 4, 6, 5, 3, 5, 5, 3, 10, 2, 8, 8, 2, 7, 7, 5, 7, 7, 9, 5, 9, 10, 3, 10, 8, 6, 10, 8, 4, 6, 9, 10, 10, 8, 9, 2, 3, 6, 2, 1, 6, 9, 1]
(0.9196640944108333, 0.7632474250827248, 0.8595593119040081, 0.0, 0.8965732140466529, 1.0, 0.8724972764030055, 0.18951132300357573, 0.879054344259198, 0.8759118942543818)
[7, 7, 10, 8, 4, 10, 5, 1, 1, 8, 6, 10, 8, 5, 9, 6, 9, 8, 7, 3, 4, 7, 6, 3, 5, 9, 3, 10, 8, 6, 8, 2, 7, 6, 5, 5, 7, 9, 5, 9, 10, 3, 7, 10, 4, 9, 8, 1, 6, 8, 10, 10, 8, 9, 2, 3, 6, 1, 1, 6, 9, 1]
(0.8799507854506329, 0.7632474250827248, 0.7694888459518484, 0.0, 0.9086785623803697, 0.898136710934337, 0.8908270115032749, 0.3124930470575145, 0.8940717726296471, 0.8940717726296471)
[6, 7, 10, 8, 2, 10, 5, 6, 1, 5, 6, 10, 8, 6, 1, 6, 7, 8, 7, 3, 4, 7, 4, 3, 5, 9, 3, 9, 3, 6, 6, 2, 2, 6, 8, 5, 7, 9, 6, 9, 10, 3, 7, 4, 6, 10, 8, 4, 6, 9, 10, 9, 9, 5, 1, 3, 6, 1, 1, 6, 9, 1]
(0.8900465415790635, 0.7632474250827248, 0.861598383821542, 0.0, 0.9165102450177037, 1.0, 0.9031279647722801, 0.21352015607976282, 0.8940717726296471, 0.8940717726296471)
[6, 7, 10, 8, 2, 10, 9, 7, 3, 2, 6, 7, 10, 6, 5, 6, 9, 8, 10, 1, 4, 6, 5, 3, 6, 5, 3, 10, 2, 8, 8, 2, 6, 6, 5, 5, 7, 9, 5, 9, 10, 3, 10, 4, 6, 10, 8, 4, 6, 9, 10, 7, 9, 5, 1, 3, 6, 1, 1, 6, 9, 1]
(0.9000802012160382, 0.7632474250827248, 0.8712288575246883, 0.2176511771282876, 0.910177971236404, 1.0, 0.9036899743601642, 0.0, 0.8940717726296471, 0.8940717726296471)
[6, 7, 10, 8, 2, 10, 9, 7, 3, 2, 6, 7, 10, 6, 5, 6, 7, 8, 10, 1, 2, 6, 5, 8, 5, 5, 3, 10, 2, 8, 8, 2, 7, 7, 5, 5, 7, 9, 5, 9, 10, 3, 7, 4, 6, 10, 8, 4, 6, 9, 10, 7, 9, 5, 1, 3, 6, 1, 1, 6, 9, 1]
(0.8939742231741507, 0.7632474250827248, 0.8818942403420761, 0.2176511771282876, 0.9083553122356497, 1.0, 0.9056515855714642, 0.0, 0.8940717726296471, 0.8940717726296471)
[6, 7, 10, 8, 2, 10, 9, 7, 3, 2, 6, 7, 10, 6, 5, 6, 9, 8, 10, 1, 4, 6, 5, 3, 6, 5, 3, 10, 2, 8, 8, 2, 7, 7, 5, 5, 7, 9, 5, 9, 10, 3, 10, 4, 6, 10, 8, 4, 6, 9, 10, 7, 9, 5, 1, 3, 6, 1, 1, 6, 9, 1]
(0.9020439436659178, 0.7632474250827248, 0.8729474583640647, 0.2176511771282876, 0.9079291606321893, 1.0, 0.903188323043283, 0.0, 0.8940717726296471, 0.8940717726296471)
[6, 7, 10, 8, 2, 10, 9, 7, 3, 2, 6, 7, 10, 6, 5, 6, 9, 8, 10, 1, 2, 6, 5, 8, 5, 5, 3, 10, 2, 8, 8, 2, 7, 7, 5, 5, 7, 9, 5, 9, 10, 3, 7, 4, 6, 10, 8, 4, 6, 9, 10, 7, 9, 5, 1, 3, 6, 1, 1, 6, 9, 1]
(0.9026948852464517, 0.7632474250827248, 0.8790012886747673, 0.2176511771282876, 0.908165732212361, 1.0, 0.9002125432714783, 0.0, 0.8940717726296471, 0.8940717726296471)
[6, 7, 10, 8, 2, 10, 9, 7, 3, 2, 6, 7, 10, 6, 5, 6, 9, 8, 10, 1, 4, 6, 5, 3, 6, 5, 3, 10, 2, 8, 8, 2, 7, 6, 5, 5, 7, 9, 5, 9, 10, 3, 10, 4, 6, 10, 8, 4, 6, 9, 10, 7, 9, 5, 1, 3, 6, 1, 1, 6, 9, 1]
(0.9043197678402028, 0.7632474250827248, 0.8756308579817368, 0.2176511771282876, 0.9084511527791581, 1.0, 0.0, 0.0, 0.8936894299462397, 0.8940717726296471)
[6, 7, 10, 8, 5, 10, 5, 6, 1, 5, 6, 2, 8, 2, 1, 6, 6, 8, 7, 3, 4, 7, 4, 3, 5, 9, 3, 7, 3, 6, 6, 2, 3, 6, 1, 5, 8, 9, 5, 9, 10, 3, 10, 4, 6, 10, 8, 4, 1, 9, 10, 7, 9, 5, 1, 3, 6, 1, 1, 6, 9, 1]
(0.8907033758237916, 0.7632474250827248, 0.8573138395324299, 0.2176511771282876, 0.9189351351931657, 1.0, 0.8898928383365232, 0.0, 0.8970646693307118, 0.8940717726296471)
[6, 7, 10, 8, 4, 10, 4, 7, 3, 5, 6, 7, 10, 6, 5, 6, 9, 8, 10, 1, 2, 6, 5, 3, 8, 5, 3, 9, 2, 8, 8, 2, 2, 6, 10, 5, 8, 5, 2, 9, 4, 3, 7, 1, 7, 10, 8, 4, 9, 9, 10, 10, 8, 5, 6, 3, 6, 1, 5, 6, 9, 1]
(0.9152414390817251, 0.7632474250827248, 0.8984373187646233, 0.2176511771282876, 0.9006926642730793, 1.0, 0.8898118710145311, 0.0, 0.904909126646813, 0.8940717726296471)
[6, 7, 10, 8, 4, 10, 5, 9, 1, 8, 6, 10, 8, 6, 1, 6, 6, 5, 7, 3, 4, 7, 7, 3, 5, 5, 3, 10, 8, 6, 8, 3, 7, 6, 8, 2, 7, 8, 5, 9, 7, 4, 3, 8, 6, 10, 8, 4, 9, 9, 8, 10, 8, 7, 2, 3, 6, 1, 1, 6, 9, 1]
(0.8840855019167021, 0.7632474250827248, 0.8997417425736746, 0.2176511771282876, 0.9065967390313707, 1.0, 0.0, 0.0, 0.8940717726296471, 0.8940717726296471)
[6, 7, 10, 8, 4, 10, 4, 7, 3, 5, 6, 7, 10, 6, 5, 6, 9, 8, 10, 1, 4, 6, 5, 3, 6, 5, 3, 10, 2, 8, 8, 2, 2, 6, 10, 5, 8, 5, 2, 9, 4, 3, 7, 1, 7, 10, 8, 4, 9, 9, 10, 10, 8, 5, 6, 3, 6, 1, 5, 6, 9, 1]
(0.9089990342035853, 0.7632474250827248, 0.9067692695185506, 0.2176511771282876, 0.9028440618887504, 1.0, 0.8890025364235, 0.0, 0.906693089194592, 0.8940717726296471)
[6, 7, 10, 8, 4, 10, 4, 7, 3, 5, 6, 7, 10, 6, 5, 6, 9, 7, 10, 1, 4, 6, 5, 3, 5, 5, 3, 10, 2, 8, 8, 2, 2, 6, 10, 5, 8, 5, 2, 9, 4, 3, 7, 1, 7, 10, 8, 4, 9, 9, 10, 10, 8, 5, 6, 3, 6, 1, 5, 6, 9, 1]
(0.9133607121184432, 0.7632474250827248, 0.8968758331611715, 0.2176511771282876, 0.9028594629839024, 1.0, 0.8871186604723291, 0.0, 0.9057017551735006, 0.8940717726296471)
[6, 7, 10, 8, 7, 10, 9, 7, 3, 2, 6, 7, 10, 6, 5, 6, 9, 8, 10, 1, 4, 6, 5, 3, 6, 5, 3, 10, 2, 8, 8, 2, 7, 7, 5, 7, 7, 9, 5, 9, 10, 3, 10, 4, 6, 10, 8, 4, 6, 9, 10, 7, 9, 5, 1, 3, 6, 1, 1, 6, 9, 1]
(0.8980129847302993, 0.7632474250827248, 0.8788186265155626, 0.0, 0.9072448575869165, 1.0, 0.9022395098581871, 0.22796007249709196, 0.9038135996088348, 0.8940717726296471)
[6, 7, 10, 8, 2, 10, 5, 7, 3, 8, 6, 1, 7, 3, 7, 6, 9, 5, 10, 5, 7, 1, 7, 3, 5, 9, 4, 8, 8, 6, 8, 1, 7, 6, 8, 7, 7, 8, 5, 9, 7, 4, 8, 8, 6, 10, 1, 8, 6, 9, 10, 10, 8, 6, 3, 3, 6, 1, 1, 6, 9, 1]
(0.893283233232792, 0.7632474250827248, 0.7263479290530024, 0.0, 0.8997101472690662, 1.0, 0.8606441183015657, 0.22796007249709196, 0.8940717726296471, 0.8940717726296471)
[6, 7, 10, 8, 4, 10, 4, 7, 3, 5, 6, 7, 10, 6, 5, 6, 9, 8, 10, 1, 4, 6, 5, 3, 5, 5, 3, 10, 2, 8, 8, 2, 2, 6, 10, 5, 6, 5, 2, 9, 4, 3, 9, 1, 6, 10, 8, 4, 9, 9, 10, 10, 8, 5, 6, 3, 6, 1, 5, 6, 9, 1]
(0.917845556326207, 0.7632474250827248, 0.9072500200942122, 0.0, 0.9208542523905602, 0.8909691123291809, 0.8892323086038191, 0.3444231005027178, 0.9056560678407513, 0.8940717726296471)
[6, 7, 10, 8, 2, 10, 9, 7, 3, 2, 6, 7, 10, 6, 5, 6, 9, 8, 10, 1, 4, 6, 5, 3, 6, 5, 3, 10, 2, 8, 8, 2, 7, 7, 5, 5, 7, 9, 5, 9, 10, 3, 7, 7, 6, 10, 8, 4, 6, 9, 10, 7, 9, 5, 1, 3, 6, 1, 1, 6, 9, 1]
(0.8992033878341278, 0.7632474250827248, 0.8840821584686592, 0.243048343621279, 0.9058787314221225, 1.0, 0.8987090552225669, 0.0, 0.0, 0.8940717726296471)
[6, 7, 10, 8, 4, 10, 4, 7, 3, 5, 6, 7, 10, 6, 5, 6, 9, 8, 10, 1, 4, 6, 5, 3, 5, 5, 3, 10, 2, 8, 8, 2, 2, 6, 10, 5, 6, 5, 2, 9, 4, 3, 9, 1, 6, 10, 8, 4, 9, 9, 10, 10, 8, 5, 6, 3, 6, 1, 5, 6, 9, 1]
(0.917845556326207, 0.7632474250827248, 0.9072500200942122, 0.0, 0.9148784032091463, 0.9048797873780096, 0.8826078301295595, 0.3444231005027178, 0.9056560678407513, 0.8940717726296471)
[6, 7, 10, 8, 4, 10, 5, 9, 1, 8, 6, 10, 8, 6, 1, 6, 6, 5, 7, 3, 4, 7, 7, 3, 5, 5, 3, 10, 8, 6, 8, 3, 7, 6, 5, 5, 7, 9, 5, 9, 10, 3, 7, 8, 6, 10, 1, 4, 9, 9, 8, 10, 8, 7, 2, 3, 6, 1, 1, 6, 9, 1]
(0.8893805870786267, 0.5206154433035581, 0.243048343621279, 0.243048343621279, 0.9194359106942976, 1.0, 0.8947180269285995, 0.26361560359120334, 0.0, 0.8940717726296471)
[6, 7, 10, 8, 4, 10, 5, 9, 1, 8, 6, 10, 8, 6, 1, 6, 6, 5, 7, 3, 4, 7, 7, 3, 5, 5, 3, 10, 8, 6, 8, 3, 7, 6, 5, 5, 7, 9, 5, 9, 10, 3, 7, 8, 6, 10, 1, 4, 9, 9, 8, 10, 8, 7, 2, 3, 6, 1, 1, 6, 9, 1]
(0.8893805870786267, 0.5206154433035581, 0.9032517248764597, 0.243048343621279, 0.9096831953152976, 1.0, 0.8947180269285995, 0.26361560359120334, 0.9066202981397472, 0.8940717726296471)
[6, 7, 10, 8, 2, 10, 5, 6, 1, 5, 6, 10, 8, 6, 1, 6, 7, 8, 10, 1, 4, 3, 5, 3, 5, 5, 3, 10, 2, 8, 6, 2, 9, 7, 5, 5, 7, 9, 5, 9, 10, 3, 7, 4, 6, 10, 8, 4, 6, 9, 10, 9, 9, 5, 1, 3, 6, 1, 1, 6, 9, 1]
(0.8968193830922205, 0.7632474250827248, 0.9133316049352252, 0.2176511771282876, 0.9104598863050306, 0.8962838573381265, 0.9026548316702206, 0.21352015607976282, 0.8984613211825451, 0.8940717726296471)
[6, 7, 4, 8, 4, 10, 5, 9, 1, 8, 6, 10, 8, 6, 1, 6, 6, 5, 7, 3, 4, 7, 7, 3, 5, 5, 2, 10, 8, 6, 8, 3, 7, 3, 8, 2, 8, 9, 5, 9, 7, 4, 3, 8, 6, 10, 8, 4, 9, 9, 8, 10, 8, 6, 3, 3, 6, 1, 1, 6, 9, 1]
(0.886754444427784, 0.7632474250827248, 0.9122954523190822, 0.2176511771282876, 0.900253182463344, 0.9013475378975233, 0.8992468116804917, 0.22796007249709196, 0.8967709021642765, 0.8940717726296471)
[10, 10, 10, 10, 3, 6, 2, 8, 9, 5, 6, 1, 5, 9, 7, 6, 9, 9, 10, 3, 7, 2, 3, 3, 5, 9, 3, 6, 10, 4, 8, 2, 7, 6, 7, 2, 7, 8, 2, 9, 8, 8, 8, 6, 5, 2, 7, 3, 1, 4, 10, 10, 8, 5, 6, 3, 4, 6, 4, 3, 10, 1]
(0.8950290644541342, 0.7632474250827248, 0.0, 0.0, 0.9226936070248452, 1.0, 0.8392180038616004, 0.38362088587426585, 0.8902349108830052, 0.8940717726296471)
