[5, 2, 3, 4, 7, 5, 4, 1, 4, 2, 6, 1, 5, 1, 5, 9, 4, 6, 9, 8, 1, 6, 6, 6, 9, 9, 9, 7, 10, 10, 8, 9, 4, 5, 7, 9, 3, 9, 7, 5, 9, 8, 10, 10, 6, 1, 4, 2, 9, 7, 7, 4, 2, 7, 6, 6, 3, 10, 3, 9, 2, 3]
(0.2975976991239666, 0.24687081666501196, 0.5838770094416635)
[4, 10, 3, 4, 8, 5, 4, 1, 4, 2, 8, 8, 3, 1, 5, 9, 8, 2, 2, 9, 1, 8, 8, 2, 6, 4, 5, 8, 8, 2, 9, 5, 4, 10, 6, 7, 10, 3, 7, 6, 9, 8, 10, 10, 5, 9, 8, 10, 9, 4, 8, 5, 2, 5, 6, 1, 3, 8, 1, 9, 2, 3]
(0.39407393738336044, 0.7406311702914584, 0.2527522135758022)
[4, 10, 3, 4, 8, 5, 4, 1, 4, 2, 8, 8, 3, 1, 5, 9, 8, 2, 2, 9, 1, 8, 8, 2, 6, 4, 5, 8, 8, 2, 9, 5, 4, 10, 6, 7, 10, 3, 7, 6, 9, 8, 10, 10, 5, 9, 8, 10, 9, 4, 8, 5, 2, 5, 6, 1, 3, 8, 1, 9, 2, 3]
(0.39407393738336044, 0.7406311702914584, 0.2527522135758022)
[6, 2, 3, 4, 8, 5, 4, 4, 3, 4, 8, 4, 3, 1, 5, 9, 9, 2, 10, 9, 1, 8, 8, 2, 6, 4, 6, 8, 8, 2, 9, 9, 4, 10, 10, 7, 10, 3, 7, 10, 9, 8, 10, 10, 5, 9, 8, 10, 9, 4, 8, 7, 2, 5, 6, 1, 3, 8, 1, 9, 2, 3]
(0.7158216857454175, 0.49823239007964604, 0.20660887066469477)
[6, 2, 3, 4, 7, 5, 4, 5, 3, 4, 8, 4, 3, 1, 5, 9, 8, 2, 2, 9, 1, 8, 8, 2, 6, 4, 6, 8, 8, 2, 9, 9, 4, 10, 10, 7, 10, 3, 7, 10, 9, 8, 10, 10, 5, 9, 8, 10, 9, 4, 8, 7, 2, 5, 6, 1, 3, 8, 1, 9, 2, 3]
(0.7158603049374718, 0.4971591289155173, 0.2078311866346597)
[3, 2, 3, 4, 8, 5, 4, 1, 4, 10, 8, 4, 3, 1, 5, 9, 8, 2, 2, 8, 1, 9, 8, 2, 6, 4, 5, 8, 8, 2, 2, 5, 4, 10, 6, 7, 10, 3, 7, 6, 9, 8, 10, 10, 5, 9, 8, 10, 9, 4, 8, 7, 2, 5, 6, 1, 3, 8, 1, 9, 2, 3]
(0.3940628859053138, 0.7814829065464486, 0.2553991756114657)
[3, 2, 3, 4, 8, 5, 4, 1, 4, 10, 8, 4, 3, 1, 5, 9, 8, 2, 2, 8, 1, 9, 8, 2, 6, 4, 5, 8, 8, 2, 2, 5, 4, 10, 6, 7, 10, 3, 7, 6, 9, 8, 10, 10, 5, 9, 8, 10, 9, 4, 8, 7, 2, 5, 6, 1, 3, 8, 1, 9, 2, 3]
(0.3940628859053138, 0.7814829065464486, 0.2553991756114657)
[6, 2, 3, 4, 8, 5, 8, 4, 3, 4, 8, 4, 3, 1, 5, 9, 9, 2, 10, 9, 1, 8, 8, 2, 6, 4, 5, 8, 8, 2, 9, 9, 4, 10, 6, 7, 10, 3, 7, 10, 9, 8, 10, 10, 5, 9, 8, 10, 9, 4, 8, 7, 2, 5, 6, 1, 3, 8, 1, 9, 2, 3]
(0.39401326703485806, 0.7708629715256441, 0.268036995548083)
[6, 2, 3, 4, 8, 9, 2, 3, 3, 4, 8, 1, 3, 1, 5, 9, 6, 1, 2, 1, 1, 9, 8, 9, 6, 4, 5, 8, 8, 7, 2, 5, 4, 5, 6, 7, 10, 6, 7, 10, 9, 8, 10, 10, 5, 9, 8, 10, 9, 2, 8, 7, 2, 5, 6, 1, 3, 8, 1, 9, 2, 3]
(0.3942745921493223, 0.6781749722547877, 0.37510472586725824)
[6, 2, 3, 4, 8, 5, 8, 4, 3, 4, 8, 4, 3, 1, 5, 9, 6, 2, 2, 8, 1, 9, 8, 2, 6, 4, 5, 8, 8, 2, 2, 5, 4, 10, 6, 7, 10, 3, 7, 6, 9, 8, 10, 10, 5, 9, 8, 10, 9, 2, 2, 7, 2, 3, 6, 1, 3, 8, 1, 9, 2, 3]
(0.394176295046516, 0.7347084402106752, 0.3737789932916185)
[6, 2, 3, 4, 7, 8, 7, 1, 4, 2, 8, 3, 2, 6, 5, 6, 4, 2, 2, 3, 1, 8, 8, 8, 9, 5, 5, 4, 5, 2, 5, 9, 9, 4, 1, 8, 1, 8, 7, 6, 6, 10, 10, 4, 6, 1, 9, 1, 9, 4, 8, 5, 2, 7, 6, 6, 10, 10, 3, 9, 8, 3]
(0.3772889671828158, 1.133084767963732, 0.0)
[6, 3, 3, 4, 2, 5, 8, 4, 3, 4, 8, 4, 3, 4, 5, 9, 8, 2, 10, 9, 1, 3, 7, 2, 6, 4, 5, 8, 8, 2, 9, 5, 4, 10, 6, 7, 10, 3, 7, 10, 9, 6, 10, 10, 5, 9, 8, 10, 5, 4, 8, 7, 2, 5, 6, 1, 3, 8, 1, 9, 2, 3]
(0.3939386992099291, 0.7940822013653865, 0.32854660342597003)
[6, 2, 3, 4, 8, 5, 8, 4, 3, 4, 8, 4, 3, 4, 5, 9, 8, 2, 10, 9, 1, 3, 8, 8, 6, 4, 5, 8, 8, 2, 9, 5, 4, 10, 6, 7, 10, 3, 7, 10, 9, 6, 10, 10, 5, 9, 8, 10, 5, 4, 5, 7, 2, 5, 6, 1, 3, 8, 1, 9, 2, 3]
(0.3937744658944235, 0.7856821165420165, 0.34794786125576)
[6, 2, 3, 4, 8, 5, 8, 4, 3, 4, 8, 4, 3, 4, 5, 9, 8, 2, 10, 9, 1, 3, 8, 8, 6, 4, 5, 8, 8, 2, 9, 5, 4, 10, 6, 7, 10, 3, 7, 10, 9, 6, 10, 10, 5, 9, 8, 10, 5, 4, 5, 7, 2, 5, 6, 1, 3, 8, 1, 9, 2, 3]
(0.3937744658944235, 0.7856821165420165, 0.34794786125576)
[6, 2, 3, 4, 8, 5, 8, 4, 3, 4, 8, 4, 3, 4, 5, 9, 8, 2, 10, 9, 1, 3, 8, 2, 6, 4, 5, 8, 8, 2, 9, 5, 4, 10, 6, 7, 10, 3, 7, 10, 9, 6, 10, 10, 5, 9, 8, 10, 5, 4, 8, 7, 2, 5, 6, 1, 3, 8, 1, 9, 2, 3]
(0.3939386940305603, 0.7982875029556503, 0.3471980803314947)
[6, 2, 3, 4, 8, 5, 8, 4, 3, 4, 8, 4, 3, 4, 5, 9, 8, 2, 10, 9, 1, 3, 8, 2, 6, 4, 5, 8, 8, 2, 9, 5, 4, 10, 6, 7, 10, 3, 7, 10, 9, 6, 10, 10, 5, 9, 8, 10, 5, 4, 8, 7, 2, 5, 6, 1, 3, 8, 1, 9, 2, 3]
(0.3939386940305603, 0.7982875029556503, 0.3471980803314947)
[6, 2, 3, 1, 7, 5, 4, 1, 4, 5, 6, 8, 2, 9, 5, 9, 4, 2, 2, 1, 1, 8, 8, 1, 9, 5, 5, 7, 9, 2, 8, 9, 9, 1, 1, 6, 1, 6, 5, 7, 6, 10, 10, 4, 6, 1, 8, 1, 8, 4, 8, 5, 2, 7, 6, 6, 10, 10, 6, 9, 3, 3]
(0.3771645924608747, 0.628692721068442, 0.5358931420945929)
[6, 3, 3, 4, 2, 5, 8, 4, 3, 4, 3, 4, 3, 4, 5, 9, 8, 2, 10, 9, 1, 3, 8, 2, 6, 4, 5, 8, 8, 2, 9, 5, 4, 10, 6, 7, 10, 3, 7, 10, 9, 6, 10, 10, 5, 9, 8, 10, 5, 4, 8, 7, 2, 5, 6, 1, 3, 8, 1, 9, 2, 3]
(0.3939386992099291, 0.7983973831869712, 0.34966161789498873)
[6, 2, 3, 4, 8, 9, 2, 3, 3, 4, 8, 1, 3, 1, 5, 9, 6, 2, 2, 1, 1, 9, 8, 2, 6, 4, 5, 8, 8, 7, 2, 5, 4, 5, 6, 7, 10, 3, 7, 10, 9, 8, 10, 10, 5, 9, 8, 10, 9, 2, 8, 7, 2, 5, 6, 1, 3, 8, 1, 9, 2, 3]
(0.39431059277606856, 0.7710343020968188, 0.39149459788455104)
[6, 2, 3, 4, 3, 9, 2, 3, 3, 4, 8, 1, 3, 1, 5, 9, 6, 2, 2, 1, 1, 9, 8, 2, 6, 4, 5, 8, 8, 7, 2, 5, 4, 5, 6, 7, 10, 3, 7, 10, 9, 8, 10, 10, 5, 9, 8, 10, 9, 2, 8, 7, 2, 5, 6, 1, 3, 8, 1, 9, 2, 3]
(0.39431059277606856, 0.7710343020968188, 0.39149459788455104)
[6, 2, 3, 4, 8, 9, 2, 3, 3, 4, 8, 1, 3, 1, 5, 9, 6, 2, 2, 1, 1, 9, 8, 2, 6, 4, 5, 8, 8, 7, 2, 5, 4, 5, 6, 7, 10, 3, 7, 10, 9, 8, 10, 10, 5, 9, 8, 10, 9, 2, 8, 7, 2, 5, 6, 1, 3, 8, 1, 9, 2, 3]
(0.39431059277606856, 0.7710343020968188, 0.39149459788455104)
[6, 2, 3, 4, 8, 9, 2, 3, 3, 4, 8, 1, 3, 1, 5, 9, 6, 2, 2, 1, 1, 9, 8, 2, 6, 4, 5, 8, 8, 7, 2, 5, 4, 5, 6, 7, 10, 3, 7, 10, 9, 8, 10, 10, 5, 9, 8, 10, 9, 2, 8, 7, 2, 5, 6, 1, 3, 8, 1, 9, 2, 3]
(0.39431059277606856, 0.7710343020968188, 0.39149459788455104)
[6, 2, 3, 4, 8, 9, 2, 3, 3, 4, 8, 1, 3, 1, 5, 9, 6, 2, 2, 1, 1, 9, 8, 2, 6, 4, 5, 8, 8, 7, 2, 5, 4, 5, 6, 7, 10, 3, 7, 10, 9, 8, 10, 10, 5, 9, 8, 10, 9, 2, 8, 7, 2, 5, 6, 1, 3, 8, 1, 9, 2, 3]
(0.39431059277606856, 0.7710343020968188, 0.39149459788455104)
[6, 2, 3, 4, 8, 8, 8, 4, 3, 4, 8, 4, 3, 1, 5, 9, 8, 2, 2, 9, 1, 8, 8, 2, 6, 4, 5, 8, 8, 7, 7, 5, 4, 10, 6, 7, 10, 3, 7, 10, 6, 8, 10, 3, 5, 9, 8, 10, 9, 4, 2, 7, 2, 5, 6, 1, 3, 8, 1, 9, 2, 3]
(0.4804175498952517, 0.7457137747667778, 0.34528450975137825)
[3, 8, 3, 2, 7, 7, 4, 7, 4, 2, 8, 9, 3, 1, 5, 9, 8, 2, 3, 9, 1, 8, 8, 2, 6, 4, 5, 8, 8, 2, 5, 5, 4, 10, 6, 8, 10, 3, 7, 10, 10, 8, 10, 10, 5, 9, 8, 10, 9, 4, 8, 7, 2, 5, 6, 5, 3, 8, 1, 9, 2, 3]
(0.394203320021464, 0.8031215573661071, 0.37580720613408136)
[3, 8, 3, 2, 7, 7, 4, 7, 4, 2, 8, 9, 3, 1, 5, 9, 8, 2, 3, 9, 1, 8, 8, 2, 6, 4, 5, 8, 8, 2, 5, 5, 4, 10, 6, 8, 10, 3, 7, 10, 10, 8, 10, 10, 5, 9, 8, 10, 9, 4, 8, 7, 2, 5, 6, 5, 3, 8, 1, 9, 2, 3]
(0.394203320021464, 0.8031215573661071, 0.37580720613408136)
[3, 8, 3, 7, 8, 5, 4, 1, 4, 2, 8, 8, 3, 1, 5, 9, 8, 2, 7, 9, 1, 8, 8, 2, 6, 4, 5, 8, 8, 2, 5, 5, 4, 10, 6, 5, 10, 3, 7, 10, 9, 8, 10, 10, 5, 9, 8, 10, 9, 4, 8, 7, 2, 5, 6, 1, 3, 8, 1, 9, 2, 3]
(0.3942012694446381, 0.78709380133078, 0.4013629150019404)
[3, 8, 3, 7, 8, 5, 4, 1, 4, 2, 8, 8, 3, 1, 5, 9, 8, 2, 7, 9, 1, 8, 8, 2, 6, 4, 5, 8, 8, 2, 5, 5, 4, 10, 6, 5, 10, 3, 7, 10, 9, 8, 10, 10, 5, 9, 8, 10, 9, 4, 8, 7, 2, 5, 6, 1, 3, 8, 1, 9, 2, 3]
(0.3942012694446381, 0.78709380133078, 0.4013629150019404)
[4, 2, 3, 4, 8, 5, 8, 4, 3, 4, 8, 4, 3, 1, 5, 9, 6, 2, 2, 8, 1, 8, 8, 9, 6, 4, 5, 8, 8, 2, 9, 5, 4, 10, 6, 7, 10, 3, 7, 10, 5, 8, 10, 10, 5, 9, 8, 10, 9, 4, 2, 7, 2, 5, 6, 1, 3, 8, 1, 9, 2, 3]
(0.39408872422214164, 0.789473194722091, 0.40977127878089453)
[6, 2, 3, 4, 8, 9, 2, 4, 3, 4, 8, 4, 3, 1, 5, 9, 6, 2, 2, 8, 1, 9, 8, 2, 6, 4, 5, 8, 8, 7, 2, 5, 4, 5, 6, 7, 10, 3, 7, 10, 9, 8, 10, 10, 5, 9, 8, 10, 9, 4, 8, 7, 2, 5, 6, 1, 3, 8, 1, 9, 2, 3]
(0.39425437467767627, 0.8145857368595913, 0.3914528055068495)
[5, 2, 3, 10, 7, 5, 4, 1, 4, 6, 3, 3, 6, 1, 5, 9, 4, 5, 6, 10, 1, 3, 8, 3, 9, 8, 7, 5, 10, 4, 8, 9, 9, 10, 3, 9, 4, 9, 6, 6, 9, 8, 10, 10, 6, 4, 4, 2, 9, 2, 7, 5, 4, 7, 6, 6, 3, 10, 9, 9, 6, 1]
(0.2640238074596295, 0.6310600077009003, 0.7056256413555099)
[4, 2, 3, 4, 8, 5, 8, 4, 3, 4, 8, 4, 3, 1, 5, 9, 6, 2, 2, 9, 1, 3, 8, 2, 6, 4, 5, 8, 8, 2, 9, 5, 4, 10, 6, 7, 10, 3, 7, 10, 5, 8, 10, 10, 5, 9, 8, 10, 9, 4, 2, 7, 2, 5, 6, 1, 3, 8, 1, 9, 2, 3]
(0.39408872422214164, 0.7983588059432852, 0.4088846600388476)
[6, 2, 3, 1, 8, 9, 8, 7, 3, 4, 8, 8, 3, 1, 5, 9, 6, 2, 2, 8, 1, 9, 8, 2, 6, 5, 5, 8, 8, 7, 2, 5, 4, 5, 6, 7, 10, 3, 7, 10, 9, 8, 10, 10, 5, 9, 8, 10, 9, 4, 8, 7, 2, 5, 6, 1, 3, 8, 1, 9, 2, 3]
(0.3941319071442602, 0.821278597507626, 0.3913715042306626)
[9, 7, 3, 4, 8, 5, 4, 1, 4, 6, 8, 8, 1, 1, 5, 9, 4, 5, 6, 1, 1, 3, 8, 3, 9, 8, 7, 5, 10, 4, 8, 9, 9, 10, 3, 9, 4, 9, 6, 6, 9, 8, 10, 10, 6, 4, 4, 2, 9, 2, 7, 5, 2, 7, 6, 6, 3, 10, 9, 9, 6, 1]
(0.3776736561482627, 0.2102707974026315, 1.0197587614136188)
[6, 2, 3, 4, 7, 5, 4, 1, 4, 2, 6, 3, 2, 1, 5, 9, 4, 5, 6, 1, 1, 3, 8, 3, 9, 8, 7, 5, 10, 4, 8, 9, 9, 10, 3, 9, 1, 9, 6, 6, 9, 8, 10, 10, 6, 4, 4, 2, 9, 2, 7, 5, 2, 7, 6, 6, 3, 10, 9, 9, 6, 1]
(0.3777856043453708, 0.21031702480589254, 1.0202540275885223)
[6, 2, 3, 4, 8, 5, 4, 1, 4, 2, 6, 3, 2, 1, 5, 9, 4, 5, 6, 1, 1, 3, 8, 3, 9, 8, 7, 5, 10, 4, 8, 9, 9, 10, 3, 9, 1, 9, 6, 6, 9, 8, 10, 10, 6, 4, 4, 2, 9, 2, 7, 5, 2, 7, 6, 6, 3, 10, 9, 9, 6, 1]
(0.37778718790251764, 0.21031702480589254, 1.0202532136386984)
[6, 2, 3, 4, 7, 5, 4, 1, 4, 2, 6, 3, 2, 1, 5, 9, 4, 5, 6, 1, 1, 10, 8, 3, 9, 8, 7, 5, 10, 4, 8, 9, 9, 10, 3, 9, 1, 9, 6, 6, 9, 8, 10, 10, 6, 4, 4, 2, 9, 2, 4, 5, 2, 7, 6, 6, 3, 10, 9, 9, 6, 1]
(0.3777855993890103, 0.21031685451183507, 1.020256030951022)
[6, 2, 3, 4, 7, 5, 4, 1, 4, 2, 6, 3, 2, 1, 5, 9, 4, 5, 6, 1, 1, 3, 8, 3, 9, 8, 7, 5, 10, 4, 8, 9, 9, 10, 3, 9, 4, 9, 6, 6, 9, 2, 10, 10, 6, 4, 4, 2, 9, 2, 7, 5, 2, 7, 6, 6, 3, 10, 9, 9, 6, 1]
(0.3777855167417008, 0.21031681125707552, 1.0202563251194614)
[6, 2, 3, 4, 7, 5, 4, 1, 4, 2, 6, 3, 6, 1, 5, 9, 4, 5, 6, 1, 1, 3, 8, 3, 9, 8, 7, 5, 10, 4, 8, 9, 9, 10, 3, 9, 4, 9, 6, 6, 9, 8, 10, 10, 6, 4, 4, 2, 9, 2, 5, 5, 2, 7, 6, 6, 3, 10, 9, 9, 6, 1]
(0.37778459591189345, 0.21031931523854439, 1.0204421284428238)
[6, 2, 3, 4, 7, 5, 4, 1, 4, 2, 6, 3, 6, 1, 5, 9, 4, 5, 6, 1, 1, 3, 3, 3, 9, 8, 7, 5, 10, 4, 8, 9, 9, 10, 3, 9, 1, 9, 6, 6, 9, 8, 10, 10, 6, 4, 4, 2, 9, 2, 7, 5, 2, 7, 6, 6, 3, 10, 9, 9, 6, 1]
(0.37778456784650266, 0.21033815579074855, 1.0204418414819305)
[6, 2, 3, 4, 7, 5, 4, 1, 4, 2, 6, 3, 6, 1, 5, 9, 4, 5, 6, 1, 1, 3, 3, 3, 9, 8, 7, 5, 10, 4, 8, 9, 9, 10, 3, 9, 4, 9, 6, 6, 9, 2, 10, 10, 6, 4, 4, 2, 9, 2, 5, 5, 2, 7, 6, 6, 3, 10, 9, 9, 6, 1]
(0.3777853244349173, 0.21033804268679585, 1.020442149897844)
[5, 2, 3, 4, 7, 5, 4, 1, 4, 2, 3, 3, 6, 1, 5, 9, 4, 5, 6, 1, 1, 3, 8, 3, 9, 8, 7, 5, 10, 4, 8, 9, 9, 10, 3, 9, 1, 9, 6, 8, 9, 8, 10, 10, 6, 4, 4, 2, 9, 2, 7, 5, 2, 7, 6, 6, 3, 10, 9, 9, 6, 1]
(0.37777952766166045, 0.21035262133443144, 1.0205025001874433)
[6, 2, 3, 6, 8, 9, 2, 9, 3, 2, 8, 1, 3, 1, 5, 9, 6, 2, 2, 8, 1, 9, 8, 2, 6, 4, 5, 8, 8, 7, 2, 5, 4, 5, 6, 7, 10, 3, 7, 10, 9, 8, 10, 10, 5, 9, 8, 10, 9, 4, 8, 10, 2, 5, 6, 1, 3, 8, 1, 9, 2, 3]
(0.3941433721949007, 0.8187771837227055, 0.40975801473317613)
[6, 10, 3, 4, 8, 5, 8, 4, 3, 4, 8, 4, 3, 1, 5, 9, 8, 2, 10, 9, 1, 8, 8, 2, 6, 4, 5, 8, 8, 2, 9, 5, 4, 10, 6, 7, 10, 3, 5, 10, 9, 6, 10, 10, 5, 9, 8, 10, 5, 4, 8, 7, 2, 5, 6, 1, 3, 8, 1, 9, 2, 3]
(0.39375471178205323, 0.8440562163479594, 0.40891769331511635)
[6, 2, 3, 4, 3, 9, 2, 3, 3, 4, 8, 1, 3, 1, 5, 9, 8, 2, 9, 9, 1, 3, 8, 2, 6, 4, 5, 8, 8, 2, 9, 5, 4, 10, 6, 7, 10, 3, 7, 10, 9, 6, 10, 10, 5, 9, 8, 10, 5, 4, 8, 7, 2, 5, 6, 1, 3, 8, 1, 9, 2, 3]
(0.3940308989656296, 0.8604840417392517, 0.4094923734379578)
[6, 2, 3, 4, 8, 2, 8, 4, 3, 4, 8, 4, 3, 1, 5, 9, 8, 2, 10, 9, 1, 8, 8, 2, 6, 4, 5, 8, 8, 2, 9, 5, 4, 10, 6, 7, 10, 3, 7, 10, 9, 6, 10, 10, 5, 9, 8, 10, 5, 4, 8, 7, 2, 5, 6, 1, 3, 8, 1, 9, 2, 3]
(0.39391188840187835, 0.8613754197023774, 0.4093261462984705)
[6, 2, 3, 4, 7, 10, 7, 1, 4, 2, 2, 4, 2, 1, 5, 9, 4, 2, 2, 1, 1, 8, 8, 6, 9, 5, 5, 7, 9, 2, 8, 9, 9, 5, 1, 8, 1, 8, 7, 7, 6, 10, 10, 4, 6, 1, 8, 1, 9, 4, 8, 5, 2, 7, 6, 6, 10, 10, 1, 9, 3, 3]
(0.37710818722092065, 1.1317683060653456, 0.20025242929559953)
[6, 2, 3, 4, 7, 5, 4, 1, 4, 2, 6, 3, 2, 9, 5, 9, 4, 2, 2, 1, 1, 8, 8, 6, 9, 5, 5, 7, 9, 2, 8, 9, 9, 5, 1, 8, 1, 8, 7, 7, 6, 10, 10, 4, 6, 1, 8, 1, 9, 4, 8, 5, 2, 7, 6, 6, 10, 10, 6, 9, 3, 3]
(0.3771944887931084, 1.1318474716506848, 0.20019619276252118)
[6, 2, 3, 4, 7, 10, 7, 1, 4, 2, 2, 4, 2, 1, 5, 9, 4, 2, 2, 1, 1, 8, 8, 6, 9, 5, 5, 7, 9, 2, 8, 9, 9, 5, 1, 8, 1, 8, 7, 7, 6, 10, 10, 4, 6, 1, 9, 1, 7, 4, 8, 5, 2, 7, 6, 6, 10, 10, 1, 9, 3, 3]
(0.3772606766493962, 1.131758274231101, 0.2009007613127827)
[6, 2, 3, 4, 7, 5, 4, 1, 4, 2, 6, 4, 5, 1, 5, 9, 4, 6, 10, 10, 1, 4, 9, 5, 9, 9, 9, 7, 9, 6, 8, 9, 5, 4, 3, 6, 1, 5, 8, 2, 7, 10, 10, 9, 6, 10, 3, 2, 9, 4, 3, 5, 2, 7, 6, 6, 3, 10, 1, 9, 2, 1]
(0.20317886133148666, 0.6313911974947453, 0.9294745327587431)
[6, 2, 3, 4, 7, 5, 4, 1, 4, 1, 6, 4, 5, 1, 5, 9, 4, 6, 10, 10, 1, 4, 9, 5, 9, 9, 9, 7, 9, 6, 8, 9, 5, 4, 3, 6, 1, 5, 8, 2, 7, 10, 10, 9, 6, 10, 3, 2, 9, 4, 3, 5, 2, 7, 6, 6, 4, 10, 1, 9, 2, 1]
(0.20317886133148666, 0.6313911974947453, 0.9294745327587431)
[6, 2, 3, 4, 7, 5, 4, 1, 4, 2, 6, 4, 5, 1, 5, 9, 4, 6, 10, 10, 1, 4, 9, 5, 9, 9, 9, 7, 9, 6, 8, 9, 5, 4, 3, 6, 1, 5, 8, 2, 7, 10, 10, 9, 6, 10, 3, 2, 9, 4, 3, 5, 2, 7, 6, 6, 3, 10, 1, 9, 2, 1]
(0.20317886133148666, 0.6313911974947453, 0.9294745327587431)
[6, 2, 3, 4, 7, 5, 4, 1, 4, 2, 6, 4, 5, 1, 5, 9, 4, 6, 10, 10, 1, 4, 9, 5, 9, 9, 9, 7, 9, 6, 8, 9, 5, 4, 3, 6, 1, 5, 8, 2, 7, 10, 10, 9, 6, 10, 3, 2, 9, 4, 3, 5, 2, 7, 6, 6, 3, 10, 1, 9, 2, 1]
(0.20317886133148666, 0.6313911974947453, 0.9294745327587431)
[6, 2, 3, 1, 7, 5, 4, 6, 4, 2, 6, 4, 5, 1, 5, 9, 4, 6, 10, 10, 1, 4, 9, 5, 9, 9, 9, 7, 9, 6, 8, 9, 5, 4, 3, 6, 1, 5, 8, 2, 7, 10, 10, 9, 6, 10, 3, 2, 9, 4, 3, 5, 2, 7, 6, 6, 4, 10, 1, 9, 2, 1]
(0.20317886133148666, 0.6313911974947453, 0.9294745327587431)
[6, 2, 3, 4, 7, 5, 4, 1, 4, 2, 6, 4, 5, 1, 5, 9, 4, 6, 10, 10, 1, 4, 9, 5, 9, 9, 9, 7, 9, 6, 8, 9, 5, 4, 3, 6, 1, 5, 8, 2, 7, 10, 10, 9, 6, 10, 3, 2, 9, 4, 3, 5, 2, 7, 6, 6, 3, 10, 1, 9, 2, 1]
(0.20317886133148666, 0.6313911974947453, 0.9294745327587431)
[6, 2, 3, 4, 7, 5, 4, 1, 4, 2, 6, 4, 5, 1, 5, 9, 4, 6, 10, 10, 1, 4, 9, 5, 9, 9, 9, 7, 9, 6, 8, 9, 5, 4, 3, 6, 1, 5, 8, 2, 7, 10, 10, 9, 6, 10, 3, 2, 9, 4, 3, 5, 2, 7, 6, 6, 3, 10, 1, 9, 2, 1]
(0.20317886133148666, 0.6313911974947453, 0.9294745327587431)
[6, 2, 3, 4, 7, 5, 4, 1, 4, 2, 6, 4, 5, 1, 5, 9, 4, 6, 10, 10, 1, 4, 9, 5, 9, 9, 9, 7, 9, 6, 8, 9, 5, 4, 3, 6, 1, 5, 8, 2, 7, 10, 10, 9, 6, 10, 3, 2, 9, 4, 3, 5, 2, 7, 6, 6, 3, 10, 1, 9, 2, 1]
(0.20317886133148666, 0.6313911974947453, 0.9294745327587431)
[6, 2, 3, 4, 7, 5, 4, 1, 4, 10, 6, 4, 5, 1, 5, 9, 4, 6, 10, 10, 1, 4, 9, 5, 9, 9, 9, 7, 9, 6, 8, 9, 5, 4, 3, 6, 1, 5, 8, 2, 7, 10, 10, 9, 6, 10, 3, 2, 9, 4, 3, 5, 2, 7, 6, 6, 3, 10, 1, 9, 2, 1]
(0.20317886133148666, 0.6313911974947453, 0.9294745327587431)
[6, 2, 3, 4, 7, 5, 4, 6, 4, 2, 6, 4, 5, 1, 5, 9, 4, 6, 10, 10, 1, 4, 9, 5, 9, 9, 9, 7, 9, 6, 8, 9, 5, 4, 3, 6, 1, 5, 8, 2, 7, 10, 10, 9, 6, 10, 3, 2, 9, 4, 3, 5, 2, 7, 6, 6, 4, 10, 1, 9, 2, 1]
(0.20317886133148666, 0.6313911974947453, 0.9294745327587431)
[6, 2, 3, 4, 7, 5, 4, 1, 4, 2, 6, 4, 5, 1, 5, 9, 4, 6, 10, 10, 1, 4, 3, 8, 9, 9, 9, 7, 9, 6, 8, 9, 5, 4, 3, 6, 1, 5, 8, 2, 7, 10, 10, 9, 6, 10, 3, 2, 9, 4, 3, 5, 2, 7, 6, 6, 3, 10, 1, 9, 2, 1]
(0.20318071909346763, 0.6313904694074526, 0.9295093747480146)
[6, 2, 3, 4, 7, 5, 4, 1, 4, 2, 6, 5, 5, 1, 5, 9, 4, 6, 10, 10, 1, 3, 3, 8, 9, 9, 9, 7, 9, 6, 8, 9, 5, 4, 3, 6, 1, 5, 8, 2, 7, 10, 10, 9, 6, 10, 3, 2, 9, 4, 3, 5, 2, 7, 6, 6, 4, 10, 1, 9, 2, 1]
(0.20318071909346763, 0.6313904694074526, 0.9295093747480146)
[5, 2, 3, 4, 7, 8, 7, 1, 4, 2, 10, 4, 2, 1, 5, 9, 4, 6, 2, 4, 1, 6, 4, 2, 9, 9, 9, 10, 9, 7, 8, 9, 9, 10, 3, 6, 1, 6, 5, 7, 6, 8, 10, 4, 5, 1, 8, 1, 9, 1, 8, 5, 2, 7, 6, 6, 10, 10, 5, 1, 2, 3]
(0.29773856358811046, 0.630967224585924, 0.9480966339686497)
[6, 2, 3, 4, 5, 9, 8, 4, 3, 4, 8, 4, 3, 1, 5, 9, 4, 2, 2, 8, 1, 8, 8, 2, 6, 4, 5, 8, 8, 7, 2, 5, 4, 6, 6, 7, 10, 3, 7, 10, 9, 8, 10, 6, 5, 9, 8, 10, 9, 4, 8, 7, 2, 5, 6, 1, 3, 8, 1, 9, 2, 3]
(0.7160456181618072, 0.7784311427734841, 0.3899000221180656)
[6, 10, 3, 2, 7, 5, 4, 3, 4, 2, 8, 1, 9, 7, 5, 9, 4, 6, 2, 4, 1, 6, 4, 2, 9, 9, 9, 7, 8, 6, 8, 9, 5, 4, 3, 6, 1, 5, 8, 2, 7, 10, 10, 9, 6, 10, 3, 2, 9, 4, 3, 5, 2, 7, 6, 1, 3, 10, 1, 9, 2, 1]
(0.7184795426210482, 0.630939888819635, 0.5845724284768173)
[6, 2, 3, 4, 7, 5, 10, 1, 4, 2, 2, 4, 2, 8, 5, 5, 4, 5, 6, 8, 1, 5, 4, 8, 10, 9, 4, 7, 3, 2, 8, 9, 9, 7, 7, 2, 3, 7, 10, 7, 6, 10, 10, 4, 6, 1, 4, 2, 9, 4, 7, 4, 2, 8, 3, 6, 9, 10, 1, 9, 2, 1]
(0.3947118193733504, 0.6308390069235497, 0.927482569596516)
[6, 2, 3, 4, 7, 5, 4, 1, 4, 2, 6, 4, 5, 1, 5, 9, 4, 6, 10, 10, 1, 4, 9, 5, 9, 9, 9, 7, 9, 6, 8, 9, 5, 4, 3, 6, 1, 5, 8, 2, 7, 10, 10, 9, 6, 10, 3, 2, 9, 4, 3, 5, 2, 7, 6, 6, 3, 10, 1, 9, 2, 2]
(0.4507917576548363, 0.6310518054395053, 0.9277750985662028)
[3, 2, 3, 4, 7, 8, 7, 1, 4, 2, 6, 3, 2, 9, 5, 9, 4, 2, 3, 1, 1, 8, 8, 6, 9, 5, 5, 7, 9, 2, 8, 9, 9, 5, 1, 8, 1, 8, 8, 6, 9, 8, 10, 10, 6, 1, 8, 1, 9, 4, 8, 5, 2, 7, 6, 6, 10, 10, 1, 9, 3, 3]
(0.6626538747954994, 1.1319460636936076, 0.21978764469888445)
[3, 2, 3, 4, 7, 5, 4, 1, 4, 2, 6, 3, 2, 9, 5, 9, 4, 2, 3, 1, 1, 8, 8, 6, 9, 5, 5, 7, 9, 2, 8, 9, 9, 5, 1, 8, 1, 8, 8, 6, 9, 8, 10, 10, 6, 1, 8, 1, 9, 4, 8, 5, 2, 7, 6, 6, 10, 10, 1, 9, 3, 3]
(0.662657714165595, 1.1319484897889145, 0.21980395515409407)
[6, 7, 3, 4, 7, 8, 7, 1, 4, 2, 2, 4, 7, 1, 5, 9, 4, 3, 6, 8, 1, 5, 4, 2, 10, 9, 9, 7, 10, 1, 8, 9, 10, 5, 3, 7, 1, 10, 5, 10, 9, 10, 10, 4, 3, 10, 3, 2, 9, 7, 9, 4, 2, 1, 1, 6, 3, 10, 7, 5, 5, 1]
(0.7176081296062189, 0.630802426435464, 0.7040523937513289)
[1, 10, 3, 4, 7, 5, 4, 7, 4, 2, 8, 1, 9, 7, 5, 9, 4, 6, 2, 4, 1, 6, 4, 2, 9, 9, 9, 7, 8, 6, 8, 9, 9, 10, 3, 7, 1, 8, 5, 10, 9, 10, 10, 4, 6, 1, 7, 6, 5, 1, 3, 5, 2, 7, 6, 6, 10, 10, 1, 1, 1, 3]
(0.45041858385279737, 0.6300094150938061, 0.9983604181243956)
[1, 10, 3, 4, 5, 5, 4, 1, 4, 2, 2, 6, 5, 1, 5, 9, 4, 6, 2, 4, 1, 6, 4, 2, 9, 9, 9, 9, 9, 7, 8, 9, 6, 10, 3, 7, 1, 8, 9, 10, 9, 10, 10, 4, 6, 7, 7, 6, 3, 1, 3, 5, 2, 7, 6, 6, 10, 10, 1, 1, 1, 3]
(0.9263830681331424, 0.6308251884765891, 0.5634600261940103)
[1, 10, 3, 4, 5, 5, 4, 1, 4, 2, 2, 1, 5, 1, 5, 9, 4, 6, 4, 4, 1, 6, 4, 2, 9, 9, 9, 9, 9, 7, 8, 9, 9, 10, 3, 7, 1, 8, 9, 10, 9, 10, 10, 4, 6, 7, 7, 6, 8, 1, 3, 5, 2, 7, 6, 6, 10, 10, 1, 1, 1, 3]
(0.9263853115919151, 0.6307708136219913, 0.5947265672480923)
[1, 10, 3, 4, 5, 5, 4, 1, 4, 2, 2, 1, 5, 1, 5, 9, 4, 6, 2, 4, 1, 6, 4, 2, 9, 9, 9, 9, 9, 7, 8, 9, 6, 10, 3, 7, 1, 8, 9, 10, 9, 10, 10, 4, 6, 1, 7, 6, 5, 1, 3, 5, 2, 7, 6, 6, 10, 10, 1, 1, 1, 3]
(0.9265401863301324, 0.6306027791255845, 0.6756714339560159)
[1, 10, 3, 2, 7, 5, 4, 7, 4, 2, 6, 1, 5, 7, 5, 9, 4, 6, 2, 4, 1, 5, 4, 8, 9, 9, 9, 9, 9, 7, 8, 9, 9, 10, 3, 7, 1, 8, 10, 10, 9, 10, 10, 4, 6, 7, 7, 6, 3, 1, 3, 5, 2, 7, 6, 6, 10, 10, 1, 1, 1, 3]
(0.926356251108995, 0.6307453801338011, 0.7014281563285141)
[6, 5, 3, 4, 7, 8, 7, 1, 4, 2, 6, 4, 5, 1, 5, 9, 4, 6, 9, 8, 1, 7, 4, 2, 10, 9, 9, 7, 10, 10, 5, 9, 10, 5, 7, 9, 3, 9, 6, 5, 9, 8, 10, 10, 6, 3, 4, 2, 9, 7, 7, 4, 2, 1, 1, 6, 3, 10, 7, 9, 2, 1]
(0.7166059501966188, 0.6311542165672581, 0.9271099896495977)
[6, 2, 3, 4, 7, 8, 7, 1, 4, 2, 6, 4, 5, 1, 5, 9, 4, 6, 9, 8, 1, 7, 4, 2, 10, 9, 9, 7, 10, 10, 5, 9, 10, 5, 7, 9, 3, 9, 6, 5, 9, 8, 10, 10, 6, 3, 4, 2, 9, 7, 7, 4, 2, 1, 1, 6, 3, 10, 7, 9, 2, 1]
(0.7166059501966188, 0.6311542165672581, 0.9271099896495977)
[6, 2, 3, 4, 7, 8, 7, 1, 4, 2, 6, 4, 5, 1, 5, 9, 4, 6, 9, 8, 1, 7, 4, 2, 10, 9, 9, 7, 10, 10, 5, 9, 10, 5, 7, 9, 3, 9, 6, 5, 9, 8, 10, 10, 6, 3, 4, 2, 9, 7, 7, 4, 2, 1, 1, 6, 3, 10, 7, 9, 2, 1]
(0.7166059501966188, 0.6311542165672581, 0.9271099896495977)
[6, 7, 2, 4, 5, 9, 7, 1, 4, 2, 2, 3, 2, 1, 5, 9, 4, 5, 2, 2, 1, 5, 4, 8, 10, 9, 9, 7, 10, 10, 8, 9, 10, 5, 3, 9, 1, 9, 6, 6, 9, 8, 10, 10, 6, 1, 4, 2, 9, 7, 7, 4, 2, 5, 1, 6, 3, 10, 5, 9, 2, 1]
(0.7160277262141473, 0.6309583758831819, 0.9284448993797169)
[6, 7, 2, 4, 5, 9, 7, 1, 4, 2, 2, 3, 2, 1, 5, 9, 4, 5, 2, 2, 1, 5, 4, 8, 10, 9, 9, 7, 10, 10, 8, 9, 10, 5, 3, 9, 1, 9, 6, 6, 9, 8, 10, 10, 6, 1, 4, 2, 9, 7, 5, 4, 2, 1, 1, 6, 3, 10, 5, 9, 2, 1]
(0.7159379996479304, 0.6309091932554179, 0.9286908326967115)
[6, 7, 2, 4, 7, 8, 7, 1, 4, 2, 2, 3, 2, 1, 5, 9, 4, 5, 2, 2, 1, 5, 4, 8, 10, 9, 9, 7, 10, 10, 8, 9, 10, 5, 3, 9, 1, 9, 6, 6, 9, 8, 10, 10, 6, 1, 4, 2, 9, 7, 7, 4, 2, 5, 1, 6, 3, 10, 5, 9, 2, 1]
(0.7162124535234534, 0.6310933582588171, 0.9284266767980953)
[6, 7, 3, 4, 7, 8, 7, 1, 4, 2, 2, 3, 2, 1, 5, 9, 4, 5, 2, 2, 1, 5, 4, 8, 10, 9, 9, 7, 10, 10, 8, 9, 10, 5, 3, 9, 1, 9, 6, 6, 9, 8, 10, 10, 6, 1, 4, 2, 9, 7, 7, 4, 2, 5, 1, 6, 3, 10, 5, 9, 2, 1]
(0.7164382257224513, 0.6311521030858954, 0.928420409914554)
[6, 7, 3, 4, 7, 8, 7, 1, 4, 2, 2, 2, 2, 1, 5, 9, 4, 5, 2, 2, 1, 5, 4, 8, 10, 9, 9, 7, 10, 10, 8, 9, 10, 5, 3, 9, 1, 9, 6, 6, 9, 8, 10, 10, 6, 1, 4, 2, 9, 7, 7, 4, 2, 4, 1, 6, 4, 10, 5, 9, 2, 1]
(0.716594224010071, 0.6311209124719899, 0.9284008655752624)
[6, 2, 3, 4, 4, 8, 7, 1, 4, 2, 6, 4, 5, 1, 5, 9, 4, 6, 5, 8, 1, 7, 4, 2, 10, 9, 9, 7, 10, 10, 5, 9, 10, 5, 7, 9, 3, 9, 6, 5, 9, 8, 10, 10, 6, 3, 4, 2, 9, 7, 7, 4, 2, 1, 1, 6, 3, 10, 7, 9, 2, 1]
(0.7169626300314557, 0.631037369318717, 0.9283200887359516)
[6, 2, 3, 4, 7, 5, 7, 1, 4, 2, 2, 4, 2, 8, 5, 5, 4, 5, 6, 8, 1, 5, 4, 8, 10, 9, 4, 7, 3, 2, 8, 9, 9, 5, 7, 8, 3, 7, 10, 7, 6, 10, 10, 4, 6, 1, 4, 2, 9, 4, 7, 4, 2, 8, 3, 6, 3, 10, 1, 9, 2, 1]
(0.7180848973048989, 0.6307301459730467, 0.9285232152357557)
[6, 2, 3, 1, 5, 5, 7, 1, 4, 2, 2, 4, 3, 4, 5, 9, 4, 3, 9, 8, 1, 7, 2, 2, 10, 9, 9, 7, 10, 1, 8, 9, 10, 5, 3, 7, 1, 10, 5, 10, 9, 10, 10, 4, 8, 10, 3, 2, 9, 7, 9, 3, 2, 1, 1, 6, 3, 10, 7, 9, 5, 1]
(0.7175578116519241, 0.6306802941382726, 1.0177036644910542)
[6, 10, 3, 2, 7, 5, 4, 1, 2, 2, 2, 4, 3, 4, 5, 9, 4, 3, 6, 8, 1, 5, 4, 2, 10, 9, 9, 9, 10, 1, 8, 9, 10, 5, 3, 7, 1, 10, 5, 10, 9, 10, 10, 2, 3, 10, 3, 2, 9, 7, 9, 4, 2, 1, 1, 6, 3, 10, 7, 9, 5, 1]
(0.717550202995604, 0.6307411673478749, 1.017653383478182)
[6, 7, 3, 4, 7, 8, 7, 1, 4, 2, 2, 4, 3, 4, 5, 9, 4, 3, 9, 8, 1, 7, 2, 2, 10, 9, 9, 7, 10, 1, 8, 9, 10, 5, 3, 7, 1, 10, 5, 10, 9, 10, 10, 4, 3, 10, 3, 2, 9, 7, 9, 4, 2, 1, 1, 6, 3, 10, 7, 9, 5, 1]
(0.7175618267823777, 0.6306386798516712, 1.0177732216661441)
[6, 7, 3, 4, 7, 8, 7, 1, 4, 2, 2, 4, 3, 4, 5, 9, 4, 3, 6, 8, 1, 5, 4, 2, 10, 9, 9, 9, 10, 1, 8, 9, 10, 5, 3, 7, 1, 10, 5, 10, 9, 10, 10, 2, 3, 10, 3, 2, 9, 7, 9, 4, 2, 1, 1, 6, 3, 10, 7, 9, 5, 1]
(0.7175814324549932, 0.6307627957624661, 1.0176542636368573)
[6, 7, 3, 4, 7, 8, 7, 1, 4, 2, 2, 4, 7, 1, 5, 9, 4, 3, 6, 8, 1, 5, 4, 2, 10, 9, 9, 7, 10, 1, 8, 9, 10, 5, 3, 7, 1, 10, 5, 10, 9, 10, 10, 4, 3, 10, 3, 2, 9, 7, 9, 4, 2, 1, 1, 6, 3, 10, 7, 9, 5, 1]
(0.7175812514310246, 0.6308183509132068, 1.0176035463160378)
[6, 2, 3, 1, 5, 5, 7, 1, 4, 2, 5, 8, 3, 1, 5, 9, 4, 3, 6, 8, 1, 5, 8, 2, 10, 9, 9, 7, 10, 1, 8, 9, 10, 5, 3, 7, 1, 10, 5, 10, 9, 10, 10, 4, 8, 10, 3, 2, 9, 7, 9, 3, 2, 1, 1, 6, 3, 10, 7, 9, 5, 1]
(0.717616994248734, 0.6307662937065761, 1.017682059453454)
[6, 2, 3, 1, 5, 5, 7, 1, 4, 2, 2, 4, 3, 1, 5, 9, 4, 3, 6, 8, 1, 5, 2, 2, 10, 9, 9, 7, 10, 1, 8, 9, 10, 5, 3, 7, 1, 10, 5, 10, 9, 10, 10, 4, 8, 10, 3, 2, 9, 7, 9, 3, 2, 1, 1, 6, 3, 10, 7, 9, 5, 1]
(0.71757837376197, 0.6307663553808266, 1.017883827826014)
[1, 10, 3, 4, 5, 5, 4, 1, 4, 2, 2, 1, 5, 1, 5, 9, 4, 6, 2, 4, 1, 6, 4, 2, 9, 9, 9, 9, 9, 7, 8, 9, 9, 10, 3, 7, 1, 8, 9, 10, 9, 10, 10, 4, 10, 1, 7, 6, 5, 1, 3, 5, 2, 7, 6, 6, 10, 10, 1, 1, 1, 3]
(0.9263567666808175, 0.6307441110515728, 0.982097926082705)
