[4, 6, 7, 8, 9, 3, 2, 10, 7, 8, 8, 1, 2, 10, 9, 6, 1, 8, 10, 3, 7, 6, 5, 9, 5, 10, 7, 8, 2, 10, 3, 10, 4, 8, 3, 7, 7, 4, 7, 8, 7, 7, 10, 10, 7, 6, 8, 5, 8, 6, 5, 6, 6, 3, 6, 1, 5, 5, 3, 6, 10, 2]
(0.7940508296713159, 0.3270318601510897, 0.9840346286073307, 0.0, 0.963590318523345, 0.7354314911758276)
[7, 1, 7, 1, 2, 4, 9, 3, 3, 4, 7, 2, 5, 4, 6, 10, 7, 7, 10, 9, 6, 3, 8, 9, 2, 9, 2, 1, 2, 6, 7, 7, 4, 9, 3, 10, 7, 4, 5, 8, 10, 8, 7, 5, 7, 8, 8, 4, 1, 10, 1, 10, 6, 3, 6, 4, 6, 3, 1, 4, 8, 1]
(0.0, 0.17875167062296768, 1.0, 1.0, 0.9701653381809568, 0.2640488008013415)
[7, 1, 7, 1, 2, 4, 9, 3, 3, 4, 7, 2, 5, 4, 6, 10, 7, 7, 10, 9, 6, 3, 8, 9, 2, 9, 2, 1, 2, 6, 7, 7, 4, 9, 3, 10, 7, 4, 5, 8, 10, 8, 7, 5, 7, 8, 8, 4, 1, 10, 1, 10, 6, 3, 6, 4, 6, 3, 1, 4, 8, 1]
(0.859110512025649, 0.17875167062296768, 0.9962760681286438, 1.0, 0.9701653381809568, 0.2640488008013415)
[4, 6, 7, 8, 9, 3, 2, 10, 7, 8, 8, 1, 2, 10, 9, 6, 1, 8, 10, 7, 6, 6, 5, 10, 5, 10, 8, 7, 1, 10, 3, 10, 4, 8, 3, 7, 10, 4, 5, 8, 7, 7, 10, 10, 7, 6, 8, 5, 8, 6, 5, 6, 6, 3, 6, 1, 5, 5, 3, 6, 10, 2]
(0.7804010139778185, 0.5149704039997712, 0.984020862542091, 1.0, 0.9635260464623547, 0.0)
[7, 1, 7, 1, 2, 4, 9, 3, 3, 4, 7, 2, 5, 4, 6, 10, 5, 7, 10, 9, 6, 3, 8, 9, 1, 9, 2, 1, 2, 6, 7, 7, 4, 9, 3, 7, 7, 4, 5, 9, 8, 7, 10, 9, 7, 8, 8, 5, 1, 10, 3, 10, 6, 7, 6, 4, 6, 3, 1, 4, 8, 1]
(0.0, 0.5149704039997712, 0.99430420976132, 1.0, 0.7354314911758276, 0.0)
[4, 6, 9, 8, 9, 3, 2, 10, 7, 8, 8, 1, 2, 8, 9, 6, 4, 7, 10, 1, 6, 6, 5, 2, 5, 10, 8, 8, 2, 10, 3, 10, 4, 8, 3, 7, 7, 4, 7, 8, 6, 7, 10, 9, 7, 8, 8, 5, 9, 6, 3, 6, 6, 3, 6, 1, 5, 5, 3, 6, 10, 2]
(0.8353187395259679, 0.0, 0.7870282361283815, 0.5918367346938771, 0.9700078593566991, 0.9376523720075082)
[2, 9, 8, 3, 5, 7, 5, 7, 10, 8, 8, 8, 5, 2, 2, 10, 3, 7, 4, 7, 7, 9, 3, 4, 10, 5, 9, 10, 5, 1, 10, 9, 5, 3, 2, 8, 9, 2, 7, 5, 7, 2, 9, 9, 5, 9, 9, 5, 6, 6, 10, 7, 5, 5, 9, 1, 8, 6, 8, 10, 8, 1]
(0.976437106542287, 0.884512881255549, 0.9620384639129017, 0.3258426966292137, 0.9692168505862332, 0.398650830062361)
[2, 9, 8, 3, 5, 7, 5, 7, 10, 8, 8, 8, 5, 2, 2, 10, 3, 7, 4, 7, 7, 9, 3, 4, 10, 5, 9, 10, 5, 1, 10, 9, 5, 3, 2, 8, 9, 2, 7, 5, 7, 2, 9, 9, 5, 9, 9, 5, 6, 6, 10, 7, 5, 5, 9, 1, 8, 6, 8, 10, 8, 1]
(0.976437106542287, 0.884512881255549, 0.9620384639129017, 0.3258426966292137, 0.9692168505862332, 0.398650830062361)
[2, 9, 8, 3, 5, 7, 5, 7, 10, 8, 8, 8, 5, 2, 2, 10, 3, 7, 4, 7, 7, 9, 3, 4, 10, 5, 9, 10, 5, 1, 10, 9, 5, 3, 2, 8, 9, 2, 7, 5, 7, 2, 9, 9, 5, 9, 9, 5, 6, 6, 10, 7, 5, 5, 9, 1, 8, 6, 8, 10, 8, 1]
(0.976437106542287, 0.884512881255549, 0.0, 0.3258426966292137, 0.9692168505862332, 0.398650830062361)
[2, 9, 8, 3, 5, 7, 5, 7, 10, 8, 8, 8, 5, 2, 2, 10, 3, 7, 4, 7, 7, 9, 3, 4, 10, 5, 9, 10, 5, 1, 10, 9, 5, 3, 2, 8, 9, 2, 7, 5, 7, 2, 9, 9, 5, 9, 9, 5, 6, 6, 10, 7, 5, 5, 9, 1, 8, 6, 8, 10, 8, 1]
(0.976437106542287, 0.884512881255549, 0.9620384639129017, 0.3258426966292137, 0.9692168505862332, 0.398650830062361)
[5, 1, 7, 9, 8, 7, 1, 10, 7, 4, 3, 1, 3, 8, 4, 10, 4, 5, 10, 4, 10, 9, 8, 10, 4, 8, 8, 1, 5, 6, 6, 7, 4, 8, 3, 7, 7, 6, 5, 9, 8, 8, 10, 10, 7, 8, 8, 5, 7, 6, 10, 6, 6, 5, 6, 1, 5, 5, 3, 3, 5, 2]
(0.8895528005436021, 0.884512881255549, 0.9044241754338117, 0.5918367346938771, 0.9253905056044424, 0.23733700215475817)
[5, 1, 7, 9, 8, 7, 1, 10, 7, 4, 3, 1, 3, 8, 4, 10, 4, 5, 10, 4, 10, 9, 8, 10, 4, 8, 8, 1, 5, 6, 6, 7, 4, 8, 3, 7, 7, 6, 5, 9, 8, 8, 10, 10, 7, 8, 8, 5, 7, 6, 10, 6, 6, 5, 6, 1, 5, 5, 3, 3, 5, 2]
(0.8895528005436021, 0.884512881255549, 0.9044241754338117, 0.5918367346938771, 0.9253905056044424, 0.23733700215475817)
[5, 1, 7, 9, 8, 7, 1, 10, 7, 4, 3, 1, 3, 8, 4, 10, 4, 5, 10, 4, 10, 9, 8, 10, 4, 8, 8, 1, 5, 6, 6, 7, 4, 8, 3, 7, 7, 6, 5, 9, 8, 8, 10, 10, 7, 8, 8, 5, 7, 6, 10, 6, 6, 5, 6, 1, 5, 5, 3, 3, 5, 2]
(0.0, 0.884512881255549, 0.9044241754338117, 0.5918367346938771, 0.9253905056044424, 0.23733700215475817)
[5, 1, 7, 9, 8, 7, 1, 10, 7, 4, 3, 1, 3, 8, 4, 10, 4, 5, 10, 4, 10, 9, 8, 10, 4, 8, 8, 1, 5, 6, 6, 7, 4, 8, 3, 7, 7, 6, 5, 9, 8, 8, 10, 10, 7, 8, 8, 5, 7, 6, 10, 6, 6, 5, 6, 1, 5, 5, 3, 3, 5, 2]
(0.8895528005436021, 0.884512881255549, 0.9044241754338117, 0.5918367346938771, 0.9253905056044424, 0.23733700215475817)
[4, 6, 7, 9, 9, 3, 2, 10, 7, 8, 8, 1, 2, 8, 9, 6, 4, 7, 10, 1, 6, 6, 5, 9, 5, 10, 7, 8, 2, 10, 3, 10, 4, 8, 3, 7, 7, 4, 7, 8, 6, 7, 10, 9, 7, 8, 8, 5, 9, 6, 5, 6, 6, 3, 6, 1, 5, 5, 3, 6, 10, 2]
(0.7665326235815811, 0.3270318601510897, 0.9732792494818546, 0.5918367346938771, 0.9615390462800838, 0.8094754030927964)
[4, 6, 7, 9, 9, 3, 2, 10, 7, 8, 8, 1, 2, 8, 9, 6, 4, 7, 10, 1, 6, 6, 5, 9, 5, 10, 7, 8, 2, 10, 3, 10, 4, 8, 3, 7, 7, 4, 7, 8, 6, 7, 10, 9, 7, 8, 8, 5, 9, 6, 5, 6, 6, 3, 6, 1, 5, 5, 3, 6, 10, 2]
(0.7665326235815811, 0.3270318601510897, 0.9732792494818546, 0.5918367346938771, 0.9615390462800838, 0.8094754030927964)
[4, 6, 7, 9, 9, 3, 2, 10, 7, 8, 8, 1, 2, 8, 9, 6, 4, 7, 10, 1, 6, 6, 5, 9, 5, 10, 7, 8, 2, 10, 3, 10, 4, 8, 3, 7, 7, 4, 7, 8, 6, 7, 10, 9, 7, 8, 8, 5, 9, 6, 5, 6, 6, 3, 6, 1, 5, 5, 3, 6, 10, 2]
(0.7665326235815811, 0.3270318601510897, 0.9732792494818546, 0.5918367346938771, 0.9376523720075082, 0.8094754030927964)
[4, 6, 7, 9, 9, 3, 2, 10, 7, 8, 8, 1, 2, 8, 9, 6, 4, 7, 10, 1, 6, 6, 5, 9, 5, 10, 7, 8, 2, 10, 3, 10, 4, 8, 3, 7, 7, 4, 7, 8, 6, 7, 10, 9, 7, 8, 8, 5, 9, 6, 5, 6, 6, 3, 6, 1, 5, 5, 3, 6, 10, 2]
(0.7665326235815811, 0.3270318601510897, 0.9732792494818546, 0.5918367346938771, 0.9615390462800838, 0.8094754030927964)
[4, 6, 7, 9, 9, 3, 2, 10, 7, 8, 8, 1, 2, 8, 9, 6, 4, 7, 10, 1, 6, 6, 5, 9, 5, 10, 7, 8, 2, 10, 3, 10, 4, 8, 3, 7, 7, 4, 7, 8, 6, 7, 10, 9, 7, 8, 8, 5, 9, 6, 5, 6, 6, 3, 6, 1, 5, 5, 3, 6, 10, 2]
(0.7665326235815811, 0.3270318601510897, 0.9732792494818546, 0.5918367346938771, 0.9615390462800838, 0.8094754030927964)
[7, 1, 7, 1, 2, 4, 9, 3, 3, 4, 7, 2, 5, 4, 6, 10, 5, 7, 10, 9, 6, 3, 8, 9, 2, 9, 2, 1, 2, 6, 7, 7, 4, 9, 3, 10, 7, 4, 5, 9, 10, 8, 7, 5, 7, 3, 8, 7, 1, 10, 1, 10, 6, 7, 6, 4, 6, 3, 1, 4, 8, 1]
(0.5149704039997712, 0.5149704039997712, 0.9995230698958022, 1.0, 0.9714023446664191, 0.2640488008013415)
[7, 1, 7, 1, 2, 4, 9, 3, 3, 4, 7, 2, 5, 4, 6, 10, 7, 7, 10, 9, 6, 3, 8, 9, 2, 9, 2, 1, 2, 6, 7, 7, 4, 9, 3, 10, 7, 4, 5, 8, 10, 8, 7, 5, 7, 8, 8, 4, 1, 10, 1, 10, 6, 3, 6, 4, 6, 3, 1, 4, 8, 1]
(0.859110512025649, 0.5149704039997712, 1.0, 1.0, 0.9701653381809568, 0.2640488008013415)
[7, 1, 7, 1, 2, 4, 9, 3, 3, 4, 7, 2, 5, 4, 6, 10, 5, 7, 10, 9, 6, 3, 8, 9, 2, 9, 2, 1, 2, 6, 7, 7, 4, 9, 3, 10, 7, 4, 5, 9, 10, 8, 7, 5, 7, 3, 8, 7, 1, 10, 1, 10, 6, 7, 6, 4, 6, 3, 1, 4, 8, 1]
(0.8537745689973182, 0.5149704039997712, 0.9995230698958022, 1.0, 0.9714023446664191, 0.2640488008013415)
[7, 1, 7, 1, 2, 4, 9, 3, 3, 4, 7, 2, 5, 4, 6, 10, 5, 7, 10, 9, 6, 3, 8, 9, 2, 9, 2, 1, 2, 6, 7, 7, 4, 9, 3, 10, 7, 4, 5, 9, 10, 8, 7, 5, 7, 3, 8, 7, 1, 10, 1, 10, 6, 7, 6, 4, 6, 3, 1, 4, 8, 1]
(0.8537745689973182, 0.5149704039997712, 0.9995230698958022, 1.0, 0.9714023446664191, 0.2640488008013415)
[7, 1, 7, 1, 2, 4, 9, 3, 3, 4, 7, 2, 5, 4, 6, 10, 7, 7, 10, 9, 6, 3, 8, 9, 2, 9, 2, 1, 2, 6, 7, 7, 4, 9, 3, 10, 7, 4, 5, 8, 10, 8, 7, 5, 7, 8, 8, 4, 1, 10, 1, 10, 6, 3, 6, 4, 6, 3, 1, 4, 8, 1]
(0.859110512025649, 0.5149704039997712, 1.0, 1.0, 0.0, 0.2640488008013415)
[7, 1, 7, 1, 2, 4, 9, 3, 3, 4, 7, 2, 5, 4, 6, 10, 7, 7, 10, 9, 6, 3, 8, 9, 2, 9, 2, 1, 2, 6, 7, 7, 4, 9, 3, 10, 7, 4, 5, 8, 10, 8, 7, 5, 7, 8, 8, 4, 1, 10, 1, 10, 6, 3, 6, 4, 6, 3, 1, 4, 8, 1]
(0.859110512025649, 0.5149704039997712, 1.0, 1.0, 0.9701653381809568, 0.2640488008013415)
[7, 1, 7, 1, 2, 4, 9, 3, 3, 4, 7, 2, 5, 4, 6, 10, 5, 7, 10, 9, 6, 3, 8, 9, 2, 9, 2, 1, 2, 6, 7, 7, 4, 9, 3, 10, 7, 4, 5, 9, 10, 8, 7, 5, 7, 3, 8, 7, 1, 10, 1, 10, 6, 7, 6, 4, 6, 3, 1, 4, 8, 1]
(0.5149704039997712, 0.5149704039997712, 0.9995230698958022, 1.0, 0.9714023446664191, 0.2640488008013415)
[3, 8, 9, 6, 4, 7, 5, 8, 4, 7, 6, 8, 5, 2, 1, 7, 8, 6, 2, 7, 5, 5, 3, 1, 10, 8, 10, 8, 5, 6, 6, 8, 4, 8, 3, 7, 7, 5, 5, 9, 8, 8, 10, 9, 5, 6, 8, 5, 8, 10, 4, 10, 5, 1, 2, 1, 2, 5, 6, 7, 10, 2]
(0.9598377900198076, 0.884512881255549, 0.9567002484574889, 0.9487020829692455, 0.7354314911758276, 0.0)
[3, 8, 9, 6, 4, 7, 5, 8, 3, 7, 2, 5, 5, 2, 1, 7, 3, 6, 2, 7, 5, 5, 3, 4, 10, 8, 9, 4, 1, 2, 6, 7, 4, 8, 3, 7, 8, 2, 5, 9, 8, 8, 10, 9, 5, 6, 9, 5, 8, 10, 4, 10, 5, 1, 2, 1, 2, 5, 6, 7, 10, 2]
(0.9598813517019128, 0.884512881255549, 0.0, 0.9562892356887435, 0.7354314911758276, 0.0)
[3, 8, 9, 2, 9, 7, 5, 8, 4, 7, 6, 8, 5, 10, 1, 7, 8, 6, 2, 7, 5, 5, 3, 1, 10, 8, 10, 8, 5, 6, 7, 2, 4, 9, 3, 7, 7, 4, 5, 9, 8, 8, 10, 9, 5, 6, 8, 5, 8, 10, 4, 5, 6, 2, 2, 1, 2, 5, 6, 7, 10, 2]
(0.9643072316423035, 0.884512881255549, 0.5918367346938787, 0.9563004294410321, 0.7354314911758276, 0.0)
[5, 6, 7, 9, 8, 7, 1, 10, 7, 4, 8, 1, 3, 8, 4, 10, 4, 5, 10, 4, 10, 9, 8, 10, 4, 8, 8, 1, 5, 6, 6, 7, 4, 8, 3, 7, 2, 6, 5, 9, 8, 8, 10, 10, 7, 8, 8, 5, 7, 6, 10, 6, 6, 5, 6, 1, 5, 5, 3, 3, 5, 2]
(0.8866646213456945, 0.884512881255549, 0.9773960078135111, 0.9589206898584935, 0.7622297620400703, 0.0)
[4, 6, 7, 8, 9, 3, 2, 10, 7, 8, 8, 1, 2, 8, 9, 6, 4, 7, 10, 1, 6, 6, 5, 9, 5, 10, 8, 8, 2, 10, 3, 10, 4, 8, 3, 7, 7, 4, 7, 8, 6, 7, 10, 9, 7, 8, 8, 5, 9, 6, 3, 6, 6, 3, 6, 1, 5, 5, 3, 6, 10, 2]
(0.0, 0.3179801994251449, 0.9614621317014073, 0.5918367346938771, 0.9609696144238091, 0.9376523720075082)
[4, 6, 7, 8, 9, 3, 2, 10, 7, 8, 8, 1, 2, 8, 9, 6, 4, 7, 10, 1, 6, 6, 5, 9, 5, 10, 8, 8, 2, 10, 3, 10, 4, 8, 3, 7, 7, 4, 7, 8, 6, 7, 10, 9, 7, 8, 8, 5, 9, 6, 3, 6, 6, 3, 6, 1, 5, 5, 3, 6, 10, 2]
(0.7698178945109176, 0.3179801994251449, 0.9614621317014073, 0.5918367346938771, 0.9609696144238091, 0.9376523720075082)
[4, 6, 7, 8, 9, 3, 2, 10, 7, 8, 8, 1, 2, 8, 9, 6, 4, 7, 10, 1, 6, 6, 5, 9, 5, 10, 8, 8, 2, 10, 3, 10, 4, 8, 3, 7, 7, 4, 7, 8, 6, 7, 10, 9, 7, 8, 8, 5, 9, 6, 3, 6, 6, 3, 6, 1, 5, 5, 3, 6, 10, 2]
(0.7698178945109176, 0.3179801994251449, 0.5918367346938771, 0.5918367346938771, 0.9609696144238091, 0.9376523720075082)
[4, 6, 7, 8, 9, 3, 2, 10, 7, 8, 8, 1, 2, 8, 9, 6, 4, 7, 10, 1, 6, 6, 5, 9, 5, 10, 8, 8, 2, 10, 3, 10, 4, 8, 3, 7, 7, 4, 7, 8, 6, 7, 10, 9, 7, 8, 8, 5, 9, 6, 3, 6, 6, 3, 6, 1, 5, 5, 3, 6, 10, 2]
(0.7698178945109176, 0.3179801994251449, 0.9614621317014073, 0.5918367346938771, 0.9609696144238091, 0.9376523720075082)
[4, 6, 9, 8, 9, 3, 2, 10, 7, 10, 8, 1, 2, 8, 9, 6, 4, 7, 10, 1, 4, 6, 5, 2, 5, 5, 8, 8, 2, 10, 3, 10, 4, 8, 3, 7, 7, 5, 7, 8, 6, 7, 10, 9, 7, 6, 8, 5, 8, 6, 5, 6, 6, 3, 6, 1, 5, 5, 3, 6, 10, 2]
(0.5393022706732095, 0.5149704039997712, 0.9540208684280488, 0.4202898550724633, 0.9686649134382582, 0.9376523720075082)
[4, 6, 7, 8, 9, 3, 2, 10, 7, 8, 8, 1, 2, 10, 9, 6, 1, 8, 10, 7, 6, 6, 5, 10, 5, 10, 8, 7, 1, 10, 3, 10, 4, 8, 3, 7, 10, 4, 5, 8, 7, 7, 10, 10, 7, 6, 8, 5, 8, 6, 5, 6, 6, 3, 6, 1, 5, 5, 3, 6, 10, 2]
(0.5149704039997712, 0.0, 0.984020862542091, 1.0, 0.9635260464623547, 0.9376523720075082)
[2, 6, 7, 6, 4, 7, 5, 5, 10, 5, 2, 8, 5, 2, 1, 10, 3, 6, 2, 7, 8, 5, 3, 4, 10, 5, 9, 10, 5, 4, 10, 9, 1, 3, 2, 3, 8, 2, 7, 5, 7, 2, 8, 7, 5, 8, 9, 1, 6, 6, 10, 7, 5, 4, 9, 1, 8, 6, 8, 10, 10, 1]
(0.9704893706366396, 0.884512881255549, 0.9443133482709498, 0.5918367346938787, 0.9652581917121983, 0.48025628953347893)
[2, 6, 7, 6, 4, 7, 5, 5, 10, 5, 2, 8, 5, 2, 1, 10, 3, 6, 2, 7, 8, 5, 3, 4, 10, 5, 9, 10, 5, 4, 10, 9, 1, 3, 2, 3, 8, 2, 7, 5, 7, 2, 8, 7, 5, 8, 9, 1, 6, 6, 10, 7, 5, 4, 9, 1, 8, 6, 8, 10, 10, 1]
(0.9704893706366396, 0.884512881255549, 0.0, 0.5918367346938787, 0.9652581917121983, 0.48025628953347893)
[2, 6, 7, 6, 4, 7, 5, 5, 10, 5, 2, 8, 5, 2, 1, 10, 3, 6, 2, 7, 8, 5, 3, 4, 10, 5, 9, 10, 5, 4, 10, 9, 1, 3, 2, 3, 8, 2, 7, 5, 7, 2, 8, 7, 5, 8, 9, 1, 6, 6, 10, 7, 5, 4, 9, 1, 8, 6, 8, 10, 10, 1]
(0.9704893706366396, 0.884512881255549, 0.9443133482709498, 0.5918367346938787, 0.9652581917121983, 0.48025628953347893)
[2, 6, 7, 6, 4, 7, 5, 5, 10, 5, 2, 8, 5, 2, 1, 10, 3, 6, 2, 7, 8, 5, 3, 4, 10, 5, 9, 10, 5, 4, 10, 9, 1, 3, 2, 3, 8, 2, 7, 5, 7, 2, 8, 7, 5, 8, 9, 1, 6, 6, 10, 7, 5, 4, 9, 1, 8, 6, 8, 10, 10, 1]
(0.9704893706366396, 0.884512881255549, 0.9443133482709498, 0.5918367346938787, 0.9652581917121983, 0.48025628953347893)
[2, 6, 7, 6, 4, 7, 5, 5, 10, 5, 2, 8, 5, 2, 1, 10, 3, 6, 2, 7, 8, 5, 3, 4, 10, 5, 9, 10, 5, 4, 10, 9, 1, 3, 2, 3, 8, 2, 7, 5, 7, 2, 8, 7, 5, 8, 9, 1, 6, 6, 10, 7, 5, 4, 9, 1, 8, 6, 8, 10, 10, 1]
(0.0, 0.884512881255549, 0.9443133482709498, 0.5918367346938787, 0.9652581917121983, 0.48025628953347893)
[7, 1, 7, 1, 2, 4, 9, 3, 3, 4, 7, 2, 5, 4, 6, 10, 5, 7, 10, 9, 6, 3, 8, 3, 2, 9, 2, 6, 2, 6, 7, 7, 4, 9, 3, 7, 7, 4, 7, 8, 6, 7, 10, 9, 7, 8, 5, 4, 1, 10, 1, 10, 6, 8, 6, 4, 6, 3, 3, 4, 8, 1]
(0.9596774866804456, 0.2232937130896313, 0.9981138957664354, 1.0, 0.9817069368436913, 0.7354314911758276)
[3, 8, 9, 6, 4, 7, 5, 8, 4, 7, 6, 8, 5, 2, 1, 7, 8, 6, 2, 7, 5, 5, 3, 1, 10, 8, 10, 8, 5, 6, 6, 8, 4, 8, 3, 7, 7, 5, 5, 9, 8, 8, 10, 9, 5, 6, 8, 5, 8, 10, 4, 10, 5, 1, 2, 1, 2, 5, 6, 7, 10, 2]
(0.9598377900198076, 0.884512881255549, 0.9622968433424806, 0.5918367346938771, 0.5006563419476131, 0.7354314911758276)
[3, 8, 9, 6, 4, 7, 5, 8, 4, 7, 6, 8, 5, 2, 1, 7, 8, 6, 2, 7, 5, 5, 3, 1, 10, 8, 10, 8, 5, 6, 6, 8, 4, 8, 3, 7, 7, 5, 5, 9, 8, 8, 10, 9, 5, 6, 8, 5, 8, 10, 4, 10, 5, 1, 2, 1, 2, 5, 6, 7, 10, 2]
(0.9598377900198076, 0.884512881255549, 0.9567002484574889, 0.5918367346938771, 0.5006563419476131, 0.7354314911758276)
[3, 8, 9, 6, 4, 7, 5, 8, 4, 7, 6, 8, 5, 2, 1, 7, 8, 6, 2, 7, 5, 5, 3, 1, 10, 8, 10, 8, 5, 6, 6, 8, 4, 8, 3, 7, 7, 5, 5, 9, 8, 8, 10, 9, 5, 6, 8, 5, 8, 10, 4, 10, 5, 1, 2, 1, 2, 5, 6, 7, 10, 2]
(0.9598377900198076, 0.884512881255549, 0.9567002484574889, 0.5918367346938787, 0.7354314911758276, 0.7354314911758276)
[3, 8, 5, 6, 4, 7, 5, 8, 9, 7, 2, 5, 5, 2, 1, 7, 3, 2, 2, 7, 8, 5, 3, 4, 10, 8, 8, 1, 5, 6, 6, 7, 4, 8, 8, 6, 8, 10, 3, 6, 10, 9, 9, 9, 5, 8, 8, 5, 8, 10, 4, 10, 5, 1, 2, 1, 2, 5, 6, 7, 10, 2]
(0.9585974724963282, 0.884512881255549, 0.9613921979442214, 0.5918367346938787, 0.8290176311507772, 0.7354314911758276)
[3, 8, 5, 6, 4, 7, 5, 8, 9, 7, 2, 5, 5, 2, 1, 7, 3, 2, 2, 7, 8, 5, 3, 4, 10, 8, 8, 1, 5, 6, 6, 7, 4, 8, 8, 6, 8, 10, 3, 6, 10, 9, 9, 9, 5, 8, 8, 5, 8, 10, 4, 10, 5, 1, 2, 1, 2, 5, 6, 7, 10, 2]
(0.9585974724963282, 0.884512881255549, 0.9613921979442214, 0.5918367346938787, 0.8290176311507772, 0.7354314911758276)
[7, 1, 7, 1, 2, 4, 9, 3, 3, 4, 7, 2, 5, 4, 6, 10, 5, 7, 10, 9, 6, 3, 8, 9, 1, 9, 2, 1, 2, 6, 7, 7, 4, 9, 3, 7, 7, 4, 5, 9, 8, 7, 10, 9, 7, 8, 8, 5, 1, 10, 3, 10, 6, 7, 6, 4, 6, 3, 1, 4, 8, 1]
(0.8583915574476071, 0.5149704039997712, 0.99430420976132, 0.9971472559496743, 0.7354314911758276, 0.7354314911758276)
[7, 1, 7, 1, 2, 4, 9, 3, 3, 4, 7, 2, 5, 4, 6, 10, 5, 7, 10, 9, 6, 3, 8, 9, 1, 9, 2, 1, 2, 6, 7, 7, 4, 9, 3, 7, 7, 4, 5, 9, 8, 7, 10, 9, 7, 8, 8, 5, 1, 10, 3, 10, 6, 7, 6, 4, 6, 3, 1, 4, 8, 1]
(0.5149704039997712, 0.5149704039997712, 0.99430420976132, 1.0, 0.960883842967448, 0.7354314911758276)
[7, 1, 7, 1, 2, 4, 9, 3, 3, 4, 7, 2, 5, 4, 6, 10, 5, 7, 10, 9, 6, 3, 8, 9, 1, 9, 2, 1, 2, 6, 7, 7, 4, 9, 3, 7, 7, 4, 5, 9, 8, 7, 10, 9, 7, 8, 8, 5, 1, 10, 3, 10, 6, 7, 6, 4, 6, 3, 1, 4, 8, 1]
(0.8583915574476071, 0.5149704039997712, 0.99430420976132, 1.0, 0.0, 0.7354314911758276)
[7, 1, 7, 1, 2, 4, 9, 3, 3, 4, 7, 2, 5, 4, 6, 10, 5, 7, 10, 9, 6, 3, 8, 9, 1, 9, 2, 1, 2, 6, 7, 7, 4, 9, 3, 7, 7, 4, 5, 9, 8, 7, 10, 9, 7, 8, 8, 5, 1, 10, 3, 10, 6, 7, 6, 4, 6, 3, 1, 4, 8, 1]
(0.8583915574476071, 0.5149704039997712, 0.99430420976132, 1.0, 0.960883842967448, 0.7354314911758276)
[4, 6, 7, 6, 4, 1, 5, 10, 7, 4, 2, 1, 5, 8, 1, 7, 3, 6, 2, 7, 5, 5, 3, 4, 10, 8, 9, 10, 1, 2, 6, 9, 2, 10, 10, 6, 2, 3, 5, 9, 8, 4, 10, 9, 7, 6, 9, 5, 8, 10, 5, 10, 5, 1, 2, 1, 3, 5, 6, 7, 10, 2]
(0.9678853260353184, 0.884512881255549, 0.7942250972613637, 0.5918367346938771, 0.7354314911758276, 0.8006257960572757)
[4, 6, 7, 6, 4, 1, 5, 10, 7, 4, 2, 1, 5, 8, 1, 7, 3, 6, 2, 7, 5, 5, 3, 4, 10, 8, 9, 10, 1, 2, 6, 9, 2, 10, 10, 6, 2, 3, 5, 9, 8, 4, 10, 9, 7, 6, 9, 5, 8, 10, 5, 10, 5, 1, 2, 1, 3, 5, 6, 7, 10, 2]
(0.9678853260353184, 0.884512881255549, 0.7942250972613637, 0.5918367346938771, 0.7354314911758276, 0.8006257960572757)
[4, 6, 7, 6, 4, 1, 5, 10, 7, 4, 2, 1, 5, 8, 1, 7, 3, 6, 2, 7, 5, 5, 3, 4, 10, 8, 9, 10, 1, 2, 6, 9, 2, 10, 10, 6, 2, 3, 5, 9, 8, 4, 10, 9, 7, 6, 9, 5, 8, 10, 5, 10, 5, 1, 2, 1, 3, 5, 6, 7, 10, 2]
(0.9678853260353184, 0.884512881255549, 0.7942250972613637, 0.5918367346938771, 0.7354314911758276, 0.8006257960572757)
[4, 6, 7, 6, 4, 1, 5, 10, 7, 4, 2, 1, 5, 8, 1, 7, 3, 6, 2, 7, 5, 5, 3, 4, 10, 8, 9, 10, 1, 2, 6, 9, 2, 10, 10, 6, 2, 3, 5, 9, 8, 4, 10, 9, 7, 6, 9, 5, 8, 10, 5, 10, 5, 1, 2, 1, 3, 5, 6, 7, 10, 2]
(0.884512881255549, 0.884512881255549, 0.7942250972613637, 0.5918367346938771, 0.7354314911758276, 0.8006257960572757)
[4, 6, 7, 6, 4, 1, 5, 10, 7, 4, 2, 1, 5, 8, 1, 7, 3, 6, 2, 7, 5, 5, 3, 4, 10, 8, 9, 10, 1, 2, 6, 9, 2, 10, 10, 6, 2, 3, 5, 9, 8, 4, 10, 9, 7, 6, 9, 5, 8, 10, 5, 10, 5, 1, 2, 1, 3, 5, 6, 7, 10, 2]
(0.9678853260353184, 0.884512881255549, 0.7942250972613637, 0.5918367346938771, 0.7354314911758276, 0.8006257960572757)
[2, 9, 8, 3, 5, 7, 5, 7, 10, 8, 8, 8, 5, 2, 2, 10, 3, 7, 4, 7, 7, 9, 3, 4, 10, 3, 9, 10, 5, 4, 8, 5, 2, 3, 2, 8, 9, 2, 7, 5, 7, 2, 9, 9, 5, 9, 9, 5, 6, 6, 10, 7, 5, 5, 9, 1, 8, 6, 8, 10, 8, 1]
(0.9772500270977594, 0.884512881255549, 0.9698401061817982, 1.0, 0.9695805860683299, 0.398650830062361)
[2, 9, 8, 3, 5, 7, 5, 7, 10, 8, 8, 8, 5, 2, 2, 10, 3, 7, 4, 7, 7, 9, 3, 4, 10, 3, 9, 10, 5, 4, 8, 5, 2, 3, 2, 8, 9, 2, 7, 5, 7, 2, 9, 9, 5, 9, 9, 5, 6, 6, 10, 7, 5, 5, 9, 1, 8, 6, 8, 10, 8, 1]
(0.9772500270977594, 0.884512881255549, 0.9698401061817982, 1.0, 0.9695805860683299, 0.398650830062361)
[2, 9, 8, 3, 5, 7, 5, 7, 10, 8, 8, 8, 5, 2, 2, 10, 3, 7, 4, 7, 7, 9, 3, 4, 10, 3, 9, 10, 5, 4, 8, 5, 2, 3, 2, 8, 9, 2, 7, 5, 7, 2, 9, 9, 5, 9, 9, 5, 6, 6, 10, 7, 5, 5, 9, 1, 8, 6, 8, 10, 8, 1]
(0.9772500270977594, 0.884512881255549, 0.9698401061817982, 1.0, 0.9695805860683299, 0.398650830062361)
[2, 9, 8, 3, 5, 7, 5, 7, 10, 8, 8, 8, 5, 2, 2, 10, 3, 7, 4, 7, 7, 9, 3, 4, 10, 3, 9, 10, 5, 4, 8, 5, 2, 3, 2, 8, 9, 2, 7, 5, 7, 2, 9, 9, 5, 9, 9, 5, 6, 6, 10, 7, 5, 5, 9, 1, 8, 6, 8, 10, 8, 1]
(0.9772500270977594, 0.884512881255549, 0.9698401061817982, 1.0, 0.9695805860683299, 0.398650830062361)
[3, 8, 5, 6, 4, 7, 5, 8, 3, 7, 2, 5, 5, 2, 1, 7, 3, 2, 2, 7, 8, 5, 3, 4, 10, 8, 9, 4, 1, 2, 6, 9, 1, 2, 8, 6, 8, 10, 3, 6, 10, 9, 9, 9, 5, 8, 8, 5, 8, 10, 4, 10, 5, 1, 2, 1, 2, 5, 6, 7, 10, 2]
(0.9580506039783333, 0.884512881255549, 0.9592657914385174, 0.5918367346938802, 0.9439646659418913, 0.9376523720075082)
[3, 8, 5, 6, 4, 7, 5, 8, 3, 7, 2, 5, 5, 2, 1, 7, 3, 2, 2, 7, 8, 5, 3, 4, 10, 8, 9, 4, 1, 2, 6, 9, 1, 2, 8, 6, 8, 10, 3, 6, 10, 9, 9, 9, 5, 8, 8, 5, 8, 10, 4, 10, 5, 1, 2, 1, 2, 5, 6, 7, 10, 2]
(0.9580506039783333, 0.884512881255549, 0.9592657914385174, 0.5918367346938802, 0.9439646659418913, 0.9376523720075082)
[3, 8, 5, 6, 4, 7, 5, 8, 3, 7, 2, 5, 5, 2, 1, 7, 3, 2, 2, 7, 8, 5, 3, 4, 10, 8, 9, 4, 1, 2, 6, 9, 1, 2, 8, 6, 8, 10, 3, 6, 10, 9, 9, 9, 5, 8, 8, 5, 8, 10, 4, 10, 5, 1, 2, 1, 2, 5, 6, 7, 10, 2]
(0.9580506039783333, 0.884512881255549, 0.9592657914385174, 0.5918367346938802, 0.9439646659418913, 0.9376523720075082)
[3, 8, 5, 6, 4, 7, 5, 8, 3, 7, 2, 5, 5, 2, 1, 7, 3, 2, 2, 7, 8, 5, 3, 4, 10, 8, 9, 4, 1, 2, 6, 9, 1, 2, 8, 6, 8, 10, 3, 6, 10, 9, 9, 9, 5, 8, 8, 5, 8, 10, 4, 10, 5, 1, 2, 1, 2, 5, 6, 7, 10, 2]
(0.9580506039783333, 0.884512881255549, 0.5918367346938802, 0.5918367346938802, 0.9439646659418913, 0.9376523720075082)
[3, 8, 9, 6, 4, 7, 5, 8, 3, 7, 2, 5, 5, 2, 1, 7, 3, 6, 2, 7, 5, 5, 3, 4, 10, 8, 9, 4, 1, 2, 6, 7, 4, 8, 3, 7, 8, 2, 5, 9, 8, 8, 10, 9, 5, 6, 9, 5, 8, 10, 4, 10, 5, 1, 2, 1, 2, 5, 6, 7, 10, 2]
(0.9598813517019128, 0.884512881255549, 0.9645625879988051, 0.9562892356887435, 0.7354314911758276, 0.6102621717378426)
[3, 8, 9, 6, 4, 7, 5, 8, 3, 7, 2, 5, 5, 2, 1, 7, 3, 6, 2, 7, 5, 5, 3, 4, 10, 8, 9, 4, 1, 2, 6, 7, 4, 8, 3, 7, 8, 2, 5, 9, 8, 8, 10, 9, 5, 6, 9, 5, 8, 10, 4, 10, 5, 1, 2, 1, 2, 5, 6, 7, 10, 2]
(0.9598813517019128, 0.884512881255549, 0.9645625879988051, 0.9562892356887435, 0.7354314911758276, 0.6102621717378426)
[3, 8, 9, 6, 4, 7, 5, 8, 3, 7, 2, 5, 5, 2, 1, 7, 3, 6, 2, 7, 5, 5, 3, 4, 10, 8, 9, 4, 1, 2, 6, 7, 4, 8, 3, 7, 8, 2, 5, 9, 8, 8, 10, 9, 5, 6, 9, 5, 8, 10, 4, 10, 5, 1, 2, 1, 2, 5, 6, 7, 10, 2]
(0.9598813517019128, 0.884512881255549, 0.9645625879988051, 0.9562892356887435, 0.7354314911758276, 0.6102621717378426)
[4, 6, 7, 6, 9, 3, 1, 10, 7, 8, 8, 1, 2, 5, 9, 6, 1, 8, 10, 7, 6, 6, 5, 10, 5, 10, 8, 7, 2, 10, 3, 10, 4, 1, 3, 7, 10, 4, 5, 8, 8, 7, 10, 10, 7, 8, 8, 5, 9, 6, 5, 6, 6, 3, 6, 1, 5, 5, 3, 6, 10, 2]
(0.741211160458617, 0.5149704039997712, 0.9832829477265457, 1.0, 0.888356984965498, 0.9376523720075082)
[4, 6, 7, 8, 9, 3, 2, 10, 7, 8, 8, 1, 2, 10, 9, 6, 1, 8, 10, 7, 6, 6, 5, 10, 5, 10, 8, 7, 1, 10, 3, 10, 4, 8, 3, 7, 10, 4, 5, 8, 7, 7, 10, 10, 7, 6, 8, 5, 8, 6, 5, 6, 6, 3, 6, 1, 5, 5, 3, 6, 10, 2]
(0.7804010139778185, 0.5149704039997712, 0.984020862542091, 1.0, 0.9635260464623547, 0.9376523720075082)
[4, 6, 7, 8, 9, 3, 2, 10, 7, 8, 8, 1, 2, 10, 9, 6, 1, 8, 10, 7, 6, 6, 5, 10, 5, 10, 8, 7, 1, 10, 3, 10, 4, 8, 3, 7, 10, 4, 5, 8, 7, 7, 10, 10, 7, 6, 8, 5, 8, 6, 5, 6, 6, 3, 6, 1, 5, 5, 3, 6, 10, 2]
(0.7804010139778185, 0.5149704039997712, 0.984020862542091, 1.0, 0.9635260464623547, 0.9376523720075082)
[4, 6, 7, 8, 9, 3, 2, 10, 7, 8, 8, 1, 2, 10, 9, 6, 1, 8, 10, 7, 6, 6, 5, 10, 5, 10, 8, 7, 1, 10, 3, 10, 4, 8, 3, 7, 10, 4, 5, 8, 7, 7, 10, 10, 7, 6, 8, 5, 8, 6, 5, 6, 6, 3, 6, 1, 5, 5, 3, 6, 10, 2]
(0.7804010139778185, 0.5149704039997712, 0.984020862542091, 1.0, 0.9635260464623547, 0.9376523720075082)
[4, 6, 7, 6, 9, 3, 1, 10, 7, 8, 8, 1, 2, 5, 9, 6, 1, 8, 10, 7, 6, 6, 5, 10, 5, 10, 8, 7, 2, 10, 3, 10, 4, 1, 3, 7, 10, 4, 5, 8, 8, 7, 10, 10, 7, 8, 8, 5, 9, 6, 5, 6, 6, 3, 6, 1, 5, 5, 3, 6, 10, 2]
(0.741211160458617, 0.5149704039997712, 0.9832829477265457, 1.0, 0.888356984965498, 0.9376523720075082)
[4, 6, 7, 6, 9, 3, 1, 10, 7, 8, 8, 1, 2, 5, 9, 6, 1, 8, 10, 7, 6, 6, 5, 10, 5, 10, 8, 7, 2, 10, 3, 10, 4, 1, 3, 7, 10, 4, 5, 8, 8, 7, 10, 10, 7, 8, 8, 5, 9, 6, 5, 6, 6, 3, 6, 1, 5, 5, 3, 6, 10, 2]
(0.741211160458617, 0.5149704039997712, 0.9832829477265457, 1.0, 0.888356984965498, 0.9376523720075082)
[5, 6, 7, 9, 8, 7, 1, 10, 7, 4, 8, 1, 3, 8, 4, 10, 4, 5, 10, 4, 10, 9, 8, 10, 4, 8, 8, 1, 5, 6, 6, 7, 4, 8, 3, 7, 7, 6, 5, 9, 8, 8, 10, 10, 7, 8, 8, 5, 7, 6, 10, 6, 6, 5, 6, 1, 5, 5, 3, 3, 5, 2]
(0.8895528005436021, 0.884512881255549, 0.9241357887163728, 0.9078996313735808, 0.8696998646482781, 0.7354314911758276)
[5, 6, 7, 9, 8, 7, 1, 10, 7, 4, 8, 1, 3, 8, 4, 10, 4, 5, 10, 4, 10, 9, 8, 10, 4, 8, 8, 1, 5, 6, 6, 7, 4, 8, 3, 7, 7, 6, 5, 9, 8, 8, 10, 10, 7, 8, 8, 5, 7, 6, 10, 6, 6, 5, 6, 1, 5, 5, 3, 3, 5, 2]
(0.8895528005436021, 0.884512881255549, 0.9241357887163728, 0.9078996313735808, 0.8696998646482781, 0.7354314911758276)
[5, 6, 7, 9, 8, 7, 1, 10, 7, 4, 8, 1, 3, 8, 4, 10, 4, 5, 10, 4, 10, 9, 8, 10, 4, 8, 8, 1, 5, 6, 6, 7, 4, 8, 3, 7, 7, 6, 5, 9, 8, 8, 10, 10, 7, 8, 8, 5, 7, 6, 10, 6, 6, 5, 6, 1, 5, 5, 3, 3, 5, 2]
(0.8895528005436021, 0.884512881255549, 0.9241357887163728, 0.9078996313735808, 0.8696998646482781, 0.7354314911758276)
[5, 6, 7, 9, 8, 7, 1, 10, 7, 4, 8, 1, 3, 8, 4, 10, 4, 5, 10, 4, 10, 9, 8, 10, 4, 8, 8, 1, 5, 6, 6, 7, 4, 8, 3, 7, 7, 6, 5, 9, 8, 8, 10, 10, 7, 8, 8, 5, 7, 6, 10, 6, 6, 5, 6, 1, 5, 5, 3, 3, 5, 2]
(0.8895528005436021, 0.884512881255549, 0.9241357887163728, 0.9078996313735808, 0.0, 0.7354314911758276)
[4, 8, 7, 6, 4, 7, 5, 8, 5, 4, 2, 1, 5, 8, 1, 7, 3, 6, 2, 7, 5, 5, 3, 4, 10, 8, 9, 10, 7, 7, 6, 4, 1, 10, 10, 6, 8, 3, 5, 9, 8, 4, 10, 9, 7, 6, 8, 5, 8, 10, 5, 10, 5, 1, 2, 1, 3, 5, 6, 7, 10, 2]
(0.9648117920383787, 0.884512881255549, 0.9368113709613651, 0.9230633107945291, 0.9546059353277062, 0.7354314911758276)
[4, 8, 8, 6, 4, 7, 5, 8, 5, 7, 2, 8, 5, 2, 1, 7, 7, 6, 2, 7, 5, 5, 10, 4, 10, 8, 9, 10, 1, 7, 6, 4, 1, 10, 10, 6, 9, 2, 7, 5, 7, 2, 9, 9, 6, 6, 2, 5, 8, 10, 5, 10, 5, 1, 2, 1, 3, 5, 6, 7, 10, 2]
(0.9580583674833154, 0.884512881255549, 0.9570202356204366, 0.92406477835029, 0.9628796102479076, 0.7354314911758276)
[4, 8, 8, 6, 4, 7, 5, 8, 5, 7, 2, 8, 5, 2, 1, 7, 7, 6, 2, 7, 5, 5, 10, 4, 10, 8, 9, 10, 1, 7, 6, 4, 1, 10, 10, 6, 9, 2, 7, 5, 7, 2, 9, 9, 6, 6, 2, 5, 8, 10, 5, 10, 5, 1, 2, 1, 3, 5, 6, 7, 10, 2]
(0.9580583674833154, 0.884512881255549, 0.9570202356204366, 0.92406477835029, 0.9628796102479076, 0.7354314911758276)
[4, 6, 8, 6, 4, 1, 5, 10, 7, 4, 2, 1, 5, 8, 1, 7, 3, 6, 2, 7, 5, 9, 3, 4, 10, 5, 9, 10, 5, 1, 10, 9, 5, 9, 2, 8, 9, 2, 7, 5, 7, 2, 9, 9, 7, 6, 9, 5, 8, 10, 5, 10, 5, 1, 2, 1, 3, 5, 6, 7, 10, 2]
(0.9648785935714818, 0.884512881255549, 0.9471647856757015, 0.9567120769992445, 0.7354314911758276, 0.7354314911758276)
[3, 8, 9, 6, 4, 7, 5, 8, 4, 7, 6, 8, 5, 2, 1, 7, 8, 6, 2, 7, 5, 5, 3, 1, 10, 8, 10, 8, 5, 6, 3, 8, 4, 8, 3, 7, 7, 5, 5, 9, 8, 8, 10, 9, 5, 6, 8, 5, 8, 10, 4, 10, 5, 1, 2, 1, 2, 5, 6, 7, 10, 2]
(0.9597902076318835, 0.884512881255549, 0.9618559440597866, 0.9567384352907511, 0.8577582394704177, 0.7354314911758276)
[3, 8, 9, 6, 4, 7, 5, 8, 4, 7, 6, 7, 5, 2, 1, 7, 8, 6, 2, 7, 5, 5, 3, 1, 10, 8, 10, 8, 5, 6, 6, 7, 4, 8, 3, 7, 8, 3, 5, 9, 8, 8, 10, 9, 5, 6, 8, 5, 8, 10, 4, 10, 5, 1, 2, 1, 2, 5, 6, 7, 10, 2]
(0.9597203152254199, 0.884512881255549, 0.9623458230867956, 0.9634822363033865, 0.7573877988383116, 0.7354314911758276)
[5, 8, 8, 6, 8, 7, 1, 10, 7, 1, 8, 1, 5, 8, 2, 10, 5, 5, 10, 5, 10, 9, 7, 10, 4, 8, 2, 1, 5, 6, 6, 7, 4, 8, 3, 9, 7, 6, 5, 9, 8, 8, 10, 10, 7, 8, 8, 5, 7, 6, 10, 6, 6, 5, 6, 1, 5, 5, 3, 3, 5, 2]
(0.8842524034902408, 0.884512881255549, 0.9774288756772855, 0.9773161781951764, 0.7354314911758276, 0.7354314911758276)
[5, 8, 8, 6, 8, 7, 1, 10, 7, 1, 8, 1, 5, 8, 2, 10, 5, 5, 10, 5, 10, 6, 7, 10, 4, 8, 8, 1, 5, 6, 6, 7, 4, 4, 3, 7, 7, 6, 5, 9, 8, 8, 10, 10, 7, 8, 4, 5, 7, 6, 10, 6, 6, 5, 6, 1, 5, 5, 3, 3, 5, 2]
(0.8850214829668358, 0.884512881255549, 0.9766360720619538, 0.9798251939937452, 0.9388442570343586, 0.7354314911758276)
[5, 8, 8, 6, 8, 7, 1, 10, 7, 1, 8, 1, 5, 8, 2, 10, 5, 5, 10, 5, 10, 6, 7, 10, 4, 8, 8, 1, 5, 6, 6, 7, 4, 4, 3, 7, 7, 6, 5, 9, 8, 8, 10, 10, 7, 8, 4, 5, 7, 6, 10, 6, 6, 5, 6, 1, 5, 5, 3, 3, 5, 2]
(0.8850214829668358, 0.884512881255549, 0.9788400987163166, 0.9798251939937452, 0.9388442570343586, 0.7354314911758276)
[5, 8, 8, 6, 8, 7, 1, 10, 7, 1, 8, 1, 5, 8, 2, 10, 5, 5, 10, 5, 10, 6, 7, 10, 4, 8, 8, 1, 5, 6, 6, 7, 4, 4, 3, 7, 7, 6, 5, 9, 8, 8, 10, 10, 7, 8, 4, 5, 7, 6, 10, 6, 6, 5, 6, 1, 5, 5, 3, 3, 5, 2]
(0.8850214829668358, 0.884512881255549, 0.9788400987163166, 0.9798251939937452, 0.9388442570343586, 0.7354314911758276)
[5, 8, 8, 6, 8, 7, 1, 10, 7, 1, 8, 1, 5, 8, 2, 10, 5, 5, 10, 5, 10, 6, 7, 10, 4, 8, 8, 1, 5, 6, 6, 7, 4, 4, 3, 7, 7, 6, 5, 9, 8, 8, 10, 10, 7, 8, 4, 5, 7, 6, 10, 6, 6, 5, 6, 1, 5, 5, 3, 3, 5, 2]
(0.8850214829668358, 0.884512881255549, 0.9788400987163166, 0.9798251939937452, 0.9388442570343586, 0.7354314911758276)
[4, 6, 7, 1, 4, 1, 5, 10, 7, 4, 2, 1, 5, 8, 9, 7, 3, 6, 2, 7, 5, 5, 3, 4, 10, 8, 9, 1, 5, 6, 6, 7, 4, 8, 3, 9, 7, 6, 5, 9, 8, 8, 9, 7, 5, 10, 8, 5, 8, 10, 6, 10, 5, 1, 2, 1, 3, 5, 6, 7, 10, 2]
(0.9663264473900175, 0.884512881255549, 0.9585738869383905, 0.9541170073673101, 0.7442422119900535, 0.8254559552296921)
[4, 6, 7, 1, 4, 1, 5, 10, 7, 4, 2, 1, 5, 8, 9, 7, 3, 6, 2, 7, 5, 5, 3, 4, 10, 5, 9, 10, 1, 2, 6, 9, 2, 10, 10, 6, 2, 3, 5, 9, 8, 4, 10, 9, 7, 6, 9, 5, 8, 10, 5, 6, 5, 1, 2, 1, 3, 5, 6, 7, 10, 2]
(0.9665046179667092, 0.884512881255549, 0.938339047692713, 0.9454236561432451, 0.8046854389831344, 0.8900648856535509)
[4, 6, 7, 6, 4, 1, 5, 10, 7, 4, 2, 1, 5, 8, 1, 7, 3, 6, 2, 7, 5, 5, 3, 4, 10, 8, 9, 10, 1, 2, 6, 4, 1, 10, 10, 6, 2, 3, 5, 9, 8, 4, 10, 9, 7, 6, 9, 5, 8, 10, 5, 10, 5, 1, 2, 1, 3, 5, 6, 7, 10, 2]
(0.9659046726301288, 0.884512881255549, 0.8590505691245139, 0.934570647962388, 0.861523463390762, 0.9348888771608439)
[4, 6, 7, 6, 4, 1, 5, 10, 7, 4, 2, 1, 5, 8, 1, 7, 3, 6, 2, 7, 5, 5, 3, 4, 10, 8, 9, 1, 5, 6, 6, 7, 4, 8, 3, 9, 7, 6, 5, 9, 8, 8, 9, 7, 5, 10, 8, 5, 8, 10, 5, 10, 5, 1, 2, 1, 3, 5, 6, 7, 10, 2]
(0.9679620040580607, 0.884512881255549, 0.9521345885470484, 1.0, 0.8221467273309755, 0.9376523720075082)
