[3, 1, 2, 1, 9, 7, 8, 1, 3, 1, 7, 10, 6, 5, 1, 1, 4, 5, 1, 4, 10, 7, 9, 3, 7, 8, 10, 8, 9, 5, 5, 10, 7, 2, 3, 2, 10, 9, 2, 9, 5, 9, 8, 7, 8, 10, 7, 3, 2, 10, 8, 10, 8, 8, 1, 4, 4, 2, 5, 4, 7, 1]
(0.2051658931768242, 0.2351016481717393, 0.17422193587929408)
[3, 2, 2, 5, 2, 6, 2, 5, 3, 1, 7, 10, 6, 5, 1, 10, 4, 5, 1, 4, 10, 7, 9, 3, 7, 8, 10, 8, 9, 5, 5, 10, 7, 2, 1, 5, 9, 6, 2, 7, 4, 4, 8, 8, 7, 10, 7, 3, 3, 9, 8, 10, 5, 8, 1, 3, 4, 2, 2, 4, 6, 1]
(0.3268131661116774, 0.29348605535924066, 0.17264594381189585)
[3, 1, 2, 10, 6, 7, 8, 1, 3, 5, 7, 9, 1, 5, 2, 6, 5, 5, 6, 3, 5, 5, 9, 6, 7, 8, 10, 8, 1, 4, 5, 10, 6, 2, 3, 4, 10, 7, 4, 9, 5, 9, 8, 7, 8, 10, 7, 3, 1, 9, 7, 10, 8, 8, 1, 3, 4, 2, 7, 4, 7, 1]
(0.5613837947677773, 0.527407702215599, 0.1683486329503266)
[3, 1, 2, 10, 6, 7, 8, 1, 3, 5, 7, 9, 1, 5, 2, 6, 5, 5, 6, 3, 5, 5, 9, 6, 7, 8, 10, 8, 1, 4, 5, 10, 6, 2, 3, 4, 10, 7, 4, 9, 5, 9, 8, 7, 8, 10, 7, 3, 1, 9, 7, 10, 8, 8, 1, 3, 4, 2, 7, 4, 7, 1]
(0.5613837947677773, 0.527407702215599, 0.1683486329503266)
[4, 4, 4, 10, 2, 2, 5, 5, 3, 8, 5, 2, 5, 4, 6, 6, 4, 8, 1, 9, 5, 4, 2, 2, 8, 7, 7, 8, 9, 5, 9, 8, 4, 2, 3, 1, 10, 3, 4, 9, 8, 9, 8, 7, 8, 10, 7, 3, 3, 7, 8, 10, 5, 10, 1, 3, 4, 3, 5, 4, 5, 1]
(0.32579574773179376, 0.4700240042644999, 0.47241706253275745)
[4, 4, 4, 10, 2, 2, 5, 5, 3, 8, 5, 2, 5, 4, 6, 6, 4, 8, 1, 9, 5, 4, 2, 2, 8, 7, 7, 8, 9, 5, 9, 8, 4, 2, 3, 1, 10, 3, 4, 9, 8, 9, 8, 7, 8, 10, 7, 3, 3, 7, 8, 10, 5, 10, 1, 3, 4, 3, 5, 4, 5, 1]
(0.32579574773179376, 0.4700240042644999, 0.47241706253275745)
[4, 4, 4, 10, 2, 2, 5, 5, 3, 8, 5, 2, 5, 4, 6, 6, 4, 8, 1, 9, 5, 4, 2, 2, 8, 7, 7, 8, 9, 5, 9, 8, 4, 2, 3, 1, 10, 3, 4, 9, 8, 9, 8, 7, 8, 10, 7, 3, 3, 7, 8, 10, 5, 10, 1, 3, 4, 3, 5, 4, 5, 1]
(0.32579574773179376, 0.4700240042644999, 0.47241706253275745)
[4, 4, 4, 10, 2, 2, 5, 5, 3, 8, 5, 2, 5, 4, 6, 6, 4, 8, 1, 9, 5, 4, 2, 2, 8, 7, 7, 8, 9, 5, 9, 8, 4, 2, 3, 1, 10, 3, 4, 9, 8, 9, 8, 7, 8, 10, 7, 3, 3, 7, 8, 10, 5, 10, 1, 3, 4, 3, 5, 4, 5, 1]
(0.32579574773179376, 0.4700240042644999, 0.47241706253275745)
[4, 4, 4, 10, 2, 2, 5, 5, 3, 8, 5, 2, 5, 4, 6, 6, 4, 8, 1, 9, 5, 4, 2, 2, 8, 7, 7, 8, 9, 5, 9, 8, 4, 2, 3, 1, 10, 3, 4, 9, 8, 9, 8, 7, 8, 10, 7, 3, 3, 4, 8, 10, 5, 10, 1, 3, 4, 3, 5, 4, 5, 1]
(0.32681804366940265, 0.3590416591614438, 0.7069146325787905)
[3, 1, 4, 8, 9, 7, 5, 1, 3, 5, 1, 9, 4, 5, 2, 6, 8, 5, 3, 3, 5, 7, 6, 6, 5, 8, 6, 3, 8, 5, 10, 10, 1, 10, 3, 4, 10, 9, 4, 9, 5, 6, 8, 2, 8, 10, 5, 8, 6, 9, 8, 10, 6, 8, 1, 4, 4, 2, 7, 4, 7, 1]
(0.908102213295738, 0.4042100979912048, 0.22375194679976007)
[3, 1, 4, 8, 9, 7, 5, 1, 3, 5, 1, 9, 4, 5, 2, 6, 8, 5, 3, 3, 5, 7, 6, 6, 5, 8, 6, 3, 8, 5, 10, 10, 1, 10, 3, 4, 10, 9, 4, 9, 5, 6, 8, 2, 8, 10, 5, 8, 6, 9, 8, 10, 6, 8, 1, 4, 4, 2, 7, 4, 7, 1]
(0.908102213295738, 0.4042100979912048, 0.22375194679976007)
[3, 1, 4, 8, 9, 7, 5, 1, 3, 5, 1, 9, 4, 5, 2, 6, 8, 5, 3, 3, 5, 7, 6, 6, 5, 8, 6, 3, 8, 5, 10, 10, 1, 10, 3, 4, 10, 9, 4, 9, 5, 6, 8, 2, 8, 10, 5, 8, 6, 9, 8, 10, 6, 8, 1, 4, 4, 2, 7, 4, 7, 1]
(0.908102213295738, 0.4042100979912048, 0.22375194679976007)
[9, 8, 2, 5, 6, 6, 4, 5, 3, 5, 4, 9, 9, 5, 2, 7, 5, 5, 9, 2, 5, 5, 9, 6, 7, 8, 1, 8, 1, 5, 10, 4, 1, 2, 3, 2, 10, 9, 9, 9, 6, 9, 8, 3, 1, 8, 5, 8, 6, 9, 3, 10, 6, 8, 2, 4, 4, 10, 7, 4, 7, 3]
(0.9154011492492292, 0.6389129878514809, 0.0)
[4, 4, 2, 10, 2, 3, 4, 5, 3, 8, 2, 2, 5, 4, 1, 1, 4, 8, 1, 8, 9, 4, 2, 1, 7, 8, 7, 8, 9, 2, 5, 9, 6, 2, 3, 1, 10, 7, 4, 9, 8, 9, 8, 7, 8, 10, 7, 3, 3, 7, 8, 10, 5, 10, 1, 3, 4, 2, 5, 4, 7, 1]
(0.14912399715359445, 1.073815769515927, 0.40343249729770864)
[4, 4, 2, 10, 2, 3, 4, 5, 3, 8, 2, 2, 5, 4, 1, 1, 4, 8, 1, 8, 9, 4, 2, 1, 7, 8, 7, 8, 9, 2, 5, 9, 6, 2, 3, 1, 10, 7, 4, 9, 8, 9, 8, 7, 8, 10, 7, 3, 3, 7, 8, 10, 5, 10, 1, 3, 4, 2, 5, 4, 7, 1]
(0.14912399715359445, 1.073815769515927, 0.40343249729770864)
[3, 2, 2, 10, 2, 6, 2, 5, 3, 5, 7, 2, 5, 9, 10, 5, 8, 5, 10, 3, 5, 10, 9, 2, 8, 7, 7, 8, 5, 5, 1, 4, 2, 4, 1, 5, 9, 6, 2, 7, 4, 4, 8, 8, 6, 10, 7, 3, 3, 9, 8, 10, 5, 8, 1, 3, 4, 2, 2, 4, 6, 1]
(0.32698853599916733, 1.0986079674214078, 0.20868207948106465)
[3, 1, 4, 6, 9, 8, 5, 1, 3, 5, 1, 9, 4, 5, 2, 6, 8, 5, 3, 3, 5, 7, 6, 6, 5, 8, 6, 3, 8, 5, 10, 10, 1, 10, 3, 4, 10, 9, 4, 9, 5, 6, 8, 3, 8, 10, 5, 8, 6, 9, 8, 10, 8, 8, 1, 4, 4, 2, 7, 4, 7, 1]
(0.9081017851066513, 0.5355819831251099, 0.20130209802400373)
[3, 1, 4, 6, 9, 8, 5, 1, 3, 5, 1, 9, 4, 5, 2, 6, 8, 5, 3, 3, 5, 7, 6, 6, 5, 8, 6, 3, 8, 5, 10, 10, 1, 10, 3, 4, 10, 9, 4, 9, 5, 6, 8, 3, 8, 10, 5, 8, 6, 9, 8, 10, 8, 8, 1, 4, 4, 2, 7, 4, 7, 1]
(0.9081017851066513, 0.5355819831251099, 0.20130209802400373)
[3, 1, 4, 6, 9, 8, 5, 1, 3, 5, 1, 9, 4, 5, 2, 6, 8, 5, 3, 3, 5, 7, 6, 6, 5, 8, 6, 3, 8, 5, 10, 10, 1, 10, 3, 4, 10, 9, 4, 9, 5, 6, 8, 3, 8, 10, 5, 8, 6, 9, 8, 10, 8, 8, 1, 4, 4, 2, 7, 4, 7, 1]
(0.9081017851066513, 0.5355819831251099, 0.20130209802400373)
[3, 1, 4, 6, 9, 8, 5, 1, 3, 5, 1, 9, 4, 5, 2, 6, 8, 5, 3, 3, 5, 7, 6, 6, 5, 8, 6, 3, 8, 5, 10, 10, 1, 10, 3, 4, 10, 9, 4, 9, 5, 6, 8, 3, 8, 10, 5, 8, 6, 9, 8, 10, 8, 8, 1, 4, 4, 2, 7, 4, 7, 1]
(0.9081017851066513, 0.5355819831251099, 0.20130209802400373)
[3, 1, 4, 6, 9, 8, 5, 1, 3, 5, 1, 9, 4, 5, 2, 6, 8, 5, 3, 3, 5, 7, 6, 6, 5, 8, 6, 3, 8, 5, 10, 10, 1, 10, 3, 4, 10, 9, 4, 9, 5, 6, 8, 3, 8, 10, 5, 8, 6, 9, 8, 10, 8, 8, 1, 4, 4, 2, 7, 4, 7, 1]
(0.9081017851066513, 0.5355819831251099, 0.20130209802400373)
[3, 1, 4, 6, 9, 8, 5, 1, 3, 5, 1, 9, 4, 5, 2, 6, 8, 5, 3, 3, 5, 7, 6, 6, 5, 8, 6, 3, 8, 5, 10, 10, 1, 10, 3, 4, 10, 9, 4, 9, 5, 6, 8, 3, 8, 10, 5, 8, 6, 9, 8, 10, 8, 8, 1, 4, 4, 2, 7, 4, 7, 1]
(0.9081017851066513, 0.5355819831251099, 0.20130209802400373)
[3, 2, 2, 10, 2, 6, 2, 5, 3, 5, 7, 2, 5, 9, 10, 5, 8, 5, 10, 3, 7, 10, 9, 2, 8, 7, 7, 8, 5, 5, 1, 4, 2, 4, 1, 5, 9, 6, 2, 7, 4, 4, 8, 8, 7, 10, 7, 3, 3, 9, 8, 10, 5, 8, 1, 3, 4, 2, 2, 4, 6, 1]
(0.3266447372574978, 1.099609458073969, 0.232138810348851)
[3, 2, 2, 10, 2, 6, 2, 5, 3, 5, 7, 2, 5, 9, 10, 5, 8, 5, 10, 3, 7, 10, 9, 2, 8, 7, 7, 8, 5, 5, 1, 4, 2, 4, 1, 5, 9, 6, 2, 7, 4, 4, 8, 8, 7, 10, 7, 3, 3, 9, 8, 10, 5, 8, 1, 3, 4, 2, 2, 4, 6, 1]
(0.3266447372574978, 1.099609458073969, 0.232138810348851)
[3, 2, 2, 10, 2, 6, 2, 5, 3, 5, 7, 2, 5, 9, 10, 5, 8, 5, 10, 3, 7, 10, 9, 2, 8, 7, 7, 8, 5, 5, 1, 4, 2, 4, 1, 5, 9, 6, 2, 7, 4, 4, 8, 8, 7, 10, 7, 3, 3, 9, 8, 10, 5, 8, 1, 3, 4, 2, 2, 4, 6, 1]
(0.3266447372574978, 1.099609458073969, 0.232138810348851)
[3, 1, 4, 6, 9, 8, 5, 1, 3, 5, 1, 9, 4, 5, 2, 6, 8, 5, 3, 3, 5, 7, 6, 6, 5, 8, 6, 3, 8, 5, 10, 10, 1, 2, 3, 2, 10, 9, 2, 9, 5, 9, 8, 7, 8, 10, 7, 3, 2, 10, 8, 10, 8, 8, 1, 4, 4, 2, 7, 4, 7, 1]
(0.9081802924084742, 0.583814805651117, 0.17464863922452206)
[3, 1, 2, 1, 9, 7, 8, 1, 3, 6, 7, 9, 4, 5, 2, 6, 10, 1, 10, 3, 5, 7, 6, 6, 5, 8, 6, 3, 1, 5, 10, 10, 1, 2, 3, 2, 10, 9, 2, 9, 5, 9, 8, 7, 8, 10, 7, 3, 2, 10, 8, 10, 8, 8, 1, 4, 4, 2, 7, 4, 7, 1]
(0.9081803926603625, 0.5590304413810421, 0.2137389332523262)
[4, 4, 2, 10, 6, 3, 4, 5, 8, 8, 2, 2, 5, 4, 1, 1, 10, 8, 1, 8, 9, 4, 2, 2, 7, 8, 7, 8, 4, 5, 1, 4, 2, 4, 1, 5, 9, 6, 2, 5, 4, 4, 8, 8, 7, 10, 7, 3, 3, 9, 8, 4, 5, 8, 1, 3, 4, 2, 5, 4, 7, 1]
(0.3261576121052688, 1.09756329581141, 0.27233608110452556)
[9, 4, 10, 2, 10, 5, 8, 1, 3, 5, 7, 9, 6, 5, 1, 1, 5, 9, 10, 3, 5, 7, 6, 6, 1, 8, 6, 3, 1, 5, 10, 10, 6, 2, 8, 8, 10, 9, 4, 9, 5, 9, 8, 9, 8, 10, 7, 9, 6, 9, 8, 10, 5, 10, 2, 4, 7, 2, 10, 6, 7, 1]
(0.6060928003482969, 0.6476218424080018, 0.45708036327376605)
[4, 4, 2, 10, 8, 3, 4, 5, 8, 8, 2, 2, 5, 4, 1, 1, 10, 8, 1, 8, 9, 4, 2, 2, 7, 8, 7, 8, 4, 5, 1, 4, 2, 4, 1, 5, 9, 6, 2, 5, 4, 4, 8, 8, 7, 10, 7, 3, 3, 9, 8, 4, 5, 8, 1, 3, 4, 2, 5, 4, 7, 1]
(0.32647648976758836, 1.0975126020610286, 0.3517589414078255)
[4, 4, 2, 10, 8, 3, 4, 5, 8, 8, 2, 2, 5, 4, 1, 1, 10, 8, 1, 8, 9, 4, 2, 2, 7, 8, 7, 8, 4, 5, 1, 4, 2, 4, 1, 5, 9, 6, 2, 5, 4, 4, 8, 8, 7, 10, 7, 3, 3, 9, 8, 4, 5, 8, 1, 3, 4, 2, 5, 4, 7, 1]
(0.32647648976758836, 1.0975126020610286, 0.3517589414078255)
[10, 4, 10, 7, 3, 5, 8, 1, 3, 3, 5, 9, 1, 5, 2, 6, 5, 5, 6, 3, 5, 5, 9, 2, 8, 7, 7, 6, 9, 5, 9, 8, 6, 2, 3, 4, 10, 7, 4, 9, 5, 9, 8, 3, 8, 10, 7, 8, 7, 9, 7, 10, 5, 8, 8, 7, 2, 2, 10, 6, 7, 1]
(0.5622666238177559, 0.4618716067096694, 0.7619653241872795)
[4, 4, 2, 10, 1, 3, 4, 5, 8, 8, 2, 2, 5, 4, 1, 1, 10, 8, 1, 8, 9, 4, 2, 3, 7, 8, 7, 8, 4, 5, 1, 4, 2, 4, 2, 5, 9, 6, 2, 5, 4, 4, 8, 8, 7, 10, 7, 3, 3, 9, 8, 10, 5, 8, 1, 3, 4, 2, 5, 4, 7, 1]
(0.32593603493364176, 1.0984820064157201, 0.36469067809219097)
[4, 4, 2, 10, 1, 3, 4, 5, 8, 8, 2, 2, 5, 4, 1, 1, 10, 8, 1, 8, 9, 4, 2, 3, 7, 8, 7, 8, 4, 5, 1, 4, 2, 4, 2, 5, 9, 6, 2, 5, 4, 4, 8, 8, 7, 10, 7, 3, 3, 9, 8, 10, 5, 8, 1, 3, 4, 2, 5, 4, 7, 1]
(0.32593603493364176, 1.0984820064157201, 0.36469067809219097)
[4, 4, 2, 1, 8, 6, 1, 1, 10, 10, 1, 2, 5, 3, 1, 1, 8, 3, 1, 8, 9, 4, 5, 2, 8, 7, 7, 9, 9, 5, 5, 10, 2, 4, 2, 5, 10, 10, 2, 7, 4, 4, 8, 8, 8, 10, 7, 1, 3, 9, 8, 10, 3, 8, 1, 3, 4, 2, 5, 4, 9, 5]
(0.10790084824228613, 1.040168272517617, 0.7146579804638242)
[10, 4, 10, 9, 4, 5, 8, 1, 3, 3, 5, 9, 1, 5, 2, 6, 5, 5, 6, 3, 5, 5, 9, 2, 8, 7, 7, 6, 9, 5, 9, 8, 6, 2, 3, 4, 10, 7, 4, 9, 5, 9, 8, 4, 6, 10, 7, 7, 7, 9, 7, 10, 5, 8, 8, 7, 6, 2, 10, 6, 7, 1]
(0.5634142016802463, 0.2953369534800975, 1.0100906775888983)
[10, 4, 10, 9, 4, 5, 8, 1, 3, 3, 5, 9, 1, 5, 2, 6, 5, 5, 6, 3, 5, 5, 9, 2, 8, 7, 7, 6, 9, 5, 9, 8, 6, 2, 3, 4, 10, 7, 4, 9, 5, 9, 8, 4, 6, 10, 7, 7, 7, 9, 7, 10, 5, 8, 8, 7, 6, 2, 10, 6, 7, 1]
(0.5634142016802463, 0.2953369534800975, 1.0100906775888983)
[10, 4, 10, 9, 4, 5, 8, 1, 7, 3, 5, 9, 1, 5, 2, 6, 5, 5, 6, 3, 5, 5, 9, 2, 8, 7, 7, 6, 9, 5, 9, 8, 6, 2, 3, 4, 10, 7, 4, 9, 5, 9, 8, 4, 6, 10, 7, 7, 7, 9, 7, 10, 5, 8, 8, 7, 6, 2, 10, 6, 7, 1]
(0.5634142016802463, 0.2953369534800975, 1.0100906775888983)
[10, 4, 10, 9, 4, 5, 8, 1, 7, 3, 5, 9, 1, 5, 2, 6, 5, 5, 6, 3, 5, 5, 9, 2, 8, 7, 7, 6, 9, 5, 9, 8, 6, 2, 3, 4, 10, 7, 4, 9, 5, 9, 8, 4, 6, 10, 7, 7, 7, 9, 7, 10, 5, 8, 8, 7, 6, 2, 10, 6, 7, 1]
(0.5634142016802463, 0.2953369534800975, 1.0100906775888983)
[6, 4, 10, 7, 4, 5, 8, 1, 3, 3, 5, 9, 1, 5, 2, 6, 5, 5, 6, 3, 5, 5, 6, 6, 5, 8, 6, 3, 1, 5, 10, 10, 6, 2, 8, 8, 10, 7, 4, 6, 3, 3, 8, 3, 10, 4, 7, 5, 7, 9, 7, 10, 5, 8, 8, 7, 2, 6, 10, 6, 7, 1]
(0.9078184715110502, 0.20427042046874128, 0.780355091428568)
[6, 4, 10, 7, 4, 5, 8, 1, 3, 1, 5, 9, 1, 5, 2, 6, 5, 5, 6, 3, 6, 5, 9, 6, 8, 7, 7, 8, 6, 5, 9, 8, 6, 2, 3, 4, 10, 2, 4, 9, 5, 9, 8, 4, 6, 10, 7, 8, 7, 9, 7, 10, 5, 8, 8, 7, 2, 2, 10, 6, 7, 1]
(0.5625735493603977, 0.3244042977764453, 1.0088390010101738)
[6, 4, 10, 7, 4, 5, 8, 1, 3, 1, 5, 9, 1, 5, 2, 6, 5, 5, 6, 3, 6, 5, 9, 6, 8, 7, 7, 8, 6, 5, 9, 8, 6, 2, 3, 4, 10, 2, 4, 9, 5, 9, 8, 4, 6, 10, 7, 8, 7, 9, 7, 10, 5, 8, 8, 7, 2, 2, 10, 6, 7, 1]
(0.5625735493603977, 0.3244042977764453, 1.0088390010101738)
[10, 4, 10, 2, 10, 2, 3, 1, 3, 5, 7, 10, 6, 5, 5, 1, 4, 5, 1, 2, 10, 7, 9, 3, 7, 8, 10, 8, 9, 5, 5, 8, 6, 2, 5, 4, 6, 9, 4, 8, 3, 9, 3, 6, 8, 8, 7, 9, 7, 6, 2, 10, 6, 8, 2, 7, 7, 2, 10, 6, 7, 1]
(0.9176250177040367, 0.36045644678339095, 0.7032520030277379)
[10, 4, 10, 2, 10, 2, 3, 1, 3, 5, 7, 10, 6, 5, 5, 1, 4, 5, 1, 2, 10, 7, 9, 3, 7, 8, 10, 8, 9, 5, 5, 8, 6, 2, 5, 4, 6, 9, 4, 8, 3, 9, 3, 6, 8, 8, 7, 9, 7, 6, 2, 10, 6, 8, 2, 7, 7, 2, 10, 6, 7, 1]
(0.9176250177040367, 0.36045644678339095, 0.7032520030277379)
[10, 4, 10, 2, 10, 2, 3, 1, 3, 5, 7, 10, 6, 5, 1, 1, 4, 5, 1, 2, 10, 7, 9, 3, 7, 8, 10, 8, 9, 5, 5, 8, 6, 2, 5, 4, 6, 9, 4, 8, 3, 9, 3, 6, 8, 8, 7, 9, 7, 6, 2, 10, 6, 8, 2, 7, 7, 2, 10, 6, 7, 1]
(0.9176250177040367, 0.36045644678339095, 0.7032520030277379)
[10, 4, 10, 2, 10, 2, 3, 1, 3, 5, 7, 10, 6, 5, 1, 1, 4, 5, 1, 2, 10, 7, 9, 7, 7, 8, 10, 8, 9, 5, 5, 8, 6, 2, 5, 4, 6, 9, 4, 8, 3, 9, 3, 6, 8, 8, 7, 9, 7, 6, 2, 10, 6, 8, 2, 7, 7, 2, 10, 6, 7, 1]
(0.9176250177040367, 0.36045644678339095, 0.7032520030277379)
[10, 4, 10, 2, 10, 2, 3, 1, 3, 5, 7, 10, 6, 5, 1, 1, 4, 5, 1, 2, 10, 7, 9, 3, 7, 8, 10, 8, 9, 5, 5, 8, 6, 2, 5, 4, 6, 9, 4, 8, 3, 9, 3, 6, 8, 8, 7, 9, 7, 6, 2, 10, 6, 8, 2, 7, 7, 2, 10, 6, 7, 1]
(0.9176250177040367, 0.36045644678339095, 0.7032520030277379)
[10, 4, 10, 2, 10, 2, 3, 1, 3, 5, 7, 10, 6, 5, 5, 1, 4, 5, 1, 2, 10, 7, 9, 3, 7, 8, 10, 8, 9, 5, 5, 8, 6, 2, 5, 4, 6, 9, 4, 8, 3, 9, 3, 6, 8, 8, 7, 9, 7, 6, 2, 10, 6, 8, 2, 7, 7, 2, 10, 6, 7, 1]
(0.9176250177040367, 0.36045644678339095, 0.7032520030277379)
[10, 4, 10, 4, 10, 2, 3, 1, 3, 5, 7, 9, 8, 5, 1, 1, 4, 5, 1, 2, 10, 7, 9, 7, 7, 8, 10, 8, 9, 5, 5, 8, 6, 2, 5, 4, 6, 9, 4, 8, 3, 9, 3, 6, 8, 8, 7, 9, 7, 6, 2, 10, 6, 8, 2, 7, 7, 2, 10, 6, 7, 1]
(0.9180812456609236, 0.3607812032717586, 0.7030620953946131)
[3, 4, 2, 1, 9, 2, 8, 1, 3, 5, 7, 9, 4, 5, 2, 6, 5, 5, 10, 3, 5, 7, 6, 1, 3, 8, 6, 3, 1, 7, 10, 10, 1, 2, 6, 4, 10, 9, 4, 9, 5, 9, 8, 7, 8, 10, 7, 6, 6, 10, 8, 10, 5, 8, 1, 3, 4, 2, 7, 4, 9, 5]
(0.9030856091168389, 0.8396402588114168, 0.28239131164208636)
[10, 4, 10, 7, 4, 5, 8, 1, 3, 3, 5, 9, 1, 5, 2, 6, 5, 5, 6, 3, 5, 5, 9, 2, 8, 7, 7, 6, 9, 5, 9, 8, 6, 2, 3, 4, 10, 7, 4, 9, 5, 9, 8, 3, 8, 10, 7, 5, 7, 9, 7, 10, 5, 8, 8, 7, 2, 2, 10, 6, 7, 1]
(0.5622664075176818, 0.46187312133924824, 1.0099424013498117)
[10, 4, 10, 7, 4, 5, 8, 1, 3, 3, 5, 9, 1, 5, 2, 6, 5, 5, 6, 3, 5, 5, 9, 2, 8, 7, 7, 6, 9, 5, 9, 8, 6, 2, 3, 4, 10, 7, 4, 9, 5, 9, 8, 3, 8, 10, 7, 5, 7, 9, 7, 10, 5, 8, 8, 7, 2, 2, 10, 6, 7, 1]
(0.5622664075176818, 0.46187312133924824, 1.0099424013498117)
[10, 4, 10, 2, 10, 5, 8, 1, 8, 5, 7, 10, 6, 5, 1, 1, 4, 5, 1, 2, 10, 7, 9, 3, 7, 8, 10, 8, 9, 5, 5, 8, 6, 2, 5, 4, 10, 7, 4, 8, 3, 3, 8, 6, 8, 10, 7, 9, 9, 9, 7, 10, 5, 8, 8, 7, 7, 2, 10, 6, 7, 1]
(0.47470589022907367, 0.6337778514324129, 0.9583612578124335)
[9, 4, 10, 2, 6, 5, 8, 1, 3, 5, 7, 9, 6, 5, 1, 1, 5, 5, 10, 3, 5, 7, 6, 6, 5, 8, 7, 3, 1, 5, 10, 10, 6, 2, 6, 8, 10, 7, 4, 6, 3, 3, 8, 3, 8, 10, 7, 9, 7, 9, 2, 10, 5, 8, 8, 1, 7, 2, 10, 6, 7, 1]
(0.8883901061008257, 0.6348673539747482, 0.5479843624645462)
[10, 4, 10, 2, 10, 2, 3, 1, 3, 5, 7, 10, 6, 5, 1, 1, 4, 5, 1, 2, 4, 7, 9, 3, 7, 8, 10, 8, 9, 5, 5, 8, 6, 2, 5, 4, 6, 9, 4, 8, 3, 9, 3, 6, 8, 8, 7, 9, 7, 2, 2, 10, 6, 8, 2, 7, 7, 2, 10, 6, 7, 1]
(0.9176236037846591, 0.4616801514801826, 0.6970822813057294)
[10, 4, 10, 2, 10, 2, 3, 1, 3, 5, 7, 10, 6, 5, 1, 1, 4, 5, 1, 2, 4, 7, 9, 3, 7, 8, 10, 8, 9, 5, 5, 8, 6, 2, 5, 4, 6, 9, 4, 8, 3, 9, 3, 6, 8, 8, 7, 9, 7, 2, 2, 10, 6, 8, 2, 7, 7, 2, 10, 6, 7, 1]
(0.9176236037846591, 0.4616801514801826, 0.6970822813057294)
[10, 4, 2, 9, 4, 5, 8, 1, 3, 3, 5, 9, 1, 5, 2, 6, 5, 5, 2, 3, 5, 5, 9, 2, 8, 7, 10, 8, 9, 5, 9, 8, 6, 2, 3, 4, 10, 7, 4, 6, 3, 3, 8, 3, 8, 9, 7, 9, 7, 9, 7, 10, 5, 8, 8, 7, 2, 2, 10, 6, 7, 1]
(0.5620355877806396, 1.0537284627556762, 0.4780952783401262)
[10, 4, 10, 9, 4, 1, 8, 1, 3, 3, 5, 9, 1, 5, 2, 6, 5, 5, 6, 3, 5, 5, 9, 2, 8, 7, 7, 6, 9, 5, 9, 8, 6, 2, 3, 4, 10, 3, 4, 9, 5, 3, 8, 3, 10, 10, 7, 9, 7, 9, 7, 10, 5, 8, 8, 7, 2, 2, 10, 6, 7, 1]
(0.5623748780396907, 0.6396694733742969, 1.0053972434904512)
[10, 4, 10, 9, 4, 5, 8, 1, 3, 3, 5, 9, 1, 5, 2, 6, 5, 5, 6, 3, 5, 5, 9, 2, 8, 7, 7, 6, 9, 5, 9, 8, 6, 9, 3, 4, 10, 3, 4, 9, 5, 3, 8, 3, 10, 10, 7, 9, 2, 9, 7, 10, 5, 8, 8, 7, 2, 2, 10, 6, 7, 1]
(0.5623092049953203, 0.6404428976825326, 1.0057900770738426)
[10, 4, 10, 9, 4, 5, 8, 1, 3, 3, 5, 9, 1, 5, 2, 6, 5, 5, 6, 3, 5, 5, 9, 2, 8, 7, 7, 6, 9, 5, 9, 8, 6, 2, 3, 4, 10, 3, 4, 9, 5, 3, 8, 3, 10, 10, 7, 9, 7, 9, 7, 10, 5, 8, 8, 7, 2, 2, 10, 6, 7, 1]
(0.5622983450860528, 0.6397126898644289, 1.009840745211063)
[10, 4, 10, 9, 4, 5, 8, 1, 3, 3, 5, 9, 1, 5, 2, 6, 5, 5, 6, 3, 5, 5, 9, 2, 8, 7, 7, 6, 9, 5, 9, 8, 6, 2, 3, 4, 10, 3, 4, 9, 5, 3, 8, 3, 10, 10, 7, 9, 7, 9, 7, 10, 5, 8, 8, 7, 2, 2, 10, 6, 7, 1]
(0.5622983450860528, 0.6397126898644289, 1.009840745211063)
[10, 4, 10, 9, 4, 5, 8, 1, 3, 3, 5, 9, 1, 5, 2, 6, 5, 5, 6, 3, 5, 5, 9, 2, 8, 7, 7, 6, 9, 5, 9, 8, 6, 2, 3, 4, 10, 3, 4, 9, 5, 3, 8, 3, 10, 10, 7, 9, 7, 9, 7, 10, 5, 8, 8, 7, 2, 2, 10, 6, 7, 1]
(0.5622983450860528, 0.6397126898644289, 1.009840745211063)
[10, 4, 10, 9, 4, 5, 8, 1, 3, 3, 5, 9, 1, 5, 2, 6, 5, 5, 6, 3, 5, 5, 9, 2, 8, 7, 7, 6, 9, 5, 9, 8, 6, 2, 3, 4, 10, 3, 4, 9, 5, 3, 8, 3, 10, 10, 7, 9, 7, 9, 7, 10, 5, 8, 8, 7, 2, 2, 10, 6, 7, 1]
(0.5622983450860528, 0.6397126898644289, 1.009840745211063)
[10, 4, 10, 9, 4, 5, 8, 1, 3, 3, 5, 9, 1, 5, 2, 6, 5, 5, 6, 3, 5, 5, 9, 2, 8, 7, 7, 6, 9, 5, 9, 8, 6, 2, 3, 4, 10, 3, 4, 9, 5, 3, 8, 3, 10, 10, 7, 9, 7, 9, 7, 10, 5, 8, 8, 7, 2, 2, 10, 6, 7, 1]
(0.5622983450860528, 0.6397126898644289, 1.009840745211063)
[10, 4, 10, 7, 9, 5, 8, 1, 3, 3, 5, 9, 1, 5, 2, 6, 5, 5, 6, 3, 5, 5, 9, 2, 8, 7, 7, 6, 9, 5, 9, 8, 6, 2, 3, 4, 10, 3, 4, 9, 5, 3, 8, 3, 10, 10, 7, 9, 7, 9, 7, 10, 5, 8, 8, 7, 2, 2, 10, 6, 7, 1]
(0.562251610788458, 0.6405185522694192, 1.0092290504684904)
[9, 4, 10, 2, 6, 5, 8, 1, 3, 5, 8, 9, 6, 5, 1, 1, 1, 5, 10, 3, 5, 7, 6, 6, 5, 8, 7, 3, 1, 5, 10, 10, 6, 2, 6, 8, 10, 7, 4, 6, 3, 3, 8, 3, 8, 10, 7, 9, 7, 9, 2, 10, 5, 8, 8, 1, 7, 2, 10, 6, 7, 1]
(0.8883901061008257, 0.6348673539747482, 0.6934249256864161)
[9, 4, 10, 2, 6, 5, 8, 1, 3, 5, 8, 9, 6, 5, 1, 1, 1, 5, 10, 3, 5, 7, 6, 6, 5, 8, 7, 3, 1, 5, 10, 10, 6, 2, 6, 8, 10, 7, 4, 6, 3, 3, 8, 3, 8, 10, 7, 9, 7, 9, 2, 10, 5, 8, 8, 1, 7, 2, 10, 6, 7, 1]
(0.8883901061008257, 0.6348673539747482, 0.6934249256864161)
[10, 1, 2, 1, 9, 8, 5, 1, 3, 5, 1, 9, 4, 5, 2, 9, 8, 5, 6, 3, 5, 5, 9, 2, 7, 7, 7, 6, 9, 5, 9, 8, 6, 2, 5, 4, 10, 7, 4, 6, 3, 3, 8, 3, 8, 6, 7, 5, 7, 10, 7, 10, 5, 8, 8, 7, 2, 2, 10, 6, 7, 1]
(0.9083802266523429, 0.6338363197358187, 0.7251915090738822)
[10, 1, 2, 1, 9, 8, 5, 1, 3, 5, 1, 9, 4, 5, 2, 9, 8, 5, 6, 3, 5, 5, 9, 2, 7, 7, 7, 6, 9, 5, 9, 8, 6, 2, 5, 4, 10, 7, 4, 6, 3, 3, 8, 3, 8, 6, 7, 5, 7, 10, 7, 10, 5, 8, 8, 7, 2, 2, 10, 6, 7, 1]
(0.9083802266523429, 0.6338363197358187, 0.7251915090738822)
[10, 1, 2, 1, 9, 8, 5, 1, 3, 5, 1, 9, 4, 5, 2, 9, 8, 5, 6, 3, 5, 5, 9, 2, 7, 7, 7, 6, 9, 5, 9, 8, 6, 2, 5, 4, 10, 7, 4, 6, 3, 3, 8, 3, 8, 6, 7, 5, 7, 10, 7, 10, 5, 8, 8, 7, 2, 2, 10, 6, 7, 1]
(0.9083802266523429, 0.6338363197358187, 0.7251915090738822)
[10, 1, 2, 1, 9, 8, 5, 1, 3, 5, 1, 9, 4, 5, 2, 9, 8, 5, 6, 3, 5, 5, 9, 2, 7, 7, 7, 6, 9, 5, 9, 8, 6, 2, 5, 4, 10, 7, 4, 6, 3, 3, 8, 3, 8, 6, 7, 5, 7, 10, 7, 10, 5, 8, 8, 7, 2, 2, 10, 6, 7, 1]
(0.9083802266523429, 0.6338363197358187, 0.7251915090738822)
[3, 4, 2, 1, 9, 2, 8, 1, 3, 5, 7, 9, 4, 5, 2, 6, 5, 5, 10, 3, 5, 7, 6, 1, 5, 8, 6, 3, 1, 7, 10, 10, 1, 2, 6, 4, 10, 9, 4, 9, 5, 9, 8, 7, 8, 10, 7, 6, 6, 10, 8, 10, 5, 8, 1, 3, 4, 2, 7, 4, 9, 5]
(0.9030861108559555, 1.0813604969531254, 0.28560357540760417)
[3, 4, 2, 1, 9, 2, 8, 1, 3, 5, 7, 9, 4, 5, 2, 6, 5, 5, 10, 3, 5, 7, 6, 1, 5, 8, 6, 3, 1, 7, 10, 10, 1, 2, 6, 4, 10, 9, 4, 9, 5, 9, 8, 7, 8, 10, 7, 6, 6, 10, 8, 10, 5, 8, 1, 3, 4, 2, 7, 4, 9, 5]
(0.9030861108559555, 1.0813604969531254, 0.28560357540760417)
[3, 4, 2, 1, 9, 2, 8, 1, 3, 5, 7, 9, 4, 5, 2, 6, 5, 5, 10, 3, 5, 7, 6, 1, 5, 8, 6, 3, 1, 7, 10, 10, 1, 2, 6, 4, 10, 9, 4, 9, 5, 9, 8, 7, 8, 10, 7, 6, 6, 10, 8, 10, 5, 8, 1, 3, 4, 2, 7, 4, 9, 5]
(0.9030861108559555, 1.0813604969531254, 0.28560357540760417)
[3, 4, 2, 1, 9, 2, 8, 1, 3, 5, 7, 9, 4, 5, 2, 6, 5, 5, 10, 3, 5, 7, 6, 1, 5, 8, 6, 3, 1, 7, 10, 10, 1, 2, 6, 4, 10, 9, 4, 9, 5, 9, 8, 7, 8, 10, 7, 6, 6, 10, 8, 10, 5, 8, 1, 3, 4, 2, 7, 4, 9, 5]
(0.9030861108559555, 1.0813604969531254, 0.28560357540760417)
[3, 4, 2, 1, 9, 2, 8, 1, 3, 5, 7, 9, 4, 5, 2, 6, 5, 5, 10, 3, 5, 7, 6, 1, 5, 8, 6, 3, 1, 7, 10, 10, 1, 2, 6, 4, 10, 9, 4, 9, 5, 9, 8, 7, 8, 10, 7, 6, 6, 10, 8, 10, 5, 8, 1, 3, 4, 2, 7, 4, 9, 5]
(0.9030861108559555, 1.0813604969531254, 0.28560357540760417)
[3, 4, 2, 1, 9, 2, 8, 1, 3, 5, 7, 9, 4, 5, 2, 6, 5, 5, 10, 3, 5, 7, 6, 1, 5, 8, 6, 3, 1, 7, 10, 10, 1, 2, 6, 4, 10, 9, 4, 9, 5, 9, 8, 7, 8, 10, 7, 6, 6, 10, 8, 10, 5, 8, 1, 3, 4, 2, 7, 4, 9, 5]
(0.9030861108559555, 1.0813604969531254, 0.28560357540760417)
[9, 4, 10, 2, 10, 5, 8, 1, 3, 5, 7, 9, 6, 5, 1, 1, 5, 5, 2, 3, 5, 7, 6, 6, 5, 8, 6, 3, 1, 5, 10, 10, 6, 2, 6, 8, 10, 7, 3, 6, 3, 3, 8, 5, 6, 10, 7, 9, 7, 9, 7, 10, 5, 8, 8, 7, 7, 2, 10, 6, 7, 1]
(0.8912104224465319, 0.6340767984077608, 0.7781574080433542)
[9, 4, 10, 2, 10, 5, 8, 1, 3, 5, 7, 9, 6, 5, 1, 1, 5, 5, 2, 3, 5, 7, 6, 6, 5, 8, 6, 3, 1, 5, 10, 10, 6, 2, 6, 8, 10, 7, 3, 6, 3, 3, 8, 5, 6, 10, 7, 9, 7, 9, 7, 10, 5, 8, 8, 7, 7, 2, 10, 6, 7, 1]
(0.8912104224465319, 0.6340767984077608, 0.7781574080433542)
[9, 4, 10, 2, 10, 5, 8, 1, 3, 5, 7, 9, 6, 5, 1, 1, 5, 5, 2, 3, 5, 7, 6, 6, 5, 8, 6, 3, 1, 5, 10, 10, 6, 2, 6, 8, 10, 7, 3, 6, 3, 3, 8, 5, 6, 10, 7, 9, 7, 9, 7, 10, 5, 8, 8, 7, 7, 2, 10, 6, 7, 1]
(0.8912104224465319, 0.6340767984077608, 0.7781574080433542)
[9, 4, 10, 2, 10, 5, 8, 1, 3, 5, 6, 9, 6, 5, 1, 1, 5, 5, 2, 3, 5, 7, 6, 6, 5, 8, 6, 3, 1, 5, 10, 10, 6, 2, 6, 8, 10, 7, 3, 6, 3, 3, 8, 5, 6, 10, 7, 9, 7, 9, 7, 10, 5, 8, 8, 7, 7, 2, 10, 6, 7, 1]
(0.8912203176436949, 0.6340767984077608, 0.7781688278981671)
[9, 4, 10, 2, 10, 5, 8, 1, 3, 5, 6, 9, 6, 5, 1, 1, 5, 5, 2, 3, 5, 7, 6, 6, 5, 8, 6, 3, 1, 5, 10, 10, 6, 2, 6, 8, 10, 7, 3, 6, 3, 3, 8, 5, 6, 10, 7, 9, 7, 9, 7, 10, 5, 8, 8, 7, 7, 2, 10, 6, 7, 1]
(0.8912203176436949, 0.6340767984077608, 0.7781688278981671)
[10, 4, 10, 4, 4, 7, 8, 3, 2, 3, 7, 9, 1, 5, 2, 6, 5, 5, 6, 3, 6, 5, 9, 2, 8, 7, 7, 8, 6, 5, 9, 8, 6, 5, 5, 6, 10, 7, 4, 10, 5, 3, 8, 3, 8, 10, 7, 9, 7, 9, 7, 10, 5, 8, 8, 7, 2, 2, 10, 6, 7, 1]
(0.5622892201373247, 1.0575464302673898, 0.992467443232023)
[10, 4, 10, 4, 4, 7, 8, 3, 2, 3, 7, 9, 1, 5, 2, 6, 5, 5, 6, 3, 6, 5, 9, 2, 8, 7, 7, 8, 6, 5, 9, 8, 6, 5, 5, 6, 10, 7, 4, 10, 5, 3, 8, 3, 8, 10, 7, 9, 7, 9, 7, 10, 5, 8, 8, 7, 2, 2, 10, 6, 7, 1]
(0.5622892201373247, 1.0575464302673898, 0.992467443232023)
[10, 4, 10, 4, 4, 7, 8, 3, 2, 3, 7, 9, 1, 5, 2, 6, 5, 5, 6, 3, 6, 5, 9, 2, 8, 7, 7, 8, 6, 5, 9, 8, 6, 5, 5, 6, 10, 7, 4, 10, 5, 3, 8, 3, 8, 10, 7, 9, 7, 9, 7, 10, 5, 8, 8, 7, 2, 2, 10, 6, 7, 1]
(0.5622892201373247, 1.0575464302673898, 0.992467443232023)
[10, 4, 10, 4, 4, 7, 8, 3, 2, 3, 7, 9, 1, 5, 2, 6, 5, 5, 6, 3, 6, 5, 9, 2, 8, 7, 7, 8, 6, 5, 9, 8, 6, 5, 5, 6, 10, 7, 4, 10, 5, 3, 8, 3, 8, 10, 7, 9, 7, 9, 7, 10, 5, 8, 8, 7, 2, 2, 10, 6, 7, 1]
(0.5622892201373247, 1.0575464302673898, 0.992467443232023)
[10, 4, 10, 4, 4, 7, 8, 3, 2, 3, 7, 9, 1, 5, 2, 6, 5, 5, 6, 3, 6, 5, 9, 2, 8, 7, 7, 8, 6, 5, 9, 8, 6, 5, 5, 6, 10, 7, 4, 10, 5, 3, 8, 3, 8, 10, 7, 9, 7, 9, 7, 10, 5, 8, 8, 7, 2, 2, 10, 6, 7, 1]
(0.5622892201373247, 1.0575464302673898, 0.992467443232023)
[9, 4, 10, 9, 2, 5, 8, 1, 5, 3, 5, 9, 1, 5, 2, 6, 5, 5, 6, 3, 5, 5, 9, 2, 8, 7, 10, 8, 9, 5, 9, 8, 6, 5, 5, 6, 10, 7, 4, 9, 5, 3, 8, 3, 8, 10, 7, 9, 7, 9, 7, 10, 5, 8, 8, 7, 2, 2, 10, 6, 7, 1]
(0.5620185926615238, 1.057265310175713, 1.0022968143236983)
[9, 4, 10, 9, 2, 5, 8, 1, 5, 3, 5, 9, 1, 5, 2, 6, 5, 5, 6, 3, 5, 5, 9, 2, 8, 7, 10, 8, 9, 5, 9, 8, 6, 5, 5, 6, 10, 7, 4, 9, 5, 3, 8, 3, 8, 10, 7, 9, 7, 9, 7, 10, 5, 8, 8, 7, 2, 2, 10, 6, 7, 1]
(0.5620185926615238, 1.057265310175713, 1.0022968143236983)
[9, 4, 10, 9, 4, 5, 8, 1, 5, 3, 5, 9, 1, 5, 2, 6, 5, 5, 6, 3, 5, 5, 9, 2, 8, 7, 10, 8, 9, 5, 9, 8, 6, 5, 5, 6, 10, 7, 4, 6, 5, 3, 8, 3, 8, 10, 7, 9, 7, 9, 7, 10, 5, 8, 8, 7, 2, 2, 10, 6, 7, 1]
(0.5620188095563736, 1.0572898562997541, 1.003769195023111)
[10, 4, 2, 9, 6, 7, 8, 1, 3, 5, 7, 9, 1, 5, 2, 6, 5, 5, 6, 3, 5, 5, 9, 2, 8, 7, 10, 8, 9, 5, 9, 8, 6, 2, 3, 4, 10, 7, 4, 9, 5, 9, 8, 3, 8, 10, 7, 9, 7, 9, 7, 10, 5, 8, 8, 7, 2, 2, 10, 6, 7, 1]
(0.5624047786006264, 1.0570939442142806, 1.0086584929886864)
[10, 4, 2, 9, 6, 7, 8, 1, 3, 5, 7, 9, 1, 5, 2, 6, 5, 5, 6, 3, 5, 5, 9, 2, 8, 7, 10, 8, 9, 5, 9, 8, 6, 2, 3, 4, 10, 7, 4, 9, 5, 9, 8, 3, 8, 10, 7, 9, 7, 9, 7, 10, 5, 8, 8, 7, 2, 2, 10, 6, 7, 1]
(0.5624047786006264, 1.0570939442142806, 1.0086584929886864)
