[6, 2, 3, 4, 7, 8, 7, 1, 4, 2, 8, 3, 2, 6, 5, 6, 4, 2, 2, 3, 1, 8, 8, 8, 9, 5, 5, 4, 5, 2, 5, 9, 9, 4, 1, 8, 1, 8, 7, 6, 6, 10, 10, 4, 6, 1, 9, 1, 9, 4, 8, 5, 2, 7, 6, 6, 10, 10, 3, 9, 8, 3]
(1.1340317853726394, 0.33261571582346605, 1.133084767963732, 1.0, 0.3464074983261466, 0.0)
[6, 2, 3, 4, 7, 5, 4, 1, 4, 2, 6, 3, 6, 1, 5, 9, 4, 5, 6, 1, 1, 3, 3, 3, 9, 8, 7, 5, 10, 4, 8, 9, 9, 10, 3, 9, 1, 9, 6, 6, 9, 8, 10, 10, 6, 4, 4, 2, 9, 2, 7, 5, 2, 7, 6, 6, 3, 10, 9, 9, 6, 1]
(1.1357989110983853, 0.33261571582346605, 1.135704662930215, 0.1851851851851852, 1.1302268208004482, 0.899888765294772)
[9, 7, 3, 4, 8, 5, 4, 1, 4, 6, 8, 8, 1, 1, 5, 9, 4, 5, 6, 1, 1, 3, 8, 3, 9, 8, 7, 5, 10, 4, 8, 9, 9, 10, 3, 9, 4, 9, 6, 6, 9, 8, 10, 10, 6, 4, 4, 2, 9, 2, 7, 5, 2, 7, 6, 6, 3, 10, 9, 9, 6, 1]
(1.135465458128596, 0.33261571582346605, 1.1351013869978432, 0.1851851851851852, 1.12842903239652, 0.899888765294772)
[6, 2, 3, 4, 8, 5, 4, 1, 4, 2, 6, 3, 2, 1, 5, 9, 4, 5, 6, 1, 1, 3, 8, 3, 9, 8, 7, 5, 10, 4, 8, 9, 9, 10, 3, 9, 1, 9, 6, 6, 9, 8, 10, 10, 6, 4, 4, 2, 9, 2, 7, 5, 2, 7, 6, 6, 3, 10, 9, 9, 6, 1]
(1.1358067882247216, 0.33261571582346605, 1.1357119339518196, 0.1851851851851852, 1.1294943821616419, 0.899888765294772)
[6, 2, 3, 4, 7, 5, 4, 1, 4, 2, 6, 3, 2, 1, 5, 9, 4, 5, 6, 1, 1, 3, 8, 3, 9, 8, 7, 5, 10, 4, 8, 9, 9, 10, 3, 9, 1, 9, 6, 6, 9, 8, 10, 10, 6, 4, 4, 2, 9, 2, 7, 5, 2, 7, 6, 6, 3, 10, 9, 9, 6, 1]
(1.1358020273037202, 0.33261571582346605, 1.1357119339518196, 0.1851851851851852, 1.1294947900809296, 0.899888765294772)
[5, 2, 3, 4, 7, 5, 4, 1, 4, 2, 3, 3, 6, 1, 5, 9, 4, 5, 6, 1, 1, 3, 8, 3, 9, 8, 7, 5, 10, 4, 8, 9, 9, 10, 3, 9, 1, 9, 6, 8, 9, 8, 10, 10, 6, 4, 4, 2, 9, 2, 7, 5, 2, 7, 6, 6, 3, 10, 9, 9, 6, 1]
(1.135783757921303, 0.33261571582346605, 1.135896024573589, 0.1851851851851852, 1.1302493809722312, 0.899888765294772)
[6, 2, 3, 4, 7, 5, 4, 1, 4, 2, 6, 3, 6, 1, 5, 9, 4, 5, 6, 1, 1, 3, 8, 3, 9, 8, 7, 5, 10, 4, 8, 9, 9, 10, 3, 9, 4, 9, 6, 6, 9, 8, 10, 10, 6, 4, 4, 2, 9, 2, 5, 5, 2, 7, 6, 6, 3, 10, 9, 9, 6, 1]
(1.1357989954762107, 0.33261571582346605, 1.1357049998827224, 0.1851851851851852, 1.1300484099425323, 0.899888765294772)
[6, 2, 3, 4, 7, 5, 4, 1, 4, 2, 6, 3, 6, 1, 5, 9, 4, 5, 6, 1, 1, 3, 3, 3, 9, 8, 7, 5, 10, 4, 8, 9, 9, 10, 3, 9, 4, 9, 6, 6, 9, 2, 10, 10, 6, 4, 4, 2, 9, 2, 5, 5, 2, 7, 6, 6, 3, 10, 9, 9, 6, 1]
(1.1358011857606416, 0.33261571582346605, 1.1357039204798585, 0.1851851851851852, 1.1302325128577597, 0.899888765294772)
[6, 2, 3, 4, 7, 5, 4, 1, 4, 2, 6, 3, 2, 1, 5, 9, 4, 5, 6, 1, 1, 10, 8, 3, 9, 8, 7, 5, 10, 4, 8, 9, 9, 10, 3, 9, 1, 9, 6, 6, 9, 8, 10, 10, 6, 4, 4, 2, 9, 2, 4, 5, 2, 7, 6, 6, 3, 10, 9, 9, 6, 1]
(1.1358020124025587, 0.33261571582346605, 1.1357110143639093, 0.1851851851851852, 1.1297132248990187, 0.899888765294772)
[6, 2, 3, 4, 7, 5, 4, 1, 4, 2, 6, 3, 2, 1, 5, 9, 4, 5, 6, 1, 1, 3, 8, 3, 9, 8, 7, 5, 10, 4, 8, 9, 9, 10, 3, 9, 4, 9, 6, 6, 9, 2, 10, 10, 6, 4, 4, 2, 9, 2, 7, 5, 2, 7, 6, 6, 3, 10, 9, 9, 6, 1]
(1.135801763925696, 0.33261571582346605, 1.1357107807882076, 0.1851851851851852, 1.129871492180968, 0.899888765294772)
[5, 2, 3, 4, 7, 5, 4, 1, 4, 2, 6, 1, 5, 1, 5, 9, 4, 6, 9, 8, 1, 6, 6, 6, 9, 9, 9, 7, 10, 10, 8, 9, 4, 5, 7, 9, 3, 9, 7, 5, 9, 8, 10, 10, 6, 1, 4, 2, 9, 7, 7, 4, 2, 7, 6, 6, 3, 10, 3, 9, 2, 3]
(1.1354941335506683, 0.262086513994911, 1.1355804548598774, 0.2631578947368421, 1.1282282217405686, 0.899888765294772)
[6, 2, 3, 4, 7, 10, 7, 1, 4, 2, 2, 4, 2, 1, 5, 9, 4, 2, 2, 1, 1, 8, 8, 6, 9, 5, 5, 7, 9, 2, 8, 9, 9, 5, 1, 8, 1, 8, 7, 7, 6, 10, 10, 4, 6, 1, 8, 1, 9, 4, 8, 5, 2, 7, 6, 6, 10, 10, 1, 9, 3, 3]
(1.1337653913535124, 0.3282603567759376, 1.1317253523506172, 0.961640281835165, 1.11926343729719, 0.1939456862057422)
[6, 2, 3, 4, 7, 5, 4, 1, 4, 2, 6, 3, 2, 9, 5, 9, 4, 2, 2, 1, 1, 8, 8, 6, 9, 5, 5, 7, 9, 2, 8, 9, 9, 5, 1, 8, 1, 8, 7, 7, 6, 10, 10, 4, 6, 1, 8, 1, 9, 4, 8, 5, 2, 7, 6, 6, 10, 10, 6, 9, 3, 3]
(1.1337501903064495, 0.3282603567759376, 1.1316453867591865, 0.961640281835165, 1.1162362904287821, 0.1939456862057422)
[6, 2, 3, 4, 7, 10, 7, 1, 4, 2, 2, 4, 2, 1, 5, 9, 4, 2, 2, 1, 1, 8, 8, 6, 9, 5, 5, 7, 9, 2, 8, 9, 9, 5, 1, 8, 1, 8, 7, 7, 6, 10, 10, 4, 6, 1, 9, 1, 7, 4, 8, 5, 2, 7, 6, 6, 10, 10, 1, 9, 3, 3]
(1.133692968729878, 0.33261571582346605, 1.1317556484602338, 1.0, 1.1144301493652113, 0.19545784005798494)
[6, 2, 3, 1, 7, 5, 4, 6, 4, 2, 6, 4, 5, 1, 5, 9, 4, 6, 10, 10, 1, 4, 9, 5, 9, 9, 9, 7, 9, 6, 8, 9, 5, 4, 3, 6, 1, 5, 8, 2, 7, 10, 10, 9, 6, 10, 3, 2, 9, 4, 3, 5, 2, 7, 6, 6, 4, 10, 1, 9, 2, 1]
(1.1367528471164352, 0.17871602082128396, 1.1364788954146152, 0.5555555555555554, 1.1361223840154653, 0.8179979777553086)
[6, 2, 3, 4, 7, 5, 4, 1, 4, 2, 6, 4, 5, 1, 5, 9, 4, 6, 10, 10, 1, 4, 3, 8, 9, 9, 9, 7, 9, 6, 8, 9, 5, 4, 3, 6, 1, 5, 8, 2, 7, 10, 10, 9, 6, 10, 3, 2, 9, 4, 3, 5, 2, 7, 6, 6, 3, 10, 1, 9, 2, 1]
(1.1367698631249314, 0.17871602082128396, 1.1364784578792697, 0.5555555555555554, 1.1360889193601853, 0.8179979777553086)
[6, 2, 3, 4, 7, 5, 4, 6, 4, 2, 6, 4, 5, 1, 5, 9, 4, 6, 10, 10, 1, 4, 9, 5, 9, 9, 9, 7, 9, 6, 8, 9, 5, 4, 3, 6, 1, 5, 8, 2, 7, 10, 10, 9, 6, 10, 3, 2, 9, 4, 3, 5, 2, 7, 6, 6, 4, 10, 1, 9, 2, 1]
(1.1367528471164352, 0.17871602082128396, 1.1364788954146152, 0.5555555555555554, 1.1361223840154653, 0.8179979777553086)
[6, 2, 3, 4, 7, 5, 4, 1, 4, 2, 6, 4, 5, 1, 5, 9, 4, 6, 10, 10, 1, 4, 9, 5, 9, 9, 9, 7, 9, 6, 8, 9, 5, 4, 3, 6, 1, 5, 8, 2, 7, 10, 10, 9, 6, 10, 3, 2, 9, 4, 3, 5, 2, 7, 6, 6, 3, 10, 1, 9, 2, 1]
(1.1367528471164352, 0.17871602082128396, 1.1364788954146152, 0.5555555555555554, 1.1361223840154653, 0.8179979777553086)
[6, 2, 3, 4, 7, 5, 4, 1, 4, 2, 6, 4, 5, 1, 5, 9, 4, 6, 10, 10, 1, 4, 9, 5, 9, 9, 9, 7, 9, 6, 8, 9, 5, 4, 3, 6, 1, 5, 8, 2, 7, 10, 10, 9, 6, 10, 3, 2, 9, 4, 3, 5, 2, 7, 6, 6, 3, 10, 1, 9, 2, 1]
(1.1367528471164352, 0.17871602082128396, 1.1364788954146152, 0.5555555555555554, 1.1361223840154653, 0.8179979777553086)
[6, 2, 3, 4, 7, 5, 4, 1, 4, 10, 6, 4, 5, 1, 5, 9, 4, 6, 10, 10, 1, 4, 9, 5, 9, 9, 9, 7, 9, 6, 8, 9, 5, 4, 3, 6, 1, 5, 8, 2, 7, 10, 10, 9, 6, 10, 3, 2, 9, 4, 3, 5, 2, 7, 6, 6, 3, 10, 1, 9, 2, 1]
(1.1367528471164352, 0.17871602082128396, 1.1364788954146152, 0.5555555555555554, 1.1361223840154653, 0.8179979777553086)
[6, 2, 3, 4, 7, 5, 4, 1, 4, 2, 6, 4, 5, 1, 5, 9, 4, 6, 10, 10, 1, 4, 9, 5, 9, 9, 9, 7, 9, 6, 8, 9, 5, 4, 3, 6, 1, 5, 8, 2, 7, 10, 10, 9, 6, 10, 3, 2, 9, 4, 3, 5, 2, 7, 6, 6, 3, 10, 1, 9, 2, 1]
(1.1367528471164352, 0.17871602082128396, 1.1364788954146152, 0.5555555555555554, 1.1361223840154653, 0.8179979777553086)
[6, 2, 3, 4, 7, 5, 4, 1, 4, 2, 6, 4, 5, 1, 5, 9, 4, 6, 10, 10, 1, 4, 9, 5, 9, 9, 9, 7, 9, 6, 8, 9, 5, 4, 3, 6, 1, 5, 8, 2, 7, 10, 10, 9, 6, 10, 3, 2, 9, 4, 3, 5, 2, 7, 6, 6, 3, 10, 1, 9, 2, 1]
(1.1367528471164352, 0.17871602082128396, 1.1364788954146152, 0.5555555555555554, 1.1361223840154653, 0.8179979777553086)
[6, 2, 3, 4, 7, 5, 4, 1, 4, 1, 6, 4, 5, 1, 5, 9, 4, 6, 10, 10, 1, 4, 9, 5, 9, 9, 9, 7, 9, 6, 8, 9, 5, 4, 3, 6, 1, 5, 8, 2, 7, 10, 10, 9, 6, 10, 3, 2, 9, 4, 3, 5, 2, 7, 6, 6, 4, 10, 1, 9, 2, 1]
(1.1367528471164352, 0.17871602082128396, 1.1364788954146152, 0.5555555555555554, 1.1361223840154653, 0.8179979777553086)
[6, 2, 3, 4, 7, 5, 4, 1, 4, 2, 6, 4, 5, 1, 5, 9, 4, 6, 10, 10, 1, 4, 9, 5, 9, 9, 9, 7, 9, 6, 8, 9, 5, 4, 3, 6, 1, 5, 8, 2, 7, 10, 10, 9, 6, 10, 3, 2, 9, 4, 3, 5, 2, 7, 6, 6, 3, 10, 1, 9, 2, 1]
(1.1367528471164352, 0.17871602082128396, 1.1364788954146152, 0.5555555555555554, 1.1361223840154653, 0.8179979777553086)
[6, 2, 3, 4, 7, 5, 4, 1, 4, 2, 6, 4, 5, 1, 5, 9, 4, 6, 10, 10, 1, 4, 9, 5, 9, 9, 9, 7, 9, 6, 8, 9, 5, 4, 3, 6, 1, 5, 8, 2, 7, 10, 10, 9, 6, 10, 3, 2, 9, 4, 3, 5, 2, 7, 6, 6, 3, 10, 1, 9, 2, 1]
(1.1367528471164352, 0.17871602082128396, 1.1364788954146152, 0.5555555555555554, 1.1361223840154653, 0.8179979777553086)
[6, 2, 3, 4, 7, 5, 4, 1, 4, 2, 6, 5, 5, 1, 5, 9, 4, 6, 10, 10, 1, 3, 3, 8, 9, 9, 9, 7, 9, 6, 8, 9, 5, 4, 3, 6, 1, 5, 8, 2, 7, 10, 10, 9, 6, 10, 3, 2, 9, 4, 3, 5, 2, 7, 6, 6, 4, 10, 1, 9, 2, 1]
(1.1367698631249314, 0.17871602082128396, 1.1364784578792697, 0.5555555555555554, 1.1360889193601853, 0.8179979777553086)
[6, 2, 3, 4, 8, 5, 4, 4, 3, 4, 8, 4, 3, 1, 5, 9, 9, 2, 10, 9, 1, 8, 8, 2, 6, 4, 6, 8, 8, 2, 9, 9, 4, 10, 10, 7, 10, 3, 7, 10, 9, 8, 10, 10, 5, 9, 8, 10, 9, 4, 8, 7, 2, 5, 6, 1, 3, 8, 1, 9, 2, 3]
(1.1328051920048838, 0.6319018404907977, 1.0, 1.0, 0.45688908481970214, 0.0)
[6, 10, 3, 2, 7, 5, 4, 3, 4, 2, 8, 1, 9, 7, 5, 9, 4, 6, 2, 4, 1, 6, 4, 2, 9, 9, 9, 7, 8, 6, 8, 9, 5, 4, 3, 6, 1, 5, 8, 2, 7, 10, 10, 9, 6, 10, 3, 2, 9, 4, 3, 5, 2, 7, 6, 1, 3, 10, 1, 9, 2, 1]
(1.1367231928743367, 0.6319018404907977, 1.1356062850914843, 0.5555555555555554, 1.1320103063248046, 0.5156150414276607)
[5, 2, 3, 4, 7, 8, 7, 1, 4, 2, 10, 4, 2, 1, 5, 9, 4, 6, 2, 4, 1, 6, 4, 2, 9, 9, 9, 10, 9, 7, 8, 9, 9, 10, 3, 6, 1, 6, 5, 7, 6, 8, 10, 4, 5, 1, 8, 1, 9, 1, 8, 5, 2, 7, 6, 6, 10, 10, 5, 1, 2, 3]
(1.1360316067002658, 0.262086513994911, 1.135672715771938, 0.5555555555555554, 1.051980232540514, 0.899888765294772)
[6, 2, 3, 4, 7, 5, 10, 1, 4, 2, 2, 4, 2, 8, 5, 5, 4, 5, 6, 8, 1, 5, 4, 8, 10, 9, 4, 7, 3, 2, 8, 9, 9, 7, 7, 2, 3, 7, 10, 7, 6, 10, 10, 4, 6, 1, 4, 2, 9, 4, 7, 4, 2, 8, 3, 6, 9, 10, 1, 9, 2, 1]
(1.1355948460288292, 0.34758155230596205, 1.13538739914074, 0.5555555555555554, 1.1295379183255083, 0.8179979777553086)
[6, 2, 3, 4, 7, 5, 4, 1, 4, 2, 6, 4, 5, 1, 5, 9, 4, 6, 10, 10, 1, 4, 9, 5, 9, 9, 9, 7, 9, 6, 8, 9, 5, 4, 3, 6, 1, 5, 8, 2, 7, 10, 10, 9, 6, 10, 3, 2, 9, 4, 3, 5, 2, 7, 6, 6, 3, 10, 1, 9, 2, 2]
(1.1358334264717942, 0.39666238767650824, 1.1357621063478236, 0.5555555555555554, 1.1330037792213206, 0.8179979777553086)
[3, 2, 3, 4, 7, 8, 7, 1, 4, 2, 6, 3, 2, 9, 5, 9, 4, 2, 3, 1, 1, 8, 8, 6, 9, 5, 5, 7, 9, 2, 8, 9, 9, 5, 1, 8, 1, 8, 8, 6, 9, 8, 10, 10, 6, 1, 8, 1, 9, 4, 8, 5, 2, 7, 6, 6, 10, 10, 1, 9, 3, 3]
(1.1342150590382463, 0.5841209829867666, 1.1317155606113323, 1.0, 1.1181535220704923, 0.19545784005798494)
[3, 2, 3, 4, 7, 5, 4, 1, 4, 2, 6, 3, 2, 9, 5, 9, 4, 2, 3, 1, 1, 8, 8, 6, 9, 5, 5, 7, 9, 2, 8, 9, 9, 5, 1, 8, 1, 8, 8, 6, 9, 8, 10, 10, 6, 1, 8, 1, 9, 4, 8, 5, 2, 7, 6, 6, 10, 10, 1, 9, 3, 3]
(1.1342150590382463, 0.5841209829867666, 1.131730491761113, 1.0, 1.1188295527361283, 0.19545784005798494)
[6, 2, 3, 1, 7, 5, 4, 1, 4, 5, 6, 8, 2, 9, 5, 9, 4, 2, 2, 1, 1, 8, 8, 1, 9, 5, 5, 7, 9, 2, 8, 9, 9, 1, 1, 6, 1, 6, 5, 7, 6, 10, 10, 4, 6, 1, 8, 1, 8, 4, 8, 5, 2, 7, 6, 6, 10, 10, 6, 9, 3, 3]
(1.1339349721558338, 0.33261571582346605, 1.1313977905549057, 1.0, 1.120325808133925, 0.476162448499117)
[6, 7, 3, 4, 7, 8, 7, 1, 4, 2, 2, 4, 7, 1, 5, 9, 4, 3, 6, 8, 1, 5, 4, 2, 10, 9, 9, 7, 10, 1, 8, 9, 10, 5, 3, 7, 1, 10, 5, 10, 9, 10, 10, 4, 3, 10, 3, 2, 9, 7, 9, 4, 2, 1, 1, 6, 3, 10, 7, 5, 5, 1]
(1.13563228277489, 0.6319018404907977, 1.1353531488217359, 0.5555555555555554, 1.1270132876001246, 0.6227867590454195)
[6, 2, 3, 4, 8, 5, 8, 4, 3, 4, 8, 4, 3, 1, 5, 9, 9, 2, 10, 9, 1, 8, 8, 2, 6, 4, 5, 8, 8, 2, 9, 9, 4, 10, 6, 7, 10, 3, 7, 10, 9, 8, 10, 10, 5, 9, 8, 10, 9, 4, 8, 7, 2, 5, 6, 1, 3, 8, 1, 9, 2, 3]
(1.1335850951261766, 0.34758155230596205, 0.8618525789119271, 1.0, 0.5107843189500263, 0.5060732028447081)
[5, 2, 3, 10, 7, 5, 4, 1, 4, 6, 3, 3, 6, 1, 5, 9, 4, 5, 6, 10, 1, 3, 8, 3, 9, 8, 7, 5, 10, 4, 8, 9, 9, 10, 3, 9, 4, 9, 6, 6, 9, 8, 10, 10, 6, 4, 4, 2, 9, 2, 7, 5, 4, 7, 6, 6, 3, 10, 9, 9, 6, 1]
(1.1355587058700567, 0.23250564334085785, 1.1355256597511416, 1.0, 1.1295721850357898, 0.6227867590454195)
[3, 2, 3, 4, 8, 5, 4, 1, 4, 10, 8, 4, 3, 1, 5, 9, 8, 2, 2, 8, 1, 9, 8, 2, 6, 4, 5, 8, 8, 2, 2, 5, 4, 10, 6, 7, 10, 3, 7, 6, 9, 8, 10, 10, 5, 9, 8, 10, 9, 4, 8, 7, 2, 5, 6, 1, 3, 8, 1, 9, 2, 3]
(1.1337278497405296, 0.34758155230596205, 0.7814829065464486, 1.0, 0.4991548019461321, 0.5156150414276607)
[4, 10, 3, 4, 8, 5, 4, 1, 4, 2, 8, 8, 3, 1, 5, 9, 8, 2, 2, 9, 1, 8, 8, 2, 6, 4, 5, 8, 8, 2, 9, 5, 4, 10, 6, 7, 10, 3, 7, 6, 9, 8, 10, 10, 5, 9, 8, 10, 9, 4, 8, 5, 2, 5, 6, 1, 3, 8, 1, 9, 2, 3]
(1.133759645093227, 0.34758155230596205, 0.7406311702914584, 1.0, 0.49862257717177144, 0.5156150414276607)
[4, 10, 3, 4, 8, 5, 4, 1, 4, 2, 8, 8, 3, 1, 5, 9, 8, 2, 2, 9, 1, 8, 8, 2, 6, 4, 5, 8, 8, 2, 9, 5, 4, 10, 6, 7, 10, 3, 7, 6, 9, 8, 10, 10, 5, 9, 8, 10, 9, 4, 8, 5, 2, 5, 6, 1, 3, 8, 1, 9, 2, 3]
(1.133759645093227, 0.34758155230596205, 0.6995483283884874, 1.0, 0.49862257717177144, 0.5156150414276607)
[3, 2, 3, 4, 8, 5, 4, 1, 4, 10, 8, 4, 3, 1, 5, 9, 8, 2, 2, 8, 1, 9, 8, 2, 6, 4, 5, 8, 8, 2, 2, 5, 4, 10, 6, 7, 10, 3, 7, 6, 9, 8, 10, 10, 5, 9, 8, 10, 9, 4, 8, 7, 2, 5, 6, 1, 3, 8, 1, 9, 2, 3]
(1.1337278497405296, 0.34758155230596205, 0.7814829065464486, 1.0, 0.4991548019461321, 0.5156150414276607)
[6, 2, 3, 4, 8, 5, 8, 4, 3, 4, 8, 4, 3, 1, 5, 9, 6, 2, 2, 8, 1, 9, 8, 2, 6, 4, 5, 8, 8, 2, 2, 5, 4, 10, 6, 7, 10, 3, 7, 6, 9, 8, 10, 10, 5, 9, 8, 10, 9, 2, 2, 7, 2, 3, 6, 1, 3, 8, 1, 9, 2, 3]
(1.1340541304089076, 0.34758155230596205, 0.7347084402106752, 1.0, 0.4789424884133024, 0.5824334053275734)
[3, 8, 3, 2, 7, 7, 4, 7, 4, 2, 8, 9, 3, 1, 5, 9, 8, 2, 3, 9, 1, 8, 8, 2, 6, 4, 5, 8, 8, 2, 5, 5, 4, 10, 6, 8, 10, 3, 7, 10, 10, 8, 10, 10, 5, 9, 8, 10, 9, 4, 8, 7, 2, 5, 6, 5, 3, 8, 1, 9, 2, 3]
(1.1341318818740493, 0.34758155230596205, 0.8031215573661071, 1.0, 0.4655194710008815, 0.5824334053275734)
[3, 8, 3, 2, 7, 7, 4, 7, 4, 2, 8, 9, 3, 1, 5, 9, 8, 2, 3, 9, 1, 8, 8, 2, 6, 4, 5, 8, 8, 2, 5, 5, 4, 10, 6, 8, 10, 3, 7, 10, 10, 8, 10, 10, 5, 9, 8, 10, 9, 4, 8, 7, 2, 5, 6, 5, 3, 8, 1, 9, 2, 3]
(1.1341318818740493, 0.34758155230596205, 0.8031215573661071, 1.0, 0.4655194710008815, 0.5824334053275734)
[6, 2, 3, 4, 8, 5, 8, 4, 3, 4, 8, 4, 3, 4, 5, 9, 8, 2, 10, 9, 1, 3, 8, 2, 6, 4, 5, 8, 8, 2, 9, 5, 4, 10, 6, 7, 10, 3, 7, 10, 9, 6, 10, 10, 5, 9, 8, 10, 5, 4, 8, 7, 2, 5, 6, 1, 3, 8, 1, 9, 2, 3]
(1.1333705469034558, 0.34758155230596205, 0.8324926451779879, 1.0, 0.5824334053275734, 0.5824334053275734)
[6, 2, 3, 4, 8, 5, 8, 4, 3, 4, 8, 4, 3, 4, 5, 9, 8, 2, 10, 9, 1, 3, 8, 2, 6, 4, 5, 8, 8, 2, 9, 5, 4, 10, 6, 7, 10, 3, 7, 10, 9, 6, 10, 10, 5, 9, 8, 10, 5, 4, 8, 7, 2, 5, 6, 1, 3, 8, 1, 9, 2, 3]
(1.1333705469034558, 0.34758155230596205, 0.8324926451779879, 1.0, 0.5824334053275734, 0.5824334053275734)
[6, 3, 3, 4, 2, 5, 8, 4, 3, 4, 8, 4, 3, 4, 5, 9, 8, 2, 10, 9, 1, 3, 7, 2, 6, 4, 5, 8, 8, 2, 9, 5, 4, 10, 6, 7, 10, 3, 7, 10, 9, 6, 10, 10, 5, 9, 8, 10, 5, 4, 8, 7, 2, 5, 6, 1, 3, 8, 1, 9, 2, 3]
(1.133370561804617, 0.34758155230596205, 0.8323402051813877, 1.0, 0.5824334053275734, 0.5824334053275734)
[6, 3, 3, 4, 2, 5, 8, 4, 3, 4, 3, 4, 3, 4, 5, 9, 8, 2, 10, 9, 1, 3, 8, 2, 6, 4, 5, 8, 8, 2, 9, 5, 4, 10, 6, 7, 10, 3, 7, 10, 9, 6, 10, 10, 5, 9, 8, 10, 5, 4, 8, 7, 2, 5, 6, 1, 3, 8, 1, 9, 2, 3]
(1.133370561804617, 0.34758155230596205, 0.8877553806640172, 1.0, 0.5824334053275734, 0.5824334053275734)
[6, 2, 3, 4, 8, 5, 8, 4, 3, 4, 8, 4, 3, 4, 5, 9, 8, 2, 10, 9, 1, 3, 8, 8, 6, 4, 5, 8, 8, 2, 9, 5, 4, 10, 6, 7, 10, 3, 7, 10, 9, 6, 10, 10, 5, 9, 8, 10, 5, 4, 5, 7, 2, 5, 6, 1, 3, 8, 1, 9, 2, 3]
(1.1328980588354116, 0.34758155230596205, 0.8074218436144326, 1.0, 0.5824334053275734, 0.5824334053275734)
[6, 2, 3, 4, 8, 5, 8, 4, 3, 4, 8, 4, 3, 4, 5, 9, 8, 2, 10, 9, 1, 3, 8, 8, 6, 4, 5, 8, 8, 2, 9, 5, 4, 10, 6, 7, 10, 3, 7, 10, 9, 6, 10, 10, 5, 9, 8, 10, 5, 4, 5, 7, 2, 5, 6, 1, 3, 8, 1, 9, 2, 3]
(1.1328980588354116, 0.34758155230596205, 0.8074218436144326, 1.0, 0.5824334053275734, 0.5824334053275734)
[1, 10, 3, 2, 7, 5, 4, 7, 4, 2, 6, 1, 5, 7, 5, 9, 4, 6, 2, 4, 1, 5, 4, 8, 9, 9, 9, 9, 9, 7, 8, 9, 9, 10, 3, 7, 1, 8, 10, 10, 9, 10, 10, 4, 6, 7, 7, 6, 3, 1, 3, 5, 2, 7, 6, 6, 10, 10, 1, 1, 1, 3]
(1.1362104180268888, 0.8153034300791567, 1.135261488612736, 0.5555555555555554, 1.114349888730789, 0.6227867590454195)
[1, 10, 3, 4, 5, 5, 4, 1, 4, 2, 2, 1, 5, 1, 5, 9, 4, 6, 2, 4, 1, 6, 4, 2, 9, 9, 9, 9, 9, 7, 8, 9, 6, 10, 3, 7, 1, 8, 9, 10, 9, 10, 10, 4, 6, 1, 7, 6, 5, 1, 3, 5, 2, 7, 6, 6, 10, 10, 1, 1, 1, 3]
(1.1362052236683613, 0.8153034300791567, 1.1350850024260526, 0.5555555555555554, 0.6227867590454195, 0.6227867590454195)
[6, 7, 3, 4, 7, 8, 7, 1, 4, 2, 2, 3, 2, 1, 5, 9, 4, 5, 2, 2, 1, 5, 4, 8, 10, 9, 9, 7, 10, 10, 8, 9, 10, 5, 3, 9, 1, 9, 6, 6, 9, 8, 10, 10, 6, 1, 4, 2, 9, 7, 7, 4, 2, 5, 1, 6, 3, 10, 5, 9, 2, 1]
(1.1328181010670908, 0.6319018404907977, 1.1360737855546121, 0.5555555555555554, 1.134158970881248, 0.8179979777553086)
[6, 7, 3, 4, 7, 8, 7, 1, 4, 2, 2, 2, 2, 1, 5, 9, 4, 5, 2, 2, 1, 5, 4, 8, 10, 9, 9, 7, 10, 10, 8, 9, 10, 5, 3, 9, 1, 9, 6, 6, 9, 8, 10, 10, 6, 1, 4, 2, 9, 7, 7, 4, 2, 4, 1, 6, 4, 10, 5, 9, 2, 1]
(1.1337682715617066, 0.6319018404907977, 1.1360176424495823, 0.5555555555555554, 1.1342434721998818, 0.8179979777553086)
[6, 2, 3, 4, 7, 8, 7, 1, 4, 2, 6, 4, 5, 1, 5, 9, 4, 6, 9, 8, 1, 7, 4, 2, 10, 9, 9, 7, 10, 10, 5, 9, 10, 5, 7, 9, 3, 9, 6, 5, 9, 8, 10, 10, 6, 3, 4, 2, 9, 7, 7, 4, 2, 1, 1, 6, 3, 10, 7, 9, 2, 1]
(1.1332737608812697, 0.6319018404907977, 1.135707151982928, 0.5555555555555554, 1.132845552358771, 0.8179979777553086)
[6, 2, 3, 4, 7, 8, 7, 1, 4, 2, 6, 4, 5, 1, 5, 9, 4, 6, 9, 8, 1, 7, 4, 2, 10, 9, 9, 7, 10, 10, 5, 9, 10, 5, 7, 9, 3, 9, 6, 5, 9, 8, 10, 10, 6, 3, 4, 2, 9, 7, 7, 4, 2, 1, 1, 6, 3, 10, 7, 9, 2, 1]
(1.1332737608812697, 0.6319018404907977, 1.135707151982928, 0.5555555555555554, 1.132845552358771, 0.8179979777553086)
[6, 7, 2, 4, 7, 8, 7, 1, 4, 2, 2, 3, 2, 1, 5, 9, 4, 5, 2, 2, 1, 5, 4, 8, 10, 9, 9, 7, 10, 10, 8, 9, 10, 5, 3, 9, 1, 9, 6, 6, 9, 8, 10, 10, 6, 1, 4, 2, 9, 7, 7, 4, 2, 5, 1, 6, 3, 10, 5, 9, 2, 1]
(1.1327416433952697, 0.6319018404907977, 1.1358869415707833, 0.5555555555555554, 1.1341703497804647, 0.8179979777553086)
[6, 7, 2, 4, 5, 9, 7, 1, 4, 2, 2, 3, 2, 1, 5, 9, 4, 5, 2, 2, 1, 5, 4, 8, 10, 9, 9, 7, 10, 10, 8, 9, 10, 5, 3, 9, 1, 9, 6, 6, 9, 8, 10, 10, 6, 1, 4, 2, 9, 7, 5, 4, 2, 1, 1, 6, 3, 10, 5, 9, 2, 1]
(1.1327172500081308, 0.6319018404907977, 1.135600322205568, 0.5555555555555554, 1.1352710052393322, 0.8179979777553086)
[6, 7, 2, 4, 5, 9, 7, 1, 4, 2, 2, 3, 2, 1, 5, 9, 4, 5, 2, 2, 1, 5, 4, 8, 10, 9, 9, 7, 10, 10, 8, 9, 10, 5, 3, 9, 1, 9, 6, 6, 9, 8, 10, 10, 6, 1, 4, 2, 9, 7, 7, 4, 2, 5, 1, 6, 3, 10, 5, 9, 2, 1]
(1.131981048453594, 0.6319018404907977, 1.135725076589728, 0.5555555555555554, 1.135021020378912, 0.8179979777553086)
[6, 5, 3, 4, 7, 8, 7, 1, 4, 2, 6, 4, 5, 1, 5, 9, 4, 6, 9, 8, 1, 7, 4, 2, 10, 9, 9, 7, 10, 10, 5, 9, 10, 5, 7, 9, 3, 9, 6, 5, 9, 8, 10, 10, 6, 3, 4, 2, 9, 7, 7, 4, 2, 1, 1, 6, 3, 10, 7, 9, 2, 1]
(1.1332737608812697, 0.6319018404907977, 1.135707151982928, 0.5555555555555554, 1.132845552358771, 0.8179979777553086)
[6, 2, 3, 4, 4, 8, 7, 1, 4, 2, 6, 4, 5, 1, 5, 9, 4, 6, 5, 8, 1, 7, 4, 2, 10, 9, 9, 7, 10, 10, 5, 9, 10, 5, 7, 9, 3, 9, 6, 5, 9, 8, 10, 10, 6, 3, 4, 2, 9, 7, 7, 4, 2, 1, 1, 6, 3, 10, 7, 9, 2, 1]
(1.1345701293088442, 0.6319018404907977, 1.1357839862815982, 0.5555555555555554, 1.1346406511031037, 0.8179979777553086)
[6, 2, 3, 4, 7, 5, 7, 1, 4, 2, 2, 4, 2, 8, 5, 5, 4, 5, 6, 8, 1, 5, 4, 8, 10, 9, 4, 7, 3, 2, 8, 9, 9, 5, 7, 8, 3, 7, 10, 7, 6, 10, 10, 4, 6, 1, 4, 2, 9, 4, 7, 4, 2, 8, 3, 6, 3, 10, 1, 9, 2, 1]
(0.6319018404907977, 0.6319018404907977, 1.1352144069038277, 0.5555555555555554, 1.135116761270905, 0.8179979777553086)
[1, 10, 3, 4, 5, 5, 4, 1, 4, 2, 2, 1, 5, 1, 5, 9, 4, 6, 2, 4, 1, 6, 4, 2, 9, 9, 9, 9, 9, 7, 8, 9, 9, 10, 3, 7, 1, 8, 9, 10, 9, 10, 10, 4, 10, 1, 7, 6, 5, 1, 3, 5, 2, 7, 6, 6, 10, 10, 1, 1, 1, 3]
(1.136211050394917, 0.8153034300791567, 1.1352437804453022, 0.5555555555555554, 0.899888765294772, 0.6449935271404731)
[6, 2, 3, 4, 7, 5, 4, 5, 3, 4, 8, 4, 3, 1, 5, 9, 8, 2, 2, 9, 1, 8, 8, 2, 6, 4, 6, 8, 8, 2, 9, 9, 4, 10, 10, 7, 10, 3, 7, 10, 9, 8, 10, 10, 5, 9, 8, 10, 9, 4, 8, 7, 2, 5, 6, 1, 3, 8, 1, 9, 2, 3]
(1.1328663078136687, 0.6319018404907977, 1.0, 1.0, 0.4572038774378576, 0.45220793739519277)
[6, 2, 3, 1, 5, 5, 7, 1, 4, 2, 5, 8, 3, 1, 5, 9, 4, 3, 6, 8, 1, 5, 8, 2, 10, 9, 9, 7, 10, 1, 8, 9, 10, 5, 3, 7, 1, 10, 5, 10, 9, 10, 10, 4, 8, 10, 3, 2, 9, 7, 9, 3, 2, 1, 1, 6, 3, 10, 7, 9, 5, 1]
(1.1356463112868314, 0.6319018404907977, 1.1353781352750902, 0.5555555555555554, 1.1273717881180294, 0.899888765294772)
[6, 2, 3, 1, 5, 5, 7, 1, 4, 2, 2, 4, 3, 1, 5, 9, 4, 3, 6, 8, 1, 5, 2, 2, 10, 9, 9, 7, 10, 1, 8, 9, 10, 5, 3, 7, 1, 10, 5, 10, 9, 10, 10, 4, 8, 10, 3, 2, 9, 7, 9, 3, 2, 1, 1, 6, 3, 10, 7, 9, 5, 1]
(1.1355851934291368, 0.6319018404907977, 1.1353737534023767, 0.5555555555555554, 1.1273067469708569, 0.899888765294772)
[6, 7, 3, 4, 7, 8, 7, 1, 4, 2, 2, 4, 3, 4, 5, 9, 4, 3, 9, 8, 1, 7, 2, 2, 10, 9, 9, 7, 10, 1, 8, 9, 10, 5, 3, 7, 1, 10, 5, 10, 9, 10, 10, 4, 3, 10, 3, 2, 9, 7, 9, 4, 2, 1, 1, 6, 3, 10, 7, 9, 5, 1]
(1.1355590074323063, 0.6319018404907977, 1.1351029790006524, 0.5555555555555554, 1.127952397894109, 0.899888765294772)
[6, 2, 3, 1, 5, 5, 7, 1, 4, 2, 2, 4, 3, 4, 5, 9, 4, 3, 9, 8, 1, 7, 2, 2, 10, 9, 9, 7, 10, 1, 8, 9, 10, 5, 3, 7, 1, 10, 5, 10, 9, 10, 10, 4, 8, 10, 3, 2, 9, 7, 9, 3, 2, 1, 1, 6, 3, 10, 7, 9, 5, 1]
(1.1355526533909088, 0.6319018404907977, 1.1351148200221306, 0.5555555555555554, 1.1275264029391057, 0.899888765294772)
[6, 10, 3, 2, 7, 5, 4, 1, 2, 2, 2, 4, 3, 4, 5, 9, 4, 3, 6, 8, 1, 5, 4, 2, 10, 9, 9, 9, 10, 1, 8, 9, 10, 5, 3, 7, 1, 10, 5, 10, 9, 10, 10, 2, 3, 10, 3, 2, 9, 7, 9, 4, 2, 1, 1, 6, 3, 10, 7, 9, 5, 1]
(1.1355406125076062, 0.6319018404907977, 1.1348873910494095, 0.5555555555555554, 1.127766811940814, 0.899888765294772)
[6, 7, 3, 4, 7, 8, 7, 1, 4, 2, 2, 4, 3, 4, 5, 9, 4, 3, 6, 8, 1, 5, 4, 2, 10, 9, 9, 9, 10, 1, 8, 9, 10, 5, 3, 7, 1, 10, 5, 10, 9, 10, 10, 2, 3, 10, 3, 2, 9, 7, 9, 4, 2, 1, 1, 6, 3, 10, 7, 9, 5, 1]
(1.1355900338850862, 0.6319018404907977, 1.135333789605642, 0.5555555555555554, 1.1277685969136604, 0.899888765294772)
[6, 7, 3, 4, 7, 8, 7, 1, 4, 2, 2, 4, 7, 1, 5, 9, 4, 3, 6, 8, 1, 5, 4, 2, 10, 9, 9, 7, 10, 1, 8, 9, 10, 5, 3, 7, 1, 10, 5, 10, 9, 10, 10, 4, 3, 10, 3, 2, 9, 7, 9, 4, 2, 1, 1, 6, 3, 10, 7, 9, 5, 1]
(1.135589747410262, 0.6319018404907977, 1.1354241871274955, 0.5555555555555554, 1.1272627533413417, 0.899888765294772)
[6, 2, 3, 1, 8, 9, 8, 7, 3, 4, 8, 8, 3, 1, 5, 9, 6, 2, 2, 8, 1, 9, 8, 2, 6, 5, 5, 8, 8, 7, 2, 5, 4, 5, 6, 7, 10, 3, 7, 10, 9, 8, 10, 10, 5, 9, 8, 10, 9, 4, 8, 7, 2, 5, 6, 1, 3, 8, 1, 9, 2, 3]
(1.1339264254085666, 0.34758155230596205, 0.821278597507626, 1.0, 0.4787259739823622, 0.7862001943634587)
[6, 2, 3, 4, 8, 9, 2, 3, 3, 4, 8, 1, 3, 1, 5, 9, 6, 1, 2, 1, 1, 9, 8, 9, 6, 4, 5, 8, 8, 7, 2, 5, 4, 5, 6, 7, 10, 6, 7, 10, 9, 8, 10, 10, 5, 9, 8, 10, 9, 2, 8, 7, 2, 5, 6, 1, 3, 8, 1, 9, 2, 3]
(1.1343369334004765, 0.34758155230596205, 0.916320090834048, 1.0, 0.47827990753575994, 0.7862001943634587)
[4, 2, 3, 4, 8, 5, 8, 4, 3, 4, 8, 4, 3, 1, 5, 9, 6, 2, 2, 9, 1, 3, 8, 2, 6, 4, 5, 8, 8, 2, 9, 5, 4, 10, 6, 7, 10, 3, 7, 10, 5, 8, 10, 10, 5, 9, 8, 10, 9, 4, 2, 7, 2, 5, 6, 1, 3, 8, 1, 9, 2, 3]
(1.1338021871633774, 0.34758155230596205, 0.7983588059432852, 1.0, 0.5028873895294952, 0.8179979777553086)
[6, 2, 3, 4, 8, 9, 2, 3, 3, 4, 8, 1, 3, 1, 5, 9, 6, 2, 2, 1, 1, 9, 8, 2, 6, 4, 5, 8, 8, 7, 2, 5, 4, 5, 6, 7, 10, 3, 7, 10, 9, 8, 10, 10, 5, 9, 8, 10, 9, 2, 8, 7, 2, 5, 6, 1, 3, 8, 1, 9, 2, 3]
(1.1344405080191737, 0.34758155230596205, 0.7710343020968188, 1.0, 0.47874724576249544, 0.8179979777553086)
[6, 2, 3, 4, 8, 9, 2, 3, 3, 4, 8, 1, 3, 1, 5, 9, 6, 2, 2, 1, 1, 9, 8, 2, 6, 4, 5, 8, 8, 7, 2, 5, 4, 5, 6, 7, 10, 3, 7, 10, 9, 8, 10, 10, 5, 9, 8, 10, 9, 2, 8, 7, 2, 5, 6, 1, 3, 8, 1, 9, 2, 3]
(1.1344405080191737, 0.34758155230596205, 0.7710343020968188, 1.0, 0.47874724576249544, 0.8179979777553086)
[6, 2, 3, 4, 3, 9, 2, 3, 3, 4, 8, 1, 3, 1, 5, 9, 6, 2, 2, 1, 1, 9, 8, 2, 6, 4, 5, 8, 8, 7, 2, 5, 4, 5, 6, 7, 10, 3, 7, 10, 9, 8, 10, 10, 5, 9, 8, 10, 9, 2, 8, 7, 2, 5, 6, 1, 3, 8, 1, 9, 2, 3]
(1.1344405080191737, 0.34758155230596205, 0.7710343020968188, 1.0, 0.47874724576249544, 0.8179979777553086)
[3, 8, 3, 7, 8, 5, 4, 1, 4, 2, 8, 8, 3, 1, 5, 9, 8, 2, 7, 9, 1, 8, 8, 2, 6, 4, 5, 8, 8, 2, 5, 5, 4, 10, 6, 5, 10, 3, 7, 10, 9, 8, 10, 10, 5, 9, 8, 10, 9, 4, 8, 7, 2, 5, 6, 1, 3, 8, 1, 9, 2, 3]
(1.134125982318068, 0.34758155230596205, 0.78709380133078, 1.0, 0.5028433366678644, 0.8179979777553086)
[6, 2, 3, 4, 8, 2, 8, 4, 3, 4, 8, 4, 3, 1, 5, 9, 8, 2, 10, 9, 1, 8, 8, 2, 6, 4, 5, 8, 8, 2, 9, 5, 4, 10, 6, 7, 10, 3, 7, 10, 9, 6, 10, 10, 5, 9, 8, 10, 5, 4, 8, 7, 2, 5, 6, 1, 3, 8, 1, 9, 2, 3]
(1.1332934265024905, 0.34758155230596205, 0.8613754197023774, 1.0, 0.5114252013154318, 0.8179979777553086)
[3, 8, 3, 7, 8, 5, 4, 1, 4, 2, 8, 8, 3, 1, 5, 9, 8, 2, 7, 9, 1, 8, 8, 2, 6, 4, 5, 8, 8, 2, 5, 5, 4, 10, 6, 5, 10, 3, 7, 10, 9, 8, 10, 10, 5, 9, 8, 10, 9, 4, 8, 7, 2, 5, 6, 1, 3, 8, 1, 9, 2, 3]
(1.134125982318068, 0.34758155230596205, 0.78709380133078, 1.0, 0.5028433366678644, 0.8179979777553086)
[4, 2, 3, 4, 8, 5, 8, 4, 3, 4, 8, 4, 3, 1, 5, 9, 6, 2, 2, 8, 1, 8, 8, 9, 6, 4, 5, 8, 8, 2, 9, 5, 4, 10, 6, 7, 10, 3, 7, 10, 5, 8, 10, 10, 5, 9, 8, 10, 9, 4, 2, 7, 2, 5, 6, 1, 3, 8, 1, 9, 2, 3]
(1.1338021871633774, 0.34758155230596205, 0.789473194722091, 1.0, 0.502875398751347, 0.8179979777553086)
[6, 2, 3, 4, 3, 9, 2, 3, 3, 4, 8, 1, 3, 1, 5, 9, 8, 2, 9, 9, 1, 3, 8, 2, 6, 4, 5, 8, 8, 2, 9, 5, 4, 10, 6, 7, 10, 3, 7, 10, 9, 6, 10, 10, 5, 9, 8, 10, 5, 4, 8, 7, 2, 5, 6, 1, 3, 8, 1, 9, 2, 3]
(1.133635822590435, 0.34758155230596205, 0.8604840417392517, 1.0, 0.5106509708799412, 0.8179979777553086)
[6, 10, 3, 4, 8, 5, 8, 4, 3, 4, 8, 4, 3, 1, 5, 9, 8, 2, 10, 9, 1, 8, 8, 2, 6, 4, 5, 8, 8, 2, 9, 5, 4, 10, 6, 7, 10, 3, 5, 10, 9, 6, 10, 10, 5, 9, 8, 10, 5, 4, 8, 7, 2, 5, 6, 1, 3, 8, 1, 9, 2, 3]
(1.1328412258066183, 0.34758155230596205, 0.8440562163479594, 1.0, 0.5103983932174733, 0.8179979777553086)
[6, 2, 3, 4, 8, 9, 2, 3, 3, 4, 8, 1, 3, 1, 5, 9, 6, 2, 2, 1, 1, 9, 8, 2, 6, 4, 5, 8, 8, 7, 2, 5, 4, 5, 6, 7, 10, 3, 7, 10, 9, 8, 10, 10, 5, 9, 8, 10, 9, 2, 8, 7, 2, 5, 6, 1, 3, 8, 1, 9, 2, 3]
(1.1344405080191737, 0.34758155230596205, 0.7710343020968188, 1.0, 0.47874724576249544, 0.8179979777553086)
[6, 2, 3, 6, 8, 9, 2, 9, 3, 2, 8, 1, 3, 1, 5, 9, 6, 2, 2, 8, 1, 9, 8, 2, 6, 4, 5, 8, 8, 7, 2, 5, 4, 5, 6, 7, 10, 3, 7, 10, 9, 8, 10, 10, 5, 9, 8, 10, 9, 4, 8, 10, 2, 5, 6, 1, 3, 8, 1, 9, 2, 3]
(1.1339594106189852, 0.34758155230596205, 0.8187771837227055, 1.0, 0.5027082148008036, 0.8179979777553086)
[6, 2, 3, 4, 8, 9, 2, 3, 3, 4, 8, 1, 3, 1, 5, 9, 6, 2, 2, 1, 1, 9, 8, 2, 6, 4, 5, 8, 8, 7, 2, 5, 4, 5, 6, 7, 10, 3, 7, 10, 9, 8, 10, 10, 5, 9, 8, 10, 9, 2, 8, 7, 2, 5, 6, 1, 3, 8, 1, 9, 2, 3]
(1.1344405080191737, 0.34758155230596205, 0.7710343020968188, 1.0, 0.47874724576249544, 0.8179979777553086)
[6, 2, 3, 4, 8, 9, 2, 4, 3, 4, 8, 4, 3, 1, 5, 9, 6, 2, 2, 8, 1, 9, 8, 2, 6, 4, 5, 8, 8, 7, 2, 5, 4, 5, 6, 7, 10, 3, 7, 10, 9, 8, 10, 10, 5, 9, 8, 10, 9, 4, 8, 7, 2, 5, 6, 1, 3, 8, 1, 9, 2, 3]
(1.13427876727655, 0.34758155230596205, 0.8145857368595913, 1.0, 0.4811334491707368, 0.8179979777553086)
[1, 10, 3, 4, 5, 5, 4, 1, 4, 2, 2, 6, 5, 1, 5, 9, 4, 6, 2, 4, 1, 6, 4, 2, 9, 9, 9, 9, 9, 7, 8, 9, 6, 10, 3, 7, 1, 8, 9, 10, 9, 10, 10, 4, 6, 7, 7, 6, 3, 1, 3, 5, 2, 7, 6, 6, 10, 10, 1, 1, 1, 3]
(1.1362433101050502, 0.8153034300791567, 1.1350578186102158, 0.5555555555555554, 0.6261440834961869, 0.899888765294772)
[1, 10, 3, 4, 7, 5, 4, 7, 4, 2, 8, 1, 9, 7, 5, 9, 4, 6, 2, 4, 1, 6, 4, 2, 9, 9, 9, 7, 8, 6, 8, 9, 9, 10, 3, 7, 1, 8, 5, 10, 9, 10, 10, 4, 6, 1, 7, 6, 5, 1, 3, 5, 2, 7, 6, 6, 10, 10, 1, 1, 1, 3]
(1.1351721047423726, 0.8153034300791567, 1.1340169471688515, 0.5555555555555554, 1.0911348196677817, 0.899888765294772)
[1, 10, 3, 4, 5, 5, 4, 1, 4, 2, 2, 1, 5, 1, 5, 9, 4, 6, 4, 4, 1, 6, 4, 2, 9, 9, 9, 9, 9, 7, 8, 9, 9, 10, 3, 7, 1, 8, 9, 10, 9, 10, 10, 4, 6, 7, 7, 6, 8, 1, 3, 5, 2, 7, 6, 6, 10, 10, 1, 1, 1, 3]
(1.1362460617907293, 0.8153034300791567, 1.135332018975163, 0.5555555555555554, 0.7512675534002534, 0.899888765294772)
[6, 2, 3, 4, 5, 9, 8, 4, 3, 4, 8, 4, 3, 1, 5, 9, 4, 2, 2, 8, 1, 8, 8, 2, 6, 4, 5, 8, 8, 7, 2, 5, 4, 6, 6, 7, 10, 3, 7, 10, 9, 8, 10, 6, 5, 9, 8, 10, 9, 4, 8, 7, 2, 5, 6, 1, 3, 8, 1, 9, 2, 3]
(1.1331595704890733, 0.6319018404907977, 0.7784311427734841, 1.0, 0.48106011739000515, 0.8179979777553086)
[6, 2, 3, 4, 8, 8, 8, 4, 3, 4, 8, 4, 3, 1, 5, 9, 8, 2, 2, 9, 1, 8, 8, 2, 6, 4, 5, 8, 8, 7, 7, 5, 4, 10, 6, 7, 10, 3, 7, 10, 6, 8, 10, 3, 5, 9, 8, 10, 9, 4, 2, 7, 2, 5, 6, 1, 3, 8, 1, 9, 2, 3]
(0.6319018404907977, 0.6319018404907977, 0.8602253452874686, 1.0, 0.49620023174211253, 0.8179979777553086)
