[8, 9, 10, 4, 1, 2, 3, 4, 4, 2, 3, 8, 9, 2, 4, 2, 7, 4, 1, 3, 10, 9, 2, 5, 8, 8, 6, 10, 6, 8, 7, 10, 10, 6, 2, 2, 6, 3, 8, 8, 3, 3, 8, 8, 1, 8, 8, 4, 3, 9, 7, 2, 4, 5, 5, 2, 4, 3, 5, 4, 10, 1]
(0.9664551372639816, 0.2974013474494705, 0.9672219053842109, 0.1800274851122309, 0.9682052253745478, 1.0, 0.9674171973951142, 0.21208079268292668, 0.9674303094856423, 0.2975358587716073)
[3, 7, 10, 1, 5, 4, 3, 5, 6, 2, 1, 5, 4, 4, 8, 5, 5, 3, 5, 2, 4, 10, 6, 5, 3, 7, 7, 3, 2, 10, 10, 10, 7, 7, 7, 10, 7, 2, 9, 6, 2, 6, 2, 2, 9, 9, 7, 5, 10, 9, 2, 9, 6, 5, 2, 6, 1, 3, 5, 7, 10, 1]
(0.8657446722500036, 0.7399931577146763, 0.5667792866937821, 0.2154099130843316, 0.9662573584355396, 0.5833333333333341, 0.9621243893168849, 0.21208079268292668, 0.9581149251200244, 0.26299168717782034)
[3, 7, 10, 1, 5, 4, 3, 5, 6, 2, 1, 5, 4, 4, 8, 5, 5, 3, 5, 2, 4, 10, 6, 5, 3, 7, 7, 3, 2, 10, 10, 10, 7, 7, 7, 10, 7, 2, 9, 6, 2, 6, 2, 2, 9, 9, 7, 5, 10, 9, 2, 9, 6, 5, 2, 6, 1, 3, 5, 7, 10, 1]
(0.8657446722500036, 0.7399931577146763, 0.5667792866937821, 0.2154099130843316, 0.9662573584355396, 0.5833333333333341, 0.9621243893168849, 0.21208079268292668, 0.9581149251200244, 0.26299168717782034)
[3, 8, 10, 1, 5, 4, 3, 5, 6, 2, 1, 5, 4, 4, 8, 5, 5, 3, 5, 2, 4, 10, 6, 5, 7, 9, 6, 6, 6, 10, 9, 10, 7, 7, 7, 10, 7, 2, 6, 6, 2, 6, 2, 2, 9, 9, 7, 5, 10, 9, 2, 9, 6, 5, 2, 6, 1, 3, 5, 7, 10, 1]
(0.7399931577146763, 0.7399931577146763, 0.5603988836519423, 0.2154099130843316, 0.9680443448014538, 0.5833333333333341, 0.9649031979031842, 0.21208079268292668, 0.9544750944711253, 0.26299168717782034)
[3, 8, 10, 8, 8, 8, 4, 3, 1, 4, 8, 10, 5, 6, 5, 4, 6, 2, 1, 3, 4, 9, 8, 10, 8, 8, 1, 1, 10, 4, 7, 10, 10, 9, 8, 6, 2, 1, 8, 8, 3, 9, 9, 8, 2, 4, 10, 4, 8, 9, 2, 2, 6, 5, 2, 6, 1, 3, 5, 7, 10, 1]
(0.7399931577146763, 0.39885672137193456, 0.9646071077324432, 0.1800274851122309, 0.9644774551503341, 1.0, 0.9552465532906338, 0.21208079268292668, 0.9621934886090441, 0.26299168717782034)
[3, 8, 10, 8, 5, 4, 4, 5, 2, 1, 3, 4, 4, 7, 4, 8, 10, 10, 5, 7, 3, 1, 7, 2, 7, 9, 6, 7, 6, 4, 9, 7, 7, 7, 7, 5, 7, 2, 6, 6, 3, 7, 4, 8, 8, 8, 9, 5, 10, 3, 7, 9, 6, 5, 2, 6, 1, 3, 5, 7, 10, 1]
(0.7995342378504606, 0.39885672137193456, 0.9599397328682228, 0.1800274851122309, 0.5833333333333341, 0.5833333333333341, 0.9570529748685643, 0.24075275794938336, 0.9604220139794035, 0.788389252401501)
[5, 4, 10, 4, 1, 1, 3, 4, 5, 10, 6, 10, 5, 6, 5, 4, 6, 4, 1, 7, 10, 5, 2, 9, 8, 8, 6, 3, 6, 3, 4, 8, 3, 9, 8, 8, 7, 4, 7, 9, 3, 9, 8, 8, 9, 1, 8, 4, 7, 7, 4, 4, 4, 5, 5, 2, 4, 4, 1, 3, 10, 1]
(0.9676309465430658, 0.2974013474494705, 0.9699531271122378, 0.1800274851122309, 0.9691693679429573, 0.9685280821286124, 0.9661019681952876, 0.18951132300357565, 0.9707895380444806, 0.5848394092739833)
[8, 9, 3, 4, 1, 2, 3, 5, 5, 8, 6, 7, 1, 3, 10, 10, 6, 4, 1, 7, 4, 5, 2, 9, 8, 8, 7, 7, 5, 7, 7, 10, 10, 9, 8, 8, 1, 3, 10, 8, 3, 3, 8, 8, 1, 8, 8, 4, 3, 9, 7, 2, 4, 5, 1, 2, 4, 3, 5, 4, 10, 1]
(0.968831382226197, 0.2974013474494705, 0.9705830824561397, 0.1800274851122309, 0.9677531250752491, 1.0, 0.9695226644165795, 0.18951132300357565, 0.9761267411522547, 0.5848394092739833)
[3, 8, 4, 3, 3, 4, 4, 9, 2, 6, 7, 4, 4, 6, 4, 8, 10, 10, 5, 10, 10, 10, 6, 5, 5, 8, 7, 3, 2, 10, 10, 10, 7, 7, 7, 5, 7, 2, 6, 7, 4, 6, 7, 9, 9, 3, 9, 3, 10, 9, 2, 9, 6, 5, 2, 6, 1, 3, 5, 6, 10, 1]
(0.9644262333400531, 0.2974013474494705, 0.9673039806075375, 0.1800274851122309, 0.9695410053245704, 1.0, 0.9639332446269674, 0.18951132300357565, 0.9701915734447519, 0.5848394092739833)
[3, 8, 9, 3, 3, 4, 4, 10, 2, 5, 3, 4, 4, 7, 4, 8, 10, 10, 5, 10, 3, 1, 7, 2, 7, 8, 6, 7, 6, 7, 9, 7, 7, 7, 7, 5, 7, 4, 6, 7, 9, 6, 4, 9, 9, 3, 9, 5, 10, 10, 2, 9, 6, 5, 2, 6, 1, 3, 1, 7, 7, 1]
(0.7399931577146763, 0.7399931577146763, 0.5725608122535055, 0.2154099130843316, 0.3426858927123206, 0.2187500000000001, 0.9388365442864586, 0.24075275794938336, 0.9525070025585577, 0.85247629083246)
[3, 8, 9, 3, 3, 4, 4, 10, 2, 5, 3, 4, 4, 7, 4, 8, 10, 10, 5, 10, 3, 1, 7, 2, 7, 8, 6, 7, 6, 7, 9, 7, 7, 7, 7, 5, 7, 4, 6, 7, 9, 6, 4, 9, 9, 3, 9, 5, 10, 10, 2, 9, 6, 5, 2, 6, 1, 3, 1, 7, 7, 1]
(0.7399931577146763, 0.7399931577146763, 0.5725608122535055, 0.2154099130843316, 0.3426858927123206, 0.2187500000000001, 0.9388365442864586, 0.24075275794938336, 0.9525070025585577, 0.85247629083246)
[3, 8, 9, 3, 3, 4, 4, 10, 2, 5, 3, 4, 4, 7, 4, 8, 10, 10, 5, 10, 3, 1, 7, 2, 7, 8, 6, 7, 6, 7, 9, 7, 7, 7, 7, 5, 7, 4, 6, 7, 9, 6, 4, 9, 9, 3, 9, 5, 10, 10, 2, 9, 6, 5, 2, 6, 1, 3, 1, 7, 7, 1]
(0.7399931577146763, 0.7399931577146763, 0.5725608122535055, 0.2154099130843316, 0.3426858927123206, 0.2187500000000001, 0.9388365442864586, 0.24075275794938336, 0.9525070025585577, 0.85247629083246)
[3, 5, 3, 10, 5, 4, 3, 5, 2, 1, 3, 5, 4, 3, 1, 3, 5, 5, 9, 8, 1, 8, 3, 8, 8, 9, 7, 7, 10, 4, 4, 8, 3, 6, 5, 3, 1, 3, 8, 8, 1, 10, 7, 10, 2, 1, 8, 4, 3, 9, 7, 2, 4, 5, 3, 6, 1, 3, 1, 2, 9, 1]
(0.9691034068353456, 0.2974013474494705, 0.9684420430101437, 0.1800274851122309, 0.9692906466312687, 1.0, 0.966089354734866, 0.21208079268292668, 0.9568528390489504, 0.5848394092739833)
[3, 8, 4, 3, 3, 4, 4, 9, 2, 6, 3, 5, 4, 3, 1, 3, 5, 5, 9, 8, 1, 8, 3, 8, 8, 9, 7, 7, 10, 4, 4, 10, 7, 7, 7, 5, 7, 2, 6, 7, 4, 6, 7, 9, 9, 3, 9, 3, 10, 9, 2, 9, 6, 5, 2, 6, 1, 3, 5, 5, 10, 1]
(0.9670513619668764, 0.2974013474494705, 0.9743183596990982, 0.1800274851122309, 0.9689140983857197, 1.0, 0.9658004253171367, 0.21208079268292668, 0.971485276799647, 0.5848394092739833)
[5, 9, 10, 8, 1, 1, 3, 4, 5, 2, 6, 10, 5, 6, 5, 4, 6, 4, 1, 7, 10, 5, 5, 9, 8, 8, 6, 5, 6, 8, 7, 10, 10, 7, 2, 8, 7, 2, 4, 7, 2, 9, 10, 9, 9, 1, 8, 4, 7, 4, 4, 2, 4, 5, 5, 2, 4, 4, 1, 3, 10, 1]
(0.968162877764551, 0.2974013474494705, 0.9645563687197846, 0.1800274851122309, 0.9691060957498829, 1.0, 0.9627251553349181, 0.21208079268292668, 0.9678788059391064, 0.5848394092739833)
[3, 6, 10, 9, 5, 4, 4, 5, 2, 1, 3, 4, 3, 6, 8, 5, 5, 3, 5, 1, 4, 10, 6, 5, 3, 8, 7, 2, 2, 6, 7, 10, 10, 9, 8, 6, 2, 1, 10, 8, 3, 9, 9, 8, 2, 1, 8, 4, 8, 9, 2, 9, 6, 5, 2, 6, 2, 1, 5, 7, 10, 1]
(0.7399931577146763, 0.7399931577146763, 0.9644729982130213, 0.1800274851122309, 0.9695830040611308, 0.5833333333333341, 0.9637647963128966, 0.24075275794938336, 0.9679636598564667, 0.5848394092739833)
[3, 8, 10, 9, 5, 4, 3, 5, 2, 1, 7, 4, 4, 6, 4, 8, 8, 10, 5, 10, 10, 10, 6, 5, 3, 8, 7, 3, 2, 10, 10, 10, 7, 7, 7, 5, 7, 2, 6, 7, 1, 6, 4, 9, 9, 3, 9, 5, 10, 10, 2, 9, 6, 5, 2, 6, 2, 1, 5, 7, 10, 1]
(0.7399931577146763, 0.7399931577146763, 0.8549268857575967, 0.2152413739144039, 0.9661228704266231, 0.5833333333333341, 0.962357120495288, 0.21208079268292668, 0.9721002719365042, 0.5848394092739833)
[3, 8, 10, 8, 5, 4, 4, 5, 2, 1, 3, 4, 4, 7, 4, 8, 10, 10, 5, 10, 10, 10, 6, 5, 3, 8, 7, 3, 2, 10, 10, 10, 7, 7, 7, 5, 7, 2, 6, 7, 4, 6, 7, 9, 9, 3, 9, 5, 10, 10, 2, 9, 6, 5, 2, 6, 1, 3, 1, 7, 10, 1]
(0.7399931577146763, 0.7399931577146763, 0.5342101202346383, 0.2154099130843316, 0.5641302150674168, 0.5833333333333341, 0.9606281426735206, 0.21208079268292668, 0.9687030273489635, 0.5848394092739833)
[3, 8, 10, 1, 5, 4, 3, 5, 6, 2, 1, 5, 4, 4, 8, 5, 5, 3, 5, 2, 4, 10, 6, 5, 7, 9, 6, 6, 6, 10, 9, 10, 7, 7, 7, 10, 7, 2, 6, 6, 2, 6, 2, 9, 9, 9, 7, 5, 10, 9, 2, 9, 9, 6, 2, 6, 1, 3, 5, 7, 10, 1]
(0.8700258701108404, 0.7399931577146763, 0.5637300864793363, 0.2154099130843316, 0.9648144221864622, 0.5833333333333341, 0.9606160338036699, 0.21208079268292668, 0.9713648227043431, 0.5848394092739833)
[8, 9, 3, 4, 1, 2, 3, 5, 5, 8, 6, 7, 1, 3, 10, 2, 7, 6, 6, 8, 10, 10, 2, 9, 7, 8, 7, 7, 5, 7, 7, 10, 10, 9, 8, 8, 7, 4, 7, 9, 3, 9, 8, 8, 9, 1, 8, 4, 7, 7, 4, 2, 4, 5, 5, 2, 4, 3, 5, 4, 10, 1]
(0.963925227802245, 0.2974013474494705, 0.9727514098398368, 0.1800274851122309, 0.9686321544460935, 1.0, 0.9649012918584032, 0.28014095142209966, 0.9727974628098291, 0.5848394092739833)
[3, 8, 10, 1, 5, 4, 4, 5, 8, 2, 1, 5, 4, 4, 8, 5, 5, 3, 5, 2, 4, 10, 6, 5, 7, 9, 6, 6, 7, 10, 9, 10, 7, 7, 7, 10, 7, 2, 6, 6, 2, 6, 2, 2, 9, 9, 7, 5, 10, 9, 2, 9, 6, 5, 2, 6, 1, 3, 5, 7, 10, 1]
(0.8617684689350437, 0.7399931577146763, 0.5689597296528522, 0.2154099130843316, 0.9656920691020768, 0.5833333333333341, 0.9636529353447243, 0.2420617659852113, 0.9608040041290207, 0.5848394092739833)
[3, 8, 10, 1, 5, 2, 3, 8, 6, 2, 3, 4, 4, 7, 4, 8, 10, 10, 5, 10, 10, 10, 6, 5, 1, 8, 7, 3, 2, 10, 10, 10, 7, 8, 7, 5, 7, 2, 6, 7, 1, 6, 9, 9, 1, 3, 9, 5, 10, 10, 2, 9, 6, 5, 2, 6, 1, 3, 5, 7, 10, 1]
(0.6052581188268971, 0.7399931577146763, 0.9584438924677654, 0.2152413739144039, 0.9649910951964539, 0.31818181818181895, 0.9588686863891763, 0.2420617659852113, 0.9659572004340573, 0.85247629083246)
[5, 8, 10, 4, 1, 3, 3, 4, 5, 2, 6, 10, 5, 6, 5, 4, 6, 3, 1, 7, 10, 5, 2, 9, 7, 8, 6, 7, 6, 8, 7, 10, 10, 9, 8, 1, 1, 3, 10, 8, 3, 3, 8, 8, 1, 6, 8, 4, 3, 9, 7, 2, 4, 5, 3, 2, 4, 3, 5, 4, 10, 1]
(0.9677869367413205, 0.2974013474494705, 0.9690132931806129, 0.1800274851122309, 0.9674008914269489, 1.0, 0.9663081997074169, 0.33243727598566286, 0.9762515333481111, 0.5848394092739833)
[3, 8, 8, 1, 5, 4, 3, 5, 6, 3, 1, 7, 4, 7, 8, 10, 5, 6, 5, 8, 6, 1, 7, 7, 9, 7, 1, 7, 10, 10, 9, 10, 7, 7, 9, 1, 7, 2, 5, 7, 2, 4, 7, 9, 4, 5, 9, 2, 10, 9, 7, 7, 6, 7, 5, 6, 1, 3, 5, 7, 10, 1]
(0.8001105305738778, 0.7399931577146763, 0.9637472185306235, 0.1800274851122309, 0.9616063429974003, 0.4117647058823538, 0.9628607436083242, 0.21208079268292668, 0.9670540892519038, 0.85247629083246)
[3, 8, 10, 9, 5, 4, 2, 5, 4, 1, 7, 4, 4, 6, 4, 8, 10, 10, 5, 10, 3, 1, 7, 2, 7, 8, 6, 7, 6, 9, 9, 7, 7, 7, 7, 5, 7, 4, 6, 7, 9, 6, 4, 9, 9, 3, 9, 5, 10, 10, 2, 9, 6, 5, 4, 6, 2, 1, 5, 7, 10, 1]
(0.8279582663439237, 0.7399931577146763, 0.9599353221245095, 0.2675809746133641, 0.9654034302569908, 0.5833333333333341, 0.9646601526997964, 0.24075275794938336, 0.9525712528265998, 0.5848394092739833)
[3, 8, 10, 3, 3, 4, 4, 5, 2, 1, 3, 4, 4, 7, 4, 8, 10, 10, 5, 8, 10, 10, 7, 5, 3, 8, 7, 3, 2, 10, 8, 10, 7, 7, 7, 5, 7, 2, 6, 7, 4, 6, 7, 9, 9, 3, 9, 5, 10, 10, 2, 9, 6, 5, 2, 6, 1, 3, 1, 7, 10, 1]
(0.7399931577146763, 0.7399931577146763, 0.5730690074153251, 0.2678414954726899, 0.9641934706829471, 0.5833333333333341, 0.960184743907301, 0.24075275794938336, 0.9696391141973417, 0.5848394092739833)
[3, 8, 3, 1, 5, 10, 3, 5, 2, 2, 1, 5, 4, 6, 1, 8, 9, 3, 5, 9, 6, 5, 6, 5, 7, 9, 6, 6, 6, 10, 9, 10, 7, 7, 7, 5, 7, 2, 6, 6, 7, 6, 7, 9, 9, 5, 9, 5, 10, 9, 7, 9, 6, 5, 2, 6, 1, 3, 5, 7, 10, 1]
(0.7998623858206007, 0.7399931577146763, 0.9648620097897931, 0.0, 0.9673946059308928, 0.5833333333333341, 0.966990303527562, 0.27838919459729844, 0.9660671272315067, 0.85247629083246)
[3, 8, 10, 8, 1, 4, 4, 7, 1, 1, 3, 4, 4, 7, 6, 8, 10, 8, 5, 10, 10, 10, 6, 5, 3, 6, 7, 3, 2, 10, 10, 10, 7, 7, 7, 5, 7, 2, 6, 7, 4, 6, 7, 9, 9, 3, 9, 3, 10, 10, 2, 9, 6, 5, 5, 6, 1, 3, 5, 7, 10, 1]
(0.6829514035023782, 0.7399931577146763, 0.9586637142114325, 0.2152413739144039, 0.9613539316691442, 0.4117647058823538, 0.9586464297957703, 0.24075275794938336, 0.9592102511785908, 0.85247629083246)
[3, 8, 10, 8, 1, 4, 4, 7, 1, 1, 3, 4, 4, 7, 6, 8, 10, 3, 5, 10, 10, 10, 6, 5, 3, 6, 7, 3, 2, 10, 10, 10, 7, 7, 7, 5, 7, 2, 6, 7, 4, 6, 7, 9, 9, 3, 9, 3, 10, 10, 2, 9, 6, 5, 5, 6, 1, 3, 5, 7, 10, 1]
(0.7399931577146763, 0.7399931577146763, 0.9470120110549022, 0.2675809746133641, 0.9623873778618856, 0.4117647058823538, 0.9633079926483318, 0.24075275794938336, 0.9661601847968979, 0.85247629083246)
[3, 8, 3, 4, 5, 4, 3, 5, 2, 1, 3, 5, 4, 3, 1, 5, 5, 3, 5, 3, 4, 1, 7, 9, 8, 7, 6, 8, 6, 10, 7, 10, 7, 7, 7, 5, 9, 2, 6, 7, 2, 6, 7, 9, 9, 5, 9, 5, 10, 9, 7, 9, 6, 2, 2, 6, 1, 3, 5, 7, 10, 1]
(0.7399931577146763, 0.7399931577146763, 0.9651841792277973, 0.1800274851122309, 0.9657646986655872, 0.5833333333333341, 0.9659594266675394, 0.24075275794938336, 0.968685272242872, 0.788389252401501)
[3, 8, 3, 1, 5, 4, 3, 5, 7, 2, 1, 5, 4, 7, 1, 8, 2, 5, 5, 10, 3, 10, 6, 5, 7, 4, 6, 6, 7, 10, 9, 10, 7, 7, 7, 5, 7, 2, 6, 6, 3, 5, 7, 9, 9, 3, 9, 5, 10, 10, 2, 9, 6, 5, 2, 6, 1, 3, 5, 7, 10, 1]
(0.7399931577146763, 0.7399931577146763, 0.5497320516966284, 0.2152413739144039, 0.9663326705805941, 0.5833333333333341, 0.9615917715243979, 0.21208079268292668, 0.9589878153987214, 0.788389252401501)
[3, 5, 3, 1, 5, 4, 3, 5, 3, 2, 3, 5, 4, 6, 1, 8, 9, 2, 5, 10, 3, 10, 6, 5, 7, 9, 6, 6, 7, 10, 10, 10, 7, 7, 7, 5, 9, 2, 1, 7, 2, 2, 7, 9, 5, 5, 9, 5, 10, 9, 7, 9, 6, 2, 2, 6, 1, 3, 5, 7, 10, 1]
(0.7399931577146763, 0.7399931577146763, 0.9660315663553759, 0.2152413739144039, 0.9661518457345647, 0.5833333333333341, 0.9632453118450923, 0.24075275794938336, 0.9663871419616025, 0.788389252401501)
[3, 8, 10, 1, 5, 2, 3, 8, 6, 2, 3, 4, 4, 7, 4, 8, 10, 10, 5, 10, 10, 10, 6, 5, 3, 8, 7, 3, 2, 10, 10, 10, 7, 8, 7, 5, 7, 2, 6, 7, 4, 6, 7, 9, 9, 3, 9, 3, 10, 10, 2, 9, 6, 5, 2, 6, 1, 3, 5, 7, 10, 1]
(0.7399931577146763, 0.7399931577146763, 0.960118072573094, 0.2152413739144039, 0.9652938042767328, 0.5833333333333341, 0.9626668621785922, 0.24075275794938336, 0.9653788800351304, 0.788389252401501)
[3, 8, 3, 1, 5, 4, 3, 5, 3, 2, 1, 5, 4, 6, 1, 8, 9, 2, 5, 10, 3, 10, 6, 5, 7, 9, 6, 6, 7, 10, 9, 10, 7, 7, 7, 8, 7, 2, 6, 6, 3, 6, 7, 9, 9, 7, 9, 5, 10, 9, 7, 9, 7, 5, 2, 6, 1, 3, 5, 7, 10, 1]
(0.7399931577146763, 0.7399931577146763, 0.9660066132433694, 0.2152413739144039, 0.9656067139469071, 0.5833333333333341, 0.9650818039663118, 0.24075275794938336, 0.9684800556860846, 0.788389252401501)
[3, 5, 3, 1, 5, 4, 3, 5, 3, 2, 3, 5, 4, 6, 1, 8, 9, 2, 5, 10, 3, 10, 6, 5, 7, 9, 6, 6, 7, 10, 10, 10, 7, 7, 7, 5, 9, 2, 1, 7, 2, 2, 7, 9, 5, 5, 9, 5, 10, 9, 7, 9, 6, 2, 2, 6, 1, 3, 5, 7, 10, 1]
(0.7399931577146763, 0.7399931577146763, 0.9660315663553759, 0.2152413739144039, 0.9661518457345647, 0.5833333333333341, 0.9632453118450923, 0.24075275794938336, 0.9663871419616025, 0.788389252401501)
[3, 8, 3, 1, 5, 4, 3, 8, 2, 2, 3, 5, 4, 3, 1, 5, 5, 3, 5, 3, 4, 1, 7, 9, 8, 7, 6, 8, 6, 10, 7, 10, 7, 7, 7, 5, 9, 2, 6, 7, 2, 6, 7, 9, 9, 5, 9, 5, 10, 9, 7, 9, 6, 2, 2, 6, 1, 3, 5, 7, 10, 1]
(0.7399931577146763, 0.7399931577146763, 0.9629446825943871, 0.1800274851122309, 0.9648739763535541, 0.5833333333333341, 0.9629000942222757, 0.24075275794938336, 0.9657327341847103, 0.85247629083246)
[3, 8, 3, 1, 5, 4, 3, 8, 2, 2, 3, 5, 4, 3, 7, 5, 5, 10, 5, 3, 4, 1, 7, 9, 8, 7, 6, 8, 6, 10, 7, 10, 7, 7, 7, 5, 9, 2, 6, 7, 2, 6, 7, 9, 9, 5, 9, 5, 10, 9, 7, 9, 6, 2, 2, 6, 1, 3, 5, 7, 10, 1]
(0.7399931577146763, 0.7399931577146763, 0.9607690802775307, 0.1800274851122309, 0.9648247501812858, 0.5833333333333341, 0.9648308175615947, 0.24075275794938336, 0.0, 0.85247629083246)
[3, 8, 10, 1, 5, 2, 3, 8, 6, 2, 3, 2, 4, 6, 4, 8, 8, 10, 5, 10, 10, 10, 6, 5, 3, 8, 7, 3, 2, 10, 10, 10, 7, 7, 7, 5, 7, 2, 6, 7, 1, 6, 7, 9, 9, 3, 9, 3, 10, 10, 2, 9, 9, 5, 2, 6, 1, 3, 5, 7, 10, 1]
(0.7399931577146763, 0.7399931577146763, 0.958614680822937, 0.2152413739144039, 0.9650289286859316, 0.5833333333333341, 0.9567392124794408, 0.21208079268292668, 0.9671804635785504, 0.85247629083246)
[3, 8, 3, 1, 5, 4, 3, 5, 3, 2, 1, 5, 4, 6, 1, 8, 9, 2, 5, 10, 3, 10, 6, 5, 7, 9, 6, 6, 7, 10, 9, 10, 7, 7, 7, 5, 9, 2, 1, 7, 2, 2, 7, 9, 9, 5, 9, 5, 10, 9, 7, 9, 6, 2, 2, 6, 1, 3, 5, 7, 10, 1]
(0.8003915979526969, 0.7399931577146763, 0.9682169071398657, 0.2152413739144039, 0.9666458304040116, 0.5833333333333341, 0.962115115579216, 0.27838919459729844, 0.9651973319239898, 0.788389252401501)
[3, 2, 3, 1, 4, 4, 3, 5, 3, 8, 1, 5, 4, 6, 7, 8, 10, 10, 5, 10, 10, 10, 6, 5, 3, 8, 7, 3, 2, 10, 8, 10, 5, 7, 7, 10, 7, 2, 6, 6, 3, 6, 7, 9, 9, 7, 9, 5, 10, 9, 7, 9, 6, 5, 2, 6, 1, 3, 5, 7, 10, 1]
(0.7996864671818944, 0.7399931577146763, 0.9663253990001959, 0.2152413739144039, 0.9655602728016657, 0.5833333333333341, 0.959078005794434, 0.27838919459729844, 0.9657314297743126, 0.788389252401501)
[3, 8, 3, 1, 5, 4, 3, 2, 6, 2, 1, 7, 4, 7, 8, 10, 5, 6, 5, 10, 6, 1, 7, 4, 8, 7, 6, 7, 10, 10, 9, 10, 7, 9, 8, 5, 7, 2, 6, 7, 2, 6, 8, 3, 9, 5, 9, 5, 10, 3, 7, 4, 6, 5, 2, 6, 1, 3, 5, 7, 10, 1]
(0.794984176848087, 0.39885672137193456, 0.9686011006124299, 0.1800274851122309, 0.9656292176805418, 1.0, 0.96392648546025, 0.24075275794938336, 0.9648056876845641, 0.788389252401501)
[3, 8, 10, 9, 3, 2, 3, 5, 2, 2, 1, 5, 4, 7, 7, 8, 10, 10, 5, 10, 10, 10, 6, 5, 3, 8, 7, 3, 2, 10, 10, 10, 7, 7, 7, 5, 7, 4, 6, 7, 4, 6, 7, 9, 9, 3, 9, 3, 10, 10, 2, 9, 6, 5, 2, 6, 1, 3, 5, 7, 10, 1]
(0.7399931577146763, 0.7399931577146763, 0.5719690634869043, 0.2675809746133641, 0.9673364237882178, 0.5833333333333341, 0.9632335455156846, 0.24075275794938336, 0.9644346647895857, 0.788389252401501)
[3, 8, 3, 1, 5, 4, 3, 5, 8, 2, 1, 5, 4, 6, 1, 8, 9, 2, 5, 10, 3, 10, 6, 5, 7, 9, 6, 6, 7, 10, 9, 10, 7, 7, 7, 5, 7, 2, 6, 6, 3, 6, 7, 9, 9, 5, 9, 5, 10, 9, 7, 9, 6, 5, 2, 6, 1, 3, 5, 7, 10, 1]
(0.7989478535018892, 0.7399931577146763, 0.9635636699385924, 0.2152413739144039, 0.9628619006834908, 0.5833333333333341, 0.9617274389602227, 0.24075275794938336, 0.9643582024611514, 0.85247629083246)
[3, 4, 3, 1, 5, 4, 3, 5, 2, 2, 1, 5, 4, 6, 4, 8, 10, 8, 5, 10, 10, 3, 6, 5, 1, 8, 9, 9, 6, 10, 10, 10, 7, 7, 7, 5, 7, 2, 6, 6, 3, 7, 4, 8, 9, 5, 9, 5, 10, 3, 7, 9, 10, 5, 2, 6, 1, 3, 5, 7, 10, 1]
(0.7969036384485693, 0.7399931577146763, 0.967765787150709, 0.2152413739144039, 0.9635414442978782, 0.5833333333333341, 0.9609716457314773, 0.24075275794938336, 0.9663971691392343, 0.85247629083246)
[3, 8, 3, 1, 4, 4, 3, 5, 3, 2, 1, 5, 4, 6, 1, 8, 9, 2, 5, 10, 3, 10, 6, 5, 7, 9, 3, 6, 7, 10, 9, 10, 7, 7, 7, 8, 7, 2, 6, 6, 3, 6, 7, 7, 9, 6, 7, 5, 10, 9, 7, 9, 6, 2, 2, 6, 1, 3, 5, 7, 10, 1]
(0.7399931577146763, 0.7399931577146763, 0.9664641569368524, 0.2152413739144039, 0.9662363369949146, 0.5833333333333341, 0.9575708881951853, 0.24075275794938336, 0.9671452567912621, 0.85247629083246)
[3, 8, 3, 1, 4, 4, 3, 5, 3, 2, 1, 5, 4, 6, 1, 8, 9, 2, 5, 10, 3, 10, 6, 5, 7, 9, 6, 6, 7, 10, 9, 10, 7, 7, 7, 8, 7, 2, 6, 6, 3, 6, 7, 7, 9, 5, 7, 5, 10, 9, 7, 9, 7, 5, 2, 6, 1, 3, 5, 7, 10, 1]
(0.7399931577146763, 0.7399931577146763, 0.9658021894283575, 0.2152413739144039, 0.967844882514326, 0.5833333333333341, 0.9605412880890055, 0.24075275794938336, 0.9651256729848664, 0.85247629083246)
[3, 8, 3, 1, 4, 4, 3, 5, 3, 2, 1, 5, 4, 6, 1, 8, 9, 2, 5, 10, 3, 10, 2, 5, 3, 8, 7, 3, 2, 10, 10, 10, 7, 7, 7, 5, 7, 4, 6, 6, 3, 6, 7, 7, 9, 5, 7, 5, 10, 9, 7, 9, 7, 5, 2, 6, 1, 3, 5, 7, 10, 1]
(0.7399931577146763, 0.7399931577146763, 0.9682932200841587, 0.2152413739144039, 0.9646025727502984, 0.5833333333333341, 0.9636295872740431, 0.24075275794938336, 0.9663709483109396, 0.85247629083246)
[3, 8, 3, 1, 5, 4, 3, 5, 2, 2, 1, 5, 4, 6, 1, 8, 9, 2, 5, 10, 3, 10, 6, 5, 4, 7, 6, 5, 10, 10, 9, 10, 7, 7, 7, 5, 7, 2, 6, 6, 7, 6, 7, 9, 9, 5, 8, 5, 10, 9, 7, 9, 6, 5, 2, 6, 1, 3, 5, 7, 10, 1]
(0.7972698810510368, 0.7399931577146763, 0.9676346817053836, 0.2152413739144039, 0.9684848873876017, 0.5833333333333341, 0.9619991573505086, 0.24075275794938336, 0.963042456377296, 0.85247629083246)
[3, 8, 6, 1, 5, 4, 3, 5, 7, 2, 1, 5, 4, 7, 8, 4, 5, 3, 5, 9, 4, 1, 7, 9, 8, 3, 6, 8, 6, 10, 7, 10, 7, 7, 7, 5, 9, 2, 6, 7, 2, 6, 7, 9, 9, 5, 9, 5, 10, 9, 7, 9, 6, 2, 2, 6, 1, 3, 5, 7, 10, 1]
(0.7399931577146763, 0.7399931577146763, 0.9640443970449251, 0.2152413739144039, 0.9622214538045211, 0.5833333333333341, 0.9637268331833165, 0.24075275794938336, 0.9624008058570308, 0.85247629083246)
[3, 8, 3, 1, 5, 4, 3, 5, 8, 2, 1, 5, 4, 6, 1, 8, 9, 2, 5, 10, 3, 10, 6, 5, 8, 9, 6, 6, 2, 10, 10, 10, 7, 7, 7, 5, 7, 3, 6, 6, 3, 6, 7, 9, 9, 5, 9, 5, 10, 7, 7, 9, 6, 5, 2, 6, 1, 3, 5, 7, 10, 1]
(0.797235177177939, 0.7399931577146763, 0.963284051511435, 0.2152413739144039, 0.9631721167825147, 0.5833333333333341, 0.9598461343906803, 0.24075275794938336, 0.9657179123722001, 0.85247629083246)
[3, 8, 3, 1, 5, 4, 3, 5, 8, 2, 1, 5, 4, 6, 1, 8, 9, 2, 5, 10, 3, 10, 6, 5, 8, 9, 6, 6, 2, 10, 10, 10, 7, 7, 7, 5, 7, 3, 6, 6, 3, 6, 7, 9, 9, 5, 9, 5, 10, 7, 7, 9, 6, 5, 2, 6, 1, 3, 5, 7, 10, 1]
(0.797235177177939, 0.7399931577146763, 0.963284051511435, 0.2152413739144039, 0.9631721167825147, 0.5833333333333341, 0.9598461343906803, 0.24075275794938336, 0.9657179123722001, 0.85247629083246)
[3, 8, 3, 1, 5, 4, 3, 5, 2, 2, 1, 5, 4, 6, 1, 8, 9, 2, 5, 10, 3, 10, 6, 5, 7, 9, 6, 6, 7, 10, 9, 10, 7, 7, 7, 5, 7, 2, 6, 6, 7, 6, 7, 9, 9, 5, 9, 5, 10, 9, 7, 9, 6, 5, 2, 6, 1, 3, 5, 7, 10, 1]
(0.7996843623928758, 0.7399931577146763, 0.9673611284233613, 0.2152413739144039, 0.9680835464037937, 0.5833333333333341, 0.9647128704003973, 0.24075275794938336, 0.96428561946377, 0.85247629083246)
[3, 8, 3, 1, 5, 4, 3, 5, 2, 2, 1, 4, 4, 6, 4, 8, 5, 3, 5, 3, 4, 10, 6, 5, 7, 9, 6, 6, 6, 10, 9, 10, 7, 7, 7, 5, 7, 2, 6, 7, 2, 6, 7, 9, 9, 5, 9, 5, 10, 6, 7, 9, 6, 5, 2, 6, 1, 3, 5, 7, 10, 1]
(0.7981731723062726, 0.7399931577146763, 0.964078477676956, 0.2152413739144039, 0.9647835048846883, 0.5833333333333341, 0.9666115324012917, 0.24075275794938336, 0.9664721666835231, 0.85247629083246)
[3, 8, 6, 1, 5, 4, 3, 5, 7, 2, 1, 5, 4, 7, 8, 4, 5, 3, 5, 9, 4, 1, 7, 9, 8, 3, 6, 8, 6, 10, 7, 10, 7, 7, 7, 5, 9, 2, 6, 7, 2, 6, 7, 9, 9, 5, 9, 5, 10, 9, 7, 9, 6, 2, 2, 6, 1, 3, 5, 7, 10, 1]
(0.7399931577146763, 0.7399931577146763, 0.9640443970449251, 0.2152413739144039, 0.9622214538045211, 0.5833333333333341, 0.9637268331833165, 0.24075275794938336, 0.9624008058570308, 0.85247629083246)
[3, 8, 10, 8, 5, 4, 4, 5, 2, 1, 3, 4, 4, 7, 4, 8, 10, 10, 5, 10, 10, 10, 6, 5, 3, 8, 7, 3, 2, 10, 10, 10, 7, 7, 7, 5, 7, 2, 6, 7, 4, 6, 10, 9, 9, 3, 9, 5, 10, 10, 2, 9, 9, 5, 2, 6, 1, 3, 1, 7, 10, 1]
(0.7399931577146763, 0.7399931577146763, 0.5790124728344387, 0.2154099130843316, 0.9667723351158183, 1.0, 0.9639318359084411, 0.21208079268292668, 0.9645107115618867, 0.4648280390708347)
[3, 8, 3, 1, 5, 4, 3, 5, 7, 2, 1, 5, 4, 7, 1, 8, 9, 2, 5, 10, 3, 10, 6, 5, 7, 9, 6, 3, 7, 10, 9, 10, 7, 7, 7, 5, 7, 2, 6, 7, 1, 6, 4, 9, 9, 3, 9, 5, 10, 10, 2, 9, 6, 5, 2, 6, 1, 3, 5, 7, 10, 1]
(0.7399931577146763, 0.7399931577146763, 0.5547752733342352, 0.2675809746133641, 0.9627287008799597, 0.5833333333333341, 0.9636020028032346, 0.21208079268292668, 0.9627678931690736, 0.85247629083246)
[3, 8, 10, 8, 7, 4, 4, 5, 8, 5, 3, 4, 4, 7, 8, 5, 5, 3, 5, 2, 4, 10, 6, 5, 7, 9, 6, 5, 2, 10, 10, 10, 7, 7, 7, 5, 7, 2, 6, 7, 4, 6, 7, 9, 9, 9, 7, 5, 10, 9, 2, 9, 9, 6, 2, 6, 1, 3, 5, 7, 10, 1]
(0.8416944253258425, 0.7399931577146763, 0.8479821701534108, 0.2154099130843316, 0.969597739260642, 1.0, 0.963116185460238, 0.33243727598566286, 0.9679835221730154, 0.385684124497717)
[3, 8, 3, 1, 5, 4, 3, 5, 8, 2, 1, 5, 4, 6, 1, 8, 9, 2, 5, 10, 3, 10, 6, 8, 7, 9, 6, 6, 7, 10, 9, 10, 7, 7, 7, 5, 7, 2, 6, 6, 3, 6, 7, 9, 9, 3, 9, 5, 10, 10, 2, 9, 6, 5, 2, 6, 1, 3, 5, 7, 10, 1]
(0.7399931577146763, 0.7399931577146763, 0.558372113015503, 0.2675809746133641, 0.9634355629794281, 0.5833333333333341, 0.9635827000252886, 0.24075275794938336, 0.9612560578621907, 0.85247629083246)
[3, 8, 10, 3, 3, 4, 4, 10, 2, 5, 3, 4, 4, 7, 4, 8, 10, 10, 5, 10, 10, 10, 3, 5, 3, 8, 7, 3, 2, 10, 8, 10, 7, 7, 7, 5, 7, 2, 6, 7, 4, 6, 7, 9, 9, 3, 9, 5, 10, 10, 2, 9, 6, 5, 2, 6, 1, 3, 1, 7, 10, 1]
(0.7399931577146763, 0.7399931577146763, 0.5672226649709089, 0.2152413739144039, 0.9650008709169907, 0.9641882964409871, 0.9577132034115479, 0.21208079268292668, 0.9622687631286665, 0.5848394092739833)
[5, 8, 10, 8, 5, 4, 4, 5, 2, 1, 6, 7, 3, 7, 6, 8, 8, 6, 5, 10, 4, 1, 7, 2, 7, 7, 9, 7, 6, 10, 10, 10, 7, 7, 7, 7, 7, 2, 6, 7, 2, 6, 7, 9, 9, 5, 9, 9, 10, 3, 7, 8, 10, 5, 2, 6, 1, 2, 5, 7, 10, 1]
(0.7869662190787525, 0.7399931577146763, 0.9711830944754165, 0.1800274851122309, 0.9679531876929087, 1.0, 0.9668478966690581, 0.21208079268292668, 0.9703620544634741, 0.5848394092739833)
[5, 8, 10, 8, 5, 4, 4, 5, 2, 1, 3, 4, 3, 7, 1, 4, 8, 6, 5, 10, 9, 1, 7, 2, 7, 8, 9, 7, 6, 10, 10, 10, 7, 7, 7, 5, 7, 2, 6, 6, 3, 7, 4, 7, 9, 5, 7, 9, 10, 3, 7, 9, 10, 5, 2, 6, 1, 2, 5, 7, 10, 1]
(0.789266208279881, 0.7399931577146763, 0.9686661354266088, 0.1800274851122309, 0.9662337838672086, 1.0, 0.9650885057635586, 0.21208079268292668, 0.9667550343088788, 0.5848394092739833)
[5, 8, 10, 8, 5, 4, 4, 5, 2, 1, 3, 4, 3, 7, 1, 8, 8, 6, 5, 10, 4, 1, 7, 2, 7, 8, 9, 7, 6, 10, 10, 10, 7, 7, 7, 5, 7, 2, 6, 6, 3, 7, 4, 7, 9, 5, 7, 9, 10, 3, 7, 8, 10, 5, 2, 6, 1, 2, 5, 7, 10, 1]
(0.7883455562405319, 0.7399931577146763, 0.9689217186532897, 0.1800274851122309, 0.968147899489848, 1.0, 0.9628212138079091, 0.21208079268292668, 0.9686954478733221, 0.5848394092739833)
[5, 8, 10, 8, 5, 4, 4, 5, 2, 1, 3, 4, 3, 7, 1, 8, 8, 6, 5, 10, 4, 1, 7, 2, 7, 8, 9, 7, 6, 10, 10, 10, 7, 7, 7, 5, 7, 2, 6, 6, 3, 4, 4, 7, 9, 5, 5, 9, 10, 3, 7, 8, 10, 5, 2, 6, 1, 2, 5, 7, 10, 1]
(0.7908359852619501, 0.7399931577146763, 0.968243209179489, 0.1800274851122309, 0.9664538736455125, 1.0, 0.9629121123813076, 0.21208079268292668, 0.9690452313981932, 0.5848394092739833)
[3, 8, 10, 8, 5, 4, 4, 5, 2, 1, 3, 4, 4, 7, 4, 8, 10, 10, 5, 10, 10, 10, 6, 5, 3, 8, 7, 3, 2, 10, 10, 10, 7, 7, 7, 5, 7, 2, 6, 7, 4, 6, 7, 9, 9, 3, 9, 3, 10, 10, 2, 9, 6, 5, 2, 6, 1, 3, 1, 7, 10, 1]
(0.7399931577146763, 0.7399931577146763, 0.5334404355846343, 0.2154099130843316, 0.5616025242023174, 0.9663966472260636, 0.9599409992806597, 0.21208079268292668, 0.9688257920555752, 0.5848394092739833)
[3, 8, 10, 9, 5, 2, 3, 5, 2, 1, 7, 4, 4, 6, 7, 8, 10, 10, 5, 10, 10, 10, 6, 5, 3, 8, 7, 3, 2, 10, 10, 10, 7, 7, 7, 5, 7, 4, 6, 7, 4, 6, 7, 9, 9, 3, 9, 3, 10, 10, 2, 9, 6, 5, 2, 6, 1, 3, 5, 7, 10, 1]
(0.7399931577146763, 0.7399931577146763, 0.7029877598397474, 0.2152413739144039, 0.9679275444708747, 1.0, 0.9644187309779209, 0.18951132300357565, 0.9694650520570558, 0.5848394092739833)
[3, 8, 10, 9, 5, 2, 3, 5, 2, 1, 7, 4, 4, 6, 7, 8, 10, 10, 5, 10, 10, 10, 6, 5, 3, 8, 7, 3, 2, 10, 10, 10, 7, 7, 7, 5, 7, 4, 6, 7, 4, 6, 7, 9, 9, 3, 9, 3, 10, 10, 2, 9, 6, 5, 2, 6, 1, 3, 5, 7, 10, 1]
(0.7399931577146763, 0.7399931577146763, 0.5219123505976091, 0.2152413739144039, 0.9679275444708747, 1.0, 0.9644187309779209, 0.18951132300357565, 0.9694650520570558, 0.5848394092739833)
[3, 8, 10, 9, 5, 2, 3, 5, 2, 1, 7, 4, 4, 6, 7, 8, 10, 10, 5, 10, 10, 10, 6, 5, 3, 8, 7, 3, 2, 10, 10, 10, 7, 7, 7, 5, 7, 4, 6, 7, 4, 6, 7, 9, 9, 3, 9, 3, 10, 10, 2, 9, 6, 5, 2, 6, 1, 3, 5, 7, 10, 1]
(0.7399931577146763, 0.7399931577146763, 0.7029877598397474, 0.2152413739144039, 0.9679275444708747, 1.0, 0.9644187309779209, 0.18951132300357565, 0.9694650520570558, 0.5848394092739833)
[3, 8, 10, 9, 5, 4, 3, 5, 2, 1, 7, 4, 4, 6, 7, 8, 10, 8, 5, 10, 10, 10, 6, 5, 3, 8, 7, 3, 2, 10, 7, 10, 7, 7, 7, 8, 7, 2, 6, 6, 3, 6, 7, 7, 10, 5, 7, 5, 10, 9, 7, 9, 6, 5, 2, 6, 2, 1, 5, 7, 10, 1]
(0.7982195879332752, 0.7399931577146763, 0.9693215786479396, 0.1800274851122309, 0.9655726240016504, 1.0, 0.9673667243681829, 0.24075275794938336, 0.9705956711433807, 0.5848394092739833)
[3, 8, 10, 3, 3, 4, 4, 10, 2, 5, 3, 4, 4, 7, 4, 8, 10, 10, 5, 7, 10, 10, 6, 5, 1, 8, 7, 7, 2, 10, 8, 10, 5, 7, 7, 5, 7, 2, 6, 7, 4, 9, 7, 9, 6, 3, 9, 5, 10, 10, 2, 8, 6, 5, 2, 6, 1, 3, 1, 7, 10, 1]
(0.7399931577146763, 0.7399931577146763, 0.8659241129644225, 0.2154099130843316, 0.9681873832829277, 0.9661448975093646, 0.9618517491035147, 0.24075275794938336, 0.9675590521655959, 0.5848394092739833)
[3, 8, 10, 9, 5, 4, 3, 5, 2, 1, 7, 4, 4, 6, 7, 8, 10, 10, 5, 10, 10, 10, 6, 5, 3, 8, 7, 3, 2, 10, 10, 10, 7, 7, 7, 5, 7, 4, 6, 7, 1, 6, 4, 9, 9, 3, 9, 5, 10, 10, 2, 9, 6, 5, 2, 6, 2, 1, 5, 7, 10, 1]
(0.7399931577146763, 0.7399931577146763, 0.8717472762800762, 0.2152413739144039, 0.9662625127471965, 1.0, 0.961381520610301, 0.21208079268292668, 0.9727389981038849, 0.5848394092739833)
[3, 8, 10, 9, 5, 4, 3, 5, 2, 1, 7, 4, 4, 6, 7, 8, 10, 10, 5, 10, 10, 10, 6, 5, 3, 8, 7, 3, 2, 10, 10, 10, 7, 7, 7, 5, 7, 4, 6, 7, 1, 6, 4, 9, 9, 3, 9, 5, 10, 10, 2, 9, 6, 5, 2, 6, 2, 1, 5, 7, 10, 1]
(0.7399931577146763, 0.7399931577146763, 0.8717472762800762, 0.2152413739144039, 0.9662625127471965, 1.0, 0.961381520610301, 0.21208079268292668, 0.9727389981038849, 0.5848394092739833)
[3, 8, 10, 9, 5, 4, 3, 5, 2, 1, 7, 4, 4, 6, 4, 8, 8, 10, 5, 10, 10, 10, 6, 5, 3, 8, 7, 8, 2, 10, 10, 10, 7, 7, 7, 5, 7, 2, 6, 7, 1, 6, 4, 9, 9, 3, 9, 5, 10, 10, 2, 9, 6, 5, 2, 6, 2, 3, 5, 7, 10, 1]
(0.6360491753555854, 0.7399931577146763, 0.6925896446220615, 0.2152413739144039, 0.9688803442753833, 1.0, 0.9664587833918612, 0.21208079268292668, 0.9638857605867069, 0.5848394092739833)
[3, 8, 10, 9, 5, 4, 3, 5, 2, 1, 7, 4, 4, 6, 7, 8, 10, 6, 5, 10, 1, 10, 6, 5, 3, 8, 7, 3, 2, 10, 10, 10, 7, 7, 7, 5, 7, 4, 6, 7, 1, 6, 4, 9, 9, 3, 9, 3, 10, 10, 2, 9, 6, 5, 2, 6, 2, 1, 5, 7, 10, 1]
(0.8472856606356817, 0.7399931577146763, 0.8688578710891315, 0.2152413739144039, 0.9654856017790716, 1.0, 0.9654573057778162, 0.21208079268292668, 0.9704908733256142, 0.5848394092739833)
[3, 8, 10, 9, 5, 4, 2, 5, 2, 1, 7, 4, 4, 6, 4, 8, 10, 10, 5, 10, 10, 10, 6, 5, 3, 8, 7, 3, 2, 10, 10, 10, 7, 7, 7, 5, 7, 2, 6, 7, 4, 6, 7, 9, 9, 3, 9, 3, 10, 10, 2, 9, 6, 5, 2, 6, 1, 3, 5, 7, 10, 1]
(0.7399931577146763, 0.7399931577146763, 0.5884377245791264, 0.2152413739144039, 0.9666498503647727, 1.0, 0.9630734390579149, 0.21208079268292668, 0.9615633876062913, 0.5848394092739833)
[3, 8, 10, 9, 5, 4, 2, 5, 2, 1, 7, 4, 4, 6, 4, 8, 10, 10, 5, 10, 10, 10, 6, 5, 3, 8, 7, 3, 2, 10, 10, 10, 7, 7, 7, 5, 7, 2, 6, 7, 4, 6, 7, 9, 9, 3, 9, 5, 10, 10, 2, 9, 6, 5, 2, 6, 1, 3, 5, 7, 10, 1]
(0.586471227277071, 0.7399931577146763, 0.5970140255056331, 0.2152413739144039, 0.9654547222889942, 1.0, 0.9646424165926856, 0.21208079268292668, 0.9675007871352118, 0.5848394092739833)
[3, 8, 10, 9, 5, 4, 3, 5, 2, 1, 7, 4, 4, 6, 4, 8, 8, 10, 5, 10, 10, 10, 6, 5, 3, 8, 7, 8, 2, 10, 10, 10, 7, 7, 7, 5, 7, 2, 6, 7, 1, 6, 4, 9, 9, 3, 9, 5, 10, 10, 2, 9, 6, 5, 2, 6, 2, 3, 5, 7, 10, 1]
(0.6360491753555854, 0.7399931577146763, 0.6925896446220615, 0.2152413739144039, 0.9688803442753833, 1.0, 0.9664587833918612, 0.21208079268292668, 0.9638857605867069, 0.5848394092739833)
[3, 8, 10, 8, 5, 4, 4, 5, 2, 1, 3, 4, 4, 7, 4, 8, 10, 10, 5, 10, 10, 10, 6, 5, 3, 8, 7, 3, 2, 10, 10, 10, 4, 7, 7, 5, 7, 2, 6, 7, 4, 6, 7, 9, 9, 3, 9, 5, 10, 10, 2, 9, 6, 5, 2, 6, 1, 3, 1, 7, 10, 1]
(0.7399931577146763, 0.7399931577146763, 0.5754484848119324, 0.2154099130843316, 0.9691698894835991, 1.0, 0.9604501587338728, 0.21208079268292668, 0.5848394092739833, 0.5848394092739833)
[3, 8, 10, 9, 5, 4, 4, 10, 2, 5, 3, 4, 4, 7, 4, 7, 10, 10, 5, 8, 9, 10, 3, 5, 3, 8, 7, 3, 8, 10, 8, 10, 5, 7, 7, 5, 7, 2, 6, 7, 4, 6, 7, 9, 6, 3, 9, 5, 10, 10, 2, 8, 6, 5, 2, 6, 1, 3, 1, 7, 10, 1]
(0.5765959984622901, 0.7399931577146763, 0.6027147329412411, 0.2154099130843316, 0.9662309992127102, 1.0, 0.9600949418731017, 0.21208079268292668, 0.9754670559428613, 0.5848394092739833)
[5, 8, 10, 8, 5, 4, 4, 5, 2, 1, 3, 4, 3, 6, 4, 8, 10, 8, 5, 10, 10, 10, 6, 5, 1, 8, 9, 9, 6, 10, 10, 10, 7, 7, 7, 5, 7, 2, 6, 6, 3, 7, 4, 7, 9, 5, 7, 9, 10, 3, 9, 8, 10, 5, 2, 6, 1, 2, 5, 7, 10, 1]
(0.7900259911082717, 0.7399931577146763, 0.9680595290847105, 0.1800274851122309, 0.9693177328444998, 1.0, 0.9576466170139594, 0.28014095142209966, 0.9701072637923044, 0.5848394092739833)
[3, 4, 3, 1, 5, 4, 3, 5, 2, 2, 1, 5, 4, 6, 4, 8, 5, 3, 5, 3, 4, 10, 6, 5, 7, 9, 6, 7, 6, 10, 9, 10, 7, 7, 7, 7, 7, 2, 6, 7, 2, 6, 7, 9, 9, 5, 9, 5, 10, 3, 7, 9, 6, 5, 2, 6, 1, 3, 5, 7, 10, 1]
(0.7951505285687777, 0.7399931577146763, 0.9634213783778234, 0.1800274851122309, 0.9649675977416319, 0.9652290594764037, 0.965887781698255, 0.24075275794938336, 0.9699357085861247, 0.788389252401501)
[3, 8, 3, 1, 5, 4, 3, 5, 2, 2, 3, 4, 4, 6, 4, 8, 5, 3, 5, 3, 4, 10, 6, 5, 7, 9, 6, 6, 6, 10, 9, 10, 7, 7, 7, 5, 7, 2, 6, 7, 2, 6, 7, 9, 9, 5, 9, 5, 10, 3, 7, 9, 6, 5, 2, 6, 1, 3, 5, 7, 10, 1]
(0.7950611948035688, 0.7399931577146763, 0.9662463503889721, 0.1800274851122309, 0.9662709102965873, 1.0, 0.9671132129617017, 0.21208079268292668, 0.966771998908369, 0.788389252401501)
[3, 8, 3, 8, 5, 4, 3, 5, 6, 2, 1, 7, 4, 7, 8, 10, 5, 6, 5, 10, 6, 1, 7, 7, 7, 7, 1, 7, 10, 10, 9, 10, 7, 7, 9, 1, 7, 2, 5, 7, 2, 4, 7, 9, 4, 5, 9, 2, 10, 9, 7, 7, 6, 7, 5, 6, 1, 3, 5, 7, 10, 1]
(0.8000650853849979, 0.7399931577146763, 0.9652516801841539, 0.1800274851122309, 0.0, 0.9631903517059965, 0.9610831250436588, 0.24075275794938336, 0.9673427500762027, 0.85247629083246)
[3, 4, 3, 1, 5, 5, 3, 5, 2, 2, 1, 5, 4, 6, 4, 8, 4, 3, 5, 3, 4, 10, 6, 5, 7, 9, 6, 7, 6, 10, 9, 10, 7, 7, 7, 5, 7, 2, 6, 6, 3, 8, 7, 9, 9, 5, 9, 1, 10, 3, 7, 4, 6, 5, 2, 6, 1, 3, 5, 7, 10, 1]
(0.7954521057195992, 0.7399931577146763, 0.9677303175441904, 0.1800274851122309, 0.9641236129216831, 0.9660100582055732, 0.24075275794938336, 0.24075275794938336, 0.9653362744487806, 0.85247629083246)
[3, 8, 2, 1, 5, 4, 3, 5, 7, 2, 1, 5, 4, 7, 8, 10, 5, 6, 5, 10, 6, 1, 7, 7, 7, 7, 1, 7, 10, 10, 9, 10, 7, 7, 7, 5, 7, 2, 6, 7, 2, 6, 7, 9, 9, 3, 9, 5, 10, 7, 7, 9, 6, 5, 2, 6, 1, 3, 5, 7, 10, 1]
(0.7974619193933936, 0.7399931577146763, 0.9620112537406369, 0.1800274851122309, 0.9653747628442925, 1.0, 0.9645336857996865, 0.24075275794938336, 0.9648172131739541, 0.85247629083246)
[3, 8, 2, 1, 5, 4, 3, 5, 7, 2, 1, 5, 4, 7, 8, 10, 5, 6, 5, 10, 6, 1, 7, 2, 8, 8, 6, 7, 10, 10, 9, 10, 7, 7, 7, 5, 7, 2, 6, 10, 2, 1, 7, 9, 9, 3, 9, 5, 10, 7, 7, 9, 6, 5, 2, 6, 1, 3, 5, 7, 10, 1]
(0.797212253790352, 0.7399931577146763, 0.9596112567000076, 0.1800274851122309, 0.9664354133419675, 1.0, 0.9599081373773499, 0.24075275794938336, 0.9618542823009176, 0.85247629083246)
[3, 8, 3, 1, 5, 4, 3, 5, 2, 2, 3, 7, 4, 6, 8, 10, 1, 3, 5, 10, 6, 10, 7, 7, 4, 7, 6, 7, 10, 10, 9, 10, 7, 7, 7, 5, 7, 2, 6, 7, 2, 1, 7, 9, 9, 3, 9, 9, 6, 9, 7, 9, 6, 7, 2, 6, 1, 3, 5, 7, 10, 1]
(0.7959003615193101, 0.7399931577146763, 0.9731535679660717, 0.1800274851122309, 0.9626601048745196, 1.0, 0.9559484035707996, 0.24075275794938336, 0.9564984875731155, 0.85247629083246)
[3, 8, 2, 1, 5, 2, 3, 5, 7, 2, 1, 5, 4, 7, 8, 10, 5, 6, 5, 10, 6, 7, 7, 7, 7, 7, 1, 7, 10, 10, 9, 10, 7, 7, 7, 5, 7, 2, 6, 7, 2, 6, 7, 9, 9, 3, 9, 10, 10, 9, 7, 9, 6, 7, 2, 6, 1, 3, 5, 7, 10, 1]
(0.7979492687620254, 0.7399931577146763, 0.9665384520776554, 0.1800274851122309, 0.9650112279690783, 1.0, 0.9537074255757019, 0.24075275794938336, 0.9602579890750332, 0.85247629083246)
[3, 8, 3, 1, 5, 4, 3, 5, 6, 2, 1, 7, 4, 7, 8, 10, 5, 6, 5, 10, 6, 10, 7, 4, 4, 7, 6, 7, 10, 10, 9, 10, 7, 7, 7, 5, 7, 2, 6, 7, 2, 1, 7, 9, 9, 3, 9, 10, 10, 9, 7, 9, 6, 7, 2, 6, 1, 3, 5, 7, 10, 1]
(0.7970580513589116, 0.7399931577146763, 0.9676907575689238, 0.1800274851122309, 0.9626492458395643, 1.0, 0.9594563341699525, 0.24075275794938336, 0.9608728102408333, 0.85247629083246)
[3, 8, 2, 1, 5, 4, 3, 5, 7, 2, 1, 5, 4, 7, 8, 10, 5, 6, 5, 10, 6, 1, 7, 2, 8, 8, 6, 7, 10, 10, 9, 10, 7, 7, 7, 5, 7, 2, 6, 7, 2, 6, 7, 9, 9, 3, 9, 5, 10, 7, 7, 9, 6, 5, 2, 6, 1, 3, 5, 7, 10, 1]
(0.7972071030177208, 0.7399931577146763, 0.9620991551317257, 0.1800274851122309, 0.9647793539799732, 1.0, 0.9620895811356587, 0.24075275794938336, 0.9634665175341052, 0.85247629083246)
[3, 8, 3, 1, 5, 4, 3, 5, 2, 2, 3, 7, 4, 6, 8, 10, 5, 3, 5, 10, 6, 10, 7, 7, 4, 7, 6, 7, 10, 10, 9, 10, 7, 7, 7, 5, 7, 2, 6, 10, 2, 1, 7, 9, 9, 3, 9, 10, 6, 9, 7, 9, 6, 7, 2, 6, 1, 3, 5, 7, 10, 1]
(0.7963270056061479, 0.7399931577146763, 0.9669221210293453, 0.1800274851122309, 0.9632094248197957, 1.0, 0.9630804552696629, 0.24075275794938336, 0.9625515774823709, 0.85247629083246)
[3, 4, 3, 1, 5, 4, 3, 5, 2, 2, 1, 4, 4, 6, 4, 8, 5, 3, 5, 3, 4, 10, 6, 5, 7, 9, 6, 6, 6, 10, 9, 10, 5, 7, 7, 5, 7, 2, 10, 7, 2, 6, 7, 9, 9, 5, 9, 5, 10, 3, 7, 3, 10, 5, 2, 6, 1, 3, 5, 7, 10, 1]
(0.7954467491246792, 0.7399931577146763, 0.9648717974312587, 0.1800274851122309, 0.9681022443808597, 1.0, 0.9644071479327959, 0.24075275794938336, 0.9660434675402921, 0.85247629083246)
[3, 8, 3, 1, 5, 4, 3, 5, 6, 2, 1, 7, 4, 7, 8, 10, 5, 6, 5, 10, 6, 10, 7, 1, 4, 9, 6, 6, 6, 10, 9, 10, 7, 7, 7, 5, 7, 2, 6, 7, 2, 6, 7, 9, 9, 3, 9, 10, 10, 9, 7, 9, 6, 7, 2, 6, 1, 3, 5, 7, 10, 1]
(0.7984877525828811, 0.7399931577146763, 0.967987124156205, 0.1800274851122309, 0.9640447040088458, 1.0, 0.9615632810629888, 0.24075275794938336, 0.9607846093364043, 0.85247629083246)
