[5, 7, 6, 9, 4, 8, 3, 2, 2, 8, 3, 4, 4, 4, 2, 5, 2, 10, 7, 10, 9, 8, 6, 7, 5, 6, 9, 1, 7, 4, 6, 8, 10, 10, 5, 8, 4, 7, 8, 3, 4, 9, 7, 3, 8, 3, 5, 5, 9, 3, 8, 3, 9, 3, 5, 6, 5, 4, 5, 3, 6, 1]
(0.6151293961512954, 0.0, 1.197751998901369, 0.21247071544422408, 1.1959780137985965, 0.0, 1.196734295785429, 0.0, 1.1956342231482286, 0.0)
[5, 7, 6, 9, 3, 1, 3, 2, 2, 8, 3, 4, 4, 4, 2, 5, 3, 10, 7, 10, 9, 8, 8, 7, 5, 6, 5, 8, 2, 10, 7, 10, 8, 10, 9, 10, 4, 9, 8, 3, 4, 9, 8, 3, 6, 3, 9, 10, 10, 8, 3, 3, 9, 3, 5, 6, 5, 1, 5, 3, 6, 1]
(1.2023006051778813, 0.6151293961512954, 1.1998521007597467, 0.0, 1.1957966912537832, 0.0, 0.0, 0.0, 0.0, 0.0)
[5, 7, 6, 9, 4, 8, 3, 2, 8, 8, 3, 4, 4, 4, 2, 5, 2, 10, 7, 10, 9, 8, 6, 7, 5, 6, 9, 1, 7, 4, 6, 8, 10, 10, 5, 8, 4, 7, 8, 3, 4, 9, 7, 3, 8, 3, 5, 5, 9, 3, 8, 3, 9, 3, 5, 6, 5, 4, 5, 3, 6, 1]
(1.2065872468054315, 0.6151293961512954, 0.21247071544422408, 0.21247071544422408, 0.0, 0.0, 1.195408809557559, 0.0, 1.195432312414052, 0.0)
[5, 6, 6, 9, 4, 8, 3, 2, 8, 8, 3, 4, 4, 4, 2, 4, 3, 10, 7, 10, 9, 8, 6, 7, 5, 6, 9, 1, 7, 4, 6, 8, 10, 10, 5, 8, 4, 7, 7, 3, 4, 9, 7, 3, 8, 3, 5, 5, 9, 3, 4, 3, 9, 2, 5, 6, 5, 4, 5, 3, 7, 1]
(1.2053271003067514, 0.6151293961512954, 1.196687841787936, 0.21247071544422408, 1.0, 0.0, 1.197859462350609, 0.0, 1.1958128977566977, 0.0)
[5, 7, 6, 9, 3, 3, 3, 2, 2, 8, 3, 4, 4, 4, 7, 5, 3, 10, 7, 10, 9, 8, 6, 7, 5, 6, 5, 8, 3, 10, 7, 10, 8, 8, 9, 10, 5, 9, 8, 3, 4, 9, 4, 3, 6, 3, 9, 5, 10, 5, 8, 3, 9, 3, 5, 6, 5, 4, 5, 3, 6, 1]
(1.194848259538414, 0.0, 1.1967257741838713, 0.19490824929740458, 1.1964636903256196, 0.7499999999999994, 1.1955876126885434, 0.0, 1.1977972030639668, 0.0)
[5, 7, 6, 1, 3, 3, 3, 2, 2, 6, 3, 4, 4, 1, 2, 5, 3, 9, 7, 6, 9, 8, 6, 7, 5, 6, 5, 8, 9, 10, 7, 10, 5, 6, 7, 8, 4, 4, 8, 6, 4, 8, 8, 3, 6, 10, 9, 5, 10, 8, 10, 3, 9, 3, 5, 6, 5, 4, 5, 3, 6, 1]
(1.2015133813023586, 0.0, 1.1975728902965805, 0.0, 1.2003671463578958, 0.7499999999999994, 1.1959934398531933, 0.21041023378914867, 1.1964354518800993, 0.0)
[5, 7, 6, 9, 3, 3, 3, 3, 2, 8, 3, 4, 4, 6, 2, 5, 3, 10, 7, 7, 9, 8, 6, 10, 5, 6, 8, 8, 3, 10, 7, 10, 8, 10, 9, 10, 4, 9, 8, 8, 4, 9, 8, 3, 6, 3, 9, 7, 10, 8, 10, 3, 9, 3, 5, 6, 5, 4, 5, 3, 6, 1]
(1.2024656780064127, 0.6151293961512954, 1.197919138148429, 0.0, 1.1956849306821842, 0.5999999999999992, 1.1985611960291882, 0.0, 0.8071167276355159, 0.0)
[5, 7, 1, 9, 3, 3, 2, 2, 2, 8, 3, 4, 4, 5, 2, 5, 3, 10, 10, 10, 9, 8, 6, 7, 5, 6, 5, 8, 3, 10, 7, 10, 8, 10, 9, 10, 4, 9, 8, 4, 4, 9, 7, 3, 6, 3, 9, 5, 10, 8, 10, 3, 9, 3, 5, 6, 5, 4, 5, 3, 6, 1]
(1.200834349170329, 0.6151293961512954, 1.1976036462932844, 0.0, 1.1998621076345461, 0.7499999999999994, 1.1991965282708426, 0.0, 1.1979044791311046, 0.0)
[5, 7, 5, 9, 3, 3, 3, 2, 2, 8, 3, 4, 4, 4, 2, 1, 3, 10, 7, 10, 9, 8, 6, 7, 5, 6, 5, 8, 3, 10, 7, 10, 8, 10, 9, 10, 6, 9, 8, 3, 4, 9, 8, 3, 6, 3, 9, 5, 10, 8, 8, 3, 9, 3, 5, 6, 5, 4, 5, 3, 6, 1]
(1.2009609334170839, 0.6151293961512954, 1.1973218660801668, 0.0, 1.1989628691226262, 0.7499999999999994, 1.1990762695670147, 0.0, 1.1964095469564218, 0.0)
[5, 4, 6, 9, 3, 3, 1, 2, 2, 8, 3, 4, 4, 4, 2, 5, 3, 10, 7, 10, 9, 8, 6, 7, 5, 6, 5, 8, 3, 10, 7, 10, 8, 10, 8, 10, 4, 9, 8, 3, 4, 9, 7, 3, 6, 3, 9, 6, 10, 9, 10, 3, 9, 3, 5, 6, 5, 4, 5, 3, 6, 1]
(1.200809656083586, 0.6151293961512954, 1.1974516022950432, 0.0, 1.1990077227354068, 0.7499999999999994, 1.1999761641025561, 0.0, 1.1966963361948748, 0.0)
[5, 7, 6, 9, 3, 3, 2, 2, 2, 8, 3, 4, 4, 1, 2, 5, 3, 10, 7, 6, 9, 8, 6, 7, 5, 8, 5, 8, 3, 10, 7, 10, 8, 10, 9, 10, 4, 10, 8, 3, 4, 9, 7, 3, 6, 3, 9, 3, 10, 8, 10, 3, 9, 3, 5, 6, 5, 4, 5, 3, 6, 1]
(1.198663543537261, 0.6151293961512954, 1.197564470395448, 0.0, 1.1942021336406488, 0.7500000000000007, 1.1989734899252673, 0.0, 1.197539384290578, 0.0)
[5, 7, 6, 9, 3, 3, 2, 2, 2, 8, 3, 4, 4, 8, 2, 5, 3, 10, 7, 10, 9, 8, 6, 7, 5, 6, 5, 8, 3, 10, 7, 10, 8, 10, 9, 10, 4, 9, 8, 3, 4, 9, 7, 3, 6, 3, 9, 6, 10, 8, 10, 3, 9, 3, 5, 6, 5, 4, 5, 3, 6, 1]
(1.2013713389635106, 0.6151293961512954, 1.194521541148426, 0.0, 0.7499999999999994, 0.0, 1.1993359729647655, 0.0, 1.198044517636301, 0.8071167276355159)
[5, 7, 6, 9, 3, 3, 3, 3, 2, 8, 3, 4, 4, 4, 2, 5, 3, 10, 7, 10, 9, 8, 6, 10, 5, 6, 5, 8, 3, 6, 7, 10, 8, 10, 9, 10, 4, 9, 8, 8, 4, 9, 8, 3, 6, 3, 9, 5, 10, 8, 8, 3, 9, 3, 3, 6, 5, 4, 5, 3, 7, 1]
(1.1991426318883915, 0.6151293961512954, 1.1954513154923934, 0.0, 1.0, 0.0, 1.1969947945326587, 0.0, 1.1966851007193346, 0.8071167276355159)
[5, 7, 6, 9, 3, 3, 3, 3, 2, 8, 3, 4, 4, 4, 2, 5, 3, 10, 7, 10, 9, 8, 6, 10, 5, 6, 5, 8, 3, 10, 7, 10, 8, 10, 9, 10, 4, 9, 8, 8, 4, 9, 8, 3, 6, 3, 9, 5, 10, 8, 8, 3, 9, 3, 5, 6, 5, 4, 5, 3, 6, 1]
(1.2014799147844333, 0.6151293961512954, 1.198826741054656, 0.0, 1.197616521641614, 0.0, 1.1977119900286217, 0.0, 1.1969007320702094, 0.8071167276355159)
[5, 7, 6, 9, 3, 3, 3, 3, 2, 8, 3, 4, 4, 6, 2, 5, 3, 10, 7, 7, 9, 8, 6, 10, 5, 6, 8, 8, 3, 10, 7, 10, 8, 10, 9, 10, 4, 9, 8, 8, 4, 9, 10, 3, 10, 3, 9, 5, 10, 8, 8, 3, 9, 8, 5, 6, 5, 4, 5, 3, 6, 1]
(1.2037522476166507, 0.6151293961512954, 1.194812561944129, 0.0, 0.0, 0.0, 1.1965773653239031, 0.0, 1.197602416574957, 0.8071167276355159)
[5, 7, 1, 9, 3, 3, 2, 6, 2, 8, 3, 4, 4, 5, 2, 5, 3, 10, 10, 10, 9, 8, 6, 7, 5, 6, 5, 8, 3, 10, 7, 10, 8, 10, 9, 10, 9, 5, 8, 3, 4, 9, 8, 3, 6, 3, 9, 7, 10, 8, 8, 5, 9, 3, 5, 6, 5, 4, 5, 3, 6, 1]
(1.1997825920581835, 0.0, 1.1954123605042715, 0.0, 1.2012168493121882, 0.7499999999999994, 1.1989422906190177, 0.0, 1.1970656514167803, 0.8071167276355159)
[5, 7, 6, 9, 3, 3, 2, 2, 2, 8, 3, 4, 4, 4, 2, 5, 3, 10, 7, 10, 9, 8, 6, 7, 5, 6, 5, 8, 3, 10, 7, 10, 8, 10, 9, 10, 4, 9, 8, 3, 4, 9, 7, 3, 6, 3, 9, 6, 10, 8, 10, 3, 9, 3, 5, 6, 5, 4, 5, 3, 6, 1]
(1.2014671444892904, 0.0, 1.1953744959086199, 0.0, 0.6000000000000001, 0.7499999999999994, 0.0, 0.0, 1.1974982652813215, 0.8071167276355159)
[5, 7, 3, 9, 3, 3, 3, 3, 2, 8, 3, 4, 4, 8, 2, 5, 3, 10, 7, 10, 9, 8, 6, 10, 4, 6, 5, 8, 3, 10, 7, 10, 8, 10, 9, 10, 4, 9, 8, 8, 4, 9, 8, 3, 6, 3, 9, 5, 10, 8, 8, 3, 9, 3, 3, 6, 1, 4, 5, 3, 7, 1]
(1.1958862539380808, 0.6151293961512954, 1.1955416724085826, 0.21247071544422408, 1.198979402706029, 0.7499999999999994, 1.196144964173438, 0.0, 1.196752907708289, 0.0)
[5, 7, 6, 9, 3, 3, 3, 3, 2, 8, 3, 4, 1, 4, 2, 6, 3, 10, 7, 10, 9, 7, 6, 4, 5, 6, 8, 8, 3, 10, 7, 10, 8, 10, 9, 10, 4, 9, 8, 8, 5, 9, 8, 3, 10, 3, 9, 5, 10, 8, 5, 3, 9, 3, 5, 6, 5, 4, 5, 3, 6, 1]
(1.1941658724099418, 0.6151293961512954, 1.1954592447727936, 0.21247071544422408, 1.1983739033341427, 0.7499999999999994, 1.1971033643931168, 0.0, 1.1969225898385067, 0.0)
[5, 7, 5, 9, 3, 3, 3, 2, 2, 7, 3, 4, 4, 4, 2, 5, 3, 10, 4, 10, 9, 8, 6, 7, 5, 6, 5, 10, 3, 10, 3, 10, 8, 10, 9, 10, 9, 9, 8, 3, 4, 9, 8, 3, 6, 3, 9, 7, 10, 8, 8, 5, 9, 3, 5, 6, 5, 4, 5, 3, 6, 1]
(1.2014431226998585, 0.6151293961512954, 1.1989911817014236, 0.0, 1.1991973455995342, 1.0, 1.198059706762435, 0.0, 0.0, 0.0)
[5, 7, 6, 9, 3, 3, 3, 3, 2, 8, 3, 4, 4, 4, 2, 5, 3, 10, 7, 10, 9, 8, 6, 10, 5, 6, 5, 8, 3, 10, 7, 10, 8, 10, 9, 10, 4, 9, 8, 8, 4, 9, 8, 3, 6, 3, 9, 5, 10, 8, 8, 3, 9, 3, 3, 6, 5, 4, 5, 3, 7, 1]
(1.2035418324172518, 0.6151293961512954, 1.197084206715228, 0.0, 1.1982969965785761, 0.7499999999999994, 1.198485442250969, 0.0, 0.0, 0.2513202858030444)
[5, 7, 6, 9, 3, 3, 3, 3, 2, 8, 3, 4, 4, 4, 2, 5, 3, 10, 7, 10, 9, 8, 6, 10, 5, 6, 5, 8, 3, 10, 7, 10, 8, 10, 9, 10, 4, 9, 8, 8, 4, 9, 8, 3, 6, 3, 9, 5, 10, 8, 8, 3, 9, 3, 3, 6, 5, 4, 5, 3, 7, 1]
(1.2035418324172518, 0.6151293961512954, 1.197084206715228, 0.0, 1.1982969965785761, 0.7499999999999994, 1.198485442250969, 0.0, 0.0, 0.2513202858030444)
[5, 7, 6, 9, 3, 3, 3, 3, 2, 8, 3, 4, 4, 4, 2, 5, 3, 10, 7, 10, 9, 8, 6, 10, 5, 6, 5, 8, 3, 10, 7, 10, 8, 10, 9, 10, 4, 9, 8, 8, 4, 9, 10, 3, 6, 10, 9, 5, 10, 8, 8, 3, 9, 3, 3, 6, 5, 4, 5, 3, 7, 1]
(1.1967189852148312, 0.6151293961512954, 1.1977836981415768, 0.0, 1.200668004900219, 0.7499999999999994, 1.1962641946971435, 0.0, 1.196472516283395, 0.2513202858030444)
[5, 7, 6, 9, 3, 3, 2, 2, 2, 7, 3, 4, 4, 4, 2, 5, 3, 10, 7, 10, 2, 8, 6, 7, 5, 6, 5, 8, 3, 10, 7, 10, 8, 10, 4, 10, 4, 9, 8, 3, 4, 9, 7, 3, 6, 3, 9, 5, 10, 8, 8, 3, 9, 3, 5, 6, 5, 4, 5, 3, 6, 1]
(1.2022275593131801, 0.6151293961512954, 1.1949174012988824, 0.0, 1.1990386318415422, 0.7499999999999994, 0.0, 0.0, 1.196778396144511, 0.2513202858030444)
[5, 7, 6, 9, 3, 3, 3, 3, 2, 8, 3, 4, 4, 4, 2, 5, 3, 10, 7, 10, 9, 8, 6, 10, 4, 6, 5, 8, 3, 10, 7, 10, 8, 10, 9, 10, 4, 9, 8, 8, 4, 9, 8, 3, 6, 3, 9, 5, 10, 8, 8, 3, 9, 3, 3, 6, 5, 4, 5, 3, 7, 1]
(1.203358968347313, 0.6151293961512954, 1.19682626090944, 0.0, 1.1983160521835108, 0.7499999999999994, 1.1978844042867443, 0.0, 1.1969933845102805, 0.2513202858030444)
[5, 7, 6, 9, 3, 3, 3, 3, 2, 8, 3, 4, 4, 4, 2, 5, 3, 10, 7, 10, 9, 8, 6, 10, 5, 6, 5, 8, 3, 10, 7, 10, 8, 10, 9, 10, 4, 9, 8, 8, 4, 9, 8, 3, 6, 3, 9, 5, 10, 8, 8, 3, 9, 3, 3, 6, 5, 4, 5, 3, 7, 1]
(1.2035418324172518, 0.6151293961512954, 1.197084206715228, 0.0, 1.1982969965785761, 0.7499999999999994, 1.198485442250969, 0.0, 1.1967605426907557, 0.2513202858030444)
[5, 7, 6, 9, 3, 3, 2, 2, 2, 8, 3, 4, 4, 4, 2, 5, 3, 10, 7, 10, 9, 8, 6, 7, 5, 6, 9, 1, 9, 4, 6, 8, 10, 10, 9, 10, 4, 9, 8, 3, 4, 9, 7, 3, 6, 3, 9, 6, 10, 8, 10, 3, 9, 3, 5, 6, 5, 4, 5, 3, 6, 1]
(1.1982691731303952, 0.0, 1.1956770226359386, 0.21247071544422408, 1.1969449970871229, 0.5999999999999992, 1.1976900860667248, 0.0, 1.1967764992266912, 0.8071167276355159)
[5, 7, 6, 9, 3, 3, 2, 2, 5, 8, 3, 4, 4, 4, 2, 5, 3, 10, 6, 10, 9, 8, 6, 7, 5, 6, 5, 8, 3, 10, 7, 10, 8, 10, 9, 10, 4, 9, 8, 3, 4, 9, 7, 3, 6, 1, 9, 3, 10, 8, 10, 2, 9, 3, 5, 6, 5, 4, 5, 3, 6, 1]
(1.201139934360983, 0.6151293961512954, 1.1944495692849177, 0.21247071544422408, 1.1982124399393816, 0.0, 1.1973615422844905, 0.0, 0.0, 0.8071167276355159)
[5, 8, 6, 10, 3, 3, 7, 2, 2, 8, 5, 9, 4, 6, 10, 5, 10, 10, 7, 9, 5, 8, 9, 10, 4, 4, 9, 8, 9, 10, 7, 10, 5, 6, 7, 8, 4, 4, 8, 3, 4, 5, 3, 3, 8, 3, 3, 9, 6, 8, 2, 3, 9, 8, 2, 5, 2, 4, 2, 1, 10, 1]
(1.1934175271540899, 0.22516395433568112, 1.1946660816669483, 0.21247071544422408, 1.193989950418474, 1.0, 0.19941471571906358, 0.0, 1.1913584530353565, 0.2650431363983839)
[5, 7, 6, 9, 3, 3, 2, 2, 4, 8, 3, 9, 9, 6, 10, 5, 4, 3, 4, 7, 9, 8, 6, 10, 5, 6, 5, 8, 3, 10, 7, 10, 8, 6, 7, 8, 4, 9, 8, 9, 4, 9, 7, 3, 6, 3, 9, 5, 10, 8, 8, 6, 9, 3, 5, 6, 5, 4, 4, 3, 6, 1]
(1.1961035221815128, 0.0, 1.1951870899647492, 0.21247071544422408, 1.197713055461647, 0.7499999999999994, 1.1962506931275148, 0.0, 1.1951753459870833, 0.8071167276355159)
[5, 7, 6, 9, 3, 3, 2, 2, 5, 8, 3, 4, 4, 4, 2, 5, 3, 10, 7, 10, 9, 8, 6, 7, 5, 6, 5, 8, 3, 10, 7, 10, 8, 10, 9, 10, 4, 9, 8, 3, 4, 9, 7, 3, 6, 3, 9, 6, 10, 8, 10, 3, 9, 3, 5, 6, 5, 4, 5, 3, 6, 1]
(0.6151293961512954, 0.0, 1.1947818852961083, 0.21247071544422408, 1.1975647218525427, 0.7499999999999994, 1.197496749833228, 0.0, 1.1978354688733834, 0.8071167276355159)
[5, 7, 5, 9, 3, 3, 3, 2, 2, 7, 3, 4, 4, 4, 2, 5, 3, 10, 4, 10, 9, 8, 6, 7, 5, 6, 5, 10, 3, 10, 3, 10, 8, 10, 9, 10, 9, 9, 8, 3, 4, 9, 7, 3, 6, 3, 9, 5, 10, 8, 10, 3, 9, 3, 5, 6, 5, 4, 5, 3, 6, 1]
(1.1987394291907567, 0.0, 1.1969505354762096, 0.0, 1.0, 1.0, 1.1975486878305692, 0.0, 1.1973349668085593, 0.8071167276355159)
[5, 7, 6, 9, 3, 7, 8, 2, 2, 8, 3, 4, 4, 1, 2, 5, 3, 10, 7, 6, 9, 8, 6, 7, 5, 6, 5, 8, 3, 10, 7, 10, 8, 10, 9, 10, 4, 9, 8, 3, 4, 9, 8, 3, 6, 3, 9, 5, 10, 8, 8, 3, 9, 3, 5, 6, 5, 4, 5, 3, 6, 1]
(1.189888984337451, 0.0, 1.1953412383794804, 0.0, 1.193143807351591, 1.0, 1.198429425060751, 0.0, 1.1959763232618588, 0.8071167276355159)
[5, 7, 6, 9, 4, 8, 3, 2, 6, 8, 3, 4, 4, 4, 2, 5, 2, 10, 7, 10, 9, 8, 6, 7, 5, 6, 9, 1, 9, 4, 6, 8, 10, 10, 5, 8, 4, 7, 8, 3, 4, 9, 7, 3, 8, 3, 5, 5, 9, 3, 4, 3, 8, 3, 5, 6, 5, 4, 5, 3, 7, 1]
(1.2049225233495258, 0.6151293961512954, 1.1965289276093265, 0.21247071544422408, 1.196196973696353, 1.0, 1.196458451822402, 0.0, 1.1973334658890982, 0.0)
[5, 7, 6, 9, 4, 8, 3, 2, 8, 8, 3, 4, 4, 4, 2, 4, 3, 10, 7, 10, 9, 8, 6, 7, 5, 6, 9, 1, 9, 4, 6, 8, 10, 10, 5, 8, 4, 7, 8, 3, 4, 9, 7, 3, 8, 3, 5, 5, 9, 3, 4, 3, 9, 2, 5, 6, 5, 4, 5, 3, 7, 1]
(1.205619315803053, 0.6151293961512954, 0.21247071544422408, 0.21247071544422408, 1.195214770361783, 1.0, 1.19604388587177, 0.0, 1.1975572481751462, 0.0)
[5, 7, 6, 9, 4, 8, 3, 2, 6, 8, 3, 4, 4, 4, 2, 5, 2, 10, 7, 10, 9, 8, 6, 7, 5, 6, 9, 1, 9, 4, 6, 8, 10, 10, 5, 8, 4, 7, 8, 3, 4, 9, 7, 3, 8, 3, 5, 5, 8, 3, 4, 3, 8, 3, 5, 6, 5, 4, 5, 3, 7, 1]
(1.2044890072196741, 0.6151293961512954, 1.1956305716186781, 0.21247071544422408, 1.195643875375392, 1.0, 1.1976472292095441, 0.0, 1.1976382177323122, 0.0)
[5, 7, 6, 9, 4, 8, 3, 2, 6, 8, 3, 4, 4, 4, 2, 5, 2, 10, 7, 10, 9, 8, 6, 7, 5, 6, 9, 1, 9, 4, 6, 8, 10, 10, 5, 8, 4, 7, 8, 3, 4, 9, 7, 3, 8, 3, 5, 5, 9, 3, 4, 3, 8, 3, 5, 6, 5, 4, 5, 3, 7, 1]
(1.2049225233495258, 0.6151293961512954, 1.1965289276093265, 0.21247071544422408, 1.196196973696353, 1.0, 1.196458451822402, 0.0, 1.1973334658890982, 0.0)
[4, 7, 6, 6, 3, 3, 2, 2, 6, 8, 3, 4, 4, 4, 2, 5, 3, 10, 7, 10, 9, 8, 6, 10, 6, 6, 5, 8, 3, 10, 7, 10, 8, 10, 4, 10, 4, 9, 8, 3, 4, 9, 8, 3, 6, 3, 9, 5, 10, 8, 8, 4, 9, 8, 3, 6, 5, 4, 5, 3, 6, 1]
(1.1966421414166708, 0.6151293961512954, 1.1949612122029085, 0.21247071544422408, 1.1981439165771028, 0.7499999999999994, 1.197902464121582, 0.0, 1.195870442688467, 0.2513202858030444)
[5, 6, 6, 9, 3, 3, 3, 2, 2, 8, 3, 4, 4, 4, 2, 5, 3, 8, 7, 10, 2, 8, 6, 7, 5, 7, 5, 8, 3, 10, 7, 10, 8, 10, 4, 10, 4, 9, 8, 3, 4, 9, 8, 3, 6, 3, 9, 5, 10, 8, 8, 3, 9, 3, 5, 6, 5, 4, 5, 3, 6, 1]
(1.1981419149786254, 0.6151293961512954, 1.1952819913625736, 0.0, 1.196795231476428, 1.0, 1.1976946283131857, 0.0, 1.1965620048344154, 0.2513202858030444)
[5, 7, 6, 9, 3, 3, 2, 2, 2, 7, 3, 4, 4, 4, 2, 5, 3, 7, 7, 10, 2, 8, 6, 7, 5, 6, 5, 8, 3, 10, 7, 10, 8, 10, 4, 10, 4, 9, 8, 3, 4, 9, 7, 3, 6, 3, 9, 5, 10, 8, 8, 3, 9, 3, 5, 6, 5, 4, 5, 3, 6, 1]
(1.202157109603288, 0.6151293961512954, 1.1949302844703218, 0.0, 1.1974124763160963, 1.0, 1.197475680708887, 0.0, 1.196846628561618, 0.2513202858030444)
[5, 7, 6, 9, 3, 3, 4, 2, 1, 8, 3, 4, 4, 7, 2, 5, 3, 10, 7, 10, 9, 8, 6, 3, 5, 6, 5, 8, 3, 10, 7, 10, 8, 10, 9, 10, 4, 9, 8, 3, 4, 9, 7, 3, 6, 3, 9, 5, 9, 8, 8, 3, 9, 3, 5, 6, 5, 4, 5, 3, 6, 1]
(1.1986355565488356, 0.461883408071749, 1.1963445365428944, 0.0, 1.1964719545096176, 0.7499999999999994, 1.197796853631737, 0.0, 1.1966253504157085, 0.8071167276355159)
[5, 7, 6, 9, 3, 3, 3, 3, 2, 8, 3, 4, 4, 4, 2, 6, 3, 10, 7, 10, 9, 8, 6, 10, 5, 6, 8, 8, 3, 10, 7, 10, 8, 10, 9, 10, 4, 9, 8, 8, 5, 9, 8, 3, 10, 3, 9, 5, 10, 8, 8, 3, 9, 3, 5, 6, 5, 4, 5, 3, 6, 1]
(1.2012961667031068, 0.6151293961512954, 1.1971817091107388, 0.0, 1.195648869499566, 0.5999999999999992, 1.1976781025528929, 0.0, 1.1966499119997043, 0.8071167276355159)
[5, 7, 6, 9, 3, 3, 3, 3, 2, 8, 3, 4, 4, 4, 2, 6, 3, 10, 7, 10, 9, 8, 6, 10, 5, 6, 8, 8, 3, 10, 7, 10, 8, 10, 9, 10, 4, 9, 8, 8, 4, 9, 8, 3, 10, 3, 9, 5, 10, 8, 8, 3, 9, 3, 5, 6, 5, 4, 5, 3, 6, 1]
(1.2015295203775185, 0.6151293961512954, 1.1937038425356168, 0.0, 1.195263409987094, 0.5999999999999992, 1.1984263703227063, 0.0, 1.196990802884104, 0.8071167276355159)
[5, 3, 6, 9, 3, 3, 2, 2, 2, 8, 3, 4, 4, 4, 2, 5, 3, 10, 7, 10, 9, 8, 6, 7, 5, 6, 5, 8, 3, 10, 7, 10, 8, 10, 9, 10, 4, 9, 8, 3, 4, 9, 7, 3, 7, 3, 9, 6, 10, 8, 10, 3, 9, 3, 5, 6, 5, 4, 5, 3, 6, 1]
(1.2013169314712306, 0.6151293961512954, 1.1958711590617914, 0.0, 0.7499999999999994, 0.6000000000000001, 1.1984141901135463, 0.0, 1.1976147733628768, 0.8071167276355159)
[5, 7, 1, 9, 3, 3, 2, 2, 2, 8, 3, 4, 4, 8, 2, 5, 3, 10, 10, 10, 9, 8, 6, 10, 5, 6, 6, 8, 3, 10, 7, 10, 1, 10, 9, 10, 4, 9, 8, 4, 4, 9, 7, 3, 6, 3, 9, 5, 10, 8, 10, 3, 9, 3, 5, 6, 5, 4, 5, 3, 6, 1]
(1.188606023043396, 0.0, 1.1952873349189779, 0.23351158645276304, 1.1975797541439555, 1.0, 1.1984265029430408, 0.0, 1.1979628924280423, 0.8071167276355159)
[3, 7, 10, 10, 3, 3, 2, 2, 2, 8, 3, 4, 4, 4, 3, 5, 3, 10, 5, 10, 9, 8, 6, 5, 5, 6, 6, 8, 3, 10, 7, 10, 8, 10, 4, 10, 4, 9, 8, 3, 4, 9, 7, 3, 6, 6, 9, 5, 10, 8, 8, 3, 9, 3, 5, 6, 5, 4, 5, 3, 8, 1]
(1.1972143366932888, 0.3082806784170272, 1.1935313634574434, 0.0, 1.1985600814223307, 0.7499999999999994, 1.196101602539422, 0.18951132300357565, 0.0, 0.8071167276355159)
[5, 7, 5, 9, 3, 3, 2, 2, 2, 7, 3, 4, 4, 4, 2, 5, 3, 10, 7, 10, 2, 8, 6, 7, 5, 6, 5, 8, 3, 10, 7, 10, 8, 10, 4, 10, 4, 9, 8, 5, 4, 9, 7, 3, 6, 3, 9, 6, 10, 8, 8, 3, 9, 3, 5, 6, 5, 4, 5, 3, 6, 1]
(1.2026027120649836, 0.6151293961512954, 1.1959527321159857, 0.19490824929740458, 1.1975544054061193, 1.0, 1.1989035226404687, 0.0, 1.1969722181558629, 0.2513202858030444)
[5, 4, 6, 9, 3, 3, 3, 2, 5, 8, 3, 4, 4, 4, 2, 5, 3, 3, 7, 10, 9, 8, 6, 7, 5, 6, 5, 8, 3, 10, 7, 10, 8, 10, 9, 10, 4, 9, 8, 3, 4, 9, 8, 3, 6, 3, 9, 5, 10, 8, 8, 3, 7, 3, 5, 6, 5, 4, 5, 3, 6, 1]
(1.2018996026366968, 0.6151293961512954, 1.1962259005755205, 0.21247071544422408, 1.196479433402421, 0.4285714285714286, 1.199560175836088, 0.0, 1.1969509359449166, 0.8071167276355159)
[2, 7, 6, 9, 3, 3, 2, 2, 2, 8, 3, 4, 4, 4, 2, 5, 3, 10, 7, 10, 9, 8, 6, 7, 5, 6, 5, 8, 3, 10, 7, 10, 8, 10, 9, 10, 4, 9, 8, 3, 4, 9, 7, 3, 6, 3, 9, 6, 10, 8, 10, 3, 9, 3, 5, 6, 5, 4, 5, 3, 6, 1]
(1.1939293257892152, 0.6151293961512954, 1.1946796175092478, 0.0, 1.1965805955231208, 0.7499999999999994, 1.2004447467625161, 0.0, 0.0, 0.8071167276355159)
[5, 7, 4, 6, 3, 3, 3, 2, 5, 8, 3, 4, 4, 8, 2, 3, 3, 10, 7, 10, 9, 8, 6, 7, 5, 6, 5, 8, 2, 10, 7, 10, 8, 10, 9, 10, 4, 9, 8, 3, 4, 9, 8, 3, 6, 3, 9, 5, 10, 8, 4, 3, 7, 3, 5, 6, 5, 4, 5, 3, 6, 1]
(1.1990228299051542, 0.6151293961512954, 0.0, 0.0, 1.194818865135314, 0.7499999999999994, 1.1996158596128244, 0.0, 1.1976317714899798, 0.8071167276355159)
[5, 7, 6, 9, 3, 3, 2, 2, 2, 8, 3, 4, 4, 4, 2, 5, 3, 10, 7, 10, 9, 8, 6, 7, 5, 6, 5, 8, 3, 10, 7, 10, 8, 10, 9, 10, 4, 9, 8, 3, 4, 9, 7, 3, 6, 3, 9, 6, 10, 8, 10, 3, 9, 3, 5, 6, 5, 4, 5, 3, 6, 1]
(1.2014671444892904, 0.6151293961512954, 1.1953744959086199, 0.0, 1.1992526754736919, 0.7499999999999994, 1.1984067551791686, 0.0, 1.1974982652813215, 0.8071167276355159)
[5, 7, 4, 6, 3, 3, 3, 2, 5, 8, 3, 4, 4, 8, 2, 3, 3, 10, 7, 10, 9, 8, 6, 7, 5, 6, 5, 8, 2, 10, 7, 10, 8, 10, 9, 10, 4, 9, 8, 3, 4, 9, 8, 3, 6, 3, 9, 5, 10, 8, 4, 3, 7, 3, 5, 6, 5, 4, 5, 3, 6, 1]
(1.1990228299051542, 0.6151293961512954, 1.1931025344878454, 0.0, 1.194818865135314, 0.7499999999999994, 1.1996158596128244, 0.0, 1.1976317714899798, 0.8071167276355159)
[5, 7, 1, 9, 3, 3, 2, 2, 2, 8, 3, 4, 4, 5, 2, 5, 3, 10, 10, 10, 9, 8, 6, 7, 5, 6, 5, 8, 3, 10, 7, 10, 8, 10, 9, 10, 4, 9, 8, 4, 4, 9, 7, 3, 6, 3, 9, 5, 10, 8, 10, 3, 9, 3, 5, 6, 5, 4, 5, 3, 6, 1]
(1.200834349170329, 0.6151293961512954, 1.1976036462932844, 0.0, 1.1998621076345461, 0.7499999999999994, 1.1991965282708426, 0.0, 1.1979044791311046, 0.8071167276355159)
[5, 7, 6, 9, 4, 8, 3, 8, 2, 8, 3, 4, 4, 4, 2, 5, 3, 10, 7, 10, 9, 8, 6, 7, 5, 6, 5, 8, 3, 10, 7, 10, 8, 10, 9, 10, 5, 9, 8, 3, 4, 9, 8, 3, 6, 3, 9, 5, 10, 5, 8, 3, 9, 3, 5, 6, 5, 4, 5, 3, 6, 1]
(1.201009029895069, 0.6151293961512954, 1.196442661434414, 0.0, 1.1996521137654803, 0.7499999999999994, 1.1989281203597804, 0.0, 1.1961309492588061, 0.8071167276355159)
[5, 7, 6, 9, 3, 3, 2, 2, 2, 8, 3, 4, 4, 1, 2, 5, 3, 10, 7, 6, 9, 8, 6, 7, 5, 6, 5, 8, 3, 10, 7, 10, 8, 10, 9, 10, 4, 10, 8, 3, 4, 9, 7, 3, 6, 3, 9, 5, 10, 10, 8, 3, 9, 3, 5, 6, 5, 4, 5, 3, 6, 1]
(1.200771367177369, 0.6151293961512954, 1.1970191817730684, 0.0, 1.1994377445429583, 0.7499999999999994, 1.1993961930274981, 0.0, 1.1968156930059213, 0.8071167276355159)
[5, 7, 6, 9, 3, 3, 3, 2, 2, 8, 3, 4, 4, 1, 2, 5, 2, 10, 7, 6, 9, 8, 6, 7, 5, 6, 5, 8, 3, 10, 7, 10, 8, 10, 9, 10, 4, 9, 8, 3, 4, 9, 8, 3, 6, 3, 9, 5, 10, 8, 8, 3, 9, 3, 5, 6, 5, 4, 5, 3, 6, 1]
(1.2013097126036902, 0.6151293961512954, 1.1974148061126488, 0.0, 1.1986751187592766, 0.7499999999999994, 1.1992456465959567, 0.0, 1.1967283237725517, 0.8071167276355159)
[5, 7, 5, 9, 3, 3, 3, 2, 2, 8, 3, 4, 4, 4, 2, 1, 3, 10, 7, 10, 9, 8, 6, 7, 5, 6, 5, 8, 3, 10, 4, 10, 8, 10, 9, 10, 4, 9, 8, 3, 4, 9, 8, 3, 6, 3, 9, 5, 10, 8, 8, 3, 9, 3, 5, 6, 5, 4, 5, 3, 6, 1]
(1.2014197532087585, 0.6151293961512954, 1.1945367094129342, 0.0, 0.7499999999999994, 0.7499999999999994, 1.1982966016978043, 0.0, 1.1975042507052442, 0.8071167276355159)
[5, 7, 6, 9, 3, 3, 2, 2, 2, 10, 3, 4, 4, 4, 2, 5, 3, 10, 7, 10, 9, 8, 6, 7, 5, 6, 5, 8, 3, 10, 7, 10, 8, 10, 9, 10, 4, 9, 8, 3, 4, 9, 8, 2, 6, 3, 9, 7, 10, 8, 8, 3, 9, 3, 5, 6, 5, 4, 5, 3, 8, 1]
(1.2003707587718981, 0.6151293961512954, 1.1951203305274267, 0.0, 1.1983038157224675, 0.7499999999999994, 1.1988064654171486, 0.0, 0.0, 0.8071167276355159)
[5, 7, 1, 9, 3, 3, 2, 2, 2, 8, 3, 4, 4, 5, 2, 5, 3, 10, 10, 10, 9, 8, 6, 7, 5, 6, 5, 8, 3, 10, 7, 10, 8, 10, 9, 10, 4, 9, 8, 4, 4, 9, 7, 3, 6, 3, 9, 5, 10, 8, 10, 3, 9, 3, 5, 6, 5, 4, 5, 3, 6, 1]
(1.200834349170329, 0.6151293961512954, 1.1976036462932844, 0.0, 1.1998621076345461, 0.7499999999999994, 1.1991965282708426, 0.0, 0.6920444824636444, 0.8071167276355159)
[5, 7, 6, 9, 3, 3, 2, 2, 2, 8, 3, 4, 4, 4, 2, 5, 3, 10, 7, 10, 9, 8, 6, 7, 5, 6, 5, 8, 3, 10, 7, 10, 8, 10, 9, 10, 2, 9, 8, 3, 4, 9, 7, 3, 6, 3, 9, 6, 10, 8, 10, 3, 9, 3, 5, 6, 5, 4, 5, 3, 6, 1]
(1.200431229546668, 0.6151293961512954, 1.194365182518961, 0.0, 1.1982266779989021, 0.7499999999999994, 0.0, 0.0, 1.1969610717147607, 0.8071167276355159)
[5, 7, 1, 9, 3, 3, 2, 2, 2, 8, 3, 4, 4, 5, 2, 5, 3, 10, 10, 10, 9, 8, 6, 7, 5, 6, 5, 8, 3, 10, 7, 10, 8, 10, 9, 10, 4, 9, 8, 4, 4, 9, 7, 3, 6, 3, 9, 5, 10, 8, 10, 3, 9, 3, 5, 6, 5, 4, 5, 3, 6, 1]
(1.200834349170329, 0.6151293961512954, 1.1976036462932844, 0.0, 1.1998621076345461, 0.7499999999999994, 0.0, 0.0, 1.1979044791311046, 0.8071167276355159)
[5, 7, 6, 9, 4, 8, 3, 2, 2, 8, 3, 4, 4, 4, 2, 5, 3, 10, 6, 10, 9, 8, 6, 5, 5, 6, 5, 8, 3, 10, 7, 10, 8, 10, 9, 10, 4, 9, 8, 3, 4, 9, 7, 3, 6, 3, 9, 3, 10, 8, 10, 3, 9, 3, 5, 6, 5, 4, 5, 3, 6, 1]
(1.1995676327496785, 0.6151293961512954, 1.196865526586773, 0.0, 1.199629222601654, 0.7499999999999994, 1.1994237288832683, 0.0, 1.1974196098744887, 0.8071167276355159)
[5, 4, 6, 9, 3, 3, 2, 2, 5, 8, 3, 4, 3, 4, 2, 5, 3, 10, 6, 10, 9, 8, 6, 7, 5, 6, 5, 8, 3, 10, 7, 10, 8, 10, 9, 10, 4, 9, 8, 3, 4, 9, 8, 3, 6, 3, 9, 5, 10, 8, 8, 3, 7, 3, 5, 6, 5, 4, 5, 3, 6, 1]
(1.200564134493472, 0.6151293961512954, 1.195900723710658, 0.0, 1.1983072828501482, 0.7499999999999994, 1.1972888901829741, 0.0, 1.1974690072238465, 0.8071167276355159)
[5, 7, 6, 9, 3, 3, 2, 2, 2, 8, 3, 4, 4, 4, 2, 5, 3, 10, 7, 6, 9, 8, 6, 7, 5, 6, 5, 8, 3, 10, 7, 10, 8, 10, 9, 10, 4, 10, 8, 3, 4, 9, 7, 3, 6, 3, 9, 5, 10, 10, 8, 3, 9, 3, 5, 6, 5, 4, 5, 3, 6, 1]
(1.2000830221921226, 0.6151293961512954, 1.1974254645407219, 0.0, 1.1999467454850692, 0.7499999999999994, 1.198910331726076, 0.0, 0.0, 0.8071167276355159)
[5, 4, 6, 9, 3, 3, 1, 2, 2, 8, 3, 4, 4, 4, 2, 5, 3, 10, 7, 10, 9, 8, 6, 7, 5, 6, 5, 8, 3, 10, 7, 10, 8, 10, 9, 10, 4, 9, 8, 3, 4, 9, 7, 3, 6, 3, 9, 5, 10, 8, 8, 3, 9, 3, 5, 6, 5, 4, 5, 3, 6, 1]
(1.2016222603619118, 0.6151293961512954, 1.1965866986662168, 0.0, 1.1985100287944097, 0.7499999999999994, 0.0, 0.0, 1.1979291141033193, 0.8071167276355159)
[5, 7, 5, 9, 3, 3, 3, 2, 2, 8, 3, 4, 4, 4, 2, 1, 3, 10, 7, 10, 9, 8, 6, 7, 5, 6, 5, 8, 3, 10, 7, 10, 8, 10, 9, 10, 4, 9, 8, 3, 3, 9, 7, 3, 6, 3, 9, 5, 10, 8, 8, 3, 9, 3, 5, 6, 5, 4, 5, 3, 6, 1]
(1.202500430867078, 0.6151293961512954, 1.198114536330106, 0.0, 1.1985916897654552, 0.7499999999999994, 1.2003570441156646, 0.0, 1.1970530718565005, 0.8071167276355159)
[5, 7, 6, 9, 3, 3, 2, 2, 2, 8, 3, 4, 4, 4, 2, 5, 3, 10, 7, 10, 9, 8, 6, 7, 5, 6, 5, 8, 3, 10, 7, 10, 8, 10, 9, 10, 4, 9, 8, 3, 4, 9, 7, 3, 6, 3, 9, 6, 10, 8, 10, 3, 9, 3, 5, 6, 5, 4, 5, 3, 6, 1]
(1.2014671444892904, 0.6151293961512954, 0.0, 0.0, 1.1992526754736919, 0.7499999999999994, 1.1984067551791686, 0.0, 0.8071167276355159, 0.8071167276355159)
[5, 7, 6, 9, 3, 3, 2, 2, 2, 8, 3, 4, 4, 4, 2, 5, 3, 10, 7, 10, 9, 8, 6, 7, 5, 6, 5, 8, 3, 10, 7, 10, 8, 10, 9, 10, 4, 9, 8, 3, 4, 9, 7, 3, 6, 3, 9, 6, 10, 8, 10, 3, 9, 3, 5, 6, 5, 4, 5, 3, 6, 1]
(1.2014671444892904, 0.6151293961512954, 1.1953744959086199, 0.0, 1.1992526754736919, 0.7499999999999994, 1.1984067551791686, 0.0, 1.1974982652813215, 0.8071167276355159)
[5, 7, 6, 9, 3, 3, 2, 2, 2, 8, 3, 4, 4, 4, 2, 5, 3, 10, 7, 10, 9, 8, 6, 7, 5, 6, 5, 8, 3, 10, 7, 10, 8, 10, 9, 10, 4, 9, 8, 3, 4, 9, 7, 3, 6, 3, 9, 6, 10, 8, 10, 3, 9, 3, 5, 6, 5, 4, 5, 3, 6, 1]
(1.2014671444892904, 0.6151293961512954, 1.1953744959086199, 0.0, 1.1992526754736919, 0.7499999999999994, 1.1984067551791686, 0.0, 0.8071167276355159, 0.8071167276355159)
[5, 7, 6, 9, 3, 5, 3, 3, 2, 8, 3, 4, 4, 4, 2, 5, 3, 10, 7, 10, 9, 8, 6, 10, 5, 6, 5, 8, 3, 10, 7, 10, 8, 10, 9, 10, 6, 9, 8, 8, 4, 9, 8, 3, 6, 3, 9, 5, 10, 8, 8, 3, 9, 3, 3, 6, 5, 4, 5, 3, 7, 1]
(1.2031476840376876, 0.6151293961512954, 1.1965916249901076, 0.0, 1.1989738833159227, 0.7499999999999994, 1.199227610975506, 0.0, 1.1966964591294544, 0.8071167276355159)
[5, 7, 6, 9, 3, 3, 2, 2, 2, 8, 3, 4, 4, 4, 2, 5, 3, 10, 7, 10, 9, 8, 6, 7, 5, 6, 5, 8, 3, 10, 7, 10, 8, 10, 9, 10, 4, 9, 8, 3, 4, 9, 7, 3, 6, 3, 9, 6, 10, 8, 10, 3, 9, 3, 5, 6, 5, 4, 5, 3, 6, 1]
(1.2014671444892904, 0.6151293961512954, 0.0, 0.0, 1.1992526754736919, 0.7499999999999994, 1.1984067551791686, 0.0, 1.1974982652813215, 0.8071167276355159)
[5, 4, 6, 10, 3, 7, 3, 2, 2, 8, 3, 10, 4, 7, 2, 5, 3, 10, 7, 10, 9, 8, 6, 7, 5, 5, 5, 8, 3, 10, 5, 10, 8, 10, 5, 8, 4, 7, 8, 3, 4, 9, 8, 3, 6, 3, 9, 5, 10, 8, 8, 3, 9, 3, 5, 6, 5, 4, 5, 3, 6, 1]
(1.201480373740198, 0.6151293961512954, 1.1946839269250649, 0.0, 0.0, 0.7499999999999994, 1.1963145557791015, 0.0, 1.196655624359848, 0.8071167276355159)
[4, 4, 6, 9, 3, 3, 3, 2, 2, 8, 3, 10, 4, 4, 2, 5, 3, 10, 7, 10, 9, 8, 6, 7, 5, 6, 5, 8, 3, 10, 7, 10, 8, 10, 10, 10, 4, 8, 8, 3, 4, 9, 8, 3, 6, 3, 9, 5, 10, 8, 8, 3, 9, 3, 5, 6, 5, 4, 5, 3, 6, 1]
(1.201554163917901, 0.6151293961512954, 1.196882826834919, 0.0, 1.1953669667243976, 0.7499999999999994, 0.0, 0.0, 1.197433192282917, 0.8071167276355159)
[5, 7, 5, 9, 3, 3, 3, 2, 2, 7, 3, 4, 4, 4, 2, 5, 3, 10, 7, 10, 9, 8, 6, 7, 5, 6, 5, 8, 3, 8, 7, 10, 8, 10, 9, 10, 5, 9, 8, 3, 4, 9, 8, 3, 1, 3, 9, 7, 10, 8, 8, 5, 9, 3, 5, 6, 5, 4, 5, 3, 6, 1]
(1.1996096525341293, 0.6151293961512954, 1.1972191233187932, 0.0, 1.1983766429126284, 0.7499999999999994, 1.1971322901546972, 0.0, 0.0, 0.8071167276355159)
[5, 7, 6, 9, 3, 3, 2, 2, 2, 8, 3, 4, 4, 4, 2, 5, 3, 10, 7, 10, 9, 8, 6, 7, 5, 6, 5, 8, 3, 10, 7, 10, 8, 10, 9, 10, 4, 9, 8, 3, 4, 9, 7, 3, 6, 3, 9, 6, 10, 8, 10, 3, 9, 3, 5, 6, 5, 4, 5, 3, 6, 1]
(1.2014671444892904, 0.6151293961512954, 1.1953744959086199, 0.0, 1.1992526754736919, 0.7499999999999994, 1.1984067551791686, 0.0, 1.1974982652813215, 0.8071167276355159)
[5, 7, 6, 9, 3, 3, 2, 2, 2, 8, 3, 9, 4, 6, 10, 5, 4, 3, 4, 7, 9, 8, 6, 10, 5, 6, 5, 8, 3, 10, 7, 10, 8, 10, 9, 10, 4, 9, 8, 9, 4, 9, 7, 3, 6, 3, 9, 5, 10, 8, 8, 6, 9, 3, 5, 6, 5, 4, 4, 3, 6, 1]
(1.1965092744678278, 0.20077972709551647, 1.1961651880294104, 0.19490824929740458, 1.200042538344862, 0.7499999999999994, 1.1965808488428613, 0.25211416490486277, 1.1955696258693953, 0.8071167276355159)
[5, 4, 6, 9, 3, 3, 2, 2, 5, 8, 3, 4, 4, 4, 2, 5, 3, 3, 7, 10, 9, 8, 6, 7, 5, 6, 5, 8, 3, 10, 7, 10, 8, 10, 9, 10, 4, 10, 8, 3, 4, 9, 8, 3, 6, 3, 9, 5, 10, 8, 8, 3, 7, 3, 5, 6, 5, 4, 5, 3, 6, 1]
(1.2012730207294244, 0.6151293961512954, 1.1959694065153619, 0.21247071544422408, 1.1958363573998232, 0.5999999999999992, 1.19730471968651, 0.0, 1.1969145365059395, 0.8071167276355159)
[5, 7, 6, 9, 4, 3, 3, 2, 1, 8, 3, 4, 4, 4, 2, 5, 3, 10, 4, 10, 9, 6, 6, 7, 5, 6, 5, 8, 3, 10, 7, 5, 8, 10, 9, 10, 4, 9, 4, 3, 4, 9, 8, 3, 5, 3, 9, 5, 10, 8, 8, 3, 9, 3, 5, 6, 5, 4, 5, 3, 6, 1]
(0.0, 0.6151293961512954, 1.1944212123751659, 0.0, 1.19571001827717, 0.7499999999999994, 1.1962066259235162, 0.9226305609284339, 1.1968705255538246, 0.0)
[5, 7, 6, 9, 3, 3, 2, 2, 2, 8, 3, 4, 4, 4, 2, 5, 3, 10, 7, 10, 9, 8, 6, 7, 3, 6, 5, 8, 3, 10, 7, 10, 8, 10, 9, 10, 4, 9, 8, 3, 4, 9, 10, 3, 6, 3, 9, 6, 10, 8, 10, 3, 10, 3, 5, 6, 5, 4, 5, 3, 6, 1]
(1.2013440452516098, 0.6151293961512954, 1.194035367667677, 0.0, 1.199502908810975, 0.7499999999999994, 1.1969018585979958, 0.18951132300357565, 1.1981411565095206, 0.8071167276355159)
[5, 7, 6, 9, 3, 3, 3, 3, 2, 8, 3, 4, 4, 4, 2, 5, 3, 10, 7, 10, 9, 8, 6, 10, 5, 6, 5, 8, 3, 10, 7, 10, 8, 10, 9, 10, 4, 9, 8, 8, 4, 9, 10, 3, 6, 10, 9, 5, 10, 8, 8, 3, 9, 3, 5, 6, 5, 4, 5, 3, 6, 1]
(1.1977989628911039, 0.6151293961512954, 1.1974911153316519, 0.0, 1.1983223553746958, 0.7499999999999994, 1.1973501227796097, 0.18951132300357565, 1.197563699260356, 0.8071167276355159)
[5, 7, 6, 9, 3, 1, 3, 2, 2, 8, 3, 4, 8, 4, 2, 5, 3, 10, 7, 10, 9, 8, 6, 7, 5, 2, 5, 8, 3, 10, 7, 10, 8, 10, 9, 10, 4, 9, 8, 3, 4, 9, 8, 3, 6, 3, 9, 5, 10, 8, 4, 3, 9, 3, 5, 6, 5, 4, 5, 3, 6, 1]
(1.1959386453032512, 0.6151293961512954, 1.1945614665746707, 0.19490824929740458, 1.1969204485416431, 0.7499999999999994, 1.195157341659071, 0.0, 1.196578424796464, 0.8071167276355159)
[5, 7, 6, 9, 3, 3, 2, 2, 5, 8, 3, 4, 4, 4, 2, 5, 3, 10, 7, 10, 9, 8, 6, 7, 5, 6, 5, 8, 3, 10, 7, 10, 8, 10, 9, 10, 4, 9, 8, 3, 4, 9, 7, 3, 6, 3, 9, 6, 10, 8, 10, 3, 9, 3, 5, 6, 5, 4, 5, 3, 6, 1]
(1.2014995776116866, 0.6151293961512954, 1.1947818852961083, 0.21247071544422408, 1.1975647218525427, 0.7499999999999994, 1.197496749833228, 0.0, 1.1978354688733834, 0.8071167276355159)
[5, 7, 6, 9, 3, 3, 2, 2, 5, 8, 3, 4, 4, 4, 2, 5, 3, 10, 6, 10, 9, 8, 6, 7, 5, 6, 5, 6, 3, 10, 7, 10, 8, 10, 8, 10, 4, 9, 8, 3, 4, 9, 7, 3, 6, 3, 9, 3, 10, 8, 10, 3, 9, 3, 5, 6, 5, 4, 5, 3, 6, 1]
(1.200955683737995, 0.6151293961512954, 1.1969906244426984, 0.21247071544422408, 1.1997872561216374, 0.7499999999999994, 1.1965082988142988, 0.0, 1.1975050009787103, 0.8071167276355159)
[9, 7, 6, 9, 3, 3, 3, 2, 8, 8, 3, 4, 5, 7, 2, 3, 3, 10, 7, 9, 9, 8, 6, 7, 5, 6, 5, 8, 3, 10, 7, 10, 8, 10, 9, 10, 3, 9, 10, 3, 4, 9, 8, 3, 6, 3, 9, 5, 10, 8, 8, 3, 9, 3, 5, 6, 5, 4, 5, 3, 6, 1]
(1.1964208785444517, 0.6151293961512954, 1.192905691638591, 0.21247071544422408, 0.7499999999999994, 0.7499999999999994, 1.1975309874862452, 0.0, 1.1974832393229027, 0.8071167276355159)
[4, 4, 1, 7, 3, 3, 4, 2, 2, 8, 3, 4, 4, 4, 2, 5, 3, 10, 7, 10, 9, 8, 6, 7, 5, 6, 5, 8, 3, 10, 7, 10, 8, 10, 9, 10, 4, 9, 8, 3, 4, 9, 7, 3, 6, 3, 9, 6, 10, 8, 10, 3, 9, 3, 5, 6, 5, 4, 5, 3, 6, 1]
(1.2009301871061344, 0.6151293961512954, 1.195030378550293, 0.21247071544422408, 1.1974798262119313, 0.7500000000000007, 1.1989754363894483, 0.0, 1.197209056839349, 0.8071167276355159)
[5, 7, 6, 9, 3, 3, 2, 2, 2, 8, 3, 4, 4, 4, 2, 5, 3, 10, 7, 10, 9, 8, 6, 7, 5, 6, 5, 8, 3, 10, 7, 10, 8, 10, 9, 10, 4, 9, 8, 3, 4, 9, 7, 3, 6, 3, 9, 5, 10, 10, 8, 3, 9, 3, 5, 6, 5, 4, 5, 3, 6, 1]
(1.200662551075222, 0.6151293961512954, 1.195265256613495, 0.0, 1.1969856709241886, 1.0, 1.1984771024435776, 0.0, 1.1976273268461246, 0.8071167276355159)
[5, 7, 6, 9, 3, 3, 2, 2, 2, 8, 3, 4, 4, 4, 2, 5, 3, 10, 7, 10, 9, 8, 6, 7, 5, 6, 5, 8, 3, 10, 7, 10, 8, 10, 9, 10, 4, 9, 8, 4, 4, 9, 7, 3, 6, 3, 9, 5, 10, 8, 8, 6, 9, 3, 5, 6, 5, 4, 5, 3, 6, 1]
(1.2017693780362626, 0.6151293961512954, 1.1969022948294898, 0.0, 1.197359558939936, 1.0, 1.199366109445693, 0.0, 0.0, 0.8071167276355159)
[5, 7, 4, 9, 3, 3, 3, 2, 5, 8, 3, 4, 4, 4, 2, 3, 3, 10, 7, 10, 9, 8, 6, 7, 5, 6, 5, 8, 3, 10, 7, 10, 8, 10, 9, 10, 4, 9, 8, 3, 4, 9, 8, 3, 6, 3, 9, 5, 10, 8, 4, 3, 7, 3, 5, 6, 5, 4, 5, 3, 6, 1]
(1.2013896737247725, 0.6151293961512954, 1.1938496373593825, 0.0, 1.1963619861751813, 1.0, 1.1988196551799795, 0.0, 1.1971029926091452, 0.8071167276355159)
[5, 7, 6, 9, 4, 8, 3, 8, 2, 8, 3, 4, 4, 4, 2, 5, 2, 10, 7, 10, 9, 6, 6, 7, 5, 6, 9, 1, 9, 4, 6, 8, 10, 10, 5, 8, 4, 7, 8, 3, 4, 9, 7, 3, 8, 3, 5, 5, 9, 3, 4, 3, 9, 3, 5, 6, 5, 4, 5, 3, 7, 1]
(1.2027973204851172, 0.6151293961512954, 1.197322591394188, 0.0, 0.0, 1.0, 1.197052712738516, 0.0, 1.1945260122418422, 0.8071167276355159)
[5, 7, 4, 6, 3, 3, 3, 2, 5, 8, 3, 4, 4, 8, 2, 3, 3, 10, 7, 10, 9, 8, 6, 7, 5, 8, 5, 8, 2, 10, 7, 10, 8, 10, 9, 10, 4, 9, 8, 3, 4, 9, 8, 3, 6, 3, 9, 5, 10, 8, 4, 3, 7, 3, 5, 6, 5, 4, 5, 3, 6, 1]
(1.1970333576202412, 0.6151293961512954, 1.1962349038571138, 0.0, 1.1984797611832638, 1.0, 1.1975048158317825, 0.0, 1.1968659874051828, 0.8071167276355159)
[5, 7, 6, 2, 3, 3, 2, 2, 2, 2, 3, 4, 4, 1, 2, 5, 3, 1, 7, 6, 9, 8, 6, 7, 5, 6, 5, 8, 3, 10, 7, 10, 8, 10, 9, 10, 4, 10, 8, 3, 4, 9, 7, 3, 6, 10, 9, 5, 10, 10, 8, 3, 9, 3, 5, 6, 5, 4, 5, 3, 6, 1]
(1.2010617159307022, 0.6151293961512954, 1.1970338605344315, 0.19490824929740458, 0.0, 1.0, 1.1959470842033644, 0.19941471571906358, 1.1962829161435384, 0.6056900424257543)
[5, 7, 5, 9, 3, 3, 3, 2, 2, 7, 3, 4, 4, 4, 2, 5, 3, 10, 7, 10, 9, 8, 6, 7, 5, 6, 5, 9, 3, 10, 3, 10, 8, 10, 9, 10, 5, 9, 8, 3, 4, 9, 8, 2, 6, 3, 9, 7, 10, 8, 8, 3, 9, 3, 5, 6, 5, 4, 5, 3, 6, 1]
(1.1990863360464592, 0.6151293961512954, 1.1963763259351272, 0.21247071544422408, 1.1959911800920981, 1.0, 1.1993109870702048, 0.0, 1.1969379797577877, 0.8071167276355159)
