[3, 9, 7, 2, 2, 2, 7, 3, 9, 9, 5, 8, 3, 7, 8, 4, 1, 10, 8, 2, 10, 1, 3, 8, 8, 6, 5, 4, 1, 3, 9, 5, 10, 6, 7, 1, 6, 8, 2, 5, 8, 9, 3, 4, 4, 2, 2, 10, 8, 7, 3, 6, 10, 5, 1, 1, 4, 3, 2, 3, 10, 2]
(0.0, 0.0, 0.0)
[3, 9, 8, 1, 10, 2, 7, 3, 9, 9, 7, 10, 4, 5, 8, 4, 1, 7, 5, 2, 2, 6, 8, 10, 10, 6, 5, 5, 1, 6, 8, 10, 8, 8, 6, 1, 5, 8, 2, 5, 2, 8, 3, 9, 9, 7, 7, 10, 6, 7, 3, 8, 4, 6, 6, 4, 2, 3, 3, 5, 6, 1]
(0.0, 0.5023081804603258, 0.0)
[3, 9, 3, 5, 5, 2, 7, 3, 9, 9, 5, 6, 3, 5, 9, 4, 5, 7, 2, 2, 6, 4, 2, 9, 8, 6, 5, 6, 2, 9, 9, 10, 8, 5, 1, 2, 2, 10, 6, 5, 8, 9, 3, 4, 4, 3, 2, 10, 8, 7, 5, 6, 10, 5, 1, 1, 2, 3, 1, 2, 10, 1]
(0.0, 0.6744718679226954, 0.0)
[3, 9, 3, 5, 5, 2, 7, 3, 9, 9, 5, 6, 3, 5, 9, 4, 5, 7, 2, 2, 6, 4, 2, 9, 8, 6, 5, 6, 2, 9, 9, 10, 8, 5, 1, 2, 2, 10, 6, 5, 8, 9, 3, 4, 4, 3, 2, 10, 8, 7, 5, 6, 10, 5, 1, 1, 2, 3, 1, 2, 10, 1]
(0.0, 0.6744718679226954, 0.0)
[3, 9, 7, 8, 5, 9, 7, 3, 9, 6, 5, 8, 4, 5, 8, 4, 1, 7, 5, 2, 6, 4, 8, 9, 10, 9, 5, 4, 1, 3, 9, 3, 8, 4, 5, 2, 2, 10, 6, 6, 5, 7, 3, 3, 3, 6, 2, 10, 8, 7, 3, 8, 4, 5, 6, 4, 2, 3, 3, 5, 10, 1]
(0.18602311425640405, 0.4982211148893726, 0.0)
[3, 9, 3, 2, 5, 2, 7, 3, 9, 7, 5, 4, 4, 1, 8, 3, 5, 7, 8, 2, 2, 4, 2, 9, 4, 6, 5, 4, 4, 3, 7, 10, 8, 5, 7, 2, 2, 8, 4, 6, 6, 8, 6, 5, 10, 7, 7, 4, 9, 4, 2, 3, 10, 5, 1, 9, 2, 3, 1, 6, 10, 1]
(0.6927030177471055, 0.0, 0.0)
[3, 9, 3, 2, 5, 2, 7, 3, 9, 7, 5, 3, 4, 5, 8, 4, 5, 7, 8, 2, 2, 4, 2, 9, 4, 6, 5, 4, 4, 3, 8, 10, 2, 9, 6, 1, 6, 10, 2, 6, 6, 8, 6, 5, 10, 7, 7, 4, 9, 4, 2, 3, 10, 5, 1, 9, 2, 3, 1, 6, 10, 1]
(0.6928448221799844, 0.0, 0.0)
[3, 9, 3, 2, 5, 2, 7, 3, 9, 7, 5, 4, 4, 5, 8, 3, 5, 7, 8, 2, 2, 4, 2, 9, 4, 6, 5, 4, 4, 3, 8, 10, 2, 9, 6, 1, 6, 10, 2, 6, 6, 8, 6, 5, 10, 7, 7, 4, 9, 4, 2, 3, 10, 5, 1, 9, 2, 3, 1, 6, 10, 1]
(0.6928448221799844, 0.0, 0.0)
[10, 9, 8, 2, 8, 2, 7, 3, 9, 7, 3, 8, 3, 4, 7, 4, 1, 7, 8, 2, 3, 3, 3, 6, 4, 9, 6, 8, 6, 6, 8, 5, 10, 6, 3, 2, 2, 10, 6, 6, 5, 7, 7, 6, 9, 1, 1, 8, 10, 2, 5, 8, 7, 5, 1, 3, 4, 3, 1, 3, 10, 1]
(0.3277169428476364, 0.3723336488939767, 0.0)
[3, 9, 7, 8, 5, 9, 7, 3, 9, 6, 5, 8, 3, 10, 5, 4, 2, 7, 5, 2, 6, 4, 8, 9, 4, 6, 5, 4, 4, 3, 10, 3, 4, 4, 1, 2, 7, 8, 6, 6, 5, 7, 3, 3, 3, 6, 2, 10, 8, 7, 3, 8, 4, 5, 6, 4, 2, 3, 3, 5, 10, 1]
(0.1985036335343751, 0.0, 0.5104951486001454)
[3, 9, 7, 2, 5, 9, 7, 3, 9, 1, 5, 10, 4, 5, 8, 4, 1, 7, 5, 2, 2, 6, 8, 10, 10, 6, 3, 7, 1, 6, 9, 10, 8, 8, 6, 1, 5, 8, 2, 5, 6, 8, 3, 4, 9, 6, 2, 10, 8, 7, 3, 8, 4, 5, 6, 4, 2, 3, 3, 5, 10, 1]
(0.0, 0.7119138676661951, 0.0)
[3, 9, 7, 2, 5, 2, 7, 3, 9, 9, 5, 8, 3, 5, 8, 1, 1, 7, 2, 3, 6, 4, 2, 9, 4, 6, 10, 4, 4, 3, 9, 10, 2, 9, 7, 5, 8, 2, 4, 6, 6, 8, 6, 9, 9, 7, 7, 4, 8, 7, 3, 8, 4, 5, 1, 4, 2, 3, 3, 5, 10, 1]
(0.0, 0.7146529762915894, 0.0)
[3, 9, 3, 5, 5, 2, 7, 3, 9, 9, 5, 8, 7, 5, 2, 4, 1, 8, 8, 8, 10, 4, 2, 9, 4, 6, 5, 9, 4, 10, 7, 5, 10, 4, 7, 2, 2, 10, 6, 6, 5, 7, 7, 6, 9, 1, 10, 4, 8, 7, 3, 8, 4, 5, 1, 4, 4, 3, 1, 3, 10, 1]
(0.07180624223158424, 0.49372600746644085, 0.1891093494838608)
[3, 9, 7, 2, 5, 9, 7, 3, 9, 1, 5, 10, 4, 5, 8, 4, 1, 7, 5, 2, 6, 7, 4, 7, 4, 6, 5, 4, 4, 3, 9, 9, 5, 9, 7, 5, 2, 8, 2, 5, 6, 8, 3, 4, 9, 1, 2, 10, 8, 7, 3, 8, 4, 5, 6, 4, 2, 3, 3, 5, 10, 1]
(0.20228424018069854, 0.0, 0.5557987614544663)
[3, 9, 3, 5, 5, 2, 7, 3, 9, 9, 5, 6, 3, 5, 9, 4, 5, 7, 2, 2, 6, 4, 2, 9, 8, 6, 5, 6, 2, 9, 9, 10, 8, 5, 6, 6, 6, 8, 2, 5, 8, 5, 3, 3, 9, 3, 2, 10, 8, 7, 3, 6, 10, 5, 1, 1, 2, 3, 1, 2, 10, 1]
(0.19408318597807317, 0.3630162705667262, 0.23571319446302805)
[3, 9, 3, 2, 5, 1, 5, 3, 9, 9, 5, 8, 7, 5, 2, 4, 1, 8, 8, 8, 6, 4, 2, 9, 4, 6, 5, 9, 4, 10, 7, 5, 10, 4, 7, 2, 2, 10, 6, 6, 5, 7, 7, 6, 9, 1, 10, 4, 8, 7, 3, 8, 4, 5, 1, 4, 4, 3, 1, 3, 10, 1]
(0.11845102837268287, 0.5242255118877516, 0.1710608138954296)
[3, 9, 7, 4, 5, 9, 7, 3, 9, 9, 5, 8, 7, 10, 5, 4, 1, 8, 8, 6, 5, 4, 2, 9, 4, 6, 5, 2, 1, 3, 9, 10, 8, 5, 6, 1, 2, 10, 2, 6, 7, 8, 3, 4, 4, 3, 2, 10, 8, 7, 1, 6, 10, 5, 1, 1, 2, 3, 1, 2, 10, 1]
(0.3281398782910852, 0.29100932283999836, 0.23688395527573575)
[3, 9, 7, 2, 5, 9, 7, 3, 9, 5, 5, 10, 4, 5, 8, 4, 9, 7, 5, 2, 6, 4, 8, 9, 10, 9, 5, 4, 1, 3, 9, 3, 4, 4, 1, 2, 7, 9, 6, 6, 5, 7, 3, 3, 3, 6, 2, 10, 8, 5, 3, 8, 4, 5, 6, 4, 2, 3, 4, 5, 10, 1]
(0.18899164741184163, 0.7127334227100999, 0.0)
[3, 9, 3, 2, 5, 1, 7, 3, 9, 9, 5, 4, 3, 5, 8, 4, 1, 7, 2, 2, 6, 6, 2, 10, 10, 6, 5, 4, 1, 3, 9, 10, 8, 5, 6, 1, 6, 8, 2, 5, 8, 9, 3, 4, 4, 3, 2, 10, 8, 7, 3, 6, 10, 5, 1, 1, 2, 3, 1, 2, 10, 1]
(0.0, 0.9315821421332648, 0.0)
[10, 9, 8, 1, 10, 2, 7, 3, 9, 9, 1, 10, 4, 5, 8, 4, 9, 7, 5, 2, 6, 2, 8, 9, 10, 9, 5, 4, 1, 3, 9, 3, 4, 4, 1, 1, 6, 10, 2, 2, 4, 7, 3, 3, 3, 6, 2, 10, 8, 5, 3, 8, 4, 5, 6, 4, 2, 3, 1, 5, 10, 1]
(0.0, 0.9347828016616395, 0.0)
[10, 9, 8, 2, 9, 2, 7, 8, 9, 9, 5, 9, 3, 3, 5, 4, 1, 7, 8, 2, 2, 3, 3, 6, 4, 9, 6, 8, 6, 10, 8, 5, 10, 6, 7, 2, 3, 10, 6, 7, 5, 7, 7, 6, 9, 1, 1, 10, 10, 2, 5, 8, 4, 5, 1, 3, 4, 3, 1, 3, 10, 1]
(0.24064847197042824, 0.3050840124095108, 0.3892089982508991)
[3, 9, 3, 2, 5, 1, 7, 3, 3, 9, 5, 8, 7, 5, 5, 4, 1, 8, 8, 8, 6, 6, 2, 10, 10, 6, 5, 4, 1, 3, 9, 10, 8, 8, 5, 1, 6, 10, 6, 1, 5, 7, 7, 6, 9, 1, 2, 10, 8, 7, 3, 6, 5, 5, 1, 1, 2, 3, 1, 2, 10, 1]
(0.3278186680361843, 0.47712107159489137, 0.13536342227237258)
[3, 9, 8, 1, 10, 2, 7, 3, 9, 9, 5, 10, 4, 5, 8, 4, 1, 7, 5, 2, 2, 6, 8, 10, 10, 6, 5, 4, 1, 6, 9, 10, 8, 8, 6, 1, 5, 8, 2, 5, 6, 8, 3, 4, 9, 1, 1, 8, 10, 9, 5, 3, 4, 7, 1, 3, 4, 3, 2, 3, 10, 2]
(0.0, 0.7151880887247247, 0.22705489751339375)
[3, 9, 8, 1, 10, 2, 7, 3, 9, 9, 5, 10, 4, 5, 8, 4, 1, 7, 5, 2, 2, 6, 8, 10, 10, 6, 5, 4, 1, 6, 9, 10, 8, 8, 6, 1, 5, 8, 2, 5, 6, 8, 3, 4, 9, 1, 1, 8, 10, 9, 5, 3, 4, 7, 1, 3, 4, 3, 2, 3, 10, 2]
(0.0, 0.7151880887247247, 0.22705489751339375)
[6, 4, 8, 1, 10, 7, 7, 3, 1, 9, 5, 8, 3, 5, 2, 4, 1, 9, 8, 2, 6, 4, 8, 9, 10, 8, 3, 4, 4, 3, 9, 10, 2, 9, 7, 5, 8, 2, 4, 6, 6, 9, 6, 9, 9, 7, 7, 10, 6, 7, 3, 8, 4, 6, 6, 4, 2, 3, 3, 5, 9, 1]
(0.0, 0.9449462358839796, 0.0)
[3, 9, 7, 2, 6, 8, 7, 8, 4, 9, 5, 8, 3, 5, 8, 4, 1, 9, 8, 2, 2, 8, 7, 9, 10, 8, 3, 4, 4, 3, 9, 10, 2, 9, 7, 5, 8, 2, 4, 7, 6, 8, 6, 9, 9, 7, 7, 10, 6, 7, 3, 8, 4, 6, 6, 4, 2, 3, 3, 5, 6, 1]
(0.0, 0.9450397119857358, 0.0)
[3, 9, 3, 2, 5, 1, 1, 3, 3, 9, 5, 8, 7, 5, 5, 4, 1, 8, 8, 8, 6, 6, 2, 10, 10, 6, 5, 4, 1, 3, 9, 10, 8, 5, 6, 1, 2, 10, 2, 6, 7, 8, 3, 4, 4, 1, 2, 10, 8, 7, 3, 6, 5, 5, 1, 1, 2, 3, 1, 2, 10, 1]
(0.19035772757029037, 0.6575169824995115, 0.10962116084916917)
[3, 9, 7, 2, 1, 2, 7, 3, 9, 7, 5, 8, 3, 5, 8, 4, 1, 8, 2, 2, 6, 7, 4, 7, 4, 6, 5, 4, 4, 3, 9, 9, 5, 9, 7, 5, 2, 10, 6, 3, 5, 9, 7, 6, 9, 7, 7, 1, 8, 7, 3, 8, 4, 5, 1, 5, 6, 3, 3, 5, 10, 1]
(0.18269973878631104, 0.0, 0.7998818623538707)
[3, 9, 7, 2, 1, 2, 7, 3, 9, 7, 5, 8, 3, 5, 8, 4, 1, 8, 2, 2, 6, 7, 4, 7, 4, 6, 5, 4, 4, 3, 9, 9, 5, 9, 7, 5, 2, 10, 6, 3, 5, 9, 7, 6, 9, 7, 7, 1, 8, 7, 3, 8, 4, 5, 1, 5, 6, 3, 3, 5, 10, 1]
(0.18269973878631104, 0.0, 0.7998818623538707)
[6, 4, 8, 1, 10, 7, 7, 3, 1, 9, 5, 8, 3, 5, 2, 4, 1, 9, 8, 2, 6, 4, 8, 9, 10, 8, 3, 4, 4, 6, 9, 10, 2, 9, 7, 4, 7, 2, 4, 6, 6, 8, 6, 9, 9, 7, 7, 10, 6, 10, 3, 8, 4, 6, 6, 4, 2, 3, 3, 5, 6, 1]
(0.0, 0.7123845337463686, 0.2830679389987797)
[6, 9, 8, 1, 2, 2, 4, 3, 9, 7, 6, 10, 4, 5, 8, 4, 9, 7, 5, 2, 6, 4, 3, 9, 10, 8, 5, 4, 1, 3, 9, 3, 4, 4, 1, 2, 7, 10, 6, 6, 5, 7, 3, 2, 3, 6, 2, 10, 8, 7, 3, 8, 4, 5, 6, 4, 2, 3, 4, 5, 10, 1]
(0.30221222461178054, 0.7087690839151211, 0.0)
[3, 9, 3, 2, 5, 1, 7, 3, 9, 9, 3, 4, 3, 5, 1, 4, 1, 7, 2, 2, 1, 4, 2, 9, 4, 6, 5, 10, 4, 3, 9, 10, 8, 5, 6, 1, 6, 8, 2, 5, 8, 9, 3, 4, 4, 3, 2, 10, 8, 7, 5, 6, 10, 5, 1, 1, 2, 3, 1, 2, 10, 1]
(0.21266403651225307, 0.7100452070416172, 0.11533246636210712)
[3, 9, 7, 2, 5, 9, 7, 3, 9, 9, 5, 8, 7, 10, 5, 4, 1, 8, 8, 6, 5, 4, 2, 9, 4, 6, 5, 2, 1, 3, 9, 10, 8, 5, 6, 1, 2, 10, 2, 6, 6, 8, 3, 4, 4, 3, 2, 10, 8, 7, 1, 6, 10, 5, 1, 1, 2, 3, 1, 2, 10, 1]
(0.3285647948756479, 0.4948426692746602, 0.22578001595525257)
[10, 9, 8, 2, 5, 2, 7, 3, 9, 9, 5, 8, 3, 7, 5, 4, 1, 7, 8, 2, 3, 3, 4, 6, 4, 8, 6, 8, 6, 8, 9, 10, 8, 5, 6, 1, 2, 10, 2, 6, 7, 8, 3, 4, 4, 3, 1, 10, 8, 2, 7, 8, 4, 5, 1, 3, 4, 3, 1, 3, 10, 1]
(0.0, 0.6932429865933978, 0.3687862831700876)
[10, 9, 8, 2, 7, 2, 7, 3, 9, 9, 5, 9, 3, 3, 5, 5, 1, 7, 8, 5, 2, 3, 3, 6, 4, 9, 6, 8, 6, 10, 8, 5, 10, 6, 7, 3, 3, 10, 8, 7, 5, 7, 7, 6, 9, 1, 1, 10, 10, 2, 5, 8, 4, 5, 1, 3, 4, 3, 1, 3, 10, 1]
(0.32763921359333475, 0.5222826361555214, 0.23603130558278126)
[8, 9, 8, 2, 5, 2, 7, 3, 9, 7, 5, 10, 4, 5, 8, 4, 1, 7, 5, 2, 6, 4, 8, 9, 10, 9, 5, 4, 1, 3, 9, 3, 4, 4, 1, 2, 7, 10, 6, 6, 5, 7, 3, 3, 3, 6, 2, 10, 8, 7, 3, 8, 4, 5, 6, 4, 2, 3, 4, 5, 10, 1]
(0.644266756013608, 0.4648216137965496, 0.0)
[6, 9, 8, 1, 5, 2, 7, 3, 9, 7, 5, 10, 4, 5, 8, 4, 1, 7, 5, 2, 6, 4, 8, 9, 10, 8, 5, 4, 1, 3, 9, 3, 4, 4, 1, 2, 7, 10, 6, 6, 5, 7, 3, 3, 2, 6, 2, 10, 8, 7, 3, 8, 4, 5, 6, 4, 2, 3, 4, 5, 10, 1]
(0.6431713400187886, 0.4755246592853898, 0.0)
[6, 9, 8, 1, 5, 2, 7, 3, 9, 7, 5, 10, 4, 5, 8, 4, 9, 7, 5, 2, 6, 4, 8, 9, 10, 9, 5, 4, 1, 3, 9, 3, 4, 4, 1, 2, 7, 8, 6, 6, 5, 7, 3, 3, 3, 6, 2, 10, 8, 5, 3, 8, 4, 5, 6, 4, 2, 3, 4, 5, 10, 1]
(0.458193941878953, 0.7109614379064413, 0.0)
[3, 9, 7, 2, 5, 9, 7, 3, 9, 1, 5, 8, 3, 5, 8, 3, 1, 7, 5, 2, 6, 4, 8, 9, 4, 6, 5, 7, 1, 6, 9, 10, 8, 8, 6, 1, 5, 8, 2, 5, 6, 8, 3, 4, 9, 6, 2, 10, 8, 7, 3, 8, 4, 5, 6, 4, 2, 3, 3, 5, 10, 1]
(0.18311648003965728, 0.7109081124808312, 0.2835633375609542)
[3, 9, 8, 2, 5, 1, 7, 5, 9, 9, 1, 4, 10, 5, 5, 4, 1, 10, 8, 2, 2, 6, 8, 10, 10, 6, 5, 4, 1, 6, 9, 10, 8, 8, 6, 1, 5, 8, 2, 5, 6, 8, 3, 4, 9, 1, 1, 8, 10, 9, 5, 3, 4, 7, 1, 3, 4, 3, 2, 3, 10, 2]
(0.0, 0.4788692064706746, 0.8001846278658709)
[10, 9, 8, 2, 7, 2, 7, 3, 9, 9, 5, 9, 5, 3, 5, 5, 1, 7, 8, 2, 2, 3, 3, 6, 4, 9, 6, 8, 6, 10, 8, 5, 10, 6, 7, 3, 3, 10, 6, 7, 5, 7, 7, 6, 9, 1, 1, 10, 10, 2, 5, 8, 4, 5, 1, 3, 4, 3, 1, 3, 10, 1]
(0.32787154907325555, 0.5160703829848724, 0.4443952853344853)
[3, 9, 7, 2, 5, 10, 7, 3, 9, 9, 5, 8, 3, 5, 8, 4, 1, 7, 2, 3, 3, 4, 2, 9, 4, 6, 10, 4, 4, 1, 9, 10, 2, 9, 7, 5, 8, 5, 4, 6, 6, 8, 6, 9, 9, 7, 7, 4, 8, 7, 3, 9, 4, 5, 1, 4, 2, 3, 3, 5, 10, 1]
(0.33493730866466687, 0.7130961055598061, 0.24841451331000333)
[10, 9, 8, 2, 7, 2, 7, 3, 9, 9, 5, 9, 3, 3, 5, 4, 1, 7, 8, 2, 2, 3, 3, 6, 4, 9, 6, 8, 6, 10, 8, 5, 10, 6, 7, 3, 3, 10, 6, 7, 5, 7, 7, 6, 9, 1, 1, 10, 10, 2, 5, 8, 4, 5, 1, 3, 4, 3, 1, 3, 10, 1]
(0.4001875016511256, 0.5131183727666836, 0.39835568457775883)
[10, 9, 8, 2, 7, 2, 7, 3, 9, 9, 5, 9, 3, 3, 5, 5, 1, 7, 8, 2, 2, 3, 3, 6, 4, 9, 6, 8, 6, 10, 8, 5, 10, 6, 7, 3, 3, 10, 6, 7, 5, 7, 7, 6, 9, 1, 1, 10, 10, 2, 5, 8, 4, 5, 1, 3, 4, 3, 1, 3, 10, 1]
(0.40023883511329145, 0.5152206485047498, 0.39835568457775883)
[10, 9, 8, 2, 7, 2, 7, 4, 9, 9, 5, 9, 5, 3, 5, 5, 1, 7, 8, 2, 2, 3, 2, 6, 4, 9, 6, 8, 6, 6, 8, 5, 10, 6, 7, 2, 2, 10, 6, 2, 6, 8, 6, 6, 9, 7, 1, 8, 8, 2, 5, 8, 7, 5, 1, 3, 4, 3, 1, 3, 10, 1]
(0.2433816279667254, 0.6818466407246907, 0.4208459883768644)
[3, 9, 8, 2, 5, 3, 7, 3, 9, 7, 5, 8, 3, 5, 8, 4, 1, 7, 2, 4, 6, 4, 2, 3, 10, 3, 5, 4, 7, 3, 7, 10, 8, 5, 7, 2, 2, 8, 4, 6, 5, 8, 6, 9, 9, 7, 7, 4, 8, 7, 3, 10, 1, 8, 4, 4, 2, 3, 3, 6, 10, 1]
(0.6401138994414965, 0.7118787110356768, 0.0)
[3, 9, 7, 2, 5, 9, 7, 3, 9, 1, 5, 8, 3, 5, 8, 3, 1, 7, 5, 2, 6, 4, 8, 9, 4, 6, 5, 4, 4, 6, 10, 3, 4, 4, 1, 2, 7, 8, 6, 6, 6, 7, 3, 3, 3, 6, 2, 10, 8, 7, 3, 8, 4, 5, 6, 4, 2, 3, 3, 5, 10, 1]
(0.6427532369661181, 0.7118890685029327, 0.0)
[3, 9, 7, 2, 5, 9, 7, 3, 9, 1, 5, 7, 3, 5, 8, 4, 1, 7, 5, 2, 6, 4, 8, 9, 4, 6, 5, 4, 4, 3, 10, 3, 4, 4, 5, 2, 2, 10, 6, 3, 6, 8, 6, 6, 9, 10, 1, 8, 8, 7, 3, 8, 4, 5, 6, 4, 2, 3, 3, 5, 10, 1]
(0.6434057797434516, 0.7127333555538866, 0.0)
[3, 9, 8, 2, 5, 3, 7, 3, 9, 7, 5, 8, 3, 5, 8, 4, 1, 7, 2, 4, 6, 4, 2, 3, 10, 6, 7, 4, 4, 3, 7, 10, 8, 7, 7, 2, 2, 7, 4, 6, 6, 8, 6, 5, 10, 7, 7, 4, 9, 7, 2, 10, 1, 8, 4, 4, 2, 3, 3, 6, 10, 1]
(0.6435383662570546, 0.7129597497486831, 0.0)
[3, 9, 7, 2, 5, 9, 7, 3, 9, 1, 5, 8, 3, 5, 8, 4, 1, 7, 5, 2, 6, 4, 8, 9, 4, 6, 5, 4, 4, 3, 10, 3, 4, 4, 5, 2, 2, 10, 6, 6, 6, 8, 6, 6, 9, 10, 1, 8, 8, 7, 3, 8, 4, 5, 6, 4, 2, 3, 3, 5, 10, 1]
(0.6447048313071483, 0.7142714036011459, 0.0)
[6, 9, 8, 1, 10, 2, 7, 3, 9, 9, 5, 10, 4, 5, 8, 4, 1, 7, 5, 2, 6, 4, 8, 9, 10, 8, 5, 4, 1, 3, 9, 3, 4, 4, 1, 2, 7, 10, 6, 6, 5, 7, 3, 3, 3, 6, 2, 10, 8, 7, 3, 8, 4, 5, 6, 4, 2, 3, 4, 5, 10, 1]
(0.6462897030482633, 0.7128803852440617, 0.0)
[6, 9, 8, 1, 10, 2, 7, 3, 9, 9, 1, 10, 4, 5, 8, 4, 1, 7, 5, 2, 6, 4, 8, 9, 10, 8, 5, 4, 1, 3, 9, 3, 4, 4, 1, 2, 7, 10, 6, 6, 5, 7, 3, 2, 3, 6, 2, 10, 8, 7, 3, 8, 4, 5, 6, 4, 2, 3, 4, 5, 10, 1]
(0.6462522442271011, 0.712942989396087, 0.0)
[6, 9, 8, 1, 10, 2, 7, 3, 9, 9, 1, 10, 4, 5, 8, 4, 1, 7, 5, 2, 6, 4, 8, 9, 10, 8, 5, 4, 1, 3, 9, 3, 4, 4, 1, 2, 7, 10, 6, 6, 5, 7, 3, 2, 3, 6, 2, 10, 8, 7, 3, 8, 4, 5, 6, 4, 2, 3, 4, 5, 10, 1]
(0.6462522442271011, 0.712942989396087, 0.0)
[6, 9, 8, 1, 10, 2, 7, 3, 9, 9, 1, 10, 4, 5, 8, 4, 1, 7, 5, 2, 6, 4, 8, 9, 10, 8, 5, 4, 1, 3, 9, 3, 4, 4, 1, 2, 7, 10, 6, 6, 5, 7, 3, 2, 3, 6, 2, 10, 8, 7, 3, 8, 4, 5, 6, 4, 2, 3, 4, 5, 10, 1]
(0.6462522442271011, 0.712942989396087, 0.0)
[6, 9, 8, 1, 10, 2, 7, 3, 9, 9, 1, 10, 4, 5, 8, 4, 1, 7, 5, 2, 6, 4, 8, 9, 10, 8, 5, 4, 1, 3, 9, 3, 4, 4, 1, 2, 7, 10, 6, 6, 5, 7, 3, 2, 3, 6, 2, 10, 8, 7, 3, 8, 4, 5, 6, 4, 2, 3, 4, 5, 10, 1]
(0.6462522442271011, 0.712942989396087, 0.0)
[1, 4, 8, 1, 10, 2, 7, 3, 9, 7, 5, 8, 3, 5, 8, 4, 1, 7, 2, 4, 6, 4, 8, 2, 1, 9, 7, 4, 7, 9, 7, 10, 8, 7, 7, 2, 2, 7, 4, 6, 6, 8, 6, 9, 9, 7, 7, 10, 8, 7, 3, 8, 4, 8, 6, 4, 2, 3, 3, 5, 10, 1]
(0.6446489753771133, 0.7160220157635575, 0.0)
[10, 9, 8, 1, 10, 2, 7, 3, 9, 9, 1, 10, 4, 5, 8, 4, 1, 7, 5, 2, 6, 2, 8, 9, 10, 9, 5, 4, 1, 3, 9, 3, 4, 4, 1, 1, 6, 10, 2, 2, 4, 7, 3, 3, 3, 6, 2, 10, 8, 5, 3, 8, 4, 5, 6, 4, 2, 3, 4, 5, 9, 1]
(0.6515674934625656, 0.7103015220858695, 0.0)
[10, 9, 8, 1, 10, 2, 7, 3, 9, 9, 1, 10, 4, 5, 8, 4, 1, 7, 5, 2, 6, 2, 8, 9, 10, 9, 5, 4, 1, 3, 9, 3, 4, 4, 1, 1, 6, 10, 2, 2, 4, 7, 3, 3, 3, 6, 2, 10, 8, 5, 3, 8, 4, 5, 6, 4, 2, 3, 4, 5, 9, 1]
(0.6515674934625656, 0.7103015220858695, 0.0)
[1, 4, 8, 1, 10, 2, 7, 3, 9, 7, 5, 8, 3, 5, 8, 4, 1, 7, 2, 4, 6, 4, 8, 2, 10, 9, 7, 4, 7, 5, 9, 1, 8, 7, 7, 2, 2, 6, 4, 6, 6, 8, 6, 9, 9, 7, 7, 10, 8, 7, 3, 8, 4, 4, 6, 4, 2, 3, 3, 5, 10, 1]
(0.645830357997744, 0.7164285209400183, 0.0)
[6, 9, 3, 2, 6, 2, 7, 3, 9, 9, 5, 6, 3, 5, 9, 4, 5, 7, 2, 2, 6, 4, 2, 9, 8, 4, 5, 6, 2, 6, 9, 10, 8, 5, 10, 1, 3, 9, 2, 5, 4, 9, 3, 4, 4, 3, 2, 10, 8, 9, 4, 6, 10, 5, 6, 4, 2, 3, 3, 5, 8, 1]
(0.6454763634743431, 0.7168657172123438, 0.0)
[4, 4, 8, 1, 10, 2, 7, 3, 1, 9, 5, 10, 4, 5, 8, 4, 5, 7, 5, 9, 6, 4, 8, 9, 10, 6, 8, 4, 4, 6, 7, 10, 8, 7, 7, 2, 2, 6, 4, 6, 8, 8, 6, 9, 9, 7, 7, 10, 8, 7, 3, 8, 4, 4, 6, 4, 2, 4, 3, 5, 10, 1]
(0.6526998546569498, 0.7146160262367528, 0.0)
[1, 4, 8, 1, 10, 2, 7, 3, 1, 9, 5, 10, 4, 5, 8, 4, 5, 7, 5, 9, 6, 4, 8, 9, 10, 6, 7, 4, 4, 6, 7, 10, 8, 7, 7, 2, 2, 6, 4, 6, 6, 8, 6, 9, 9, 7, 7, 10, 8, 7, 3, 8, 4, 4, 6, 4, 2, 3, 3, 5, 10, 1]
(0.6528063835379061, 0.7153795017434439, 0.0)
[3, 9, 3, 5, 5, 2, 7, 3, 9, 9, 5, 6, 3, 5, 9, 4, 5, 7, 2, 2, 6, 4, 2, 9, 8, 6, 5, 3, 4, 3, 9, 10, 2, 9, 8, 2, 2, 10, 2, 5, 6, 8, 3, 4, 6, 3, 2, 10, 8, 7, 3, 8, 10, 5, 1, 1, 2, 3, 1, 2, 10, 1]
(0.22473725402846273, 0.934945667255669, 0.22506672290015742)
[6, 9, 3, 1, 5, 2, 7, 3, 9, 7, 5, 7, 4, 5, 8, 4, 9, 7, 5, 2, 6, 4, 8, 9, 10, 9, 5, 4, 1, 3, 9, 1, 4, 4, 1, 2, 7, 8, 6, 6, 5, 7, 3, 3, 3, 6, 2, 10, 8, 7, 3, 8, 4, 5, 6, 4, 2, 3, 4, 5, 10, 1]
(0.6483468584149547, 0.510671785432308, 0.2659400890881842)
[10, 9, 8, 2, 5, 2, 7, 3, 9, 9, 1, 8, 3, 7, 7, 4, 1, 7, 8, 2, 3, 3, 3, 6, 4, 8, 6, 8, 6, 6, 9, 10, 8, 5, 6, 1, 6, 10, 2, 5, 8, 9, 3, 4, 4, 3, 1, 10, 8, 2, 5, 8, 4, 5, 1, 3, 4, 3, 1, 3, 10, 1]
(0.0, 0.6394588288851097, 0.7977175235897714)
[10, 9, 8, 2, 5, 4, 7, 8, 9, 1, 5, 9, 3, 3, 2, 4, 1, 7, 8, 2, 2, 3, 3, 6, 4, 9, 6, 8, 6, 10, 8, 7, 10, 6, 5, 2, 3, 10, 6, 6, 5, 7, 7, 6, 9, 1, 1, 10, 10, 2, 5, 8, 4, 5, 1, 3, 4, 3, 1, 3, 10, 1]
(0.3270440782796441, 0.6736926198937017, 0.4947153324621472)
[8, 9, 8, 2, 5, 2, 7, 2, 9, 7, 5, 10, 4, 5, 8, 4, 1, 7, 5, 2, 6, 4, 8, 9, 10, 9, 5, 4, 1, 3, 9, 3, 4, 4, 5, 2, 2, 10, 6, 6, 6, 8, 6, 6, 9, 10, 1, 8, 8, 7, 3, 8, 4, 5, 6, 4, 2, 3, 4, 5, 10, 1]
(0.0, 0.7110183443840444, 0.7960014306904521)
[3, 9, 7, 2, 5, 9, 7, 3, 9, 1, 5, 10, 4, 5, 8, 4, 1, 7, 5, 2, 3, 6, 8, 10, 10, 9, 5, 4, 1, 3, 8, 3, 4, 4, 5, 2, 5, 8, 2, 5, 6, 8, 3, 4, 9, 1, 2, 10, 8, 7, 3, 8, 4, 5, 6, 4, 2, 3, 3, 5, 10, 1]
(0.0, 0.7109232859674794, 0.7991597121929562)
[6, 9, 8, 1, 2, 2, 4, 3, 9, 9, 5, 10, 4, 1, 8, 4, 1, 7, 3, 2, 6, 4, 8, 9, 10, 9, 5, 4, 1, 3, 9, 3, 4, 4, 1, 2, 7, 10, 6, 6, 5, 7, 3, 2, 3, 6, 2, 10, 8, 7, 3, 8, 4, 5, 6, 4, 2, 3, 4, 5, 10, 1]
(0.2721845622659873, 0.4745209037999528, 0.7929275423333063)
[10, 9, 8, 2, 5, 2, 7, 3, 9, 9, 5, 8, 3, 7, 7, 4, 1, 7, 8, 2, 3, 3, 3, 6, 4, 8, 6, 8, 6, 6, 9, 10, 8, 5, 6, 1, 2, 10, 2, 6, 7, 8, 3, 3, 4, 3, 1, 10, 8, 2, 5, 8, 4, 5, 1, 3, 4, 3, 1, 3, 10, 1]
(0.32732633086568447, 0.6518873677589018, 0.5730110261560157)
[3, 9, 7, 2, 5, 9, 7, 3, 9, 1, 5, 10, 4, 5, 8, 4, 1, 7, 5, 2, 6, 4, 8, 9, 4, 6, 5, 4, 4, 3, 10, 3, 4, 4, 5, 2, 2, 10, 6, 6, 6, 1, 6, 6, 9, 10, 1, 8, 8, 7, 3, 8, 4, 5, 6, 4, 2, 3, 3, 5, 9, 1]
(0.642317024597564, 0.9373928138054896, 0.0)
[3, 9, 7, 2, 5, 9, 7, 3, 6, 1, 7, 10, 4, 5, 8, 4, 1, 7, 5, 2, 6, 4, 8, 9, 4, 6, 5, 4, 4, 3, 10, 3, 4, 4, 5, 2, 2, 10, 6, 6, 6, 1, 6, 6, 7, 10, 1, 8, 8, 7, 3, 8, 4, 5, 6, 4, 2, 3, 3, 5, 9, 1]
(0.6422389635189226, 0.943000527191906, 0.0)
[1, 4, 8, 1, 10, 2, 7, 3, 1, 9, 5, 10, 4, 5, 8, 4, 5, 7, 5, 9, 6, 4, 8, 9, 10, 7, 3, 4, 4, 3, 9, 10, 2, 9, 7, 5, 10, 5, 4, 6, 6, 8, 6, 9, 9, 7, 7, 10, 8, 7, 3, 8, 4, 6, 6, 4, 2, 3, 3, 5, 10, 1]
(0.6511448247557611, 0.9422969103790808, 0.0)
[6, 7, 3, 1, 3, 2, 4, 3, 9, 7, 5, 9, 4, 5, 8, 4, 1, 7, 4, 3, 6, 4, 2, 9, 10, 9, 5, 4, 1, 3, 9, 3, 9, 4, 5, 2, 2, 10, 6, 6, 6, 8, 6, 6, 9, 10, 7, 8, 8, 7, 3, 8, 4, 5, 6, 4, 2, 3, 6, 5, 10, 1]
(0.6519939439289919, 0.7124585886687834, 0.24868188221406717)
[3, 9, 7, 2, 5, 9, 7, 3, 9, 4, 5, 10, 4, 5, 8, 4, 1, 7, 5, 2, 6, 6, 6, 10, 10, 6, 5, 4, 2, 3, 10, 3, 4, 4, 5, 2, 2, 10, 6, 6, 6, 1, 6, 6, 9, 10, 1, 10, 8, 7, 3, 8, 4, 5, 6, 4, 2, 3, 3, 5, 9, 1]
(0.6461849324871423, 0.7153442865809837, 0.2686037794409858)
[10, 9, 8, 2, 8, 2, 7, 3, 9, 1, 5, 8, 3, 7, 7, 4, 1, 7, 8, 2, 3, 3, 3, 6, 4, 9, 6, 8, 6, 6, 8, 5, 10, 6, 7, 2, 2, 10, 6, 2, 6, 8, 6, 6, 9, 7, 1, 8, 8, 2, 5, 8, 6, 5, 1, 3, 4, 3, 1, 3, 10, 1]
(0.20258876398193285, 0.7076354186252566, 0.7942709555674682)
[10, 9, 8, 2, 8, 2, 7, 3, 9, 7, 3, 8, 3, 7, 7, 4, 1, 7, 8, 2, 3, 3, 3, 6, 4, 9, 6, 8, 6, 6, 8, 5, 10, 6, 7, 2, 2, 10, 6, 6, 5, 7, 7, 6, 9, 1, 1, 8, 10, 2, 5, 8, 7, 5, 1, 3, 4, 3, 1, 3, 10, 1]
(0.24374157691881718, 0.7067491648797247, 0.7948855010262426)
[10, 9, 8, 2, 8, 2, 7, 3, 9, 7, 3, 8, 3, 7, 7, 4, 1, 7, 8, 2, 3, 3, 3, 6, 4, 9, 6, 8, 6, 6, 8, 5, 10, 6, 7, 2, 2, 10, 6, 6, 5, 7, 7, 6, 9, 1, 1, 8, 10, 2, 5, 8, 7, 5, 1, 3, 4, 3, 1, 3, 10, 1]
(0.24374157691881718, 0.7067491648797247, 0.7948855010262426)
[10, 9, 7, 2, 5, 2, 7, 3, 9, 7, 5, 8, 3, 7, 6, 4, 1, 7, 8, 2, 3, 3, 3, 6, 4, 8, 6, 8, 6, 6, 9, 10, 8, 5, 6, 1, 2, 10, 2, 6, 7, 8, 3, 4, 4, 3, 2, 10, 8, 2, 5, 8, 4, 5, 1, 3, 4, 3, 1, 3, 10, 1]
(0.2776572823041334, 0.6804298068396769, 0.7962164838008139)
[10, 9, 8, 2, 5, 2, 7, 3, 9, 9, 5, 8, 3, 7, 5, 4, 1, 7, 8, 2, 3, 3, 3, 6, 4, 8, 6, 8, 6, 6, 9, 10, 8, 5, 6, 1, 2, 10, 2, 6, 7, 8, 3, 4, 4, 3, 2, 10, 8, 2, 5, 8, 4, 5, 1, 3, 4, 3, 1, 3, 10, 1]
(0.3275260486552301, 0.6607111538760382, 0.7967450456405785)
[10, 9, 8, 2, 5, 2, 6, 1, 9, 9, 5, 8, 3, 7, 6, 4, 1, 7, 8, 2, 3, 3, 3, 6, 4, 8, 6, 8, 6, 6, 9, 10, 8, 5, 6, 1, 2, 10, 2, 6, 7, 8, 3, 4, 4, 3, 2, 10, 8, 2, 5, 8, 4, 5, 1, 3, 4, 3, 1, 3, 10, 1]
(0.32732592123370163, 0.6697826056741197, 0.7949167442123548)
[10, 9, 8, 2, 5, 2, 7, 3, 9, 7, 5, 8, 3, 7, 7, 4, 1, 7, 8, 2, 3, 3, 3, 6, 4, 8, 6, 8, 6, 6, 9, 10, 8, 5, 6, 1, 2, 10, 2, 6, 7, 8, 3, 4, 4, 3, 1, 10, 8, 2, 5, 8, 4, 5, 1, 3, 4, 3, 1, 3, 10, 1]
(0.3275553883743641, 0.6767755252309163, 0.7960742892809716)
[6, 9, 8, 1, 5, 2, 7, 3, 9, 7, 5, 10, 4, 5, 8, 4, 1, 7, 5, 2, 6, 4, 8, 9, 10, 8, 5, 4, 1, 3, 9, 3, 4, 4, 1, 2, 7, 10, 6, 6, 5, 7, 3, 3, 3, 6, 2, 10, 8, 7, 3, 8, 4, 5, 6, 4, 2, 3, 4, 5, 10, 1]
(0.6461480848074043, 0.4752861167438874, 0.6841378894893168)
[10, 9, 1, 2, 5, 2, 7, 3, 8, 9, 5, 8, 3, 7, 5, 4, 1, 7, 8, 2, 3, 3, 3, 6, 4, 8, 6, 8, 6, 6, 9, 10, 8, 5, 6, 1, 2, 10, 9, 6, 7, 10, 3, 4, 4, 3, 2, 10, 8, 2, 5, 8, 4, 5, 1, 3, 4, 3, 1, 3, 10, 1]
(0.32646152811584145, 0.7076718918002949, 0.7950457412864633)
[10, 9, 8, 2, 8, 2, 7, 3, 9, 7, 3, 8, 3, 7, 7, 4, 1, 7, 8, 2, 3, 3, 3, 6, 4, 9, 6, 8, 6, 6, 8, 5, 10, 6, 7, 2, 2, 10, 6, 6, 5, 7, 7, 6, 9, 1, 1, 10, 10, 2, 5, 8, 7, 5, 1, 3, 4, 3, 1, 3, 10, 1]
(0.32804816577665014, 0.7090388220016753, 0.7954138443410073)
[6, 9, 8, 1, 10, 2, 7, 3, 9, 9, 5, 10, 4, 5, 8, 4, 1, 7, 5, 2, 6, 4, 8, 9, 10, 9, 5, 4, 1, 3, 9, 3, 4, 4, 1, 2, 7, 10, 6, 6, 5, 7, 3, 3, 3, 6, 2, 10, 8, 7, 3, 8, 4, 5, 6, 4, 2, 3, 4, 5, 10, 1]
(0.644693755141781, 0.7129896694670854, 0.5882146370703455)
[6, 10, 8, 1, 10, 2, 7, 3, 9, 9, 5, 10, 4, 1, 8, 4, 1, 7, 5, 2, 6, 4, 8, 9, 10, 9, 5, 4, 1, 3, 9, 3, 4, 4, 1, 2, 7, 10, 6, 6, 5, 7, 3, 3, 3, 6, 2, 10, 8, 7, 3, 8, 4, 5, 6, 4, 2, 3, 4, 5, 10, 1]
(0.6450403841485455, 0.7136571646084523, 0.588268725907213)
[3, 9, 8, 1, 5, 9, 7, 5, 9, 1, 5, 8, 7, 7, 8, 4, 1, 10, 8, 2, 10, 1, 3, 8, 8, 9, 5, 4, 1, 3, 9, 3, 4, 4, 7, 2, 7, 9, 5, 6, 6, 8, 6, 9, 9, 7, 7, 7, 8, 7, 3, 10, 4, 5, 1, 4, 2, 3, 3, 5, 10, 2]
(0.6490534200909766, 0.5017360377125437, 0.8019820407137359)
[10, 9, 8, 2, 8, 2, 7, 3, 9, 7, 3, 8, 3, 7, 7, 4, 1, 7, 8, 2, 3, 3, 3, 6, 4, 9, 6, 8, 6, 6, 8, 5, 10, 6, 7, 2, 2, 10, 6, 2, 6, 8, 6, 6, 9, 7, 1, 8, 8, 2, 5, 8, 7, 5, 1, 3, 4, 3, 1, 3, 10, 1]
(0.328873751020841, 0.9355887788347891, 0.7937780244438032)
[3, 9, 7, 3, 8, 9, 7, 3, 9, 1, 5, 8, 8, 5, 8, 4, 1, 9, 5, 2, 6, 4, 8, 9, 10, 9, 5, 4, 1, 3, 9, 3, 4, 4, 1, 2, 7, 9, 6, 6, 5, 7, 3, 3, 3, 6, 2, 10, 8, 5, 3, 8, 4, 5, 6, 4, 2, 3, 3, 5, 10, 1]
(0.643954229316664, 0.7154826696614273, 0.8014534510211856)
[3, 9, 7, 2, 5, 9, 7, 3, 9, 1, 5, 10, 4, 5, 8, 4, 9, 7, 5, 2, 6, 4, 8, 9, 10, 9, 5, 4, 1, 3, 9, 3, 4, 4, 1, 2, 7, 9, 6, 6, 5, 7, 3, 3, 3, 6, 2, 10, 8, 5, 3, 8, 4, 5, 6, 4, 2, 3, 3, 5, 10, 1]
(0.6475035104315758, 0.7146047205237827, 0.8005268965861576)
[3, 9, 7, 2, 5, 9, 7, 3, 9, 1, 5, 10, 4, 5, 8, 4, 9, 7, 5, 2, 6, 4, 8, 9, 10, 9, 5, 4, 1, 3, 9, 3, 4, 4, 1, 2, 7, 9, 6, 6, 6, 8, 3, 4, 3, 6, 2, 10, 8, 5, 3, 8, 4, 5, 6, 4, 2, 3, 3, 5, 10, 1]
(0.6483186227536277, 0.71499741894855, 0.7998880794139919)
