[8, 7, 8, 7, 5, 8, 10, 10, 9, 1, 9, 8, 10, 10, 9, 6, 10, 9, 9, 4, 7, 8, 3, 6, 5, 1, 10, 4, 9, 10, 4, 10, 3, 2, 7, 9, 7, 6, 9, 4, 2, 10, 8, 7, 4, 8, 8, 7, 2, 7, 9, 3, 8, 5, 5, 3, 6, 4, 6, 5, 8, 2]
(1.0218681128695595, 0.0, 0.9926225202158077, 0.0, 1.0014159338548763, 0.6558487408143484)
[4, 7, 5, 7, 3, 7, 10, 6, 4, 6, 5, 8, 10, 7, 9, 9, 5, 10, 2, 5, 5, 8, 4, 10, 5, 7, 4, 1, 8, 7, 4, 10, 2, 8, 8, 10, 6, 1, 6, 10, 2, 10, 4, 5, 4, 10, 8, 9, 2, 7, 9, 3, 10, 3, 6, 3, 3, 4, 2, 4, 7, 2]
(0.5834094646446191, 0.0, 1.0, 1.0, 0.6129551919177122, 0.0)
[8, 3, 6, 7, 5, 8, 7, 10, 5, 2, 5, 2, 6, 9, 4, 1, 7, 4, 8, 4, 9, 8, 4, 10, 5, 7, 4, 1, 8, 7, 4, 10, 2, 8, 8, 10, 6, 9, 5, 9, 2, 2, 7, 2, 8, 10, 8, 2, 3, 7, 9, 3, 5, 10, 5, 3, 2, 4, 6, 4, 8, 2]
(0.9856437323614936, 0.4212586305466382, 1.003330683149396, 0.0, 0.9813459673896413, 0.6558487408143484)
[10, 10, 5, 9, 3, 6, 10, 2, 5, 6, 5, 5, 7, 7, 4, 10, 8, 10, 8, 8, 5, 8, 9, 10, 6, 5, 4, 8, 4, 7, 4, 10, 6, 7, 5, 10, 3, 7, 1, 9, 2, 10, 5, 5, 6, 8, 1, 10, 10, 8, 9, 8, 10, 2, 1, 5, 5, 7, 5, 3, 10, 1]
(0.9489051694050404, 0.7845851421082813, 0.0, 0.0, 0.36751710898459816, 0.36751710898459816)
[10, 7, 5, 9, 3, 6, 10, 2, 5, 6, 5, 5, 7, 7, 4, 10, 10, 10, 5, 8, 5, 8, 9, 10, 6, 6, 4, 8, 4, 7, 4, 10, 6, 8, 8, 10, 3, 7, 2, 9, 3, 10, 5, 5, 6, 8, 1, 10, 10, 8, 9, 9, 6, 9, 1, 5, 5, 7, 5, 3, 10, 1]
(0.9471809914335579, 0.7845851421082813, 0.9919376404955965, 0.0, 0.9905067795887571, 0.36751710898459816)
[4, 8, 5, 4, 8, 1, 10, 10, 5, 10, 9, 5, 9, 7, 4, 10, 10, 10, 4, 4, 10, 2, 10, 5, 6, 1, 1, 7, 1, 7, 4, 10, 6, 8, 8, 10, 3, 7, 3, 9, 2, 2, 10, 5, 9, 8, 7, 4, 4, 7, 10, 10, 8, 7, 1, 5, 5, 7, 5, 3, 10, 1]
(0.5289107190445029, 0.0, 0.9719186281785347, 0.6078431372549014, 0.9737081533297876, 0.6558487408143484)
[10, 3, 6, 7, 5, 8, 7, 10, 5, 2, 5, 2, 6, 9, 4, 7, 10, 4, 8, 4, 9, 8, 3, 10, 5, 7, 4, 1, 8, 7, 9, 10, 2, 8, 8, 7, 6, 9, 6, 9, 2, 2, 7, 2, 4, 10, 8, 2, 3, 7, 9, 3, 5, 10, 5, 3, 2, 4, 6, 4, 8, 2]
(0.9875445840880256, 0.4212586305466382, 0.9395152477547495, 0.0, 0.9803585520014148, 0.8880980204681422)
[10, 7, 5, 9, 3, 6, 10, 2, 5, 6, 5, 5, 7, 7, 4, 10, 8, 10, 8, 8, 5, 8, 9, 10, 6, 5, 4, 8, 4, 7, 4, 10, 6, 7, 5, 10, 3, 7, 2, 9, 2, 10, 5, 5, 6, 8, 1, 10, 10, 8, 9, 9, 6, 9, 1, 5, 5, 7, 5, 3, 10, 1]
(0.7845851421082813, 0.0, 0.9926489302888494, 1.0, 0.9884843019768578, 0.36751710898459816)
[10, 5, 5, 2, 7, 4, 10, 2, 5, 10, 5, 10, 6, 7, 4, 4, 10, 1, 9, 9, 5, 3, 9, 8, 5, 5, 3, 5, 10, 7, 2, 7, 6, 10, 8, 10, 8, 8, 10, 6, 8, 3, 10, 10, 9, 10, 8, 2, 9, 10, 6, 2, 8, 7, 5, 1, 2, 8, 9, 7, 6, 1]
(0.9573046030476664, 0.7845851421082813, 0.9648576671257592, 0.6078431372549021, 0.0, 0.0)
[10, 5, 5, 2, 7, 4, 10, 2, 5, 10, 5, 10, 6, 7, 4, 4, 10, 1, 9, 9, 5, 3, 9, 8, 5, 5, 3, 5, 10, 7, 2, 7, 6, 10, 8, 10, 8, 8, 10, 6, 8, 3, 10, 10, 9, 10, 8, 2, 9, 10, 6, 2, 8, 7, 5, 1, 2, 8, 9, 7, 6, 1]
(0.9573046030476664, 0.7845851421082813, 0.9652849087491607, 0.6078431372549021, 0.6175465377047612, 0.0)
[10, 5, 5, 2, 7, 4, 10, 3, 5, 10, 5, 3, 6, 7, 4, 4, 10, 1, 9, 9, 5, 3, 5, 8, 5, 5, 3, 5, 10, 7, 2, 7, 6, 10, 4, 9, 1, 8, 10, 6, 8, 9, 10, 10, 4, 10, 8, 2, 6, 2, 2, 2, 8, 7, 5, 1, 2, 8, 9, 7, 7, 1]
(0.9576721416786288, 0.7845851421082813, 0.9635667545720912, 0.6078431372549021, 0.9079327026382051, 0.0)
[9, 8, 5, 9, 8, 1, 10, 2, 5, 10, 5, 5, 7, 7, 4, 10, 10, 10, 5, 4, 5, 2, 10, 5, 6, 1, 9, 4, 4, 7, 4, 10, 6, 8, 8, 10, 3, 7, 2, 9, 3, 10, 5, 5, 10, 8, 6, 7, 4, 9, 5, 9, 8, 9, 1, 5, 5, 7, 5, 3, 10, 1]
(0.9465764122083754, 0.7845851421082813, 0.984498960338531, 0.0, 0.9972330035641772, 0.6558487408143484)
[10, 5, 5, 2, 6, 6, 10, 2, 5, 2, 5, 2, 5, 2, 4, 10, 3, 1, 3, 4, 5, 8, 5, 1, 9, 5, 9, 7, 8, 3, 4, 10, 8, 8, 8, 9, 2, 6, 9, 6, 1, 9, 8, 5, 10, 4, 8, 1, 3, 2, 2, 5, 6, 6, 6, 3, 8, 8, 9, 7, 4, 1]
(0.7845851421082813, 0.0, 0.9277758060023157, 0.6078431372549014, 0.8792234392836643, 0.9407329607262062)
[8, 7, 10, 9, 9, 8, 9, 8, 2, 5, 5, 8, 10, 7, 9, 6, 6, 10, 7, 5, 5, 8, 3, 10, 5, 3, 3, 1, 10, 7, 1, 2, 2, 8, 8, 10, 5, 7, 6, 10, 1, 10, 4, 5, 9, 8, 6, 7, 3, 2, 6, 8, 5, 10, 5, 4, 3, 4, 3, 4, 2, 2]
(0.9951492225751264, 0.2974013474494705, 1.0015991842374188, 1.0, 0.9882219085469824, 0.2659801249350401)
[8, 7, 5, 10, 3, 7, 10, 6, 4, 6, 5, 8, 10, 7, 9, 9, 5, 10, 2, 5, 5, 8, 3, 10, 5, 2, 5, 1, 10, 7, 1, 4, 5, 2, 8, 10, 6, 7, 6, 10, 9, 10, 4, 5, 9, 4, 6, 9, 2, 5, 7, 5, 6, 3, 6, 3, 3, 4, 2, 4, 7, 2]
(0.7568652024492541, 0.5834094646446191, 0.7393553866073449, 1.0, 0.708123533986503, 0.0)
[8, 7, 4, 6, 5, 6, 7, 10, 9, 1, 5, 8, 10, 10, 9, 6, 10, 9, 9, 4, 7, 8, 3, 6, 5, 1, 10, 4, 4, 10, 4, 10, 3, 4, 7, 9, 7, 6, 9, 4, 2, 10, 8, 7, 4, 10, 8, 7, 2, 7, 9, 3, 8, 7, 5, 3, 6, 4, 6, 5, 8, 2]
(0.4212586305466382, 0.0, 0.9881481813266855, 0.9855644697323424, 1.0036106536164864, 0.6558487408143484)
[8, 3, 5, 7, 5, 8, 7, 10, 5, 2, 7, 5, 5, 9, 4, 7, 10, 8, 4, 4, 9, 8, 3, 10, 6, 2, 6, 1, 10, 7, 1, 8, 6, 8, 8, 10, 3, 7, 2, 9, 2, 2, 7, 2, 8, 10, 8, 2, 3, 2, 8, 5, 6, 6, 5, 3, 2, 4, 6, 4, 8, 2]
(0.9722808009013512, 0.0, 1.000683607347308, 1.0, 0.986397328414021, 0.6558487408143484)
[6, 4, 4, 7, 5, 8, 7, 10, 5, 2, 5, 2, 6, 9, 4, 6, 10, 4, 8, 4, 9, 8, 3, 10, 5, 7, 4, 1, 8, 7, 4, 10, 2, 8, 8, 10, 6, 9, 6, 9, 2, 2, 7, 2, 8, 10, 8, 2, 3, 7, 9, 3, 5, 10, 5, 3, 2, 4, 6, 4, 8, 2]
(0.9782191699370721, 0.0, 1.001167061738668, 1.0, 0.9852843014523367, 0.6558487408143484)
[10, 2, 6, 7, 5, 2, 7, 10, 5, 2, 5, 2, 6, 9, 4, 7, 10, 4, 8, 1, 7, 8, 8, 8, 5, 7, 4, 1, 8, 9, 7, 10, 2, 3, 8, 10, 6, 9, 6, 9, 2, 2, 7, 2, 8, 10, 8, 2, 3, 7, 9, 3, 5, 9, 5, 3, 2, 4, 6, 4, 8, 2]
(0.980436390824614, 0.4212586305466382, 0.9980480676516874, 0.6078431372549014, 0.9815929075703003, 0.6558487408143484)
[8, 7, 4, 6, 5, 6, 7, 10, 9, 1, 5, 8, 10, 10, 9, 6, 10, 9, 9, 4, 7, 8, 3, 6, 5, 1, 10, 4, 9, 10, 4, 10, 3, 4, 7, 2, 7, 6, 9, 4, 2, 10, 8, 7, 4, 10, 8, 7, 2, 7, 9, 3, 8, 7, 5, 3, 6, 4, 6, 5, 8, 2]
(1.0124937357380974, 0.4212586305466382, 0.9838091319426874, 0.6078431372549014, 1.0032871084287747, 0.6558487408143484)
[8, 7, 8, 7, 5, 8, 10, 10, 9, 4, 9, 8, 10, 10, 9, 6, 10, 9, 9, 4, 7, 8, 3, 6, 5, 1, 10, 4, 9, 10, 4, 10, 3, 4, 7, 9, 7, 6, 9, 4, 2, 10, 9, 7, 4, 10, 8, 7, 2, 7, 9, 3, 6, 7, 5, 3, 6, 4, 6, 5, 8, 2]
(0.0, 0.4212586305466382, 0.9999026538804158, 0.6078431372549014, 1.0056315077468738, 0.6558487408143484)
[10, 5, 5, 2, 7, 4, 10, 2, 5, 5, 5, 2, 5, 2, 4, 10, 3, 3, 9, 8, 5, 3, 3, 2, 2, 10, 9, 7, 8, 4, 1, 5, 8, 8, 4, 9, 1, 6, 10, 6, 8, 9, 8, 5, 10, 4, 8, 2, 9, 10, 6, 9, 8, 7, 1, 5, 5, 8, 9, 7, 4, 1]
(0.9541233720257852, 0.7845851421082813, 0.9638965277001238, 0.6078431372549021, 0.7805190132930803, 0.2975358587716073)
[8, 4, 5, 7, 5, 8, 7, 3, 5, 9, 5, 2, 6, 9, 4, 10, 2, 4, 8, 4, 9, 8, 3, 10, 6, 7, 4, 1, 10, 7, 4, 10, 6, 8, 8, 10, 6, 9, 6, 9, 2, 2, 7, 2, 8, 10, 8, 2, 3, 2, 2, 5, 6, 6, 5, 3, 2, 4, 6, 4, 8, 2]
(0.9733357561752178, 0.2269421213485273, 0.9778644686564781, 0.6078431372549021, 0.9434070190414757, 0.8880980204681422)
[10, 5, 5, 2, 7, 4, 10, 2, 5, 6, 5, 10, 6, 7, 4, 4, 10, 1, 9, 9, 5, 3, 5, 8, 5, 5, 3, 5, 7, 7, 2, 7, 4, 10, 4, 9, 1, 8, 10, 5, 8, 9, 10, 10, 9, 10, 8, 2, 9, 10, 6, 2, 8, 7, 5, 1, 2, 8, 9, 7, 6, 1]
(0.9572827214375114, 0.7845851421082813, 0.9645353665575362, 0.6078431372549021, 0.9405748518183799, 0.33758699134461373)
[10, 5, 5, 2, 7, 4, 10, 2, 5, 6, 5, 10, 6, 7, 4, 4, 10, 1, 9, 9, 5, 3, 5, 8, 5, 5, 3, 5, 10, 7, 2, 7, 6, 10, 8, 10, 8, 8, 10, 6, 8, 9, 10, 10, 4, 10, 8, 2, 8, 2, 2, 2, 8, 7, 5, 1, 2, 8, 9, 7, 6, 1]
(0.9574673840776061, 0.7845851421082813, 0.9621044637635325, 0.6078431372549021, 0.931618355400857, 0.33758699134461373)
[10, 5, 5, 2, 7, 4, 10, 2, 5, 10, 5, 10, 6, 7, 4, 4, 10, 1, 9, 9, 5, 3, 5, 8, 5, 1, 3, 5, 10, 7, 2, 7, 4, 10, 4, 9, 1, 8, 10, 6, 8, 9, 10, 10, 4, 10, 8, 2, 8, 3, 2, 2, 8, 7, 5, 1, 2, 8, 9, 7, 6, 1]
(0.9574810801073883, 0.7845851421082813, 0.9642997218295908, 0.6078431372549021, 0.9403295787051289, 0.33758699134461373)
[10, 5, 5, 2, 7, 4, 10, 2, 5, 6, 5, 10, 6, 7, 4, 4, 10, 1, 9, 9, 5, 3, 5, 8, 5, 5, 3, 5, 10, 7, 2, 7, 6, 10, 4, 9, 1, 8, 10, 6, 8, 9, 10, 10, 4, 10, 8, 2, 8, 2, 2, 2, 8, 7, 5, 1, 2, 8, 9, 7, 6, 1]
(0.9574547430500363, 0.7845851421082813, 0.9642652085050918, 0.6078431372549021, 0.9402277616783946, 0.33758699134461373)
[10, 5, 5, 2, 7, 4, 10, 2, 5, 10, 5, 10, 6, 7, 4, 4, 10, 1, 9, 9, 5, 3, 9, 8, 5, 5, 3, 5, 10, 7, 2, 7, 6, 10, 8, 10, 8, 8, 10, 6, 8, 9, 10, 10, 4, 10, 8, 2, 8, 2, 2, 2, 8, 7, 5, 1, 2, 8, 9, 7, 6, 1]
(0.9574673840776061, 0.7845851421082813, 0.9643014507368183, 0.6078431372549021, 0.0, 0.33758699134461373)
[10, 5, 5, 2, 7, 4, 10, 2, 5, 10, 5, 10, 6, 7, 4, 4, 10, 1, 9, 9, 5, 10, 5, 8, 5, 1, 3, 5, 10, 7, 2, 7, 6, 10, 4, 9, 1, 8, 10, 6, 8, 9, 10, 10, 4, 10, 8, 2, 8, 3, 2, 4, 8, 7, 5, 1, 2, 8, 9, 7, 6, 1]
(0.9574534142389869, 0.7845851421082813, 0.9642123496159888, 0.6078431372549021, 0.9403493428602784, 0.33758699134461373)
[10, 5, 5, 2, 7, 4, 10, 2, 5, 6, 5, 10, 6, 7, 4, 4, 10, 1, 9, 9, 5, 3, 5, 8, 5, 5, 3, 5, 10, 7, 2, 7, 4, 10, 4, 9, 1, 8, 10, 5, 8, 9, 10, 10, 9, 10, 8, 2, 9, 10, 6, 2, 8, 7, 5, 1, 2, 8, 9, 7, 6, 1]
(0.9573391998186682, 0.7845851421082813, 0.9645387059077598, 0.6078431372549021, 0.9411086684092851, 0.33758699134461373)
[10, 5, 5, 2, 7, 4, 10, 2, 5, 10, 5, 10, 6, 7, 4, 4, 6, 1, 9, 9, 5, 3, 5, 8, 5, 1, 3, 9, 10, 7, 2, 7, 4, 10, 4, 9, 1, 8, 10, 6, 8, 9, 10, 10, 4, 10, 8, 2, 9, 10, 6, 2, 8, 7, 5, 1, 2, 8, 9, 7, 6, 1]
(0.9572728494182204, 0.7845851421082813, 0.9645167274400569, 0.6078431372549021, 0.9429399302229255, 0.33758699134461373)
[10, 5, 5, 2, 7, 4, 10, 2, 5, 10, 5, 10, 6, 7, 4, 4, 10, 1, 9, 9, 5, 3, 5, 8, 5, 5, 3, 5, 10, 7, 2, 7, 4, 10, 4, 9, 1, 8, 10, 5, 8, 9, 10, 10, 9, 10, 8, 2, 9, 10, 6, 2, 8, 7, 5, 1, 2, 8, 9, 7, 6, 1]
(0.9573391998186682, 0.7845851421082813, 0.9645387059077598, 0.6078431372549021, 0.9411086684092851, 0.33758699134461373)
[2, 7, 4, 6, 5, 6, 7, 10, 9, 1, 5, 8, 10, 5, 9, 6, 10, 7, 9, 1, 7, 8, 3, 6, 5, 1, 10, 4, 4, 10, 4, 10, 3, 4, 7, 9, 7, 6, 9, 4, 2, 10, 8, 7, 4, 10, 8, 6, 2, 9, 9, 3, 8, 7, 5, 3, 6, 4, 6, 5, 4, 2]
(0.9754229327663757, 0.4212586305466382, 0.9381585901603071, 0.4366197183098585, 0.0, 0.8880980204681422)
[8, 7, 7, 6, 9, 6, 7, 10, 9, 4, 5, 8, 10, 10, 9, 6, 10, 9, 5, 4, 9, 8, 7, 10, 5, 7, 3, 1, 8, 9, 4, 10, 2, 8, 8, 10, 6, 9, 6, 9, 2, 2, 7, 2, 8, 10, 8, 2, 3, 7, 9, 3, 8, 9, 5, 3, 6, 4, 6, 5, 8, 2]
(1.002256667800246, 0.2974013474494705, 1.0016216857358797, 1.0, 1.0040634090080842, 0.6558487408143484)
[10, 8, 5, 9, 9, 1, 9, 3, 5, 10, 5, 5, 7, 7, 4, 10, 10, 10, 6, 10, 5, 2, 3, 2, 6, 3, 9, 8, 4, 7, 3, 9, 6, 8, 8, 10, 3, 7, 2, 9, 2, 10, 5, 5, 6, 8, 1, 10, 10, 8, 9, 8, 8, 2, 1, 5, 5, 7, 5, 2, 10, 1]
(0.9439043791964621, 0.7845851421082813, 0.9928193425759655, 0.6078431372549014, 0.9993497485294922, 0.6558487408143484)
[8, 8, 5, 9, 8, 1, 10, 2, 5, 10, 5, 5, 4, 7, 4, 10, 10, 10, 5, 4, 5, 2, 10, 5, 6, 1, 9, 4, 4, 7, 4, 10, 6, 8, 8, 10, 3, 7, 2, 6, 3, 10, 5, 5, 10, 8, 6, 7, 4, 9, 5, 9, 8, 7, 1, 5, 5, 7, 5, 3, 10, 1]
(0.9459620887413592, 0.7845851421082813, 0.9834602089598755, 0.6078431372549014, 0.9944203434512002, 0.6558487408143484)
[10, 8, 5, 9, 9, 1, 10, 3, 5, 10, 5, 5, 7, 7, 4, 10, 10, 10, 5, 4, 5, 2, 10, 5, 6, 1, 9, 4, 4, 7, 4, 10, 6, 8, 8, 10, 3, 7, 2, 9, 2, 9, 5, 5, 5, 8, 6, 7, 4, 10, 6, 10, 8, 7, 2, 5, 5, 7, 5, 3, 10, 1]
(0.9465419447049469, 0.7845851421082813, 0.9919753642752749, 0.6078431372549014, 0.9988318743184194, 0.6558487408143484)
[10, 8, 5, 9, 3, 1, 9, 2, 5, 10, 5, 2, 4, 3, 4, 1, 6, 3, 9, 4, 5, 2, 3, 9, 2, 10, 1, 5, 6, 7, 4, 5, 8, 10, 8, 10, 8, 7, 10, 8, 8, 9, 5, 5, 9, 8, 6, 7, 10, 10, 6, 9, 8, 7, 1, 5, 5, 7, 5, 7, 4, 1]
(0.9045492151752077, 0.7845851421082813, 0.9644383380189515, 0.6078431372549021, 0.9139469949528539, 0.6558487408143484)
[10, 8, 5, 9, 9, 1, 10, 3, 5, 10, 5, 5, 7, 7, 4, 10, 3, 10, 5, 4, 5, 2, 10, 5, 6, 1, 9, 4, 4, 7, 4, 10, 4, 10, 8, 10, 8, 7, 10, 6, 8, 9, 5, 5, 9, 8, 6, 7, 10, 10, 6, 9, 8, 7, 1, 5, 5, 7, 5, 7, 4, 1]
(0.941715998388824, 0.7845851421082813, 0.0, 0.6078431372549021, 0.9520366111770245, 0.6558487408143484)
[8, 7, 4, 6, 5, 6, 7, 10, 9, 1, 5, 8, 10, 10, 9, 6, 10, 9, 9, 4, 7, 8, 3, 6, 5, 1, 10, 4, 4, 10, 4, 10, 3, 4, 6, 9, 7, 6, 9, 4, 2, 10, 8, 7, 4, 10, 8, 7, 2, 7, 9, 3, 8, 7, 5, 3, 6, 4, 6, 5, 8, 2]
(1.013305599056183, 0.4212586305466382, 0.0, 0.9875560956075768, 1.0049755716696367, 0.6558487408143484)
[8, 7, 4, 6, 5, 6, 7, 10, 9, 1, 5, 8, 10, 10, 9, 6, 10, 9, 9, 4, 7, 8, 3, 6, 5, 1, 10, 4, 9, 10, 4, 10, 3, 4, 7, 9, 7, 6, 9, 4, 2, 10, 9, 7, 4, 10, 8, 7, 2, 7, 9, 3, 8, 7, 5, 3, 6, 4, 6, 5, 8, 2]
(1.014228950627147, 0.4212586305466382, 0.9905237628146988, 0.9877338366582972, 1.0048270231112824, 0.6558487408143484)
[8, 7, 4, 6, 5, 6, 7, 10, 9, 1, 5, 8, 10, 10, 9, 6, 10, 9, 9, 4, 7, 8, 3, 6, 5, 1, 10, 4, 9, 10, 4, 10, 3, 4, 7, 9, 7, 6, 9, 4, 2, 10, 8, 7, 4, 10, 8, 7, 2, 7, 9, 3, 8, 7, 5, 3, 6, 4, 6, 5, 8, 2]
(1.015111230127512, 0.4212586305466382, 0.9910505795851332, 0.9878343032672983, 1.005815813131629, 0.6558487408143484)
[8, 7, 7, 6, 9, 6, 7, 10, 9, 4, 5, 8, 10, 10, 9, 6, 10, 9, 5, 4, 7, 8, 8, 8, 7, 1, 10, 4, 4, 10, 4, 10, 3, 4, 7, 9, 7, 6, 9, 4, 2, 10, 8, 7, 4, 10, 8, 7, 2, 7, 9, 3, 8, 9, 5, 3, 6, 4, 6, 5, 8, 2]
(1.0001927038654668, 0.4212586305466382, 0.9973637411370857, 0.996080807410179, 1.009015965647994, 0.6558487408143484)
[8, 7, 8, 7, 5, 8, 10, 10, 9, 1, 9, 8, 10, 10, 9, 6, 10, 9, 9, 4, 7, 8, 3, 6, 5, 1, 10, 4, 9, 10, 4, 10, 3, 2, 7, 9, 7, 6, 9, 4, 2, 10, 8, 7, 4, 10, 8, 7, 2, 7, 9, 3, 8, 7, 5, 3, 6, 4, 6, 5, 8, 2]
(1.0170320810750115, 0.4212586305466382, 0.9961864845827206, 1.0, 1.0058822555467473, 0.6558487408143484)
[8, 3, 6, 7, 5, 8, 7, 10, 5, 2, 5, 2, 6, 9, 4, 7, 10, 4, 8, 4, 9, 8, 4, 10, 5, 7, 4, 1, 8, 7, 4, 10, 2, 8, 8, 10, 6, 9, 5, 9, 2, 4, 7, 2, 8, 10, 8, 2, 3, 7, 9, 3, 5, 10, 5, 3, 2, 4, 6, 4, 8, 2]
(0.9810508193448166, 0.4212586305466382, 1.0010588331148011, 1.0, 0.9856392389163355, 0.6558487408143484)
[10, 2, 6, 7, 5, 8, 7, 10, 5, 2, 5, 2, 6, 9, 4, 7, 10, 4, 8, 4, 9, 8, 3, 10, 5, 7, 4, 1, 8, 9, 4, 10, 2, 3, 8, 10, 6, 9, 6, 9, 2, 2, 7, 2, 8, 10, 8, 2, 3, 7, 9, 3, 5, 9, 5, 3, 2, 4, 6, 4, 8, 2]
(0.99128131251782, 0.4212586305466382, 1.0009726418182237, 1.0, 0.9818580595776418, 0.6558487408143484)
[8, 4, 6, 7, 5, 8, 7, 10, 5, 2, 5, 2, 6, 9, 4, 6, 10, 4, 8, 4, 9, 8, 3, 10, 5, 5, 4, 1, 8, 7, 4, 10, 2, 10, 8, 10, 6, 9, 6, 9, 2, 3, 7, 2, 8, 10, 8, 2, 4, 7, 9, 3, 5, 10, 5, 3, 2, 4, 6, 4, 8, 2]
(0.9746463676914552, 0.4212586305466382, 1.0028674243018014, 1.0, 0.0, 0.6558487408143484)
[8, 7, 4, 6, 5, 6, 7, 10, 9, 1, 5, 8, 10, 10, 9, 6, 10, 9, 9, 4, 7, 8, 3, 6, 5, 1, 10, 4, 4, 10, 4, 10, 3, 4, 5, 9, 7, 6, 9, 4, 2, 10, 8, 7, 4, 10, 8, 7, 2, 7, 9, 3, 8, 7, 5, 3, 6, 4, 6, 5, 8, 2]
(1.0141061646863805, 0.4212586305466382, 0.0, 1.0, 1.0053018251433954, 0.6558487408143484)
[8, 7, 2, 6, 5, 6, 7, 10, 9, 1, 5, 8, 10, 10, 9, 6, 10, 9, 9, 4, 7, 8, 3, 6, 5, 1, 10, 4, 9, 10, 4, 10, 3, 4, 7, 9, 7, 6, 9, 4, 2, 10, 8, 7, 4, 10, 7, 6, 2, 7, 9, 3, 8, 7, 5, 3, 6, 4, 6, 5, 8, 2]
(1.014865815825759, 0.4212586305466382, 0.9893367296084744, 1.0, 1.006357180140911, 0.6558487408143484)
[6, 3, 6, 7, 5, 8, 7, 10, 5, 2, 5, 2, 6, 9, 4, 7, 10, 4, 8, 4, 9, 8, 3, 10, 5, 7, 4, 1, 8, 9, 4, 10, 2, 5, 8, 10, 6, 9, 6, 9, 2, 2, 7, 2, 8, 9, 8, 2, 3, 7, 9, 3, 5, 9, 5, 3, 2, 4, 6, 4, 8, 2]
(0.9916643099859338, 0.4212586305466382, 1.0, 1.0, 0.6558487408143484, 0.6558487408143484)
[8, 7, 7, 7, 5, 8, 7, 10, 9, 4, 5, 8, 10, 10, 9, 6, 10, 9, 5, 4, 7, 8, 8, 8, 7, 1, 10, 4, 4, 10, 4, 10, 3, 4, 7, 9, 7, 6, 9, 4, 2, 9, 8, 7, 4, 8, 8, 7, 2, 7, 9, 3, 8, 9, 5, 3, 6, 4, 6, 5, 8, 2]
(0.0, 0.4212586305466382, 1.0, 1.0, 1.0061374237760885, 0.6558487408143484)
[8, 7, 7, 6, 9, 6, 7, 10, 9, 4, 5, 8, 10, 10, 9, 6, 10, 9, 5, 4, 7, 8, 8, 8, 7, 1, 10, 4, 4, 10, 4, 10, 3, 4, 7, 9, 7, 6, 9, 4, 2, 1, 8, 7, 7, 10, 8, 7, 2, 7, 9, 3, 8, 9, 5, 3, 6, 4, 6, 5, 9, 2]
(0.9924483964219671, 0.4212586305466382, 1.0011507926508767, 1.0, 1.0101343767717468, 0.6558487408143484)
[8, 7, 8, 7, 5, 8, 10, 10, 9, 1, 9, 8, 10, 10, 9, 6, 10, 9, 9, 4, 7, 8, 3, 6, 5, 1, 10, 4, 9, 10, 4, 10, 3, 2, 7, 9, 7, 6, 9, 4, 2, 10, 8, 7, 4, 10, 8, 7, 2, 7, 9, 3, 8, 7, 5, 3, 6, 4, 6, 5, 8, 2]
(1.0170320810750115, 0.4212586305466382, 0.9961864845827206, 1.0, 1.0058822555467473, 0.6558487408143484)
[8, 3, 6, 7, 5, 8, 7, 10, 5, 2, 5, 2, 6, 9, 4, 6, 10, 4, 8, 4, 9, 8, 3, 10, 5, 5, 4, 1, 8, 4, 4, 10, 2, 10, 8, 10, 6, 9, 6, 9, 2, 2, 7, 2, 8, 10, 8, 2, 3, 7, 9, 3, 5, 10, 5, 3, 2, 4, 6, 4, 8, 2]
(0.9806900622323136, 0.4212586305466382, 1.0035620009526593, 1.0, 0.9827917104586938, 0.6558487408143484)
[10, 8, 5, 9, 3, 1, 10, 4, 5, 10, 5, 2, 4, 3, 4, 7, 10, 10, 5, 4, 5, 2, 10, 2, 6, 1, 9, 8, 1, 7, 4, 10, 8, 10, 8, 10, 8, 7, 10, 6, 8, 9, 5, 5, 9, 8, 6, 7, 10, 10, 6, 9, 8, 7, 1, 5, 5, 7, 5, 7, 4, 1]
(0.7845851421082813, 0.5816842963919013, 0.9196460394188728, 0.6078431372549021, 0.9276672353967992, 0.8880980204681422)
[8, 4, 3, 7, 5, 8, 7, 3, 5, 9, 5, 2, 6, 9, 4, 10, 2, 4, 8, 4, 9, 8, 3, 10, 6, 7, 4, 1, 10, 7, 4, 10, 5, 8, 8, 10, 6, 7, 2, 9, 2, 2, 7, 2, 8, 10, 8, 2, 3, 2, 1, 5, 6, 6, 5, 3, 2, 4, 6, 4, 8, 2]
(0.973797054402528, 0.2269421213485273, 0.9797143241390566, 1.0, 0.9419374940916867, 0.8880980204681422)
[10, 8, 5, 9, 9, 1, 10, 2, 5, 7, 7, 5, 7, 7, 4, 10, 7, 10, 5, 8, 5, 8, 9, 10, 6, 6, 9, 8, 4, 6, 3, 10, 6, 8, 8, 10, 3, 4, 2, 9, 2, 5, 5, 5, 4, 8, 1, 10, 10, 8, 9, 9, 8, 9, 1, 5, 5, 7, 5, 3, 10, 1]
(0.9430707542225689, 0.7845851421082813, 0.9910893497988563, 1.0, 0.986712662689386, 0.36751710898459816)
[10, 8, 5, 9, 3, 6, 10, 2, 5, 5, 5, 5, 7, 7, 4, 10, 10, 10, 5, 3, 5, 8, 4, 10, 10, 6, 9, 8, 10, 7, 4, 10, 6, 8, 8, 10, 3, 7, 2, 9, 3, 10, 5, 5, 6, 8, 1, 10, 10, 8, 9, 9, 6, 9, 1, 5, 5, 7, 5, 3, 10, 1]
(0.9466001195833058, 0.7845851421082813, 0.9921108597889524, 1.0, 0.9897365415468793, 0.36751710898459816)
[10, 8, 5, 9, 8, 1, 10, 2, 5, 10, 6, 5, 7, 8, 4, 10, 7, 10, 5, 3, 5, 8, 1, 10, 10, 6, 9, 8, 6, 7, 4, 10, 6, 8, 8, 10, 3, 7, 2, 9, 3, 10, 5, 5, 6, 8, 1, 10, 10, 8, 9, 9, 6, 9, 1, 5, 5, 7, 5, 3, 10, 1]
(0.9474951913580271, 0.7845851421082813, 0.9914838599041087, 1.0, 0.9877494635060411, 0.4306220917254755)
[10, 8, 5, 9, 3, 6, 10, 2, 5, 5, 5, 5, 7, 7, 4, 10, 9, 10, 5, 3, 5, 8, 1, 10, 10, 6, 9, 8, 6, 7, 4, 10, 6, 8, 8, 10, 3, 7, 2, 9, 3, 10, 5, 5, 6, 8, 1, 10, 10, 8, 9, 9, 6, 9, 1, 5, 5, 7, 5, 3, 10, 1]
(0.9465657783672184, 0.7845851421082813, 0.9920655859634262, 1.0, 0.9871904877945761, 0.4306220917254755)
[8, 7, 5, 7, 3, 7, 10, 6, 4, 6, 5, 8, 10, 7, 9, 9, 5, 10, 2, 5, 5, 8, 4, 10, 5, 7, 4, 1, 8, 7, 4, 10, 2, 8, 8, 10, 6, 1, 6, 10, 2, 10, 4, 5, 4, 10, 8, 7, 2, 7, 9, 3, 10, 3, 6, 3, 3, 4, 2, 4, 7, 2]
(0.7402852507308073, 0.5834094646446191, 1.0, 1.0, 0.6456398041918793, 0.6558487408143484)
[4, 7, 5, 5, 3, 7, 10, 6, 4, 6, 10, 8, 10, 7, 9, 9, 5, 10, 2, 5, 5, 8, 4, 10, 5, 7, 4, 1, 8, 7, 4, 10, 2, 8, 8, 10, 6, 1, 6, 10, 2, 10, 4, 5, 4, 10, 8, 9, 8, 7, 9, 3, 10, 3, 6, 3, 3, 4, 2, 4, 7, 2]
(0.869604338891799, 0.5834094646446191, 0.9980007393285615, 1.0, 0.6012591948732705, 0.6558487408143484)
[8, 7, 5, 7, 3, 7, 10, 6, 4, 6, 5, 8, 10, 7, 9, 9, 5, 10, 2, 5, 5, 8, 4, 10, 5, 7, 4, 1, 8, 7, 4, 10, 2, 8, 8, 10, 6, 7, 6, 10, 2, 10, 4, 5, 9, 4, 6, 9, 2, 5, 7, 5, 5, 3, 6, 3, 3, 4, 2, 4, 7, 2]
(0.7836741542443556, 0.5834094646446191, 1.0004471244290454, 1.0, 0.9753843666985609, 0.6558487408143484)
[10, 5, 5, 2, 7, 6, 10, 2, 5, 10, 5, 2, 4, 3, 4, 1, 6, 3, 9, 4, 5, 3, 3, 2, 2, 10, 1, 7, 7, 7, 4, 5, 8, 10, 8, 10, 8, 7, 8, 6, 8, 9, 5, 5, 9, 8, 7, 7, 4, 8, 6, 9, 8, 7, 1, 7, 5, 7, 5, 7, 4, 1]
(0.7845851421082813, 0.7845851421082813, 0.6078431372549014, 0.6078431372549014, 0.9493539860472053, 0.8880980204681422)
[10, 5, 5, 2, 7, 6, 10, 2, 5, 10, 1, 2, 6, 3, 4, 1, 6, 3, 9, 4, 5, 3, 3, 2, 2, 10, 1, 7, 6, 7, 4, 5, 8, 10, 8, 10, 8, 7, 10, 6, 8, 9, 5, 5, 9, 8, 6, 9, 10, 10, 6, 9, 8, 9, 1, 5, 5, 7, 5, 7, 4, 1]
(0.7845851421082813, 0.7845851421082813, 0.9584987072274063, 0.6078431372549021, 0.9449659077450604, 0.8880980204681422)
[8, 3, 5, 7, 5, 8, 7, 10, 5, 2, 5, 6, 6, 9, 4, 7, 10, 4, 8, 4, 9, 8, 3, 10, 5, 7, 4, 1, 10, 7, 4, 10, 6, 8, 8, 10, 6, 7, 2, 9, 2, 2, 7, 2, 8, 10, 8, 2, 3, 5, 9, 3, 5, 5, 5, 3, 2, 4, 6, 4, 8, 2]
(0.9624909540638305, 0.4212586305466382, 0.0, 1.0, 0.9852679083123783, 0.8880980204681422)
[10, 8, 5, 9, 3, 1, 10, 2, 5, 7, 5, 5, 7, 7, 4, 10, 7, 10, 5, 4, 5, 3, 1, 10, 8, 1, 9, 5, 4, 7, 4, 10, 5, 8, 8, 10, 3, 7, 2, 9, 2, 5, 5, 5, 4, 8, 1, 10, 10, 7, 9, 9, 8, 9, 1, 5, 5, 7, 5, 3, 10, 1]
(0.9466439643874736, 0.7845851421082813, 0.0, 0.9859631950035672, 0.9811633696779589, 0.6558487408143484)
[10, 8, 5, 9, 8, 1, 10, 4, 5, 6, 5, 5, 7, 7, 4, 10, 10, 10, 6, 10, 5, 2, 10, 5, 6, 1, 9, 4, 4, 7, 4, 10, 6, 8, 8, 10, 3, 7, 2, 9, 2, 9, 5, 5, 5, 8, 6, 7, 4, 10, 6, 10, 8, 7, 1, 5, 5, 7, 5, 3, 10, 1]
(0.9464585332199902, 0.7845851421082813, 0.0, 0.9863637281581741, 0.9906629176810366, 0.6558487408143484)
[4, 3, 5, 9, 8, 1, 10, 2, 5, 10, 5, 5, 7, 8, 4, 10, 10, 10, 3, 4, 5, 2, 5, 3, 6, 1, 9, 8, 4, 6, 3, 10, 6, 8, 8, 5, 3, 7, 2, 9, 2, 5, 5, 5, 9, 8, 7, 7, 4, 8, 6, 9, 8, 7, 1, 5, 5, 7, 5, 3, 10, 1]
(0.943046415783462, 0.7845851421082813, 0.9881961556151492, 0.9894313136115652, 0.6558487408143484, 0.6558487408143484)
[4, 3, 5, 9, 8, 1, 10, 2, 5, 10, 5, 5, 7, 8, 4, 10, 10, 10, 3, 4, 5, 2, 5, 3, 6, 1, 9, 8, 4, 6, 3, 10, 6, 8, 8, 5, 3, 7, 2, 9, 2, 5, 5, 5, 9, 8, 7, 7, 4, 8, 6, 9, 8, 7, 1, 5, 5, 7, 5, 3, 10, 1]
(0.943046415783462, 0.7845851421082813, 0.9881961556151492, 1.0, 0.0, 0.6558487408143484)
[10, 10, 5, 9, 3, 6, 10, 2, 5, 6, 7, 5, 7, 7, 4, 10, 10, 10, 5, 4, 5, 2, 3, 2, 6, 1, 9, 8, 1, 6, 4, 10, 6, 8, 8, 10, 3, 7, 2, 9, 3, 10, 5, 5, 6, 8, 1, 10, 10, 8, 9, 8, 10, 2, 1, 5, 5, 7, 5, 3, 10, 1]
(0.9486357530578944, 0.7845851421082813, 0.9864943420514446, 1.0, 0.9934228917583805, 0.6558487408143484)
[10, 8, 5, 9, 8, 1, 10, 2, 5, 6, 7, 5, 7, 7, 4, 10, 10, 10, 5, 4, 5, 2, 10, 2, 6, 1, 9, 8, 1, 7, 3, 10, 6, 8, 8, 10, 5, 7, 2, 9, 2, 2, 10, 5, 5, 8, 6, 7, 4, 9, 5, 9, 8, 9, 1, 5, 5, 7, 5, 3, 10, 1]
(0.9444298705086083, 0.7845851421082813, 0.0, 1.0, 0.9916203612461668, 0.6558487408143484)
[10, 10, 5, 9, 3, 3, 10, 2, 5, 6, 7, 5, 7, 7, 4, 10, 10, 10, 5, 4, 5, 2, 7, 2, 6, 1, 9, 8, 1, 6, 4, 10, 6, 8, 8, 10, 3, 7, 2, 9, 3, 10, 5, 5, 6, 8, 6, 7, 4, 9, 5, 9, 8, 9, 1, 5, 5, 7, 3, 3, 10, 1]
(0.9457597581669659, 0.7845851421082813, 0.9857946244999749, 1.0, 0.9905406745150667, 0.6558487408143484)
[4, 3, 5, 9, 8, 1, 10, 2, 5, 7, 5, 5, 7, 8, 4, 10, 7, 10, 5, 4, 5, 2, 10, 5, 6, 1, 9, 4, 4, 7, 4, 10, 6, 8, 8, 10, 3, 7, 2, 9, 2, 9, 5, 5, 5, 8, 6, 7, 4, 10, 6, 10, 8, 7, 1, 5, 5, 7, 5, 3, 10, 1]
(0.946600420959291, 0.7845851421082813, 0.9848318105563504, 1.0, 0.9885906590148789, 0.6558487408143484)
[10, 8, 5, 9, 9, 3, 10, 2, 5, 7, 5, 5, 7, 8, 4, 10, 10, 10, 5, 4, 5, 2, 5, 3, 6, 1, 9, 5, 4, 7, 4, 10, 6, 8, 8, 10, 3, 4, 2, 9, 2, 5, 5, 5, 4, 8, 1, 10, 10, 8, 9, 9, 8, 5, 1, 5, 5, 7, 5, 3, 10, 1]
(0.9436663465574354, 0.7845851421082813, 0.9879940686747414, 1.0, 0.9929703736677747, 0.6558487408143484)
[10, 7, 5, 9, 3, 10, 10, 7, 5, 6, 7, 5, 7, 7, 4, 10, 10, 10, 5, 4, 5, 2, 3, 2, 2, 1, 9, 8, 2, 7, 3, 10, 6, 8, 8, 10, 3, 7, 2, 9, 3, 10, 5, 5, 6, 8, 1, 10, 10, 8, 9, 8, 10, 2, 1, 5, 5, 7, 5, 3, 10, 1]
(0.9495329750701759, 0.7845851421082813, 0.9870497232303005, 1.0, 0.991942051984368, 0.6558487408143484)
[10, 8, 5, 9, 8, 1, 10, 2, 5, 6, 5, 5, 7, 7, 4, 10, 10, 10, 6, 10, 5, 2, 3, 2, 6, 1, 9, 8, 4, 7, 3, 10, 6, 8, 8, 10, 3, 7, 2, 9, 2, 2, 10, 5, 5, 8, 6, 7, 4, 9, 5, 9, 8, 9, 1, 5, 5, 7, 5, 3, 10, 1]
(0.9451079597696633, 0.7845851421082813, 0.9879343045875411, 1.0, 0.9887151727452855, 0.6558487408143484)
[10, 8, 5, 9, 8, 1, 10, 2, 5, 6, 5, 5, 7, 6, 4, 10, 10, 10, 6, 10, 5, 2, 3, 10, 10, 6, 9, 8, 4, 7, 3, 10, 6, 8, 8, 10, 4, 7, 2, 9, 3, 1, 5, 5, 6, 8, 1, 10, 10, 8, 5, 9, 8, 9, 1, 5, 5, 7, 5, 3, 10, 1]
(0.7845851421082813, 0.7845851421082813, 0.9894327798858267, 1.0, 0.9834994243457893, 0.6558487408143484)
[10, 8, 5, 9, 8, 1, 10, 2, 5, 6, 7, 5, 4, 7, 4, 10, 10, 10, 5, 4, 5, 2, 10, 5, 6, 1, 9, 4, 4, 7, 4, 10, 6, 8, 8, 10, 3, 7, 2, 9, 2, 9, 5, 5, 5, 8, 6, 7, 4, 9, 5, 9, 8, 9, 1, 5, 5, 7, 5, 3, 10, 1]
(0.9465668851509662, 0.7845851421082813, 0.984486216865478, 1.0, 0.9878663597628456, 0.6558487408143484)
[10, 10, 5, 9, 3, 6, 10, 2, 5, 6, 7, 5, 7, 7, 4, 10, 10, 10, 5, 4, 5, 2, 3, 2, 6, 1, 9, 8, 1, 7, 3, 10, 6, 8, 8, 10, 3, 7, 2, 9, 3, 10, 5, 5, 6, 8, 1, 10, 10, 8, 9, 8, 10, 2, 1, 5, 5, 7, 5, 3, 10, 1]
(0.948504967428741, 0.7845851421082813, 0.9862695725634676, 1.0, 0.9934626998379809, 0.6558487408143484)
[4, 3, 5, 9, 8, 1, 10, 2, 5, 10, 5, 5, 7, 7, 4, 10, 10, 10, 5, 4, 5, 2, 10, 5, 6, 1, 9, 4, 4, 7, 4, 10, 6, 8, 8, 10, 3, 7, 2, 9, 2, 9, 5, 5, 5, 8, 6, 7, 4, 10, 6, 10, 8, 7, 1, 5, 5, 7, 5, 3, 10, 1]
(0.946580950357017, 0.7845851421082813, 0.9843167373910527, 1.0, 0.994431024231015, 0.6558487408143484)
[10, 10, 5, 9, 3, 6, 10, 2, 5, 6, 7, 5, 7, 7, 4, 10, 10, 10, 5, 4, 5, 2, 3, 2, 6, 1, 9, 8, 1, 7, 3, 10, 6, 8, 8, 10, 3, 7, 2, 9, 3, 10, 5, 5, 6, 8, 1, 10, 10, 8, 9, 8, 10, 2, 1, 5, 5, 7, 5, 3, 10, 1]
(0.948504967428741, 0.7845851421082813, 0.9862695725634676, 1.0, 0.9934626998379809, 0.6558487408143484)
[3, 8, 5, 9, 8, 1, 10, 2, 5, 10, 5, 5, 7, 7, 4, 10, 10, 10, 5, 4, 5, 2, 10, 5, 6, 1, 9, 4, 4, 7, 4, 10, 6, 8, 8, 10, 3, 7, 2, 9, 3, 10, 5, 5, 10, 8, 6, 7, 4, 9, 5, 9, 8, 9, 1, 5, 5, 7, 5, 3, 10, 1]
(0.9461928041651816, 0.7845851421082813, 0.9857337800785881, 1.0, 0.9925588743761163, 0.6558487408143484)
[10, 8, 5, 9, 8, 1, 10, 2, 5, 6, 7, 5, 7, 7, 4, 10, 10, 10, 5, 4, 5, 2, 3, 2, 6, 1, 9, 8, 1, 7, 3, 10, 6, 8, 8, 10, 3, 7, 2, 9, 3, 10, 5, 5, 6, 8, 1, 10, 10, 8, 9, 8, 8, 2, 1, 5, 5, 7, 5, 3, 10, 1]
(0.9474603975191683, 0.7845851421082813, 0.9862406050786358, 1.0, 0.9944152569398268, 0.6558487408143484)
[10, 8, 5, 9, 9, 3, 10, 2, 5, 7, 5, 5, 7, 8, 4, 10, 10, 4, 5, 4, 5, 2, 5, 3, 6, 1, 9, 5, 4, 7, 4, 10, 6, 8, 8, 10, 3, 4, 2, 9, 2, 5, 5, 5, 4, 8, 1, 10, 10, 8, 9, 9, 8, 9, 1, 5, 5, 7, 5, 3, 10, 1]
(0.9435901382937998, 0.7845851421082813, 0.9859844962134939, 1.0, 0.9887988196685893, 0.6558487408143484)
[10, 7, 5, 9, 3, 10, 10, 7, 5, 6, 5, 3, 7, 7, 4, 10, 10, 10, 5, 8, 5, 8, 9, 10, 6, 5, 4, 8, 4, 7, 4, 10, 6, 8, 8, 10, 3, 7, 2, 9, 2, 5, 3, 5, 4, 8, 1, 10, 10, 7, 9, 9, 8, 9, 1, 5, 5, 7, 5, 3, 10, 1]
(0.944512219913301, 0.7845851421082813, 0.9922103414311987, 1.0, 0.9820344304665903, 0.6558487408143484)
[6, 8, 5, 9, 8, 1, 10, 2, 5, 6, 7, 5, 4, 7, 4, 10, 10, 10, 5, 4, 5, 2, 10, 5, 6, 1, 9, 4, 4, 7, 4, 10, 6, 8, 8, 10, 3, 7, 2, 6, 3, 10, 5, 5, 5, 8, 6, 7, 4, 9, 5, 9, 8, 9, 1, 5, 5, 7, 5, 3, 10, 1]
(0.9464222265407416, 0.7845851421082813, 0.9865493187680822, 1.0, 0.9871869085356575, 0.6558487408143484)
[4, 3, 5, 9, 8, 1, 10, 10, 5, 10, 5, 1, 9, 7, 4, 10, 10, 10, 5, 4, 5, 2, 10, 5, 6, 1, 1, 7, 4, 7, 4, 10, 6, 8, 8, 10, 3, 7, 2, 9, 2, 2, 5, 5, 3, 8, 7, 7, 4, 8, 6, 9, 8, 7, 1, 5, 5, 7, 5, 3, 10, 1]
(0.9427641203626961, 0.7845851421082813, 0.9877598641440252, 1.0, 0.9907054280862194, 0.6558487408143484)
[3, 8, 5, 9, 8, 1, 10, 2, 5, 10, 5, 5, 7, 7, 4, 10, 10, 10, 5, 4, 5, 2, 10, 5, 6, 1, 9, 4, 4, 7, 4, 10, 6, 8, 8, 10, 3, 7, 2, 9, 3, 10, 5, 5, 10, 8, 6, 7, 7, 9, 5, 9, 8, 9, 1, 5, 5, 7, 5, 3, 10, 1]
(0.9460607862099979, 0.7845851421082813, 0.9857389276847225, 1.0, 0.992016180790959, 0.6558487408143484)
[6, 8, 5, 9, 8, 1, 10, 2, 5, 6, 7, 5, 10, 8, 4, 10, 10, 10, 5, 4, 5, 2, 10, 5, 6, 1, 9, 8, 4, 7, 4, 10, 6, 8, 8, 10, 3, 7, 2, 6, 3, 10, 5, 5, 5, 8, 9, 7, 4, 9, 5, 9, 8, 9, 1, 5, 5, 7, 5, 3, 10, 1]
(0.9471742836758466, 0.7845851421082813, 0.9912495007738453, 1.0, 0.9865518203005177, 0.6558487408143484)
[4, 3, 5, 9, 8, 1, 10, 2, 5, 10, 5, 5, 7, 8, 4, 10, 7, 10, 5, 1, 5, 2, 10, 5, 6, 1, 9, 4, 4, 7, 4, 10, 6, 8, 8, 10, 3, 7, 2, 9, 2, 9, 5, 5, 5, 8, 6, 7, 4, 10, 6, 10, 8, 7, 1, 5, 5, 7, 2, 3, 10, 1]
(0.946158696524796, 0.7845851421082813, 0.979820870794354, 1.0, 0.996359786204992, 0.6558487408143484)
[10, 6, 5, 9, 4, 1, 10, 2, 5, 6, 5, 5, 7, 7, 4, 10, 10, 10, 6, 10, 5, 2, 3, 2, 6, 1, 9, 8, 4, 7, 3, 10, 6, 8, 8, 10, 3, 7, 2, 9, 2, 2, 10, 5, 6, 10, 6, 7, 4, 9, 5, 9, 8, 9, 1, 5, 5, 7, 5, 3, 10, 1]
(0.9442830840125651, 0.7845851421082813, 0.9906157182529551, 1.0, 0.9882942261174302, 0.6558487408143484)
