[7, 2, 7, 10, 7, 9, 8, 3, 6, 8, 1, 4, 10, 2, 10, 5, 4, 3, 6, 5, 8, 3, 10, 7, 5, 5, 10, 7, 1, 9, 6, 6, 10, 5, 9, 10, 9, 7, 5, 5, 7, 4, 10, 6, 6, 4, 8, 6, 9, 6, 9, 8, 3, 4, 1, 5, 6, 5, 10, 4, 8, 1]
(0.891468340624124, 0.0, 0.8912536655552686, 0.0, 0.8916079617105427, 0.0, 0.8920997201465072, 0.8330058939096285, 0.5157532800920345, 0.0)
[5, 1, 8, 6, 6, 7, 8, 3, 6, 8, 5, 8, 10, 2, 9, 5, 9, 5, 1, 5, 7, 7, 2, 10, 5, 5, 9, 7, 10, 10, 6, 9, 10, 10, 9, 9, 9, 1, 5, 5, 9, 4, 3, 6, 6, 4, 8, 6, 9, 5, 6, 1, 6, 4, 6, 5, 6, 5, 4, 4, 9, 1]
(0.9893211732618487, 0.21775898520084552, 1.002808322105554, 0.21010425020048099, 0.9998958679847393, 0.4444444444444444, 1.0090357507579002, 0.26297291709737436, 1.00713052274659, 0.8524762908324536)
[4, 3, 3, 6, 5, 5, 8, 3, 3, 5, 1, 4, 10, 2, 10, 5, 4, 3, 1, 8, 7, 6, 6, 10, 5, 5, 8, 10, 5, 6, 8, 8, 2, 1, 1, 3, 4, 10, 1, 2, 5, 6, 5, 7, 6, 7, 6, 8, 7, 2, 9, 4, 4, 6, 5, 1, 3, 2, 5, 4, 10, 1]
(1.0027933455072318, 0.18569711538461534, 1.0064082526601823, 0.18002748511223077, 1.0102258582599433, 0.6153846153846154, 1.0045682276599082, 0.18951132300357565, 1.0189281006343633, 0.8242485990830347)
[4, 3, 3, 6, 5, 5, 8, 3, 3, 5, 1, 4, 10, 2, 10, 5, 4, 3, 1, 8, 7, 6, 6, 10, 5, 5, 8, 10, 5, 6, 8, 8, 2, 1, 1, 3, 4, 10, 1, 2, 5, 6, 5, 7, 6, 7, 6, 8, 7, 2, 9, 4, 4, 6, 5, 1, 3, 2, 5, 4, 10, 1]
(1.0027933455072318, 0.18569711538461534, 1.0064082526601823, 0.18002748511223077, 1.0102258582599433, 0.6153846153846154, 1.0045682276599082, 0.18951132300357565, 1.0189281006343633, 0.8242485990830347)
[4, 2, 3, 6, 5, 5, 8, 3, 10, 1, 5, 4, 10, 6, 9, 6, 5, 3, 1, 8, 7, 6, 6, 10, 5, 5, 8, 10, 5, 6, 8, 8, 5, 1, 1, 3, 4, 10, 1, 2, 5, 6, 3, 7, 6, 7, 6, 8, 7, 2, 9, 4, 4, 6, 5, 1, 3, 2, 5, 4, 10, 1]
(1.001690976414827, 0.18569711538461534, 1.004545334260908, 0.18002748511223077, 1.012020947318521, 0.6153846153846154, 1.0051530695520314, 0.18951132300357565, 1.0172597465105324, 0.8242485990830347)
[4, 2, 3, 6, 5, 5, 8, 3, 10, 1, 5, 4, 10, 6, 9, 6, 5, 3, 1, 8, 7, 6, 6, 10, 5, 5, 8, 10, 5, 6, 8, 8, 5, 1, 1, 3, 4, 10, 1, 2, 5, 6, 3, 7, 6, 7, 6, 8, 7, 2, 9, 4, 4, 6, 5, 1, 3, 2, 5, 4, 10, 1]
(1.001690976414827, 0.18569711538461534, 1.004545334260908, 0.18002748511223077, 1.012020947318521, 0.6153846153846154, 1.0051530695520314, 0.18951132300357565, 1.0172597465105324, 0.8242485990830347)
[4, 2, 3, 6, 5, 5, 8, 3, 10, 1, 5, 4, 10, 6, 9, 6, 5, 3, 1, 8, 7, 6, 6, 10, 5, 5, 8, 10, 5, 6, 8, 8, 5, 1, 1, 3, 4, 10, 1, 2, 5, 6, 3, 7, 6, 7, 6, 8, 7, 2, 9, 4, 4, 6, 5, 1, 3, 2, 5, 4, 10, 1]
(1.001690976414827, 0.18569711538461534, 1.004545334260908, 0.18002748511223077, 1.012020947318521, 0.6153846153846154, 1.0051530695520314, 0.18951132300357565, 1.0172597465105324, 0.8242485990830347)
[4, 2, 3, 6, 5, 5, 8, 3, 10, 1, 5, 4, 10, 6, 9, 6, 5, 3, 1, 8, 7, 6, 6, 10, 5, 5, 8, 10, 5, 6, 8, 8, 2, 1, 1, 3, 4, 10, 1, 2, 5, 6, 5, 7, 6, 7, 6, 8, 7, 2, 9, 4, 4, 6, 5, 1, 3, 2, 5, 4, 10, 1]
(1.0010491955094014, 0.18569711538461534, 1.0037846040911946, 0.18002748511223077, 1.0142981582321198, 0.6153846153846154, 1.0069207216612968, 0.18951132300357565, 1.0171015772037177, 0.8242485990830347)
[4, 2, 3, 6, 5, 5, 8, 3, 10, 1, 5, 4, 10, 6, 9, 6, 5, 3, 1, 8, 7, 6, 6, 10, 5, 5, 8, 10, 5, 6, 8, 8, 2, 1, 1, 3, 4, 10, 1, 2, 5, 6, 5, 7, 6, 7, 6, 8, 7, 2, 9, 4, 4, 6, 5, 1, 3, 2, 5, 4, 10, 1]
(1.0010491955094014, 0.18569711538461534, 1.0037846040911946, 0.18002748511223077, 1.0142981582321198, 0.6153846153846154, 1.0069207216612968, 0.18951132300357565, 1.0171015772037177, 0.8242485990830347)
[4, 2, 3, 6, 5, 5, 8, 3, 10, 1, 5, 4, 10, 6, 9, 6, 5, 3, 1, 8, 7, 6, 6, 10, 5, 5, 8, 10, 5, 6, 8, 8, 8, 1, 1, 3, 4, 10, 1, 2, 5, 6, 5, 7, 6, 7, 6, 8, 7, 2, 9, 4, 4, 6, 5, 1, 3, 2, 5, 4, 10, 1]
(1.0011739282868777, 0.18569711538461534, 0.18002748511223077, 0.18002748511223077, 1.0108412872068555, 0.6153846153846154, 1.008741068374363, 0.20896993592902902, 1.018199559766796, 0.8242485990830347)
[4, 2, 3, 3, 5, 5, 9, 3, 10, 1, 5, 3, 10, 5, 10, 5, 4, 3, 1, 8, 7, 6, 6, 10, 5, 5, 1, 10, 5, 6, 8, 8, 2, 1, 1, 3, 4, 10, 1, 2, 5, 1, 5, 7, 6, 7, 6, 8, 7, 2, 9, 4, 4, 6, 5, 1, 3, 2, 5, 4, 10, 1]
(1.0012892662547501, 0.178457984406584, 1.0100251396186621, 0.18002748511223077, 1.0032745613716516, 1.0, 1.0007167776115213, 0.0, 0.8524762908324536, 0.8524762908324536)
[5, 1, 8, 6, 6, 7, 8, 8, 6, 8, 5, 8, 10, 2, 9, 5, 9, 5, 1, 5, 7, 7, 2, 10, 5, 5, 9, 7, 10, 10, 6, 9, 10, 10, 9, 9, 9, 1, 5, 5, 9, 4, 3, 6, 6, 4, 8, 6, 9, 5, 9, 1, 6, 8, 6, 5, 6, 5, 4, 4, 9, 1]
(0.9812673891894498, 0.6417445482866059, 0.9939097772352374, 0.21010425020048099, 1.0014994121156606, 0.2857142857142857, 0.7748903947882398, 0.2328817283046503, 1.0055256300605806, 0.8524762908324536)
[4, 6, 6, 3, 7, 4, 8, 3, 7, 1, 5, 6, 10, 6, 2, 6, 8, 3, 1, 8, 7, 6, 8, 10, 5, 5, 8, 7, 5, 9, 8, 9, 2, 8, 1, 3, 4, 10, 2, 3, 5, 7, 6, 6, 1, 8, 6, 1, 4, 6, 6, 10, 4, 6, 5, 2, 3, 2, 5, 4, 10, 1]
(0.9941042006947077, 0.38916876574307324, 1.0076751326210769, 0.18002748511223077, 1.0068955569528015, 0.6153846153846154, 0.2328817283046503, 0.2328817283046503, 1.0157973385415942, 0.8242485990830347)
[5, 1, 8, 6, 6, 7, 8, 3, 6, 8, 5, 8, 10, 2, 9, 5, 9, 5, 1, 5, 7, 7, 2, 10, 5, 5, 9, 7, 10, 10, 6, 9, 10, 10, 9, 9, 9, 1, 5, 5, 9, 4, 3, 6, 6, 4, 8, 6, 9, 5, 9, 1, 6, 8, 6, 5, 6, 5, 4, 4, 9, 1]
(0.972523898165671, 0.6417445482866059, 0.9879443888552464, 0.21010425020048099, 1.0018459378741655, 0.2857142857142857, 1.0028696511872086, 0.26297291709737436, 1.0056079571135315, 0.8524762908324536)
[5, 1, 8, 6, 6, 7, 8, 3, 6, 8, 5, 8, 10, 2, 9, 5, 9, 5, 1, 5, 7, 7, 2, 10, 5, 5, 9, 7, 10, 10, 6, 9, 10, 10, 9, 9, 9, 1, 5, 5, 9, 4, 3, 6, 6, 4, 8, 6, 9, 5, 9, 1, 6, 8, 6, 5, 6, 5, 4, 4, 9, 1]
(0.972523898165671, 0.6417445482866059, 0.9879443888552464, 0.21010425020048099, 1.0018459378741655, 0.2857142857142857, 1.0028696511872086, 0.26297291709737436, 1.0056079571135315, 0.8524762908324536)
[5, 1, 8, 6, 6, 7, 8, 3, 6, 8, 5, 8, 10, 2, 9, 5, 9, 5, 1, 5, 7, 7, 2, 10, 5, 5, 9, 7, 10, 10, 6, 9, 10, 10, 9, 9, 9, 1, 5, 5, 9, 4, 3, 6, 6, 4, 8, 6, 9, 5, 9, 1, 6, 8, 6, 5, 6, 5, 4, 4, 9, 1]
(0.972523898165671, 0.6417445482866059, 0.9879443888552464, 0.21010425020048099, 1.0018459378741655, 0.2857142857142857, 1.0028696511872086, 0.26297291709737436, 1.0056079571135315, 0.8524762908324536)
[5, 1, 8, 6, 6, 7, 8, 3, 6, 8, 5, 8, 10, 2, 9, 5, 9, 5, 1, 5, 7, 7, 2, 10, 5, 5, 9, 7, 10, 10, 6, 9, 10, 10, 9, 9, 9, 1, 5, 5, 9, 4, 3, 6, 6, 4, 8, 6, 9, 5, 9, 1, 6, 8, 6, 5, 6, 5, 4, 4, 9, 1]
(0.972523898165671, 0.6417445482866059, 0.9879443888552464, 0.21010425020048099, 1.0018459378741655, 0.2857142857142857, 1.0028696511872086, 0.26297291709737436, 1.0056079571135315, 0.8524762908324536)
[5, 1, 8, 6, 6, 7, 8, 3, 6, 8, 5, 8, 10, 2, 9, 5, 9, 5, 1, 5, 7, 7, 2, 10, 5, 5, 9, 7, 10, 10, 6, 9, 10, 10, 9, 9, 9, 1, 5, 5, 9, 4, 3, 6, 6, 4, 8, 6, 9, 5, 9, 1, 6, 8, 6, 5, 6, 5, 4, 4, 9, 1]
(0.972523898165671, 0.6417445482866059, 0.9879443888552464, 0.21010425020048099, 1.0018459378741655, 0.2857142857142857, 1.0028696511872086, 0.26297291709737436, 1.0056079571135315, 0.8524762908324536)
[5, 1, 8, 6, 6, 7, 8, 3, 6, 8, 5, 8, 10, 2, 9, 5, 9, 5, 1, 5, 7, 7, 2, 10, 5, 5, 9, 7, 10, 10, 6, 9, 10, 10, 9, 9, 9, 1, 5, 5, 9, 4, 3, 6, 6, 4, 8, 6, 9, 5, 9, 1, 6, 8, 6, 5, 6, 5, 4, 4, 9, 1]
(0.972523898165671, 0.6417445482866059, 0.9879443888552464, 0.21010425020048099, 1.0018459378741655, 0.2857142857142857, 1.0028696511872086, 0.26297291709737436, 1.0056079571135315, 0.8524762908324536)
[5, 1, 8, 6, 6, 7, 8, 3, 6, 8, 5, 8, 10, 2, 9, 5, 9, 5, 1, 5, 7, 7, 2, 10, 5, 5, 9, 7, 10, 10, 6, 9, 10, 10, 9, 9, 9, 1, 5, 5, 9, 4, 3, 6, 6, 4, 8, 6, 9, 5, 9, 1, 6, 8, 6, 5, 6, 5, 4, 4, 9, 1]
(0.972523898165671, 0.6417445482866059, 0.9879443888552464, 0.21010425020048099, 1.0018459378741655, 0.2857142857142857, 1.0028696511872086, 0.26297291709737436, 1.0056079571135315, 0.8524762908324536)
[4, 2, 3, 3, 5, 5, 9, 3, 10, 1, 5, 3, 10, 5, 10, 5, 4, 3, 1, 8, 7, 6, 6, 10, 5, 5, 8, 10, 5, 6, 8, 8, 2, 1, 1, 3, 4, 10, 1, 2, 5, 6, 5, 7, 6, 7, 6, 8, 7, 2, 9, 4, 4, 6, 5, 1, 3, 2, 5, 4, 10, 1]
(1.000614948291329, 0.178457984406584, 1.004203030187634, 0.18002748511223077, 1.0107223845086961, 1.0, 1.0081055403687034, 0.18951132300357565, 1.0188438630662828, 0.8242485990830347)
[4, 2, 3, 3, 5, 5, 9, 3, 10, 1, 5, 3, 10, 5, 10, 5, 4, 3, 1, 8, 7, 6, 6, 10, 5, 5, 8, 10, 5, 6, 8, 8, 2, 1, 1, 3, 4, 10, 1, 2, 5, 6, 5, 7, 6, 7, 6, 8, 7, 2, 9, 4, 4, 6, 5, 1, 3, 2, 5, 4, 10, 1]
(1.000614948291329, 0.178457984406584, 1.004203030187634, 0.18002748511223077, 1.0107223845086961, 1.0, 1.0081055403687034, 0.18951132300357565, 1.0188438630662828, 0.8242485990830347)
[4, 2, 3, 3, 5, 5, 9, 3, 10, 1, 5, 3, 10, 4, 10, 5, 4, 3, 1, 8, 7, 6, 6, 10, 3, 5, 10, 10, 6, 10, 6, 8, 2, 1, 1, 3, 4, 8, 2, 2, 5, 6, 9, 6, 6, 7, 6, 8, 7, 2, 9, 4, 4, 6, 5, 1, 3, 2, 5, 4, 10, 1]
(1.0039568207226666, 0.18569711538461534, 1.0083880805410417, 0.18002748511223077, 1.0123221238143714, 1.0, 1.0102655773051055, 0.18951132300357565, 1.0169521325267823, 0.8242485990830347)
[4, 2, 3, 10, 5, 5, 8, 3, 10, 1, 1, 4, 10, 2, 10, 5, 4, 3, 1, 8, 7, 6, 6, 10, 5, 8, 8, 10, 5, 4, 9, 8, 9, 1, 1, 3, 1, 10, 2, 2, 5, 6, 3, 7, 6, 7, 6, 8, 7, 2, 9, 4, 4, 6, 5, 1, 3, 2, 5, 4, 10, 1]
(1.0064516018144758, 0.18569711538461534, 1.0087327682413132, 0.18002748511223077, 1.010960891377178, 1.0, 1.0021989510394607, 0.18951132300357565, 1.0160697887651593, 0.8242485990830347)
[4, 2, 3, 6, 5, 5, 3, 3, 3, 5, 1, 4, 10, 2, 10, 5, 4, 3, 1, 8, 7, 6, 6, 10, 5, 5, 8, 10, 5, 6, 9, 8, 9, 1, 1, 3, 4, 10, 1, 2, 5, 6, 5, 7, 6, 7, 6, 8, 7, 2, 9, 4, 4, 6, 5, 1, 3, 2, 5, 4, 10, 1]
(1.0045897285453949, 0.18569711538461534, 1.0044797507114682, 0.18002748511223077, 1.0059394613839658, 1.0, 1.0085251620970637, 0.18951132300357565, 1.0180864728055865, 0.8242485990830347)
[4, 2, 3, 6, 5, 5, 8, 3, 10, 6, 5, 4, 10, 6, 9, 6, 5, 3, 1, 8, 7, 6, 6, 10, 5, 5, 8, 10, 5, 6, 8, 8, 9, 1, 1, 3, 4, 10, 1, 2, 5, 6, 5, 7, 6, 7, 6, 8, 7, 2, 9, 4, 4, 6, 5, 1, 3, 2, 5, 4, 10, 1]
(1.0052141136489783, 0.18569711538461534, 1.0042533031664762, 0.18002748511223077, 1.0090596408583195, 1.0, 1.0063010062091025, 0.20896993592902902, 1.0156822581775455, 0.8242485990830347)
[7, 1, 3, 3, 7, 5, 8, 10, 7, 8, 6, 6, 6, 2, 5, 6, 3, 6, 2, 5, 7, 6, 8, 10, 5, 5, 10, 10, 6, 10, 6, 8, 2, 1, 1, 3, 4, 10, 2, 2, 5, 6, 9, 6, 6, 7, 1, 8, 7, 2, 6, 10, 6, 10, 6, 5, 4, 5, 4, 4, 5, 1]
(0.38916876574307324, 0.38916876574307324, 0.9984256745316062, 0.21010425020048099, 1.0137777495197924, 1.0, 0.9981419551186238, 0.8330058939096285, 0.9998096308670913, 0.0)
[4, 2, 3, 6, 5, 5, 3, 3, 3, 5, 1, 4, 10, 2, 10, 5, 4, 3, 1, 8, 7, 6, 6, 10, 5, 8, 8, 10, 5, 6, 9, 8, 9, 1, 1, 3, 4, 10, 1, 2, 5, 6, 5, 7, 6, 7, 6, 8, 7, 2, 9, 2, 4, 6, 5, 1, 3, 2, 5, 4, 10, 1]
(1.008611477073279, 0.22863485016648172, 1.0097258516587289, 0.18002748511223077, 1.0087162355892332, 1.0, 1.0083315900526912, 0.20896993592902902, 1.0152964246459275, 0.8242485990830347)
[1, 2, 3, 6, 5, 5, 8, 3, 10, 1, 5, 4, 10, 6, 9, 6, 5, 3, 1, 8, 7, 6, 6, 10, 5, 5, 9, 10, 5, 6, 8, 8, 2, 1, 1, 3, 4, 10, 1, 2, 5, 6, 5, 7, 6, 7, 6, 8, 7, 2, 9, 4, 4, 6, 5, 1, 3, 2, 5, 4, 10, 1]
(0.9908604389987863, 0.6417445482866059, 1.008271681983021, 0.18002748511223077, 1.0144686025567324, 0.6153846153846154, 1.0065606371499571, 0.18951132300357565, 1.0143913342617423, 0.8242485990830347)
[2, 2, 3, 6, 5, 5, 8, 3, 10, 1, 5, 4, 10, 6, 9, 6, 5, 3, 1, 8, 7, 6, 6, 10, 5, 5, 8, 10, 5, 6, 8, 8, 2, 1, 1, 3, 4, 10, 1, 2, 5, 6, 5, 7, 6, 7, 6, 8, 7, 2, 9, 4, 4, 6, 5, 1, 3, 2, 5, 4, 10, 1]
(0.9944283121265446, 0.6417445482866059, 1.0081666252575787, 0.18002748511223077, 1.0122304470278294, 0.6153846153846154, 1.006523535680023, 0.18951132300357565, 1.0161038353107839, 0.8242485990830347)
[10, 1, 8, 6, 6, 7, 10, 3, 6, 8, 5, 7, 10, 2, 5, 7, 3, 5, 1, 6, 7, 7, 7, 10, 5, 5, 9, 10, 10, 10, 6, 9, 10, 10, 7, 8, 9, 1, 6, 5, 5, 4, 3, 6, 6, 4, 8, 6, 9, 5, 9, 1, 6, 4, 6, 5, 6, 2, 4, 4, 9, 1]
(1.027766800019887, 0.6417445482866059, 1.0061937979422482, 0.18002748511223077, 1.0034735708497438, 0.6153846153846154, 1.0039158082567128, 0.2328817283046503, 1.0039686418138416, 0.8242485990830347)
[10, 1, 8, 6, 6, 7, 10, 3, 6, 8, 5, 7, 10, 2, 5, 7, 3, 5, 1, 6, 7, 7, 7, 10, 5, 5, 9, 10, 10, 10, 6, 9, 10, 10, 7, 8, 9, 1, 6, 5, 5, 4, 3, 6, 6, 4, 8, 6, 9, 5, 9, 1, 6, 4, 6, 5, 6, 2, 4, 4, 9, 1]
(1.027766800019887, 0.6417445482866059, 1.0061937979422482, 0.18002748511223077, 1.0034735708497438, 0.6153846153846154, 1.0039158082567128, 0.2328817283046503, 1.0039686418138416, 0.8242485990830347)
[10, 1, 8, 6, 6, 7, 10, 3, 6, 8, 5, 7, 10, 2, 5, 7, 3, 5, 1, 6, 7, 7, 7, 10, 5, 5, 9, 10, 10, 10, 6, 9, 10, 10, 7, 8, 9, 1, 6, 5, 5, 4, 3, 6, 6, 4, 8, 6, 9, 5, 9, 1, 6, 4, 6, 5, 6, 2, 4, 4, 9, 1]
(1.027766800019887, 0.6417445482866059, 1.0061937979422482, 0.18002748511223077, 1.0034735708497438, 0.6153846153846154, 1.0039158082567128, 0.2328817283046503, 1.0039686418138416, 0.8242485990830347)
[10, 1, 8, 6, 6, 7, 10, 3, 6, 8, 5, 7, 10, 2, 5, 7, 3, 5, 1, 6, 7, 7, 7, 10, 5, 5, 9, 10, 10, 10, 6, 9, 10, 10, 7, 8, 9, 1, 6, 5, 5, 4, 3, 6, 6, 4, 8, 6, 9, 5, 9, 1, 6, 4, 6, 5, 6, 2, 4, 4, 9, 1]
(1.027766800019887, 0.6417445482866059, 1.0061937979422482, 0.18002748511223077, 1.0034735708497438, 0.6153846153846154, 1.0039158082567128, 0.2328817283046503, 1.0039686418138416, 0.8242485990830347)
[10, 1, 8, 6, 6, 7, 10, 3, 6, 8, 5, 7, 10, 2, 5, 7, 3, 5, 1, 6, 7, 7, 7, 10, 5, 5, 9, 10, 10, 10, 6, 9, 10, 10, 7, 8, 9, 1, 6, 5, 5, 4, 3, 6, 6, 4, 8, 6, 9, 5, 9, 1, 6, 4, 6, 5, 6, 2, 4, 4, 9, 1]
(1.027766800019887, 0.6417445482866059, 1.0061937979422482, 0.18002748511223077, 1.0034735708497438, 0.6153846153846154, 1.0039158082567128, 0.2328817283046503, 1.0039686418138416, 0.8242485990830347)
[4, 2, 6, 4, 7, 9, 8, 3, 8, 5, 5, 4, 10, 6, 9, 8, 5, 3, 1, 8, 7, 6, 6, 10, 5, 5, 8, 10, 5, 6, 8, 8, 7, 1, 1, 3, 4, 10, 1, 2, 5, 6, 3, 7, 6, 7, 6, 8, 7, 2, 9, 4, 4, 6, 5, 1, 3, 2, 5, 4, 10, 1]
(1.008273582439867, 0.6417445482866059, 0.9979492814280068, 0.18002748511223077, 1.008075320813802, 0.6153846153846154, 1.0083088523708257, 0.2328817283046503, 1.0129519903100999, 0.8242485990830347)
[10, 1, 8, 6, 6, 7, 10, 3, 6, 8, 5, 7, 10, 2, 5, 7, 3, 5, 1, 6, 7, 7, 7, 10, 5, 5, 9, 10, 10, 10, 6, 9, 10, 10, 7, 8, 9, 1, 6, 5, 5, 4, 3, 6, 6, 4, 8, 6, 9, 5, 9, 1, 6, 4, 6, 5, 6, 2, 4, 4, 9, 1]
(1.027766800019887, 0.6417445482866059, 1.0061937979422482, 0.18002748511223077, 1.0034735708497438, 0.6153846153846154, 1.0039158082567128, 0.2328817283046503, 1.0039686418138416, 0.8242485990830347)
[7, 2, 6, 4, 7, 9, 8, 3, 8, 5, 5, 4, 10, 2, 5, 6, 4, 3, 8, 5, 10, 3, 10, 10, 5, 5, 10, 7, 1, 6, 6, 3, 10, 5, 9, 10, 9, 9, 5, 5, 7, 4, 10, 6, 6, 4, 8, 6, 9, 6, 9, 8, 3, 4, 1, 5, 6, 5, 10, 4, 3, 1]
(0.8153034300791537, 0.6135519563220454, 0.6150528243742895, 0.4909431605246713, 0.6325016164220884, 0.4444444444444444, 0.6167979509569717, 0.4698928703361655, 0.6339372108690455, 0.5378989361702137)
[4, 2, 3, 3, 5, 5, 9, 3, 10, 2, 5, 3, 10, 5, 10, 5, 4, 3, 1, 8, 7, 6, 6, 10, 5, 5, 8, 10, 5, 6, 8, 8, 2, 1, 1, 3, 4, 10, 1, 2, 5, 6, 5, 7, 6, 7, 6, 8, 7, 2, 9, 4, 4, 4, 5, 1, 3, 2, 5, 4, 10, 1]
(0.9987529578618679, 0.38916876574307324, 1.0072182337753448, 0.18002748511223077, 1.0072021250613006, 1.0, 1.0074799626134308, 0.18951132300357565, 1.0189505240879921, 0.8242485990830347)
[10, 1, 8, 6, 6, 7, 10, 3, 6, 8, 5, 7, 10, 2, 5, 7, 3, 5, 1, 6, 7, 7, 10, 10, 5, 5, 9, 8, 10, 10, 6, 9, 10, 10, 7, 8, 6, 1, 6, 5, 9, 4, 3, 6, 6, 4, 8, 6, 7, 5, 9, 7, 6, 4, 6, 5, 6, 5, 4, 4, 10, 1]
(1.007875602785495, 0.38916876574307324, 1.0060717447660836, 0.18002748511223077, 1.009432616736737, 1.0, 1.009208791796115, 0.2328817283046503, 1.007151876855639, 0.8242485990830347)
[10, 1, 8, 6, 6, 7, 10, 3, 1, 8, 5, 7, 10, 2, 5, 7, 3, 5, 1, 6, 7, 7, 10, 10, 5, 5, 9, 10, 10, 10, 6, 8, 10, 10, 9, 9, 9, 1, 5, 5, 9, 4, 1, 6, 4, 4, 8, 6, 9, 7, 9, 4, 6, 4, 6, 5, 6, 5, 4, 4, 10, 1]
(1.021296873409298, 0.6417445482866059, 1.0108951619826227, 0.18002748511223077, 1.008417684491721, 1.0, 1.0076185340993078, 0.0, 1.0040972976945313, 0.8242485990830347)
[7, 1, 3, 3, 7, 5, 8, 10, 7, 8, 6, 6, 6, 2, 5, 6, 3, 6, 2, 5, 7, 6, 8, 10, 5, 5, 10, 10, 6, 10, 6, 8, 2, 1, 1, 4, 4, 10, 1, 2, 5, 6, 9, 6, 10, 8, 6, 8, 4, 3, 10, 10, 6, 10, 6, 5, 4, 5, 2, 4, 5, 1]
(0.9994206775911126, 0.6417445482866059, 0.9908722206018842, 0.21010425020048099, 1.0027305711992058, 1.0, 0.9709076470695414, 0.8330058939096285, 0.0, 0.0)
[7, 1, 3, 3, 7, 5, 8, 10, 7, 8, 6, 6, 6, 2, 5, 6, 3, 6, 2, 5, 7, 6, 8, 10, 5, 5, 10, 10, 6, 10, 6, 8, 2, 1, 1, 3, 4, 8, 2, 2, 5, 6, 9, 6, 1, 8, 6, 8, 4, 2, 10, 10, 6, 10, 6, 5, 4, 5, 4, 4, 5, 1]
(0.9940903636626874, 0.6417445482866059, 0.9985963190905724, 0.21010425020048099, 1.0158469145186215, 1.0, 1.010108776111153, 0.8330058939096285, 0.9554857698269162, 0.0)
[7, 2, 7, 10, 7, 9, 8, 3, 6, 8, 1, 4, 10, 2, 10, 5, 4, 3, 6, 5, 8, 3, 10, 7, 8, 5, 10, 7, 1, 9, 6, 6, 10, 5, 9, 10, 9, 9, 5, 5, 7, 4, 10, 6, 6, 4, 8, 6, 9, 6, 9, 8, 10, 4, 1, 5, 6, 5, 10, 4, 8, 1]
(0.8941268413327635, 0.8153034300791537, 0.8944662141613664, 0.4909431605246713, 0.894950989726931, 0.6153846153846154, 0.8963279345072808, 0.742990654205607, 0.6580082220025399, 0.09069921253248725)
[7, 2, 7, 10, 7, 9, 8, 3, 6, 8, 5, 4, 10, 2, 5, 6, 4, 3, 8, 5, 1, 3, 10, 7, 5, 5, 3, 7, 5, 9, 6, 6, 10, 5, 4, 10, 9, 9, 5, 5, 7, 4, 4, 6, 9, 4, 8, 10, 9, 6, 9, 1, 6, 4, 1, 5, 6, 5, 10, 4, 8, 1]
(0.8153034300791537, 0.0, 0.8946442754007877, 0.4909431605246713, 0.8943025213666261, 0.6153846153846154, 0.8966558895073832, 0.8330058939096285, 0.7241679742001036, 0.8242485990830347)
[4, 2, 3, 3, 5, 5, 9, 1, 10, 1, 5, 3, 10, 5, 10, 5, 5, 3, 1, 8, 8, 6, 6, 10, 3, 5, 8, 10, 5, 6, 9, 8, 8, 1, 1, 3, 4, 10, 1, 2, 5, 6, 5, 7, 6, 7, 6, 8, 5, 2, 9, 4, 4, 6, 5, 1, 3, 2, 5, 4, 10, 1]
(0.9943966436199819, 0.6417445482866059, 1.005562368873504, 0.18002748511223077, 1.006379564944652, 1.0, 1.010330546926704, 0.18951132300357565, 1.0150116694159776, 0.8242485990830347)
[4, 6, 6, 3, 7, 4, 8, 3, 7, 1, 5, 6, 10, 6, 4, 4, 8, 3, 1, 8, 7, 6, 8, 10, 5, 5, 10, 10, 6, 10, 6, 6, 2, 1, 1, 3, 4, 10, 2, 3, 5, 7, 6, 6, 1, 8, 6, 8, 4, 5, 10, 10, 4, 7, 5, 2, 3, 2, 5, 4, 10, 1]
(0.9935997898690377, 0.6417445482866059, 1.0077109660021932, 0.18002748511223077, 1.0060594349168213, 1.0, 1.0104072055779367, 0.20896993592902902, 1.014182125683871, 0.8242485990830347)
[4, 6, 6, 3, 7, 4, 8, 3, 7, 1, 5, 6, 10, 6, 4, 4, 8, 3, 1, 8, 7, 6, 8, 10, 5, 5, 10, 10, 6, 10, 6, 6, 2, 1, 1, 3, 4, 10, 2, 3, 5, 7, 6, 6, 1, 8, 6, 8, 4, 5, 10, 10, 4, 7, 5, 2, 3, 2, 5, 4, 10, 1]
(0.9935997898690377, 0.6417445482866059, 1.0077109660021932, 0.18002748511223077, 1.0060594349168213, 1.0, 1.0104072055779367, 0.20896993592902902, 1.014182125683871, 0.8242485990830347)
[4, 6, 6, 3, 7, 4, 8, 3, 7, 1, 5, 6, 10, 6, 4, 4, 8, 3, 1, 8, 7, 6, 8, 10, 5, 5, 10, 10, 6, 10, 6, 8, 2, 1, 1, 3, 4, 10, 2, 3, 5, 7, 6, 6, 1, 8, 6, 8, 4, 5, 10, 10, 4, 6, 5, 2, 3, 2, 5, 4, 10, 1]
(0.9953498066402946, 0.6417445482866059, 1.0073316489346298, 0.18002748511223077, 1.0062119959853562, 1.0, 1.0073418679647121, 0.20896993592902902, 1.012986951414493, 0.8242485990830347)
[4, 6, 6, 3, 7, 4, 8, 3, 7, 1, 5, 6, 10, 6, 4, 4, 8, 3, 1, 8, 7, 6, 8, 10, 5, 5, 10, 10, 6, 10, 6, 8, 2, 1, 1, 3, 4, 10, 2, 3, 5, 7, 6, 6, 1, 8, 6, 8, 4, 5, 10, 10, 4, 6, 5, 2, 3, 2, 5, 4, 10, 1]
(0.9953498066402946, 0.6417445482866059, 1.0073316489346298, 0.18002748511223077, 1.0062119959853562, 1.0, 1.0073418679647121, 0.20896993592902902, 1.012986951414493, 0.8242485990830347)
[4, 6, 6, 3, 7, 4, 8, 3, 7, 1, 5, 6, 10, 6, 4, 4, 8, 3, 1, 8, 7, 6, 8, 10, 5, 5, 10, 10, 6, 10, 6, 8, 2, 1, 1, 3, 4, 10, 2, 3, 5, 7, 6, 6, 1, 8, 6, 8, 4, 5, 10, 10, 4, 6, 5, 2, 3, 2, 5, 4, 10, 1]
(0.9953498066402946, 0.6417445482866059, 1.0073316489346298, 0.18002748511223077, 1.0062119959853562, 1.0, 1.0073418679647121, 0.20896993592902902, 1.012986951414493, 0.8242485990830347)
[4, 6, 6, 3, 7, 4, 8, 3, 7, 1, 5, 6, 10, 6, 4, 4, 8, 3, 1, 8, 7, 6, 8, 10, 5, 5, 10, 10, 6, 10, 6, 8, 2, 1, 1, 3, 4, 10, 2, 3, 5, 7, 6, 6, 1, 8, 6, 8, 4, 5, 10, 10, 4, 6, 5, 2, 3, 2, 5, 4, 10, 1]
(0.9953498066402946, 0.6417445482866059, 1.0073316489346298, 0.18002748511223077, 1.0062119959853562, 1.0, 1.0073418679647121, 0.20896993592902902, 1.012986951414493, 0.8242485990830347)
[4, 6, 6, 3, 7, 4, 8, 3, 7, 1, 5, 6, 10, 6, 4, 4, 8, 3, 1, 8, 7, 6, 8, 10, 5, 5, 10, 10, 6, 10, 6, 6, 2, 1, 1, 3, 4, 10, 2, 3, 5, 7, 6, 6, 1, 8, 6, 8, 4, 5, 10, 10, 4, 7, 5, 2, 3, 2, 5, 4, 10, 1]
(0.9935997898690377, 0.6417445482866059, 1.0077109660021932, 0.18002748511223077, 1.0060594349168213, 1.0, 1.0104072055779367, 0.20896993592902902, 1.014182125683871, 0.8242485990830347)
[10, 1, 8, 6, 6, 7, 10, 3, 6, 8, 5, 7, 10, 2, 5, 7, 3, 5, 1, 6, 7, 7, 10, 10, 5, 5, 9, 10, 10, 10, 6, 9, 10, 10, 7, 8, 6, 1, 6, 5, 9, 4, 3, 6, 6, 4, 8, 6, 9, 5, 9, 7, 6, 4, 6, 5, 6, 5, 4, 4, 10, 1]
(1.0155875583179266, 0.6417445482866059, 1.0115337749011786, 0.18002748511223077, 1.010569886583832, 1.0, 1.0111915369518072, 0.2328817283046503, 1.0079780184663805, 0.8242485990830347)
[10, 1, 8, 6, 6, 7, 10, 3, 1, 8, 5, 7, 10, 2, 5, 7, 3, 5, 1, 6, 7, 7, 7, 10, 5, 5, 9, 10, 10, 10, 6, 9, 10, 10, 9, 9, 9, 1, 5, 5, 9, 4, 1, 6, 4, 4, 8, 3, 9, 7, 9, 4, 6, 4, 6, 5, 6, 5, 4, 4, 10, 1]
(1.0283178695477513, 0.6417445482866059, 1.0119262787513406, 0.18002748511223077, 1.0062557871453437, 1.0, 1.0073735001496944, 0.2328817283046503, 1.00666257953271, 0.8242485990830347)
[10, 1, 8, 6, 6, 7, 10, 3, 1, 8, 5, 6, 10, 2, 5, 7, 3, 5, 1, 6, 7, 7, 10, 10, 5, 5, 9, 10, 10, 10, 6, 8, 10, 10, 9, 9, 9, 1, 5, 5, 9, 4, 1, 6, 4, 4, 8, 6, 9, 7, 9, 4, 6, 4, 6, 5, 6, 5, 4, 4, 10, 1]
(1.0258859385736256, 0.6417445482866059, 1.0083640105091007, 0.18002748511223077, 1.0100443459115893, 1.0, 1.0099958389066133, 0.2328817283046503, 1.0021922192536266, 0.8242485990830347)
[10, 1, 8, 6, 6, 7, 10, 3, 1, 8, 5, 6, 10, 2, 5, 7, 3, 5, 1, 6, 7, 7, 10, 10, 5, 5, 9, 10, 10, 10, 6, 8, 10, 10, 9, 9, 9, 1, 5, 5, 9, 4, 1, 6, 4, 4, 8, 7, 9, 7, 9, 4, 6, 4, 6, 5, 6, 5, 4, 4, 10, 1]
(1.0280444811098244, 0.6417445482866059, 1.0125575966201694, 0.18002748511223077, 1.0089554556645426, 1.0, 1.0116458811797173, 0.2328817283046503, 1.0035793277434977, 0.8242485990830347)
[10, 1, 8, 6, 6, 7, 10, 3, 6, 8, 5, 7, 10, 2, 5, 7, 3, 5, 1, 6, 7, 7, 10, 10, 5, 5, 9, 10, 10, 10, 6, 9, 10, 10, 7, 8, 6, 1, 6, 5, 9, 4, 3, 6, 6, 4, 8, 6, 9, 5, 9, 7, 6, 4, 6, 5, 6, 5, 4, 4, 10, 1]
(1.0155875583179266, 0.6417445482866059, 1.0115337749011786, 0.18002748511223077, 1.010569886583832, 1.0, 1.0111915369518072, 0.2328817283046503, 1.0079780184663805, 0.8242485990830347)
[10, 1, 8, 6, 6, 7, 10, 3, 6, 8, 5, 7, 10, 2, 5, 7, 3, 5, 1, 6, 7, 7, 10, 10, 5, 5, 9, 10, 10, 10, 6, 9, 10, 10, 7, 8, 6, 1, 6, 5, 9, 4, 3, 6, 6, 4, 8, 6, 9, 5, 9, 7, 6, 4, 6, 5, 6, 5, 4, 4, 10, 1]
(1.0155875583179266, 0.6417445482866059, 1.0115337749011786, 0.18002748511223077, 1.010569886583832, 1.0, 1.0111915369518072, 0.2328817283046503, 1.0079780184663805, 0.8242485990830347)
[10, 1, 8, 6, 6, 7, 10, 3, 6, 8, 5, 7, 10, 2, 5, 7, 3, 5, 1, 6, 7, 7, 10, 10, 5, 5, 9, 10, 10, 10, 6, 9, 10, 10, 7, 8, 6, 1, 6, 5, 9, 4, 3, 6, 6, 4, 8, 6, 9, 5, 9, 7, 6, 4, 6, 5, 6, 5, 4, 4, 10, 1]
(1.0155875583179266, 0.6417445482866059, 1.0115337749011786, 0.18002748511223077, 1.010569886583832, 1.0, 1.0111915369518072, 0.2328817283046503, 1.0079780184663805, 0.8242485990830347)
[10, 1, 8, 6, 6, 7, 10, 3, 1, 8, 5, 7, 10, 2, 5, 7, 3, 5, 1, 6, 7, 7, 10, 10, 5, 5, 9, 10, 10, 10, 6, 8, 10, 10, 9, 9, 9, 1, 5, 5, 9, 4, 1, 6, 4, 4, 8, 6, 9, 7, 9, 4, 6, 4, 6, 5, 6, 5, 4, 4, 10, 1]
(1.021296873409298, 0.6417445482866059, 1.0108951619826227, 0.18002748511223077, 1.008417684491721, 1.0, 1.0076185340993078, 0.2328817283046503, 1.0040972976945313, 0.8242485990830347)
[10, 1, 8, 6, 6, 7, 10, 3, 6, 8, 5, 7, 10, 9, 5, 7, 3, 5, 1, 6, 7, 7, 10, 10, 5, 5, 9, 10, 10, 10, 6, 9, 10, 10, 7, 8, 6, 1, 6, 5, 9, 4, 3, 6, 6, 4, 8, 8, 9, 5, 9, 7, 6, 4, 6, 5, 6, 5, 4, 4, 10, 1]
(0.9834063728339949, 0.6417445482866059, 1.0051238003186853, 0.21010425020048099, 1.01089672585949, 1.0, 1.0109144083224209, 0.2328817283046503, 1.005866041313854, 0.8242485990830347)
[10, 1, 8, 6, 6, 7, 10, 3, 6, 8, 5, 7, 10, 2, 5, 7, 3, 5, 1, 6, 7, 7, 10, 10, 5, 5, 9, 10, 10, 10, 6, 9, 10, 10, 6, 8, 6, 1, 6, 5, 9, 4, 3, 6, 6, 4, 8, 6, 9, 5, 4, 7, 6, 4, 6, 5, 6, 5, 4, 4, 10, 1]
(1.024347629304972, 0.6417445482866059, 1.0098889383487375, 0.21010425020048099, 1.0125431017018827, 1.0, 1.010958359669891, 0.2328817283046503, 1.0071566565893564, 0.8242485990830347)
[7, 2, 6, 4, 7, 9, 8, 3, 8, 5, 5, 4, 10, 2, 5, 6, 4, 8, 8, 5, 10, 3, 10, 6, 5, 5, 10, 7, 1, 9, 6, 6, 10, 5, 4, 10, 9, 9, 5, 5, 7, 4, 10, 6, 4, 4, 8, 6, 9, 6, 9, 8, 8, 4, 1, 5, 6, 5, 10, 4, 8, 1]
(0.8941084279678764, 0.8153034300791537, 0.8949018307961526, 0.4909431605246713, 0.9042377653531728, 0.8964799554087223, 0.8967691014520826, 0.742990654205607, 0.04439415680244347, 0.0)
[5, 1, 6, 4, 7, 9, 8, 3, 8, 5, 5, 4, 10, 2, 9, 5, 9, 5, 1, 5, 7, 7, 2, 10, 5, 5, 9, 7, 10, 10, 6, 9, 10, 10, 9, 9, 9, 1, 5, 5, 9, 4, 3, 6, 6, 4, 8, 6, 9, 5, 6, 1, 6, 4, 6, 5, 6, 5, 2, 4, 9, 1]
(0.9777920485474149, 0.6417445482866059, 0.9968570020981108, 0.18002748511223077, 0.9980266100726995, 0.6153846153846154, 0.7852813816629353, 0.742990654205607, 0.9189318829216037, 0.8242485990830347)
[5, 1, 6, 4, 7, 9, 8, 3, 8, 5, 5, 4, 10, 2, 9, 5, 9, 5, 1, 5, 7, 7, 2, 10, 5, 5, 9, 7, 10, 10, 6, 9, 10, 10, 9, 9, 9, 1, 5, 5, 9, 4, 3, 6, 6, 4, 8, 6, 9, 5, 6, 1, 6, 4, 6, 5, 6, 5, 2, 4, 9, 1]
(0.9777920485474149, 0.6417445482866059, 0.9968570020981108, 0.18002748511223077, 0.9980266100726995, 0.6153846153846154, 0.742990654205607, 0.742990654205607, 0.9189318829216037, 0.8242485990830347)
[5, 1, 6, 4, 7, 9, 8, 3, 8, 5, 5, 4, 10, 2, 9, 5, 9, 5, 1, 5, 7, 7, 2, 10, 5, 5, 9, 7, 10, 10, 6, 9, 10, 10, 9, 9, 9, 1, 5, 5, 9, 4, 3, 6, 6, 4, 8, 6, 9, 5, 6, 1, 6, 4, 6, 5, 6, 5, 2, 4, 9, 1]
(0.9777920485474149, 0.6417445482866059, 0.9968570020981108, 0.18002748511223077, 0.9980266100726995, 0.6153846153846154, 0.7852813816629353, 0.742990654205607, 0.9189318829216037, 0.8242485990830347)
[5, 1, 6, 4, 7, 9, 8, 3, 8, 5, 5, 4, 10, 2, 9, 5, 9, 5, 1, 5, 7, 7, 2, 10, 5, 5, 9, 7, 10, 10, 6, 9, 10, 10, 9, 9, 9, 1, 5, 5, 9, 4, 3, 6, 6, 4, 8, 6, 9, 5, 6, 1, 6, 4, 6, 5, 6, 5, 2, 4, 9, 1]
(0.9777920485474149, 0.6417445482866059, 0.9968570020981108, 0.18002748511223077, 0.9980266100726995, 0.6153846153846154, 0.7852813816629353, 0.742990654205607, 0.9189318829216037, 0.8242485990830347)
[5, 1, 6, 4, 7, 9, 8, 3, 8, 5, 5, 4, 10, 2, 9, 5, 9, 5, 1, 5, 7, 7, 2, 10, 5, 5, 9, 7, 10, 10, 6, 9, 10, 10, 9, 9, 9, 1, 5, 5, 9, 4, 3, 6, 6, 4, 8, 6, 9, 5, 6, 1, 6, 4, 6, 5, 6, 5, 2, 4, 9, 1]
(0.9777920485474149, 0.6417445482866059, 0.9968570020981108, 0.18002748511223077, 0.9980266100726995, 0.6153846153846154, 0.7852813816629353, 0.742990654205607, 0.9189318829216037, 0.8242485990830347)
[5, 1, 6, 4, 7, 9, 8, 3, 8, 5, 5, 4, 10, 2, 9, 5, 9, 5, 1, 5, 7, 7, 2, 10, 5, 5, 9, 7, 10, 10, 6, 9, 10, 10, 9, 9, 9, 1, 5, 5, 9, 4, 3, 6, 6, 4, 8, 6, 9, 5, 6, 1, 6, 4, 6, 5, 6, 5, 2, 4, 9, 1]
(0.9777920485474149, 0.6417445482866059, 0.9968570020981108, 0.18002748511223077, 0.9980266100726995, 0.6153846153846154, 0.7852813816629353, 0.742990654205607, 0.9189318829216037, 0.8242485990830347)
[7, 2, 6, 4, 7, 9, 8, 3, 8, 5, 5, 4, 10, 2, 10, 5, 9, 5, 1, 5, 8, 3, 10, 7, 5, 5, 10, 7, 1, 9, 6, 6, 10, 5, 9, 10, 9, 9, 5, 5, 7, 4, 10, 6, 6, 4, 8, 6, 9, 6, 9, 8, 10, 4, 5, 5, 6, 5, 10, 4, 8, 1]
(0.8940822512842717, 0.8153034300791537, 0.8945040830411018, 0.4909431605246713, 0.9039152207784352, 0.8962603370659056, 0.896347540151328, 0.0, 0.8242485990830347, 0.8242485990830347)
[7, 2, 9, 10, 7, 9, 8, 3, 3, 8, 1, 4, 10, 2, 10, 5, 4, 3, 6, 5, 8, 3, 10, 7, 5, 7, 10, 7, 1, 9, 6, 6, 10, 5, 1, 10, 9, 9, 5, 5, 7, 4, 10, 6, 9, 4, 8, 6, 9, 6, 9, 8, 3, 4, 1, 5, 6, 5, 10, 4, 8, 1]
(0.8941415070556106, 0.8153034300791537, 0.894476731028408, 0.4909431605246713, 0.895143105927855, 0.6153846153846154, 0.8969475069083275, 0.742990654205607, 0.6773767027072637, 0.8242485990830347)
[7, 2, 8, 4, 7, 9, 8, 3, 8, 5, 5, 4, 10, 2, 5, 6, 1, 3, 6, 5, 8, 3, 10, 7, 5, 5, 10, 7, 1, 9, 6, 6, 10, 5, 4, 10, 9, 9, 5, 6, 7, 4, 10, 6, 9, 4, 8, 6, 9, 6, 9, 8, 3, 4, 1, 5, 6, 5, 10, 4, 8, 1]
(0.8941018692217768, 0.8153034300791537, 0.8945141951553526, 0.4909431605246713, 0.8950271015055479, 0.6153846153846154, 0.896904526371509, 0.742990654205607, 0.6782814734615413, 0.8242485990830347)
[7, 2, 7, 10, 7, 9, 8, 3, 6, 8, 1, 4, 10, 2, 10, 5, 4, 3, 6, 5, 8, 3, 10, 7, 5, 5, 10, 7, 1, 9, 6, 6, 10, 5, 9, 10, 9, 9, 5, 5, 7, 4, 10, 6, 6, 4, 8, 6, 9, 6, 9, 8, 10, 4, 1, 5, 6, 5, 10, 4, 8, 1]
(0.8941267146728934, 0.8153034300791537, 0.8944660949520769, 0.4909431605246713, 0.8949517712928357, 0.6153846153846154, 0.8962273678742351, 0.742990654205607, 0.8929673695005478, 0.827106748428198)
[7, 2, 7, 10, 7, 9, 8, 3, 6, 8, 1, 4, 10, 2, 10, 5, 4, 3, 6, 5, 8, 3, 10, 7, 5, 5, 10, 7, 1, 9, 6, 6, 10, 5, 9, 10, 9, 9, 5, 5, 7, 4, 10, 6, 6, 4, 8, 6, 9, 6, 9, 8, 10, 4, 1, 5, 6, 5, 10, 4, 8, 1]
(0.8941267146728934, 0.8153034300791537, 0.8944660949520769, 0.4909431605246713, 0.8949517712928357, 0.6153846153846154, 0.8962273678742351, 0.742990654205607, 0.8929673695005478, 0.827106748428198)
[7, 2, 7, 10, 7, 9, 8, 3, 6, 8, 1, 4, 10, 2, 10, 5, 4, 3, 6, 5, 8, 3, 10, 7, 5, 5, 10, 7, 1, 9, 6, 6, 10, 5, 9, 10, 9, 9, 5, 5, 7, 4, 10, 6, 6, 4, 8, 6, 9, 6, 9, 8, 10, 4, 1, 5, 6, 5, 10, 4, 8, 1]
(0.8941267146728934, 0.8153034300791537, 0.8944660949520769, 0.4909431605246713, 0.8949517712928357, 0.6153846153846154, 0.8962273678742351, 0.742990654205607, 0.8929673695005478, 0.827106748428198)
[7, 2, 7, 10, 7, 9, 8, 3, 6, 8, 5, 4, 10, 2, 10, 6, 4, 9, 8, 5, 1, 3, 10, 7, 6, 5, 3, 4, 5, 9, 6, 6, 10, 5, 4, 10, 9, 9, 5, 5, 7, 4, 4, 6, 9, 4, 8, 10, 9, 6, 9, 1, 6, 4, 1, 5, 6, 5, 10, 4, 8, 1]
(0.8938031745143236, 0.8153034300791537, 0.894641109276563, 0.4909431605246713, 0.8943244202993812, 0.6153846153846154, 0.8965198348276319, 0.8330058939096285, 0.8955727717839183, 0.7693770803613879)
[7, 2, 7, 10, 7, 9, 8, 3, 6, 8, 5, 4, 10, 2, 5, 6, 4, 3, 8, 5, 1, 3, 10, 7, 5, 5, 3, 7, 5, 9, 6, 6, 10, 5, 4, 10, 9, 9, 5, 5, 7, 4, 4, 6, 9, 4, 8, 10, 9, 6, 9, 1, 6, 4, 1, 5, 6, 5, 10, 4, 8, 1]
(0.8937967357225718, 0.8153034300791537, 0.8946442754007877, 0.4909431605246713, 0.8943025213666261, 0.6153846153846154, 0.8966558895073832, 0.8330058939096285, 0.7241679742001036, 0.8154300742782683)
[7, 2, 7, 10, 7, 9, 8, 3, 6, 8, 5, 4, 10, 2, 10, 6, 4, 3, 6, 5, 8, 3, 10, 7, 5, 2, 10, 7, 5, 9, 6, 6, 10, 5, 4, 10, 9, 9, 5, 5, 7, 4, 4, 6, 9, 9, 8, 6, 9, 6, 9, 8, 10, 4, 1, 5, 6, 5, 10, 4, 8, 1]
(0.8937780025415124, 0.8153034300791537, 0.8945186314173044, 0.4909431605246713, 0.8942855163477362, 0.6153846153846154, 0.8966080904938282, 0.8330058939096285, 0.725776585843418, 0.8242485990830347)
[7, 2, 7, 10, 7, 9, 8, 3, 6, 8, 5, 4, 10, 2, 10, 6, 4, 3, 6, 5, 8, 3, 10, 7, 5, 2, 10, 7, 5, 9, 6, 6, 10, 5, 4, 10, 9, 9, 5, 5, 7, 4, 4, 6, 9, 9, 8, 6, 9, 6, 9, 8, 10, 4, 1, 5, 6, 5, 10, 4, 8, 1]
(0.8937780025415124, 0.8153034300791537, 0.8945186314173044, 0.4909431605246713, 0.8942855163477362, 0.6153846153846154, 0.8966080904938282, 0.8330058939096285, 0.725776585843418, 0.8242485990830347)
[7, 2, 7, 10, 7, 9, 8, 3, 6, 8, 5, 4, 10, 2, 5, 6, 4, 3, 8, 5, 1, 3, 10, 7, 5, 5, 3, 7, 5, 9, 6, 6, 10, 5, 4, 10, 9, 9, 5, 5, 7, 4, 4, 6, 9, 4, 8, 10, 9, 6, 9, 1, 6, 4, 1, 5, 6, 5, 10, 4, 8, 1]
(0.8937967357225718, 0.8153034300791537, 0.8946442754007877, 0.4909431605246713, 0.8943025213666261, 0.6153846153846154, 0.8966558895073832, 0.8330058939096285, 0.7241679742001036, 0.8242485990830347)
[7, 2, 7, 10, 7, 9, 8, 3, 6, 8, 5, 4, 10, 2, 5, 6, 4, 3, 8, 5, 1, 3, 10, 7, 5, 5, 3, 7, 5, 9, 6, 6, 10, 5, 4, 10, 9, 9, 5, 5, 7, 4, 4, 6, 9, 4, 8, 10, 9, 6, 9, 1, 6, 4, 1, 5, 6, 5, 10, 4, 8, 1]
(0.8937967357225718, 0.8153034300791537, 0.8946442754007877, 0.4909431605246713, 0.8943025213666261, 0.6153846153846154, 0.8966558895073832, 0.8330058939096285, 0.7241679742001036, 0.8242485990830347)
[7, 2, 7, 10, 7, 9, 5, 3, 6, 8, 5, 4, 10, 2, 10, 6, 4, 3, 6, 5, 8, 3, 10, 7, 5, 2, 10, 7, 5, 9, 6, 6, 10, 5, 4, 10, 9, 9, 5, 5, 7, 4, 4, 6, 9, 9, 8, 6, 9, 6, 9, 8, 10, 4, 1, 5, 6, 5, 10, 4, 8, 1]
(0.8937780025415124, 0.8153034300791537, 0.8945186314173044, 0.4909431605246713, 0.8942855163477362, 0.6153846153846154, 0.8966080904938282, 0.8330058939096285, 0.7003781232051587, 0.8242485990830347)
[7, 2, 7, 10, 7, 9, 8, 3, 6, 8, 5, 4, 10, 2, 10, 6, 4, 3, 6, 5, 8, 3, 10, 7, 5, 2, 10, 7, 5, 9, 6, 6, 10, 5, 4, 10, 9, 9, 5, 5, 7, 4, 4, 6, 9, 9, 8, 6, 9, 6, 9, 8, 10, 4, 1, 5, 6, 5, 10, 4, 8, 1]
(0.8937780025415124, 0.8153034300791537, 0.8945186314173044, 0.4909431605246713, 0.8942855163477362, 0.6153846153846154, 0.8966080904938282, 0.8330058939096285, 0.725776585843418, 0.8242485990830347)
[7, 2, 6, 4, 7, 9, 8, 3, 8, 5, 5, 4, 10, 2, 5, 6, 4, 3, 6, 5, 8, 3, 10, 7, 5, 7, 10, 7, 1, 9, 6, 6, 10, 5, 9, 10, 9, 9, 5, 5, 7, 4, 10, 6, 9, 4, 8, 6, 9, 6, 9, 8, 3, 4, 1, 5, 6, 5, 10, 4, 8, 1]
(0.8941284474916757, 0.8153034300791537, 0.8948344179429115, 0.4909431605246713, 0.8949693665839733, 0.6153846153846154, 0.8963145454414191, 0.742990654205607, 0.8940418605692686, 0.9203640500568818)
[8, 2, 7, 10, 7, 9, 8, 3, 6, 8, 1, 4, 10, 2, 10, 5, 4, 3, 6, 5, 8, 3, 10, 7, 5, 5, 10, 7, 1, 9, 6, 6, 10, 5, 9, 10, 9, 9, 5, 5, 7, 4, 10, 6, 6, 4, 8, 6, 9, 6, 9, 8, 10, 4, 1, 5, 6, 5, 10, 4, 5, 1]
(0.8949792045168581, 0.8153034300791537, 0.8934316192753614, 0.4909431605246713, 0.8953105562366546, 0.896776877436787, 0.8968641948886217, 0.8730267673301276, 0.8937736104242505, 0.6789760805707087)
[5, 1, 8, 6, 6, 8, 8, 3, 6, 8, 5, 4, 10, 2, 5, 6, 4, 3, 8, 5, 9, 3, 10, 6, 5, 5, 10, 7, 1, 9, 7, 6, 10, 5, 5, 10, 9, 9, 5, 5, 7, 4, 10, 6, 9, 4, 8, 6, 9, 6, 4, 8, 3, 4, 1, 5, 6, 5, 10, 4, 9, 1]
(0.8937834379263223, 0.8153034300791537, 0.89481849251315, 0.4909431605246713, 0.8953845894895496, 0.8961344472132624, 0.8968206928111614, 0.742990654205607, 0.8242485990830347, 0.8242485990830347)
[7, 2, 6, 4, 7, 9, 8, 3, 8, 5, 5, 4, 10, 2, 5, 6, 1, 3, 8, 5, 10, 3, 10, 10, 5, 5, 10, 7, 1, 9, 6, 6, 10, 5, 4, 10, 9, 9, 5, 6, 7, 4, 10, 2, 9, 4, 8, 6, 9, 6, 9, 8, 3, 4, 1, 5, 6, 5, 10, 4, 8, 1]
(0.8941603803075852, 0.8153034300791537, 0.894942540023476, 0.4909431605246713, 0.9042468403466044, 0.8962534247897567, 0.8968519967980684, 0.742990654205607, 0.6378003380261378, 0.8242485990830347)
[7, 2, 6, 4, 7, 9, 8, 3, 8, 5, 5, 4, 10, 2, 5, 6, 1, 3, 8, 5, 10, 3, 10, 10, 5, 5, 10, 7, 1, 9, 6, 6, 10, 5, 4, 10, 9, 9, 5, 6, 7, 4, 10, 6, 9, 4, 8, 6, 9, 6, 9, 8, 3, 4, 1, 5, 6, 5, 10, 4, 8, 1]
(0.894147853460163, 0.8153034300791537, 0.8946050995029511, 0.4909431605246713, 0.9042111665941772, 0.8965547335334124, 0.8968539544381202, 0.742990654205607, 0.6389391527511196, 0.8242485990830347)
[7, 2, 6, 4, 7, 9, 8, 3, 8, 5, 5, 4, 10, 2, 5, 6, 1, 3, 8, 5, 10, 3, 10, 10, 5, 5, 10, 7, 1, 9, 6, 6, 10, 5, 4, 10, 9, 9, 5, 6, 7, 4, 10, 6, 9, 4, 8, 6, 9, 6, 9, 8, 3, 4, 1, 5, 6, 5, 10, 4, 8, 1]
(0.894147853460163, 0.8153034300791537, 0.8946050995029511, 0.4909431605246713, 0.9042111665941772, 0.8965547335334124, 0.8968539544381202, 0.742990654205607, 0.6389391527511196, 0.8242485990830347)
[7, 2, 6, 4, 7, 9, 8, 3, 8, 5, 5, 4, 10, 2, 5, 6, 1, 3, 8, 5, 10, 3, 10, 6, 5, 5, 10, 7, 1, 9, 6, 6, 10, 5, 4, 10, 9, 9, 5, 6, 7, 4, 10, 6, 9, 4, 8, 6, 9, 6, 9, 8, 3, 4, 1, 5, 6, 5, 10, 4, 8, 1]
(0.894147853460163, 0.8153034300791537, 0.8946050995029511, 0.4909431605246713, 0.9042111665941772, 0.8965547335334124, 0.8968409222550692, 0.742990654205607, 0.8242485990830347, 0.8242485990830347)
[7, 2, 6, 4, 7, 9, 8, 3, 8, 5, 5, 4, 10, 2, 5, 6, 1, 3, 8, 5, 10, 3, 10, 6, 5, 5, 10, 7, 1, 9, 6, 6, 10, 5, 4, 10, 9, 9, 5, 6, 7, 4, 10, 6, 9, 4, 8, 6, 9, 6, 9, 8, 3, 4, 1, 5, 6, 5, 10, 4, 8, 1]
(0.894147853460163, 0.8153034300791537, 0.8946050995029511, 0.4909431605246713, 0.9042111665941772, 0.8965547335334124, 0.8968409222550692, 0.742990654205607, 0.8242485990830347, 0.8242485990830347)
