Matsuoka quadruped, body parameters:[1, 10, 8, 7, 6, 2, 2, 6, 9, 9, 5, 10, 2, 1, 10, 1, 7, 10, 1, 5, 9, 9, 3, 9, 6, 9, 9, 9, 10, 6, 8, 1]
{'b': 0.020000000000000004, 'gam': 0.1, 'x0': 0.8, 'c': 3.5, 'a': 1.2}
Inter-module:
[[ 0.  -1.8 -1.  -0.4]
 [-1.8  0.  -0.4 -1.2]
 [-1.  -0.4  0.  -1.8]
 [-0.4 -1.2 -1.8  0. ]]
Intra-module:
[[ 0.  -0.2 -1.8]
 [-1.2  0.   1.4]
 [ 1.4 -1.   0. ]]
Bias:[2.  1.2 1.1]
Drive coeff:[ 0.9 -0.9  0.3]
gen	evals	std                               	min       	avg                               	max                               
0  	92   	[0.02838121 0.03846466 0.00944356]	[0. 0. 0.]	[0.00615058 0.01122296 0.00139024]	[0.21699504 0.19205931 0.07402594]
1  	92   	[0.02976484 0.04443352 0.01336826]	[0. 0. 0.]	[0.00758825 0.0161084  0.00239752]	[0.21699504 0.19205931 0.09267001]
2  	92   	[0.03580868 0.04971831 0.03799719]	[0. 0. 0.]	[0.0126513  0.02395722 0.00744953]	[0.21699504 0.19205931 0.33558284]
3  	92   	[0.03977733 0.08479216 0.04757685]	[0. 0. 0.]	[0.01851482 0.04616875 0.0153144 ]	[0.21699504 0.56655439 0.33558284]
4  	92   	[0.04760037 0.08948608 0.06557529]	[0. 0. 0.]	[0.02835725 0.06780327 0.03345127]	[0.2246463  0.56655439 0.34545606]
5  	92   	[0.05196219 0.10559131 0.11008543]	[0. 0. 0.]	[0.05020336 0.10371222 0.0667483 ]	[0.2246463  0.56655439 0.87047599]
6  	92   	[0.0546659  0.12052408 0.11197628]	[0. 0. 0.]	[0.07750759 0.14395572 0.10997116]	[0.29064517 0.59487878 0.87047599]
7  	92   	[0.06133766 0.1379245  0.17683701]	[0. 0. 0.]	[0.09908161 0.19312391 0.15567516]	[0.29064517 0.59552319 0.89332494]
8  	92   	[0.05955167 0.16265024 0.17885729]	[0. 0. 0.]	[0.11897891 0.22039959 0.19119408]	[0.29064517 0.87669358 0.89332494]
9  	92   	[0.09067985 0.17091527 0.19134034]	[0. 0. 0.]	[0.14145279 0.26025383 0.23410292]	[0.73448386 0.87669358 0.89332494]
10 	92   	[0.10404144 0.19789167 0.21867273]	[0. 0. 0.]	[0.16395277 0.29594676 0.26096584]	[0.73448386 1.02547243 0.90057995]
11 	92   	[0.09904452 0.19233275 0.22516498]	[0. 0. 0.]	[0.17539929 0.33640622 0.28731149]	[0.73448386 1.02547243 0.90057995]
12 	92   	[0.10061642 0.19040907 0.2654444 ]	[0. 0. 0.]	[0.18047013 0.37822469 0.35548818]	[0.73448386 1.02547243 0.90057995]
13 	92   	[0.12395069 0.19354916 0.28584035]	[0. 0. 0.]	[0.20143016 0.39388942 0.4012519 ]	[0.73448386 1.02547243 0.90279571]
14 	92   	[0.14465598 0.19272307 0.29697732]	[0. 0. 0.]	[0.21110344 0.41612394 0.43854628]	[0.73448386 1.02547243 0.90279571]
15 	92   	[0.15370728 0.20081938 0.29541829]	[0. 0. 0.]	[0.23293892 0.40035738 0.44893362]	[0.73448386 1.02547243 0.90279571]
16 	92   	[0.16225005 0.2223911  0.3083823 ]	[0. 0. 0.]	[0.24441192 0.39893323 0.50180697]	[0.73448386 1.02547243 0.90951219]
17 	92   	[0.17530375 0.22526294 0.30873989]	[0.08897027 0.         0.        ]	[0.26019498 0.43087248 0.53010934]	[0.73448386 1.02547243 0.90951219]
18 	92   	[0.18644514 0.23301567 0.31923457]	[0.08897027 0.         0.        ]	[0.29290645 0.42708972 0.52046698]	[0.73448386 1.04497768 0.91195998]
19 	92   	[0.19781756 0.23834003 0.32793038]	[0.08897027 0.         0.        ]	[0.31882315 0.41820091 0.55322121]	[0.73448386 1.04497768 0.92226721]
20 	92   	[0.20318878 0.26931213 0.3434658 ]	[0.08897027 0.         0.        ]	[0.3384348  0.42493915 0.52810928]	[0.74480067 1.04497768 0.92226721]
21 	92   	[0.21311953 0.28166213 0.32970254]	[0.08897027 0.         0.        ]	[0.34968755 0.43402899 0.57199123]	[0.74480067 1.06969017 0.92226721]
22 	92   	[0.22851341 0.29005535 0.31273582]	[0.08897027 0.         0.        ]	[0.36304178 0.45813187 0.60639296]	[0.74480067 1.09390917 0.92226721]
23 	92   	[0.23830008 0.28129568 0.29252815]	[0.09898132 0.         0.        ]	[0.37559561 0.46847366 0.65920066]	[0.75063319 1.09390917 0.92269765]
24 	92   	[0.24130046 0.27795288 0.26907987]	[0.09898132 0.         0.        ]	[0.38980558 0.44817991 0.68999867]	[0.75131523 1.09390917 0.92269765]
25 	92   	[0.24521768 0.29704937 0.27153215]	[0.09898132 0.         0.        ]	[0.41843391 0.45573841 0.70646891]	[0.75131523 1.09390917 0.92355794]
26 	92   	[0.25488129 0.29656071 0.25082617]	[0.09898132 0.         0.        ]	[0.42978639 0.48484974 0.74824355]	[0.75131523 1.09390917 0.92355794]
27 	92   	[0.25040616 0.28319484 0.26688542]	[0.09898132 0.         0.        ]	[0.40644871 0.54559544 0.72279564]	[0.76588714 1.09390917 0.92355794]
28 	92   	[0.25640052 0.28447599 0.29574899]	[0.09898132 0.         0.        ]	[0.42192085 0.57324242 0.67812201]	[0.76588714 1.09390917 0.92355794]
29 	92   	[0.25936261 0.27315    0.27109958]	[0.09898132 0.         0.        ]	[0.43984472 0.57251058 0.71402746]	[0.76588714 1.09390917 0.92355794]
30 	92   	[0.26475364 0.28342132 0.24079418]	[0.09898132 0.         0.        ]	[0.46814583 0.56685334 0.75462917]	[0.7662923  1.09390917 0.92355794]
31 	92   	[0.26313202 0.2867724  0.22347708]	[0.09898132 0.         0.        ]	[0.49862479 0.56132273 0.76167565]	[0.7662923  1.09390917 0.92355794]
32 	92   	[0.26486068 0.30157854 0.22909969]	[0.09422778 0.         0.        ]	[0.51304582 0.58492746 0.75000246]	[0.7662923  1.10685775 0.92538064]
33 	92   	[0.26470893 0.30329362 0.25813636]	[0.09422778 0.         0.        ]	[0.50760526 0.61856606 0.71419646]	[0.7662923  1.10685775 0.92538064]
34 	92   	[0.26014101 0.32872749 0.26824282]	[0.09422778 0.         0.        ]	[0.53294462 0.60602931 0.69449903]	[0.7719464  1.10685775 0.92538064]
35 	92   	[0.25648381 0.34435424 0.27927523]	[0.09422778 0.         0.        ]	[0.5453023  0.60775027 0.68012496]	[0.7719464  1.10685775 0.92538064]
36 	92   	[0.25546207 0.29840993 0.28074314]	[0.09422778 0.         0.        ]	[0.54210368 0.65251723 0.68780614]	[0.7719464  1.10685775 0.92538064]
37 	92   	[0.25576754 0.30724234 0.28092058]	[0.09422778 0.         0.        ]	[0.56010189 0.65526468 0.71405982]	[0.7719464  1.10685775 0.92538064]
38 	92   	[0.25829775 0.29527128 0.28239256]	[0.08644471 0.         0.        ]	[0.55519732 0.69613315 0.70784198]	[0.7719464  1.10685775 0.92538064]
39 	92   	[0.2522624  0.30316037 0.29084017]	[0.08002663 0.         0.        ]	[0.5690843  0.7105667  0.70031574]	[0.7719464  1.10685775 0.92538064]
40 	92   	[0.24061851 0.30399225 0.28655975]	[0.09155717 0.         0.        ]	[0.59565226 0.70382265 0.72649872]	[0.7719464  1.10685775 0.92538064]
41 	92   	[0.23118386 0.29035673 0.27505689]	[0.09422778 0.         0.        ]	[0.61032065 0.70564175 0.74995094]	[0.7719464  1.10685775 0.92538064]
42 	92   	[0.21364642 0.28641993 0.26124934]	[0.09898132 0.         0.        ]	[0.63213141 0.70497679 0.75745542]	[0.7719464  1.10685775 0.92538064]
43 	92   	[0.21534155 0.28087125 0.25149306]	[0. 0. 0.]                        	[0.63664094 0.72968767 0.762731  ]	[0.7719464  1.10685775 0.92538064]
44 	92   	[0.22062827 0.29196964 0.25231154]	[0. 0. 0.]                        	[0.62780875 0.74706368 0.76738929]	[0.7719464  1.10685775 0.92538064]
45 	92   	[0.20541342 0.29544671 0.26022081]	[0. 0. 0.]                        	[0.65233076 0.7390008  0.75561759]	[0.77336243 1.10685775 0.92538064]
46 	92   	[0.19369188 0.29818533 0.26845599]	[0. 0. 0.]                        	[0.67080193 0.70735017 0.73877461]	[0.77336243 1.10685775 0.92538064]
47 	92   	[0.18354243 0.30807517 0.26267075]	[0.         0.         0.12343502]	[0.67972381 0.70971295 0.74715797]	[0.77336243 1.10685775 0.92538064]
48 	92   	[0.18744523 0.30290252 0.26571941]	[0.         0.25502243 0.12343502]	[0.67718559 0.73408649 0.74790838]	[0.77336243 1.10685775 0.92538064]
49 	92   	[0.18764701 0.29776083 0.27320019]	[0.         0.25502243 0.12343502]	[0.67771519 0.76827814 0.71526266]	[0.77336243 1.10685775 0.92538064]
50 	92   	[0.1865568  0.29769409 0.26327798]	[0.         0.25502243 0.12343502]	[0.67994583 0.76976393 0.72339706]	[0.77336243 1.10685775 0.92538064]
51 	92   	[0.20559631 0.29560046 0.25552173]	[0.         0.2537405  0.12343502]	[0.66476366 0.78556414 0.73345699]	[0.77336243 1.10685775 0.92538064]
52 	92   	[0.21296681 0.30356041 0.25835464]	[0.         0.22424142 0.11772393]	[0.65635278 0.81241348 0.75352609]	[0.77336243 1.10685775 0.92538064]
53 	92   	[0.21872957 0.31450621 0.25263882]	[0.         0.22424142 0.11772393]	[0.65102715 0.79421111 0.76224715]	[0.77336243 1.10685775 0.92538064]
54 	92   	[0.22017051 0.31010503 0.24908029]	[0.         0.25172827 0.11772393]	[0.64519371 0.81499572 0.77026884]	[0.77336243 1.10685775 0.92538064]
55 	92   	[0.21692293 0.30105646 0.26022029]	[0.         0.25172827 0.11772393]	[0.64445383 0.81729912 0.75192477]	[0.77336243 1.10685775 0.92538064]
56 	92   	[0.21573714 0.30066846 0.25879614]	[0.         0.25172827 0.11772393]	[0.65098077 0.8412405  0.75277709]	[0.77336243 1.10685775 0.92538064]
57 	92   	[0.21568064 0.2948309  0.25208335]	[0.         0.25172827 0.11772393]	[0.65100551 0.85791001 0.75995734]	[0.77336243 1.10685775 0.92538064]
58 	92   	[0.19861858 0.30142157 0.25125403]	[0.         0.25172827 0.11772393]	[0.66983004 0.84309008 0.75875014]	[0.77336243 1.10685775 0.92538064]
59 	92   	[0.19995627 0.29156077 0.24672252]	[0.         0.25172827 0.11772393]	[0.66566254 0.85508212 0.76126007]	[0.77336243 1.10685775 0.92538064]
60 	92   	[0.19752145 0.29359801 0.24121373]	[0.         0.25172827 0.11772393]	[0.67055872 0.85020408 0.76703637]	[0.77336243 1.10685775 0.92538064]
61 	92   	[0.19396062 0.29846425 0.22874319]	[0.         0.25172827 0.11772393]	[0.66882599 0.84283044 0.7851736 ]	[0.77336243 1.10685775 0.92538064]
62 	92   	[0.20255065 0.30102572 0.23789004]	[0.         0.25172827 0.11772393]	[0.65917835 0.83910696 0.77796227]	[0.77336243 1.10685775 0.92538064]
63 	92   	[0.20184786 0.28820153 0.25678575]	[0.         0.25172827 0.11772393]	[0.65902041 0.86445539 0.7492296 ]	[0.77336243 1.10685775 0.92538064]
64 	92   	[0.18962736 0.28547206 0.2374548 ]	[0.         0.25172827 0.11772393]	[0.66670667 0.87428044 0.7734818 ]	[0.77336243 1.10685775 0.92538064]
65 	92   	[0.19261963 0.29038556 0.24542598]	[0.         0.25172827 0.11772393]	[0.66293575 0.85704265 0.76152452]	[0.77336243 1.10685775 0.92538064]
66 	92   	[0.18844746 0.27634219 0.25137733]	[0.         0.25172827 0.11772393]	[0.66788255 0.87368973 0.75714493]	[0.77336243 1.10685775 0.92538064]
67 	92   	[0.17218861 0.27682998 0.24714661]	[0.         0.25172827 0.11772393]	[0.68026213 0.87122688 0.76416894]	[0.77336243 1.10685775 0.92538064]
68 	92   	[0.16893947 0.24053179 0.25262449]	[0.         0.25172827 0.11772393]	[0.68175039 0.93338304 0.77539435]	[0.77336243 1.10685775 0.92538064]
69 	92   	[0.18350075 0.24441827 0.25834311]	[0.         0.25172827 0.11772393]	[0.66971842 0.93201038 0.76891944]	[0.77336243 1.10685775 0.92538064]
70 	92   	[0.17997547 0.24313037 0.25579356]	[0.         0.25172827 0.11772393]	[0.67242955 0.9379897  0.77917052]	[0.77336243 1.10685775 0.92538064]
71 	92   	[0.1820965  0.24679637 0.26073653]	[0.         0.25172827 0.11772393]	[0.66868715 0.92908908 0.77113587]	[0.77336243 1.10685775 0.92538064]
72 	92   	[0.17849097 0.24534636 0.25177725]	[0.         0.25172827 0.11772393]	[0.67397528 0.92675262 0.77952292]	[0.77336243 1.10685775 0.92538064]
73 	92   	[0.16875722 0.24554741 0.25151585]	[0.         0.25172827 0.11772393]	[0.68784837 0.94177118 0.77901619]	[0.77336243 1.10685775 0.92538064]
74 	92   	[0.16527854 0.24947362 0.2618454 ]	[0.         0.25172827 0.11772393]	[0.69305722 0.93846206 0.76498756]	[0.77336243 1.10685775 0.92538064]
75 	92   	[0.14873082 0.26033419 0.26145407]	[0.11211839 0.25172827 0.11772393]	[0.7017819  0.92913318 0.76228783]	[0.77469737 1.10685775 0.92538064]
76 	92   	[0.14461395 0.23342087 0.26215636]	[0.11211839 0.25172827 0.11772393]	[0.70717335 0.94660044 0.75668941]	[0.77469737 1.10685775 0.92538064]
77 	92   	[0.14477431 0.23305395 0.25748567]	[0.11211839 0.25172827 0.11772393]	[0.70771025 0.94578023 0.75867751]	[0.77469737 1.10685775 0.92538064]
78 	92   	[0.14443137 0.23648336 0.24309552]	[0.11211839 0.25172827 0.11772393]	[0.7060873  0.94375387 0.77734557]	[0.77469737 1.10685775 0.92538064]
79 	92   	[0.14465942 0.24451852 0.24806264]	[0.11211839 0.25172827 0.11772393]	[0.70686243 0.94054723 0.77026714]	[0.77469737 1.10685775 0.92538064]
80 	92   	[0.14455926 0.24503348 0.24180385]	[0.11211839 0.25172827 0.11772393]	[0.70656875 0.94307265 0.78128654]	[0.77469737 1.10685775 0.92538064]
81 	92   	[0.15047818 0.24978233 0.21913603]	[0.11211839 0.25172827 0.11772393]	[0.70057387 0.93354917 0.80255333]	[0.77469737 1.10685775 0.92538064]
82 	92   	[0.15050609 0.25482829 0.22565302]	[0.11211839 0.25172827 0.11772393]	[0.70050069 0.92620592 0.79620334]	[0.77469737 1.10685775 0.92538064]
83 	92   	[0.15056524 0.25643687 0.22544727]	[0.11211839 0.25172827 0.11772393]	[0.70067594 0.92119624 0.79552691]	[0.77469737 1.10685775 0.92538064]
84 	92   	[0.15720075 0.25086329 0.23047995]	[0.11211839 0.25172827 0.11772393]	[0.69581953 0.9263477  0.80055283]	[0.77469737 1.10685775 0.92538064]
85 	92   	[0.15961695 0.25146521 0.2306986 ]	[0.11211839 0.25172827 0.11772393]	[0.69369928 0.92755267 0.80104991]	[0.77469737 1.10685775 0.92538064]
86 	92   	[0.1503723  0.25624077 0.21941423]	[0.11211839 0.25172827 0.11772393]	[0.69970278 0.92600548 0.80886403]	[0.77573802 1.10685775 0.92538064]
87 	92   	[0.14986131 0.2383242  0.22480392]	[0.11211839 0.1925453  0.11772393]	[0.69830247 0.9516571  0.80950118]	[0.77588453 1.10685775 0.92538064]
88 	92   	[0.14640417 0.23793589 0.20447261]	[0.11211839 0.1925453  0.04217197]	[0.7020416  0.95082605 0.82266346]	[0.77588453 1.10685775 0.92538064]
89 	92   	[0.15645028 0.2292204  0.21183503]	[0.11211839 0.25172827 0.04217197]	[0.69703044 0.95129168 0.81571481]	[0.77588453 1.10685775 0.92538064]
90 	92   	[0.14509951 0.21982638 0.2117503 ]	[0.18058953 0.25172827 0.04217197]	[0.69983352 0.96672894 0.81552388]	[0.77588453 1.10685775 0.92538064]
91 	92   	[0.15195745 0.20970691 0.20445577]	[0.18058953 0.25172827 0.04217197]	[0.69612893 0.97095147 0.8228868 ]	[0.77588453 1.10685775 0.92538064]
92 	92   	[0.15219507 0.20936848 0.19526318]	[0.18058953 0.25172827 0.04217197]	[0.69691445 0.96826029 0.82957565]	[0.77588453 1.10685775 0.92538064]
93 	92   	[0.15015367 0.21555075 0.21859346]	[0.18058953 0.25172827 0.04217197]	[0.6973275  0.96171522 0.81141675]	[0.77588453 1.10685775 0.92538064]
94 	92   	[0.14994167 0.21426582 0.21148586]	[0.18058953 0.25172827 0.04217197]	[0.69663395 0.96630418 0.81806506]	[0.77588453 1.10685775 0.92538064]
95 	92   	[0.14584722 0.21840095 0.23160821]	[0.18058953 0.25172827 0.04217197]	[0.70268665 0.96560674 0.79875823]	[0.77588453 1.10685775 0.92538064]
96 	92   	[0.17026115 0.21853937 0.23430675]	[0.08727126 0.25172827 0.04217197]	[0.6858908  0.96583877 0.79655749]	[0.77588453 1.10685775 0.92538064]
97 	92   	[0.17027456 0.22033298 0.24007344]	[0.08727126 0.25172827 0.04217197]	[0.68591081 0.96247196 0.78976056]	[0.77588453 1.10685775 0.92538064]
98 	92   	[0.16454577 0.21855826 0.22792083]	[0.08727126 0.25172827 0.04217197]	[0.6910604  0.96598283 0.80344465]	[0.77588453 1.10685775 0.92538064]
99 	92   	[0.1376809  0.21232378 0.2065769 ]	[0.18058953 0.25172827 0.04217197]	[0.70817331 0.97052455 0.82423738]	[0.77588453 1.10685775 0.92538064]
100	92   	[0.13987562 0.2079319  0.2014885 ]	[0.18058953 0.25172827 0.04217197]	[0.70632149 0.97011298 0.82522848]	[0.77588453 1.10685775 0.92538064]
101	92   	[0.13779338 0.21311665 0.20586921]	[0.18058953 0.25172827 0.04217197]	[0.70872093 0.96320554 0.81727342]	[0.77588453 1.10685775 0.92538064]
102	92   	[0.13790967 0.22481057 0.20593516]	[0.18058953 0.25172827 0.04217197]	[0.70913996 0.95447366 0.81743456]	[0.77588453 1.10685775 0.92538064]
103	92   	[0.13793511 0.22789388 0.20597789]	[0.18058953 0.25172827 0.04217197]	[0.7092416  0.95303061 0.81737294]	[0.77588453 1.10685775 0.92538064]
104	92   	[0.15862142 0.23526234 0.21501363]	[0.11814961 0.25172827 0.04217197]	[0.69755414 0.94954291 0.81315981]	[0.77588453 1.10685775 0.92798376]
105	92   	[0.15870691 0.23497964 0.22198925]	[0.11814961 0.25172827 0.04217197]	[0.69780041 0.94979496 0.8063805 ]	[0.77588453 1.10685775 0.92798376]
106	92   	[0.15876597 0.23489857 0.22192282]	[0.11814961 0.25172827 0.04217197]	[0.69797804 0.9496349  0.80477277]	[0.77588453 1.10685775 0.92798376]
107	92   	[0.15861843 0.229086   0.21496376]	[0.11814961 0.25172827 0.04217197]	[0.69759672 0.95710671 0.8114626 ]	[0.77588453 1.10685775 0.92798376]
108	92   	[0.16147082 0.2375025  0.22199502]	[0.11814961 0.25172827 0.04217197]	[0.69330054 0.94749537 0.80490946]	[0.77588453 1.10685775 0.92798376]
109	92   	[0.16319971 0.23152972 0.2151315 ]	[0.11814961 0.25172827 0.04217197]	[0.69240818 0.95431025 0.81182808]	[0.77588453 1.10685775 0.92798376]
110	92   	[0.16308936 0.22274289 0.20762882]	[0.11814961 0.25172827 0.04217197]	[0.69206133 0.95993254 0.81954773]	[0.77588453 1.10685775 0.92798376]
111	92   	[0.17243396 0.21897135 0.215004  ]	[0.11814961 0.25172827 0.04217197]	[0.68502135 0.96584203 0.81644546]	[0.77588453 1.10685775 0.92798376]
112	92   	[0.15539625 0.2299331  0.19854873]	[0.18058953 0.25172827 0.04217197]	[0.69487691 0.95474499 0.82486136]	[0.77588453 1.10685775 0.92798376]
113	92   	[0.1557341  0.24208656 0.21241519]	[0.18058953 0.25172827 0.04217197]	[0.69574509 0.93861542 0.80883582]	[0.77588453 1.10685775 0.92798376]
114	92   	[0.15552506 0.24131344 0.21448097]	[0.18058953 0.25172827 0.04217197]	[0.69520269 0.94617837 0.81211676]	[0.77588453 1.10685775 0.92798376]
115	92   	[0.15549661 0.23804052 0.21168073]	[0.18058953 0.25172827 0.04217197]	[0.69514253 0.94793155 0.81687436]	[0.77588453 1.10685775 0.92798376]
116	92   	[0.15540057 0.23758798 0.19571693]	[0.18058953 0.25172827 0.04217197]	[0.694903   0.95137137 0.83042784]	[0.77588453 1.10685775 0.92798376]
117	92   	[0.15547849 0.23761292 0.1947024 ]	[0.18058953 0.25172827 0.04217197]	[0.69510649 0.95140416 0.83080253]	[0.77588453 1.10685775 0.92798376]
118	92   	[0.15560284 0.23741297 0.19472027]	[0.18058953 0.25172827 0.04217197]	[0.69573274 0.95096999 0.83084589]	[0.77588453 1.10685775 0.92798376]
119	92   	[0.15325764 0.23982308 0.200042  ]	[0.18058953 0.25172827 0.04217197]	[0.69613382 0.94734352 0.82317004]	[0.77588453 1.10685775 0.92798376]
120	92   	[0.15326514 0.23982617 0.20007184]	[0.18058953 0.25172827 0.04217197]	[0.69615143 0.9473515  0.82325132]	[0.77588453 1.10685775 0.92798376]
121	92   	[0.15315572 0.24211021 0.20016101]	[0.18058953 0.25172827 0.04217197]	[0.69571895 0.94345075 0.8234358 ]	[0.77588453 1.10685775 0.92798376]
122	92   	[0.14461054 0.24088703 0.20758765]	[0.18058953 0.25172827 0.04217197]	[0.70207292 0.9415472  0.81617871]	[0.77588453 1.10685775 0.92798376]
123	92   	[0.132559   0.23663337 0.20684105]	[0.18058953 0.25172827 0.04217197]	[0.7103698  0.94343272 0.81703772]	[0.77588453 1.10685775 0.92798376]
124	92   	[0.13265623 0.23888554 0.20685053]	[0.18058953 0.25172827 0.04217197]	[0.71069941 0.93810654 0.81705841]	[0.77588453 1.10685775 0.92798376]
125	92   	[0.1359405  0.25698166 0.221581  ]	[0.18058953 0.         0.04217197]	[0.71383919 0.92577172 0.81137421]	[0.77588453 1.10685775 0.92798376]
126	92   	[0.14269928 0.24746639 0.22070752]	[0.18058953 0.         0.04217197]	[0.71285177 0.94310839 0.81135233]	[0.77588453 1.10685775 0.92798376]
127	92   	[0.13149711 0.24932981 0.22550673]	[0.18058953 0.         0.04217197]	[0.71941779 0.9366126  0.80838259]	[0.77588453 1.10685775 0.92798376]
128	92   	[0.13132757 0.24704359 0.20303735]	[0.18058953 0.         0.04217197]	[0.71885419 0.94222879 0.82934165]	[0.77588453 1.10685775 0.92798376]
129	92   	[0.13139219 0.24524065 0.21389064]	[0.18058953 0.         0.04217197]	[0.71933484 0.94701397 0.82113449]	[0.77588453 1.10685775 0.92798376]
130	92   	[0.13127125 0.23864863 0.20141167]	[0.18058953 0.         0.04217197]	[0.7187003  0.94963109 0.82999074]	[0.77588453 1.10685775 0.92798376]
131	92   	[0.13136556 0.24386252 0.2114554 ]	[0.18058953 0.         0.04217197]	[0.71892274 0.93945833 0.8220381 ]	[0.77588453 1.10685775 0.92798376]
132	92   	[0.11870665 0.24859603 0.1980402 ]	[0.18058953 0.         0.04217197]	[0.72542988 0.94185698 0.83100058]	[0.77588453 1.10685775 0.92798376]
133	92   	[0.11867021 0.24871964 0.19555646]	[0.18058953 0.         0.04217197]	[0.72500109 0.94207176 0.83527191]	[0.77588453 1.10685775 0.92798376]
134	92   	[0.13121919 0.24679264 0.167589  ]	[0.18058953 0.         0.04217197]	[0.71824067 0.94858746 0.85252452]	[0.77597616 1.10685775 0.92798376]
135	92   	[0.13121919 0.24679264 0.167589  ]	[0.18058953 0.         0.04217197]	[0.71824067 0.94858746 0.85252452]	[0.77597616 1.10685775 0.92798376]
136	92   	[0.13123156 0.2467903  0.17092612]	[0.18058953 0.         0.04217197]	[0.7182876  0.9485829  0.84828912]	[0.77597616 1.10685775 0.92798376]
137	92   	[0.13143272 0.24512781 0.18738245]	[0.18058953 0.         0.04217197]	[0.71918961 0.9498521  0.83839258]	[0.77597616 1.10685775 0.92798376]
138	92   	[0.13136179 0.24720853 0.1875146 ]	[0.18058953 0.         0.04217197]	[0.7188671  0.94569942 0.83875505]	[0.77597616 1.10685775 0.92798376]
139	92   	[0.13133569 0.24729706 0.18763077]	[0.18058953 0.         0.04217197]	[0.71873456 0.94586966 0.83911021]	[0.77597616 1.10685775 0.92798376]
140	92   	[0.13136905 0.24489321 0.16818285]	[0.18058953 0.         0.04217197]	[0.71915739 0.95228937 0.85013187]	[0.77597616 1.10685775 0.92798376]
141	92   	[0.11862896 0.24020588 0.16822182]	[0.18058953 0.         0.04217197]	[0.72498605 0.9504188  0.85022733]	[0.77597616 1.10685775 0.92798376]
142	92   	[0.13133946 0.23615727 0.16479886]	[0.18058953 0.         0.04217197]	[0.71885221 0.95288642 0.85451352]	[0.77597616 1.10685775 0.92798376]
143	92   	[0.13128091 0.23709973 0.16485281]	[0.18058953 0.         0.04217197]	[0.71856672 0.95009387 0.85465676]	[0.77597616 1.10685775 0.92798376]
144	92   	[0.13139425 0.24459763 0.16475751]	[0.18058953 0.         0.04217197]	[0.71918156 0.94630668 0.85439292]	[0.77597616 1.10685775 0.92798376]
145	92   	[0.13132292 0.24342311 0.16482201]	[0.18058953 0.         0.04217197]	[0.71895805 0.95054233 0.8546193 ]	[0.77597616 1.10685775 0.92798376]
146	92   	[0.13136631 0.24807402 0.16489685]	[0.18058953 0.         0.04217197]	[0.71896679 0.94031536 0.85481919]	[0.77597616 1.10685775 0.92798376]
147	92   	[0.11871871 0.24766264 0.16481179]	[0.18058953 0.         0.04217197]	[0.72493479 0.93932229 0.85449261]	[0.77597616 1.10685775 0.92798376]
148	92   	[0.1187495  0.25637382 0.16614545]	[0.18058953 0.         0.25331842]	[0.72495034 0.93104571 0.85013784]	[0.77597616 1.10685775 0.92798376]
149	92   	[0.1314307  0.25644347 0.16616391]	[0.18058953 0.         0.25331842]	[0.71871262 0.93114326 0.85018604]	[0.77597616 1.10685775 0.92798376]
[9, 1, 8, 1, 3, 9, 4, 10, 5, 6, 9, 2, 5, 9, 9, 7, 8, 2, 9, 2, 7, 3, 3, 7, 8, 9, 8, 6, 7, 5, 5, 8, 7, 5, 3, 7, 8, 8, 5, 2, 1, 4, 9, 3, 6, 8, 7, 7, 10, 8, 8, 9, 4, 4, 3, 4, 4, 5, 3, 5, 4, 8]
(0.7747958987917438, 0.2893974504611894, 0.27053974751003323)
[9, 1, 8, 1, 7, 9, 5, 5, 10, 6, 7, 2, 8, 4, 9, 7, 8, 7, 6, 2, 7, 5, 3, 10, 8, 9, 2, 6, 7, 10, 9, 8, 10, 9, 3, 9, 10, 9, 6, 8, 4, 4, 9, 1, 6, 8, 9, 7, 6, 7, 8, 9, 9, 7, 5, 3, 1, 4, 3, 3, 6, 10]
(0.7117621987851919, 0.0, 0.9268398558939898)
[9, 1, 8, 1, 7, 9, 5, 5, 10, 6, 8, 2, 8, 4, 9, 7, 8, 7, 5, 2, 7, 5, 3, 10, 8, 9, 2, 6, 7, 10, 9, 8, 5, 9, 3, 9, 8, 9, 4, 6, 4, 4, 9, 2, 9, 8, 7, 7, 6, 8, 8, 9, 9, 7, 5, 1, 1, 4, 3, 3, 10, 10]
(0.18199709557377694, 0.6205190188905347, 0.9242844913917436)
[9, 1, 8, 1, 3, 9, 4, 10, 5, 6, 9, 2, 5, 9, 9, 7, 8, 2, 9, 2, 7, 3, 3, 7, 8, 9, 8, 6, 7, 5, 5, 8, 7, 5, 3, 7, 8, 8, 5, 2, 1, 4, 9, 1, 6, 8, 7, 7, 10, 8, 8, 9, 4, 4, 3, 4, 4, 5, 3, 5, 4, 8]
(0.7759761618023161, 0.26297985619290676, 0.7422321848846424)
[9, 1, 8, 1, 3, 9, 4, 10, 5, 6, 7, 2, 5, 9, 9, 7, 8, 2, 9, 2, 7, 3, 3, 7, 8, 9, 8, 6, 7, 5, 5, 8, 7, 5, 3, 7, 8, 8, 5, 2, 9, 4, 9, 1, 6, 8, 7, 7, 10, 8, 8, 9, 4, 4, 3, 4, 4, 5, 3, 5, 4, 8]
(0.7695632595419246, 0.25172826893865446, 0.9089294568176066)
[9, 1, 8, 1, 3, 9, 4, 10, 5, 6, 9, 2, 5, 9, 9, 7, 8, 2, 9, 2, 7, 3, 3, 7, 8, 9, 8, 6, 7, 5, 5, 8, 7, 5, 3, 7, 8, 8, 5, 2, 9, 4, 9, 1, 6, 8, 7, 7, 10, 8, 8, 9, 4, 4, 3, 4, 4, 5, 3, 5, 4, 8]
(0.7675526753675239, 0.2637889610207143, 0.9081211641972233)
[9, 1, 8, 1, 3, 9, 4, 10, 5, 6, 7, 2, 5, 9, 9, 7, 8, 2, 9, 2, 7, 3, 3, 7, 8, 9, 8, 6, 7, 5, 5, 8, 7, 5, 3, 7, 8, 8, 5, 2, 9, 4, 9, 1, 6, 8, 7, 7, 10, 8, 8, 9, 4, 4, 3, 4, 4, 5, 3, 5, 4, 8]
(0.7699025816470081, 0.2899995040188112, 0.907628263791202)
[9, 3, 8, 1, 3, 9, 5, 10, 5, 5, 7, 2, 7, 9, 9, 7, 8, 2, 9, 2, 7, 3, 3, 7, 8, 9, 8, 6, 7, 3, 10, 4, 7, 10, 3, 7, 8, 8, 5, 2, 9, 4, 3, 1, 6, 8, 9, 7, 10, 6, 8, 9, 4, 4, 3, 4, 4, 5, 3, 5, 4, 8]
(0.7733551591645379, 0.9570229692384592, 0.2779255064744284)
[9, 1, 8, 1, 3, 9, 5, 10, 5, 6, 7, 2, 5, 9, 9, 7, 8, 2, 9, 2, 7, 3, 3, 7, 8, 9, 6, 6, 7, 5, 5, 8, 7, 9, 3, 7, 8, 8, 5, 2, 4, 4, 9, 1, 6, 8, 7, 7, 10, 3, 8, 9, 4, 4, 3, 4, 4, 5, 3, 5, 4, 8]
(0.7658871410743444, 0.33502710126736296, 0.9119205907281557)
[10, 9, 8, 1, 3, 9, 5, 10, 5, 6, 7, 4, 5, 9, 9, 7, 8, 2, 9, 2, 7, 3, 3, 9, 9, 9, 6, 6, 7, 5, 5, 8, 7, 7, 8, 7, 3, 8, 4, 2, 4, 4, 9, 2, 6, 8, 7, 7, 10, 3, 8, 9, 4, 4, 3, 4, 3, 5, 3, 5, 4, 8]
(0.7737282066401907, 1.0209732959046947, 0.2796033176181743)
[9, 3, 8, 1, 3, 9, 5, 10, 5, 5, 7, 2, 7, 9, 9, 7, 8, 2, 9, 2, 7, 3, 3, 7, 8, 9, 8, 6, 7, 3, 10, 4, 7, 10, 3, 7, 8, 8, 5, 2, 9, 4, 3, 1, 6, 8, 9, 7, 10, 6, 8, 9, 4, 4, 3, 4, 4, 5, 3, 5, 4, 8]
(0.7709455771922938, 1.0426343915984029, 0.2776001305473101)
[9, 1, 8, 1, 7, 9, 5, 7, 10, 6, 7, 2, 7, 9, 9, 7, 5, 9, 1, 2, 7, 7, 4, 7, 8, 9, 4, 1, 8, 3, 7, 8, 7, 6, 6, 7, 8, 4, 4, 8, 4, 4, 6, 1, 6, 8, 9, 8, 6, 8, 8, 9, 9, 7, 5, 3, 1, 4, 2, 3, 6, 10]
(0.7550592895271542, 1.0829119393602011, 0.2533184178756527)
[7, 5, 8, 6, 6, 9, 4, 10, 10, 6, 3, 3, 8, 7, 4, 5, 9, 7, 5, 2, 7, 5, 3, 10, 8, 9, 6, 6, 7, 10, 10, 7, 7, 5, 5, 1, 10, 9, 4, 6, 4, 3, 7, 4, 3, 3, 5, 1, 6, 8, 8, 9, 9, 7, 5, 1, 1, 4, 3, 4, 6, 9]
(0.1819469435138784, 1.10685774628073, 0.8709752237603416)
[9, 1, 8, 1, 7, 9, 1, 5, 10, 6, 8, 2, 8, 4, 9, 7, 8, 7, 5, 2, 7, 5, 3, 10, 8, 9, 2, 6, 7, 10, 9, 8, 5, 9, 3, 9, 8, 9, 4, 6, 10, 6, 2, 1, 6, 5, 9, 7, 6, 8, 8, 9, 9, 7, 5, 1, 1, 4, 3, 3, 10, 10]
(0.18058953268130465, 1.0927473029121757, 0.916056299062844)
[9, 1, 8, 1, 7, 9, 1, 5, 10, 6, 8, 2, 8, 4, 9, 7, 8, 7, 5, 2, 7, 5, 3, 10, 8, 9, 2, 6, 7, 10, 9, 8, 5, 9, 3, 9, 8, 9, 4, 6, 10, 6, 2, 1, 6, 5, 9, 7, 6, 8, 8, 9, 9, 7, 5, 1, 1, 4, 3, 3, 10, 10]
(0.18058953268130465, 1.0927473029121757, 0.916056299062844)
[9, 1, 8, 1, 7, 9, 1, 5, 10, 6, 8, 2, 8, 4, 9, 7, 8, 7, 5, 2, 7, 5, 3, 10, 8, 9, 2, 6, 7, 10, 9, 8, 5, 9, 3, 9, 8, 9, 4, 6, 10, 6, 2, 1, 6, 5, 9, 7, 6, 8, 8, 9, 9, 7, 5, 1, 1, 4, 3, 3, 10, 10]
(0.18058953268130465, 1.0927473029121757, 0.916056299062844)
[6, 6, 4, 10, 4, 10, 8, 5, 10, 8, 2, 9, 5, 8, 9, 2, 6, 1, 9, 4, 5, 7, 3, 9, 10, 6, 5, 10, 7, 10, 10, 7, 7, 5, 5, 1, 10, 9, 4, 6, 7, 3, 9, 4, 3, 3, 3, 1, 6, 8, 8, 9, 4, 4, 3, 4, 4, 5, 3, 5, 4, 7]
(0.7409572743381038, 1.0958955256268383, 0.39418821778041346)
[9, 1, 8, 1, 3, 9, 5, 10, 5, 6, 7, 4, 5, 9, 9, 8, 8, 2, 9, 2, 7, 3, 5, 7, 8, 5, 6, 7, 7, 5, 5, 8, 10, 9, 8, 5, 8, 8, 4, 6, 4, 9, 9, 1, 6, 5, 7, 8, 10, 3, 8, 9, 7, 4, 2, 4, 4, 5, 3, 5, 4, 8]
(0.7597992230568482, 0.5670070091262427, 0.9174013597494997)
[9, 3, 8, 1, 3, 9, 5, 10, 5, 5, 7, 2, 7, 9, 9, 7, 8, 2, 9, 2, 7, 3, 3, 7, 8, 9, 8, 6, 6, 3, 10, 2, 7, 10, 3, 7, 6, 8, 5, 2, 9, 4, 10, 1, 6, 8, 9, 7, 6, 6, 8, 9, 4, 4, 3, 4, 4, 5, 3, 5, 4, 8]
(0.7669639073362747, 0.5852380114310278, 0.9092808319664402)
[9, 1, 8, 1, 7, 9, 5, 5, 10, 6, 7, 2, 8, 4, 9, 7, 8, 7, 6, 2, 7, 5, 3, 10, 8, 9, 2, 6, 7, 10, 9, 8, 10, 9, 3, 9, 10, 9, 4, 6, 4, 4, 9, 1, 6, 8, 9, 7, 6, 8, 8, 9, 9, 7, 5, 3, 1, 4, 3, 3, 6, 10]
(0.7151175695184925, 0.6319446011862545, 0.923856141647276)
[9, 1, 8, 1, 7, 9, 5, 5, 10, 6, 7, 2, 8, 4, 9, 7, 8, 7, 6, 2, 7, 5, 3, 10, 8, 9, 2, 6, 7, 10, 9, 8, 10, 9, 3, 9, 10, 9, 4, 6, 4, 4, 9, 1, 6, 8, 9, 7, 6, 8, 8, 9, 9, 7, 5, 3, 1, 4, 3, 3, 6, 10]
(0.7151175695184925, 0.6319446011862545, 0.923856141647276)
[9, 1, 8, 1, 7, 9, 5, 5, 10, 6, 7, 2, 8, 4, 9, 7, 8, 7, 6, 2, 7, 5, 3, 10, 8, 9, 2, 6, 7, 10, 9, 8, 10, 9, 3, 9, 10, 9, 4, 6, 4, 4, 9, 1, 6, 8, 9, 7, 6, 8, 8, 9, 9, 7, 5, 3, 1, 4, 3, 3, 6, 10]
(0.7151175695184925, 0.6319446011862545, 0.923856141647276)
[9, 1, 8, 1, 3, 9, 5, 10, 5, 6, 7, 4, 5, 9, 9, 7, 8, 2, 9, 2, 7, 3, 3, 7, 8, 9, 6, 6, 7, 5, 5, 8, 7, 7, 8, 7, 8, 8, 4, 2, 4, 3, 9, 1, 6, 8, 7, 3, 10, 3, 8, 9, 7, 4, 3, 4, 4, 5, 3, 5, 4, 6]
(0.7648132143527322, 0.5952291842272622, 0.912807609963983)
[9, 1, 8, 1, 3, 9, 4, 10, 5, 6, 9, 2, 5, 9, 9, 7, 8, 2, 9, 2, 7, 3, 3, 7, 8, 9, 8, 6, 7, 5, 5, 8, 7, 5, 3, 7, 8, 8, 5, 2, 4, 4, 9, 1, 6, 8, 7, 7, 10, 3, 8, 9, 4, 4, 3, 4, 4, 5, 3, 5, 4, 8]
(0.7758845349041836, 0.5920367883518282, 0.9053352298771928)
[9, 1, 8, 1, 7, 9, 5, 5, 10, 6, 7, 2, 6, 4, 9, 7, 8, 7, 6, 2, 7, 5, 3, 10, 8, 9, 2, 6, 7, 10, 9, 8, 10, 9, 3, 9, 10, 9, 6, 8, 4, 4, 9, 1, 6, 8, 9, 7, 9, 8, 8, 9, 9, 7, 5, 3, 1, 4, 3, 3, 6, 10]
(0.7448924920352799, 0.6217312558811716, 0.9258724863048822)
[9, 1, 8, 1, 3, 9, 5, 10, 5, 6, 7, 2, 8, 9, 9, 7, 8, 2, 9, 2, 7, 6, 3, 7, 8, 3, 6, 6, 7, 5, 7, 8, 7, 9, 3, 7, 8, 9, 4, 6, 10, 4, 9, 1, 6, 6, 5, 7, 10, 3, 8, 9, 7, 4, 2, 4, 4, 5, 3, 5, 4, 8]
(0.7560659904344672, 0.6196836060864181, 0.9197704750600901)
[9, 1, 8, 1, 7, 9, 5, 7, 10, 6, 7, 2, 7, 8, 9, 7, 6, 9, 1, 2, 7, 7, 4, 7, 8, 9, 4, 1, 8, 6, 4, 2, 7, 6, 4, 7, 10, 4, 4, 6, 9, 1, 2, 1, 6, 8, 9, 7, 6, 8, 8, 9, 9, 7, 5, 3, 1, 4, 2, 3, 6, 10]
(0.755901952295264, 0.622907925496235, 0.9173177144912319)
[9, 1, 8, 1, 3, 9, 5, 10, 5, 6, 7, 4, 5, 9, 9, 7, 8, 2, 9, 2, 7, 3, 3, 7, 8, 9, 6, 6, 7, 5, 5, 8, 7, 7, 8, 7, 8, 8, 4, 2, 4, 3, 9, 1, 8, 8, 7, 3, 10, 3, 8, 9, 7, 5, 3, 4, 4, 5, 3, 5, 4, 6]
(0.7640728330069159, 0.621483572354501, 0.9136503916545633)
[1, 1, 8, 1, 7, 9, 5, 5, 10, 6, 7, 2, 3, 9, 9, 7, 2, 9, 1, 2, 7, 6, 3, 7, 8, 9, 6, 6, 7, 5, 5, 8, 7, 5, 3, 7, 9, 8, 5, 2, 4, 4, 9, 10, 6, 8, 9, 7, 6, 8, 8, 9, 9, 7, 5, 3, 1, 4, 3, 3, 6, 10]
(0.7386522361966044, 1.0987900303676728, 0.46402020585599907)
[9, 1, 8, 1, 7, 9, 5, 5, 10, 6, 8, 2, 8, 5, 9, 7, 5, 7, 6, 2, 7, 5, 3, 10, 8, 9, 2, 6, 7, 10, 9, 8, 10, 2, 3, 9, 10, 9, 6, 8, 4, 4, 9, 1, 6, 8, 9, 7, 6, 7, 8, 9, 9, 7, 5, 3, 1, 4, 3, 3, 6, 10]
(0.7541428803852336, 0.6231613873999491, 0.9251173501692543)
[1, 1, 8, 1, 7, 9, 5, 5, 10, 6, 7, 2, 8, 9, 9, 7, 2, 9, 1, 2, 7, 6, 3, 7, 8, 9, 6, 6, 7, 5, 4, 7, 7, 9, 3, 7, 8, 9, 4, 6, 10, 4, 9, 1, 6, 8, 9, 7, 6, 8, 8, 9, 9, 7, 5, 3, 1, 4, 3, 3, 6, 10]
(0.7550242254167705, 1.0751822905614972, 0.5222184631213354)
[7, 1, 8, 1, 7, 9, 1, 10, 10, 6, 7, 2, 8, 9, 9, 7, 2, 9, 1, 2, 7, 6, 3, 7, 8, 9, 6, 6, 7, 5, 4, 7, 7, 9, 3, 7, 8, 9, 4, 6, 10, 4, 9, 1, 6, 8, 9, 7, 6, 8, 8, 9, 9, 7, 5, 3, 1, 4, 3, 3, 6, 10]
(0.7422145499281502, 1.0918063180521131, 0.6005236764199289)
[9, 1, 8, 1, 3, 9, 4, 10, 5, 6, 9, 2, 5, 9, 9, 7, 8, 2, 9, 2, 7, 3, 3, 7, 8, 9, 8, 6, 7, 5, 5, 8, 7, 5, 3, 7, 8, 8, 5, 2, 4, 4, 9, 1, 6, 8, 7, 7, 10, 3, 8, 9, 4, 4, 3, 4, 4, 5, 3, 5, 4, 8]
(0.7720596114869277, 0.773817106150082, 0.907142874724471)
[9, 1, 1, 1, 7, 10, 5, 7, 10, 6, 7, 2, 7, 9, 9, 7, 5, 9, 1, 2, 7, 7, 4, 7, 8, 9, 4, 1, 8, 3, 7, 8, 7, 6, 4, 7, 8, 4, 4, 8, 4, 4, 9, 1, 6, 8, 9, 7, 6, 8, 8, 9, 9, 7, 5, 3, 1, 4, 2, 3, 6, 10]
(0.7589785644717838, 1.075996478460729, 0.6880030976218287)
[9, 2, 8, 1, 3, 9, 4, 10, 5, 6, 7, 2, 5, 9, 9, 7, 8, 2, 9, 2, 7, 3, 3, 7, 8, 9, 6, 6, 7, 4, 5, 8, 10, 9, 3, 7, 8, 8, 4, 2, 4, 4, 9, 1, 6, 9, 7, 7, 10, 3, 8, 9, 4, 4, 3, 4, 4, 5, 3, 5, 4, 8]
(0.768972840243649, 0.8946180859580618, 0.8961665094501794)
[9, 1, 8, 1, 7, 9, 5, 5, 10, 6, 8, 2, 8, 5, 9, 7, 5, 6, 1, 2, 7, 6, 6, 7, 5, 9, 5, 6, 7, 5, 5, 8, 7, 6, 3, 7, 8, 8, 6, 9, 4, 4, 9, 1, 6, 8, 9, 7, 9, 8, 8, 9, 9, 7, 5, 3, 1, 4, 3, 3, 6, 10]
(0.560360832546884, 1.0744786826893686, 0.9279837561215527)
[9, 1, 8, 1, 7, 9, 5, 7, 9, 6, 7, 2, 9, 9, 9, 7, 2, 4, 1, 2, 2, 6, 3, 7, 8, 9, 2, 6, 7, 5, 5, 8, 7, 9, 3, 7, 5, 8, 6, 8, 4, 4, 9, 2, 6, 8, 9, 7, 6, 7, 8, 9, 9, 7, 5, 3, 1, 3, 3, 3, 6, 10]
(0.7314165569680163, 1.0994358645752074, 0.7413476867238317)
[9, 1, 8, 1, 3, 9, 4, 10, 5, 6, 7, 2, 5, 9, 9, 7, 8, 2, 9, 2, 7, 3, 3, 7, 8, 9, 6, 6, 7, 4, 5, 8, 10, 9, 3, 7, 8, 8, 4, 2, 4, 3, 9, 1, 6, 8, 7, 7, 10, 3, 8, 9, 4, 4, 3, 4, 4, 5, 3, 5, 4, 8]
(0.7709550447314043, 0.9409789303317632, 0.8767742619500889)
[9, 1, 8, 1, 3, 9, 5, 10, 5, 6, 7, 2, 5, 8, 9, 7, 8, 2, 9, 2, 7, 2, 3, 7, 8, 9, 6, 6, 6, 5, 5, 3, 7, 5, 3, 7, 8, 8, 4, 2, 4, 3, 9, 1, 6, 8, 7, 7, 10, 3, 8, 9, 4, 4, 3, 4, 4, 5, 3, 5, 4, 8]
(0.7720926731558493, 0.9276667444035399, 0.9037670276311621)
[9, 1, 8, 1, 3, 9, 5, 10, 5, 6, 7, 2, 10, 9, 9, 7, 8, 2, 9, 2, 7, 2, 3, 7, 8, 9, 6, 6, 7, 5, 5, 8, 7, 9, 3, 7, 8, 8, 4, 2, 4, 3, 9, 1, 6, 8, 7, 7, 10, 3, 8, 9, 4, 4, 3, 4, 4, 5, 3, 5, 4, 8]
(0.7690033030156294, 0.9802200419828272, 0.8977899537975707)
[9, 1, 8, 1, 3, 9, 4, 10, 5, 6, 7, 2, 10, 9, 9, 7, 8, 2, 9, 2, 7, 2, 3, 7, 8, 9, 6, 6, 7, 5, 5, 8, 7, 9, 3, 7, 8, 8, 4, 2, 4, 3, 9, 1, 6, 8, 7, 1, 10, 3, 8, 9, 4, 4, 3, 4, 4, 5, 3, 5, 4, 8]
(0.7692573237424382, 0.9967955583706484, 0.8823629243875933)
[9, 1, 8, 1, 3, 9, 5, 10, 5, 6, 7, 2, 10, 9, 9, 7, 8, 2, 9, 2, 7, 2, 3, 7, 8, 9, 6, 6, 7, 5, 5, 8, 7, 9, 3, 7, 8, 8, 4, 2, 4, 3, 9, 1, 6, 8, 7, 7, 10, 3, 8, 9, 4, 4, 3, 4, 4, 5, 3, 5, 4, 8]
(0.7685473502895454, 0.985180428810416, 0.9013073869467202)
[9, 1, 8, 1, 3, 9, 4, 10, 5, 6, 7, 2, 5, 9, 9, 7, 8, 2, 9, 2, 7, 3, 3, 7, 8, 9, 6, 6, 7, 4, 5, 8, 10, 9, 3, 7, 8, 8, 4, 2, 4, 4, 9, 1, 6, 8, 7, 7, 10, 3, 8, 9, 4, 4, 3, 4, 4, 5, 3, 5, 4, 8]
(0.7682521323956666, 1.0066824587061982, 0.8994037489849883)
[9, 1, 8, 1, 3, 9, 5, 10, 5, 6, 7, 2, 5, 8, 9, 7, 8, 2, 9, 2, 7, 2, 3, 7, 8, 9, 6, 6, 6, 5, 5, 8, 7, 5, 3, 7, 8, 8, 4, 2, 4, 3, 9, 1, 6, 8, 7, 7, 10, 3, 8, 9, 4, 4, 3, 4, 4, 5, 3, 5, 4, 8]
(0.7723179869828556, 1.0135095873847595, 0.8916325365178788)
[9, 1, 8, 1, 3, 9, 4, 10, 5, 6, 7, 2, 5, 9, 9, 7, 8, 2, 9, 2, 7, 3, 3, 7, 8, 9, 6, 6, 7, 4, 5, 8, 10, 9, 3, 7, 8, 8, 4, 2, 4, 4, 9, 1, 6, 8, 7, 7, 10, 3, 8, 9, 4, 4, 3, 4, 4, 5, 3, 5, 4, 8]
(0.7676666354653959, 1.0184952104464162, 0.8957163877400616)
[9, 1, 8, 1, 3, 9, 4, 10, 5, 6, 9, 2, 5, 8, 9, 7, 8, 2, 9, 2, 7, 1, 3, 7, 8, 9, 6, 6, 6, 5, 5, 3, 7, 5, 3, 7, 8, 8, 4, 2, 4, 3, 9, 1, 6, 8, 7, 7, 10, 3, 8, 9, 4, 4, 3, 4, 4, 5, 3, 5, 4, 8]
(0.7616891439013235, 1.0169610733166323, 0.9066322529436573)
[9, 1, 8, 1, 7, 9, 5, 7, 10, 6, 7, 2, 9, 9, 9, 7, 2, 9, 1, 2, 7, 6, 3, 7, 8, 9, 6, 6, 7, 5, 5, 8, 7, 9, 3, 7, 8, 8, 5, 2, 4, 4, 10, 1, 6, 8, 9, 7, 6, 8, 8, 9, 9, 7, 5, 3, 1, 4, 3, 3, 6, 10]
(0.752527826064507, 1.0875120831653478, 0.8492886722592072)
[9, 1, 8, 1, 7, 9, 5, 7, 10, 6, 7, 2, 9, 9, 9, 7, 2, 9, 1, 2, 7, 7, 3, 7, 8, 9, 4, 1, 7, 3, 7, 8, 7, 9, 3, 7, 2, 8, 6, 8, 4, 4, 9, 1, 6, 8, 9, 7, 6, 8, 8, 9, 9, 7, 5, 3, 1, 4, 3, 3, 6, 10]
(0.7627891523456852, 1.0704991443082688, 0.8581287848820253)
[9, 1, 8, 5, 4, 9, 5, 7, 10, 6, 7, 2, 9, 9, 9, 7, 2, 6, 1, 2, 7, 6, 3, 7, 5, 9, 6, 6, 8, 5, 4, 7, 7, 6, 3, 9, 8, 4, 4, 6, 10, 6, 2, 1, 6, 5, 9, 7, 6, 8, 8, 9, 9, 7, 5, 3, 1, 4, 3, 3, 6, 10]
(0.7507759737134326, 1.047140459902584, 0.9108438520027133)
[9, 1, 8, 5, 4, 9, 5, 7, 10, 6, 7, 2, 9, 9, 9, 7, 2, 6, 1, 2, 7, 6, 3, 7, 5, 9, 6, 6, 8, 5, 4, 7, 7, 6, 3, 9, 8, 4, 4, 6, 10, 6, 2, 1, 6, 5, 9, 7, 6, 8, 8, 9, 9, 7, 5, 3, 1, 4, 3, 3, 6, 10]
(0.7507759737134326, 1.047140459902584, 0.9108438520027133)
[9, 1, 8, 5, 4, 9, 5, 7, 10, 6, 7, 2, 9, 9, 9, 7, 2, 6, 1, 2, 7, 6, 3, 7, 5, 9, 6, 6, 8, 5, 4, 7, 7, 6, 3, 9, 8, 4, 4, 6, 10, 6, 2, 1, 6, 5, 9, 7, 6, 8, 8, 9, 9, 7, 5, 3, 1, 4, 3, 3, 6, 10]
(0.7507759737134326, 1.047140459902584, 0.9108438520027133)
[9, 1, 8, 1, 7, 9, 1, 5, 10, 6, 8, 1, 8, 4, 9, 7, 8, 7, 5, 2, 7, 5, 3, 10, 8, 9, 2, 6, 7, 10, 9, 8, 5, 9, 3, 9, 8, 9, 4, 6, 10, 6, 2, 1, 6, 5, 9, 7, 6, 8, 8, 9, 9, 5, 5, 3, 1, 4, 3, 3, 6, 10]
(0.7041578626631635, 1.092332052253187, 0.9143204376885512)
[9, 1, 8, 1, 3, 9, 5, 10, 5, 6, 7, 2, 8, 9, 9, 8, 8, 2, 9, 4, 7, 3, 3, 7, 8, 9, 6, 6, 7, 3, 5, 8, 7, 6, 3, 7, 8, 8, 5, 2, 4, 4, 9, 1, 6, 6, 5, 7, 10, 3, 8, 9, 7, 6, 2, 4, 4, 5, 3, 5, 3, 8]
(0.7555648075747401, 1.039960828609764, 0.9162826279358741)
[9, 1, 8, 1, 3, 9, 5, 10, 5, 6, 10, 2, 8, 9, 9, 7, 8, 2, 9, 2, 7, 3, 3, 7, 8, 9, 4, 6, 7, 5, 5, 8, 7, 9, 3, 7, 8, 8, 5, 2, 4, 4, 9, 1, 6, 6, 5, 7, 10, 3, 8, 9, 7, 6, 2, 4, 4, 5, 3, 5, 4, 8]
(0.7413850547843072, 1.059762939997017, 0.9121436555730005)
[9, 1, 8, 1, 3, 9, 5, 10, 5, 6, 10, 2, 8, 9, 9, 7, 8, 2, 9, 2, 7, 3, 3, 7, 8, 9, 4, 6, 7, 5, 5, 8, 7, 9, 3, 7, 8, 8, 5, 2, 4, 4, 9, 1, 6, 6, 5, 7, 10, 3, 8, 9, 7, 6, 2, 4, 4, 5, 3, 5, 4, 8]
(0.7413850547843072, 1.059762939997017, 0.9121436555730005)
[9, 1, 8, 1, 3, 9, 5, 10, 5, 6, 10, 2, 8, 9, 9, 7, 8, 2, 9, 2, 7, 3, 3, 7, 8, 9, 4, 6, 7, 5, 5, 8, 7, 9, 3, 7, 8, 8, 5, 2, 4, 4, 9, 1, 6, 6, 5, 7, 10, 3, 8, 9, 7, 6, 2, 4, 4, 5, 3, 5, 4, 8]
(0.7413850547843072, 1.059762939997017, 0.9121436555730005)
[9, 1, 8, 1, 7, 7, 5, 7, 10, 6, 7, 2, 5, 9, 9, 7, 8, 9, 1, 2, 7, 7, 8, 7, 8, 9, 4, 1, 8, 3, 7, 8, 7, 6, 4, 7, 8, 4, 4, 8, 4, 4, 9, 1, 6, 8, 9, 8, 6, 8, 8, 9, 9, 7, 5, 3, 1, 4, 2, 3, 6, 10]
(0.7145329926497839, 1.0994714824482803, 0.8999248338637583)
[9, 1, 8, 1, 3, 9, 5, 10, 5, 6, 7, 4, 5, 9, 9, 8, 8, 2, 9, 2, 7, 3, 5, 7, 8, 5, 6, 7, 7, 5, 5, 8, 10, 9, 8, 5, 8, 8, 4, 6, 4, 3, 9, 1, 6, 5, 7, 8, 10, 3, 8, 9, 7, 4, 2, 4, 4, 5, 3, 5, 4, 8]
(0.7544851605487867, 1.0457626936957232, 0.9143088865812)
[9, 1, 8, 1, 3, 9, 5, 10, 5, 6, 7, 2, 8, 9, 9, 8, 8, 2, 9, 4, 7, 3, 3, 7, 8, 9, 6, 6, 7, 5, 7, 8, 7, 9, 3, 7, 8, 9, 5, 2, 4, 4, 9, 1, 6, 6, 5, 7, 10, 3, 8, 9, 7, 6, 2, 4, 4, 5, 3, 5, 3, 8]
(0.7455956939793584, 1.050249004550278, 0.9190338156668075)
[9, 1, 8, 1, 3, 9, 5, 10, 5, 6, 7, 2, 8, 9, 9, 7, 8, 2, 9, 2, 7, 3, 3, 7, 8, 9, 6, 6, 7, 5, 5, 8, 7, 9, 3, 7, 8, 8, 5, 2, 4, 4, 9, 1, 6, 6, 5, 7, 10, 3, 8, 9, 7, 6, 2, 4, 4, 5, 3, 5, 4, 10]
(0.7634944922541554, 1.0431368028745047, 0.908940725258971)
[9, 1, 8, 1, 3, 9, 5, 10, 5, 6, 7, 4, 5, 9, 9, 7, 8, 2, 9, 2, 7, 3, 3, 7, 8, 9, 6, 6, 7, 5, 5, 8, 7, 7, 8, 7, 8, 8, 4, 2, 4, 3, 9, 1, 6, 8, 7, 3, 10, 3, 8, 9, 7, 4, 3, 4, 4, 5, 3, 5, 4, 6]
(0.7670512302219749, 1.0441123658791178, 0.9057546893307321)
[9, 1, 8, 1, 3, 9, 5, 10, 5, 6, 7, 2, 8, 9, 9, 7, 8, 2, 9, 2, 7, 3, 3, 7, 5, 9, 2, 4, 7, 5, 5, 8, 7, 9, 3, 7, 8, 8, 5, 2, 4, 4, 9, 1, 6, 6, 5, 7, 10, 3, 8, 9, 7, 6, 2, 4, 4, 5, 3, 5, 4, 8]
(0.7409875155326706, 1.0605499314144249, 0.9168700053098457)
[9, 1, 8, 1, 7, 9, 5, 7, 9, 6, 7, 2, 9, 9, 9, 7, 2, 4, 1, 2, 2, 6, 3, 7, 8, 9, 2, 6, 7, 5, 5, 8, 7, 9, 3, 7, 5, 8, 6, 8, 4, 4, 9, 2, 6, 8, 9, 7, 6, 8, 8, 9, 9, 7, 5, 3, 1, 3, 3, 3, 6, 10]
(0.7215556594625351, 1.1014608180150391, 0.8994399276847546)
[9, 1, 8, 1, 7, 7, 5, 7, 10, 6, 7, 2, 7, 9, 9, 5, 8, 9, 1, 2, 7, 7, 8, 7, 8, 9, 4, 1, 8, 3, 7, 8, 7, 6, 4, 7, 8, 4, 4, 8, 10, 6, 2, 1, 6, 5, 9, 7, 6, 3, 8, 9, 9, 7, 5, 3, 1, 4, 2, 3, 6, 10]
(0.7222266471424741, 1.0794793462380765, 0.9215973994465813)
[9, 1, 8, 1, 3, 9, 5, 10, 5, 6, 7, 2, 8, 9, 9, 7, 8, 2, 9, 2, 7, 3, 3, 7, 8, 9, 6, 6, 7, 5, 5, 8, 7, 6, 3, 7, 8, 8, 5, 2, 4, 4, 9, 1, 6, 6, 5, 7, 10, 3, 8, 9, 7, 6, 2, 4, 4, 5, 3, 5, 4, 8]
(0.7596217949430203, 1.064614383690059, 0.8999219018407804)
[9, 1, 8, 1, 3, 9, 5, 10, 5, 6, 7, 4, 5, 9, 9, 7, 8, 2, 10, 2, 7, 3, 3, 7, 8, 9, 6, 6, 7, 5, 5, 8, 7, 7, 8, 7, 8, 8, 4, 2, 4, 3, 9, 1, 6, 8, 7, 3, 10, 3, 8, 9, 7, 4, 3, 4, 4, 5, 3, 5, 4, 6]
(0.7634589445381843, 1.0455640150234096, 0.9158278390537988)
[9, 1, 8, 1, 7, 7, 5, 7, 10, 6, 7, 2, 5, 9, 9, 7, 8, 9, 1, 2, 7, 7, 8, 7, 8, 9, 4, 1, 8, 3, 7, 8, 7, 6, 4, 7, 8, 4, 4, 8, 4, 4, 9, 2, 6, 8, 9, 8, 6, 8, 8, 9, 9, 7, 5, 3, 1, 4, 2, 3, 6, 10]
(0.7192805363330377, 1.09411364402622, 0.9121562393024928)
[9, 1, 8, 1, 3, 9, 5, 10, 5, 6, 7, 2, 9, 7, 9, 7, 8, 2, 9, 2, 7, 3, 3, 7, 5, 9, 2, 4, 7, 5, 5, 8, 7, 9, 3, 7, 8, 8, 5, 2, 4, 4, 9, 1, 6, 6, 5, 7, 10, 3, 8, 9, 7, 6, 2, 4, 4, 5, 3, 5, 4, 8]
(0.7547189806296364, 1.0504171857610338, 0.9204770521713755)
[9, 1, 8, 1, 7, 9, 5, 7, 10, 6, 7, 2, 9, 9, 9, 7, 2, 4, 1, 2, 2, 6, 3, 7, 8, 9, 2, 6, 7, 5, 5, 8, 7, 9, 3, 7, 5, 8, 6, 8, 4, 4, 9, 2, 6, 8, 9, 7, 6, 8, 8, 9, 9, 7, 5, 3, 1, 3, 3, 3, 6, 10]
(0.7362333631742363, 1.0970898212865, 0.8941977644078118)
[7, 1, 8, 1, 7, 9, 1, 10, 10, 6, 7, 1, 8, 9, 9, 7, 2, 9, 1, 2, 7, 6, 3, 7, 8, 9, 3, 6, 7, 5, 4, 7, 7, 6, 3, 7, 8, 4, 4, 6, 9, 1, 9, 1, 10, 8, 9, 7, 6, 8, 8, 9, 9, 7, 5, 3, 1, 4, 3, 3, 6, 10]
(0.7594777562265673, 1.0663793468847869, 0.9034871179560787)
[9, 1, 8, 1, 7, 9, 5, 7, 10, 6, 7, 2, 8, 9, 9, 7, 2, 9, 1, 2, 7, 6, 3, 7, 8, 9, 6, 6, 7, 6, 4, 2, 7, 9, 3, 7, 8, 9, 4, 6, 10, 4, 9, 1, 4, 8, 9, 7, 6, 6, 8, 9, 9, 7, 5, 3, 1, 4, 3, 3, 9, 10]
(0.734596000645641, 1.072510336525738, 0.924270888409448)
[9, 1, 8, 1, 3, 9, 5, 10, 5, 6, 7, 2, 8, 9, 9, 7, 8, 2, 9, 2, 7, 3, 3, 7, 8, 9, 6, 6, 7, 5, 5, 8, 7, 6, 3, 7, 8, 8, 5, 2, 4, 4, 9, 1, 6, 6, 5, 7, 10, 3, 8, 9, 7, 6, 2, 4, 4, 5, 3, 5, 4, 8]
(0.7621039167227643, 1.0601729927584524, 0.9092568658378996)
[7, 1, 8, 1, 3, 9, 5, 10, 5, 6, 7, 2, 9, 7, 9, 7, 8, 2, 9, 2, 7, 3, 4, 7, 5, 9, 2, 4, 7, 5, 5, 8, 7, 9, 3, 7, 8, 8, 5, 2, 4, 4, 9, 1, 6, 6, 5, 7, 10, 3, 8, 9, 7, 6, 2, 4, 4, 5, 3, 5, 4, 8]
(0.7591112743988532, 1.0631736254319544, 0.9116087741748626)
[9, 1, 8, 1, 7, 7, 5, 7, 10, 1, 8, 2, 5, 9, 9, 7, 8, 9, 1, 2, 7, 7, 8, 7, 8, 10, 4, 1, 8, 3, 7, 8, 7, 6, 4, 7, 8, 4, 4, 8, 4, 4, 9, 1, 6, 8, 9, 8, 6, 8, 8, 9, 9, 7, 5, 3, 1, 4, 2, 3, 6, 10]
(0.7264908856561932, 1.091718543507159, 0.9156938773399803)
[9, 1, 8, 1, 3, 9, 6, 10, 5, 6, 7, 2, 8, 9, 9, 8, 8, 2, 9, 3, 7, 3, 5, 7, 8, 5, 6, 7, 7, 5, 5, 8, 10, 9, 8, 5, 8, 8, 4, 6, 4, 3, 9, 1, 6, 5, 7, 8, 10, 3, 8, 10, 7, 4, 2, 4, 4, 5, 3, 5, 4, 8]
(0.7454564310291101, 1.0703416815027593, 0.9183105074666361)
[9, 1, 8, 1, 7, 9, 5, 7, 10, 6, 7, 2, 7, 8, 9, 7, 6, 9, 1, 2, 7, 7, 4, 7, 8, 9, 4, 1, 8, 3, 7, 8, 7, 9, 3, 7, 2, 8, 6, 8, 4, 4, 9, 1, 6, 8, 9, 7, 6, 8, 8, 9, 9, 7, 5, 3, 1, 4, 2, 3, 6, 10]
(0.7394163446186798, 1.0833814544603229, 0.912203508185794)
[9, 1, 8, 1, 7, 9, 5, 7, 10, 6, 7, 2, 7, 8, 9, 7, 6, 9, 1, 2, 7, 7, 4, 7, 8, 9, 4, 1, 8, 3, 7, 8, 7, 9, 3, 7, 2, 8, 6, 8, 4, 4, 9, 1, 6, 8, 9, 7, 6, 8, 8, 9, 9, 7, 5, 3, 1, 4, 2, 3, 6, 10]
(0.7394163446186798, 1.0833814544603229, 0.912203508185794)
[9, 1, 8, 1, 7, 9, 5, 7, 10, 6, 7, 2, 8, 9, 9, 10, 3, 9, 2, 2, 7, 6, 3, 7, 5, 9, 6, 4, 7, 6, 4, 2, 7, 6, 4, 7, 8, 4, 4, 6, 9, 1, 2, 1, 6, 5, 9, 4, 6, 8, 8, 9, 9, 5, 5, 3, 1, 4, 3, 3, 6, 10]
(0.7507066351842608, 1.07560165990144, 0.9118745737877888)
[9, 1, 8, 1, 7, 9, 5, 7, 10, 6, 7, 2, 8, 9, 9, 10, 3, 9, 2, 2, 7, 6, 3, 7, 5, 9, 6, 4, 7, 6, 4, 2, 7, 6, 4, 7, 8, 4, 4, 6, 9, 1, 2, 1, 6, 5, 9, 4, 6, 8, 8, 9, 9, 5, 5, 3, 1, 4, 3, 3, 6, 10]
(0.7507066351842608, 1.07560165990144, 0.9118745737877888)
[9, 1, 8, 1, 3, 9, 5, 10, 5, 6, 7, 2, 8, 9, 9, 7, 8, 2, 9, 2, 7, 3, 3, 7, 8, 9, 6, 6, 7, 5, 5, 8, 7, 6, 3, 7, 8, 8, 5, 2, 4, 4, 9, 1, 6, 6, 5, 7, 10, 3, 8, 9, 7, 6, 2, 4, 4, 5, 3, 5, 4, 8]
(0.7619185252197559, 1.0673396030440925, 0.9100622095644748)
[9, 1, 8, 1, 7, 9, 5, 7, 10, 6, 7, 2, 9, 7, 9, 7, 3, 9, 1, 2, 7, 6, 3, 7, 8, 9, 3, 6, 3, 5, 4, 7, 7, 6, 3, 7, 9, 4, 4, 6, 9, 1, 9, 1, 10, 8, 9, 7, 6, 8, 8, 9, 9, 7, 5, 3, 1, 4, 3, 3, 6, 10]
(0.7502255836631394, 1.0838458446785808, 0.9054994333501032)
[9, 1, 8, 1, 3, 4, 5, 10, 5, 6, 7, 4, 5, 9, 9, 7, 8, 2, 9, 2, 7, 3, 3, 7, 8, 9, 6, 6, 7, 5, 5, 8, 7, 9, 3, 7, 8, 8, 5, 2, 4, 4, 9, 1, 8, 8, 10, 3, 10, 3, 8, 9, 7, 5, 3, 4, 4, 5, 3, 5, 4, 6]
(0.7571552083164416, 1.0750979976728559, 0.9075264050392052)
[9, 1, 9, 1, 7, 9, 5, 5, 10, 6, 7, 2, 8, 9, 9, 7, 2, 9, 1, 2, 8, 6, 3, 9, 10, 6, 5, 10, 7, 10, 4, 7, 7, 9, 3, 7, 8, 9, 4, 6, 10, 4, 9, 1, 4, 8, 9, 7, 6, 8, 8, 9, 9, 7, 5, 3, 1, 4, 3, 3, 6, 10]
(0.7516196119374581, 1.091616008989513, 0.8967586348487665)
[9, 1, 8, 1, 7, 9, 5, 7, 10, 6, 7, 2, 9, 9, 9, 7, 2, 9, 1, 2, 7, 6, 3, 7, 8, 9, 6, 6, 7, 2, 5, 8, 5, 9, 3, 7, 8, 8, 5, 2, 4, 4, 10, 1, 6, 8, 9, 7, 6, 8, 8, 9, 9, 7, 5, 3, 1, 4, 3, 3, 6, 10]
(0.754041977638218, 1.080363374017179, 0.9066606284069377)
[9, 1, 8, 1, 7, 9, 5, 10, 8, 4, 7, 4, 5, 9, 9, 8, 8, 2, 9, 2, 7, 3, 5, 7, 8, 5, 6, 7, 7, 5, 5, 8, 7, 9, 8, 5, 8, 8, 4, 6, 4, 3, 9, 1, 6, 5, 7, 3, 10, 3, 8, 1, 7, 4, 2, 4, 4, 5, 3, 5, 4, 8]
(0.7368327200293671, 1.0837403355166317, 0.9226023470594167)
[9, 1, 8, 1, 7, 9, 5, 7, 10, 6, 7, 2, 9, 7, 9, 7, 3, 9, 1, 2, 7, 6, 3, 7, 5, 9, 1, 4, 7, 5, 4, 2, 7, 6, 3, 7, 2, 8, 6, 8, 6, 7, 9, 2, 6, 8, 9, 7, 6, 8, 8, 9, 9, 7, 5, 3, 1, 4, 3, 3, 6, 10]
(0.7579536359880841, 1.0878482883796097, 0.898255016696976)
[9, 1, 8, 1, 7, 9, 5, 7, 10, 6, 7, 2, 7, 9, 9, 7, 5, 9, 1, 2, 7, 7, 3, 7, 8, 9, 4, 1, 7, 3, 7, 8, 7, 9, 3, 7, 2, 8, 6, 8, 4, 4, 9, 1, 6, 8, 9, 7, 6, 8, 8, 9, 9, 7, 5, 3, 1, 4, 2, 3, 6, 10]
(0.7479550036435627, 1.0910721866413953, 0.9070398391524821)
[9, 1, 8, 1, 7, 9, 5, 7, 10, 6, 7, 2, 7, 9, 9, 7, 5, 9, 1, 2, 7, 7, 4, 7, 8, 9, 4, 1, 8, 3, 7, 8, 7, 6, 4, 7, 8, 4, 4, 8, 4, 4, 9, 1, 6, 8, 9, 8, 6, 8, 8, 9, 9, 7, 5, 3, 1, 4, 2, 3, 6, 10]
(0.7475020592173385, 1.0881433719769122, 0.9110813700560374)
[9, 1, 8, 1, 7, 9, 5, 7, 10, 6, 7, 2, 7, 9, 9, 7, 5, 9, 1, 2, 7, 7, 4, 7, 8, 9, 4, 1, 8, 3, 7, 8, 7, 6, 4, 7, 8, 4, 4, 8, 4, 4, 9, 1, 6, 8, 9, 8, 6, 8, 8, 9, 9, 7, 5, 3, 1, 4, 2, 3, 6, 10]
(0.7515216030945217, 1.0860254609957338, 0.9139892836622511)
[9, 1, 8, 1, 6, 9, 5, 10, 5, 6, 7, 2, 8, 9, 9, 7, 8, 2, 9, 2, 7, 6, 3, 7, 8, 9, 6, 6, 7, 5, 7, 7, 7, 9, 3, 7, 8, 8, 4, 6, 4, 3, 9, 1, 6, 5, 7, 3, 10, 3, 8, 9, 7, 6, 2, 4, 4, 5, 3, 5, 4, 8]
(0.7567972113577739, 1.0880192918702962, 0.907895187065089)
[9, 1, 8, 5, 7, 7, 5, 7, 10, 6, 8, 2, 5, 9, 9, 7, 8, 9, 1, 2, 7, 7, 8, 7, 8, 9, 4, 1, 8, 8, 7, 8, 7, 6, 4, 7, 8, 4, 4, 8, 4, 4, 9, 1, 6, 8, 9, 8, 6, 8, 8, 9, 9, 7, 5, 3, 1, 4, 2, 3, 6, 10]
(0.7373116428614305, 1.0985303888097409, 0.921632121206909)
[9, 1, 8, 5, 7, 9, 5, 5, 10, 6, 8, 2, 8, 5, 9, 7, 5, 6, 1, 2, 7, 6, 6, 7, 5, 9, 5, 6, 7, 5, 5, 8, 7, 6, 2, 7, 8, 8, 6, 9, 4, 4, 9, 1, 6, 8, 9, 7, 6, 8, 8, 9, 9, 7, 5, 3, 1, 4, 3, 3, 6, 10]
(0.7379297346021654, 1.1013341484591368, 0.9187046890050002)
