[7, 1, 5, 8, 5, 7, 4, 8, 9, 9, 10, 9, 10, 4, 6, 5, 8, 4, 6, 1, 6, 10, 4, 3, 5, 9, 6, 7, 1, 6, 4, 5, 2, 10, 5, 10, 7, 10, 10, 6, 9, 9, 4, 7, 5, 6, 6, 6, 7, 7, 6, 1, 5, 6, 5, 1, 4, 1, 5, 1, 10, 1]
(0.29089225827043086, 0.0, 0.404045161685686)
[6, 8, 4, 7, 8, 3, 5, 4, 9, 1, 5, 7, 4, 2, 7, 3, 1, 1, 6, 8, 1, 9, 7, 4, 10, 8, 6, 7, 3, 4, 9, 5, 9, 4, 1, 10, 7, 6, 3, 9, 10, 7, 9, 7, 10, 8, 7, 7, 7, 7, 1, 8, 3, 6, 5, 5, 4, 3, 5, 1, 10, 1]
(0.5046390501401659, 0.6707358003164124, 0.0)
[5, 1, 3, 8, 7, 3, 4, 4, 4, 8, 2, 5, 3, 1, 4, 5, 8, 4, 7, 1, 4, 2, 4, 2, 10, 9, 6, 2, 2, 2, 10, 5, 9, 10, 5, 4, 7, 4, 8, 5, 10, 4, 9, 7, 8, 4, 6, 7, 7, 9, 1, 8, 5, 4, 5, 5, 5, 3, 5, 5, 10, 1]
(0.3708963875518174, 0.6787811016019129, 0.2916210600327724)
[7, 1, 7, 2, 3, 3, 3, 4, 8, 1, 7, 4, 3, 3, 4, 3, 1, 6, 7, 1, 1, 9, 2, 2, 10, 10, 1, 2, 4, 5, 9, 3, 2, 4, 5, 10, 7, 6, 3, 9, 10, 7, 1, 7, 10, 7, 6, 7, 7, 7, 1, 8, 3, 6, 5, 5, 4, 3, 5, 1, 10, 1]
(0.5923752799252475, 0.3498137400199033, 0.4292978789325267)
[7, 4, 4, 7, 10, 5, 3, 4, 7, 1, 4, 4, 3, 3, 4, 3, 1, 1, 6, 4, 1, 9, 9, 4, 10, 10, 6, 7, 3, 3, 9, 5, 9, 7, 7, 10, 7, 1, 5, 9, 9, 6, 4, 7, 10, 7, 6, 7, 4, 7, 6, 7, 2, 6, 5, 5, 4, 3, 5, 1, 7, 1]
(0.807241746912071, 0.6483853560872376, 0.0)
[8, 4, 4, 7, 10, 5, 3, 4, 7, 1, 4, 4, 3, 3, 4, 3, 1, 7, 6, 4, 3, 9, 9, 4, 10, 10, 6, 7, 8, 4, 9, 5, 9, 7, 5, 10, 7, 1, 5, 7, 9, 6, 4, 7, 10, 7, 6, 7, 4, 7, 6, 2, 2, 6, 5, 5, 4, 3, 5, 1, 7, 1]
(0.8092384551710107, 0.6630446265738158, 0.0)
[6, 8, 4, 7, 8, 3, 3, 8, 9, 1, 5, 4, 4, 3, 5, 3, 10, 6, 7, 1, 1, 9, 7, 2, 8, 9, 6, 2, 2, 5, 9, 5, 9, 6, 5, 10, 7, 4, 3, 8, 10, 3, 9, 6, 10, 8, 9, 6, 7, 5, 1, 8, 3, 6, 5, 5, 4, 3, 5, 1, 10, 1]
(0.2878752954876992, 0.9766292202286403, 0.22423196575721793)
[5, 1, 3, 8, 7, 3, 4, 4, 4, 8, 2, 5, 3, 1, 4, 5, 10, 4, 7, 5, 4, 8, 4, 2, 3, 9, 6, 2, 2, 3, 10, 5, 9, 10, 5, 6, 7, 1, 5, 9, 9, 6, 9, 7, 8, 4, 6, 7, 7, 9, 1, 8, 5, 4, 5, 5, 5, 3, 2, 5, 10, 1]
(0.5059464775065353, 0.6727656347175613, 0.31481942251063255)
[7, 1, 7, 10, 7, 3, 3, 4, 9, 5, 5, 4, 4, 4, 5, 9, 10, 6, 9, 1, 1, 9, 4, 2, 10, 9, 6, 2, 2, 5, 10, 5, 9, 10, 5, 10, 7, 4, 7, 8, 6, 3, 9, 9, 10, 7, 6, 6, 7, 7, 1, 8, 5, 6, 5, 5, 4, 3, 5, 1, 10, 1]
(0.0, 0.671708978991954, 0.8273115148970115)
[3, 1, 5, 8, 4, 3, 5, 4, 9, 1, 5, 7, 4, 3, 4, 3, 1, 6, 7, 1, 9, 9, 3, 2, 10, 10, 1, 2, 1, 6, 4, 5, 2, 4, 5, 10, 7, 6, 3, 9, 10, 7, 4, 10, 10, 7, 6, 7, 7, 7, 1, 8, 3, 4, 5, 5, 5, 3, 5, 1, 10, 1]
(0.2368178933574572, 0.9651629361323995, 0.3441197478953155)
[3, 1, 5, 9, 4, 3, 5, 4, 8, 1, 5, 7, 4, 2, 7, 5, 10, 6, 9, 1, 7, 2, 4, 2, 10, 9, 6, 2, 2, 2, 10, 5, 9, 10, 5, 4, 6, 6, 3, 9, 10, 7, 5, 8, 8, 1, 6, 7, 8, 7, 1, 8, 5, 4, 5, 5, 5, 3, 5, 5, 9, 1]
(0.2912756576844603, 0.9820384335704126, 0.29164194204115246)
[1, 4, 7, 7, 4, 3, 4, 4, 7, 1, 7, 4, 3, 3, 4, 3, 1, 1, 6, 8, 1, 9, 7, 4, 10, 10, 6, 7, 3, 4, 9, 5, 9, 7, 1, 10, 7, 1, 5, 9, 6, 6, 4, 7, 10, 7, 6, 7, 7, 7, 4, 8, 4, 8, 5, 5, 4, 3, 5, 1, 4, 1]
(0.0, 0.6568512406415089, 0.9116966780076099)
[7, 4, 4, 7, 8, 3, 3, 4, 7, 1, 4, 4, 3, 3, 1, 3, 1, 1, 6, 4, 1, 9, 9, 4, 10, 10, 6, 7, 8, 4, 9, 5, 9, 7, 5, 10, 7, 1, 5, 9, 9, 6, 4, 7, 9, 7, 7, 7, 7, 7, 6, 8, 3, 6, 5, 5, 4, 3, 5, 1, 7, 1]
(0.36850078672555975, 0.9688519543968123, 0.27938622001428537)
[6, 8, 4, 7, 8, 3, 3, 8, 9, 1, 5, 4, 4, 3, 5, 3, 10, 6, 7, 1, 1, 9, 2, 2, 8, 9, 6, 2, 2, 5, 9, 5, 9, 6, 5, 10, 5, 4, 3, 8, 10, 3, 9, 6, 10, 8, 9, 6, 7, 5, 1, 8, 3, 6, 5, 5, 4, 3, 5, 1, 10, 1]
(0.0, 0.9771649182774107, 0.6474561576731742)
[7, 1, 4, 7, 8, 3, 3, 8, 9, 1, 5, 4, 4, 3, 5, 3, 10, 6, 7, 1, 1, 9, 7, 2, 10, 9, 6, 2, 2, 5, 9, 5, 9, 6, 5, 10, 7, 4, 3, 8, 10, 3, 9, 6, 10, 8, 9, 6, 7, 5, 1, 8, 3, 6, 5, 5, 4, 3, 5, 1, 7, 1]
(0.36612912129460967, 0.9745827711187284, 0.2881883551410466)
[5, 1, 3, 8, 8, 3, 4, 4, 4, 3, 2, 5, 3, 1, 4, 1, 8, 4, 7, 5, 4, 8, 4, 5, 10, 9, 6, 2, 1, 7, 10, 5, 9, 7, 5, 4, 7, 3, 5, 9, 9, 4, 9, 7, 8, 4, 6, 7, 8, 7, 6, 8, 5, 4, 5, 5, 5, 3, 5, 5, 10, 1]
(0.3700509155459631, 0.9807872454635777, 0.29166971086210963)
[5, 1, 3, 8, 7, 3, 4, 4, 4, 5, 2, 5, 3, 1, 4, 1, 8, 4, 7, 5, 4, 2, 4, 2, 10, 9, 6, 2, 2, 7, 10, 5, 9, 7, 5, 4, 7, 1, 5, 9, 9, 6, 4, 7, 8, 4, 6, 7, 7, 9, 1, 8, 5, 4, 5, 5, 5, 3, 5, 5, 10, 1]
(0.3704118468248587, 0.9805051072500623, 0.2916371475138949)
[3, 1, 3, 8, 7, 3, 4, 4, 4, 5, 9, 5, 3, 1, 4, 5, 8, 4, 7, 5, 4, 9, 4, 5, 10, 10, 7, 4, 1, 6, 4, 5, 10, 3, 5, 8, 7, 6, 3, 9, 10, 7, 4, 7, 8, 4, 9, 7, 8, 7, 1, 8, 5, 2, 5, 5, 5, 3, 5, 5, 10, 1]
(0.37099167722931137, 0.9804693342186489, 0.29163008828853926)
[3, 1, 5, 8, 4, 3, 5, 4, 8, 1, 5, 7, 4, 2, 7, 5, 10, 6, 9, 1, 7, 2, 4, 5, 10, 10, 2, 4, 1, 5, 1, 5, 2, 4, 5, 8, 6, 6, 3, 9, 10, 7, 5, 8, 8, 7, 6, 7, 8, 7, 1, 8, 5, 4, 5, 5, 5, 3, 5, 5, 10, 1]
(0.3708716011991551, 0.9804220265708842, 0.29180753972109336)
[3, 1, 5, 8, 4, 3, 5, 4, 7, 1, 5, 7, 4, 2, 7, 5, 10, 6, 9, 1, 7, 2, 4, 5, 10, 10, 2, 4, 1, 5, 1, 5, 2, 4, 5, 8, 6, 6, 3, 9, 10, 7, 5, 8, 8, 7, 6, 7, 9, 7, 6, 8, 5, 4, 5, 5, 5, 3, 5, 5, 10, 1]
(0.37097285631601845, 0.9816980791278163, 0.291618077086648)
[3, 1, 5, 8, 4, 3, 5, 4, 7, 1, 5, 7, 4, 2, 7, 5, 10, 6, 9, 1, 7, 2, 4, 2, 10, 9, 2, 4, 1, 5, 1, 5, 2, 4, 5, 8, 6, 6, 3, 9, 10, 7, 5, 8, 8, 7, 6, 7, 8, 7, 6, 8, 5, 4, 5, 5, 5, 3, 5, 5, 10, 1]
(0.3710760284123353, 0.9819559897296111, 0.291644744483124)
[5, 1, 3, 8, 7, 3, 4, 4, 4, 5, 2, 5, 3, 1, 4, 5, 8, 4, 7, 1, 4, 2, 4, 5, 10, 10, 7, 4, 1, 6, 4, 5, 9, 7, 5, 4, 7, 1, 5, 9, 9, 6, 4, 7, 8, 4, 6, 7, 7, 9, 1, 8, 5, 4, 5, 5, 5, 3, 5, 5, 10, 1]
(0.36946278161295343, 0.9803512007929363, 0.3171193069395753)
[5, 1, 3, 8, 7, 3, 4, 4, 4, 5, 2, 5, 3, 1, 4, 5, 8, 4, 7, 5, 4, 2, 4, 5, 10, 10, 7, 4, 1, 6, 4, 5, 9, 7, 5, 4, 7, 1, 5, 9, 9, 6, 4, 7, 8, 4, 6, 7, 7, 9, 1, 8, 5, 4, 5, 5, 5, 3, 5, 5, 10, 1]
(0.36946278161295343, 0.9803512007929363, 0.3171193069395753)
[5, 1, 3, 8, 7, 3, 4, 4, 4, 5, 2, 5, 3, 1, 4, 5, 8, 4, 7, 5, 4, 2, 4, 5, 10, 10, 7, 4, 1, 6, 4, 5, 9, 7, 5, 4, 7, 1, 5, 9, 9, 6, 4, 7, 8, 4, 6, 7, 7, 9, 1, 8, 5, 4, 5, 5, 5, 3, 5, 5, 10, 1]
(0.36946278161295343, 0.9803512007929363, 0.3171193069395753)
[5, 1, 3, 8, 7, 3, 4, 4, 4, 8, 2, 5, 3, 1, 4, 5, 8, 4, 7, 5, 4, 8, 4, 2, 3, 9, 6, 2, 2, 3, 10, 5, 9, 10, 5, 1, 7, 7, 8, 5, 10, 4, 9, 7, 8, 4, 6, 7, 7, 9, 1, 8, 5, 4, 5, 5, 5, 3, 5, 5, 10, 1]
(0.36938717888600714, 0.9807469113729873, 0.317041385079521)
[5, 1, 3, 8, 7, 3, 4, 4, 4, 8, 2, 5, 3, 1, 4, 5, 8, 4, 7, 5, 4, 8, 4, 2, 3, 9, 6, 2, 2, 3, 10, 5, 9, 10, 5, 1, 7, 7, 8, 5, 10, 4, 9, 7, 8, 4, 6, 7, 7, 9, 1, 8, 5, 4, 5, 5, 5, 3, 5, 5, 10, 1]
(0.36938717888600714, 0.9807469113729873, 0.317041385079521)
[5, 1, 3, 8, 8, 3, 4, 4, 4, 8, 2, 5, 3, 1, 4, 1, 8, 4, 7, 5, 4, 8, 4, 2, 3, 9, 6, 2, 2, 3, 10, 5, 9, 10, 5, 1, 7, 7, 8, 5, 10, 4, 9, 7, 8, 4, 6, 7, 7, 9, 1, 8, 5, 4, 5, 5, 5, 3, 5, 5, 10, 1]
(0.36960683489571006, 0.9809307836927452, 0.31698734489575836)
[7, 10, 7, 10, 3, 3, 3, 8, 9, 1, 5, 3, 4, 6, 5, 3, 8, 6, 7, 1, 1, 9, 7, 2, 10, 9, 6, 2, 2, 5, 10, 5, 9, 10, 5, 10, 7, 4, 3, 8, 10, 3, 9, 6, 10, 8, 9, 6, 7, 5, 1, 8, 3, 6, 5, 5, 4, 3, 5, 1, 10, 1]
(0.28783090877067896, 0.6770725677291344, 0.7203110073247393)
[7, 10, 7, 10, 3, 3, 3, 8, 9, 1, 5, 3, 4, 6, 5, 3, 8, 6, 7, 1, 1, 9, 7, 2, 10, 9, 6, 2, 2, 5, 10, 5, 9, 10, 5, 10, 7, 4, 3, 8, 10, 3, 9, 6, 10, 8, 9, 6, 7, 5, 1, 8, 3, 6, 5, 5, 4, 3, 5, 1, 10, 1]
(0.28783090877067896, 0.6770725677291344, 0.7203110073247393)
[7, 10, 7, 10, 3, 3, 3, 8, 9, 1, 5, 3, 4, 6, 5, 3, 8, 6, 7, 1, 1, 9, 7, 2, 10, 9, 6, 2, 2, 5, 10, 5, 9, 10, 5, 10, 7, 4, 3, 8, 10, 3, 9, 6, 10, 8, 9, 6, 7, 5, 1, 8, 3, 6, 5, 5, 4, 3, 5, 1, 10, 1]
(0.28783090877067896, 0.6770725677291344, 0.7203110073247393)
[1, 4, 4, 7, 8, 3, 4, 4, 7, 1, 7, 4, 3, 3, 4, 3, 1, 1, 5, 4, 1, 9, 9, 4, 10, 10, 6, 7, 3, 4, 9, 5, 9, 7, 1, 10, 7, 1, 5, 9, 6, 6, 4, 7, 10, 7, 6, 7, 7, 7, 6, 8, 3, 8, 5, 5, 4, 3, 5, 1, 7, 1]
(0.5055535025650106, 0.6660109013820482, 0.5421664559182882)
[6, 8, 4, 7, 8, 3, 3, 8, 9, 1, 5, 4, 4, 3, 5, 3, 10, 6, 7, 1, 1, 9, 7, 2, 8, 9, 6, 2, 2, 5, 9, 5, 9, 6, 5, 10, 7, 4, 3, 8, 10, 3, 9, 6, 10, 8, 9, 10, 7, 5, 1, 8, 3, 6, 5, 5, 4, 3, 5, 1, 10, 1]
(0.3667768588147336, 0.9765507611446063, 0.3984424569876623)
[7, 4, 4, 8, 8, 3, 4, 4, 9, 1, 5, 4, 3, 3, 4, 3, 8, 1, 6, 4, 1, 9, 9, 4, 10, 10, 6, 7, 3, 4, 9, 5, 9, 7, 5, 10, 7, 1, 5, 9, 9, 5, 1, 7, 8, 7, 6, 8, 3, 7, 6, 7, 2, 6, 5, 5, 4, 3, 5, 1, 7, 1]
(0.8071179422071287, 0.9519586239941403, 0.0)
[7, 1, 7, 8, 7, 3, 4, 4, 4, 5, 2, 5, 3, 1, 4, 5, 8, 4, 7, 5, 4, 8, 4, 3, 3, 9, 6, 2, 2, 3, 10, 5, 9, 10, 5, 1, 7, 7, 5, 9, 9, 6, 4, 7, 8, 4, 6, 7, 7, 9, 1, 8, 5, 4, 5, 5, 5, 3, 5, 5, 9, 1]
(0.5070469921234966, 0.9781783419661203, 0.2895293484250118)
[7, 10, 7, 10, 3, 3, 3, 8, 9, 1, 5, 3, 4, 10, 5, 3, 8, 6, 7, 1, 1, 9, 10, 4, 10, 9, 6, 2, 2, 5, 10, 5, 9, 10, 5, 10, 7, 4, 3, 8, 10, 3, 9, 6, 10, 4, 9, 6, 7, 4, 1, 8, 3, 6, 5, 5, 4, 3, 5, 1, 10, 1]
(0.5024141926382978, 0.675256414861918, 0.6060888012639138)
[7, 4, 4, 7, 8, 3, 3, 4, 7, 1, 7, 4, 3, 3, 4, 3, 1, 7, 6, 4, 1, 9, 9, 4, 10, 10, 6, 7, 8, 4, 9, 5, 9, 7, 5, 10, 7, 1, 5, 9, 9, 6, 4, 7, 10, 7, 7, 7, 7, 7, 6, 10, 3, 6, 5, 5, 4, 3, 5, 1, 7, 1]
(0.5050005101382982, 0.9723576002754251, 0.314302686708081)
[1, 4, 2, 7, 8, 3, 4, 4, 7, 1, 7, 4, 3, 3, 4, 3, 1, 1, 5, 4, 1, 9, 9, 4, 10, 10, 6, 7, 3, 4, 9, 5, 10, 7, 1, 10, 7, 1, 5, 9, 6, 6, 4, 7, 10, 7, 6, 7, 7, 7, 4, 7, 4, 8, 5, 5, 4, 3, 5, 1, 7, 1]
(0.5058340591520879, 0.6656533651125531, 0.6446799587440665)
[1, 5, 4, 7, 4, 3, 3, 4, 7, 1, 1, 4, 3, 5, 4, 3, 5, 1, 5, 4, 1, 9, 9, 1, 10, 10, 6, 7, 8, 4, 9, 5, 9, 7, 5, 10, 7, 1, 5, 9, 9, 6, 4, 7, 8, 7, 7, 7, 7, 7, 6, 8, 3, 6, 5, 5, 4, 3, 5, 1, 7, 1]
(0.506678439636783, 0.9712792088277618, 0.38119538516081136)
[7, 4, 4, 7, 10, 10, 3, 4, 7, 1, 5, 1, 3, 3, 4, 3, 1, 1, 6, 4, 1, 9, 9, 4, 10, 10, 6, 7, 8, 4, 9, 5, 9, 7, 5, 10, 7, 1, 5, 9, 9, 6, 4, 7, 8, 7, 7, 7, 7, 7, 6, 8, 3, 6, 5, 5, 4, 3, 5, 1, 7, 1]
(0.807509462390052, 0.6749739836686489, 0.3825117530255678)
[7, 1, 5, 7, 10, 3, 3, 8, 9, 1, 5, 4, 4, 2, 7, 9, 10, 6, 9, 1, 4, 8, 4, 6, 3, 9, 6, 2, 2, 3, 10, 5, 9, 10, 5, 4, 7, 6, 8, 1, 9, 4, 9, 6, 5, 4, 6, 7, 7, 7, 4, 9, 5, 4, 5, 5, 5, 3, 5, 5, 10, 1]
(0.27324146781870146, 0.9773970604874174, 0.6226787939847308)
[3, 4, 4, 7, 8, 3, 3, 4, 7, 1, 7, 4, 3, 1, 4, 3, 1, 1, 6, 4, 1, 9, 4, 4, 10, 10, 6, 7, 8, 4, 9, 5, 9, 7, 5, 10, 7, 1, 1, 9, 9, 7, 4, 7, 10, 7, 7, 7, 7, 7, 6, 8, 4, 6, 5, 5, 4, 3, 5, 1, 7, 1]
(0.368864256853622, 0.965906460862605, 0.5640613808212374)
[1, 4, 2, 7, 4, 5, 4, 4, 7, 1, 3, 1, 3, 3, 4, 3, 1, 1, 6, 8, 1, 9, 7, 4, 10, 10, 6, 7, 3, 4, 9, 5, 7, 7, 1, 10, 7, 1, 5, 9, 6, 6, 4, 10, 10, 7, 6, 7, 7, 7, 4, 8, 4, 8, 5, 5, 4, 3, 5, 1, 7, 1]
(0.3280940114105356, 0.6604460408409625, 0.9146014984459194)
[1, 4, 2, 7, 4, 5, 4, 4, 7, 1, 3, 1, 3, 3, 4, 3, 1, 1, 6, 8, 1, 9, 7, 4, 10, 10, 6, 7, 3, 4, 9, 5, 7, 7, 1, 10, 7, 1, 5, 9, 6, 6, 4, 10, 10, 7, 6, 7, 7, 7, 4, 8, 4, 8, 5, 5, 4, 3, 5, 1, 7, 1]
(0.3280940114105356, 0.6604460408409625, 0.9146014984459194)
[7, 8, 4, 7, 8, 3, 3, 8, 9, 1, 5, 4, 4, 3, 5, 3, 8, 6, 7, 1, 1, 9, 7, 2, 10, 9, 6, 2, 2, 5, 9, 5, 9, 6, 5, 10, 7, 6, 3, 8, 10, 3, 9, 6, 10, 8, 6, 7, 7, 7, 1, 8, 3, 6, 5, 5, 4, 3, 5, 1, 10, 1]
(0.2805458372154637, 0.9744052208028714, 0.6757615081700689)
[7, 1, 7, 5, 3, 3, 3, 4, 7, 1, 5, 4, 4, 2, 5, 3, 3, 6, 7, 1, 4, 9, 3, 2, 10, 10, 1, 9, 2, 6, 1, 5, 2, 6, 5, 10, 7, 4, 10, 5, 9, 6, 4, 7, 10, 7, 4, 6, 7, 5, 6, 1, 5, 6, 5, 5, 4, 3, 4, 1, 10, 1]
(0.5036318413508244, 0.9624077410437151, 0.48895326430960184)
[1, 4, 4, 7, 8, 3, 3, 4, 7, 1, 7, 4, 3, 3, 4, 3, 1, 1, 6, 8, 1, 9, 7, 4, 10, 10, 5, 7, 3, 4, 9, 5, 9, 7, 1, 10, 7, 1, 5, 9, 4, 6, 4, 7, 10, 7, 6, 7, 7, 7, 4, 8, 4, 8, 5, 5, 4, 3, 5, 1, 7, 1]
(0.5047406392502145, 0.667196689610583, 0.8235370295012835)
[7, 4, 4, 7, 8, 3, 3, 4, 7, 1, 5, 4, 3, 3, 4, 3, 1, 1, 6, 8, 1, 9, 7, 4, 10, 10, 6, 7, 8, 4, 9, 5, 10, 7, 5, 10, 7, 1, 5, 9, 9, 6, 4, 7, 10, 7, 7, 7, 8, 7, 6, 8, 3, 6, 5, 5, 4, 3, 5, 1, 7, 1]
(0.6418614809074457, 0.9748481995426098, 0.38101060105465256)
[7, 1, 5, 8, 5, 3, 4, 4, 2, 5, 2, 5, 3, 1, 4, 5, 8, 4, 7, 1, 1, 9, 4, 2, 10, 10, 4, 3, 2, 5, 1, 5, 2, 10, 5, 10, 7, 10, 10, 5, 9, 5, 4, 7, 10, 7, 6, 7, 7, 7, 6, 8, 3, 6, 5, 5, 4, 3, 5, 1, 10, 1]
(0.359863470568875, 0.9524090428836629, 0.6877014114450866)
[1, 4, 4, 7, 4, 5, 4, 4, 7, 1, 7, 4, 3, 3, 4, 3, 1, 1, 6, 5, 1, 9, 7, 4, 10, 10, 6, 7, 3, 4, 9, 5, 9, 7, 1, 10, 7, 1, 5, 9, 6, 6, 4, 7, 10, 7, 6, 7, 7, 7, 4, 8, 4, 8, 5, 5, 4, 3, 5, 1, 7, 1]
(0.805354008354467, 0.6669948019302221, 0.545053180753364)
[6, 8, 4, 7, 8, 3, 3, 8, 9, 1, 5, 4, 4, 3, 5, 3, 10, 6, 7, 1, 1, 9, 7, 2, 8, 9, 6, 2, 2, 5, 9, 5, 9, 6, 5, 10, 7, 6, 3, 8, 10, 3, 9, 6, 10, 8, 6, 7, 7, 10, 1, 8, 3, 6, 5, 5, 4, 3, 5, 1, 10, 1]
(0.36542597134260413, 0.9759035552851836, 0.6837616062367915)
[6, 8, 4, 7, 8, 3, 3, 8, 9, 1, 5, 4, 4, 3, 5, 3, 10, 6, 7, 1, 1, 9, 7, 2, 8, 9, 6, 2, 2, 5, 9, 5, 9, 6, 5, 10, 7, 6, 3, 8, 10, 3, 9, 6, 10, 8, 6, 7, 7, 10, 1, 8, 3, 6, 5, 5, 4, 3, 5, 1, 10, 1]
(0.36542597134260413, 0.9759035552851836, 0.6837616062367915)
[7, 4, 4, 8, 8, 3, 4, 4, 9, 1, 5, 4, 3, 3, 3, 3, 8, 1, 6, 4, 1, 9, 9, 3, 10, 10, 6, 7, 8, 4, 9, 5, 9, 7, 5, 10, 7, 1, 5, 9, 9, 6, 1, 7, 8, 7, 6, 7, 4, 7, 9, 8, 3, 6, 5, 5, 4, 3, 5, 1, 5, 1]
(0.8000102608648056, 0.6718728635101922, 0.5612322945239376)
[7, 4, 4, 7, 8, 3, 3, 4, 7, 1, 7, 4, 3, 3, 4, 3, 1, 7, 6, 4, 1, 9, 9, 4, 10, 10, 6, 7, 8, 4, 9, 5, 9, 7, 5, 10, 7, 1, 5, 9, 9, 6, 1, 7, 8, 4, 6, 7, 7, 7, 1, 8, 3, 6, 5, 5, 4, 3, 5, 1, 7, 1]
(0.8057051126631704, 0.9760374751873294, 0.26087554037895005)
[7, 1, 4, 7, 8, 3, 3, 8, 9, 1, 5, 4, 4, 3, 5, 3, 10, 6, 7, 1, 1, 9, 7, 2, 10, 9, 6, 2, 2, 5, 9, 5, 9, 6, 5, 10, 7, 6, 3, 8, 10, 3, 9, 6, 10, 8, 6, 7, 7, 7, 1, 8, 3, 6, 5, 5, 4, 3, 5, 1, 10, 1]
(0.36573999926989803, 0.9778749628923813, 0.7089566372509521)
[6, 8, 4, 7, 8, 3, 3, 8, 9, 1, 5, 4, 4, 3, 5, 3, 10, 6, 7, 1, 1, 9, 7, 2, 8, 9, 6, 2, 2, 5, 9, 5, 9, 6, 5, 10, 7, 4, 3, 8, 10, 3, 9, 6, 10, 8, 6, 7, 7, 7, 1, 8, 3, 6, 5, 5, 4, 3, 5, 1, 10, 1]
(0.36628626230993855, 0.9760521293617765, 0.7398783541484077)
[6, 8, 4, 7, 8, 3, 3, 8, 9, 1, 5, 4, 4, 3, 5, 3, 10, 6, 7, 1, 1, 9, 7, 2, 8, 9, 6, 2, 2, 5, 9, 5, 9, 6, 5, 10, 7, 4, 3, 8, 10, 3, 9, 6, 10, 8, 6, 7, 7, 7, 1, 8, 3, 6, 5, 5, 4, 3, 5, 1, 10, 1]
(0.36628626230993855, 0.9760521293617765, 0.7398783541484077)
[1, 4, 4, 7, 8, 3, 3, 4, 7, 1, 7, 4, 3, 5, 4, 3, 1, 1, 4, 8, 1, 9, 7, 4, 10, 10, 5, 7, 3, 4, 9, 5, 9, 7, 1, 10, 7, 1, 5, 9, 4, 6, 4, 7, 10, 7, 6, 7, 7, 7, 4, 8, 4, 8, 5, 5, 4, 3, 5, 1, 7, 1]
(0.5039582580701317, 0.6666586166892483, 0.9160547658222782)
[7, 4, 4, 7, 8, 3, 3, 4, 7, 1, 7, 4, 3, 3, 4, 3, 1, 7, 6, 4, 1, 9, 9, 4, 10, 10, 6, 7, 8, 4, 9, 5, 9, 7, 5, 10, 7, 1, 5, 9, 9, 6, 4, 7, 10, 7, 7, 7, 7, 7, 6, 8, 3, 6, 5, 5, 4, 3, 5, 1, 7, 1]
(0.8062490833031888, 0.9741948611102977, 0.3136093958514481)
[7, 4, 4, 7, 8, 3, 3, 4, 7, 1, 5, 4, 3, 3, 4, 3, 1, 1, 6, 4, 1, 9, 9, 4, 10, 10, 6, 7, 8, 4, 9, 5, 9, 7, 5, 10, 7, 1, 5, 9, 9, 6, 4, 7, 10, 7, 7, 7, 8, 7, 6, 8, 3, 6, 5, 5, 4, 3, 5, 1, 7, 1]
(0.8068823075848253, 0.9735057006590049, 0.34335711044411943)
[1, 4, 4, 7, 4, 5, 4, 4, 7, 1, 7, 4, 3, 3, 4, 3, 1, 1, 6, 5, 1, 9, 7, 9, 10, 10, 6, 7, 3, 4, 9, 5, 9, 7, 1, 10, 7, 1, 5, 9, 6, 6, 4, 7, 10, 7, 6, 7, 7, 7, 4, 8, 4, 8, 5, 5, 4, 3, 5, 1, 7, 1]
(0.8042820895708493, 0.6576103723321394, 0.6727911722252716)
[1, 4, 2, 7, 4, 5, 4, 4, 7, 1, 7, 4, 3, 3, 4, 3, 2, 1, 6, 8, 1, 9, 7, 4, 10, 10, 6, 7, 3, 4, 9, 5, 9, 7, 1, 10, 7, 1, 5, 9, 6, 6, 4, 7, 10, 7, 6, 7, 7, 7, 4, 8, 6, 8, 5, 5, 4, 3, 5, 1, 7, 1]
(0.8067225273507603, 0.6690498356850658, 0.671232036550256)
[1, 5, 4, 7, 8, 3, 4, 4, 7, 1, 5, 1, 3, 3, 4, 3, 1, 1, 6, 4, 1, 9, 9, 4, 10, 10, 6, 7, 8, 4, 9, 5, 9, 7, 5, 10, 7, 1, 5, 9, 9, 6, 4, 7, 8, 7, 7, 7, 7, 7, 6, 8, 3, 6, 5, 5, 4, 3, 5, 1, 7, 1]
(0.8080211257129281, 0.9670863459818048, 0.3813224127155989)
[1, 4, 2, 7, 4, 5, 4, 4, 7, 1, 7, 4, 3, 7, 4, 3, 2, 3, 6, 8, 1, 9, 9, 4, 10, 10, 6, 7, 8, 4, 9, 5, 9, 5, 2, 10, 7, 1, 5, 9, 9, 6, 1, 7, 8, 4, 6, 7, 7, 3, 4, 8, 6, 8, 5, 5, 4, 3, 5, 1, 7, 1]
(0.8093623523155132, 0.9675324340350907, 0.3796422348190436)
[1, 5, 4, 7, 4, 3, 3, 4, 7, 1, 1, 4, 3, 5, 4, 3, 5, 1, 5, 4, 1, 9, 9, 1, 10, 10, 6, 7, 8, 4, 9, 5, 9, 7, 5, 10, 7, 1, 5, 9, 9, 6, 4, 7, 10, 7, 7, 7, 7, 7, 6, 8, 8, 8, 5, 5, 4, 3, 5, 1, 7, 1]
(0.8079850970078711, 0.9730638091452399, 0.3813283370518396)
[7, 4, 4, 7, 8, 3, 3, 4, 7, 1, 7, 4, 3, 3, 4, 3, 1, 1, 6, 8, 1, 9, 7, 4, 10, 10, 6, 7, 8, 4, 9, 5, 9, 7, 5, 10, 7, 1, 5, 9, 9, 7, 4, 7, 10, 7, 7, 7, 7, 7, 6, 8, 4, 6, 5, 5, 4, 3, 5, 1, 7, 1]
(0.8035997998236998, 0.976035147625951, 0.3831869261786281)
[7, 4, 4, 8, 8, 3, 4, 4, 9, 1, 5, 4, 3, 3, 4, 3, 1, 1, 6, 4, 1, 9, 9, 4, 10, 10, 6, 7, 3, 4, 9, 5, 9, 7, 5, 10, 7, 1, 5, 9, 9, 6, 4, 7, 10, 7, 6, 7, 7, 10, 6, 2, 8, 6, 5, 5, 4, 3, 5, 1, 7, 1]
(0.8067854163950593, 0.8621569755487154, 0.5239278376255909)
[7, 4, 4, 7, 10, 5, 3, 4, 7, 1, 7, 4, 3, 3, 4, 3, 1, 7, 6, 4, 3, 9, 9, 4, 10, 10, 6, 7, 8, 4, 9, 5, 9, 7, 5, 10, 7, 1, 5, 9, 9, 6, 1, 7, 8, 7, 6, 7, 4, 7, 9, 8, 3, 6, 5, 5, 4, 3, 5, 1, 7, 1]
(0.8090733058679725, 0.9589930250309392, 0.42846237034216483)
[7, 4, 4, 7, 8, 3, 3, 4, 7, 1, 7, 4, 3, 3, 4, 3, 1, 7, 6, 4, 3, 9, 9, 4, 10, 10, 6, 7, 8, 4, 9, 5, 9, 7, 5, 10, 7, 1, 5, 7, 9, 6, 1, 7, 8, 7, 6, 7, 4, 7, 9, 8, 3, 6, 5, 5, 4, 3, 5, 1, 7, 1]
(0.8092424719636075, 0.9601057036779804, 0.4293352930658311)
[1, 4, 4, 7, 8, 3, 3, 4, 7, 1, 7, 4, 3, 3, 4, 3, 1, 7, 6, 4, 1, 9, 9, 4, 10, 10, 6, 7, 8, 5, 9, 5, 9, 7, 5, 10, 7, 1, 5, 9, 9, 7, 4, 7, 10, 7, 6, 7, 7, 7, 4, 8, 4, 8, 5, 5, 4, 3, 5, 1, 7, 1]
(0.8067224551613378, 0.9664777082391065, 0.4283564294467763)
[1, 4, 2, 7, 4, 5, 4, 4, 7, 1, 7, 4, 3, 2, 4, 3, 1, 2, 6, 4, 1, 9, 9, 4, 10, 10, 6, 7, 8, 4, 9, 5, 9, 7, 1, 10, 7, 1, 5, 9, 6, 6, 4, 7, 10, 7, 6, 7, 7, 8, 4, 8, 6, 8, 5, 5, 4, 3, 5, 1, 7, 1]
(0.8067785061514783, 0.9690259707160276, 0.4298531210033636)
[1, 4, 2, 7, 4, 5, 4, 4, 7, 1, 7, 4, 3, 3, 4, 3, 1, 7, 6, 4, 1, 9, 9, 4, 10, 10, 6, 7, 9, 4, 9, 5, 9, 7, 1, 10, 7, 1, 5, 9, 6, 6, 4, 7, 10, 7, 6, 7, 7, 2, 4, 8, 5, 8, 5, 5, 4, 3, 5, 1, 7, 1]
(0.8062090025610202, 0.9708845636807364, 0.4300337736568562)
[7, 4, 4, 7, 8, 3, 3, 4, 7, 1, 7, 4, 3, 3, 4, 3, 1, 7, 6, 4, 1, 9, 9, 4, 10, 10, 6, 7, 8, 4, 9, 5, 9, 7, 5, 10, 7, 1, 5, 9, 9, 7, 4, 7, 10, 7, 7, 7, 7, 7, 6, 8, 3, 6, 5, 5, 4, 3, 5, 1, 7, 1]
(0.8045198836925783, 0.9767499092034976, 0.42883048122792744)
[7, 4, 4, 7, 8, 3, 3, 4, 7, 1, 7, 4, 3, 3, 4, 3, 1, 7, 6, 4, 1, 9, 9, 4, 10, 10, 6, 7, 8, 4, 9, 5, 9, 7, 5, 10, 7, 1, 5, 9, 9, 7, 4, 7, 10, 7, 7, 7, 7, 7, 6, 8, 3, 6, 5, 5, 4, 3, 5, 1, 7, 1]
(0.8045198836925783, 0.9767499092034976, 0.42883048122792744)
[7, 4, 4, 7, 8, 3, 3, 4, 7, 1, 7, 4, 3, 3, 4, 3, 1, 7, 6, 4, 1, 9, 9, 4, 10, 10, 6, 7, 8, 4, 9, 5, 9, 7, 5, 10, 7, 1, 5, 9, 9, 7, 4, 7, 10, 7, 7, 7, 7, 7, 6, 8, 3, 6, 5, 5, 4, 3, 5, 1, 7, 1]
(0.8045198836925783, 0.9767499092034976, 0.42883048122792744)
[7, 1, 5, 7, 10, 3, 4, 4, 4, 5, 5, 7, 4, 2, 7, 5, 10, 6, 9, 1, 4, 8, 4, 2, 3, 9, 6, 2, 2, 3, 10, 5, 9, 10, 5, 4, 7, 4, 8, 1, 9, 4, 9, 6, 5, 4, 6, 7, 7, 9, 4, 9, 5, 4, 5, 5, 5, 3, 5, 5, 10, 1]
(0.42180548065033, 0.9779038210399429, 0.815195402484267)
[7, 4, 4, 8, 8, 3, 4, 4, 9, 1, 5, 4, 3, 3, 4, 3, 4, 1, 6, 4, 1, 9, 9, 4, 10, 10, 6, 7, 3, 4, 9, 5, 9, 7, 5, 10, 7, 1, 5, 9, 8, 6, 4, 7, 10, 7, 6, 7, 7, 10, 6, 2, 8, 3, 5, 5, 4, 3, 5, 1, 7, 1]
(0.8071070743755522, 0.8534305340610461, 0.5575174539477668)
[7, 4, 4, 8, 8, 3, 4, 4, 9, 1, 5, 4, 3, 3, 4, 3, 4, 1, 6, 4, 1, 9, 9, 4, 10, 10, 6, 7, 3, 4, 9, 5, 9, 7, 5, 10, 7, 1, 5, 9, 8, 6, 4, 7, 10, 7, 6, 7, 7, 10, 6, 2, 8, 3, 5, 5, 4, 3, 5, 1, 7, 1]
(0.8071070743755522, 0.8534305340610461, 0.5575174539477668)
[1, 4, 4, 7, 4, 5, 4, 4, 7, 1, 7, 4, 3, 3, 4, 3, 1, 1, 5, 4, 1, 9, 8, 4, 10, 10, 6, 7, 3, 4, 9, 5, 9, 7, 1, 10, 7, 1, 5, 9, 6, 6, 4, 10, 10, 7, 6, 7, 7, 7, 4, 8, 4, 8, 5, 5, 4, 3, 5, 1, 7, 1]
(0.6396161838976052, 0.6696082696676812, 0.912067623851759)
[2, 4, 4, 7, 8, 3, 3, 4, 7, 1, 1, 4, 3, 3, 4, 3, 1, 1, 6, 8, 1, 9, 9, 4, 8, 10, 4, 7, 8, 4, 9, 5, 9, 9, 5, 10, 7, 1, 5, 9, 9, 6, 4, 7, 10, 8, 6, 5, 7, 10, 6, 2, 8, 6, 5, 5, 4, 3, 5, 1, 7, 1]
(0.8032757616018213, 0.6664397098768774, 0.7813814632953341)
[7, 1, 5, 8, 5, 3, 4, 4, 2, 5, 2, 5, 3, 1, 4, 5, 8, 4, 7, 1, 1, 9, 4, 2, 10, 10, 1, 2, 2, 5, 1, 5, 2, 10, 5, 10, 7, 10, 10, 5, 9, 6, 4, 7, 10, 7, 6, 7, 7, 7, 6, 8, 3, 6, 5, 5, 4, 3, 5, 1, 10, 1]
(0.49117399241750587, 0.950013187061994, 0.8101446472123973)
[7, 4, 4, 7, 8, 3, 3, 4, 7, 1, 7, 4, 3, 3, 4, 3, 1, 7, 6, 4, 3, 9, 9, 4, 10, 10, 6, 7, 8, 4, 9, 5, 9, 7, 5, 10, 7, 1, 5, 9, 9, 6, 1, 7, 8, 7, 6, 7, 4, 7, 9, 8, 3, 6, 5, 5, 4, 3, 5, 1, 7, 1]
(0.8094861047720086, 0.9596300144679828, 0.48609887851991845)
[7, 4, 4, 7, 4, 3, 4, 4, 7, 1, 7, 9, 4, 3, 5, 3, 3, 6, 7, 1, 1, 9, 7, 2, 10, 9, 6, 2, 2, 5, 9, 5, 9, 6, 5, 5, 7, 4, 3, 8, 10, 3, 9, 6, 8, 4, 6, 4, 7, 5, 6, 8, 3, 8, 5, 5, 4, 3, 5, 1, 7, 1]
(0.5026860391312991, 0.9557092000730322, 0.8250643452901028)
[1, 1, 2, 7, 4, 5, 4, 4, 7, 1, 7, 4, 3, 3, 4, 3, 1, 1, 6, 8, 1, 9, 7, 4, 10, 10, 6, 7, 3, 4, 9, 5, 9, 7, 1, 10, 7, 1, 5, 9, 6, 6, 4, 7, 10, 7, 6, 7, 7, 7, 4, 8, 4, 8, 5, 5, 4, 3, 5, 1, 7, 1]
(0.5027127838325626, 0.961504257936029, 0.829300890217436)
[1, 4, 4, 7, 4, 5, 4, 4, 7, 1, 7, 4, 3, 3, 4, 3, 1, 1, 6, 8, 1, 9, 7, 4, 10, 10, 5, 7, 3, 4, 9, 5, 9, 7, 1, 10, 7, 1, 5, 9, 4, 6, 4, 7, 10, 7, 6, 7, 7, 7, 4, 8, 4, 8, 5, 5, 4, 3, 5, 1, 7, 1]
(0.804555061428105, 0.6663437642945106, 0.8292320793665757)
[1, 4, 4, 7, 4, 5, 4, 4, 7, 1, 7, 4, 3, 3, 4, 3, 1, 1, 6, 8, 1, 9, 7, 4, 10, 10, 5, 7, 3, 4, 9, 5, 9, 7, 1, 10, 7, 1, 5, 9, 4, 6, 4, 7, 10, 7, 6, 7, 7, 7, 4, 8, 4, 8, 5, 5, 4, 3, 5, 1, 7, 1]
(0.804555061428105, 0.6663437642945106, 0.8292320793665757)
[7, 4, 4, 7, 10, 10, 3, 4, 7, 1, 7, 4, 3, 4, 4, 3, 1, 7, 6, 4, 3, 9, 9, 4, 10, 10, 6, 7, 8, 4, 9, 3, 9, 7, 5, 10, 7, 1, 5, 9, 9, 7, 4, 7, 10, 7, 6, 7, 4, 7, 6, 7, 2, 6, 5, 5, 4, 3, 5, 1, 7, 1]
(0.8080634795717075, 0.9605889239348455, 0.5643311812377031)
[7, 4, 4, 7, 10, 10, 4, 4, 9, 1, 7, 4, 3, 4, 6, 3, 1, 7, 6, 4, 3, 9, 9, 4, 10, 10, 6, 7, 8, 4, 9, 3, 9, 7, 5, 10, 7, 1, 5, 9, 9, 7, 4, 7, 10, 7, 5, 7, 4, 7, 6, 7, 2, 4, 5, 5, 4, 3, 5, 1, 7, 1]
(0.8073589197741815, 0.964024020638315, 0.5656278385090708)
[1, 4, 4, 7, 4, 5, 4, 4, 7, 1, 7, 4, 3, 3, 4, 3, 1, 1, 5, 4, 1, 9, 8, 4, 10, 10, 6, 7, 3, 4, 9, 5, 9, 7, 1, 10, 7, 1, 5, 9, 6, 6, 4, 7, 10, 3, 6, 7, 7, 7, 4, 8, 4, 8, 5, 5, 4, 3, 5, 1, 7, 1]
(0.6415306085130817, 0.9620356519706531, 0.7900600280046943)
[1, 4, 2, 7, 4, 5, 4, 4, 7, 1, 7, 4, 3, 3, 4, 3, 1, 1, 6, 8, 1, 9, 7, 4, 10, 10, 6, 7, 3, 4, 9, 5, 9, 7, 1, 10, 7, 1, 5, 9, 6, 6, 4, 7, 10, 7, 6, 7, 7, 7, 4, 8, 4, 8, 5, 5, 4, 3, 5, 1, 7, 1]
(0.8058914972500028, 0.9618707542307658, 0.6707815079322206)
[1, 4, 2, 7, 4, 5, 4, 4, 7, 1, 7, 4, 3, 3, 4, 3, 1, 1, 6, 8, 1, 9, 7, 4, 10, 10, 6, 7, 3, 4, 9, 5, 9, 7, 1, 10, 7, 1, 5, 9, 6, 6, 4, 7, 10, 7, 6, 7, 7, 7, 4, 8, 4, 8, 5, 5, 4, 3, 5, 1, 7, 1]
(0.8058914972500028, 0.9618707542307658, 0.6707815079322206)
[7, 1, 7, 5, 3, 3, 3, 4, 7, 1, 5, 4, 4, 2, 5, 3, 3, 6, 7, 1, 1, 9, 3, 2, 10, 10, 1, 9, 2, 6, 1, 5, 2, 6, 5, 10, 7, 4, 10, 5, 9, 6, 4, 7, 10, 7, 4, 6, 7, 5, 6, 1, 5, 6, 5, 5, 4, 3, 4, 1, 10, 1]
(0.7984730271499946, 0.9688401055522246, 0.7386640124746598)
[7, 1, 7, 5, 3, 3, 3, 4, 7, 1, 5, 4, 4, 2, 5, 3, 3, 6, 7, 1, 1, 9, 3, 2, 10, 10, 1, 9, 2, 6, 1, 5, 2, 6, 5, 10, 7, 4, 10, 5, 9, 6, 4, 7, 10, 7, 4, 6, 7, 5, 6, 1, 5, 6, 5, 5, 4, 3, 4, 1, 10, 1]
(0.7984730271499946, 0.9688401055522246, 0.7386640124746598)
