[7, 5, 9, 8, 4, 9, 8, 8, 10, 7, 4, 6, 8, 9, 6, 9, 4, 5, 2, 6, 8, 6, 5, 9, 9, 6, 9, 4, 6, 8, 10, 9, 6, 3, 5, 8, 7, 9, 10, 4, 7, 3, 7, 10, 5, 2, 1, 6, 4, 9, 7, 1, 2, 5, 1, 2, 2, 4, 3, 3, 9, 1]
(0.35208061393673085, 0.7110344967618586, 0.35241924063359137)
[7, 7, 9, 8, 1, 3, 8, 8, 7, 9, 10, 5, 5, 3, 5, 10, 3, 8, 7, 6, 6, 9, 6, 7, 9, 10, 9, 7, 3, 8, 10, 9, 8, 6, 9, 6, 7, 9, 10, 5, 10, 3, 7, 6, 2, 4, 7, 7, 5, 9, 8, 6, 2, 5, 1, 2, 4, 3, 3, 6, 9, 1]
(0.26706855500097504, 1.1805440997704881, 0.2842804215728333)
[7, 3, 9, 8, 4, 9, 8, 8, 10, 9, 4, 6, 2, 9, 5, 4, 4, 6, 2, 3, 9, 2, 6, 7, 6, 6, 9, 7, 1, 8, 10, 9, 8, 6, 9, 1, 7, 9, 10, 8, 3, 10, 7, 7, 5, 2, 1, 1, 10, 8, 1, 4, 1, 5, 2, 2, 3, 4, 3, 3, 9, 1]
(0.35232166965313727, 1.1825142523273842, 0.3520526092659115)
[7, 5, 9, 8, 4, 9, 8, 8, 10, 7, 4, 6, 8, 9, 6, 9, 4, 5, 2, 6, 8, 6, 5, 9, 9, 6, 9, 4, 3, 8, 10, 9, 6, 6, 5, 8, 7, 9, 10, 4, 7, 3, 7, 10, 5, 2, 1, 6, 4, 9, 7, 1, 2, 5, 1, 2, 2, 4, 3, 3, 9, 1]
(0.3520947595742732, 1.1853664288297312, 0.3523131199310558)
[7, 5, 9, 8, 4, 9, 8, 8, 10, 7, 4, 6, 8, 9, 6, 9, 4, 5, 2, 6, 8, 6, 5, 9, 9, 6, 9, 4, 3, 8, 10, 9, 6, 6, 5, 8, 7, 9, 10, 4, 7, 3, 7, 10, 5, 2, 1, 6, 4, 9, 7, 1, 2, 5, 1, 2, 2, 4, 3, 3, 9, 1]
(0.3520947595742732, 1.1853664288297312, 0.3523131199310558)
[7, 5, 9, 8, 4, 9, 8, 8, 10, 9, 4, 6, 8, 9, 6, 9, 4, 5, 8, 6, 10, 9, 5, 9, 1, 6, 9, 7, 6, 8, 10, 9, 8, 6, 9, 8, 7, 9, 10, 3, 7, 3, 7, 10, 6, 1, 10, 6, 6, 10, 2, 10, 5, 5, 1, 5, 4, 3, 3, 3, 9, 1]
(0.35219689336183213, 1.1855595463886874, 0.3522485935481002)
[7, 5, 9, 8, 4, 3, 8, 7, 8, 9, 10, 6, 8, 5, 10, 10, 5, 8, 7, 9, 10, 9, 5, 7, 7, 6, 9, 6, 3, 8, 10, 4, 8, 6, 9, 3, 7, 9, 10, 4, 10, 3, 7, 6, 2, 4, 7, 7, 5, 9, 8, 5, 10, 5, 1, 2, 4, 3, 3, 6, 5, 1]
(0.26812063083627236, 0.5096505656572333, 1.1521837556642571)
[7, 5, 9, 8, 4, 3, 8, 7, 8, 9, 10, 6, 8, 5, 10, 10, 5, 8, 7, 9, 10, 9, 5, 7, 7, 6, 9, 8, 3, 7, 10, 4, 8, 6, 9, 3, 7, 9, 10, 4, 10, 3, 7, 6, 2, 4, 7, 7, 5, 9, 8, 5, 10, 5, 1, 2, 4, 3, 3, 6, 5, 1]
(0.2682554424449239, 0.5096789322527401, 1.1520318682986475)
[6, 5, 1, 3, 4, 9, 8, 7, 1, 9, 7, 7, 2, 7, 8, 10, 4, 4, 7, 3, 7, 7, 10, 7, 9, 9, 9, 7, 3, 6, 4, 5, 10, 6, 9, 8, 9, 8, 8, 5, 7, 3, 7, 8, 5, 2, 4, 5, 6, 10, 2, 10, 5, 5, 2, 2, 2, 3, 4, 5, 8, 10]
(1.079927659138501, 0.7049555532261731, 0.2815191171471937)
[6, 5, 1, 3, 4, 9, 8, 7, 1, 9, 7, 7, 2, 7, 8, 10, 4, 4, 7, 3, 7, 7, 10, 7, 9, 9, 9, 7, 3, 6, 4, 5, 10, 6, 9, 8, 9, 8, 8, 5, 7, 3, 7, 8, 5, 2, 4, 5, 6, 10, 2, 10, 5, 5, 2, 2, 2, 3, 4, 5, 8, 10]
(1.079927659138501, 0.7049555532261731, 0.2815191171471937)
[6, 5, 1, 3, 4, 9, 8, 7, 1, 9, 7, 7, 2, 7, 8, 10, 4, 4, 7, 3, 7, 7, 10, 7, 9, 9, 9, 7, 3, 6, 4, 5, 10, 6, 9, 8, 9, 8, 8, 5, 7, 3, 7, 8, 5, 2, 4, 5, 6, 10, 2, 10, 5, 5, 2, 2, 2, 3, 4, 5, 8, 10]
(1.079927659138501, 0.7049555532261731, 0.2815191171471937)
[6, 5, 1, 3, 4, 9, 8, 7, 1, 9, 7, 7, 2, 7, 8, 10, 4, 4, 7, 3, 7, 7, 10, 7, 9, 9, 9, 7, 3, 6, 4, 5, 10, 6, 9, 8, 9, 8, 8, 5, 7, 3, 7, 8, 5, 2, 4, 5, 6, 10, 2, 10, 5, 5, 2, 2, 2, 3, 4, 5, 8, 10]
(1.079927659138501, 0.7049555532261731, 0.2815191171471937)
[6, 5, 1, 3, 4, 9, 8, 7, 1, 9, 7, 7, 2, 7, 8, 10, 4, 4, 7, 3, 7, 7, 10, 7, 9, 9, 9, 7, 3, 6, 4, 5, 10, 6, 9, 8, 9, 8, 8, 5, 7, 3, 7, 8, 5, 2, 4, 5, 6, 10, 2, 10, 5, 5, 2, 2, 2, 3, 4, 5, 8, 10]
(1.079927659138501, 0.7049555532261731, 0.2815191171471937)
[7, 5, 9, 8, 4, 3, 8, 7, 10, 9, 4, 6, 8, 5, 10, 10, 5, 8, 7, 9, 10, 9, 6, 7, 7, 6, 9, 6, 3, 8, 10, 9, 8, 5, 9, 3, 7, 9, 10, 5, 3, 3, 7, 6, 2, 4, 3, 7, 5, 9, 8, 5, 10, 5, 1, 1, 4, 3, 3, 6, 9, 1]
(0.26794942457080523, 0.7142421406880024, 1.1523267160736321)
[7, 7, 9, 8, 4, 3, 8, 9, 10, 9, 5, 6, 7, 5, 10, 10, 5, 8, 7, 9, 10, 9, 6, 4, 7, 6, 9, 6, 3, 7, 10, 9, 8, 6, 9, 3, 7, 9, 10, 5, 10, 3, 7, 6, 2, 4, 7, 7, 5, 9, 8, 5, 10, 5, 1, 2, 4, 3, 3, 6, 6, 1]
(0.2682553953043023, 0.7132207373902204, 1.1531318681644491)
[7, 5, 9, 8, 4, 3, 8, 7, 10, 9, 4, 6, 8, 5, 10, 10, 4, 8, 7, 9, 10, 9, 6, 7, 7, 6, 9, 6, 3, 8, 10, 4, 8, 5, 9, 3, 7, 9, 10, 5, 10, 3, 7, 3, 2, 8, 7, 7, 5, 9, 8, 5, 10, 5, 1, 2, 4, 3, 3, 6, 9, 1]
(0.2681509353777403, 0.7144925378635528, 1.1527440156642772)
[7, 7, 9, 8, 4, 3, 8, 7, 10, 9, 4, 6, 8, 5, 10, 10, 4, 8, 7, 9, 10, 9, 6, 7, 7, 6, 9, 6, 3, 8, 10, 4, 8, 5, 9, 3, 7, 9, 10, 5, 10, 3, 7, 6, 4, 8, 10, 7, 5, 9, 5, 5, 7, 5, 1, 2, 4, 3, 1, 6, 9, 1]
(0.26825614737336384, 0.7149901732429864, 1.1521478386673134)
[7, 5, 9, 8, 4, 3, 8, 7, 10, 9, 4, 6, 8, 5, 10, 10, 3, 8, 7, 6, 4, 9, 6, 7, 7, 6, 9, 6, 3, 8, 10, 9, 8, 5, 9, 3, 7, 9, 10, 5, 10, 3, 7, 3, 2, 4, 7, 7, 5, 9, 8, 5, 10, 5, 1, 2, 4, 3, 3, 6, 9, 1]
(0.26780616682229136, 0.7146178969368341, 1.153914356468627)
[7, 5, 9, 8, 4, 3, 8, 9, 10, 9, 3, 6, 7, 5, 10, 10, 5, 8, 8, 9, 10, 9, 6, 7, 7, 6, 9, 6, 3, 8, 10, 9, 8, 5, 8, 3, 7, 9, 10, 5, 10, 3, 7, 6, 2, 4, 7, 7, 5, 9, 8, 5, 10, 5, 1, 2, 4, 3, 3, 6, 9, 1]
(0.26809723751254366, 0.712963560037315, 1.1552902249958181)
[7, 5, 9, 8, 4, 3, 8, 9, 10, 9, 5, 6, 7, 5, 10, 10, 5, 8, 7, 9, 10, 9, 6, 7, 7, 6, 9, 6, 3, 7, 10, 9, 8, 6, 9, 3, 7, 9, 10, 5, 10, 3, 7, 6, 2, 4, 7, 7, 5, 9, 8, 5, 10, 5, 1, 2, 4, 3, 3, 6, 6, 1]
(0.2681535770979078, 0.7138092920556667, 1.1543907994434175)
[7, 7, 9, 8, 4, 3, 8, 7, 10, 9, 4, 6, 8, 5, 10, 10, 4, 8, 7, 9, 10, 9, 6, 7, 7, 6, 9, 6, 3, 8, 10, 9, 8, 6, 9, 3, 7, 9, 10, 4, 10, 3, 7, 6, 2, 4, 7, 7, 5, 9, 8, 5, 10, 5, 1, 2, 4, 3, 3, 6, 9, 1]
(0.26803746110745447, 0.7143633684888484, 1.1542782356932861)
[7, 5, 9, 8, 4, 3, 8, 7, 10, 9, 10, 6, 8, 5, 10, 10, 5, 8, 7, 9, 10, 9, 5, 7, 7, 6, 9, 6, 3, 8, 10, 4, 8, 5, 9, 3, 7, 9, 10, 5, 10, 3, 7, 3, 2, 8, 7, 7, 5, 9, 8, 5, 10, 5, 1, 2, 4, 3, 3, 6, 9, 1]
(0.2681509353777403, 0.7150323377922179, 1.153832608082389)
[7, 5, 9, 8, 4, 3, 8, 7, 10, 9, 4, 6, 8, 5, 10, 10, 5, 8, 7, 9, 10, 9, 6, 7, 7, 6, 9, 6, 3, 8, 10, 9, 8, 5, 9, 3, 7, 9, 10, 7, 10, 6, 7, 6, 2, 4, 7, 7, 5, 9, 7, 5, 10, 5, 1, 2, 4, 3, 3, 6, 9, 1]
(0.268016934638107, 0.7144880538806322, 1.1545876274140974)
[7, 5, 9, 8, 4, 3, 8, 7, 10, 9, 4, 6, 8, 5, 10, 10, 5, 8, 7, 8, 10, 9, 6, 8, 7, 6, 9, 6, 3, 8, 10, 9, 8, 5, 9, 3, 7, 9, 10, 5, 10, 3, 7, 6, 2, 4, 7, 7, 5, 9, 8, 5, 10, 5, 1, 2, 4, 3, 3, 6, 9, 1]
(0.2679062311794771, 0.7147226273640993, 1.1548154546757776)
[7, 5, 9, 8, 4, 3, 8, 7, 10, 9, 4, 6, 8, 5, 10, 10, 5, 8, 7, 9, 10, 9, 6, 7, 7, 6, 9, 6, 3, 8, 10, 9, 8, 5, 9, 3, 7, 9, 10, 8, 10, 3, 7, 6, 2, 4, 5, 7, 5, 9, 7, 5, 10, 9, 1, 2, 4, 3, 3, 6, 9, 1]
(0.2680010120963278, 0.7140890864655378, 1.1556500145471569)
[7, 5, 9, 8, 4, 3, 8, 7, 10, 9, 4, 6, 8, 5, 10, 10, 5, 8, 7, 8, 10, 9, 6, 8, 7, 6, 9, 6, 3, 8, 10, 9, 8, 5, 9, 3, 7, 9, 10, 8, 10, 3, 7, 6, 2, 4, 7, 7, 5, 9, 7, 5, 10, 9, 1, 2, 4, 3, 3, 6, 9, 1]
(0.2679483299353767, 0.7144455667957665, 1.1556176008206398)
[7, 5, 9, 8, 4, 3, 8, 7, 10, 9, 4, 6, 8, 5, 10, 10, 4, 8, 7, 9, 10, 9, 6, 7, 7, 6, 9, 6, 3, 6, 10, 4, 8, 5, 9, 3, 7, 9, 10, 5, 10, 3, 7, 3, 2, 4, 7, 7, 5, 9, 7, 5, 10, 9, 1, 2, 4, 3, 3, 6, 9, 1]
(0.26818030448822755, 0.7145124546065929, 1.1553955553616646)
[6, 5, 1, 3, 4, 9, 8, 7, 1, 9, 7, 6, 2, 7, 8, 10, 2, 4, 7, 3, 10, 7, 6, 7, 9, 9, 9, 7, 3, 8, 10, 5, 10, 6, 9, 8, 9, 8, 8, 5, 10, 3, 7, 5, 5, 2, 4, 4, 6, 10, 2, 10, 7, 5, 2, 2, 2, 3, 4, 5, 8, 10]
(1.0804258717553288, 1.1674850648269073, 0.2798594742536033)
[6, 5, 1, 3, 4, 9, 8, 8, 1, 9, 7, 6, 2, 7, 8, 10, 3, 4, 7, 3, 10, 7, 6, 7, 9, 9, 9, 7, 3, 8, 10, 5, 10, 6, 9, 8, 9, 8, 8, 5, 10, 3, 7, 5, 5, 2, 6, 5, 6, 10, 2, 10, 3, 5, 2, 2, 2, 3, 4, 5, 8, 10]
(1.0797072428494152, 1.168785123340787, 0.28035497776527674)
[6, 5, 1, 3, 4, 9, 8, 7, 1, 9, 7, 7, 2, 7, 8, 10, 4, 4, 7, 3, 7, 7, 6, 7, 9, 9, 9, 7, 3, 6, 4, 5, 10, 6, 9, 8, 9, 8, 8, 5, 7, 3, 7, 8, 5, 2, 4, 5, 6, 10, 2, 10, 5, 5, 2, 2, 2, 3, 4, 5, 8, 10]
(1.073540392630324, 1.1743810037150997, 0.28172055252952355)
[6, 5, 1, 3, 4, 9, 8, 6, 1, 9, 7, 6, 2, 7, 8, 10, 3, 4, 7, 3, 10, 7, 6, 6, 9, 9, 9, 7, 3, 8, 10, 5, 10, 6, 9, 8, 9, 8, 8, 5, 10, 3, 7, 5, 5, 2, 4, 5, 6, 10, 2, 10, 3, 5, 2, 2, 2, 3, 4, 5, 8, 10]
(1.07759579967582, 1.1724510854110137, 0.2806326586310625)
[6, 5, 1, 3, 4, 9, 8, 6, 1, 9, 7, 6, 2, 7, 8, 10, 3, 4, 7, 3, 10, 7, 6, 6, 9, 9, 9, 7, 3, 8, 10, 5, 10, 6, 9, 8, 9, 8, 8, 5, 10, 3, 7, 5, 5, 2, 4, 5, 6, 10, 2, 10, 3, 5, 2, 2, 2, 3, 4, 5, 8, 10]
(1.07759579967582, 1.1724510854110137, 0.2806326586310625)
[6, 5, 1, 3, 4, 9, 8, 7, 1, 9, 7, 7, 2, 7, 8, 10, 4, 4, 7, 3, 7, 7, 10, 7, 9, 9, 9, 7, 3, 6, 4, 5, 10, 6, 9, 8, 9, 8, 8, 5, 7, 3, 7, 8, 5, 2, 4, 8, 6, 10, 2, 10, 5, 5, 2, 2, 2, 3, 4, 5, 8, 10]
(1.0800433921192134, 1.1731650555506363, 0.28084127247068386)
[6, 5, 1, 3, 4, 9, 8, 7, 1, 9, 7, 6, 2, 7, 8, 10, 3, 4, 7, 3, 10, 6, 6, 7, 9, 9, 9, 7, 3, 8, 10, 5, 10, 6, 9, 8, 9, 8, 8, 5, 10, 3, 7, 5, 5, 2, 4, 4, 6, 10, 2, 10, 3, 5, 2, 2, 2, 3, 4, 5, 8, 10]
(1.0792691904361573, 1.1744525248184816, 0.28047081127059)
[6, 5, 1, 3, 4, 9, 8, 7, 1, 9, 7, 6, 2, 7, 8, 10, 3, 4, 7, 3, 10, 6, 6, 7, 9, 9, 9, 7, 3, 8, 10, 5, 10, 6, 9, 8, 9, 8, 8, 5, 10, 3, 7, 5, 5, 2, 4, 4, 6, 10, 2, 10, 3, 5, 2, 2, 2, 3, 4, 5, 8, 10]
(1.0792691904361573, 1.1744525248184816, 0.28047081127059)
[6, 5, 1, 3, 4, 10, 8, 7, 1, 9, 7, 6, 4, 7, 8, 10, 3, 8, 5, 3, 7, 4, 6, 7, 10, 6, 9, 7, 3, 8, 10, 9, 8, 6, 8, 6, 7, 9, 5, 5, 10, 3, 7, 6, 5, 3, 7, 6, 5, 9, 8, 6, 2, 6, 1, 2, 2, 3, 4, 5, 8, 10]
(1.073737483586132, 1.1845409704372305, 0.2815688640351448)
[7, 7, 9, 3, 1, 3, 8, 9, 7, 9, 10, 6, 5, 3, 5, 10, 3, 8, 7, 6, 6, 9, 6, 7, 8, 9, 9, 6, 3, 8, 10, 9, 8, 6, 9, 7, 3, 9, 10, 5, 10, 3, 7, 3, 2, 9, 7, 7, 5, 9, 8, 5, 7, 5, 1, 2, 4, 3, 1, 6, 9, 1]
(0.2671358628333329, 1.180030031688513, 1.1505111932388248)
[7, 7, 9, 8, 1, 3, 8, 8, 7, 9, 10, 6, 5, 3, 5, 10, 3, 5, 7, 6, 6, 9, 6, 7, 8, 9, 9, 4, 3, 5, 10, 9, 8, 6, 9, 3, 7, 9, 10, 5, 10, 2, 7, 6, 4, 2, 4, 7, 5, 9, 8, 5, 7, 5, 1, 2, 4, 3, 1, 6, 9, 1]
(0.26728989959531363, 1.180772715248169, 1.1497269785443307)
[7, 7, 9, 8, 1, 3, 8, 8, 7, 9, 10, 6, 5, 3, 5, 10, 3, 8, 7, 6, 6, 9, 6, 7, 8, 9, 9, 6, 3, 8, 10, 9, 6, 6, 9, 3, 7, 9, 10, 5, 4, 3, 7, 3, 2, 9, 7, 7, 4, 9, 8, 5, 7, 5, 1, 2, 4, 3, 1, 6, 9, 1]
(0.2673680963240817, 1.1802275447174924, 1.1505171286747606)
[7, 7, 9, 8, 1, 3, 8, 8, 7, 9, 10, 6, 5, 3, 5, 10, 2, 4, 7, 6, 6, 9, 6, 7, 8, 9, 9, 6, 3, 8, 10, 9, 8, 6, 9, 3, 6, 9, 10, 2, 10, 3, 7, 6, 4, 2, 4, 7, 5, 9, 8, 5, 7, 5, 1, 2, 4, 3, 1, 6, 9, 1]
(0.26725579494936647, 1.180455104447903, 1.1504805113122445)
[7, 7, 9, 8, 1, 3, 8, 8, 7, 9, 3, 9, 5, 3, 5, 10, 3, 8, 6, 8, 6, 9, 6, 7, 6, 9, 9, 7, 3, 8, 10, 9, 8, 6, 9, 3, 6, 6, 10, 5, 10, 3, 7, 3, 2, 9, 7, 7, 4, 9, 8, 5, 7, 5, 1, 2, 4, 3, 1, 6, 9, 2]
(0.26751524300611074, 1.1800495246425287, 1.1506955130843042)
[7, 7, 9, 8, 1, 3, 8, 8, 7, 9, 10, 6, 5, 3, 5, 10, 3, 8, 7, 6, 6, 9, 6, 9, 8, 9, 9, 8, 3, 8, 10, 9, 8, 6, 9, 10, 3, 9, 10, 5, 10, 3, 7, 3, 2, 9, 7, 7, 5, 9, 8, 5, 7, 5, 1, 2, 4, 3, 1, 6, 9, 1]
(0.26712452316521446, 1.1789516268298046, 1.1527701751478736)
[7, 7, 9, 8, 1, 3, 8, 8, 7, 9, 10, 6, 5, 1, 5, 10, 3, 8, 7, 6, 6, 9, 6, 7, 8, 9, 9, 9, 3, 8, 10, 9, 8, 6, 9, 3, 7, 9, 10, 5, 4, 3, 7, 6, 4, 8, 4, 7, 5, 9, 8, 5, 7, 5, 1, 2, 4, 3, 1, 6, 9, 1]
(0.26733751606869394, 1.1809204569086449, 1.15066833442815)
[7, 4, 9, 8, 1, 3, 8, 8, 7, 9, 10, 6, 5, 3, 5, 10, 3, 8, 7, 6, 6, 9, 6, 7, 3, 9, 9, 6, 3, 8, 10, 9, 8, 6, 9, 3, 7, 9, 10, 5, 10, 3, 1, 6, 4, 2, 4, 7, 5, 9, 8, 5, 7, 5, 1, 2, 4, 3, 1, 6, 9, 1]
(0.2672914948272354, 1.1817266782745734, 1.1499115389376142)
[7, 7, 9, 8, 1, 3, 8, 10, 7, 9, 10, 6, 5, 3, 5, 10, 3, 8, 7, 6, 6, 9, 6, 7, 8, 9, 9, 4, 3, 8, 10, 9, 8, 6, 9, 3, 7, 9, 10, 5, 10, 3, 7, 6, 3, 2, 4, 7, 5, 9, 8, 5, 7, 5, 1, 2, 4, 3, 1, 6, 9, 1]
(0.2672635257596553, 1.1823517804965393, 1.1498639140787061)
[7, 7, 9, 8, 1, 3, 8, 8, 7, 9, 3, 9, 5, 3, 5, 10, 3, 3, 6, 6, 6, 9, 6, 7, 8, 9, 9, 6, 3, 8, 10, 9, 8, 6, 9, 3, 6, 9, 10, 9, 10, 3, 7, 6, 2, 9, 5, 7, 5, 9, 8, 5, 10, 5, 1, 2, 4, 3, 1, 6, 9, 1]
(0.26726555003833696, 1.1820845095440762, 1.1502954860522139)
[7, 7, 9, 8, 1, 3, 8, 8, 7, 9, 10, 6, 5, 3, 5, 10, 3, 8, 7, 6, 6, 9, 6, 7, 9, 9, 9, 7, 3, 8, 10, 9, 8, 6, 9, 6, 7, 9, 10, 5, 10, 3, 7, 6, 2, 4, 7, 7, 5, 9, 8, 5, 2, 5, 1, 2, 4, 3, 3, 6, 9, 1]
(0.26721914798118146, 1.181010125018658, 1.1514408971600947)
[7, 7, 9, 8, 1, 3, 8, 8, 7, 9, 10, 6, 5, 3, 5, 10, 3, 8, 7, 6, 6, 9, 6, 7, 8, 9, 9, 6, 3, 8, 10, 9, 8, 6, 9, 3, 7, 9, 10, 5, 10, 3, 7, 6, 4, 2, 4, 7, 5, 9, 8, 5, 7, 5, 1, 2, 4, 3, 1, 6, 9, 1]
(0.2672643074383954, 1.182219820655884, 1.1503271691192827)
[7, 7, 9, 8, 1, 3, 8, 8, 7, 9, 10, 6, 5, 3, 5, 10, 3, 8, 7, 6, 6, 9, 6, 7, 8, 9, 9, 6, 3, 8, 10, 9, 8, 6, 9, 3, 7, 9, 10, 5, 10, 3, 7, 6, 4, 2, 4, 7, 5, 9, 8, 5, 7, 5, 1, 2, 4, 3, 1, 6, 9, 1]
(0.2672643074383954, 1.182219820655884, 1.1503271691192827)
[7, 7, 9, 8, 1, 3, 8, 8, 7, 9, 10, 6, 5, 3, 5, 10, 3, 8, 7, 6, 6, 9, 6, 7, 8, 9, 9, 6, 3, 8, 10, 9, 8, 6, 9, 3, 7, 9, 10, 5, 10, 3, 7, 6, 4, 2, 4, 7, 5, 9, 8, 5, 7, 5, 1, 2, 4, 3, 1, 6, 9, 1]
(0.2672643074383954, 1.182219820655884, 1.1503271691192827)
[7, 7, 9, 8, 1, 3, 8, 8, 7, 9, 10, 6, 5, 3, 5, 10, 3, 8, 7, 6, 6, 9, 6, 7, 8, 9, 9, 6, 3, 8, 10, 9, 8, 6, 9, 3, 7, 9, 10, 5, 10, 3, 7, 6, 4, 2, 4, 7, 5, 9, 8, 5, 7, 5, 1, 2, 4, 3, 1, 6, 9, 1]
(0.2672643074383954, 1.182219820655884, 1.1503271691192827)
[7, 7, 9, 8, 1, 3, 8, 8, 7, 9, 10, 6, 5, 1, 5, 10, 3, 8, 7, 6, 6, 9, 6, 7, 8, 9, 9, 6, 3, 8, 10, 9, 8, 6, 9, 3, 7, 9, 10, 5, 10, 3, 7, 6, 4, 2, 4, 7, 5, 9, 8, 5, 7, 5, 1, 2, 4, 3, 1, 6, 9, 1]
(0.2672643074383954, 1.1821825528517382, 1.1504198460214494)
[7, 7, 9, 8, 1, 3, 8, 8, 7, 9, 10, 6, 5, 3, 5, 10, 3, 8, 7, 6, 6, 9, 6, 7, 8, 9, 9, 8, 3, 8, 10, 9, 8, 6, 9, 3, 7, 9, 10, 5, 10, 3, 7, 6, 4, 2, 4, 6, 5, 9, 8, 5, 7, 5, 1, 2, 4, 3, 1, 6, 9, 1]
(0.2672666963439129, 1.1815443696454184, 1.1512076043782054)
[7, 7, 9, 8, 1, 3, 8, 8, 7, 9, 10, 6, 5, 3, 5, 10, 3, 8, 7, 6, 6, 9, 6, 7, 9, 6, 9, 7, 3, 8, 10, 9, 8, 6, 9, 6, 7, 9, 10, 5, 10, 3, 7, 6, 2, 4, 7, 7, 5, 9, 8, 5, 2, 5, 1, 2, 4, 3, 3, 6, 9, 1]
(0.2672195183957449, 1.1814848618581908, 1.1513221242472158)
[7, 7, 9, 8, 1, 3, 8, 6, 7, 9, 10, 6, 5, 3, 5, 10, 3, 8, 7, 3, 6, 9, 6, 4, 8, 9, 9, 6, 3, 8, 10, 7, 8, 6, 9, 7, 3, 9, 10, 5, 10, 3, 7, 3, 2, 9, 7, 7, 5, 9, 8, 5, 7, 5, 1, 2, 4, 3, 1, 6, 9, 1]
(0.267216224256086, 1.1813577299937623, 1.1517820379453483)
[7, 7, 9, 8, 1, 3, 8, 8, 7, 9, 10, 6, 5, 3, 5, 10, 2, 4, 7, 6, 6, 9, 6, 7, 8, 9, 9, 6, 3, 8, 10, 7, 8, 6, 9, 7, 3, 9, 10, 5, 10, 3, 7, 3, 2, 9, 7, 7, 5, 9, 8, 5, 7, 5, 1, 2, 4, 3, 1, 6, 9, 1]
(0.267216224256086, 1.182590100727977, 1.1507810099771112)
[7, 7, 9, 8, 1, 3, 8, 8, 7, 9, 3, 9, 5, 3, 5, 10, 3, 8, 6, 6, 6, 9, 6, 7, 8, 9, 9, 7, 3, 8, 10, 9, 8, 6, 9, 3, 6, 9, 10, 5, 10, 3, 7, 3, 2, 9, 7, 7, 4, 9, 8, 5, 10, 9, 1, 2, 4, 3, 1, 6, 9, 1]
(0.26740448536093003, 1.180576823838057, 1.152995652830922)
[7, 7, 9, 8, 3, 3, 8, 8, 7, 9, 10, 6, 5, 3, 5, 10, 3, 8, 6, 6, 6, 9, 6, 7, 8, 9, 9, 7, 3, 8, 10, 9, 8, 6, 9, 3, 6, 9, 10, 5, 10, 2, 7, 6, 4, 2, 4, 7, 5, 9, 8, 5, 7, 5, 1, 2, 4, 3, 1, 6, 9, 1]
(0.26729059538082156, 1.1816707855090516, 1.1525600539356948)
[6, 5, 1, 3, 4, 9, 8, 7, 1, 9, 7, 7, 2, 7, 8, 10, 4, 4, 7, 3, 7, 7, 10, 7, 9, 9, 9, 7, 3, 6, 4, 5, 10, 6, 9, 9, 9, 8, 7, 7, 3, 3, 7, 8, 5, 2, 4, 5, 6, 10, 2, 10, 5, 5, 2, 2, 2, 3, 4, 5, 8, 10]
(1.0815559342043013, 0.6990868901833892, 1.1330161467177484)
[6, 5, 1, 3, 4, 9, 8, 7, 1, 9, 7, 7, 2, 7, 8, 10, 4, 4, 7, 3, 7, 7, 10, 7, 9, 9, 9, 7, 3, 6, 4, 5, 10, 6, 9, 9, 9, 8, 8, 7, 4, 3, 7, 8, 5, 2, 4, 5, 6, 10, 2, 10, 5, 5, 2, 2, 2, 3, 4, 5, 8, 10]
(1.0808505569491298, 0.7006474919244647, 1.1327276758037563)
[6, 5, 1, 2, 4, 9, 6, 10, 1, 9, 7, 6, 2, 7, 8, 10, 3, 4, 7, 3, 7, 7, 6, 7, 9, 9, 9, 7, 3, 10, 5, 6, 8, 6, 9, 8, 9, 9, 9, 6, 9, 3, 7, 7, 5, 2, 4, 5, 6, 10, 2, 9, 3, 5, 2, 2, 2, 3, 4, 5, 8, 10]
(1.0796286077692758, 0.6992059451714159, 1.1372218636171796)
[6, 5, 1, 3, 4, 9, 8, 7, 1, 9, 7, 7, 2, 7, 8, 10, 4, 4, 7, 3, 7, 7, 10, 7, 9, 9, 9, 7, 3, 6, 4, 5, 10, 6, 9, 8, 9, 8, 1, 5, 4, 3, 7, 8, 5, 2, 4, 5, 6, 10, 2, 10, 5, 5, 2, 2, 2, 3, 4, 5, 8, 10]
(1.0811590492878937, 0.7000271738693118, 1.137326233595014)
[6, 5, 1, 3, 4, 10, 8, 7, 1, 9, 7, 6, 5, 7, 8, 10, 3, 4, 7, 3, 7, 7, 6, 7, 9, 4, 9, 7, 3, 10, 5, 6, 8, 6, 9, 8, 9, 9, 9, 6, 9, 3, 7, 7, 5, 2, 4, 5, 6, 10, 8, 6, 2, 6, 1, 2, 2, 3, 4, 5, 8, 10]
(1.0747363007835558, 0.7017857621982694, 1.1458382354902164)
[6, 5, 3, 3, 4, 9, 8, 7, 1, 9, 7, 6, 6, 7, 8, 10, 3, 8, 7, 3, 7, 6, 6, 7, 9, 6, 9, 7, 3, 7, 10, 8, 8, 6, 9, 7, 7, 9, 9, 5, 10, 3, 7, 6, 5, 2, 7, 6, 5, 10, 8, 6, 2, 6, 1, 2, 2, 3, 4, 5, 8, 10]
(1.0767691452280022, 0.6984491008892656, 1.1483589532460083)
[6, 5, 1, 3, 4, 10, 8, 7, 1, 9, 7, 6, 5, 7, 8, 10, 3, 8, 7, 3, 7, 4, 6, 7, 10, 6, 8, 7, 3, 8, 10, 9, 8, 6, 8, 8, 9, 8, 8, 5, 10, 3, 7, 5, 5, 2, 4, 7, 6, 10, 2, 10, 3, 5, 2, 1, 2, 3, 4, 5, 8, 10]
(1.0756672349065775, 0.7045568236336113, 1.146027198954185)
[6, 5, 1, 3, 4, 9, 8, 7, 1, 9, 7, 7, 2, 7, 8, 10, 4, 4, 7, 3, 7, 7, 6, 7, 9, 6, 9, 7, 3, 8, 10, 8, 8, 6, 2, 6, 9, 9, 10, 5, 10, 3, 7, 6, 5, 2, 7, 6, 5, 9, 8, 6, 2, 10, 1, 2, 2, 3, 4, 5, 8, 10]
(1.073527455792878, 1.1725269367918387, 1.1312599118842823)
[6, 5, 1, 3, 4, 9, 8, 7, 1, 9, 7, 6, 2, 7, 8, 10, 3, 4, 7, 3, 10, 7, 6, 7, 9, 9, 9, 7, 3, 8, 10, 5, 8, 6, 9, 8, 9, 8, 8, 5, 10, 3, 7, 5, 5, 2, 4, 5, 6, 10, 2, 10, 3, 5, 2, 1, 2, 3, 4, 5, 8, 10]
(1.0757432503148567, 1.1648845484480275, 1.1379212868334183)
[6, 5, 1, 3, 4, 9, 8, 7, 1, 9, 7, 7, 2, 7, 8, 10, 4, 4, 7, 3, 7, 7, 10, 7, 9, 9, 9, 7, 3, 6, 4, 5, 10, 6, 9, 8, 9, 8, 1, 5, 4, 1, 7, 8, 5, 2, 4, 5, 6, 10, 2, 10, 5, 5, 2, 2, 2, 3, 4, 5, 8, 10]
(1.0808789649053472, 1.1589697899296894, 1.139291522502797)
[6, 5, 1, 3, 4, 9, 8, 7, 1, 9, 7, 7, 2, 7, 8, 10, 4, 4, 7, 3, 7, 7, 10, 6, 9, 9, 9, 7, 3, 6, 4, 5, 10, 6, 9, 9, 9, 8, 8, 7, 4, 3, 7, 8, 5, 2, 4, 5, 5, 10, 2, 10, 5, 5, 2, 2, 2, 3, 4, 5, 8, 10]
(1.077567903719876, 1.1710220834240332, 1.1337247471753442)
[6, 5, 1, 3, 4, 9, 8, 7, 1, 9, 7, 6, 2, 7, 8, 10, 3, 4, 7, 3, 10, 7, 6, 7, 9, 6, 9, 7, 3, 7, 10, 8, 8, 6, 8, 6, 7, 9, 8, 5, 10, 3, 7, 5, 5, 2, 4, 5, 6, 10, 2, 10, 3, 5, 2, 1, 2, 3, 4, 5, 8, 10]
(1.075845502907934, 1.1678096776828184, 1.139827367080965)
[6, 5, 1, 3, 4, 9, 8, 7, 1, 9, 7, 7, 2, 7, 8, 10, 4, 4, 7, 3, 7, 7, 10, 7, 9, 9, 9, 7, 3, 6, 4, 5, 10, 6, 9, 8, 9, 8, 8, 5, 4, 3, 7, 8, 5, 2, 4, 5, 6, 10, 2, 10, 5, 5, 2, 2, 2, 3, 4, 5, 8, 10]
(1.0810203033866623, 1.1652469264343395, 1.1375668849037495)
[6, 5, 1, 3, 4, 9, 8, 7, 1, 9, 7, 7, 2, 7, 8, 10, 4, 4, 7, 3, 7, 7, 10, 7, 9, 9, 9, 7, 3, 6, 4, 5, 10, 6, 9, 8, 9, 8, 8, 5, 4, 3, 7, 8, 5, 2, 4, 5, 6, 10, 2, 10, 5, 5, 2, 2, 2, 3, 4, 5, 8, 10]
(1.0810203033866623, 1.1652469264343395, 1.1375668849037495)
[6, 5, 1, 3, 3, 9, 8, 7, 1, 9, 7, 7, 2, 7, 8, 10, 4, 4, 7, 3, 7, 7, 10, 7, 9, 9, 9, 7, 3, 6, 4, 5, 10, 6, 9, 8, 9, 8, 8, 5, 4, 3, 7, 8, 5, 2, 4, 5, 6, 10, 5, 10, 5, 5, 2, 2, 2, 3, 4, 5, 8, 10]
(1.0809524738099447, 1.1652127506211414, 1.138115763782901)
[6, 5, 1, 3, 4, 9, 8, 7, 1, 9, 7, 7, 2, 7, 8, 10, 4, 4, 7, 8, 7, 7, 10, 7, 9, 9, 9, 7, 3, 6, 4, 5, 10, 6, 9, 8, 9, 8, 8, 5, 7, 3, 7, 8, 5, 2, 4, 5, 6, 10, 2, 10, 5, 5, 2, 2, 2, 3, 4, 5, 8, 10]
(1.0796419544127005, 1.1657665563747304, 1.1402044407313834)
[6, 5, 1, 3, 4, 10, 8, 7, 1, 9, 7, 6, 5, 7, 8, 10, 3, 8, 7, 3, 10, 4, 6, 7, 9, 6, 9, 7, 3, 8, 10, 9, 8, 6, 8, 6, 7, 9, 10, 5, 10, 3, 7, 7, 1, 3, 7, 6, 5, 9, 8, 6, 2, 6, 1, 2, 2, 3, 4, 5, 8, 10]
(1.0718687710658403, 1.1692699199542418, 1.145331134391177)
[6, 5, 1, 3, 4, 10, 8, 7, 1, 9, 7, 6, 5, 7, 8, 10, 3, 8, 7, 3, 10, 4, 6, 7, 9, 6, 9, 7, 3, 8, 10, 9, 8, 6, 8, 6, 7, 9, 10, 5, 10, 3, 7, 7, 1, 3, 7, 6, 5, 9, 8, 6, 2, 6, 1, 2, 2, 3, 4, 5, 8, 10]
(1.0718687710658403, 1.1692699199542418, 1.145331134391177)
[6, 5, 1, 3, 4, 9, 8, 7, 1, 9, 7, 7, 2, 7, 8, 10, 4, 4, 7, 8, 7, 7, 10, 7, 9, 9, 9, 7, 3, 6, 4, 5, 10, 6, 9, 8, 9, 8, 8, 5, 7, 3, 7, 8, 5, 3, 4, 5, 6, 10, 2, 10, 5, 5, 2, 2, 2, 3, 4, 5, 8, 10]
(1.0797333164547553, 1.1659131186082976, 1.141246902788491)
[6, 5, 1, 3, 4, 9, 8, 7, 1, 9, 7, 7, 2, 7, 8, 10, 4, 4, 7, 3, 7, 7, 6, 7, 9, 6, 9, 7, 3, 8, 10, 8, 8, 6, 8, 6, 7, 9, 10, 5, 10, 3, 7, 6, 5, 2, 7, 6, 5, 9, 8, 6, 2, 6, 1, 2, 2, 3, 4, 5, 8, 10]
(1.0746404583104432, 1.17242012191564, 1.1404248063227809)
[6, 5, 1, 3, 4, 9, 8, 7, 1, 9, 7, 6, 2, 7, 8, 10, 3, 4, 7, 3, 10, 7, 6, 7, 9, 9, 9, 7, 3, 8, 10, 9, 8, 6, 8, 6, 7, 9, 8, 5, 10, 3, 7, 5, 5, 2, 4, 5, 6, 10, 2, 10, 3, 5, 2, 1, 2, 3, 4, 5, 8, 10]
(1.0777624504492762, 1.1682109279558077, 1.1430723093611315)
[6, 5, 1, 3, 4, 9, 8, 7, 1, 9, 8, 6, 2, 7, 8, 10, 3, 8, 7, 3, 10, 4, 6, 7, 9, 6, 9, 7, 3, 8, 10, 9, 8, 6, 8, 6, 7, 9, 10, 5, 10, 3, 7, 7, 1, 3, 7, 6, 5, 9, 8, 6, 2, 6, 1, 2, 2, 3, 4, 5, 8, 10]
(1.0706636451930214, 1.1799503011629002, 1.1405036731843423)
[6, 5, 1, 3, 4, 9, 8, 8, 1, 9, 7, 6, 5, 7, 8, 10, 3, 8, 7, 3, 7, 5, 6, 7, 6, 6, 9, 7, 3, 8, 10, 8, 8, 6, 8, 6, 7, 9, 7, 5, 10, 4, 7, 6, 4, 3, 7, 6, 5, 9, 8, 6, 2, 6, 1, 2, 2, 3, 4, 5, 8, 10]
(1.073550630921119, 1.1746329179033652, 1.1436144694912562)
[6, 5, 1, 3, 4, 9, 8, 8, 1, 9, 7, 6, 5, 7, 8, 10, 3, 8, 7, 3, 7, 4, 6, 7, 10, 6, 9, 7, 3, 8, 10, 8, 8, 6, 8, 6, 7, 9, 7, 5, 10, 4, 7, 6, 10, 3, 7, 6, 5, 9, 8, 6, 2, 6, 1, 2, 2, 3, 4, 5, 8, 10]
(1.0739939079319407, 1.1751498198136705, 1.1445015877957083)
[6, 5, 1, 3, 4, 9, 8, 8, 1, 9, 7, 6, 5, 7, 8, 10, 3, 8, 7, 3, 7, 4, 6, 7, 10, 6, 9, 7, 3, 8, 10, 8, 8, 6, 8, 6, 7, 9, 7, 5, 10, 4, 7, 6, 10, 3, 7, 6, 5, 9, 8, 6, 2, 6, 1, 2, 2, 3, 4, 5, 8, 10]
(1.0739939079319407, 1.1751498198136705, 1.1445015877957083)
[6, 5, 1, 3, 4, 9, 8, 8, 1, 9, 7, 6, 5, 7, 8, 10, 3, 8, 7, 3, 7, 4, 6, 7, 10, 6, 9, 7, 3, 8, 10, 8, 8, 6, 8, 6, 7, 9, 7, 5, 10, 4, 7, 6, 10, 3, 7, 6, 5, 9, 8, 6, 2, 6, 1, 2, 2, 3, 4, 5, 8, 10]
(1.0739939079319407, 1.1751498198136705, 1.1445015877957083)
[6, 5, 3, 3, 4, 9, 8, 6, 1, 9, 7, 6, 5, 7, 8, 10, 3, 8, 7, 3, 7, 4, 6, 7, 10, 6, 9, 7, 3, 8, 10, 9, 8, 6, 8, 6, 7, 9, 5, 5, 10, 3, 7, 6, 9, 2, 7, 6, 5, 10, 8, 6, 2, 6, 1, 2, 2, 3, 4, 5, 8, 10]
(1.0755045131265104, 1.1709239808842555, 1.1479527985561235)
[6, 5, 1, 3, 4, 9, 8, 7, 1, 9, 7, 6, 4, 7, 8, 10, 3, 8, 7, 3, 7, 4, 6, 7, 9, 6, 9, 7, 3, 8, 10, 8, 8, 6, 8, 6, 7, 9, 10, 5, 10, 3, 7, 6, 5, 2, 7, 6, 5, 9, 8, 6, 2, 6, 1, 2, 2, 3, 4, 5, 8, 10]
(1.073219619829548, 1.1773536207154411, 1.1449320259126978)
[6, 5, 1, 3, 4, 10, 8, 7, 1, 9, 7, 6, 5, 7, 8, 10, 3, 8, 7, 3, 7, 4, 6, 7, 10, 6, 9, 7, 3, 8, 10, 9, 8, 6, 8, 6, 7, 9, 5, 5, 10, 3, 7, 6, 5, 2, 7, 6, 5, 9, 8, 6, 2, 6, 1, 2, 2, 3, 4, 5, 8, 10]
(1.0719084543448862, 1.1814648794010298, 1.1457389675060734)
[6, 5, 1, 3, 4, 10, 8, 7, 1, 9, 7, 6, 5, 7, 8, 10, 3, 8, 7, 3, 7, 4, 6, 7, 10, 6, 9, 7, 3, 8, 10, 9, 8, 6, 8, 6, 7, 9, 5, 5, 10, 3, 7, 6, 5, 2, 7, 6, 5, 9, 8, 6, 2, 6, 1, 2, 2, 3, 4, 5, 8, 10]
(1.0719084543448862, 1.1814648794010298, 1.1457389675060734)
[6, 5, 1, 3, 4, 10, 8, 7, 1, 9, 7, 6, 5, 7, 8, 10, 3, 8, 7, 3, 7, 4, 6, 7, 10, 6, 9, 7, 3, 8, 10, 9, 8, 6, 8, 6, 7, 9, 5, 5, 10, 3, 7, 6, 5, 2, 7, 6, 5, 9, 8, 6, 2, 6, 1, 2, 2, 3, 4, 5, 8, 10]
(1.0719084543448862, 1.1814648794010298, 1.1457389675060734)
[6, 5, 1, 3, 4, 9, 8, 7, 1, 9, 7, 6, 4, 7, 8, 10, 3, 8, 5, 3, 7, 4, 6, 7, 10, 6, 9, 7, 3, 8, 10, 9, 8, 9, 8, 6, 7, 9, 5, 5, 10, 3, 7, 6, 5, 3, 7, 6, 5, 9, 8, 6, 2, 6, 1, 2, 2, 3, 4, 5, 8, 10]
(1.0735770015071935, 1.1808915166184322, 1.1460541388657413)
[6, 5, 1, 3, 4, 9, 8, 7, 1, 9, 7, 6, 4, 7, 8, 10, 3, 8, 5, 3, 7, 4, 6, 7, 10, 6, 9, 7, 3, 8, 10, 9, 8, 9, 8, 6, 7, 9, 5, 5, 10, 3, 7, 6, 5, 3, 7, 6, 5, 9, 8, 6, 2, 6, 1, 2, 2, 3, 4, 5, 8, 10]
(1.0735770015071935, 1.1808915166184322, 1.1460541388657413)
[6, 5, 1, 3, 4, 10, 8, 7, 1, 9, 7, 6, 5, 7, 8, 10, 3, 8, 7, 3, 7, 5, 6, 7, 10, 6, 9, 7, 3, 8, 10, 9, 8, 6, 8, 6, 7, 9, 5, 5, 10, 3, 7, 7, 1, 3, 7, 6, 5, 9, 8, 6, 2, 6, 1, 2, 2, 3, 4, 5, 8, 10]
(1.0739107625854962, 1.1796324742957967, 1.1476845336577226)
