[5, 2, 1, 3, 9, 5, 8, 9, 5, 6, 10, 9, 8, 5, 5, 5, 7, 8, 7, 1, 2, 4, 8, 2, 8, 8, 9, 8, 4, 10, 5, 7, 9, 8, 7, 6, 10, 10, 7, 6, 10, 1, 7, 8, 5, 7, 7, 9, 5, 9, 8, 1, 2, 9, 6, 4, 1, 4, 4, 6, 2, 1]
(0.4958897468242366, 0.5461042474185951, 0.1852316849827997)
[5, 2, 1, 3, 9, 5, 8, 9, 5, 6, 10, 9, 8, 5, 5, 5, 7, 8, 7, 1, 2, 4, 8, 2, 8, 8, 9, 8, 4, 10, 5, 7, 9, 8, 7, 6, 10, 10, 7, 6, 10, 1, 7, 8, 5, 7, 7, 9, 5, 9, 8, 1, 2, 9, 6, 4, 1, 4, 4, 6, 2, 1]
(0.4958897468242366, 0.5461042474185951, 0.1852316849827997)
[5, 2, 1, 3, 9, 5, 8, 9, 5, 6, 10, 9, 8, 5, 5, 5, 7, 8, 7, 1, 2, 4, 8, 2, 8, 8, 9, 8, 4, 10, 5, 7, 9, 8, 7, 6, 10, 10, 7, 6, 10, 1, 7, 8, 5, 7, 7, 9, 6, 9, 8, 1, 2, 9, 6, 4, 1, 4, 4, 6, 2, 1]
(0.5017496294646379, 0.5472101730051556, 0.18653935399381802)
[5, 2, 1, 3, 9, 5, 8, 9, 5, 6, 10, 9, 8, 5, 5, 5, 7, 8, 7, 1, 2, 4, 8, 2, 8, 8, 9, 8, 4, 10, 5, 7, 9, 8, 7, 6, 10, 10, 7, 6, 10, 1, 7, 8, 5, 7, 7, 9, 6, 9, 8, 1, 2, 9, 6, 4, 1, 4, 4, 6, 2, 1]
(0.5017496294646379, 0.5472101730051556, 0.18653935399381802)
[5, 2, 1, 3, 9, 5, 8, 9, 5, 6, 10, 9, 8, 5, 5, 5, 7, 8, 7, 1, 2, 4, 8, 2, 8, 8, 9, 8, 4, 10, 5, 7, 9, 8, 7, 6, 10, 10, 7, 6, 10, 1, 7, 8, 5, 7, 7, 9, 6, 9, 8, 1, 2, 9, 6, 4, 1, 4, 4, 6, 2, 1]
(0.5017496294646379, 0.5472101730051556, 0.18653935399381802)
[5, 2, 1, 3, 9, 5, 8, 9, 5, 6, 10, 9, 8, 5, 5, 5, 7, 8, 7, 1, 2, 4, 8, 2, 8, 8, 9, 8, 4, 10, 5, 7, 9, 8, 7, 6, 10, 10, 7, 6, 10, 1, 7, 8, 5, 7, 7, 9, 6, 9, 8, 1, 2, 9, 6, 4, 1, 4, 4, 6, 2, 1]
(0.5017496294646379, 0.5472101730051556, 0.18653935399381802)
[5, 2, 1, 3, 9, 5, 8, 9, 5, 6, 10, 9, 8, 5, 5, 5, 7, 8, 7, 1, 2, 4, 8, 2, 8, 8, 9, 8, 4, 10, 5, 7, 9, 8, 7, 6, 10, 10, 7, 6, 10, 1, 7, 8, 5, 7, 7, 9, 6, 9, 8, 1, 2, 9, 6, 4, 1, 4, 4, 6, 2, 1]
(0.5017496294646379, 0.5472101730051556, 0.18653935399381802)
[5, 2, 1, 3, 9, 5, 8, 9, 5, 6, 10, 9, 8, 5, 5, 5, 7, 8, 7, 1, 2, 4, 8, 2, 8, 8, 9, 8, 4, 10, 5, 7, 9, 8, 7, 6, 10, 10, 7, 6, 10, 1, 7, 8, 5, 7, 7, 9, 6, 9, 8, 1, 2, 9, 6, 4, 1, 4, 4, 6, 2, 1]
(0.5017496294646379, 0.5472101730051556, 0.18653935399381802)
[5, 2, 1, 3, 9, 5, 8, 9, 5, 6, 10, 9, 8, 5, 5, 5, 7, 8, 7, 1, 2, 4, 8, 2, 8, 8, 9, 8, 4, 10, 5, 7, 9, 8, 7, 6, 10, 10, 7, 6, 10, 1, 7, 8, 5, 7, 7, 9, 6, 9, 8, 1, 2, 9, 6, 4, 1, 4, 4, 6, 2, 1]
(0.5017496294646379, 0.5472101730051556, 0.18653935399381802)
[5, 2, 1, 3, 9, 5, 8, 9, 5, 6, 10, 9, 8, 5, 5, 5, 7, 8, 7, 1, 2, 4, 8, 2, 8, 8, 9, 8, 4, 10, 5, 7, 9, 8, 7, 6, 10, 10, 7, 6, 10, 1, 7, 8, 5, 7, 7, 9, 6, 9, 8, 1, 2, 9, 6, 4, 1, 4, 4, 6, 2, 1]
(0.5017496294646379, 0.5472101730051556, 0.18653935399381802)
[5, 2, 1, 3, 3, 5, 8, 9, 7, 6, 3, 9, 8, 5, 9, 5, 7, 8, 7, 1, 2, 4, 8, 2, 8, 8, 9, 5, 4, 10, 5, 7, 6, 5, 5, 8, 10, 9, 7, 1, 10, 3, 10, 8, 2, 10, 7, 9, 5, 9, 8, 1, 2, 9, 6, 4, 1, 4, 4, 2, 2, 1]
(0.4169272002657427, 0.2972364289664422, 0.6325874443625842)
[5, 2, 1, 3, 3, 5, 8, 9, 7, 6, 3, 9, 8, 5, 9, 5, 7, 8, 7, 1, 2, 4, 8, 2, 8, 8, 9, 5, 4, 10, 5, 7, 6, 5, 5, 8, 10, 9, 7, 1, 10, 3, 10, 8, 2, 10, 7, 9, 5, 9, 8, 1, 2, 9, 6, 4, 1, 4, 4, 2, 2, 1]
(0.4169272002657427, 0.2972364289664422, 0.6325874443625842)
[5, 2, 1, 3, 3, 5, 8, 9, 7, 6, 3, 9, 8, 5, 9, 5, 7, 8, 7, 1, 2, 4, 8, 2, 8, 8, 9, 5, 4, 10, 5, 7, 6, 5, 5, 8, 10, 9, 7, 1, 10, 3, 10, 8, 2, 10, 7, 9, 5, 9, 8, 1, 2, 9, 6, 4, 1, 4, 4, 2, 2, 1]
(0.4169272002657427, 0.2972364289664422, 0.6325874443625842)
[5, 2, 1, 3, 3, 5, 8, 9, 7, 6, 3, 9, 8, 5, 9, 5, 7, 8, 7, 1, 2, 4, 8, 2, 8, 8, 9, 5, 4, 10, 5, 7, 6, 5, 5, 8, 10, 9, 7, 1, 10, 3, 10, 8, 2, 10, 7, 9, 5, 9, 8, 1, 2, 9, 6, 4, 1, 4, 4, 2, 2, 1]
(0.4169272002657427, 0.2972364289664422, 0.6325874443625842)
[7, 6, 4, 5, 8, 5, 9, 8, 6, 4, 4, 8, 4, 4, 6, 6, 10, 9, 9, 2, 8, 8, 4, 5, 6, 2, 8, 8, 9, 3, 7, 6, 6, 6, 9, 9, 4, 9, 9, 3, 9, 9, 8, 10, 9, 5, 4, 10, 3, 5, 8, 1, 3, 9, 6, 4, 4, 1, 4, 1, 9, 1]
(0.16687887096080217, 0.550837408261291, 0.6361480906834284)
[7, 6, 4, 5, 8, 5, 9, 8, 6, 4, 4, 8, 4, 4, 6, 6, 10, 9, 9, 2, 8, 8, 4, 5, 6, 2, 8, 8, 9, 3, 7, 6, 6, 6, 9, 9, 4, 9, 9, 3, 9, 9, 8, 10, 9, 5, 4, 10, 3, 5, 8, 1, 3, 9, 6, 4, 4, 1, 4, 1, 9, 1]
(0.16687887096080217, 0.550837408261291, 0.6361480906834284)
[5, 2, 1, 3, 9, 5, 8, 9, 7, 6, 10, 9, 8, 5, 9, 5, 7, 8, 9, 1, 2, 4, 8, 2, 8, 8, 9, 5, 4, 10, 5, 7, 9, 10, 7, 6, 10, 10, 7, 2, 10, 2, 7, 8, 5, 7, 7, 9, 5, 9, 8, 1, 2, 9, 6, 4, 1, 4, 4, 6, 2, 1]
(0.5026935143132714, 0.24195571920465425, 0.6379450834925382)
[5, 2, 1, 3, 9, 5, 8, 9, 7, 6, 10, 9, 8, 5, 9, 5, 7, 8, 9, 1, 2, 4, 8, 2, 8, 8, 9, 5, 4, 10, 5, 7, 9, 10, 7, 6, 10, 10, 7, 2, 10, 2, 7, 8, 5, 7, 7, 9, 5, 9, 8, 1, 2, 9, 6, 4, 1, 4, 4, 6, 2, 1]
(0.5026935143132714, 0.24195571920465425, 0.6379450834925382)
[5, 2, 1, 2, 9, 5, 8, 9, 7, 6, 3, 9, 8, 5, 9, 5, 7, 8, 3, 1, 2, 4, 10, 2, 8, 8, 9, 5, 4, 10, 5, 7, 6, 5, 5, 8, 10, 9, 7, 1, 10, 3, 10, 8, 5, 10, 7, 9, 5, 9, 8, 1, 2, 9, 6, 4, 2, 4, 4, 2, 2, 1]
(0.4168518100637552, 0.38613664275035126, 0.6356085462276094)
[5, 2, 1, 2, 9, 5, 8, 9, 7, 6, 3, 9, 8, 5, 9, 5, 7, 8, 3, 1, 2, 4, 10, 2, 8, 8, 9, 5, 4, 10, 5, 7, 6, 5, 5, 8, 10, 9, 7, 1, 10, 3, 10, 8, 5, 10, 7, 9, 5, 9, 8, 1, 2, 9, 6, 4, 2, 4, 4, 2, 2, 1]
(0.4168518100637552, 0.38613664275035126, 0.6356085462276094)
[5, 2, 1, 2, 9, 5, 8, 9, 7, 6, 3, 9, 8, 5, 9, 5, 7, 8, 3, 1, 2, 4, 10, 2, 8, 8, 9, 5, 4, 10, 5, 7, 6, 5, 5, 8, 10, 9, 7, 1, 10, 3, 10, 8, 5, 10, 7, 9, 5, 9, 8, 1, 2, 9, 6, 4, 2, 4, 4, 2, 2, 1]
(0.4168518100637552, 0.38613664275035126, 0.6356085462276094)
[5, 2, 1, 2, 9, 5, 8, 9, 7, 6, 3, 9, 8, 5, 9, 5, 7, 8, 3, 1, 2, 4, 10, 2, 8, 8, 9, 5, 4, 10, 5, 7, 6, 5, 5, 8, 10, 9, 7, 1, 10, 3, 10, 8, 5, 10, 7, 9, 5, 9, 8, 1, 2, 9, 6, 4, 2, 4, 4, 2, 2, 1]
(0.4168518100637552, 0.38613664275035126, 0.6356085462276094)
[5, 2, 2, 3, 9, 5, 8, 9, 7, 6, 10, 9, 8, 5, 9, 5, 8, 8, 3, 1, 2, 4, 8, 2, 8, 8, 9, 5, 4, 10, 8, 3, 10, 10, 7, 6, 10, 10, 8, 6, 10, 10, 7, 8, 5, 7, 7, 9, 5, 9, 8, 1, 2, 9, 6, 4, 1, 4, 4, 6, 2, 1]
(0.5289063461483807, 0.2955962220228513, 0.6343500277541939)
[5, 2, 2, 3, 9, 5, 8, 9, 7, 6, 10, 9, 8, 5, 9, 5, 8, 8, 3, 1, 2, 4, 8, 2, 8, 8, 9, 5, 4, 10, 8, 3, 10, 10, 7, 6, 10, 10, 8, 6, 10, 10, 7, 8, 5, 7, 7, 9, 5, 9, 8, 1, 2, 9, 6, 4, 1, 4, 4, 6, 2, 1]
(0.5289063461483807, 0.2955962220228513, 0.6343500277541939)
[5, 2, 2, 3, 9, 5, 8, 9, 7, 6, 10, 9, 8, 5, 9, 5, 8, 8, 3, 1, 2, 4, 8, 2, 8, 8, 9, 5, 4, 10, 8, 3, 10, 10, 7, 6, 10, 10, 8, 6, 10, 10, 7, 8, 5, 7, 7, 9, 5, 9, 8, 1, 2, 9, 6, 4, 1, 4, 4, 6, 2, 1]
(0.5289063461483807, 0.2955962220228513, 0.6343500277541939)
[5, 2, 2, 3, 9, 5, 8, 9, 7, 6, 10, 9, 8, 5, 9, 5, 8, 8, 3, 1, 2, 4, 8, 2, 8, 8, 9, 5, 4, 10, 8, 3, 10, 10, 7, 6, 10, 10, 8, 6, 10, 10, 7, 8, 5, 7, 7, 9, 5, 9, 8, 1, 2, 9, 6, 4, 1, 4, 4, 6, 2, 1]
(0.5289063461483807, 0.2955962220228513, 0.6343500277541939)
[5, 10, 1, 3, 9, 5, 8, 9, 9, 6, 10, 9, 8, 5, 5, 5, 7, 7, 3, 1, 2, 4, 8, 2, 8, 8, 9, 5, 4, 10, 5, 3, 9, 10, 7, 8, 10, 10, 7, 2, 10, 1, 7, 8, 5, 7, 7, 9, 5, 9, 8, 1, 2, 9, 6, 4, 1, 4, 4, 6, 2, 1]
(0.5380144009004767, 0.290762447498652, 0.634706291521991)
[5, 10, 1, 3, 9, 5, 8, 9, 9, 6, 10, 9, 8, 5, 5, 5, 7, 7, 3, 1, 2, 4, 8, 2, 8, 8, 9, 5, 4, 10, 5, 3, 9, 10, 7, 8, 10, 10, 7, 2, 10, 1, 7, 8, 5, 7, 7, 9, 5, 9, 8, 1, 2, 9, 6, 4, 1, 4, 4, 6, 2, 1]
(0.5380144009004767, 0.290762447498652, 0.634706291521991)
[5, 10, 1, 3, 9, 5, 8, 9, 9, 6, 10, 9, 8, 5, 5, 5, 7, 7, 3, 1, 2, 4, 8, 2, 8, 8, 9, 5, 4, 10, 5, 3, 9, 10, 7, 8, 10, 10, 7, 2, 10, 1, 7, 8, 5, 7, 7, 9, 5, 9, 8, 1, 2, 9, 6, 4, 1, 4, 4, 6, 2, 1]
(0.5380144009004767, 0.290762447498652, 0.634706291521991)
[5, 2, 2, 3, 9, 5, 8, 9, 7, 6, 10, 9, 8, 5, 9, 10, 8, 8, 3, 1, 2, 4, 8, 2, 8, 8, 9, 5, 4, 10, 8, 3, 1, 10, 7, 8, 10, 10, 8, 6, 10, 10, 7, 8, 5, 7, 7, 9, 5, 9, 8, 1, 2, 9, 6, 4, 1, 4, 4, 6, 2, 1]
(0.5149659456938072, 0.3844969096254883, 0.6407573902627424)
[5, 8, 1, 3, 9, 4, 8, 9, 7, 6, 10, 9, 8, 7, 9, 8, 2, 8, 7, 1, 8, 9, 4, 2, 8, 8, 9, 5, 4, 10, 5, 7, 6, 5, 10, 8, 7, 9, 7, 1, 10, 3, 10, 8, 5, 10, 7, 9, 5, 9, 8, 9, 2, 9, 6, 4, 1, 4, 4, 6, 2, 1]
(0.40873475024550304, 0.9752320253290216, 0.20356222211956254)
[5, 8, 1, 3, 9, 4, 8, 9, 7, 6, 10, 9, 8, 7, 9, 8, 2, 8, 7, 1, 8, 9, 4, 2, 8, 8, 9, 5, 4, 10, 5, 7, 6, 5, 10, 8, 7, 9, 7, 1, 10, 3, 10, 8, 5, 10, 7, 9, 5, 9, 8, 9, 2, 9, 6, 4, 1, 4, 4, 6, 2, 1]
(0.40873475024550304, 0.9752320253290216, 0.20356222211956254)
[5, 8, 1, 3, 9, 4, 8, 9, 7, 6, 10, 9, 8, 7, 9, 8, 2, 8, 7, 1, 8, 9, 4, 2, 8, 8, 9, 5, 4, 10, 5, 7, 6, 5, 10, 8, 7, 9, 7, 1, 10, 3, 10, 8, 5, 10, 7, 9, 5, 9, 8, 9, 2, 9, 6, 4, 1, 4, 4, 6, 2, 1]
(0.40873475024550304, 0.9752320253290216, 0.20356222211956254)
[5, 8, 1, 3, 9, 4, 8, 9, 7, 6, 10, 9, 8, 7, 9, 8, 2, 8, 7, 1, 8, 9, 4, 2, 8, 8, 9, 5, 4, 10, 5, 7, 6, 5, 10, 8, 7, 9, 7, 1, 10, 3, 10, 8, 5, 10, 7, 9, 5, 9, 8, 9, 2, 9, 6, 4, 1, 4, 4, 6, 2, 1]
(0.40873475024550304, 0.9752320253290216, 0.20356222211956254)
[5, 8, 1, 3, 9, 4, 8, 9, 7, 6, 10, 9, 8, 7, 9, 8, 2, 8, 7, 1, 8, 9, 4, 2, 8, 8, 9, 5, 4, 10, 5, 7, 6, 5, 10, 8, 7, 9, 7, 1, 10, 3, 10, 8, 5, 10, 7, 9, 5, 9, 8, 9, 2, 9, 6, 4, 1, 4, 4, 6, 2, 1]
(0.40873475024550304, 0.9752320253290216, 0.20356222211956254)
[5, 8, 1, 3, 9, 4, 8, 9, 7, 6, 10, 9, 8, 7, 9, 8, 2, 8, 7, 1, 8, 9, 4, 2, 8, 8, 9, 5, 4, 10, 5, 7, 6, 5, 10, 8, 7, 9, 7, 1, 10, 3, 10, 8, 5, 10, 7, 9, 5, 9, 8, 9, 2, 9, 6, 4, 1, 4, 4, 6, 2, 1]
(0.40873475024550304, 0.9752320253290216, 0.20356222211956254)
[5, 8, 1, 3, 9, 4, 8, 9, 7, 6, 10, 9, 8, 7, 9, 8, 2, 8, 7, 1, 8, 9, 4, 2, 8, 8, 9, 5, 4, 10, 5, 7, 6, 5, 10, 8, 7, 9, 7, 1, 10, 3, 10, 8, 5, 10, 7, 9, 5, 9, 8, 9, 2, 9, 6, 4, 1, 4, 4, 6, 2, 1]
(0.40873475024550304, 0.9752320253290216, 0.20356222211956254)
[5, 8, 4, 2, 9, 5, 1, 9, 4, 2, 9, 9, 6, 10, 3, 10, 7, 8, 4, 4, 2, 9, 7, 5, 3, 9, 8, 8, 8, 6, 7, 7, 4, 9, 8, 10, 3, 9, 9, 1, 1, 9, 2, 6, 9, 7, 7, 10, 5, 9, 8, 3, 3, 8, 6, 6, 2, 2, 4, 2, 10, 1]
(0.41420326110599165, 0.5512865956670224, 0.6353406157480338)
[5, 8, 4, 2, 9, 5, 1, 9, 4, 2, 9, 9, 6, 10, 3, 10, 7, 8, 4, 4, 2, 9, 7, 5, 3, 9, 8, 8, 8, 6, 7, 7, 4, 9, 8, 10, 3, 9, 9, 1, 1, 9, 2, 6, 9, 7, 7, 10, 5, 9, 8, 3, 3, 8, 6, 6, 2, 2, 4, 2, 10, 1]
(0.41420326110599165, 0.5512865956670224, 0.6353406157480338)
[5, 8, 4, 2, 9, 5, 1, 9, 4, 2, 9, 9, 6, 10, 3, 10, 7, 8, 4, 4, 2, 9, 7, 5, 3, 9, 8, 8, 8, 6, 7, 7, 4, 9, 8, 10, 3, 9, 9, 1, 1, 9, 2, 6, 9, 7, 7, 10, 5, 9, 8, 3, 3, 8, 6, 6, 2, 2, 4, 2, 10, 1]
(0.41420326110599165, 0.5512865956670224, 0.6353406157480338)
[5, 8, 4, 2, 9, 5, 1, 9, 4, 2, 9, 9, 6, 10, 3, 10, 7, 8, 4, 4, 2, 9, 7, 5, 3, 9, 8, 8, 8, 6, 7, 7, 4, 9, 8, 10, 3, 9, 9, 1, 1, 9, 2, 6, 9, 7, 7, 10, 5, 9, 8, 3, 3, 8, 6, 6, 2, 2, 4, 2, 10, 1]
(0.41420326110599165, 0.5512865956670224, 0.6353406157480338)
[5, 8, 4, 2, 9, 5, 1, 9, 4, 2, 9, 9, 6, 10, 3, 10, 7, 8, 4, 4, 2, 9, 7, 5, 3, 9, 8, 8, 8, 6, 7, 7, 4, 9, 8, 10, 3, 9, 9, 1, 1, 9, 2, 6, 9, 7, 7, 10, 5, 9, 8, 3, 3, 8, 6, 6, 2, 2, 4, 2, 10, 1]
(0.41420326110599165, 0.5512865956670224, 0.6353406157480338)
[5, 8, 4, 2, 9, 5, 1, 9, 4, 2, 9, 9, 6, 10, 3, 10, 7, 8, 4, 4, 2, 9, 7, 5, 3, 9, 8, 8, 8, 6, 7, 7, 4, 9, 8, 10, 3, 9, 9, 1, 1, 9, 2, 6, 9, 7, 7, 10, 5, 9, 8, 3, 3, 8, 6, 6, 2, 2, 4, 2, 10, 1]
(0.41420326110599165, 0.5512865956670224, 0.6353406157480338)
[5, 2, 1, 3, 9, 5, 8, 9, 7, 6, 3, 9, 8, 5, 9, 5, 7, 8, 3, 1, 2, 4, 10, 2, 8, 8, 9, 5, 4, 9, 5, 1, 6, 5, 3, 8, 10, 9, 7, 1, 10, 3, 6, 8, 5, 7, 7, 9, 6, 9, 8, 5, 3, 9, 6, 4, 1, 4, 4, 2, 2, 1]
(0.41652926486332104, 0.5488462036354047, 0.637009933115292)
[9, 2, 1, 3, 9, 5, 8, 9, 7, 6, 10, 9, 8, 5, 9, 5, 7, 8, 3, 1, 4, 4, 8, 2, 8, 8, 9, 5, 4, 9, 7, 7, 4, 5, 3, 5, 10, 2, 7, 2, 10, 6, 7, 8, 5, 7, 7, 9, 5, 9, 8, 1, 3, 9, 6, 4, 1, 4, 4, 2, 2, 1]
(0.416055079151752, 0.5480420325801733, 0.642272601744977)
[9, 2, 1, 3, 9, 5, 8, 9, 7, 6, 10, 9, 8, 5, 9, 5, 7, 8, 3, 1, 4, 4, 8, 2, 8, 8, 9, 5, 4, 9, 7, 7, 4, 5, 3, 5, 10, 2, 7, 2, 10, 6, 7, 8, 5, 7, 7, 9, 5, 9, 8, 1, 3, 9, 6, 4, 1, 4, 4, 2, 2, 1]
(0.416055079151752, 0.5480420325801733, 0.642272601744977)
[9, 2, 1, 3, 9, 5, 8, 9, 7, 6, 10, 9, 8, 5, 9, 5, 7, 8, 3, 1, 4, 4, 8, 2, 8, 8, 9, 5, 4, 9, 7, 7, 4, 5, 3, 5, 10, 2, 7, 2, 10, 6, 7, 8, 5, 7, 7, 9, 5, 9, 8, 1, 3, 9, 6, 4, 1, 4, 4, 2, 2, 1]
(0.416055079151752, 0.5480420325801733, 0.642272601744977)
[9, 2, 1, 3, 9, 5, 8, 9, 7, 6, 10, 9, 8, 5, 9, 5, 7, 8, 3, 1, 4, 4, 8, 2, 8, 8, 9, 5, 4, 9, 7, 7, 4, 5, 3, 5, 10, 2, 7, 2, 10, 6, 7, 8, 5, 7, 7, 9, 5, 9, 8, 1, 3, 9, 6, 4, 1, 4, 4, 2, 2, 1]
(0.416055079151752, 0.5480420325801733, 0.642272601744977)
[9, 2, 1, 3, 9, 5, 8, 9, 7, 6, 10, 9, 8, 5, 9, 5, 7, 8, 3, 1, 4, 4, 8, 2, 8, 8, 9, 5, 4, 9, 7, 7, 4, 5, 3, 5, 10, 2, 7, 2, 10, 6, 7, 8, 5, 7, 7, 9, 5, 9, 8, 1, 3, 9, 6, 4, 1, 4, 4, 2, 2, 1]
(0.416055079151752, 0.5480420325801733, 0.642272601744977)
[5, 2, 2, 3, 9, 4, 8, 9, 9, 6, 10, 8, 8, 7, 9, 8, 2, 8, 7, 1, 8, 9, 4, 2, 8, 8, 9, 5, 4, 10, 5, 7, 6, 5, 10, 8, 7, 9, 7, 1, 10, 3, 10, 8, 7, 10, 7, 9, 5, 9, 8, 9, 2, 9, 6, 4, 1, 4, 4, 6, 2, 1]
(0.4121652516579046, 0.9753997043706456, 0.22521189322096286)
[7, 6, 4, 5, 8, 5, 9, 8, 6, 4, 4, 8, 4, 4, 6, 6, 10, 9, 9, 2, 8, 8, 4, 5, 6, 2, 8, 8, 9, 3, 7, 6, 6, 6, 9, 9, 4, 9, 9, 3, 9, 7, 8, 10, 9, 5, 4, 10, 3, 5, 8, 1, 3, 9, 6, 4, 4, 1, 4, 1, 9, 1]
(0.16689723166633313, 0.5508304204103399, 0.9177006309126913)
[5, 2, 1, 3, 9, 5, 8, 5, 1, 6, 10, 9, 8, 5, 5, 5, 7, 8, 7, 1, 2, 4, 8, 2, 8, 8, 9, 8, 4, 10, 5, 7, 9, 8, 7, 6, 10, 10, 10, 6, 10, 1, 7, 8, 5, 7, 7, 9, 6, 9, 8, 1, 2, 9, 6, 4, 1, 4, 4, 6, 2, 1]
(0.5056606850858312, 0.9626248414628191, 0.16986893861675836)
[5, 2, 1, 3, 9, 5, 8, 5, 1, 6, 10, 9, 8, 5, 5, 5, 7, 8, 7, 1, 2, 4, 8, 2, 8, 8, 9, 8, 4, 10, 5, 7, 9, 8, 7, 6, 10, 10, 10, 6, 10, 1, 7, 8, 5, 7, 7, 9, 6, 9, 8, 1, 2, 9, 6, 4, 1, 4, 4, 6, 2, 1]
(0.5056606850858312, 0.9626248414628191, 0.16986893861675836)
[5, 2, 1, 3, 9, 5, 8, 5, 1, 6, 10, 9, 8, 5, 5, 5, 7, 8, 7, 1, 2, 4, 8, 2, 8, 8, 9, 8, 4, 10, 5, 7, 9, 8, 7, 6, 10, 10, 10, 6, 10, 1, 7, 8, 5, 7, 7, 9, 6, 9, 8, 1, 2, 9, 6, 4, 1, 4, 4, 6, 2, 1]
(0.5056606850858312, 0.9626248414628191, 0.16986893861675836)
[5, 2, 1, 3, 9, 5, 8, 9, 5, 6, 10, 9, 8, 5, 5, 5, 7, 8, 7, 1, 10, 4, 8, 2, 8, 8, 9, 8, 4, 10, 5, 7, 9, 8, 7, 6, 10, 10, 7, 6, 10, 1, 7, 8, 5, 7, 7, 9, 6, 9, 8, 1, 2, 9, 6, 4, 1, 4, 4, 6, 2, 1]
(0.5017496294646379, 0.9634603670798226, 0.18705255422219474)
[5, 2, 1, 3, 9, 5, 8, 9, 5, 6, 10, 9, 8, 5, 5, 5, 7, 8, 7, 1, 10, 4, 8, 2, 8, 8, 9, 8, 4, 10, 5, 7, 9, 8, 7, 6, 10, 10, 7, 6, 10, 1, 7, 8, 5, 7, 7, 9, 6, 9, 8, 1, 2, 9, 6, 4, 1, 4, 4, 6, 2, 1]
(0.5017496294646379, 0.9634603670798226, 0.18705255422219474)
[5, 2, 1, 3, 9, 5, 8, 9, 5, 6, 10, 9, 8, 5, 5, 5, 7, 8, 7, 1, 10, 4, 8, 2, 8, 8, 9, 8, 4, 10, 5, 7, 9, 8, 7, 6, 10, 10, 7, 6, 10, 1, 7, 8, 5, 7, 7, 9, 6, 9, 8, 1, 2, 9, 6, 4, 1, 4, 4, 6, 2, 1]
(0.5017496294646379, 0.9634603670798226, 0.18705255422219474)
[5, 2, 1, 3, 9, 5, 8, 9, 1, 6, 10, 9, 8, 5, 5, 5, 7, 2, 7, 1, 2, 4, 8, 2, 8, 7, 9, 8, 4, 10, 5, 7, 6, 7, 10, 8, 7, 9, 7, 1, 10, 3, 10, 8, 5, 10, 7, 4, 5, 9, 8, 1, 2, 9, 6, 4, 1, 8, 4, 5, 2, 1]
(0.8040001317915795, 0.42208413899187974, 0.4283969446076566)
[5, 8, 4, 2, 9, 5, 5, 9, 1, 8, 9, 9, 6, 10, 2, 9, 7, 8, 9, 9, 2, 9, 7, 5, 3, 9, 8, 8, 2, 6, 7, 7, 4, 9, 8, 10, 3, 9, 9, 1, 1, 9, 2, 5, 9, 7, 7, 10, 2, 10, 8, 1, 3, 9, 6, 6, 2, 2, 4, 2, 10, 1]
(0.41559481209903, 0.5517561970643035, 0.6902975233858675)
[5, 8, 4, 2, 9, 5, 5, 9, 1, 8, 9, 9, 6, 10, 2, 9, 7, 8, 9, 9, 2, 9, 7, 5, 3, 9, 8, 8, 2, 6, 7, 7, 4, 9, 8, 10, 3, 9, 9, 1, 1, 9, 2, 5, 9, 7, 7, 10, 2, 10, 8, 1, 3, 9, 6, 6, 2, 2, 4, 2, 10, 1]
(0.41559481209903, 0.5517561970643035, 0.6902975233858675)
[5, 8, 4, 2, 9, 5, 5, 9, 4, 8, 9, 9, 6, 10, 2, 9, 7, 8, 9, 9, 2, 9, 7, 5, 3, 9, 8, 8, 8, 6, 7, 7, 4, 9, 8, 4, 4, 9, 9, 1, 1, 9, 2, 5, 9, 7, 7, 10, 10, 10, 8, 1, 3, 9, 6, 6, 2, 2, 4, 2, 10, 1]
(0.4157534198871111, 0.5528859197081091, 0.6927916113656856)
[5, 8, 4, 2, 9, 5, 5, 9, 4, 8, 9, 9, 6, 10, 2, 9, 7, 8, 9, 9, 2, 9, 7, 5, 3, 9, 8, 8, 8, 6, 7, 7, 4, 9, 8, 4, 4, 9, 9, 1, 1, 9, 2, 5, 9, 7, 7, 10, 10, 10, 8, 1, 3, 9, 6, 6, 2, 2, 4, 2, 10, 1]
(0.4157534198871111, 0.5528859197081091, 0.6927916113656856)
[5, 8, 4, 2, 9, 5, 5, 9, 4, 8, 9, 9, 6, 10, 2, 9, 7, 8, 9, 9, 2, 9, 7, 5, 3, 9, 8, 8, 8, 6, 7, 7, 4, 9, 8, 4, 4, 9, 9, 1, 1, 9, 2, 5, 9, 7, 7, 10, 10, 10, 8, 1, 3, 9, 6, 6, 2, 2, 4, 2, 10, 1]
(0.4157534198871111, 0.5528859197081091, 0.6927916113656856)
[9, 4, 3, 4, 2, 7, 9, 8, 6, 4, 4, 8, 4, 7, 7, 6, 10, 9, 9, 2, 8, 8, 4, 5, 6, 7, 10, 8, 9, 3, 7, 5, 6, 6, 9, 9, 9, 9, 9, 3, 9, 9, 7, 10, 9, 7, 4, 2, 8, 8, 8, 1, 3, 9, 6, 3, 4, 4, 6, 3, 9, 1]
(0.20093780600233574, 0.5435729658433586, 0.9196940226268634)
[9, 4, 3, 4, 2, 7, 9, 8, 6, 4, 4, 8, 4, 7, 7, 6, 10, 9, 9, 2, 8, 8, 4, 5, 6, 7, 10, 8, 9, 3, 7, 5, 6, 6, 9, 9, 9, 9, 9, 3, 9, 9, 7, 10, 9, 7, 4, 2, 8, 8, 8, 1, 3, 9, 6, 3, 4, 4, 6, 3, 9, 1]
(0.20093780600233574, 0.5435729658433586, 0.9196940226268634)
[9, 4, 3, 4, 2, 7, 9, 8, 6, 4, 4, 8, 3, 7, 8, 6, 10, 9, 9, 4, 8, 8, 4, 5, 6, 7, 10, 8, 9, 5, 6, 5, 6, 6, 9, 9, 9, 9, 9, 3, 9, 9, 7, 10, 9, 7, 4, 10, 3, 5, 8, 1, 3, 9, 6, 5, 4, 4, 4, 2, 9, 1]
(0.21169482826693464, 0.5497102847687236, 0.9138993379703322)
[9, 4, 3, 4, 2, 7, 9, 8, 6, 4, 4, 8, 3, 7, 8, 6, 10, 9, 9, 4, 8, 8, 4, 5, 6, 7, 10, 8, 9, 5, 6, 5, 6, 6, 9, 9, 9, 9, 9, 3, 9, 9, 7, 10, 9, 7, 4, 10, 3, 5, 8, 1, 3, 9, 6, 5, 4, 4, 4, 2, 9, 1]
(0.21169482826693464, 0.5497102847687236, 0.9138993379703322)
[9, 4, 3, 4, 2, 7, 9, 8, 6, 4, 4, 8, 3, 7, 8, 6, 10, 9, 9, 4, 8, 8, 4, 5, 6, 7, 10, 8, 9, 5, 6, 5, 6, 6, 9, 9, 9, 9, 9, 3, 9, 9, 7, 10, 9, 7, 4, 10, 3, 5, 8, 1, 3, 9, 6, 5, 4, 4, 4, 2, 9, 1]
(0.21169482826693464, 0.5497102847687236, 0.9138993379703322)
[9, 4, 3, 4, 2, 7, 9, 8, 6, 4, 4, 8, 3, 7, 8, 6, 10, 9, 9, 4, 8, 8, 4, 5, 6, 7, 10, 8, 9, 5, 6, 5, 6, 6, 9, 9, 9, 9, 9, 3, 9, 9, 7, 10, 9, 7, 4, 10, 3, 5, 8, 1, 3, 9, 6, 5, 4, 4, 4, 2, 9, 1]
(0.21169482826693464, 0.5497102847687236, 0.9138993379703322)
[5, 10, 1, 3, 9, 5, 8, 9, 9, 6, 10, 9, 8, 5, 5, 5, 7, 7, 3, 1, 2, 4, 8, 2, 8, 8, 9, 5, 3, 10, 5, 3, 9, 10, 9, 6, 10, 10, 8, 6, 10, 2, 7, 8, 5, 7, 7, 9, 5, 9, 8, 1, 2, 9, 6, 4, 1, 4, 4, 6, 2, 1]
(0.5561098920381703, 0.9421541581861664, 0.18277437873525407)
[9, 4, 3, 4, 2, 7, 9, 5, 6, 4, 4, 8, 3, 7, 8, 6, 10, 9, 9, 4, 8, 8, 4, 5, 6, 7, 10, 8, 9, 5, 6, 5, 7, 6, 9, 9, 9, 9, 9, 3, 9, 9, 7, 10, 9, 7, 4, 10, 3, 5, 8, 1, 3, 9, 6, 5, 4, 4, 4, 2, 9, 1]
(0.2116725079930074, 0.5495155477207948, 0.9215638686109773)
[7, 6, 4, 5, 8, 5, 9, 8, 6, 4, 4, 8, 4, 4, 6, 6, 10, 9, 9, 2, 8, 8, 4, 5, 6, 2, 8, 8, 9, 3, 7, 6, 6, 6, 9, 9, 4, 9, 9, 3, 9, 9, 8, 10, 9, 7, 3, 10, 3, 5, 8, 1, 3, 9, 6, 4, 4, 1, 4, 1, 9, 1]
(0.16726561921662936, 0.9730918467976133, 0.6358675546048355)
[7, 6, 4, 5, 8, 5, 9, 8, 6, 4, 4, 8, 4, 4, 6, 6, 10, 9, 9, 2, 8, 8, 4, 5, 6, 2, 8, 8, 9, 3, 7, 6, 6, 6, 9, 9, 4, 9, 9, 3, 9, 9, 8, 10, 9, 7, 3, 10, 3, 5, 8, 1, 3, 9, 6, 4, 4, 1, 4, 1, 9, 1]
(0.16726561921662936, 0.9730918467976133, 0.6358675546048355)
[7, 6, 4, 5, 8, 5, 9, 8, 6, 4, 4, 8, 4, 4, 6, 6, 10, 9, 9, 2, 8, 8, 4, 5, 6, 2, 8, 8, 9, 3, 7, 6, 6, 6, 9, 9, 4, 9, 9, 3, 9, 9, 8, 10, 9, 7, 3, 10, 3, 5, 8, 1, 3, 9, 6, 4, 4, 1, 4, 1, 9, 1]
(0.16726561921662936, 0.9730918467976133, 0.6358675546048355)
[5, 2, 1, 2, 9, 5, 4, 9, 7, 6, 3, 9, 8, 5, 9, 8, 2, 8, 7, 1, 5, 9, 4, 2, 8, 8, 9, 5, 4, 10, 5, 7, 6, 5, 10, 8, 7, 9, 7, 1, 10, 3, 10, 8, 5, 10, 7, 9, 5, 9, 8, 9, 2, 9, 6, 4, 1, 2, 4, 6, 2, 1]
(0.40964367170830046, 0.9596570805646463, 0.5160382748734602)
[1, 8, 4, 5, 8, 6, 9, 8, 6, 7, 3, 10, 4, 4, 6, 6, 10, 8, 3, 1, 2, 9, 4, 2, 8, 8, 10, 5, 4, 5, 5, 7, 9, 5, 2, 6, 4, 3, 5, 2, 4, 6, 7, 4, 5, 7, 7, 9, 5, 9, 8, 1, 1, 9, 6, 4, 1, 4, 4, 2, 9, 1]
(0.40861608354381196, 0.966404745820908, 0.5469534145410174)
[1, 8, 4, 5, 8, 6, 9, 8, 6, 7, 3, 10, 4, 4, 6, 6, 10, 8, 3, 1, 2, 9, 4, 2, 8, 8, 10, 5, 4, 5, 5, 7, 9, 5, 2, 6, 4, 3, 5, 2, 4, 6, 7, 4, 5, 7, 7, 9, 5, 9, 8, 1, 1, 9, 6, 4, 1, 4, 4, 2, 9, 1]
(0.40861608354381196, 0.966404745820908, 0.5469534145410174)
[1, 8, 4, 5, 8, 6, 9, 8, 6, 7, 3, 10, 4, 4, 6, 6, 10, 8, 3, 1, 2, 9, 4, 2, 8, 8, 10, 5, 4, 5, 5, 7, 9, 5, 2, 6, 4, 3, 5, 2, 4, 6, 7, 4, 5, 7, 7, 9, 5, 9, 8, 1, 1, 9, 6, 4, 1, 4, 4, 2, 9, 1]
(0.40861608354381196, 0.966404745820908, 0.5469534145410174)
[1, 8, 4, 5, 8, 6, 9, 8, 6, 7, 3, 10, 4, 4, 6, 6, 10, 8, 3, 1, 2, 9, 4, 2, 8, 8, 10, 5, 4, 5, 5, 7, 9, 5, 2, 6, 4, 3, 5, 2, 4, 6, 7, 4, 5, 7, 7, 9, 5, 9, 8, 1, 1, 9, 6, 4, 1, 4, 4, 2, 9, 1]
(0.40861608354381196, 0.966404745820908, 0.5469534145410174)
[1, 8, 4, 5, 8, 6, 9, 8, 6, 7, 3, 10, 4, 4, 6, 6, 10, 8, 3, 1, 2, 9, 4, 2, 8, 8, 10, 5, 4, 5, 5, 7, 9, 5, 2, 6, 4, 3, 5, 2, 4, 6, 7, 4, 5, 7, 7, 9, 5, 9, 8, 1, 1, 9, 6, 4, 1, 4, 4, 2, 9, 1]
(0.40861608354381196, 0.966404745820908, 0.5469534145410174)
[1, 8, 4, 5, 8, 6, 9, 8, 6, 7, 3, 10, 4, 4, 6, 6, 10, 8, 3, 1, 2, 9, 4, 2, 8, 8, 10, 5, 4, 5, 5, 7, 9, 5, 2, 6, 4, 3, 5, 2, 4, 6, 7, 4, 5, 7, 7, 9, 5, 9, 8, 1, 1, 9, 6, 4, 1, 4, 4, 2, 9, 1]
(0.40861608354381196, 0.966404745820908, 0.5469534145410174)
[1, 8, 4, 5, 8, 6, 9, 8, 6, 7, 3, 10, 4, 4, 6, 6, 10, 8, 3, 1, 2, 9, 4, 2, 8, 8, 10, 5, 4, 5, 5, 7, 9, 5, 2, 6, 4, 3, 5, 2, 4, 6, 7, 4, 5, 7, 7, 9, 5, 9, 8, 1, 1, 9, 6, 4, 1, 4, 4, 2, 9, 1]
(0.40861608354381196, 0.966404745820908, 0.5469534145410174)
[5, 2, 1, 3, 9, 3, 8, 6, 9, 6, 8, 9, 7, 10, 4, 9, 7, 8, 3, 4, 2, 4, 8, 2, 8, 8, 9, 5, 4, 10, 5, 7, 6, 5, 5, 6, 10, 9, 7, 1, 10, 3, 10, 8, 2, 10, 7, 9, 5, 9, 8, 1, 2, 9, 6, 4, 1, 4, 4, 2, 3, 1]
(0.4158718605087826, 0.9737872791476527, 0.6352651018893427)
[10, 2, 9, 3, 9, 5, 8, 9, 7, 6, 10, 9, 8, 5, 9, 5, 7, 8, 3, 4, 2, 4, 4, 2, 8, 8, 9, 5, 4, 9, 5, 7, 6, 5, 3, 8, 10, 3, 7, 2, 10, 6, 7, 8, 5, 7, 7, 9, 5, 9, 8, 1, 3, 9, 6, 4, 1, 4, 4, 2, 2, 1]
(0.41482550677673957, 0.9688025978393835, 0.6462387455835987)
[10, 2, 9, 3, 9, 5, 8, 9, 7, 6, 10, 9, 8, 5, 9, 5, 7, 8, 3, 4, 2, 4, 4, 2, 8, 8, 9, 5, 4, 9, 5, 7, 6, 5, 3, 8, 10, 3, 7, 2, 10, 6, 7, 8, 5, 7, 7, 9, 5, 9, 8, 1, 3, 9, 6, 4, 1, 4, 4, 2, 2, 1]
(0.41482550677673957, 0.9688025978393835, 0.6462387455835987)
[10, 2, 9, 3, 9, 5, 8, 9, 7, 6, 10, 9, 8, 5, 9, 5, 7, 8, 3, 4, 2, 4, 4, 2, 8, 8, 9, 5, 4, 9, 5, 7, 6, 5, 3, 8, 10, 3, 7, 2, 10, 6, 7, 8, 5, 7, 7, 9, 5, 9, 8, 1, 3, 9, 6, 4, 1, 4, 4, 2, 2, 1]
(0.41482550677673957, 0.9688025978393835, 0.6462387455835987)
[5, 2, 1, 3, 9, 4, 8, 9, 7, 6, 2, 9, 8, 5, 9, 5, 7, 8, 7, 1, 2, 4, 10, 2, 8, 8, 9, 5, 4, 9, 5, 7, 9, 10, 7, 6, 10, 9, 7, 2, 10, 1, 7, 8, 5, 7, 7, 9, 5, 9, 8, 1, 3, 9, 6, 4, 1, 4, 4, 2, 2, 1]
(0.41435724112094735, 0.9721358985640091, 0.6444589635909546)
[5, 2, 1, 3, 9, 4, 8, 9, 7, 6, 2, 9, 8, 5, 9, 5, 7, 8, 7, 1, 2, 4, 10, 2, 8, 8, 9, 5, 4, 9, 5, 7, 9, 10, 7, 6, 10, 9, 7, 2, 10, 1, 7, 8, 5, 7, 7, 9, 5, 9, 8, 1, 3, 9, 6, 4, 1, 4, 4, 2, 2, 1]
(0.41435724112094735, 0.9721358985640091, 0.6444589635909546)
[5, 2, 1, 3, 9, 4, 8, 9, 7, 6, 2, 9, 8, 5, 9, 5, 7, 8, 7, 1, 2, 4, 10, 2, 8, 8, 9, 5, 4, 9, 5, 7, 9, 10, 7, 6, 10, 9, 7, 2, 10, 1, 7, 8, 5, 7, 7, 9, 5, 9, 8, 1, 3, 9, 6, 4, 1, 4, 4, 2, 2, 1]
(0.41435724112094735, 0.9721358985640091, 0.6444589635909546)
[5, 2, 1, 3, 9, 4, 8, 9, 7, 6, 2, 9, 8, 5, 9, 5, 7, 8, 7, 1, 2, 4, 10, 2, 8, 8, 9, 5, 4, 9, 5, 7, 9, 10, 7, 6, 10, 9, 7, 2, 10, 1, 7, 8, 5, 7, 7, 9, 5, 9, 8, 1, 3, 9, 6, 4, 1, 4, 4, 2, 2, 1]
(0.41435724112094735, 0.9721358985640091, 0.6444589635909546)
[7, 6, 4, 5, 8, 5, 9, 8, 6, 4, 4, 8, 4, 4, 6, 6, 5, 9, 9, 2, 8, 8, 4, 5, 6, 2, 8, 8, 9, 3, 7, 6, 6, 6, 9, 9, 4, 9, 9, 3, 9, 9, 8, 10, 9, 5, 4, 10, 3, 5, 8, 1, 3, 9, 6, 4, 4, 1, 4, 1, 9, 1]
(0.16684795693981766, 0.9713872003369015, 0.9194910622522039)
[1, 8, 4, 5, 9, 5, 8, 9, 7, 6, 10, 9, 8, 5, 9, 1, 7, 8, 3, 1, 3, 9, 4, 2, 8, 8, 10, 5, 4, 5, 5, 5, 9, 5, 3, 6, 4, 3, 5, 2, 4, 6, 7, 4, 5, 7, 7, 9, 5, 7, 8, 1, 1, 8, 6, 4, 1, 4, 4, 2, 9, 1]
(0.40638873130767766, 0.9678391215391439, 0.9132977194773554)
