[9, 9, 10, 9, 7, 1, 3, 9, 1, 6, 9, 4, 6, 10, 2, 10, 4, 1, 7, 9, 7, 10, 4, 3, 7, 8, 8, 3, 5, 7, 3, 6, 9, 5, 3, 8, 9, 7, 3, 6, 4, 1, 8, 10, 9, 7, 7, 7, 6, 5, 6, 1, 1, 5, 1, 1, 4, 4, 3, 5, 6, 9]
(0.40832396165384255, 0.0, 0.5807615935515984)
[9, 4, 10, 8, 6, 8, 8, 7, 1, 1, 10, 4, 9, 10, 2, 10, 6, 4, 7, 9, 10, 10, 3, 4, 6, 6, 5, 9, 5, 5, 5, 7, 9, 5, 4, 8, 10, 9, 8, 5, 5, 8, 10, 4, 10, 7, 2, 7, 6, 8, 6, 1, 9, 8, 1, 1, 4, 3, 2, 1, 9, 7]
(0.3964842141428512, 0.0, 0.6128291044397461)
[9, 4, 10, 8, 8, 8, 7, 7, 1, 1, 10, 4, 9, 10, 2, 10, 5, 7, 7, 9, 10, 10, 3, 4, 6, 6, 5, 9, 5, 5, 5, 7, 9, 5, 4, 8, 6, 9, 8, 5, 5, 8, 10, 4, 10, 7, 2, 7, 6, 3, 6, 1, 1, 9, 1, 1, 4, 3, 5, 1, 9, 7]
(0.40093587139596104, 0.0, 0.6141924500567163)
[9, 4, 10, 8, 8, 8, 7, 7, 1, 1, 10, 4, 9, 10, 2, 2, 5, 7, 7, 9, 10, 10, 3, 4, 6, 6, 5, 8, 5, 5, 5, 7, 9, 5, 4, 8, 6, 9, 8, 5, 5, 8, 9, 4, 10, 7, 2, 7, 6, 3, 6, 1, 1, 9, 1, 1, 4, 3, 5, 1, 9, 7]
(0.40728484371699425, 0.0, 0.6151700734871934)
[9, 4, 10, 8, 8, 8, 7, 9, 1, 1, 10, 4, 9, 10, 2, 6, 5, 6, 7, 5, 10, 10, 3, 4, 6, 6, 7, 9, 5, 5, 5, 7, 9, 5, 4, 8, 6, 9, 8, 5, 5, 8, 10, 4, 10, 7, 2, 7, 6, 3, 6, 4, 1, 9, 1, 1, 4, 3, 5, 2, 9, 10]
(0.4142520394905967, 0.0, 0.6277808008083013)
[9, 4, 10, 7, 7, 8, 7, 9, 1, 1, 10, 4, 9, 10, 2, 6, 5, 6, 7, 5, 10, 10, 3, 4, 6, 6, 7, 9, 5, 5, 5, 7, 9, 5, 4, 8, 6, 9, 8, 5, 5, 8, 10, 8, 10, 7, 2, 7, 6, 3, 6, 4, 1, 9, 1, 1, 4, 3, 5, 2, 9, 10]
(0.4135430238453508, 0.0, 0.63005484671049)
[7, 9, 8, 8, 8, 8, 3, 9, 3, 7, 1, 4, 9, 10, 2, 10, 9, 1, 7, 6, 7, 10, 9, 3, 6, 8, 8, 3, 5, 7, 2, 6, 9, 7, 3, 8, 9, 6, 3, 6, 2, 1, 7, 10, 9, 7, 7, 7, 8, 8, 6, 9, 1, 3, 1, 5, 4, 6, 4, 2, 10, 2]
(0.4113471013615706, 0.5180034432155257, 0.2396642970144111)
[7, 9, 8, 7, 7, 4, 5, 5, 2, 10, 1, 9, 9, 10, 2, 10, 7, 1, 7, 6, 7, 10, 9, 3, 7, 8, 8, 3, 2, 7, 2, 7, 9, 5, 4, 8, 9, 9, 8, 6, 2, 1, 8, 10, 9, 7, 4, 7, 6, 8, 1, 3, 1, 5, 1, 5, 4, 6, 4, 2, 10, 2]
(0.41225358702434767, 0.5212721662595844, 0.23850617143731564)
[5, 9, 8, 7, 7, 4, 5, 5, 2, 10, 1, 9, 9, 10, 2, 10, 9, 1, 7, 6, 7, 10, 9, 3, 7, 8, 8, 3, 5, 7, 2, 7, 9, 5, 4, 8, 9, 9, 8, 6, 2, 1, 8, 10, 9, 7, 4, 7, 6, 8, 6, 3, 1, 5, 1, 5, 4, 6, 4, 2, 10, 2]
(0.4171721735920005, 0.5189972831422195, 0.24404196571087752)
[7, 9, 8, 7, 7, 4, 5, 5, 2, 10, 1, 9, 9, 10, 2, 10, 9, 1, 7, 6, 7, 10, 9, 3, 7, 8, 8, 3, 5, 7, 2, 7, 9, 5, 4, 8, 9, 9, 8, 6, 2, 1, 8, 10, 9, 7, 4, 7, 6, 8, 6, 3, 1, 5, 1, 5, 4, 6, 4, 2, 10, 2]
(0.4171721735920005, 0.5205047434843728, 0.24364441181756294)
[9, 3, 10, 8, 4, 8, 3, 9, 1, 1, 2, 6, 7, 10, 2, 10, 7, 3, 7, 9, 7, 10, 3, 10, 6, 8, 5, 3, 5, 5, 5, 7, 9, 5, 4, 8, 6, 9, 8, 8, 1, 10, 10, 6, 6, 6, 2, 7, 6, 10, 6, 6, 1, 9, 1, 1, 4, 2, 4, 4, 9, 9]
(0.40632733449440045, 0.5365980886975689, 0.24263511354053152)
[9, 9, 10, 9, 8, 1, 3, 9, 1, 7, 9, 8, 6, 10, 2, 10, 4, 6, 7, 10, 7, 10, 9, 3, 7, 8, 8, 3, 5, 8, 5, 7, 9, 5, 4, 8, 9, 9, 8, 6, 2, 1, 8, 10, 9, 7, 7, 7, 6, 5, 2, 3, 1, 9, 1, 1, 4, 4, 3, 5, 6, 9]
(0.4096474220517527, 0.0, 0.8633218598306871)
[2, 4, 10, 8, 8, 8, 7, 9, 1, 1, 10, 4, 9, 10, 2, 10, 2, 6, 7, 9, 7, 10, 3, 4, 3, 2, 6, 3, 5, 5, 5, 7, 9, 8, 4, 10, 1, 9, 6, 8, 5, 10, 7, 6, 6, 6, 2, 7, 6, 7, 6, 6, 1, 9, 1, 1, 3, 3, 3, 1, 9, 7]
(0.1922544235763983, 0.9496508033946129, 0.24397010921893678)
[8, 4, 10, 7, 8, 8, 7, 9, 1, 5, 10, 4, 9, 10, 2, 10, 5, 6, 7, 5, 10, 10, 3, 4, 3, 2, 6, 5, 5, 5, 2, 7, 5, 5, 4, 10, 6, 9, 6, 8, 1, 10, 10, 6, 6, 6, 2, 7, 6, 6, 6, 6, 1, 8, 1, 1, 3, 3, 3, 1, 9, 7]
(0.25944293718876216, 0.529603230523996, 0.6158382967434257)
[7, 9, 8, 7, 7, 4, 5, 5, 2, 10, 1, 7, 9, 10, 2, 10, 4, 7, 7, 8, 7, 10, 9, 3, 6, 8, 6, 6, 5, 6, 3, 6, 9, 8, 3, 8, 9, 6, 8, 6, 2, 1, 7, 10, 9, 7, 5, 7, 6, 8, 6, 3, 1, 5, 1, 5, 4, 6, 4, 2, 10, 2]
(0.41088849626705415, 0.3775520964404117, 0.6221367115170272)
[9, 3, 10, 8, 6, 8, 7, 9, 1, 1, 2, 4, 9, 10, 2, 10, 2, 1, 7, 9, 7, 10, 3, 10, 6, 6, 5, 3, 5, 5, 5, 7, 9, 5, 4, 8, 6, 9, 8, 8, 1, 10, 10, 6, 6, 6, 2, 7, 6, 8, 6, 6, 1, 9, 2, 1, 4, 2, 4, 4, 9, 9]
(0.26613124425751605, 0.9386174136772721, 0.21775525319525368)
[7, 3, 8, 5, 7, 4, 5, 3, 2, 10, 1, 9, 2, 7, 2, 10, 2, 10, 8, 6, 7, 10, 9, 3, 7, 8, 8, 3, 5, 7, 2, 6, 9, 6, 3, 8, 9, 7, 3, 6, 2, 1, 7, 9, 9, 7, 4, 7, 6, 5, 6, 9, 1, 6, 1, 5, 4, 6, 4, 4, 10, 2]
(0.40793573303178604, 0.40778106315789864, 0.6375152046398855)
[9, 4, 10, 8, 8, 8, 7, 7, 1, 1, 10, 4, 9, 1, 2, 9, 7, 1, 7, 9, 10, 10, 3, 4, 6, 6, 5, 9, 5, 9, 5, 7, 9, 5, 4, 8, 6, 9, 8, 10, 5, 8, 9, 4, 10, 7, 2, 7, 10, 8, 6, 1, 1, 9, 1, 3, 4, 3, 3, 1, 9, 7]
(0.3975731179864394, 0.507288982322356, 0.5867638886222927)
[9, 4, 10, 8, 8, 8, 7, 9, 1, 1, 10, 4, 9, 10, 2, 10, 5, 6, 4, 9, 10, 10, 3, 4, 6, 6, 5, 9, 5, 5, 5, 7, 9, 5, 4, 8, 6, 9, 8, 8, 5, 8, 10, 4, 10, 7, 2, 7, 6, 8, 6, 1, 1, 9, 1, 1, 4, 3, 3, 1, 9, 7]
(0.3973375635936144, 0.5359954081880637, 0.580652717536953)
[8, 4, 10, 7, 8, 8, 7, 9, 1, 1, 10, 5, 9, 10, 2, 2, 8, 6, 7, 5, 10, 10, 3, 4, 9, 4, 6, 3, 5, 5, 2, 7, 9, 5, 4, 10, 6, 9, 6, 8, 1, 5, 10, 6, 7, 6, 2, 7, 6, 7, 6, 6, 1, 9, 1, 1, 3, 3, 3, 1, 9, 7]
(0.39040186207847405, 0.5272638876557975, 0.6103560011972246)
[9, 4, 10, 8, 8, 8, 7, 7, 1, 1, 10, 4, 9, 10, 2, 10, 2, 1, 7, 9, 7, 10, 3, 4, 6, 6, 5, 9, 5, 5, 7, 7, 10, 5, 4, 8, 6, 9, 8, 8, 5, 8, 10, 4, 10, 7, 2, 7, 6, 8, 6, 4, 1, 9, 1, 1, 4, 3, 3, 1, 9, 7]
(0.39821569758736275, 0.5322435807517667, 0.5997396517209755)
[7, 9, 8, 7, 7, 4, 5, 5, 2, 10, 1, 6, 9, 10, 2, 10, 9, 1, 7, 6, 7, 10, 9, 3, 7, 8, 9, 3, 6, 7, 2, 6, 9, 7, 3, 8, 9, 6, 3, 6, 2, 1, 7, 10, 9, 7, 4, 7, 6, 8, 6, 9, 1, 6, 1, 5, 4, 6, 4, 4, 10, 2]
(0.41343178877199116, 0.5135314605401236, 0.608993667646846)
[7, 9, 8, 7, 7, 4, 5, 5, 2, 10, 1, 6, 9, 10, 2, 10, 9, 1, 7, 6, 7, 10, 9, 3, 7, 8, 9, 3, 6, 7, 2, 6, 9, 7, 3, 8, 9, 6, 3, 6, 2, 1, 7, 10, 9, 7, 4, 7, 6, 8, 6, 9, 1, 6, 1, 5, 4, 6, 4, 4, 10, 2]
(0.41343178877199116, 0.5135314605401236, 0.608993667646846)
[10, 4, 10, 8, 8, 8, 7, 9, 1, 1, 10, 3, 9, 10, 2, 10, 2, 1, 7, 9, 10, 10, 3, 4, 6, 6, 5, 5, 5, 7, 5, 7, 7, 5, 4, 8, 6, 9, 7, 8, 5, 8, 9, 4, 10, 7, 2, 7, 6, 8, 6, 1, 10, 9, 1, 1, 4, 3, 3, 1, 9, 7]
(0.39658974011701204, 0.5199207512175883, 0.619559215927724)
[7, 8, 8, 8, 8, 8, 3, 9, 3, 7, 1, 3, 9, 10, 2, 10, 9, 1, 7, 6, 7, 10, 9, 3, 7, 8, 8, 3, 9, 7, 2, 6, 9, 7, 3, 8, 9, 6, 3, 6, 2, 1, 7, 10, 9, 1, 4, 7, 6, 8, 6, 9, 1, 6, 1, 5, 4, 6, 4, 2, 10, 2]
(0.4117584625221001, 0.5208719872991003, 0.6035190247657398)
[7, 9, 8, 7, 7, 4, 5, 5, 2, 10, 1, 6, 9, 10, 2, 10, 9, 1, 7, 6, 7, 10, 9, 3, 7, 8, 9, 3, 6, 7, 2, 6, 9, 7, 3, 8, 9, 6, 3, 6, 2, 1, 7, 10, 9, 7, 4, 7, 6, 8, 6, 9, 3, 5, 1, 5, 4, 6, 4, 2, 10, 2]
(0.41352012355973067, 0.5184528018064449, 0.605988713976743)
[9, 4, 10, 8, 8, 8, 7, 7, 1, 1, 10, 4, 9, 10, 2, 10, 2, 1, 7, 9, 10, 10, 3, 4, 6, 6, 5, 9, 5, 9, 5, 7, 9, 5, 4, 8, 6, 9, 8, 8, 5, 8, 9, 4, 10, 7, 2, 7, 6, 8, 6, 1, 1, 9, 1, 1, 4, 3, 3, 1, 9, 7]
(0.3982544822705944, 0.5345334296236199, 0.6088925224276758)
[7, 9, 8, 7, 7, 4, 5, 9, 3, 7, 1, 6, 9, 10, 6, 10, 9, 1, 7, 6, 7, 10, 9, 3, 7, 8, 9, 3, 6, 7, 2, 6, 9, 7, 3, 8, 9, 6, 3, 6, 2, 3, 7, 10, 9, 7, 4, 7, 6, 8, 6, 9, 3, 5, 1, 5, 6, 6, 4, 2, 10, 2]
(0.4109126377331606, 0.5305939158424713, 0.60223999440684)
[5, 9, 8, 7, 7, 4, 5, 5, 2, 10, 1, 9, 9, 10, 2, 10, 9, 1, 7, 6, 7, 10, 9, 3, 7, 8, 8, 3, 5, 7, 2, 7, 9, 5, 4, 8, 9, 9, 8, 6, 2, 1, 8, 10, 9, 7, 4, 7, 6, 8, 6, 9, 1, 5, 1, 5, 4, 6, 4, 2, 10, 2]
(0.41670657406007133, 0.522875632645317, 0.6048779271104296)
[7, 9, 8, 7, 7, 4, 5, 5, 2, 10, 1, 6, 9, 10, 2, 10, 9, 1, 7, 6, 7, 10, 9, 3, 7, 8, 9, 3, 6, 7, 2, 6, 9, 7, 3, 8, 9, 6, 3, 6, 2, 3, 7, 10, 9, 7, 4, 7, 6, 8, 6, 9, 3, 5, 1, 5, 4, 6, 4, 2, 10, 2]
(0.4130958699738904, 0.5190753031602996, 0.613182611269451)
[7, 9, 8, 7, 7, 4, 5, 5, 2, 10, 1, 6, 9, 10, 2, 10, 9, 1, 7, 6, 7, 10, 9, 3, 7, 8, 9, 3, 2, 7, 2, 6, 9, 7, 3, 8, 9, 6, 3, 6, 2, 3, 7, 10, 9, 1, 4, 8, 6, 7, 1, 3, 1, 5, 1, 5, 4, 6, 4, 4, 10, 2]
(0.4086339077928686, 0.5117392438504332, 0.6254003483436266)
[7, 9, 8, 7, 7, 4, 5, 5, 2, 10, 1, 6, 9, 10, 2, 10, 9, 1, 7, 6, 7, 10, 9, 3, 7, 8, 9, 3, 2, 7, 2, 6, 9, 7, 3, 8, 9, 6, 3, 6, 2, 3, 7, 10, 9, 1, 4, 8, 6, 7, 1, 3, 1, 5, 1, 5, 4, 6, 4, 4, 10, 2]
(0.4086339077928686, 0.5117392438504332, 0.6254003483436266)
[9, 3, 10, 8, 8, 8, 7, 9, 1, 1, 5, 4, 8, 10, 2, 10, 2, 1, 7, 9, 7, 10, 3, 10, 6, 6, 5, 3, 5, 5, 5, 8, 9, 5, 4, 8, 6, 9, 8, 8, 1, 10, 10, 6, 6, 6, 2, 7, 6, 8, 6, 6, 1, 9, 2, 1, 4, 2, 4, 4, 9, 9]
(0.40303337854658033, 0.9263026239350406, 0.21678244745010475)
[7, 9, 8, 7, 7, 4, 5, 5, 2, 10, 1, 7, 9, 10, 2, 10, 9, 1, 7, 6, 7, 10, 9, 3, 6, 8, 3, 3, 6, 7, 2, 6, 9, 7, 3, 8, 9, 6, 8, 6, 2, 1, 7, 10, 9, 7, 5, 7, 6, 8, 6, 3, 1, 5, 1, 5, 4, 6, 4, 2, 10, 2]
(0.4156047580381058, 0.5156912314098141, 0.6186554668274106)
[1, 2, 8, 3, 7, 4, 5, 7, 2, 10, 1, 9, 3, 7, 2, 10, 4, 7, 7, 6, 7, 5, 9, 3, 6, 6, 8, 6, 5, 7, 3, 6, 9, 7, 3, 8, 9, 6, 2, 6, 2, 1, 7, 10, 9, 7, 4, 7, 6, 8, 6, 3, 1, 1, 1, 5, 4, 6, 4, 2, 10, 2]
(0.41267297842371786, 0.5112889720612867, 0.6271651687313738)
[7, 9, 8, 8, 8, 4, 5, 5, 2, 10, 1, 5, 2, 7, 2, 10, 4, 7, 7, 8, 7, 10, 9, 3, 6, 8, 6, 6, 5, 6, 3, 6, 9, 8, 3, 7, 9, 7, 6, 6, 2, 1, 8, 10, 9, 7, 4, 5, 6, 5, 6, 9, 1, 5, 1, 5, 4, 6, 4, 2, 10, 2]
(0.41544751406038183, 0.518030577225851, 0.619955419921486)
[7, 9, 8, 8, 8, 4, 5, 5, 2, 10, 1, 5, 2, 7, 2, 10, 4, 7, 7, 8, 7, 10, 9, 3, 6, 8, 6, 6, 5, 6, 3, 6, 9, 8, 3, 7, 9, 7, 6, 6, 2, 1, 8, 10, 9, 7, 4, 5, 6, 8, 6, 9, 1, 5, 1, 5, 4, 6, 4, 2, 10, 2]
(0.4168651553821296, 0.520426793582735, 0.616588062717749)
[7, 9, 8, 8, 8, 4, 5, 5, 2, 10, 1, 5, 2, 7, 2, 10, 4, 7, 7, 8, 7, 10, 9, 3, 6, 8, 6, 6, 5, 6, 3, 6, 9, 8, 3, 7, 9, 7, 6, 6, 2, 1, 8, 10, 9, 7, 4, 5, 6, 8, 6, 9, 1, 5, 1, 5, 4, 6, 4, 2, 10, 2]
(0.4168651553821296, 0.520426793582735, 0.616588062717749)
[7, 9, 8, 7, 7, 4, 5, 5, 2, 10, 1, 6, 9, 10, 2, 10, 9, 1, 7, 6, 7, 10, 9, 3, 7, 8, 9, 3, 2, 7, 2, 6, 9, 7, 3, 8, 9, 6, 3, 6, 2, 3, 7, 10, 9, 1, 4, 7, 6, 7, 1, 3, 1, 5, 1, 5, 4, 6, 4, 2, 10, 2]
(0.41107221552680434, 0.517341900268648, 0.6255076581223301)
[7, 9, 8, 8, 8, 8, 3, 9, 3, 7, 1, 4, 9, 10, 2, 10, 9, 1, 7, 6, 7, 10, 9, 3, 6, 8, 8, 3, 5, 7, 2, 6, 9, 7, 3, 8, 9, 6, 3, 6, 2, 1, 7, 10, 9, 7, 7, 7, 8, 8, 6, 9, 1, 6, 1, 5, 4, 6, 4, 4, 10, 2]
(0.41006313953506324, 0.9052697302773556, 0.2423701980216207)
[7, 9, 8, 8, 8, 4, 5, 5, 2, 10, 1, 9, 2, 7, 2, 10, 4, 7, 7, 6, 7, 10, 9, 3, 6, 8, 6, 3, 5, 6, 3, 6, 9, 8, 3, 7, 9, 7, 6, 6, 2, 1, 8, 10, 9, 7, 4, 7, 6, 5, 6, 9, 1, 5, 1, 5, 4, 6, 4, 2, 10, 2]
(0.4157940748230928, 0.5174167867344982, 0.6263944376911743)
[7, 2, 8, 3, 7, 4, 5, 7, 2, 10, 1, 9, 3, 7, 2, 10, 4, 7, 7, 6, 7, 5, 9, 3, 6, 6, 8, 3, 5, 7, 3, 6, 9, 7, 3, 5, 9, 7, 3, 6, 2, 1, 7, 10, 9, 7, 4, 7, 6, 8, 6, 3, 1, 3, 1, 5, 4, 6, 4, 2, 10, 2]
(0.41189838676414925, 0.5261328469071028, 0.6235257015565213)
[2, 3, 8, 7, 7, 4, 5, 6, 2, 7, 1, 4, 9, 10, 2, 10, 9, 1, 3, 6, 7, 5, 9, 3, 6, 6, 8, 3, 5, 7, 3, 6, 9, 7, 3, 5, 9, 7, 3, 6, 2, 1, 7, 10, 9, 7, 4, 7, 6, 8, 6, 3, 1, 3, 1, 5, 4, 6, 4, 2, 10, 2]
(0.41400456041840167, 0.5238068931209628, 0.6251443109768956)
[7, 8, 8, 8, 8, 8, 3, 6, 2, 7, 1, 4, 9, 10, 2, 10, 9, 1, 7, 6, 7, 10, 9, 3, 7, 8, 8, 3, 9, 7, 2, 6, 9, 7, 3, 8, 9, 6, 2, 6, 2, 1, 7, 10, 9, 7, 4, 7, 6, 8, 6, 4, 1, 9, 1, 5, 4, 6, 4, 4, 10, 2]
(0.41123041475048144, 0.9105626055970752, 0.24555665665796206)
[9, 4, 10, 8, 8, 8, 7, 9, 1, 1, 10, 4, 9, 10, 2, 10, 7, 1, 7, 9, 7, 10, 3, 10, 6, 2, 5, 9, 5, 5, 7, 7, 10, 5, 8, 8, 6, 9, 8, 8, 1, 10, 10, 6, 6, 6, 2, 7, 6, 7, 2, 5, 1, 9, 1, 1, 4, 3, 3, 1, 9, 7]
(0.39979998411195133, 0.9594226324930761, 0.2148347554107896)
[9, 3, 10, 8, 8, 8, 3, 9, 1, 1, 2, 6, 7, 10, 2, 10, 2, 10, 7, 9, 7, 10, 3, 10, 6, 6, 5, 3, 5, 5, 5, 7, 9, 5, 4, 8, 6, 9, 8, 8, 1, 10, 10, 6, 6, 6, 2, 7, 6, 10, 6, 6, 1, 9, 1, 1, 4, 2, 4, 4, 9, 9]
(0.4046374735389096, 0.9468828117474887, 0.24314396042291922)
[1, 4, 10, 8, 8, 8, 7, 7, 1, 1, 10, 4, 9, 1, 2, 10, 5, 4, 7, 9, 10, 10, 3, 4, 6, 6, 5, 9, 5, 5, 5, 7, 9, 5, 4, 8, 6, 9, 8, 5, 5, 8, 10, 4, 10, 7, 2, 7, 10, 10, 6, 1, 1, 9, 1, 3, 4, 3, 3, 1, 9, 7]
(0.4020617415604114, 0.5043310044009373, 0.8355028423477879)
[9, 4, 10, 8, 8, 8, 7, 9, 1, 1, 10, 4, 9, 2, 2, 10, 5, 7, 7, 9, 10, 10, 3, 4, 6, 6, 5, 9, 5, 5, 5, 7, 9, 5, 4, 8, 6, 9, 8, 8, 5, 8, 10, 4, 10, 7, 2, 7, 6, 8, 6, 1, 1, 9, 1, 1, 4, 3, 3, 1, 9, 7]
(0.4000731026645437, 0.5345910567061388, 0.8239518432820253)
[9, 4, 10, 8, 8, 8, 6, 7, 1, 1, 10, 4, 9, 10, 2, 10, 2, 1, 7, 9, 10, 10, 3, 4, 6, 6, 5, 9, 5, 7, 5, 7, 9, 5, 4, 8, 6, 9, 7, 8, 5, 8, 9, 4, 10, 7, 2, 7, 6, 8, 6, 1, 1, 9, 1, 1, 4, 3, 3, 1, 9, 7]
(0.3981642092131985, 0.5192776042563089, 0.8584464461221962)
[9, 4, 10, 8, 8, 8, 7, 7, 1, 1, 10, 4, 9, 10, 2, 10, 2, 1, 7, 9, 10, 10, 3, 4, 7, 6, 5, 9, 5, 7, 5, 7, 9, 5, 4, 8, 6, 9, 7, 8, 5, 8, 9, 4, 10, 7, 2, 7, 6, 8, 6, 1, 1, 9, 1, 1, 4, 3, 3, 1, 9, 7]
(0.3983280888323997, 0.5198576087294042, 0.8583134499792742)
[9, 4, 10, 8, 8, 8, 7, 7, 1, 1, 10, 4, 9, 10, 2, 10, 2, 1, 7, 9, 10, 10, 3, 4, 6, 6, 5, 9, 5, 7, 5, 7, 9, 5, 4, 8, 6, 9, 7, 8, 5, 8, 9, 4, 10, 7, 2, 7, 6, 8, 6, 1, 1, 9, 1, 1, 4, 3, 3, 1, 9, 7]
(0.3981642092131985, 0.5163116633811051, 0.8653469284568142)
[7, 1, 8, 8, 8, 4, 5, 5, 2, 10, 1, 3, 1, 7, 2, 10, 7, 9, 7, 9, 8, 10, 6, 3, 7, 8, 9, 3, 6, 7, 2, 6, 4, 7, 5, 8, 9, 4, 3, 6, 2, 1, 10, 10, 9, 7, 2, 7, 6, 5, 6, 3, 1, 5, 1, 5, 4, 6, 4, 2, 9, 2]
(0.40331612548455487, 0.5200903167786133, 0.8717800557977795)
[9, 4, 10, 8, 8, 8, 7, 7, 1, 1, 10, 4, 9, 10, 2, 10, 5, 4, 7, 9, 10, 10, 3, 4, 6, 6, 5, 9, 5, 5, 5, 7, 9, 5, 4, 8, 6, 9, 8, 5, 5, 8, 10, 4, 10, 7, 2, 7, 5, 8, 6, 1, 1, 9, 1, 1, 4, 3, 3, 1, 9, 7]
(0.3969964194921247, 0.5378307858643953, 0.8679056514019381)
[9, 4, 10, 8, 8, 8, 7, 7, 1, 1, 10, 4, 9, 10, 2, 10, 5, 4, 7, 9, 10, 10, 3, 4, 6, 6, 5, 9, 5, 5, 5, 7, 9, 5, 4, 8, 6, 9, 8, 5, 5, 8, 10, 4, 10, 7, 2, 7, 6, 8, 6, 1, 1, 8, 1, 1, 4, 3, 3, 1, 9, 7]
(0.39705717946190644, 0.539215284075748, 0.8687586970295711)
[9, 4, 10, 8, 8, 8, 7, 7, 1, 1, 10, 4, 9, 10, 2, 10, 5, 4, 7, 9, 10, 10, 3, 4, 6, 6, 5, 9, 5, 5, 5, 7, 9, 5, 4, 8, 6, 9, 8, 5, 5, 8, 10, 4, 10, 7, 2, 7, 6, 8, 6, 1, 1, 8, 1, 1, 4, 3, 3, 1, 9, 7]
(0.39705717946190644, 0.539215284075748, 0.8687586970295711)
[9, 4, 10, 8, 8, 8, 7, 7, 1, 1, 10, 4, 9, 10, 2, 10, 5, 4, 7, 9, 10, 10, 3, 4, 6, 6, 5, 9, 5, 5, 5, 7, 9, 5, 4, 8, 6, 9, 8, 5, 5, 8, 10, 4, 10, 7, 2, 7, 6, 8, 6, 1, 1, 8, 1, 1, 4, 3, 3, 1, 9, 7]
(0.39705717946190644, 0.539215284075748, 0.8687586970295711)
[9, 4, 10, 8, 8, 8, 7, 9, 1, 1, 10, 4, 9, 10, 2, 10, 2, 1, 7, 9, 7, 10, 3, 1, 6, 1, 3, 3, 5, 5, 5, 7, 9, 2, 4, 9, 6, 9, 8, 8, 5, 8, 10, 4, 10, 7, 2, 7, 6, 8, 6, 5, 1, 9, 1, 1, 4, 3, 3, 1, 9, 7]
(0.398178206729991, 0.9263379668816888, 0.5633594070010652)
[8, 4, 10, 7, 8, 8, 7, 9, 1, 1, 10, 5, 9, 10, 2, 10, 8, 6, 7, 9, 10, 10, 2, 4, 3, 2, 6, 3, 6, 5, 5, 7, 9, 5, 4, 10, 6, 9, 6, 8, 1, 10, 10, 6, 7, 9, 2, 7, 6, 7, 8, 6, 1, 9, 1, 1, 3, 3, 3, 4, 9, 7]
(0.38960559420612867, 0.9212901188060607, 0.6102344433883001)
[7, 8, 8, 8, 8, 8, 3, 6, 2, 7, 1, 4, 9, 10, 2, 10, 9, 4, 3, 2, 7, 10, 9, 3, 7, 8, 8, 3, 5, 7, 2, 6, 9, 7, 3, 8, 9, 6, 2, 6, 2, 1, 7, 10, 9, 7, 4, 7, 6, 8, 6, 4, 1, 9, 1, 5, 4, 6, 4, 4, 10, 2]
(0.40830307216867007, 0.908730675093826, 0.608544817322923)
[9, 4, 10, 8, 8, 8, 7, 9, 1, 1, 10, 4, 9, 10, 2, 10, 2, 1, 7, 9, 7, 10, 3, 4, 6, 1, 3, 3, 5, 5, 5, 7, 9, 2, 4, 8, 6, 9, 8, 8, 5, 8, 10, 4, 10, 7, 2, 7, 6, 8, 6, 4, 1, 9, 1, 1, 4, 3, 3, 1, 9, 7]
(0.3986628030020818, 0.9450534323230356, 0.5861522501446546)
[8, 4, 10, 7, 8, 8, 7, 9, 1, 1, 10, 5, 9, 10, 2, 2, 8, 6, 7, 5, 10, 10, 3, 4, 9, 2, 6, 4, 5, 5, 2, 7, 9, 5, 4, 10, 6, 9, 6, 8, 1, 10, 10, 6, 6, 6, 2, 7, 6, 6, 6, 6, 1, 8, 1, 1, 3, 3, 3, 2, 9, 7]
(0.39634781397133334, 0.923377250693735, 0.6130388303262128)
[7, 9, 8, 8, 8, 8, 3, 9, 3, 7, 1, 4, 9, 10, 2, 10, 9, 1, 7, 6, 7, 10, 9, 3, 7, 8, 8, 3, 5, 7, 2, 6, 9, 7, 3, 8, 9, 6, 3, 6, 2, 1, 7, 10, 9, 7, 4, 7, 6, 8, 6, 9, 3, 5, 3, 5, 4, 6, 4, 2, 10, 2]
(0.4102442942912186, 0.921975774131712, 0.6007981272743906)
[7, 9, 8, 8, 8, 8, 3, 1, 2, 10, 1, 4, 9, 10, 3, 10, 9, 1, 7, 6, 7, 10, 9, 3, 7, 8, 8, 3, 5, 7, 2, 6, 9, 7, 3, 8, 9, 6, 3, 6, 2, 1, 7, 10, 9, 7, 4, 5, 6, 8, 6, 9, 3, 5, 3, 5, 4, 6, 1, 5, 10, 2]
(0.4065760502937472, 0.9168669288977944, 0.6128912091417678)
[7, 9, 8, 8, 8, 8, 3, 9, 3, 7, 3, 4, 9, 10, 2, 10, 9, 1, 7, 6, 7, 10, 9, 3, 7, 8, 8, 3, 5, 7, 2, 6, 9, 7, 3, 8, 9, 6, 3, 6, 2, 1, 7, 10, 9, 7, 4, 7, 6, 8, 6, 9, 3, 5, 3, 5, 4, 6, 4, 2, 10, 2]
(0.4119269267045936, 0.9242016600444878, 0.601250072335401)
[7, 9, 8, 8, 8, 4, 5, 6, 2, 7, 1, 4, 9, 10, 2, 10, 9, 4, 3, 6, 7, 10, 9, 3, 7, 8, 8, 3, 5, 7, 2, 6, 9, 7, 3, 8, 9, 6, 2, 6, 2, 1, 7, 10, 9, 7, 4, 7, 6, 8, 6, 4, 1, 6, 1, 5, 4, 6, 4, 4, 10, 2]
(0.4119056426210524, 0.9146466063335502, 0.6108529150086595)
[8, 4, 10, 7, 8, 8, 7, 9, 1, 1, 10, 5, 9, 10, 2, 2, 8, 6, 7, 5, 10, 10, 3, 4, 3, 2, 6, 3, 5, 5, 2, 7, 9, 5, 4, 10, 6, 9, 6, 8, 1, 10, 10, 6, 7, 6, 2, 7, 6, 7, 6, 6, 1, 9, 1, 1, 3, 3, 3, 1, 9, 7]
(0.3964580442617525, 0.9254493216052619, 0.6162043714373513)
[7, 2, 8, 7, 3, 4, 5, 1, 2, 10, 10, 4, 9, 10, 2, 10, 9, 3, 7, 9, 8, 10, 9, 3, 7, 8, 8, 3, 5, 7, 2, 6, 9, 5, 4, 8, 7, 7, 4, 6, 2, 1, 10, 10, 6, 7, 4, 3, 6, 5, 6, 1, 1, 5, 3, 5, 4, 6, 1, 2, 10, 2]
(0.39740489608765295, 0.9328355645760862, 0.6089522099257179)
[7, 9, 8, 8, 8, 8, 3, 9, 3, 7, 3, 4, 9, 10, 2, 10, 9, 1, 7, 6, 7, 10, 5, 3, 7, 8, 8, 3, 5, 7, 2, 6, 9, 7, 3, 8, 9, 6, 3, 6, 2, 1, 7, 10, 9, 7, 4, 7, 6, 8, 6, 9, 3, 5, 3, 5, 4, 6, 4, 2, 10, 2]
(0.4070950454510098, 0.9319722017273276, 0.6012666492798532)
[7, 2, 8, 7, 7, 4, 5, 1, 2, 10, 10, 4, 9, 10, 2, 10, 9, 3, 7, 9, 8, 10, 9, 5, 7, 8, 8, 3, 5, 7, 2, 6, 9, 5, 4, 8, 7, 7, 4, 6, 2, 1, 10, 10, 9, 6, 4, 3, 6, 5, 6, 1, 1, 5, 3, 5, 4, 6, 1, 2, 10, 2]
(0.40562921621474257, 0.9201975652947988, 0.616778322287049)
[10, 1, 10, 8, 8, 8, 6, 7, 1, 1, 10, 3, 9, 10, 2, 10, 2, 1, 7, 9, 10, 10, 3, 4, 6, 6, 5, 5, 5, 7, 5, 7, 7, 5, 4, 8, 6, 9, 7, 8, 5, 8, 9, 4, 10, 7, 2, 7, 6, 8, 6, 1, 10, 9, 1, 1, 4, 3, 3, 1, 9, 7]
(0.38494082543886626, 0.9406446689739792, 0.6188332151346845)
[2, 4, 10, 8, 8, 8, 7, 7, 1, 1, 10, 4, 9, 10, 2, 10, 2, 1, 7, 9, 7, 10, 3, 4, 3, 2, 6, 3, 5, 5, 5, 8, 9, 5, 4, 10, 6, 9, 6, 8, 1, 10, 10, 6, 7, 6, 2, 7, 6, 7, 6, 6, 1, 9, 1, 1, 3, 3, 3, 1, 9, 7]
(0.39699043400431483, 0.9458741771057222, 0.6042437188705079)
[7, 1, 8, 8, 8, 4, 5, 5, 2, 10, 1, 3, 1, 7, 2, 10, 7, 9, 7, 9, 8, 10, 6, 3, 7, 8, 9, 3, 5, 7, 1, 6, 5, 7, 3, 8, 9, 8, 3, 6, 2, 1, 10, 10, 9, 7, 2, 3, 6, 5, 6, 3, 1, 7, 1, 5, 4, 6, 4, 2, 9, 2]
(0.4027194158992464, 0.937295707873997, 0.6077967484468804)
[9, 4, 10, 8, 9, 8, 7, 7, 1, 1, 10, 3, 9, 10, 2, 10, 5, 6, 6, 9, 10, 10, 3, 4, 6, 6, 5, 9, 5, 5, 5, 7, 9, 5, 4, 8, 6, 9, 8, 5, 5, 8, 10, 4, 10, 7, 2, 7, 9, 3, 6, 1, 1, 9, 1, 1, 4, 3, 3, 1, 9, 7]
(0.39798393254258013, 0.9360810400918096, 0.6154271226786264)
[2, 4, 10, 8, 8, 8, 7, 8, 1, 1, 10, 4, 9, 7, 2, 9, 2, 1, 7, 9, 10, 10, 3, 4, 3, 2, 6, 3, 5, 5, 5, 8, 9, 5, 4, 10, 6, 9, 6, 8, 1, 10, 10, 6, 7, 6, 2, 7, 6, 7, 6, 6, 1, 9, 1, 1, 3, 3, 3, 1, 9, 7]
(0.3954859662266444, 0.9400851951912015, 0.6140512544308133)
[9, 4, 10, 8, 8, 8, 7, 7, 1, 1, 10, 4, 9, 10, 2, 10, 5, 7, 7, 9, 10, 10, 3, 4, 6, 6, 5, 9, 5, 5, 5, 7, 9, 5, 4, 8, 6, 9, 8, 5, 5, 8, 10, 4, 10, 7, 2, 7, 6, 3, 6, 1, 5, 9, 1, 1, 4, 3, 3, 1, 9, 7]
(0.39763609199720523, 0.9397256018593878, 0.6146712414902732)
[8, 4, 10, 7, 8, 8, 7, 7, 1, 5, 10, 4, 9, 10, 2, 10, 5, 6, 7, 5, 10, 10, 3, 4, 3, 2, 6, 5, 5, 5, 2, 7, 7, 5, 4, 10, 6, 9, 6, 8, 1, 10, 10, 6, 6, 6, 2, 7, 6, 6, 6, 6, 1, 8, 1, 1, 3, 3, 3, 1, 9, 7]
(0.3938357168054059, 0.943428691662845, 0.6171146578492575)
[7, 4, 8, 5, 7, 1, 5, 3, 2, 10, 1, 9, 2, 7, 2, 4, 2, 10, 8, 6, 7, 10, 9, 3, 7, 8, 8, 3, 5, 7, 2, 6, 9, 6, 3, 8, 9, 7, 3, 6, 2, 1, 10, 10, 9, 6, 4, 3, 6, 5, 6, 1, 1, 5, 3, 5, 4, 6, 1, 2, 10, 2]
(0.40909623248241095, 0.9277981420978871, 0.6187837658609623)
[7, 1, 8, 8, 8, 4, 5, 5, 2, 10, 1, 3, 1, 7, 2, 10, 7, 8, 7, 9, 8, 10, 6, 3, 7, 8, 9, 3, 5, 7, 1, 6, 5, 7, 3, 8, 9, 8, 3, 6, 2, 1, 10, 10, 9, 7, 2, 3, 6, 5, 6, 3, 1, 7, 1, 5, 4, 6, 4, 2, 9, 2]
(0.4027194158992464, 0.9382215240970223, 0.616573479428375)
[7, 3, 8, 5, 7, 4, 5, 3, 2, 10, 1, 9, 2, 7, 2, 4, 2, 10, 8, 6, 7, 10, 9, 3, 7, 8, 8, 3, 5, 7, 2, 6, 9, 6, 3, 8, 9, 7, 3, 6, 2, 1, 10, 10, 9, 6, 4, 3, 6, 2, 6, 1, 1, 5, 3, 5, 4, 6, 1, 2, 10, 2]
(0.40777049353740874, 0.9338546400889725, 0.6173111194709973)
[9, 4, 10, 8, 8, 8, 7, 9, 1, 2, 7, 4, 9, 7, 2, 9, 2, 6, 7, 9, 10, 10, 3, 4, 3, 2, 6, 3, 5, 5, 5, 8, 9, 5, 4, 10, 6, 9, 6, 8, 5, 8, 10, 4, 10, 7, 2, 7, 6, 8, 6, 5, 5, 9, 1, 1, 4, 3, 3, 1, 9, 7]
(0.39468004990720856, 0.9490444542840094, 0.6175020263371899)
[7, 9, 8, 7, 7, 4, 5, 7, 2, 10, 1, 9, 1, 10, 2, 10, 9, 7, 7, 6, 7, 5, 9, 3, 6, 7, 8, 3, 5, 7, 2, 6, 9, 7, 3, 5, 9, 7, 3, 6, 2, 1, 7, 10, 9, 7, 1, 7, 6, 8, 6, 9, 1, 5, 1, 5, 4, 6, 4, 2, 10, 2]
(0.4044685163013562, 0.9351156802847951, 0.6289005939545871)
[2, 4, 10, 8, 8, 8, 8, 4, 1, 1, 10, 2, 9, 7, 2, 9, 7, 1, 7, 5, 10, 10, 3, 4, 3, 8, 5, 9, 5, 5, 7, 7, 10, 5, 4, 3, 6, 9, 8, 8, 5, 8, 10, 6, 7, 6, 2, 7, 6, 7, 6, 6, 3, 9, 1, 1, 3, 3, 3, 1, 9, 7]
(0.3935287691201556, 0.9601767970249029, 0.6154840497311755)
[10, 4, 10, 8, 6, 8, 8, 4, 1, 1, 10, 1, 9, 10, 2, 10, 2, 1, 7, 9, 10, 10, 3, 4, 6, 6, 5, 9, 5, 7, 2, 7, 7, 5, 4, 8, 6, 9, 7, 8, 5, 8, 9, 4, 10, 7, 2, 7, 6, 8, 6, 1, 1, 9, 1, 1, 4, 3, 3, 1, 9, 7]
(0.3956265400050776, 0.9490060435608002, 0.6438174920590447)
[9, 4, 10, 8, 8, 8, 6, 7, 1, 1, 10, 3, 9, 10, 2, 10, 2, 1, 7, 9, 10, 10, 3, 4, 6, 6, 5, 9, 5, 7, 5, 7, 9, 5, 4, 8, 6, 9, 7, 8, 5, 8, 9, 4, 10, 7, 2, 7, 6, 8, 6, 1, 1, 9, 1, 1, 4, 3, 3, 1, 9, 7]
(0.3984367087849316, 0.924619294889268, 0.7734499184963294)
[9, 4, 10, 8, 8, 8, 7, 9, 1, 1, 7, 4, 9, 10, 2, 10, 2, 1, 7, 9, 7, 10, 3, 1, 6, 1, 3, 3, 5, 5, 5, 7, 9, 2, 4, 8, 6, 9, 8, 8, 5, 8, 10, 4, 10, 7, 2, 7, 6, 8, 6, 4, 1, 9, 1, 1, 4, 3, 3, 1, 9, 7]
(0.39885653073942456, 0.9499612199142549, 0.8348673047507451)
[9, 4, 10, 8, 8, 8, 7, 7, 1, 1, 10, 4, 9, 10, 2, 10, 5, 7, 7, 9, 10, 10, 3, 4, 6, 6, 5, 9, 5, 5, 5, 7, 9, 5, 4, 8, 6, 9, 8, 5, 5, 8, 10, 4, 10, 7, 2, 7, 6, 8, 6, 1, 1, 8, 1, 1, 4, 3, 3, 1, 9, 7]
(0.3975152973655546, 0.9429380854591698, 0.8618311992192191)
[10, 4, 10, 8, 6, 8, 8, 4, 1, 1, 10, 1, 9, 10, 2, 10, 2, 1, 7, 9, 10, 10, 3, 4, 6, 6, 5, 9, 5, 7, 2, 7, 7, 5, 4, 8, 6, 9, 7, 8, 5, 8, 9, 4, 10, 7, 2, 7, 6, 8, 6, 5, 1, 9, 1, 1, 4, 3, 3, 1, 9, 7]
(0.3950073647016133, 0.9545849727466676, 0.8542926673185879)
[9, 4, 10, 8, 8, 8, 6, 7, 1, 1, 10, 3, 9, 10, 2, 10, 2, 1, 7, 9, 10, 10, 3, 4, 6, 6, 5, 9, 5, 5, 5, 7, 9, 5, 4, 8, 6, 9, 8, 5, 5, 8, 10, 4, 10, 7, 2, 7, 6, 3, 6, 1, 1, 9, 1, 1, 4, 3, 3, 1, 9, 7]
(0.39809217132265584, 0.9430038956925244, 0.863539101933374)
[9, 4, 10, 8, 8, 8, 7, 7, 1, 1, 10, 4, 9, 10, 2, 10, 5, 4, 7, 9, 10, 10, 3, 5, 6, 6, 5, 9, 5, 5, 5, 7, 9, 5, 4, 8, 6, 9, 8, 5, 5, 8, 10, 4, 10, 7, 2, 7, 6, 8, 6, 1, 1, 8, 1, 1, 4, 3, 3, 1, 9, 7]
(0.3973975976382, 0.9448360146954627, 0.8660874372447279)
[8, 4, 10, 7, 8, 8, 7, 9, 1, 1, 10, 5, 9, 10, 2, 10, 4, 6, 7, 5, 10, 10, 3, 4, 3, 2, 6, 4, 5, 5, 2, 7, 9, 5, 4, 10, 6, 9, 6, 8, 1, 10, 10, 6, 6, 6, 2, 7, 6, 6, 6, 6, 1, 8, 1, 1, 3, 3, 3, 1, 9, 7]
(0.39529529327018115, 0.9430605979636283, 0.8703087319938376)
[9, 4, 10, 8, 8, 8, 7, 7, 1, 1, 10, 4, 9, 10, 2, 10, 5, 6, 7, 9, 10, 10, 3, 4, 6, 6, 5, 9, 5, 5, 5, 7, 9, 5, 4, 8, 6, 9, 8, 5, 5, 8, 10, 4, 10, 7, 2, 7, 6, 3, 6, 1, 1, 9, 1, 1, 4, 3, 3, 1, 9, 7]
(0.39833930595075273, 0.9481958093121619, 0.8645770409338784)
[8, 4, 10, 8, 7, 8, 7, 7, 1, 5, 10, 4, 9, 10, 2, 10, 5, 6, 7, 5, 10, 10, 3, 4, 3, 2, 6, 5, 5, 5, 2, 7, 9, 5, 4, 10, 6, 9, 6, 8, 1, 10, 10, 6, 6, 6, 2, 7, 6, 6, 6, 6, 1, 8, 1, 1, 3, 3, 3, 1, 9, 7]
(0.3943332587434948, 0.9414109574630826, 0.8827544853794356)
