Matsuoka quadruped, body parameters:[10, 10, 5, 2, 3, 1, 5, 7, 10, 10, 9, 10, 8, 3, 10, 7, 5, 6, 1, 5, 8, 8, 5, 2, 5, 7, 4, 10, 1, 9, 9, 2]
{'b': 0.2, 'gam': 0.1, 'x0': 0.5, 'c': 1.0, 'a': 0.6}
Inter-module:
[[ 0.  -2.  -0.8 -0.2]
 [-1.2  0.  -0.2 -0.4]
 [-0.8 -0.2  0.  -2. ]
 [-0.2 -0.4 -1.2  0. ]]
Intra-module:
[[ 0.  -1.  -1.8]
 [-1.2  0.   1. ]
 [ 1.  -0.2  0. ]]
Bias:[2.  1.8 1.3]
Drive coeff:[ 0.9  0.3 -0.1]
gen	evals	std       	min       	avg       	max       
0  	92   	[0. 0. 0.]	[0. 0. 0.]	[0. 0. 0.]	[0. 0. 0.]
1  	92   	[0. 0. 0.]	[0. 0. 0.]	[0. 0. 0.]	[0. 0. 0.]
2  	92   	[0. 0. 0.]	[0. 0. 0.]	[0. 0. 0.]	[0. 0. 0.]
3  	92   	[0.00335671 0.         0.        ]	[0. 0. 0.]	[0.00035188 0.         0.        ]	[0.03237285 0.         0.        ]
4  	92   	[0.00335671 0.         0.        ]	[0. 0. 0.]	[0.00035188 0.         0.        ]	[0.03237285 0.         0.        ]
5  	92   	[0.06831906 0.         0.        ]	[0. 0. 0.]	[0.00787592 0.         0.        ]	[0.65794687 0.         0.        ]
6  	92   	[0.08658992 0.0763908  0.        ]	[0. 0. 0.]	[0.01354009 0.00800793 0.        ]	[0.65794687 0.73672973 0.        ]
7  	92   	[0.086655   0.0763908  0.04808293]	[0. 0. 0.]	[0.01440539 0.00800793 0.00504046]	[0.65794687 0.73672973 0.46372238]
8  	92   	[0.10950664 0.0763908  0.04808293]	[0. 0. 0.]	[0.02161269 0.00800793 0.00504046]	[0.66051245 0.73672973 0.46372238]
9  	92   	[0.12818283 0.09456772 0.04808293]	[0. 0. 0.]	[0.02961011 0.01394025 0.00504046]	[0.66599567 0.73672973 0.46372238]
10 	92   	[0.14340738 0.10197672 0.04808293]	[0. 0. 0.]	[0.04148719 0.01912026 0.00504046]	[0.66599567 0.73672973 0.46372238]
11 	92   	[0.16551539 0.16814166 0.04808293]	[0. 0. 0.]	[0.05916672 0.04937543 0.00504046]	[0.66998114 0.73760376 0.46372238]
12 	92   	[0.19566261 0.20582395 0.05037213]	[0. 0. 0.]	[0.0908282  0.08583235 0.00667059]	[0.66998114 0.73760376 0.46372238]
13 	92   	[0.23106963 0.25506478 0.10491414]	[0. 0. 0.]	[0.13804759 0.15919044 0.02427052]	[0.66998114 0.73760376 0.75932122]
14 	92   	[0.26316126 0.27963199 0.11419497]	[0. 0. 0.]	[0.214465   0.25110151 0.03337969]	[0.69980955 0.87297975 0.75932122]
15 	92   	[0.2797649  0.26563614 0.13554139]	[0. 0. 0.]	[0.31119115 0.36090394 0.04811654]	[0.69980955 0.87297975 0.75932122]
16 	92   	[0.29628859 0.26619057 0.1724639 ]	[0. 0. 0.]	[0.37296457 0.41624498 0.08137173]	[0.69980955 0.87297975 0.76379529]
17 	92   	[0.29704636 0.26784242 0.20720477]	[0. 0. 0.]	[0.40584442 0.4704881  0.11871182]	[0.69980955 0.89501003 0.76379529]
18 	92   	[0.30259342 0.27027043 0.22702702]	[0. 0. 0.]	[0.39010416 0.49066655 0.14306776]	[0.69980955 0.89501003 0.76379529]
19 	92   	[0.30075906 0.26846731 0.26315427]	[0. 0. 0.]	[0.36835229 0.50148273 0.19360138]	[0.69980955 0.89501003 0.78796573]
20 	92   	[0.29336646 0.26717102 0.2591491 ]	[0. 0. 0.]	[0.38097675 0.5260767  0.19560551]	[0.69980955 0.89501003 0.78796573]
21 	92   	[0.28758165 0.24472971 0.278532  ]	[0. 0. 0.]	[0.39991672 0.56697205 0.20612248]	[0.70217655 0.90135094 0.8060125 ]
22 	92   	[0.28334841 0.23684036 0.28783231]	[0. 0. 0.]	[0.40020841 0.60506491 0.22486205]	[0.70217655 0.90529655 0.8060125 ]
23 	92   	[0.28098484 0.24123574 0.29098932]	[0. 0. 0.]	[0.35745387 0.57937064 0.27387089]	[0.70217655 0.91741991 0.8060125 ]
24 	92   	[0.29032988 0.22482519 0.30862653]	[0. 0. 0.]	[0.33918268 0.6098703  0.31481624]	[0.70786171 0.91741991 0.8060125 ]
25 	92   	[0.28418145 0.1967788  0.29275122]	[0. 0. 0.]	[0.40233518 0.6431376  0.26009338]	[0.70786171 0.91899164 0.8060125 ]
26 	92   	[0.28037254 0.13646064 0.29590101]	[0. 0. 0.]	[0.40926631 0.69117325 0.2831042 ]	[0.72762164 0.92529379 0.8060125 ]
27 	92   	[0.26467257 0.17010028 0.30650126]	[0. 0. 0.]	[0.42538465 0.6722267  0.30738395]	[0.72762164 0.92529379 0.80934983]
28 	92   	[0.27385145 0.16557415 0.31093365]	[0. 0. 0.]	[0.40873654 0.7027404  0.33090418]	[0.72762164 0.92529379 0.80934983]
29 	92   	[0.26308474 0.19106643 0.31923087]	[0. 0. 0.]	[0.42940091 0.67820214 0.35468041]	[0.72762164 0.92529379 0.81020318]
30 	92   	[0.26253078 0.2163189  0.32195131]	[0. 0. 0.]	[0.43860508 0.67140661 0.34594752]	[0.72762164 0.92529379 0.81020318]
31 	92   	[0.25560708 0.18576252 0.32154161]	[0. 0. 0.]	[0.44598622 0.68293278 0.34924502]	[0.72762164 0.92529379 0.81020318]
32 	92   	[0.25411156 0.18713957 0.32904252]	[0. 0. 0.]	[0.44941196 0.67533266 0.36953466]	[0.73056447 0.92529379 0.81020318]
33 	92   	[0.26629789 0.17922108 0.33053586]	[0. 0. 0.]	[0.4450838  0.68937787 0.36095927]	[0.73056447 0.92529379 0.81452557]
34 	92   	[0.28441633 0.17822285 0.32305006]	[0. 0. 0.]	[0.40247801 0.70439508 0.37980159]	[0.73056447 0.92529379 0.81452557]
35 	92   	[0.26048634 0.20917784 0.32134759]	[0. 0. 0.]	[0.45647432 0.69324638 0.36100454]	[0.73056447 0.92529379 0.81452557]
36 	92   	[0.26420848 0.20923603 0.31980477]	[0. 0. 0.]	[0.43841899 0.69546178 0.38696203]	[0.73056447 0.92529379 0.81452557]
37 	92   	[0.26333793 0.21983479 0.31095821]	[0. 0. 0.]	[0.43409413 0.69017109 0.41756624]	[0.73056447 0.92529379 0.81919356]
38 	92   	[0.24747424 0.25087393 0.31915939]	[0. 0. 0.]	[0.4711633  0.66285667 0.45271385]	[0.73056447 0.92529379 0.82140762]
39 	92   	[0.25950455 0.25234072 0.31854807]	[0. 0. 0.]	[0.46669589 0.67493124 0.45035453]	[0.73056447 0.92529379 0.82140762]
40 	92   	[0.24449383 0.22977429 0.32509279]	[0. 0. 0.]	[0.48723526 0.68133119 0.45795252]	[0.73056447 0.92529379 0.82140762]
41 	92   	[0.24570502 0.27774031 0.33451419]	[0. 0. 0.]	[0.50050178 0.64715282 0.47253035]	[0.73056447 0.92832602 0.82379295]
42 	92   	[0.25380879 0.25187298 0.3378809 ]	[0. 0. 0.]	[0.49559668 0.6684562  0.46575401]	[0.73056447 0.92832602 0.82379295]
43 	92   	[0.26270079 0.25317472 0.33485348]	[0. 0. 0.]	[0.49201979 0.66961014 0.4906904 ]	[0.73056447 0.92832602 0.82379295]
44 	92   	[0.26393159 0.23829903 0.34319301]	[0. 0. 0.]	[0.49782415 0.68283068 0.49673631]	[0.73056447 0.92832602 0.82379295]
45 	92   	[0.26898391 0.24655975 0.34472597]	[0. 0. 0.]	[0.50929734 0.66935178 0.53128858]	[0.73056447 0.92832602 0.82379295]
46 	92   	[0.26062032 0.23793898 0.34296138]	[0. 0. 0.]	[0.51831826 0.67061027 0.53201471]	[0.73056447 0.92832602 0.82581076]
47 	92   	[0.26370113 0.26095391 0.32912323]	[0. 0. 0.]	[0.4954635  0.67130889 0.54985395]	[0.73087812 0.92832602 0.82581076]
48 	92   	[0.27650811 0.25376379 0.32125712]	[0. 0. 0.]	[0.47908128 0.68755107 0.55546606]	[0.73087812 0.92832602 0.82581076]
49 	92   	[0.27061483 0.23759696 0.3257039 ]	[0. 0. 0.]	[0.49307297 0.69132578 0.55818605]	[0.73087812 0.92832602 0.82581076]
50 	92   	[0.27412473 0.23707919 0.32024073]	[0. 0. 0.]	[0.48145132 0.70342778 0.55277427]	[0.73087812 0.92832602 0.82581076]
51 	92   	[0.27352115 0.21632744 0.31585748]	[0. 0. 0.]	[0.48087175 0.71404385 0.56110522]	[0.73087812 0.92868395 0.82581076]
52 	92   	[0.2743894  0.20072159 0.32869966]	[0. 0. 0.]	[0.47730764 0.73022503 0.53026492]	[0.73087812 0.92868395 0.82581076]
53 	92   	[0.27726342 0.20311184 0.31837785]	[0. 0. 0.]	[0.45502714 0.73492368 0.54525269]	[0.73087812 0.92868395 0.82581076]
54 	92   	[0.28885974 0.20604232 0.32106709]	[0. 0. 0.]	[0.40147818 0.76142104 0.5025303 ]	[0.73087812 0.92868395 0.82581076]
55 	92   	[0.28060544 0.21934547 0.32441323]	[0. 0. 0.]	[0.41863605 0.74499371 0.50481303]	[0.73087812 0.92868395 0.82581076]
56 	92   	[0.28432565 0.20499535 0.32553978]	[0. 0. 0.]	[0.415257   0.75173315 0.51690144]	[0.73087812 0.92868395 0.82581076]
57 	92   	[0.28374352 0.21921017 0.32828978]	[0. 0. 0.]	[0.41840748 0.74543337 0.50786579]	[0.73087812 0.92868395 0.82581076]
58 	92   	[0.28451594 0.21891175 0.33183903]	[0. 0. 0.]	[0.42311371 0.74518176 0.50462217]	[0.73087812 0.92868395 0.82581076]
59 	92   	[0.28206877 0.23240539 0.32188059]	[0. 0. 0.]	[0.41348625 0.74005912 0.52504672]	[0.73087812 0.92868395 0.82581076]
60 	92   	[0.27319814 0.23236893 0.32398657]	[0. 0. 0.]	[0.43647523 0.73858232 0.51999187]	[0.73087812 0.92868395 0.82581076]
61 	92   	[0.27478657 0.24324036 0.31847377]	[0. 0. 0.]	[0.43982582 0.72648171 0.53690218]	[0.73087812 0.92868395 0.82581076]
62 	92   	[0.27587764 0.24326554 0.31779461]	[0. 0. 0.]	[0.43879274 0.72759945 0.54196977]	[0.73087812 0.92868395 0.82581076]
63 	92   	[0.27149811 0.26732684 0.31642575]	[0. 0. 0.]	[0.45467128 0.71771407 0.52921579]	[0.73087812 0.92868395 0.82581076]
64 	92   	[0.27169806 0.26875119 0.31604676]	[0. 0. 0.]	[0.45510119 0.7254084  0.52313026]	[0.73087812 0.92868395 0.82581076]
65 	92   	[0.26866873 0.2678055  0.32412032]	[0. 0. 0.]	[0.46800827 0.72232576 0.51198501]	[0.73087812 0.92868395 0.82581076]
66 	92   	[0.27582456 0.2683546  0.3205214 ]	[0. 0. 0.]	[0.46236164 0.72149309 0.53118886]	[0.73087812 0.92868395 0.82581076]
67 	92   	[0.27047873 0.2682123  0.32481756]	[0. 0. 0.]	[0.47407958 0.71798166 0.53453125]	[0.73087812 0.92868395 0.82581076]
68 	92   	[0.26704635 0.25593984 0.32564268]	[0. 0. 0.]	[0.47982463 0.71905073 0.54818064]	[0.73087812 0.92868395 0.82581076]
69 	92   	[0.2713629  0.26652984 0.32116275]	[0. 0. 0.]	[0.47528525 0.71222389 0.55019984]	[0.73087812 0.92868395 0.82581076]
70 	92   	[0.2665187  0.26627068 0.31725671]	[0. 0. 0.]	[0.474466   0.71634044 0.5532211 ]	[0.73087812 0.92868395 0.82581076]
71 	92   	[0.26868384 0.25701829 0.31253125]	[0. 0. 0.]	[0.47123348 0.72710342 0.56041144]	[0.73087812 0.92868395 0.82581076]
72 	92   	[0.27311425 0.24503072 0.31296446]	[0. 0. 0.]	[0.46640037 0.73157129 0.56751313]	[0.73087812 0.92868395 0.82581076]
73 	92   	[0.26859479 0.24425107 0.30969676]	[0. 0. 0.]	[0.47929754 0.73517632 0.56856138]	[0.73087812 0.9290338  0.82581076]
74 	92   	[0.26934018 0.21940597 0.31604813]	[0. 0. 0.]	[0.46482821 0.75845002 0.56945621]	[0.73087812 0.9290338  0.82581076]
75 	92   	[0.27110511 0.18830954 0.31648706]	[0. 0. 0.]	[0.46001349 0.7810839  0.56246195]	[0.73087812 0.9290338  0.82581076]
76 	92   	[0.27081436 0.22036728 0.32275282]	[0. 0. 0.]	[0.44765375 0.77424839 0.55282666]	[0.73087812 0.9290338  0.82581076]
77 	92   	[0.26733292 0.22138211 0.32091686]	[0. 0. 0.]	[0.45834215 0.76482365 0.56358448]	[0.73087812 0.9290338  0.82581076]
78 	92   	[0.26171796 0.22488413 0.32907887]	[0. 0. 0.]	[0.46562967 0.76270996 0.54603462]	[0.73087812 0.92958941 0.82581076]
79 	92   	[0.26108877 0.22535396 0.32877046]	[0. 0. 0.]	[0.47150176 0.76188694 0.54561747]	[0.73087812 0.92958941 0.82581076]
80 	92   	[0.26113381 0.21235882 0.32494236]	[0. 0. 0.]	[0.46781413 0.76462541 0.55452174]	[0.73087812 0.92958941 0.82581076]
81 	92   	[0.2616951  0.21111031 0.32492643]	[0. 0. 0.]	[0.46691046 0.766889   0.55464966]	[0.73087812 0.92958941 0.82581076]
82 	92   	[0.25174676 0.21396864 0.32490601]	[0. 0. 0.]	[0.50004148 0.75621229 0.55287777]	[0.73087812 0.92958941 0.82581076]
83 	92   	[0.25424823 0.19964891 0.32141213]	[0. 0. 0.]	[0.48356732 0.76813477 0.57107436]	[0.73087812 0.92958941 0.82581076]
84 	92   	[0.25182124 0.1999836  0.31612022]	[0. 0. 0.]	[0.49013129 0.7654139  0.57875799]	[0.73087812 0.92958941 0.82581076]
85 	92   	[0.2557571  0.21461968 0.30689377]	[0. 0. 0.]	[0.48231588 0.75560216 0.5906962 ]	[0.73087812 0.92958941 0.82581076]
86 	92   	[0.25527322 0.21477852 0.31680548]	[0. 0. 0.]	[0.48154946 0.75850658 0.58001724]	[0.73087812 0.92958941 0.82581076]
87 	92   	[0.25464602 0.18367853 0.31152651]	[0. 0. 0.]	[0.47783576 0.77906919 0.58874097]	[0.73087812 0.92958941 0.82581076]
88 	92   	[0.24761981 0.18139145 0.31435551]	[0. 0. 0.]	[0.48707145 0.78514202 0.58309517]	[0.73087812 0.92958941 0.82581076]
89 	92   	[0.25761045 0.21426284 0.27383948]	[0. 0. 0.]	[0.47448144 0.75577136 0.64486243]	[0.73087812 0.92958941 0.82581076]
90 	92   	[0.26268784 0.19975234 0.27560272]	[0. 0. 0.]	[0.4648942  0.76260883 0.64678807]	[0.73087812 0.92958941 0.82581076]
91 	92   	[0.26169316 0.23219246 0.30363875]	[0. 0. 0.]	[0.47494911 0.73078507 0.61248649]	[0.73087812 0.92958941 0.82581076]
92 	92   	[0.26159103 0.21893551 0.30418602]	[0. 0. 0.]	[0.45749255 0.74213743 0.61523433]	[0.73087812 0.92958941 0.82581076]
93 	92   	[0.26343866 0.21896055 0.31228983]	[0. 0. 0.]	[0.46364412 0.73981595 0.60054049]	[0.73087812 0.92958941 0.82581076]
94 	92   	[0.26131992 0.22142031 0.30524771]	[0. 0. 0.]	[0.45899811 0.73516313 0.61528923]	[0.73087812 0.92958941 0.82581076]
95 	92   	[0.26747535 0.23272967 0.29027967]	[0. 0. 0.]	[0.43229034 0.72113101 0.63944613]	[0.73087812 0.92958941 0.82581076]
96 	92   	[0.26998141 0.22416632 0.28901964]	[0. 0. 0.]	[0.4427632  0.73774386 0.63815097]	[0.73087812 0.92958941 0.82581076]
97 	92   	[0.25663332 0.22368245 0.30026984]	[0. 0. 0.]	[0.45985692 0.72716088 0.6306311 ]	[0.73087812 0.92958941 0.82581076]
98 	92   	[0.25312974 0.2244365  0.28486462]	[0. 0. 0.]	[0.46123073 0.73313045 0.64490414]	[0.73087812 0.92958941 0.82581076]
99 	92   	[0.25400352 0.22215542 0.29152947]	[0. 0. 0.]	[0.47984341 0.73522406 0.63309277]	[0.73087812 0.92958941 0.82581076]
100	92   	[0.24920555 0.2215888  0.28705525]	[0. 0. 0.]	[0.49279317 0.73245149 0.64684424]	[0.73087812 0.92958941 0.82581076]
101	92   	[0.2488863  0.2118253  0.30182675]	[0. 0. 0.]	[0.47841364 0.74643613 0.63076519]	[0.73087812 0.92958941 0.82581076]
102	92   	[0.25138    0.22250877 0.29482554]	[0. 0. 0.]	[0.49271894 0.73912125 0.64843652]	[0.73087812 0.92958941 0.82581076]
103	92   	[0.24987418 0.23296066 0.28722853]	[0. 0. 0.]	[0.49876963 0.72765991 0.65694283]	[0.73087812 0.92958941 0.82581076]
104	92   	[0.25073149 0.23306561 0.29474429]	[0. 0. 0.]	[0.4939196  0.73462947 0.64818834]	[0.73087812 0.92958941 0.82581076]
105	92   	[0.25168793 0.23309469 0.28741078]	[0. 0. 0.]	[0.49175007 0.7415879  0.65812194]	[0.73087812 0.92958941 0.82581076]
106	92   	[0.25189806 0.21789203 0.29272937]	[0. 0. 0.]	[0.49598705 0.75046141 0.65099005]	[0.73087812 0.92958941 0.82581076]
107	92   	[0.2481897  0.23105851 0.29404218]	[0. 0. 0.]	[0.50871673 0.73368056 0.65067433]	[0.73087812 0.92958941 0.82581076]
108	92   	[0.24836318 0.23196968 0.28681538]	[0. 0. 0.]	[0.50898858 0.72609201 0.66102129]	[0.73087812 0.92958941 0.82581076]
109	92   	[0.24878861 0.23035813 0.29029239]	[0. 0. 0.]	[0.5047659  0.73212471 0.65457504]	[0.73087812 0.92958941 0.82581076]
110	92   	[0.2459165  0.22833832 0.27810552]	[0. 0. 0.]	[0.51557626 0.73795158 0.66606616]	[0.73087812 0.92958941 0.82581076]
111	92   	[0.24198599 0.23071241 0.27728697]	[0. 0. 0.]	[0.51598877 0.7350546  0.66533378]	[0.73087812 0.93141626 0.82581076]
112	92   	[0.24286864 0.21826934 0.28534692]	[0. 0. 0.]	[0.51876442 0.74776663 0.65663862]	[0.73087812 0.93141626 0.82581076]
113	92   	[0.24305582 0.21778443 0.28577916]	[0. 0. 0.]	[0.51901556 0.74510968 0.65830719]	[0.73087812 0.93141626 0.82581076]
114	92   	[0.24525073 0.21848517 0.28556612]	[0. 0. 0.]	[0.51716667 0.74629182 0.65783839]	[0.73087812 0.93141626 0.82581076]
115	92   	[0.22925817 0.23218354 0.28453893]	[0. 0. 0.]	[0.55151149 0.74045837 0.6550048 ]	[0.73087812 0.93141626 0.82581076]
116	92   	[0.22457127 0.23234219 0.2812195 ]	[0. 0. 0.]	[0.55498724 0.74076338 0.65967987]	[0.73087812 0.93141626 0.82581076]
117	92   	[0.2220903  0.23256224 0.28155101]	[0. 0. 0.]	[0.55837665 0.73551865 0.66270233]	[0.73087812 0.93141626 0.82581076]
118	92   	[0.22610906 0.23192129 0.2838814 ]	[0. 0. 0.]	[0.55600618 0.73991516 0.6567739 ]	[0.73087812 0.93141626 0.82581076]
119	92   	[0.22764456 0.23563284 0.29942574]	[0. 0. 0.]	[0.54364644 0.75871254 0.636293  ]	[0.73087812 0.93141626 0.82581076]
120	92   	[0.23007707 0.24911036 0.28403789]	[0. 0. 0.]	[0.5448386  0.7479928  0.65688523]	[0.73087812 0.93141626 0.82581076]
121	92   	[0.23552415 0.27998418 0.28421552]	[0. 0. 0.]	[0.53979534 0.7160553  0.65719008]	[0.73087812 0.93141626 0.82581076]
122	92   	[0.23447693 0.23777812 0.28985745]	[0. 0. 0.]	[0.54542063 0.75158467 0.64477724]	[0.73087812 0.93141626 0.82581076]
123	92   	[0.23357825 0.23830688 0.29202257]	[0. 0. 0.]	[0.54318338 0.747231   0.65195195]	[0.73087812 0.93141626 0.82581076]
124	92   	[0.23116418 0.22367645 0.28393279]	[0. 0. 0.]	[0.55206477 0.753928   0.65993086]	[0.73087812 0.93141626 0.82581076]
125	92   	[0.22735629 0.23444058 0.2966576 ]	[0. 0. 0.]	[0.56238188 0.74709713 0.64811606]	[0.73087812 0.93141626 0.82581076]
126	92   	[0.22797833 0.2331205  0.29647021]	[0. 0. 0.]	[0.56556167 0.74590216 0.64774727]	[0.73087812 0.93141626 0.82581076]
127	92   	[0.22679553 0.22642946 0.30975628]	[0. 0. 0.]	[0.5709089  0.77614139 0.62281697]	[0.73087812 0.93141626 0.82581076]
128	92   	[0.22266933 0.22622626 0.29717267]	[0. 0. 0.]	[0.57641661 0.77070291 0.64019569]	[0.73087812 0.93141626 0.82581076]
129	92   	[0.22145591 0.24001386 0.28429203]	[0. 0. 0.]	[0.58205091 0.75743593 0.64617347]	[0.73087812 0.93141626 0.82581076]
130	92   	[0.20650635 0.24083823 0.289522  ]	[0. 0. 0.]	[0.60079151 0.755966   0.64703152]	[0.73087812 0.93141626 0.82581076]
131	92   	[0.21098971 0.24037755 0.29002291]	[0. 0. 0.]	[0.5969112  0.7628191  0.64656375]	[0.73087812 0.93141626 0.82581076]
132	92   	[0.21108597 0.24028436 0.28471345]	[0. 0. 0.]	[0.59711028 0.76318504 0.64526355]	[0.73087812 0.93141626 0.82581076]
133	92   	[0.18829295 0.23914227 0.28228365]	[0. 0. 0.]	[0.62410618 0.75428561 0.66088798]	[0.73087812 0.93141626 0.82581076]
134	92   	[0.18828079 0.25129145 0.29096172]	[0. 0. 0.]	[0.6239842  0.74858548 0.6548376 ]	[0.73087812 0.93141626 0.82581076]
135	92   	[0.1877101  0.26220343 0.27474146]	[0. 0. 0.]	[0.62663167 0.73935913 0.67219651]	[0.73087812 0.93141626 0.82581076]
136	92   	[0.18776729 0.26166965 0.27474739]	[0. 0. 0.]	[0.62678483 0.74341435 0.67221212]	[0.73087812 0.93141626 0.82581076]
137	92   	[0.18774479 0.26110105 0.25639795]	[0. 0. 0.]	[0.62673624 0.74045643 0.68970551]	[0.73087812 0.93141626 0.82581076]
138	92   	[0.18754475 0.26175795 0.26210427]	[0. 0. 0.]	[0.62615054 0.74154819 0.69253455]	[0.73087812 0.93141626 0.82581076]
139	92   	[0.18243369 0.26339792 0.26183341]	[0. 0. 0.]	[0.62923818 0.75053911 0.69188588]	[0.73087812 0.93141626 0.82581076]
140	92   	[0.19018448 0.25267935 0.26062462]	[0. 0. 0.]	[0.61912123 0.76400484 0.68820422]	[0.73087812 0.93141626 0.82581076]
141	92   	[0.19042796 0.22787134 0.26572921]	[0. 0. 0.]	[0.61959698 0.77316942 0.68627994]	[0.73087812 0.93141626 0.82581076]
142	92   	[0.18461966 0.21309108 0.25501059]	[0. 0. 0.]	[0.62413531 0.78277104 0.69499111]	[0.73087812 0.93141626 0.82581076]
143	92   	[0.17900796 0.21411838 0.25490167]	[0. 0. 0.]	[0.62684561 0.78526434 0.69557291]	[0.73087812 0.93141626 0.82581076]
144	92   	[0.17994422 0.21256382 0.25478662]	[0. 0. 0.]	[0.62384049 0.78996033 0.69528825]	[0.73087812 0.93141626 0.82581076]
145	92   	[0.17976937 0.21226255 0.23306213]	[0. 0. 0.]	[0.62348454 0.79047459 0.71250581]	[0.73087812 0.93141626 0.82581076]
146	92   	[0.17928199 0.21236277 0.23813725]	[0. 0. 0.]	[0.62623434 0.79287652 0.70652954]	[0.73087812 0.93141626 0.82581076]
147	92   	[0.17884922 0.21196098 0.23821181]	[0. 0. 0.]	[0.62665441 0.79307665 0.70671469]	[0.73087812 0.93141626 0.82581076]
148	92   	[0.17540769 0.21203216 0.24554855]	[0. 0. 0.]	[0.63212989 0.7864681  0.70564606]	[0.73087812 0.93161366 0.82581076]
149	92   	[0.17776037 0.22681178 0.25594063]	[0. 0. 0.]	[0.62746306 0.77588684 0.69589842]	[0.73087812 0.93161366 0.82581076]
[6, 7, 10, 8, 7, 10, 5, 4, 3, 5, 6, 7, 10, 6, 5, 6, 9, 8, 10, 2, 1, 6, 5, 3, 5, 9, 3, 10, 2, 10, 8, 2, 7, 1, 10, 5, 6, 5, 2, 9, 4, 3, 9, 1, 1, 10, 8, 4, 10, 9, 10, 10, 8, 5, 6, 3, 6, 1, 5, 6, 9, 1]
(0.7188303919097918, 0.0, 0.22264621155153627)
[4, 4, 10, 2, 2, 1, 5, 1, 7, 8, 6, 2, 5, 7, 7, 6, 9, 8, 10, 1, 4, 6, 3, 6, 5, 9, 3, 10, 6, 8, 8, 2, 7, 1, 2, 5, 7, 8, 5, 2, 10, 4, 1, 1, 6, 7, 8, 6, 5, 9, 10, 10, 8, 5, 6, 3, 6, 1, 1, 7, 10, 1]
(0.7308781209459722, 0.588344135102237, 0.0)
[4, 4, 10, 2, 2, 1, 5, 1, 7, 8, 6, 2, 5, 7, 7, 6, 9, 8, 10, 1, 4, 6, 3, 6, 5, 9, 3, 10, 6, 8, 8, 2, 7, 1, 2, 5, 5, 8, 5, 9, 10, 4, 1, 1, 6, 7, 8, 4, 5, 9, 10, 10, 8, 5, 6, 3, 6, 1, 1, 7, 10, 1]
(0.7286275711625243, 0.5911412833258463, 0.0)
[6, 7, 10, 8, 1, 10, 5, 9, 1, 8, 8, 1, 5, 6, 7, 5, 9, 5, 10, 3, 4, 1, 2, 3, 5, 5, 3, 10, 2, 8, 8, 2, 7, 7, 5, 5, 7, 9, 5, 9, 10, 3, 7, 4, 6, 10, 8, 4, 1, 9, 10, 10, 6, 9, 2, 3, 6, 2, 1, 6, 9, 1]
(0.5779100242090736, 0.9214407471939887, 0.0)
[6, 7, 10, 8, 7, 10, 5, 4, 3, 5, 6, 7, 10, 3, 5, 6, 9, 8, 10, 2, 1, 6, 5, 3, 5, 1, 3, 10, 2, 8, 8, 2, 7, 1, 9, 6, 6, 5, 2, 9, 4, 3, 7, 1, 6, 10, 6, 4, 6, 8, 10, 10, 8, 5, 6, 3, 6, 1, 5, 6, 9, 1]
(0.7179621761589214, 0.0, 0.7982139909788283)
[6, 7, 10, 8, 2, 10, 5, 1, 3, 8, 6, 1, 7, 3, 7, 6, 9, 5, 10, 5, 7, 1, 7, 3, 5, 9, 3, 10, 10, 5, 8, 2, 8, 10, 2, 10, 7, 6, 7, 9, 10, 3, 7, 1, 6, 7, 8, 4, 6, 9, 10, 10, 8, 6, 3, 3, 6, 1, 1, 6, 9, 1]
(0.18106810274296406, 0.5208501453942008, 0.8166763520385957)
[6, 7, 10, 8, 4, 10, 4, 7, 3, 5, 6, 7, 10, 6, 5, 6, 9, 8, 10, 1, 4, 6, 5, 3, 5, 5, 3, 10, 2, 8, 8, 2, 2, 6, 10, 5, 6, 5, 2, 9, 4, 3, 9, 1, 6, 10, 8, 4, 9, 9, 10, 10, 8, 5, 6, 3, 6, 1, 5, 6, 9, 1]
(0.7114143270448728, 0.0, 0.8230166169294102)
[6, 7, 10, 8, 7, 10, 5, 4, 3, 5, 6, 7, 10, 6, 5, 6, 9, 8, 10, 2, 1, 6, 5, 3, 5, 1, 7, 10, 2, 8, 8, 2, 7, 1, 9, 6, 6, 5, 2, 9, 4, 3, 7, 1, 6, 10, 8, 4, 9, 9, 10, 10, 8, 5, 6, 3, 6, 1, 5, 6, 9, 1]
(0.7222835296773987, 0.0, 0.8129127234451762)
[6, 3, 8, 10, 2, 10, 5, 1, 3, 5, 9, 6, 5, 6, 7, 6, 1, 5, 8, 1, 9, 8, 3, 4, 2, 9, 6, 10, 10, 8, 8, 2, 3, 8, 2, 5, 7, 8, 8, 9, 10, 3, 7, 4, 6, 10, 7, 4, 6, 9, 10, 7, 5, 4, 1, 4, 3, 4, 2, 5, 9, 1]
(0.3147379646310345, 0.9314162602648108, 0.2921361851451291)
[6, 7, 10, 8, 7, 10, 5, 4, 3, 5, 6, 7, 10, 6, 5, 6, 9, 8, 10, 2, 1, 6, 5, 3, 5, 1, 7, 10, 2, 8, 8, 2, 7, 1, 9, 6, 6, 5, 2, 9, 10, 3, 7, 1, 6, 10, 8, 4, 9, 9, 10, 10, 8, 5, 6, 3, 6, 1, 5, 6, 9, 1]
(0.718657795953721, 0.0, 0.8242265552578066)
[2, 7, 4, 8, 2, 10, 5, 1, 3, 8, 6, 1, 5, 3, 7, 6, 9, 5, 10, 5, 7, 1, 7, 3, 5, 9, 3, 10, 10, 5, 8, 2, 7, 6, 8, 2, 7, 8, 5, 9, 7, 1, 3, 1, 6, 5, 8, 4, 4, 9, 10, 10, 8, 5, 6, 6, 6, 1, 1, 6, 9, 1]
(0.6576696628925308, 0.9295894103124708, 0.0)
[6, 7, 10, 8, 5, 10, 5, 6, 1, 5, 6, 10, 8, 6, 1, 6, 10, 8, 7, 2, 4, 7, 4, 10, 5, 9, 3, 7, 3, 6, 6, 2, 3, 6, 1, 5, 8, 9, 5, 9, 10, 3, 7, 1, 6, 7, 8, 4, 6, 9, 10, 7, 8, 5, 1, 3, 6, 1, 1, 6, 9, 1]
(0.6945681092486993, 0.9157970460131728, 0.0)
[6, 7, 10, 8, 5, 10, 5, 6, 1, 5, 6, 10, 8, 6, 1, 6, 10, 8, 7, 2, 4, 7, 4, 10, 5, 9, 3, 7, 3, 6, 6, 2, 3, 6, 1, 5, 8, 9, 5, 9, 10, 3, 7, 1, 6, 7, 8, 4, 6, 9, 10, 7, 8, 5, 1, 3, 6, 1, 1, 6, 9, 1]
(0.6945681092486993, 0.9157970460131728, 0.0)
[6, 7, 10, 8, 1, 1, 8, 7, 3, 5, 6, 7, 10, 5, 5, 6, 9, 8, 10, 4, 7, 2, 4, 3, 5, 9, 3, 10, 10, 5, 8, 2, 7, 6, 6, 2, 7, 8, 5, 9, 10, 3, 5, 4, 6, 9, 8, 4, 6, 9, 10, 7, 9, 5, 1, 3, 6, 1, 1, 6, 9, 1]
(0.15372136864551764, 0.638877380677585, 0.8207977269725816)
[6, 7, 10, 8, 1, 1, 8, 7, 3, 5, 6, 7, 10, 5, 5, 6, 9, 8, 10, 4, 7, 2, 4, 3, 5, 9, 3, 10, 10, 5, 8, 2, 7, 6, 6, 2, 7, 8, 5, 9, 10, 3, 5, 4, 6, 9, 8, 4, 6, 9, 10, 7, 9, 5, 1, 3, 6, 1, 1, 6, 9, 1]
(0.15372136864551764, 0.638877380677585, 0.8207977269725816)
[6, 7, 10, 8, 1, 10, 5, 9, 1, 8, 8, 1, 5, 6, 2, 10, 9, 5, 10, 1, 4, 1, 2, 3, 2, 5, 3, 10, 2, 8, 8, 2, 3, 1, 5, 5, 7, 8, 5, 7, 10, 6, 7, 10, 6, 10, 8, 4, 6, 9, 10, 10, 8, 9, 2, 3, 6, 2, 1, 6, 9, 1]
(0.7059196393061569, 0.9126687323674524, 0.0)
[6, 7, 10, 8, 4, 10, 4, 7, 3, 5, 6, 7, 10, 6, 5, 6, 9, 8, 10, 1, 4, 6, 5, 3, 5, 5, 3, 10, 2, 8, 8, 2, 1, 7, 5, 5, 7, 6, 5, 9, 10, 3, 7, 4, 6, 10, 6, 4, 6, 8, 10, 10, 8, 9, 2, 3, 6, 1, 1, 6, 9, 1]
(0.7103684812430091, 0.9113281315192545, 0.0)
[6, 7, 3, 8, 2, 10, 5, 1, 3, 8, 6, 1, 5, 3, 7, 6, 9, 5, 9, 5, 7, 1, 4, 5, 5, 9, 3, 10, 10, 5, 8, 2, 8, 10, 2, 10, 7, 6, 7, 9, 10, 10, 7, 1, 6, 7, 8, 4, 6, 9, 10, 10, 8, 2, 3, 3, 6, 1, 1, 6, 9, 1]
(0.17193121178335732, 0.6563924100734776, 0.8183736240198695)
[6, 7, 3, 8, 2, 10, 5, 1, 3, 8, 6, 1, 5, 3, 7, 6, 9, 5, 9, 5, 7, 1, 4, 5, 5, 9, 3, 10, 10, 5, 8, 2, 8, 10, 2, 10, 7, 6, 7, 9, 10, 10, 7, 1, 6, 7, 8, 4, 6, 9, 10, 10, 8, 2, 3, 3, 6, 1, 1, 6, 9, 1]
(0.17193121178335732, 0.6563924100734776, 0.8183736240198695)
[6, 2, 4, 8, 2, 7, 8, 1, 3, 10, 6, 1, 10, 3, 7, 6, 6, 5, 8, 1, 9, 7, 3, 3, 5, 9, 3, 10, 5, 7, 8, 2, 7, 1, 2, 5, 7, 8, 5, 3, 10, 1, 7, 1, 9, 10, 5, 4, 5, 9, 10, 9, 5, 9, 6, 3, 6, 1, 3, 6, 9, 1]
(0.0, 0.9156033733859623, 0.8129710029634493)
[6, 2, 4, 8, 2, 7, 8, 1, 3, 8, 6, 1, 5, 7, 1, 6, 6, 5, 8, 1, 9, 7, 3, 3, 5, 9, 3, 10, 5, 7, 8, 2, 7, 1, 2, 5, 7, 8, 5, 3, 10, 1, 7, 1, 9, 10, 5, 4, 5, 9, 10, 9, 5, 9, 6, 3, 6, 1, 3, 6, 9, 1]
(0.0, 0.9287354005500642, 0.8066782744925645)
[6, 7, 10, 8, 1, 10, 5, 9, 1, 8, 8, 1, 5, 6, 2, 10, 9, 5, 10, 1, 4, 1, 2, 1, 6, 5, 3, 10, 2, 8, 8, 2, 7, 7, 5, 5, 7, 8, 5, 7, 10, 6, 7, 10, 6, 10, 8, 4, 6, 9, 10, 10, 8, 9, 2, 3, 6, 2, 1, 6, 9, 1]
(0.7128618051943674, 0.9048849737271628, 0.23437160043540203)
[6, 7, 10, 8, 1, 10, 5, 9, 1, 8, 8, 1, 5, 6, 7, 10, 9, 5, 10, 1, 4, 1, 2, 3, 5, 5, 3, 10, 2, 8, 8, 2, 7, 7, 5, 5, 7, 9, 5, 9, 10, 3, 7, 4, 6, 10, 6, 4, 6, 8, 10, 10, 6, 9, 2, 3, 6, 2, 1, 6, 9, 1]
(0.7282494996870581, 0.9101404642686212, 0.2173448971276983)
[6, 7, 7, 8, 1, 10, 5, 9, 1, 8, 8, 1, 5, 6, 2, 10, 9, 7, 10, 1, 4, 1, 2, 3, 6, 5, 3, 10, 2, 8, 8, 2, 7, 7, 5, 7, 7, 9, 5, 9, 10, 3, 10, 8, 6, 10, 8, 4, 6, 9, 10, 10, 8, 9, 2, 3, 6, 2, 1, 6, 9, 1]
(0.7101017717379237, 0.905615500546988, 0.24844359441170968)
[6, 7, 10, 8, 1, 10, 5, 9, 1, 8, 8, 1, 5, 6, 2, 10, 9, 5, 10, 1, 4, 1, 2, 3, 6, 5, 3, 10, 2, 8, 8, 2, 7, 7, 5, 5, 7, 8, 5, 7, 10, 6, 7, 10, 6, 10, 8, 4, 6, 9, 10, 10, 8, 9, 2, 3, 6, 2, 1, 6, 9, 1]
(0.703485568400679, 0.9106881571933592, 0.25032507250536584)
[6, 7, 10, 8, 4, 10, 5, 1, 4, 8, 6, 10, 8, 5, 1, 6, 6, 5, 7, 3, 4, 6, 5, 3, 5, 5, 3, 10, 2, 8, 8, 2, 3, 1, 5, 5, 7, 8, 5, 7, 10, 6, 7, 10, 6, 10, 6, 4, 6, 8, 10, 10, 8, 9, 2, 3, 6, 2, 1, 6, 9, 1]
(0.1609185746807658, 0.9122673729434574, 0.8162402182171711)
[6, 7, 10, 8, 4, 10, 5, 1, 1, 8, 6, 10, 8, 6, 1, 6, 6, 5, 7, 3, 4, 7, 6, 3, 5, 9, 3, 10, 9, 6, 8, 2, 8, 10, 2, 10, 7, 6, 5, 9, 10, 3, 7, 1, 6, 7, 8, 2, 6, 8, 10, 10, 8, 6, 3, 3, 6, 1, 1, 6, 9, 1]
(0.28487755059933373, 0.9005627619102557, 0.8137960972301506)
[6, 7, 3, 8, 5, 1, 5, 6, 1, 8, 6, 1, 5, 3, 7, 6, 9, 4, 10, 5, 7, 1, 7, 3, 5, 9, 3, 10, 10, 5, 8, 2, 8, 10, 2, 10, 7, 6, 7, 3, 10, 3, 7, 1, 6, 7, 8, 2, 6, 9, 10, 10, 8, 2, 4, 3, 6, 1, 1, 6, 9, 1]
(0.6925377866882773, 0.4933784317165106, 0.8133568812003221)
[6, 7, 3, 8, 5, 1, 5, 6, 1, 8, 6, 1, 5, 3, 7, 6, 9, 4, 10, 5, 7, 1, 7, 3, 5, 9, 3, 10, 10, 5, 8, 2, 8, 10, 2, 10, 7, 6, 7, 3, 10, 3, 7, 1, 6, 7, 8, 2, 6, 9, 10, 10, 8, 2, 4, 3, 6, 1, 1, 6, 9, 1]
(0.6925377866882773, 0.4933784317165106, 0.8133568812003221)
[10, 10, 10, 10, 3, 6, 2, 8, 9, 5, 6, 1, 5, 9, 7, 6, 9, 5, 10, 3, 4, 2, 3, 3, 5, 9, 3, 10, 10, 5, 8, 2, 7, 6, 7, 2, 7, 8, 2, 9, 8, 8, 8, 6, 5, 2, 7, 3, 1, 4, 10, 10, 9, 9, 6, 3, 4, 6, 4, 3, 10, 1]
(0.6879574554999719, 0.501304496398133, 0.82581075675352)
[6, 7, 10, 8, 4, 10, 5, 1, 1, 8, 6, 10, 8, 6, 1, 6, 6, 5, 7, 3, 4, 7, 6, 3, 5, 9, 3, 10, 8, 6, 8, 1, 7, 6, 8, 9, 7, 8, 5, 9, 7, 4, 7, 1, 6, 7, 8, 4, 6, 8, 10, 10, 8, 2, 3, 3, 6, 1, 1, 6, 9, 1]
(0.35203640849157936, 0.910079637728628, 0.8003187366398639)
[6, 7, 10, 8, 1, 2, 6, 7, 6, 4, 6, 7, 10, 6, 5, 6, 9, 8, 10, 1, 2, 6, 5, 1, 5, 5, 3, 10, 2, 8, 8, 2, 7, 7, 5, 5, 7, 9, 5, 9, 10, 3, 7, 4, 6, 10, 8, 4, 6, 9, 10, 7, 9, 3, 1, 3, 6, 1, 1, 6, 9, 1]
(0.7188199737074726, 0.5682210483039646, 0.7961473888957953)
[6, 7, 10, 8, 4, 10, 5, 1, 1, 8, 6, 10, 8, 6, 1, 6, 6, 5, 7, 3, 4, 7, 6, 3, 5, 9, 3, 10, 8, 6, 8, 1, 7, 6, 8, 5, 7, 9, 5, 9, 10, 3, 7, 4, 6, 3, 8, 4, 6, 8, 10, 10, 8, 9, 2, 3, 6, 1, 1, 6, 9, 1]
(0.35692752919735365, 0.9121722115203702, 0.8178462729501653)
[2, 7, 4, 8, 2, 10, 9, 1, 3, 7, 6, 1, 5, 6, 1, 6, 9, 7, 10, 4, 7, 2, 4, 3, 5, 9, 3, 10, 8, 5, 8, 1, 7, 7, 2, 5, 7, 8, 5, 9, 10, 3, 6, 1, 6, 10, 8, 4, 5, 9, 10, 10, 8, 4, 6, 3, 6, 1, 1, 6, 9, 1]
(0.6713834365190545, 0.6534295312014112, 0.813592696455569)
[6, 7, 10, 1, 7, 3, 4, 7, 3, 5, 6, 6, 10, 6, 3, 6, 9, 8, 10, 2, 4, 1, 3, 4, 8, 9, 3, 10, 2, 10, 8, 2, 7, 1, 10, 5, 6, 5, 2, 9, 4, 3, 7, 1, 1, 10, 8, 4, 10, 9, 10, 10, 8, 5, 6, 3, 6, 1, 1, 6, 10, 1]
(0.718613586904585, 0.6488003652823473, 0.7745357599164634)
[6, 7, 4, 8, 4, 10, 5, 9, 1, 8, 6, 10, 8, 6, 1, 6, 6, 5, 7, 3, 4, 7, 7, 3, 5, 5, 2, 10, 8, 6, 8, 3, 7, 3, 8, 2, 8, 9, 5, 9, 7, 4, 3, 8, 6, 10, 8, 4, 9, 9, 8, 10, 8, 6, 3, 3, 6, 1, 1, 6, 9, 1]
(0.6799607284708652, 0.648732340578242, 0.8158358493944163)
[6, 7, 10, 8, 4, 10, 4, 7, 3, 5, 6, 7, 10, 6, 5, 6, 9, 8, 10, 1, 4, 6, 5, 3, 5, 5, 3, 10, 2, 8, 8, 2, 7, 7, 8, 5, 7, 9, 5, 9, 10, 3, 7, 4, 6, 10, 8, 7, 2, 9, 10, 10, 9, 5, 2, 3, 6, 1, 1, 6, 9, 1]
(0.7112903683217464, 0.6613977272446203, 0.7744161916133371)
[6, 7, 10, 8, 4, 10, 4, 7, 3, 5, 6, 7, 10, 6, 5, 6, 9, 8, 10, 1, 4, 6, 5, 3, 5, 5, 3, 10, 2, 8, 8, 2, 7, 7, 8, 5, 7, 9, 5, 9, 10, 3, 7, 4, 6, 10, 8, 7, 2, 9, 10, 10, 9, 5, 2, 3, 6, 1, 1, 6, 9, 1]
(0.7112903683217464, 0.6613977272446203, 0.7744161916133371)
[6, 7, 10, 8, 4, 10, 4, 7, 3, 5, 6, 7, 10, 6, 5, 6, 9, 8, 10, 1, 4, 6, 5, 3, 5, 5, 3, 10, 2, 8, 8, 2, 7, 7, 8, 5, 7, 9, 5, 9, 10, 3, 7, 4, 6, 10, 8, 7, 2, 9, 10, 10, 9, 5, 2, 3, 6, 1, 1, 6, 9, 1]
(0.7112903683217464, 0.6613977272446203, 0.7744161916133371)
[6, 7, 3, 8, 5, 1, 5, 6, 1, 8, 6, 1, 5, 3, 7, 6, 9, 4, 10, 5, 7, 1, 7, 3, 5, 9, 3, 10, 10, 5, 8, 2, 8, 1, 2, 10, 7, 5, 7, 9, 10, 3, 7, 1, 6, 7, 8, 4, 6, 9, 10, 10, 8, 2, 4, 3, 6, 1, 1, 6, 9, 1]
(0.6856749402800094, 0.6471282440071819, 0.8179576534502665)
[3, 7, 4, 8, 2, 8, 8, 1, 3, 8, 6, 1, 5, 6, 7, 6, 6, 5, 10, 1, 7, 2, 6, 3, 5, 9, 3, 10, 8, 5, 8, 1, 7, 7, 2, 5, 7, 8, 5, 10, 10, 2, 6, 1, 6, 10, 8, 4, 5, 9, 10, 10, 8, 5, 6, 3, 6, 1, 1, 6, 9, 1]
(0.6803867280557099, 0.6479907204103563, 0.8237929450902698)
[6, 7, 10, 1, 7, 3, 4, 7, 3, 5, 6, 6, 10, 6, 3, 6, 9, 8, 10, 2, 4, 1, 3, 4, 8, 9, 3, 10, 2, 10, 8, 2, 7, 1, 10, 5, 6, 5, 2, 9, 4, 3, 7, 1, 6, 10, 2, 4, 9, 9, 10, 10, 8, 5, 6, 3, 6, 1, 1, 6, 10, 1]
(0.7191808854731011, 0.6529083302346578, 0.7818398037971771)
[6, 7, 10, 1, 7, 3, 4, 7, 3, 5, 6, 6, 10, 6, 7, 6, 9, 8, 10, 2, 4, 4, 5, 4, 8, 9, 3, 10, 2, 10, 8, 2, 7, 1, 10, 5, 6, 5, 2, 9, 4, 3, 7, 1, 1, 10, 8, 4, 10, 9, 10, 10, 8, 5, 6, 3, 6, 1, 1, 6, 10, 1]
(0.7205777727456969, 0.6623797321641052, 0.7721784906595088)
[6, 7, 10, 8, 3, 10, 4, 7, 3, 5, 6, 7, 10, 6, 5, 6, 9, 8, 10, 1, 4, 6, 5, 3, 5, 5, 3, 10, 2, 8, 8, 2, 7, 7, 8, 5, 7, 9, 5, 9, 10, 3, 7, 4, 6, 10, 8, 7, 2, 9, 10, 10, 9, 5, 2, 3, 6, 1, 1, 6, 9, 1]
(0.7147967728130364, 0.6622371177278331, 0.7903252044685992)
[6, 7, 10, 8, 7, 10, 5, 4, 3, 5, 6, 7, 10, 6, 5, 6, 9, 8, 10, 2, 1, 6, 5, 3, 5, 5, 3, 10, 2, 8, 8, 2, 7, 7, 8, 5, 7, 9, 5, 9, 10, 3, 7, 4, 6, 10, 8, 4, 10, 9, 10, 10, 8, 5, 6, 3, 6, 1, 5, 6, 9, 1]
(0.6987190231836501, 0.6639424849888411, 0.8151236810618983)
[6, 7, 4, 8, 4, 10, 5, 9, 1, 8, 6, 10, 8, 6, 1, 6, 6, 5, 7, 3, 4, 7, 7, 3, 5, 5, 3, 10, 8, 6, 8, 3, 7, 3, 8, 2, 7, 9, 5, 9, 7, 4, 3, 8, 6, 10, 8, 4, 9, 9, 8, 10, 8, 7, 2, 3, 6, 1, 1, 6, 9, 1]
(0.4704921288325539, 0.8939632298424799, 0.8152960665731803)
[6, 7, 10, 8, 6, 10, 4, 1, 3, 5, 6, 7, 10, 6, 5, 6, 9, 8, 10, 1, 5, 4, 5, 3, 5, 1, 7, 10, 2, 8, 8, 2, 7, 7, 8, 5, 7, 9, 5, 9, 4, 3, 7, 1, 7, 10, 3, 4, 9, 9, 10, 10, 8, 5, 6, 3, 6, 1, 5, 6, 9, 1]
(0.7083866264537648, 0.6600129493473913, 0.813850085171237)
[6, 7, 10, 8, 4, 10, 5, 9, 1, 8, 6, 10, 8, 6, 1, 6, 6, 5, 7, 3, 4, 7, 7, 3, 5, 5, 3, 10, 8, 6, 8, 3, 7, 6, 5, 5, 7, 9, 5, 9, 10, 3, 7, 8, 6, 10, 1, 4, 9, 9, 8, 10, 8, 7, 2, 3, 6, 1, 1, 6, 9, 1]
(0.472073135764223, 0.9023838898166975, 0.8092423394830657)
[6, 7, 10, 8, 7, 10, 5, 4, 3, 5, 6, 7, 10, 6, 5, 6, 9, 8, 10, 2, 1, 6, 5, 3, 5, 9, 3, 10, 2, 10, 8, 1, 1, 7, 2, 5, 5, 8, 5, 9, 10, 9, 9, 1, 1, 10, 8, 4, 10, 9, 10, 10, 8, 5, 6, 3, 6, 1, 5, 6, 9, 1]
(0.7129939688809043, 0.6724840736067641, 0.8083078114969118)
[6, 7, 10, 8, 6, 10, 4, 1, 3, 5, 6, 7, 10, 6, 5, 6, 9, 8, 10, 1, 4, 1, 2, 3, 2, 5, 3, 10, 2, 8, 8, 2, 3, 1, 7, 5, 7, 9, 5, 9, 3, 3, 7, 1, 7, 10, 3, 4, 9, 9, 10, 10, 8, 5, 6, 3, 6, 1, 5, 6, 9, 1]
(0.7149201512149126, 0.6789237383829587, 0.8029220896289505)
[6, 7, 10, 8, 2, 10, 4, 7, 3, 8, 6, 1, 10, 6, 5, 6, 9, 8, 10, 1, 4, 1, 7, 3, 5, 9, 4, 8, 7, 6, 8, 1, 7, 6, 8, 7, 7, 8, 5, 9, 7, 4, 8, 8, 6, 10, 1, 8, 6, 9, 10, 10, 8, 6, 3, 3, 6, 1, 1, 6, 9, 1]
(0.6838706222809207, 0.7603441717103058, 0.8126836787899329)
[6, 7, 10, 8, 7, 10, 4, 7, 3, 5, 6, 7, 10, 6, 5, 6, 9, 7, 10, 1, 4, 1, 2, 3, 5, 5, 3, 10, 2, 5, 8, 2, 7, 7, 5, 5, 6, 9, 5, 9, 10, 3, 7, 4, 6, 10, 6, 4, 6, 9, 10, 10, 8, 5, 6, 3, 6, 1, 5, 6, 9, 1]
(0.7052145703118903, 0.9202627791091766, 0.6672655778785282)
[2, 7, 4, 8, 2, 10, 9, 1, 3, 7, 6, 1, 5, 3, 7, 6, 9, 5, 10, 5, 7, 1, 7, 3, 5, 9, 3, 10, 10, 5, 8, 2, 7, 6, 8, 2, 7, 8, 5, 9, 7, 1, 3, 1, 6, 5, 8, 4, 4, 9, 10, 10, 8, 5, 6, 6, 6, 1, 1, 6, 9, 1]
(0.6987130772365718, 0.9266612673178283, 0.6816968530156239)
[6, 7, 10, 8, 10, 10, 5, 4, 3, 5, 10, 7, 10, 6, 5, 6, 9, 8, 10, 1, 4, 1, 2, 4, 8, 5, 3, 10, 2, 8, 8, 2, 2, 6, 10, 5, 6, 5, 2, 9, 4, 3, 7, 1, 6, 10, 8, 4, 9, 9, 10, 10, 8, 5, 6, 3, 6, 1, 5, 6, 9, 1]
(0.6593642069144686, 0.8639197418466162, 0.8158648276157232)
[6, 7, 10, 8, 2, 10, 9, 7, 3, 2, 6, 7, 10, 6, 6, 6, 9, 8, 10, 1, 2, 6, 5, 8, 5, 5, 3, 10, 2, 8, 8, 2, 7, 7, 5, 5, 7, 9, 5, 9, 10, 3, 7, 4, 6, 10, 8, 4, 6, 9, 10, 8, 9, 5, 1, 3, 6, 1, 1, 6, 9, 1]
(0.7006190768448022, 0.8527981417253562, 0.8082378013345944)
[6, 7, 10, 8, 7, 10, 5, 4, 3, 5, 6, 7, 10, 6, 5, 6, 9, 8, 10, 1, 4, 1, 2, 3, 5, 5, 3, 10, 2, 8, 8, 2, 7, 7, 5, 5, 7, 9, 5, 9, 10, 3, 7, 4, 6, 10, 6, 4, 6, 9, 10, 10, 8, 5, 6, 3, 6, 1, 5, 6, 9, 1]
(0.6967087161618939, 0.876417407579716, 0.813278801140942)
[6, 7, 7, 8, 1, 10, 5, 9, 1, 8, 8, 1, 10, 6, 5, 6, 9, 8, 10, 1, 4, 6, 5, 3, 5, 5, 3, 10, 2, 8, 8, 2, 7, 7, 5, 7, 7, 9, 5, 9, 10, 3, 10, 8, 6, 10, 8, 4, 6, 9, 10, 10, 8, 9, 2, 3, 6, 2, 1, 6, 9, 1]
(0.7088691790695003, 0.8989532815292439, 0.7792264850897359)
[6, 7, 10, 8, 5, 10, 5, 6, 1, 5, 6, 2, 8, 2, 1, 6, 6, 8, 7, 3, 4, 7, 4, 3, 5, 9, 3, 7, 3, 6, 6, 2, 3, 6, 1, 5, 8, 9, 5, 9, 10, 3, 10, 4, 6, 10, 8, 4, 1, 9, 10, 7, 9, 5, 1, 3, 6, 1, 1, 6, 9, 1]
(0.6863749106360297, 0.9072359075769745, 0.7946949662977938)
[6, 10, 10, 8, 3, 10, 9, 7, 3, 2, 6, 7, 10, 6, 5, 6, 9, 10, 10, 1, 4, 6, 5, 3, 6, 5, 3, 10, 2, 8, 8, 2, 7, 7, 3, 5, 7, 9, 5, 9, 10, 5, 10, 10, 6, 10, 8, 4, 6, 9, 10, 8, 9, 5, 1, 3, 6, 1, 1, 6, 9, 1]
(0.7036133613384359, 0.8827764058485584, 0.8047013239065999)
[6, 7, 10, 8, 7, 10, 5, 4, 3, 5, 7, 7, 10, 6, 5, 6, 9, 8, 10, 1, 4, 1, 2, 4, 8, 5, 3, 10, 2, 8, 8, 2, 2, 6, 10, 5, 6, 5, 2, 9, 4, 3, 7, 1, 6, 10, 8, 4, 9, 9, 10, 10, 8, 5, 6, 3, 6, 1, 5, 6, 9, 1]
(0.714078192939214, 0.8678649852052284, 0.8094354990923128)
[6, 7, 10, 8, 4, 10, 4, 7, 3, 5, 6, 7, 10, 6, 5, 6, 9, 8, 10, 1, 2, 6, 5, 3, 8, 5, 3, 9, 2, 8, 8, 2, 2, 6, 10, 5, 8, 5, 2, 9, 4, 3, 7, 1, 7, 10, 8, 4, 9, 9, 10, 10, 8, 5, 6, 3, 6, 1, 5, 6, 9, 1]
(0.7096197985904433, 0.8838893963023977, 0.7993194689545203)
[6, 7, 10, 8, 4, 10, 5, 9, 1, 8, 6, 10, 8, 6, 1, 6, 6, 5, 7, 3, 4, 7, 7, 3, 5, 5, 3, 10, 8, 6, 8, 3, 7, 6, 8, 2, 7, 8, 5, 9, 7, 4, 3, 8, 6, 10, 8, 4, 9, 9, 8, 10, 8, 7, 2, 3, 6, 1, 1, 6, 9, 1]
(0.6756904159265622, 0.9017739301547368, 0.8154415695250614)
[6, 7, 10, 8, 2, 10, 9, 7, 3, 2, 6, 7, 10, 6, 5, 6, 9, 8, 10, 1, 4, 6, 5, 3, 6, 5, 3, 10, 2, 8, 8, 2, 7, 7, 5, 5, 7, 9, 5, 9, 10, 3, 7, 7, 6, 10, 8, 4, 6, 9, 10, 7, 9, 5, 1, 3, 6, 1, 1, 6, 9, 1]
(0.7004995596690798, 0.9074369752779565, 0.7860515513197808)
[6, 7, 10, 8, 7, 10, 9, 7, 3, 2, 6, 7, 10, 6, 6, 6, 9, 10, 10, 1, 4, 6, 5, 4, 10, 5, 3, 10, 2, 8, 8, 2, 7, 7, 5, 7, 7, 5, 5, 9, 10, 3, 10, 4, 1, 10, 8, 4, 6, 9, 10, 7, 9, 5, 1, 3, 6, 1, 1, 6, 9, 1]
(0.6854747843246867, 0.9078074058517777, 0.8036130119065867)
[7, 7, 10, 8, 4, 10, 5, 1, 1, 8, 6, 10, 8, 5, 9, 6, 9, 8, 7, 3, 4, 7, 6, 3, 5, 9, 3, 10, 8, 6, 8, 2, 7, 6, 5, 5, 7, 9, 5, 9, 10, 3, 7, 10, 4, 9, 8, 1, 6, 8, 10, 10, 8, 9, 2, 3, 6, 1, 1, 6, 9, 1]
(0.6796612937946351, 0.9046986719593367, 0.8130243267675618)
[6, 7, 10, 8, 2, 10, 9, 7, 3, 2, 6, 7, 10, 6, 7, 8, 9, 8, 10, 6, 9, 6, 5, 3, 8, 5, 3, 10, 2, 7, 8, 2, 7, 7, 3, 5, 7, 9, 5, 9, 10, 4, 10, 4, 6, 10, 8, 4, 6, 9, 10, 8, 9, 5, 1, 3, 6, 1, 1, 6, 9, 1]
(0.6955921286025178, 0.9173905158415402, 0.784745992588242)
[6, 7, 3, 8, 4, 10, 4, 7, 3, 5, 6, 7, 10, 6, 5, 6, 9, 8, 10, 1, 4, 6, 5, 3, 5, 5, 3, 10, 2, 8, 8, 2, 7, 7, 8, 5, 7, 9, 5, 9, 10, 3, 7, 4, 6, 10, 6, 4, 6, 8, 10, 10, 8, 9, 2, 3, 6, 1, 1, 6, 9, 1]
(0.7090051368798808, 0.8960262009873945, 0.7934709991582917)
[6, 7, 10, 8, 4, 10, 5, 9, 1, 8, 6, 10, 8, 6, 1, 6, 6, 5, 7, 3, 4, 7, 7, 3, 5, 5, 3, 10, 8, 6, 8, 3, 7, 6, 5, 5, 7, 9, 5, 9, 10, 3, 7, 8, 6, 10, 1, 4, 9, 9, 8, 10, 8, 7, 2, 3, 6, 1, 1, 6, 9, 1]
(0.6946702614270079, 0.8941476376727182, 0.8098471767524585)
[6, 7, 10, 8, 4, 10, 5, 1, 1, 8, 6, 10, 8, 6, 1, 6, 6, 5, 7, 3, 4, 7, 6, 3, 5, 9, 3, 10, 8, 6, 8, 2, 8, 10, 2, 10, 7, 6, 5, 9, 10, 3, 7, 1, 6, 7, 8, 2, 6, 8, 10, 10, 8, 2, 3, 3, 6, 1, 1, 6, 9, 1]
(0.683053730983052, 0.907405715249475, 0.8110131747927747)
[6, 7, 10, 8, 5, 10, 5, 6, 1, 5, 6, 10, 8, 6, 1, 6, 6, 8, 7, 3, 4, 7, 3, 3, 5, 9, 3, 10, 3, 6, 6, 2, 3, 6, 1, 5, 5, 9, 5, 9, 10, 3, 7, 4, 6, 10, 8, 4, 6, 9, 10, 7, 9, 5, 1, 3, 6, 1, 1, 6, 9, 1]
(0.6859068393243614, 0.9130375007167422, 0.8028656649646433)
[6, 7, 10, 8, 7, 10, 4, 7, 3, 5, 6, 7, 10, 6, 5, 9, 9, 8, 10, 1, 4, 4, 5, 3, 5, 1, 7, 10, 2, 8, 8, 2, 7, 7, 8, 5, 7, 9, 5, 9, 10, 3, 7, 4, 6, 10, 8, 3, 2, 9, 10, 10, 9, 5, 2, 3, 6, 1, 1, 6, 9, 1]
(0.7086864714208154, 0.9038229962810836, 0.79044647208308)
[6, 7, 10, 8, 2, 10, 5, 6, 1, 5, 6, 10, 8, 6, 1, 6, 7, 8, 7, 3, 4, 7, 4, 3, 5, 9, 3, 9, 3, 6, 6, 2, 2, 6, 8, 5, 7, 9, 6, 9, 10, 3, 7, 4, 6, 10, 8, 4, 6, 9, 10, 9, 9, 5, 1, 3, 6, 1, 1, 6, 9, 1]
(0.6825907156598564, 0.9114960713311994, 0.8090247959882282)
[6, 7, 10, 8, 2, 10, 9, 7, 3, 2, 6, 7, 10, 6, 5, 6, 9, 8, 10, 1, 4, 6, 5, 3, 6, 5, 3, 10, 2, 8, 8, 2, 7, 6, 5, 5, 7, 9, 5, 9, 10, 3, 10, 4, 6, 10, 8, 4, 6, 9, 10, 7, 9, 5, 1, 3, 6, 1, 1, 6, 9, 1]
(0.691751799984892, 0.9096176298335157, 0.8022349786448915)
[6, 7, 10, 8, 7, 10, 9, 7, 3, 2, 6, 7, 10, 6, 5, 6, 9, 8, 10, 1, 4, 6, 5, 3, 6, 5, 3, 10, 2, 8, 8, 2, 7, 7, 5, 7, 7, 9, 5, 9, 10, 3, 10, 4, 6, 10, 8, 4, 6, 9, 10, 7, 9, 5, 1, 3, 6, 1, 1, 6, 9, 1]
(0.7014770944661846, 0.9057971036061607, 0.7971834775473439)
[6, 7, 10, 8, 2, 10, 5, 7, 3, 8, 6, 1, 7, 3, 7, 6, 9, 5, 10, 5, 7, 1, 7, 3, 5, 9, 4, 8, 8, 6, 8, 1, 7, 6, 8, 7, 7, 8, 5, 9, 7, 4, 8, 8, 6, 10, 1, 8, 6, 9, 10, 10, 8, 6, 3, 3, 6, 1, 1, 6, 9, 1]
(0.6828921048330365, 0.8986469654366334, 0.8232788910819563)
[6, 7, 10, 8, 2, 10, 9, 7, 3, 2, 6, 7, 10, 6, 5, 6, 9, 8, 10, 1, 4, 6, 5, 3, 6, 5, 3, 10, 2, 8, 8, 2, 7, 7, 5, 5, 7, 9, 5, 9, 10, 3, 10, 4, 6, 10, 8, 4, 6, 9, 10, 7, 9, 5, 1, 3, 6, 1, 1, 6, 9, 1]
(0.6996449022811797, 0.9033215628936849, 0.801950169465503)
[6, 7, 10, 8, 2, 10, 9, 7, 3, 2, 6, 7, 10, 6, 7, 6, 9, 8, 10, 6, 4, 6, 5, 3, 8, 5, 3, 10, 2, 7, 8, 2, 7, 7, 3, 5, 7, 9, 5, 9, 10, 4, 10, 4, 6, 10, 8, 4, 6, 9, 10, 8, 9, 5, 1, 3, 6, 1, 1, 6, 9, 1]
(0.70047134798129, 0.9049763327464424, 0.8005885326727445)
[6, 7, 7, 8, 5, 10, 5, 6, 1, 5, 6, 6, 8, 6, 1, 6, 6, 8, 7, 3, 4, 7, 3, 3, 5, 9, 3, 9, 3, 6, 6, 2, 2, 6, 8, 5, 7, 9, 6, 9, 10, 3, 7, 4, 6, 10, 8, 4, 6, 9, 10, 9, 9, 5, 1, 3, 6, 1, 1, 6, 9, 1]
(0.6845666779564047, 0.915632415004071, 0.8074851129861053)
[6, 7, 10, 8, 2, 10, 9, 7, 3, 2, 6, 7, 10, 6, 5, 6, 9, 8, 10, 1, 4, 6, 5, 3, 6, 5, 3, 10, 2, 8, 8, 2, 6, 6, 5, 5, 7, 9, 5, 9, 10, 3, 10, 4, 6, 10, 8, 4, 6, 9, 10, 7, 9, 5, 1, 3, 6, 1, 1, 6, 9, 1]
(0.7002914572079736, 0.9026153935119472, 0.8049008920712718)
[6, 7, 10, 8, 2, 10, 9, 7, 3, 2, 6, 7, 10, 6, 5, 6, 9, 8, 10, 1, 4, 3, 5, 3, 5, 5, 3, 10, 2, 8, 8, 2, 7, 7, 5, 5, 7, 9, 5, 9, 10, 3, 7, 4, 6, 10, 8, 4, 6, 9, 10, 7, 9, 5, 1, 3, 6, 1, 1, 6, 9, 1]
(0.6823837744099143, 0.9229176292195882, 0.8028104659894355)
[6, 7, 10, 8, 2, 10, 9, 7, 3, 2, 6, 7, 10, 6, 7, 8, 9, 8, 10, 6, 9, 6, 5, 3, 8, 5, 3, 10, 2, 6, 9, 2, 7, 7, 5, 5, 7, 9, 5, 9, 10, 3, 10, 4, 6, 10, 8, 4, 1, 9, 10, 7, 9, 5, 1, 3, 6, 1, 2, 6, 9, 1]
(0.6906927896196327, 0.9118190543726051, 0.8056009320769236)
[10, 10, 10, 10, 3, 6, 2, 8, 9, 5, 6, 1, 5, 9, 7, 6, 9, 9, 10, 3, 7, 2, 3, 3, 5, 9, 3, 6, 10, 4, 8, 2, 7, 6, 7, 2, 7, 8, 2, 9, 8, 8, 8, 6, 5, 2, 7, 3, 1, 4, 10, 10, 8, 5, 6, 3, 4, 6, 4, 3, 10, 1]
(0.6915647625312095, 0.9216706892475451, 0.7955756918615642)
[6, 7, 10, 8, 4, 10, 4, 7, 3, 5, 6, 7, 10, 6, 5, 6, 9, 7, 10, 1, 4, 6, 5, 3, 5, 5, 3, 10, 2, 8, 8, 2, 2, 6, 10, 5, 8, 5, 2, 9, 4, 3, 7, 1, 7, 10, 8, 4, 9, 9, 10, 10, 8, 5, 6, 3, 6, 1, 5, 6, 9, 1]
(0.6981244773808869, 0.8983932631090243, 0.8124534677316392)
[6, 7, 10, 8, 2, 10, 9, 7, 3, 2, 6, 7, 10, 6, 5, 6, 9, 8, 10, 1, 2, 6, 5, 8, 5, 5, 3, 10, 2, 8, 8, 2, 7, 7, 5, 5, 7, 9, 5, 9, 10, 3, 7, 4, 6, 10, 8, 4, 6, 9, 10, 7, 9, 5, 1, 3, 6, 1, 1, 6, 9, 1]
(0.6996182458884603, 0.906775904260572, 0.80303313439682)
[6, 7, 10, 8, 2, 10, 5, 6, 1, 5, 6, 10, 8, 6, 1, 6, 7, 8, 10, 1, 4, 3, 5, 3, 5, 5, 3, 10, 2, 8, 6, 2, 9, 7, 5, 5, 7, 9, 5, 9, 10, 3, 7, 4, 6, 10, 8, 4, 6, 9, 10, 9, 9, 5, 1, 3, 6, 1, 1, 6, 9, 1]
(0.6912335091336853, 0.9112839682027662, 0.8080609127481425)
[6, 7, 10, 8, 2, 10, 9, 7, 3, 2, 6, 7, 10, 6, 5, 6, 9, 8, 10, 1, 4, 6, 5, 3, 6, 5, 3, 10, 2, 8, 8, 2, 7, 7, 5, 5, 7, 9, 5, 9, 10, 3, 10, 4, 6, 10, 8, 4, 6, 9, 10, 7, 9, 5, 1, 3, 6, 1, 2, 6, 9, 1]
(0.6955705262079489, 0.912944596447047, 0.8020796178885875)
[6, 7, 10, 8, 5, 10, 5, 4, 1, 5, 6, 10, 8, 6, 1, 6, 6, 8, 7, 3, 4, 7, 4, 3, 5, 9, 3, 7, 4, 6, 6, 2, 3, 6, 1, 5, 8, 9, 5, 9, 10, 3, 7, 1, 6, 7, 8, 4, 6, 9, 10, 10, 8, 4, 3, 3, 6, 1, 1, 6, 9, 1]
(0.6916357709919716, 0.9200606225058402, 0.800385912396139)
[6, 7, 10, 8, 4, 10, 4, 7, 3, 5, 6, 7, 10, 6, 5, 6, 9, 7, 10, 1, 4, 6, 5, 3, 5, 5, 3, 10, 2, 8, 8, 2, 2, 6, 10, 5, 6, 5, 2, 9, 4, 3, 7, 1, 6, 10, 8, 4, 9, 9, 10, 10, 8, 5, 6, 3, 6, 1, 5, 6, 9, 1]
(0.7107957648703654, 0.9027339400723536, 0.7993953457711306)
[6, 7, 10, 8, 2, 10, 9, 7, 3, 2, 6, 7, 10, 6, 5, 6, 7, 8, 10, 1, 2, 6, 5, 8, 5, 5, 3, 10, 2, 8, 8, 2, 7, 7, 5, 5, 7, 9, 5, 9, 10, 3, 7, 4, 6, 10, 8, 4, 6, 9, 10, 7, 9, 5, 1, 3, 6, 1, 1, 6, 9, 1]
(0.6987869881565809, 0.9067603016272149, 0.8097875762877267)
[6, 7, 10, 8, 4, 10, 4, 7, 3, 5, 6, 7, 10, 6, 5, 6, 9, 8, 10, 1, 4, 6, 5, 3, 6, 5, 3, 10, 2, 8, 8, 2, 2, 6, 10, 5, 8, 5, 2, 9, 4, 3, 7, 1, 7, 10, 8, 4, 9, 9, 10, 10, 8, 5, 6, 3, 6, 1, 5, 6, 9, 1]
(0.708760752540858, 0.8988222284242471, 0.8101831081585285)
[6, 7, 10, 10, 5, 7, 5, 6, 1, 5, 6, 10, 8, 6, 1, 6, 10, 8, 7, 2, 4, 7, 4, 10, 5, 9, 3, 7, 3, 1, 6, 2, 7, 6, 5, 5, 7, 9, 5, 9, 10, 3, 10, 5, 6, 10, 8, 4, 6, 9, 10, 7, 8, 5, 1, 3, 6, 1, 1, 6, 9, 1]
(0.685871876177439, 0.9316136566922038, 0.8059211100473888)
[6, 7, 10, 8, 4, 10, 4, 7, 3, 5, 6, 7, 10, 6, 5, 6, 9, 8, 10, 1, 4, 6, 5, 3, 5, 5, 3, 10, 2, 8, 8, 2, 2, 6, 10, 5, 6, 5, 2, 9, 4, 3, 9, 1, 6, 10, 8, 4, 9, 9, 10, 10, 8, 5, 6, 3, 6, 1, 5, 6, 9, 1]
(0.7124780948501914, 0.9135637687519157, 0.8105669710028086)
