[6, 1, 5, 2, 7, 3, 2, 8, 2, 6, 7, 4, 1, 8, 4, 9, 10, 10, 2, 2, 9, 1, 8, 4, 8, 9, 2, 3, 9, 7, 6, 10, 7, 5, 6, 4, 9, 8, 3, 10, 1, 2, 3, 5, 10, 9, 1, 10, 9, 6, 7, 3, 6, 3, 3, 4, 5, 4, 2, 4, 3, 1]
(0.922890084702521, 0.009405654096814988, 0.9516880133189246, 0.0, 0.96851533455774, 0.009445265833626064, 0.7097916633822049, 0.009406770614593024, 0.9374166603200126, 0.0)
[6, 1, 6, 3, 7, 3, 2, 8, 2, 6, 7, 10, 1, 8, 4, 9, 6, 10, 2, 2, 2, 1, 8, 3, 6, 3, 7, 3, 9, 6, 6, 10, 7, 5, 5, 4, 9, 8, 3, 4, 1, 2, 3, 5, 10, 9, 1, 4, 9, 6, 7, 3, 6, 3, 3, 4, 5, 4, 2, 4, 3, 1]
(0.9500090588815497, 0.0, 0.6971534083597386, 0.0, 0.9600294957868739, 0.0, 0.9517041859216974, 0.0, 0.9520164485089466, 0.817997977755307)
[6, 1, 6, 3, 7, 9, 2, 8, 5, 6, 7, 10, 1, 8, 4, 9, 2, 9, 4, 2, 9, 1, 8, 4, 7, 3, 2, 3, 9, 6, 6, 10, 7, 5, 7, 4, 9, 8, 3, 10, 1, 2, 5, 5, 10, 9, 1, 10, 7, 6, 7, 3, 7, 8, 3, 4, 5, 5, 2, 4, 10, 1]
(0.9203182854689652, 0.6916190002486959, 0.9413611515425135, 0.0, 0.9560158607549951, 0.692307692307692, 0.8612009772099566, 0.0, 0.9054843924884988, 0.0)
[6, 1, 6, 3, 7, 9, 2, 8, 5, 6, 7, 10, 1, 8, 4, 9, 2, 9, 4, 2, 9, 1, 8, 4, 7, 3, 2, 3, 9, 6, 6, 10, 7, 5, 7, 4, 9, 8, 3, 10, 1, 2, 5, 5, 10, 9, 1, 10, 7, 6, 7, 3, 7, 8, 3, 4, 5, 5, 2, 4, 10, 1]
(0.9203182854689652, 0.6916190002486959, 0.9413611515425135, 0.0, 0.9560158607549951, 0.692307692307692, 0.8612009772099566, 0.0, 0.9054843924884988, 0.0)
[6, 1, 6, 3, 7, 9, 2, 8, 5, 6, 7, 10, 1, 8, 4, 9, 2, 9, 4, 2, 9, 1, 8, 4, 7, 3, 2, 3, 9, 6, 6, 10, 7, 5, 7, 4, 9, 8, 3, 10, 1, 2, 5, 5, 10, 9, 1, 10, 7, 6, 7, 3, 7, 8, 3, 4, 5, 5, 2, 4, 10, 1]
(0.9203182854689652, 0.6916190002486959, 0.9413611515425135, 0.0, 0.9560158607549951, 0.692307692307692, 0.8612009772099566, 0.0, 0.8011272062547533, 0.0)
[6, 1, 4, 2, 3, 2, 2, 8, 2, 6, 7, 10, 1, 8, 4, 9, 10, 3, 2, 2, 2, 1, 8, 3, 8, 3, 2, 3, 9, 5, 6, 10, 7, 5, 5, 4, 9, 8, 3, 10, 1, 2, 3, 5, 10, 9, 1, 10, 9, 6, 7, 3, 9, 3, 3, 4, 5, 4, 2, 4, 10, 1]
(0.9506057408638283, 0.6916190002486959, 0.9482687889598297, 0.0, 0.9663182566873713, 0.692307692307692, 0.9393523278646162, 0.0, 0.9502129756845521, 0.0)
[9, 1, 6, 3, 7, 9, 2, 8, 2, 6, 7, 10, 1, 8, 4, 9, 1, 10, 2, 2, 2, 1, 8, 3, 6, 3, 2, 3, 9, 6, 6, 10, 7, 5, 5, 4, 9, 8, 3, 4, 1, 2, 3, 5, 10, 9, 1, 6, 9, 6, 4, 3, 5, 3, 3, 4, 5, 4, 2, 4, 10, 1]
(0.9395487899892021, 0.6916190002486959, 0.9416991994716215, 0.0, 0.9579667598940418, 0.692307692307692, 0.9621027817018314, 0.0, 0.943032641056924, 0.0)
[6, 1, 6, 2, 3, 2, 2, 8, 2, 6, 7, 10, 1, 8, 4, 9, 10, 3, 2, 2, 9, 1, 8, 3, 8, 3, 2, 3, 9, 6, 6, 10, 7, 5, 5, 4, 9, 8, 3, 10, 1, 2, 3, 5, 10, 9, 1, 10, 9, 6, 7, 3, 9, 3, 3, 4, 5, 4, 2, 4, 10, 1]
(0.9415463772602368, 0.6916190002486959, 0.9467021933756755, 0.0, 0.9636633559130116, 0.692307692307692, 0.9387791293673209, 0.0, 0.9517201499082134, 0.0)
[6, 1, 6, 3, 7, 9, 2, 8, 5, 6, 7, 10, 1, 9, 4, 9, 10, 10, 8, 8, 8, 1, 8, 4, 8, 3, 6, 3, 9, 6, 6, 10, 7, 5, 6, 4, 9, 8, 3, 10, 1, 2, 5, 5, 10, 9, 1, 10, 9, 6, 10, 2, 7, 2, 3, 4, 5, 4, 2, 4, 10, 1]
(0.9329123768024137, 0.6916190002486959, 0.9318757594563057, 0.0, 0.9551421199925229, 0.692307692307692, 0.820832846220584, 0.0, 0.9557335778139516, 0.0)
[6, 1, 6, 3, 7, 9, 2, 8, 2, 6, 7, 10, 1, 8, 4, 9, 1, 3, 2, 2, 9, 1, 8, 4, 8, 3, 2, 3, 9, 5, 6, 10, 7, 5, 5, 4, 9, 8, 3, 10, 1, 2, 5, 5, 10, 9, 1, 10, 9, 6, 7, 3, 5, 3, 3, 4, 5, 4, 2, 4, 10, 1]
(0.9341328780166797, 0.6916190002486959, 0.9442218898795532, 0.0, 0.9573886199854298, 0.692307692307692, 0.9333945984952142, 0.0, 0.9456093574874089, 0.0)
[6, 1, 6, 3, 7, 9, 2, 8, 2, 7, 7, 10, 1, 8, 4, 9, 1, 3, 2, 2, 9, 1, 8, 4, 8, 3, 1, 3, 9, 5, 6, 10, 7, 5, 5, 4, 9, 8, 3, 10, 1, 2, 3, 5, 10, 9, 1, 10, 9, 6, 7, 3, 7, 3, 3, 4, 5, 4, 2, 4, 10, 1]
(0.9199776814319188, 0.6916190002486959, 0.945333937834947, 0.0, 0.9556417888961718, 0.692307692307692, 0.7966845390386921, 0.0, 0.9484621136449264, 0.0)
[6, 1, 6, 3, 7, 9, 2, 8, 5, 6, 7, 10, 1, 9, 4, 9, 10, 10, 8, 8, 8, 1, 8, 4, 8, 3, 2, 3, 9, 6, 6, 10, 7, 5, 6, 4, 9, 8, 3, 10, 1, 2, 5, 5, 10, 9, 1, 10, 9, 6, 10, 3, 7, 2, 3, 4, 5, 4, 2, 4, 10, 1]
(0.77052416140214, 0.6916190002486959, 0.9421362600289275, 0.0, 0.9575301081873462, 0.692307692307692, 0.9169686314649869, 0.0, 0.9507961069233701, 0.0)
[6, 1, 6, 3, 7, 9, 2, 8, 5, 6, 7, 10, 1, 9, 4, 9, 10, 10, 8, 8, 8, 1, 8, 4, 8, 3, 2, 3, 9, 6, 6, 10, 7, 5, 6, 4, 9, 8, 3, 10, 1, 2, 5, 5, 10, 9, 1, 10, 9, 6, 10, 3, 7, 2, 3, 4, 5, 4, 2, 4, 10, 1]
(0.77052416140214, 0.6916190002486959, 0.9421362600289275, 0.0, 0.9575301081873462, 0.692307692307692, 0.9169686314649869, 0.0, 0.9507961069233701, 0.0)
[6, 1, 6, 1, 7, 9, 2, 8, 2, 6, 7, 10, 6, 8, 4, 9, 10, 10, 4, 2, 2, 4, 6, 4, 10, 5, 2, 5, 9, 7, 6, 10, 6, 5, 7, 4, 9, 8, 3, 10, 1, 2, 3, 5, 10, 5, 1, 10, 9, 6, 8, 5, 1, 9, 3, 4, 5, 1, 5, 4, 10, 1]
(0.9506966612301752, 0.6916190002486959, 0.946492820139973, 0.0, 0.9567995668388888, 0.692307692307692, 0.958145056944339, 0.0, 0.8277861858718127, 0.0)
[6, 1, 6, 1, 7, 9, 2, 8, 2, 6, 7, 10, 6, 8, 4, 9, 10, 10, 4, 2, 2, 4, 6, 4, 10, 5, 2, 5, 9, 7, 6, 10, 6, 5, 7, 4, 9, 8, 3, 10, 1, 2, 3, 5, 10, 5, 1, 10, 9, 6, 8, 5, 1, 9, 3, 4, 5, 1, 5, 4, 10, 1]
(0.9506966612301752, 0.6916190002486959, 0.946492820139973, 0.0, 0.9567995668388888, 0.692307692307692, 0.958145056944339, 0.0, 0.8277861858718127, 0.0)
[6, 1, 6, 1, 7, 9, 2, 8, 2, 6, 7, 10, 6, 8, 4, 9, 10, 10, 4, 2, 2, 4, 6, 4, 10, 5, 2, 5, 9, 7, 6, 10, 6, 5, 7, 4, 9, 8, 3, 10, 1, 2, 3, 5, 10, 5, 1, 10, 9, 6, 8, 5, 1, 9, 3, 4, 5, 1, 5, 4, 10, 1]
(0.9506966612301752, 0.6916190002486959, 0.946492820139973, 0.0, 0.9567995668388888, 0.692307692307692, 0.958145056944339, 0.0, 0.8277861858718127, 0.0)
[6, 1, 6, 3, 7, 9, 2, 8, 10, 6, 1, 6, 1, 8, 4, 9, 9, 3, 8, 2, 9, 1, 8, 4, 8, 9, 2, 2, 9, 5, 6, 10, 7, 5, 6, 4, 9, 8, 3, 10, 4, 2, 5, 5, 10, 9, 1, 10, 9, 6, 7, 6, 7, 3, 2, 4, 5, 4, 2, 4, 10, 2]
(0.917037055734544, 0.6916190002486959, 0.9544789358042166, 0.0, 0.9502549949102091, 0.692307692307692, 0.8084989282302597, 0.0, 0.9508096897043273, 0.0)
[6, 1, 1, 2, 3, 9, 9, 5, 5, 6, 6, 10, 1, 9, 2, 9, 1, 10, 2, 2, 9, 1, 8, 3, 2, 3, 2, 3, 9, 6, 6, 10, 7, 5, 7, 4, 9, 8, 3, 4, 1, 2, 5, 3, 10, 9, 1, 10, 9, 6, 7, 5, 7, 8, 3, 4, 5, 4, 2, 4, 3, 1]
(0.9313515623100094, 0.0, 0.942479038145392, 0.0, 0.968674698751418, 1.0, 0.9548345581628367, 0.0, 0.5338584573008163, 0.5031442194734296)
[6, 1, 1, 2, 3, 9, 9, 5, 5, 6, 6, 10, 1, 9, 2, 9, 1, 10, 2, 2, 9, 1, 8, 3, 2, 3, 2, 3, 9, 6, 6, 10, 7, 5, 7, 4, 9, 8, 3, 4, 1, 2, 5, 3, 10, 9, 1, 10, 9, 6, 7, 5, 7, 8, 3, 4, 5, 4, 2, 4, 3, 1]
(0.9313515623100094, 0.0, 0.942479038145392, 0.0, 0.968674698751418, 1.0, 0.9548345581628367, 0.0, 0.5338584573008163, 0.5031442194734296)
[6, 1, 1, 2, 3, 9, 9, 5, 5, 6, 6, 10, 1, 9, 2, 9, 1, 10, 2, 2, 9, 1, 8, 3, 2, 3, 2, 3, 9, 6, 6, 10, 7, 5, 7, 4, 9, 8, 3, 4, 1, 2, 5, 3, 10, 9, 1, 10, 9, 6, 7, 5, 7, 8, 3, 4, 5, 4, 2, 4, 3, 1]
(0.9313515623100094, 0.0, 0.942479038145392, 0.0, 0.968674698751418, 1.0, 0.9548345581628367, 0.0, 0.5338584573008163, 0.5031442194734296)
[6, 1, 1, 2, 7, 9, 2, 6, 5, 2, 2, 3, 10, 8, 10, 9, 10, 10, 10, 2, 9, 1, 10, 3, 3, 3, 2, 4, 9, 6, 6, 10, 7, 5, 6, 4, 9, 8, 6, 10, 1, 2, 5, 6, 6, 9, 1, 10, 9, 6, 7, 5, 7, 8, 3, 4, 5, 4, 2, 4, 10, 1]
(0.9440010496415187, 0.0, 0.9461398416198777, 0.0, 0.9686306896619481, 0.692307692307692, 0.9494156966917203, 0.0, 0.9485496061854052, 0.8544771740406047)
[9, 1, 6, 3, 7, 9, 2, 8, 2, 6, 7, 10, 9, 8, 4, 9, 1, 10, 2, 2, 2, 1, 8, 3, 6, 3, 2, 3, 9, 6, 6, 10, 7, 5, 5, 4, 9, 8, 3, 4, 1, 2, 3, 5, 10, 9, 1, 6, 9, 6, 4, 3, 5, 3, 3, 4, 5, 4, 2, 4, 10, 1]
(0.940261045563965, 0.6916190002486959, 0.9491235076449798, 0.0, 0.9576323465444133, 0.692307692307692, 0.95821313401684, 0.18951132300357565, 0.9457046127878117, 0.0)
[6, 1, 6, 3, 7, 9, 2, 8, 2, 6, 7, 10, 1, 8, 4, 9, 10, 10, 4, 2, 9, 4, 6, 4, 8, 6, 2, 3, 9, 7, 6, 10, 7, 5, 7, 4, 9, 8, 3, 10, 1, 2, 3, 5, 10, 9, 1, 10, 9, 6, 7, 3, 6, 3, 3, 4, 5, 4, 2, 4, 3, 1]
(0.9321419096551826, 0.6916190002486959, 0.947352654021232, 0.0, 0.969010561052708, 0.9648221156559869, 0.956445336621253, 0.0, 0.9413575108163048, 0.0)
[6, 1, 6, 6, 7, 9, 2, 8, 1, 2, 7, 10, 1, 9, 4, 9, 10, 8, 2, 2, 9, 1, 8, 4, 10, 7, 2, 3, 9, 7, 6, 10, 7, 5, 6, 4, 9, 8, 3, 10, 1, 2, 5, 6, 10, 5, 1, 10, 9, 6, 7, 3, 6, 3, 3, 4, 5, 4, 2, 4, 3, 1]
(0.927193670626729, 0.6916190002486959, 0.9444178513251231, 0.0, 0.9768532664515058, 0.9781231039203683, 0.0, 0.0, 0.8552472061477614, 0.0)
[6, 1, 6, 3, 7, 9, 2, 8, 2, 2, 7, 10, 1, 9, 4, 9, 10, 8, 2, 2, 9, 1, 8, 3, 8, 3, 2, 1, 9, 7, 6, 10, 7, 5, 6, 4, 9, 8, 3, 10, 1, 2, 3, 5, 10, 9, 1, 10, 9, 6, 7, 3, 6, 3, 3, 4, 5, 4, 2, 4, 3, 1]
(0.7746230931021297, 0.6916190002486959, 0.9449134993366884, 0.0, 0.9734876037575285, 1.0, 0.9409336005337526, 0.0, 0.951843177992849, 0.0)
[6, 1, 6, 3, 7, 9, 2, 8, 2, 2, 7, 10, 1, 9, 4, 9, 10, 8, 2, 2, 9, 1, 8, 3, 8, 3, 2, 1, 9, 7, 6, 10, 7, 5, 6, 4, 9, 8, 3, 10, 1, 2, 3, 5, 10, 9, 1, 10, 9, 6, 7, 3, 6, 3, 3, 4, 5, 4, 2, 4, 3, 1]
(0.7746230931021297, 0.6916190002486959, 0.9449134993366884, 0.0, 0.9734876037575285, 1.0, 0.9409336005337526, 0.0, 0.951843177992849, 0.0)
[6, 1, 6, 3, 7, 9, 2, 8, 2, 2, 7, 10, 1, 9, 4, 9, 10, 8, 2, 2, 9, 1, 8, 3, 8, 3, 2, 1, 9, 7, 6, 10, 7, 5, 6, 4, 9, 8, 3, 10, 1, 2, 3, 5, 10, 9, 1, 10, 9, 6, 7, 3, 6, 3, 3, 4, 5, 4, 2, 4, 3, 1]
(0.7746230931021297, 0.6916190002486959, 0.9449134993366884, 0.0, 0.9734876037575285, 1.0, 0.9409336005337526, 0.0, 0.951843177992849, 0.0)
[6, 1, 6, 3, 7, 9, 2, 8, 2, 2, 7, 10, 1, 9, 4, 9, 10, 8, 2, 2, 9, 1, 8, 3, 8, 3, 2, 3, 9, 6, 6, 10, 7, 5, 6, 4, 9, 8, 6, 10, 1, 2, 5, 6, 10, 5, 1, 10, 9, 6, 7, 3, 6, 3, 3, 4, 5, 4, 2, 4, 3, 1]
(0.9348004310391834, 0.6916190002486959, 0.9363942799158385, 0.0, 0.9760246888734381, 1.0, 0.9418950180523085, 0.0, 0.9495275097899125, 0.0)
[6, 1, 6, 3, 7, 9, 2, 8, 2, 6, 7, 10, 1, 9, 4, 9, 10, 10, 4, 2, 9, 4, 4, 4, 8, 6, 2, 2, 9, 7, 6, 10, 7, 5, 5, 4, 9, 8, 3, 10, 1, 1, 3, 4, 10, 9, 1, 10, 9, 6, 7, 3, 6, 3, 3, 4, 5, 4, 2, 4, 3, 1]
(0.9493569078855204, 0.6916190002486959, 0.9430744246579694, 0.0, 0.9677068355493229, 1.0, 0.9256383038125924, 0.0, 0.9510272086597965, 0.0)
[6, 1, 6, 3, 7, 3, 2, 8, 2, 6, 7, 4, 1, 8, 4, 9, 10, 10, 2, 2, 9, 1, 8, 4, 8, 3, 6, 3, 9, 6, 6, 10, 7, 5, 6, 4, 9, 8, 6, 10, 1, 2, 5, 6, 10, 5, 1, 10, 9, 6, 7, 4, 6, 3, 3, 4, 5, 4, 2, 4, 3, 1]
(0.9402988511137653, 0.6916190002486959, 0.9391101273708033, 0.0, 0.9741825974546353, 1.0, 0.9383536196313789, 0.0, 0.9547662676312014, 0.0)
[6, 1, 6, 3, 7, 9, 2, 8, 2, 2, 7, 10, 1, 9, 4, 9, 10, 8, 2, 2, 9, 1, 8, 3, 8, 3, 2, 1, 9, 7, 6, 10, 7, 5, 6, 4, 9, 8, 3, 10, 1, 2, 3, 5, 10, 9, 1, 10, 9, 6, 7, 3, 6, 3, 3, 4, 5, 4, 2, 4, 3, 1]
(0.7746230931021297, 0.6916190002486959, 0.9449134993366884, 0.0, 0.9734876037575285, 1.0, 0.9409336005337526, 0.0, 0.951843177992849, 0.0)
[6, 1, 6, 3, 7, 10, 2, 8, 8, 6, 2, 10, 1, 9, 4, 9, 10, 8, 2, 2, 9, 4, 4, 4, 8, 6, 2, 2, 9, 7, 6, 10, 7, 5, 5, 4, 9, 8, 3, 10, 1, 1, 1, 4, 10, 9, 1, 10, 9, 6, 7, 3, 6, 3, 3, 4, 5, 4, 2, 4, 3, 1]
(0.9483910496346638, 0.6916190002486959, 0.9339332775212814, 0.0, 0.9695645836181919, 1.0, 0.9335336382500817, 0.0, 0.9529857006855295, 0.0)
[6, 1, 6, 3, 7, 9, 9, 5, 5, 8, 7, 10, 1, 5, 4, 9, 10, 10, 7, 2, 2, 1, 10, 9, 8, 4, 9, 3, 9, 7, 6, 10, 7, 5, 6, 4, 9, 8, 3, 10, 1, 2, 3, 5, 10, 10, 1, 10, 9, 6, 7, 10, 5, 8, 3, 4, 5, 1, 5, 4, 6, 1]
(0.9446219078265118, 0.0, 0.9546151212416574, 0.18002748511223077, 0.9583485747687501, 0.692307692307692, 0.9405306610278774, 0.0, 0.8544771740406047, 0.8544771740406047)
[6, 1, 6, 4, 4, 9, 9, 5, 5, 8, 7, 10, 1, 5, 4, 9, 10, 10, 7, 2, 9, 1, 10, 9, 8, 4, 9, 3, 9, 7, 6, 10, 7, 5, 6, 4, 9, 8, 3, 10, 1, 2, 3, 5, 10, 10, 1, 10, 9, 6, 7, 5, 2, 8, 3, 4, 5, 1, 5, 4, 10, 1]
(0.9531525508500621, 0.6916190002486959, 0.9422450383193779, 0.20043066810222707, 0.9420121307484794, 0.692307692307692, 0.9464628790505217, 0.0, 0.9418893058784296, 0.27505572135544565)
[6, 1, 6, 3, 7, 3, 2, 8, 2, 6, 7, 8, 1, 8, 4, 9, 10, 10, 2, 2, 9, 1, 8, 4, 8, 3, 6, 3, 9, 7, 6, 10, 7, 5, 6, 4, 9, 8, 6, 10, 1, 2, 5, 6, 10, 5, 1, 10, 9, 6, 7, 4, 6, 3, 3, 4, 5, 4, 2, 4, 3, 1]
(0.9442971234209824, 0.6916190002486959, 0.9351289086975147, 0.18002748511223077, 0.9733143244869988, 1.0, 0.9276649878360324, 0.0, 0.948998138401656, 0.0)
[6, 7, 6, 3, 7, 9, 2, 8, 2, 6, 7, 10, 1, 9, 4, 9, 10, 10, 8, 2, 9, 1, 8, 4, 8, 9, 2, 2, 9, 5, 6, 10, 7, 5, 6, 4, 9, 8, 3, 10, 1, 2, 5, 5, 10, 9, 1, 10, 9, 6, 7, 5, 7, 3, 3, 4, 5, 4, 2, 4, 10, 2]
(0.7588535635732155, 0.6916190002486959, 0.8253312318585827, 0.0, 0.9554788534529493, 0.692307692307692, 0.6977084349098004, 0.5609564876519013, 0.0, 0.0)
[6, 1, 6, 1, 4, 9, 9, 5, 5, 8, 6, 10, 5, 9, 4, 9, 10, 10, 8, 2, 9, 1, 4, 4, 8, 6, 9, 3, 9, 7, 6, 10, 7, 5, 6, 4, 9, 8, 3, 10, 1, 2, 3, 5, 10, 10, 1, 10, 9, 6, 7, 5, 2, 9, 3, 4, 5, 1, 5, 4, 10, 1]
(0.9532864849083111, 0.6916190002486959, 0.9578664437867687, 0.0, 0.962094976101069, 1.0, 0.951806012820451, 0.0, 0.938938397448509, 0.2557339046749324)
[6, 1, 6, 3, 3, 6, 2, 8, 5, 6, 7, 10, 1, 5, 6, 6, 10, 10, 6, 2, 9, 1, 6, 4, 8, 6, 9, 3, 9, 7, 6, 10, 7, 5, 6, 4, 9, 8, 6, 10, 1, 2, 3, 5, 10, 10, 1, 10, 9, 6, 7, 3, 2, 9, 3, 4, 5, 1, 5, 4, 10, 1]
(0.9329333604313423, 0.0, 0.9491180471144604, 0.18002748511223077, 0.9607652707956715, 0.692307692307692, 0.7619498868472914, 0.28331023559691126, 0.8544771740406047, 0.8544771740406047)
[6, 1, 6, 3, 7, 9, 9, 5, 5, 8, 7, 10, 1, 9, 4, 9, 10, 10, 8, 1, 9, 1, 10, 4, 8, 6, 9, 3, 9, 7, 6, 10, 7, 5, 6, 4, 9, 8, 3, 10, 1, 2, 3, 5, 10, 8, 1, 10, 9, 6, 7, 3, 5, 4, 3, 4, 5, 5, 5, 4, 10, 1]
(0.9375362890772511, 0.0, 0.0, 0.0, 0.9503363805823013, 1.0, 0.94097953243181, 0.2184399328346818, 0.9459011324681329, 0.8544771740406047)
[6, 1, 6, 3, 7, 9, 2, 8, 2, 6, 6, 10, 7, 8, 4, 9, 10, 10, 2, 3, 2, 1, 8, 9, 8, 3, 2, 3, 9, 6, 6, 10, 7, 5, 5, 4, 9, 8, 3, 10, 1, 2, 3, 5, 10, 9, 1, 10, 9, 6, 7, 3, 5, 3, 3, 4, 5, 4, 2, 4, 10, 1]
(0.9295225166715673, 0.6916190002486959, 0.9436318377964187, 0.0, 0.9615757730789466, 0.692307692307692, 0.9380727927200486, 0.0, 0.9492595420218991, 0.6920444824636423)
[6, 2, 5, 2, 7, 3, 2, 8, 4, 7, 6, 10, 1, 9, 4, 9, 10, 4, 2, 9, 8, 1, 8, 4, 8, 3, 2, 3, 9, 5, 6, 10, 7, 5, 6, 4, 9, 8, 3, 10, 1, 2, 5, 5, 10, 9, 4, 10, 9, 6, 7, 4, 7, 5, 3, 4, 5, 4, 2, 4, 9, 2]
(0.9522367770783591, 0.6916190002486959, 0.9277444333769375, 0.0, 0.9548936243168995, 0.692307692307692, 0.7409049496985995, 0.6977084349098004, 0.9428658881224681, 0.0)
[6, 2, 5, 2, 7, 3, 2, 8, 4, 7, 6, 10, 1, 9, 4, 9, 10, 4, 2, 9, 8, 1, 8, 4, 8, 3, 2, 3, 9, 5, 6, 10, 7, 5, 3, 4, 9, 8, 3, 10, 1, 2, 2, 5, 10, 10, 4, 10, 9, 4, 7, 4, 7, 5, 3, 4, 5, 4, 2, 4, 9, 2]
(0.9571561585180447, 0.6916190002486959, 0.9267275515012435, 0.0, 0.9441926746629166, 0.692307692307692, 0.6977084349098004, 0.6977084349098004, 0.934026970434933, 0.0)
[6, 1, 6, 1, 4, 9, 9, 5, 5, 8, 6, 10, 5, 4, 4, 9, 6, 10, 8, 2, 9, 1, 10, 4, 8, 6, 9, 3, 9, 7, 6, 10, 7, 5, 6, 4, 9, 8, 3, 10, 1, 2, 3, 5, 10, 9, 1, 10, 6, 6, 7, 7, 5, 3, 3, 4, 5, 5, 2, 4, 10, 1]
(0.9290360777638845, 0.6916190002486959, 0.9370013690553597, 0.18002748511223077, 0.9687055234797282, 1.0, 0.9426839615218331, 0.0, 0.938922674115746, 0.2557339046749324)
[6, 1, 6, 3, 3, 9, 2, 8, 5, 6, 7, 10, 1, 5, 4, 9, 10, 3, 2, 2, 9, 1, 8, 3, 8, 3, 2, 3, 5, 7, 6, 10, 7, 5, 6, 4, 9, 8, 3, 10, 1, 2, 3, 5, 10, 10, 1, 10, 9, 6, 7, 5, 2, 9, 3, 4, 5, 1, 5, 4, 10, 1]
(0.661640530731531, 0.6916190002486959, 0.948254294786601, 0.20043066810222707, 0.9608558549545689, 1.0, 0.9479972335509943, 0.0, 0.940826777089386, 0.27505572135544565)
[6, 1, 6, 3, 3, 9, 2, 8, 5, 6, 7, 10, 1, 5, 4, 9, 10, 3, 2, 2, 9, 1, 8, 3, 8, 3, 2, 3, 5, 7, 6, 10, 7, 5, 6, 4, 9, 8, 3, 10, 1, 2, 3, 5, 10, 10, 1, 10, 9, 6, 7, 5, 2, 9, 3, 4, 5, 1, 5, 4, 10, 1]
(0.661640530731531, 0.6916190002486959, 0.948254294786601, 0.20043066810222707, 0.9608558549545689, 1.0, 0.9479972335509943, 0.0, 0.940826777089386, 0.27505572135544565)
[6, 1, 6, 3, 7, 10, 2, 8, 8, 6, 7, 10, 1, 5, 4, 9, 10, 10, 6, 2, 9, 1, 6, 4, 8, 6, 2, 2, 9, 7, 6, 10, 7, 5, 6, 4, 9, 8, 3, 10, 1, 2, 3, 5, 10, 10, 1, 10, 9, 6, 7, 5, 2, 9, 3, 4, 5, 1, 5, 4, 10, 1]
(0.6586566266603786, 0.6916190002486959, 0.9494657446630286, 0.20043066810222707, 0.9585615125484749, 1.0, 0.939985158573835, 0.0, 0.942567583825438, 0.2975358587716073)
[6, 1, 6, 3, 3, 9, 2, 8, 5, 6, 7, 10, 1, 5, 4, 9, 10, 10, 6, 2, 9, 1, 6, 4, 8, 6, 2, 2, 9, 7, 6, 10, 7, 5, 6, 4, 9, 8, 3, 10, 1, 2, 3, 5, 10, 10, 1, 10, 9, 6, 7, 5, 2, 9, 3, 4, 5, 1, 5, 4, 10, 1]
(0.7213865996338444, 0.6916190002486959, 0.9507494227029368, 0.20043066810222707, 0.9546568551100776, 1.0, 0.9201925155706699, 0.0, 0.6818037138320527, 0.2975358587716073)
[6, 1, 6, 3, 3, 10, 2, 8, 5, 6, 7, 10, 1, 5, 4, 9, 10, 10, 6, 2, 9, 1, 10, 3, 3, 3, 2, 3, 5, 7, 6, 10, 7, 5, 6, 4, 9, 8, 3, 10, 1, 2, 4, 5, 10, 10, 1, 10, 9, 6, 7, 5, 2, 9, 3, 4, 5, 1, 5, 4, 10, 1]
(0.6916190002486959, 0.6916190002486959, 0.9491414968855666, 0.20043066810222707, 0.95061636911705, 1.0, 0.9425927902571846, 0.0, 0.9447612234391262, 0.2975358587716073)
[6, 1, 9, 3, 3, 9, 2, 8, 5, 6, 7, 10, 1, 5, 4, 9, 10, 10, 6, 4, 9, 1, 10, 3, 2, 3, 2, 3, 5, 7, 6, 8, 7, 5, 6, 4, 9, 8, 3, 10, 1, 2, 3, 5, 10, 10, 1, 10, 9, 6, 7, 5, 2, 9, 3, 4, 5, 1, 5, 4, 10, 1]
(0.9512908070348188, 0.6916190002486959, 0.9468495647422956, 0.18002748511223077, 0.958455614279954, 1.0, 0.9371520527638485, 0.0, 0.8620486068539331, 0.32401762271372014)
[6, 1, 9, 3, 3, 9, 2, 8, 5, 6, 7, 10, 1, 5, 4, 9, 10, 10, 6, 4, 9, 1, 10, 3, 3, 3, 2, 3, 5, 7, 6, 10, 7, 5, 6, 4, 9, 8, 3, 10, 1, 2, 3, 5, 10, 10, 1, 10, 9, 6, 7, 5, 2, 9, 3, 4, 5, 1, 5, 4, 10, 1]
(0.6916190002486959, 0.6916190002486959, 0.9491844854317594, 0.18002748511223077, 0.9529636400751754, 1.0, 0.7656150589697103, 0.0, 0.9353820946998884, 0.32401762271372014)
[6, 1, 6, 1, 4, 9, 9, 5, 5, 8, 1, 10, 5, 9, 4, 9, 10, 10, 8, 2, 9, 9, 8, 9, 8, 3, 2, 3, 9, 6, 6, 10, 7, 5, 5, 4, 9, 8, 3, 10, 1, 2, 3, 5, 10, 9, 1, 10, 9, 6, 7, 1, 5, 3, 1, 4, 5, 5, 2, 4, 10, 1]
(0.9312654505483798, 0.0, 0.9519893166609095, 0.18002748511223077, 0.9615430462174102, 1.0, 0.940111958887427, 0.18951132300357565, 0.8548843930475426, 0.8544771740406047)
[6, 1, 6, 3, 4, 9, 9, 5, 5, 8, 6, 10, 5, 9, 4, 9, 10, 10, 7, 2, 9, 1, 10, 9, 8, 4, 9, 3, 9, 7, 4, 10, 7, 5, 6, 4, 9, 8, 5, 10, 1, 2, 3, 5, 10, 10, 1, 10, 9, 6, 7, 5, 2, 9, 3, 4, 5, 1, 5, 4, 10, 1]
(0.9509058547206208, 0.6916190002486959, 0.9547295891679809, 0.0, 0.9403155370615413, 0.692307692307692, 0.9421546475030469, 0.0, 0.9476411580108093, 0.8544771740406047)
[6, 1, 6, 1, 4, 9, 9, 5, 5, 8, 6, 10, 5, 5, 4, 9, 10, 10, 6, 2, 9, 1, 6, 4, 8, 6, 9, 3, 9, 7, 6, 10, 7, 5, 6, 4, 9, 8, 3, 10, 1, 2, 3, 5, 10, 10, 1, 10, 9, 6, 7, 5, 1, 9, 3, 4, 5, 1, 5, 4, 10, 1]
(0.952978836279361, 0.6916190002486959, 0.9485386624000953, 0.0, 0.956617217417805, 0.692307692307692, 0.9421656529419112, 0.0, 0.2557339046749324, 0.8544771740406047)
[6, 1, 6, 1, 4, 9, 9, 5, 5, 8, 6, 10, 5, 9, 4, 9, 10, 10, 7, 2, 9, 1, 10, 9, 8, 4, 9, 3, 9, 7, 6, 10, 7, 5, 6, 4, 9, 8, 3, 10, 1, 2, 3, 5, 10, 10, 1, 10, 9, 6, 7, 5, 2, 8, 3, 4, 5, 1, 5, 4, 10, 1]
(0.9535182747058555, 0.6916190002486959, 0.9512194463051841, 0.0, 0.9408670040778805, 0.692307692307692, 0.9405685271136451, 0.0, 0.949247191008179, 0.8544771740406047)
[6, 1, 6, 1, 4, 9, 9, 5, 5, 8, 6, 6, 5, 9, 4, 9, 10, 10, 8, 2, 9, 4, 10, 4, 8, 3, 2, 3, 6, 7, 6, 10, 7, 5, 6, 4, 9, 8, 3, 10, 1, 2, 3, 5, 10, 10, 1, 10, 9, 6, 8, 5, 1, 9, 3, 4, 5, 1, 5, 4, 10, 1]
(0.9493806368671345, 0.6916190002486959, 0.9567217112518833, 0.0, 0.9544740931130931, 0.692307692307692, 0.9489204558543848, 0.0, 0.9501504004932927, 0.8544771740406047)
[6, 1, 6, 1, 7, 9, 2, 8, 2, 6, 7, 10, 6, 8, 4, 9, 10, 10, 4, 2, 2, 4, 6, 4, 8, 5, 2, 5, 9, 7, 6, 10, 7, 5, 7, 4, 9, 8, 3, 10, 1, 2, 3, 5, 10, 10, 1, 10, 9, 6, 8, 5, 1, 9, 3, 4, 5, 1, 5, 4, 10, 1]
(0.6916190002486959, 0.6916190002486959, 0.9590497794561071, 0.0, 0.0, 0.692307692307692, 0.9485443561337875, 0.0, 0.9471896816976356, 0.8544771740406047)
[6, 1, 6, 1, 4, 9, 9, 5, 5, 8, 6, 10, 5, 9, 4, 9, 10, 10, 1, 2, 9, 1, 6, 4, 1, 6, 9, 3, 9, 7, 6, 10, 7, 5, 6, 4, 9, 8, 3, 10, 1, 2, 3, 5, 10, 10, 1, 10, 9, 6, 8, 5, 1, 9, 3, 4, 5, 1, 5, 4, 10, 1]
(0.9489120691083359, 0.6916190002486959, 0.950294213276355, 0.0, 0.954309771303086, 0.6923076923076931, 0.9281990439631038, 0.0, 0.9505400559864924, 0.8544771740406047)
[6, 6, 6, 3, 7, 9, 2, 8, 2, 6, 7, 10, 1, 8, 4, 9, 1, 10, 2, 2, 2, 1, 8, 3, 6, 3, 2, 3, 9, 7, 6, 10, 7, 5, 7, 4, 9, 8, 3, 10, 1, 2, 4, 5, 10, 2, 1, 10, 9, 6, 7, 3, 3, 3, 3, 4, 5, 4, 2, 4, 3, 1]
(0.6916190002486959, 0.6916190002486959, 0.9242334972135715, 0.0, 0.9567734732292578, 0.6923076923076931, 0.8649434559978554, 0.0, 0.9451025393791486, 0.8544771740406047)
[6, 1, 6, 1, 4, 9, 9, 9, 5, 8, 6, 10, 5, 9, 4, 9, 10, 10, 6, 2, 9, 1, 10, 4, 8, 5, 9, 3, 9, 7, 6, 10, 7, 5, 6, 4, 9, 8, 3, 8, 1, 2, 3, 5, 10, 9, 1, 5, 9, 6, 8, 3, 5, 3, 2, 4, 5, 5, 2, 4, 10, 1]
(0.9314716485328964, 0.6916190002486959, 0.9448724816553281, 0.18002748511223077, 0.9643798616714757, 1.0, 0.9392319557256987, 0.2029499361792654, 0.9446683592163013, 0.2557339046749324)
[6, 1, 6, 2, 7, 3, 2, 8, 2, 6, 7, 4, 1, 8, 4, 9, 10, 10, 2, 2, 9, 1, 8, 4, 8, 9, 2, 3, 9, 5, 6, 10, 7, 5, 5, 4, 9, 8, 3, 10, 1, 2, 3, 5, 10, 9, 1, 10, 9, 6, 7, 3, 6, 3, 3, 4, 5, 4, 2, 4, 3, 1]
(0.9384252569638182, 0.6916190002486959, 0.9491390668787048, 0.0, 0.9689974094741028, 1.0, 0.8058931724168389, 0.6977084349098004, 0.9400971959345031, 0.0)
[6, 1, 2, 5, 3, 9, 2, 8, 2, 6, 7, 6, 1, 9, 4, 9, 10, 6, 6, 2, 9, 1, 6, 4, 8, 4, 2, 3, 9, 3, 6, 10, 7, 5, 6, 4, 9, 8, 3, 10, 1, 2, 3, 5, 10, 9, 1, 10, 9, 6, 7, 5, 7, 8, 3, 4, 5, 4, 2, 4, 10, 1]
(0.9303385858423998, 0.6916190002486959, 0.9376492452807714, 0.18002748511223077, 0.9543096476234482, 0.692307692307692, 0.9364789786748576, 0.0, 0.8544771740406047, 0.8544771740406047)
[6, 1, 6, 3, 3, 10, 2, 8, 5, 6, 7, 7, 1, 5, 4, 9, 9, 3, 2, 2, 9, 1, 8, 3, 8, 3, 2, 3, 5, 7, 6, 10, 7, 5, 6, 4, 9, 8, 3, 10, 1, 2, 3, 5, 10, 10, 1, 10, 9, 6, 7, 5, 3, 9, 3, 4, 5, 1, 5, 4, 10, 1]
(0.6652204795740564, 0.6916190002486959, 0.9416750972159196, 0.20043066810222707, 0.9598804450593873, 0.9559601220302268, 0.9463670211844134, 0.0, 0.9409370477311302, 0.5815030748342777)
[6, 6, 6, 3, 2, 9, 6, 10, 10, 6, 3, 10, 1, 8, 4, 9, 6, 10, 2, 2, 2, 1, 8, 3, 6, 3, 2, 3, 9, 6, 6, 10, 7, 5, 5, 4, 9, 8, 3, 4, 1, 2, 3, 5, 10, 9, 1, 4, 9, 6, 7, 3, 5, 3, 3, 4, 5, 4, 2, 4, 10, 1]
(0.9480917138047503, 0.6916190002486959, 0.9265762799419449, 0.0, 0.958164356555788, 0.692307692307692, 0.9577925232239054, 0.2029499361792654, 0.9418921980075526, 0.8544771740406047)
[6, 1, 6, 1, 4, 9, 9, 5, 3, 8, 6, 10, 5, 9, 4, 9, 10, 10, 1, 2, 9, 1, 8, 4, 1, 6, 9, 3, 9, 7, 6, 10, 7, 5, 6, 4, 9, 8, 3, 8, 1, 2, 3, 5, 10, 10, 1, 10, 9, 6, 8, 5, 1, 9, 3, 4, 5, 1, 5, 4, 10, 1]
(0.9487459040246891, 0.6916190002486959, 0.9510914363898322, 0.0, 0.9496654207818197, 0.9446316483430551, 0.7768766404129592, 0.0, 0.9520134971477077, 0.8544771740406047)
[6, 1, 6, 1, 4, 9, 9, 5, 3, 8, 6, 10, 5, 9, 4, 9, 10, 10, 1, 2, 9, 1, 8, 4, 1, 6, 9, 3, 9, 7, 6, 10, 7, 5, 6, 4, 9, 8, 3, 8, 1, 2, 3, 5, 10, 10, 1, 10, 9, 6, 8, 5, 1, 9, 3, 4, 5, 1, 5, 4, 10, 1]
(0.9487459040246891, 0.6916190002486959, 0.9510914363898322, 0.0, 0.9496654207818197, 0.9446316483430551, 0.7768766404129592, 0.0, 0.9520134971477077, 0.8544771740406047)
[6, 1, 6, 1, 4, 9, 9, 5, 3, 8, 6, 10, 5, 9, 4, 9, 10, 10, 1, 2, 9, 1, 8, 4, 1, 6, 9, 3, 9, 7, 6, 10, 7, 5, 6, 4, 9, 8, 3, 8, 1, 2, 3, 5, 10, 10, 1, 10, 9, 6, 8, 5, 1, 9, 3, 4, 5, 1, 5, 4, 10, 1]
(0.9487459040246891, 0.6916190002486959, 0.9510914363898322, 0.0, 0.9496654207818197, 0.9446316483430551, 0.7768766404129592, 0.0, 0.9520134971477077, 0.8544771740406047)
[6, 1, 6, 1, 4, 9, 9, 5, 3, 8, 6, 10, 5, 9, 4, 9, 10, 10, 1, 2, 9, 1, 8, 4, 1, 6, 9, 3, 9, 7, 6, 10, 7, 5, 6, 4, 9, 8, 3, 8, 1, 2, 3, 5, 10, 10, 1, 10, 9, 6, 8, 5, 1, 9, 3, 4, 5, 1, 5, 4, 10, 1]
(0.9487459040246891, 0.6916190002486959, 0.9510914363898322, 0.0, 0.9496654207818197, 0.9446316483430551, 0.7768766404129592, 0.0, 0.9520134971477077, 0.8544771740406047)
[6, 1, 6, 1, 4, 9, 9, 9, 5, 8, 6, 10, 5, 9, 4, 9, 10, 10, 8, 2, 9, 1, 10, 4, 8, 6, 9, 3, 9, 7, 6, 10, 7, 5, 6, 4, 9, 8, 3, 10, 1, 2, 3, 5, 10, 9, 1, 5, 9, 6, 8, 3, 5, 3, 2, 4, 5, 5, 2, 4, 10, 1]
(0.6916190002486959, 0.6916190002486959, 0.9484002335928368, 0.0, 0.9662149845622462, 1.0, 0.8560815517790628, 0.0, 0.9401728649623681, 0.8269087159074858)
[6, 1, 6, 1, 4, 9, 9, 9, 5, 8, 6, 10, 5, 9, 4, 9, 10, 10, 8, 2, 9, 1, 10, 4, 8, 6, 9, 3, 9, 7, 6, 10, 7, 5, 6, 4, 9, 8, 3, 10, 1, 2, 3, 5, 10, 9, 1, 5, 9, 6, 8, 3, 5, 3, 2, 4, 5, 5, 2, 4, 10, 1]
(0.6916190002486959, 0.6916190002486959, 0.9484002335928368, 0.0, 0.9662149845622462, 1.0, 0.8560815517790628, 0.0, 0.9401728649623681, 0.8269087159074858)
[6, 1, 6, 1, 4, 9, 9, 5, 3, 8, 6, 10, 5, 9, 4, 9, 10, 10, 1, 2, 9, 1, 8, 4, 1, 6, 9, 3, 9, 7, 6, 10, 7, 5, 6, 4, 9, 8, 3, 10, 1, 2, 3, 5, 10, 10, 1, 10, 9, 6, 8, 5, 1, 9, 3, 4, 5, 1, 5, 4, 10, 1]
(0.9482446822337793, 0.6916190002486959, 0.9527371047995971, 0.0, 0.9505654179491088, 1.0, 0.9297955681569866, 0.0, 0.9483106444589781, 0.8544771740406047)
[6, 1, 6, 1, 4, 9, 9, 5, 5, 8, 6, 10, 5, 9, 4, 9, 10, 3, 2, 2, 9, 1, 8, 3, 8, 3, 2, 3, 5, 7, 6, 10, 7, 5, 6, 4, 9, 8, 3, 10, 1, 2, 3, 5, 10, 10, 1, 10, 9, 6, 8, 5, 1, 9, 3, 4, 5, 1, 5, 4, 10, 1]
(0.9421611421741534, 0.6916190002486959, 0.943657466676085, 0.0, 0.9548658506013438, 1.0, 0.9489642259664821, 0.0, 0.9502492097206401, 0.8544771740406047)
[6, 1, 6, 1, 4, 9, 9, 9, 5, 8, 6, 10, 5, 8, 4, 9, 10, 10, 6, 2, 9, 1, 10, 4, 8, 5, 9, 3, 9, 7, 6, 10, 7, 5, 6, 4, 9, 8, 3, 10, 1, 2, 3, 5, 10, 9, 1, 5, 9, 6, 8, 3, 5, 3, 2, 4, 5, 5, 2, 4, 10, 1]
(0.9199161228723814, 0.6916190002486959, 0.9508039458654807, 0.18002748511223077, 0.9624343098141237, 1.0, 0.9353633574210098, 0.0, 0.9387247490696599, 0.6836923704482637)
[6, 2, 5, 2, 7, 3, 2, 8, 2, 6, 7, 10, 1, 8, 4, 9, 10, 3, 2, 2, 9, 1, 8, 3, 8, 3, 2, 3, 9, 5, 6, 10, 7, 5, 6, 4, 1, 8, 3, 10, 1, 2, 5, 5, 10, 9, 4, 10, 9, 6, 7, 4, 7, 5, 3, 4, 5, 4, 2, 4, 9, 2]
(0.9519064958207296, 0.6916190002486959, 0.8816155149601408, 0.5040615647712692, 0.9523500640876577, 0.692307692307692, 0.6977084349098004, 0.6977084349098004, 0.0, 0.0)
[6, 1, 6, 4, 4, 9, 9, 5, 5, 8, 7, 10, 1, 5, 4, 9, 10, 10, 7, 2, 9, 1, 10, 9, 8, 4, 9, 3, 9, 7, 6, 10, 7, 5, 6, 4, 9, 8, 3, 10, 1, 2, 3, 5, 10, 9, 1, 10, 9, 6, 7, 5, 7, 8, 3, 4, 5, 1, 5, 4, 10, 1]
(0.951813716161995, 0.6916190002486959, 0.952973700035362, 0.20043066810222707, 0.692307692307692, 0.692307692307692, 0.9544610151089713, 0.18951132300357565, 0.9379720457829523, 0.8544771740406047)
[6, 1, 6, 4, 4, 9, 9, 5, 5, 8, 7, 10, 1, 5, 4, 9, 10, 10, 7, 2, 9, 1, 10, 9, 8, 4, 9, 3, 9, 7, 6, 10, 7, 5, 6, 4, 9, 8, 3, 10, 1, 2, 3, 5, 10, 10, 1, 10, 9, 6, 10, 5, 2, 9, 3, 4, 5, 1, 5, 4, 10, 1]
(0.9492742906324553, 0.6916190002486959, 0.95519210314378, 0.20043066810222707, 0.9573458894155904, 0.692307692307692, 0.9520488415844724, 0.18951132300357565, 0.9064914735965429, 0.8544771740406047)
[6, 1, 6, 1, 4, 9, 9, 5, 5, 8, 6, 10, 5, 9, 4, 9, 10, 10, 8, 2, 9, 1, 10, 4, 8, 6, 1, 3, 9, 7, 6, 10, 7, 5, 6, 4, 9, 8, 3, 10, 1, 2, 3, 5, 10, 9, 1, 10, 9, 6, 7, 1, 5, 3, 1, 4, 5, 5, 2, 4, 10, 1]
(0.9039723667316136, 0.6916190002486959, 0.9417388034053137, 0.0, 0.9642927099950593, 1.0, 0.8464732591994124, 0.6977084349098004, 0.913468640204519, 0.2557339046749324)
[6, 1, 6, 1, 4, 9, 9, 9, 5, 8, 6, 10, 5, 9, 4, 9, 10, 10, 6, 2, 9, 1, 10, 4, 8, 5, 9, 3, 9, 7, 6, 10, 7, 5, 6, 4, 9, 8, 3, 10, 1, 2, 3, 5, 10, 9, 1, 5, 9, 6, 8, 3, 5, 3, 2, 4, 5, 5, 2, 4, 10, 1]
(0.9321681407280259, 0.6916190002486959, 0.9533298210240887, 0.18002748511223077, 0.9655012778006475, 1.0, 0.9330331229604771, 0.0, 0.9435738966800261, 0.8033303496427853)
[6, 1, 6, 1, 4, 9, 9, 9, 5, 8, 6, 10, 5, 9, 4, 9, 10, 10, 6, 2, 9, 1, 10, 4, 8, 5, 9, 3, 9, 7, 6, 10, 7, 5, 6, 4, 9, 8, 3, 10, 1, 2, 3, 5, 10, 9, 1, 5, 9, 6, 8, 3, 5, 3, 2, 4, 5, 5, 2, 4, 10, 1]
(0.9321681407280259, 0.6916190002486959, 0.9533298210240887, 0.18002748511223077, 0.9655012778006475, 1.0, 0.9330331229604771, 0.0, 0.9435738966800261, 0.8033303496427853)
[6, 1, 6, 1, 4, 9, 9, 9, 5, 8, 6, 10, 5, 9, 4, 9, 10, 10, 6, 2, 9, 1, 10, 4, 8, 5, 9, 3, 9, 7, 6, 10, 7, 5, 6, 4, 9, 8, 3, 10, 1, 2, 3, 5, 10, 9, 1, 5, 9, 6, 8, 3, 5, 3, 2, 4, 5, 5, 2, 4, 10, 1]
(0.9321681407280259, 0.6916190002486959, 0.9533298210240887, 0.18002748511223077, 0.9655012778006475, 1.0, 0.9330331229604771, 0.0, 0.9435738966800261, 0.8033303496427853)
[6, 1, 6, 1, 4, 9, 9, 9, 5, 8, 6, 10, 5, 9, 4, 9, 10, 10, 6, 2, 9, 1, 10, 4, 8, 5, 9, 3, 9, 7, 6, 10, 7, 5, 6, 4, 9, 8, 3, 10, 1, 2, 3, 5, 10, 9, 1, 5, 9, 6, 8, 3, 5, 3, 2, 4, 5, 5, 2, 4, 10, 1]
(0.9321681407280259, 0.6916190002486959, 0.9533298210240887, 0.18002748511223077, 0.9655012778006475, 1.0, 0.9330331229604771, 0.0, 0.9435738966800261, 0.8033303496427853)
[6, 1, 6, 3, 3, 9, 2, 8, 5, 6, 7, 10, 1, 5, 4, 9, 10, 3, 2, 2, 9, 1, 8, 3, 8, 3, 2, 3, 5, 7, 6, 10, 7, 5, 6, 4, 9, 8, 3, 8, 1, 2, 3, 5, 10, 10, 1, 10, 9, 6, 8, 5, 1, 9, 3, 4, 5, 1, 5, 4, 10, 1]
(0.6561132135801034, 0.6916190002486959, 0.9452277922071504, 0.20043066810222707, 0.9528233884833739, 0.9572888017632053, 0.9542716362513587, 0.0, 0.942275811638682, 0.8544771740406047)
[6, 1, 6, 3, 3, 10, 2, 8, 5, 6, 7, 10, 1, 5, 4, 9, 10, 3, 2, 2, 9, 1, 8, 3, 8, 3, 2, 3, 5, 7, 6, 10, 7, 5, 6, 4, 9, 8, 3, 10, 1, 2, 3, 5, 10, 10, 1, 10, 9, 6, 7, 5, 2, 9, 3, 4, 5, 1, 5, 4, 10, 1]
(0.6542175018228609, 0.6916190002486959, 0.9469376948662089, 0.20043066810222707, 0.9556070356629773, 1.0, 0.9462231309153126, 0.0, 0.9401744355447579, 0.8544771740406047)
[6, 1, 6, 3, 3, 10, 2, 8, 5, 6, 7, 10, 1, 5, 4, 9, 10, 3, 2, 2, 9, 1, 8, 3, 8, 3, 2, 3, 5, 7, 6, 10, 7, 5, 6, 4, 9, 8, 3, 10, 1, 2, 3, 5, 10, 10, 1, 10, 9, 6, 7, 5, 2, 9, 3, 4, 5, 1, 5, 4, 10, 1]
(0.0, 0.6916190002486959, 0.9469376948662089, 0.20043066810222707, 0.9556070356629773, 1.0, 0.9462231309153126, 0.0, 0.9401744355447579, 0.8544771740406047)
[6, 1, 6, 3, 3, 10, 2, 8, 5, 6, 7, 10, 1, 5, 4, 9, 10, 10, 6, 2, 2, 1, 6, 4, 8, 6, 4, 2, 9, 7, 6, 10, 7, 5, 6, 4, 9, 8, 3, 10, 1, 2, 3, 5, 10, 10, 1, 10, 9, 6, 7, 5, 3, 9, 3, 4, 5, 1, 5, 4, 10, 1]
(0.6916190002486959, 0.6916190002486959, 0.953797698859124, 0.20043066810222707, 0.9520885431207702, 0.952330990042536, 0.9244411705993111, 0.6977084349098004, 0.6752881041727982, 0.2975358587716073)
[6, 1, 6, 1, 4, 9, 9, 5, 5, 8, 6, 10, 5, 9, 4, 9, 10, 10, 8, 2, 9, 4, 10, 4, 8, 3, 2, 3, 5, 7, 6, 10, 7, 5, 6, 4, 9, 8, 3, 10, 1, 2, 3, 5, 10, 9, 1, 10, 9, 6, 7, 3, 5, 3, 3, 4, 5, 5, 2, 4, 10, 1]
(0.8313101683743326, 0.6916190002486959, 0.9523093770258114, 0.20043066810222707, 0.9678753237239998, 1.0, 0.9511560249142333, 0.18951132300357565, 0.9391847326420236, 0.8544771740406047)
[6, 1, 6, 1, 4, 9, 9, 9, 5, 8, 9, 10, 5, 9, 4, 9, 10, 10, 8, 2, 9, 1, 10, 4, 8, 6, 9, 3, 9, 7, 6, 10, 7, 5, 6, 4, 9, 8, 3, 10, 1, 5, 3, 5, 10, 9, 1, 5, 9, 6, 8, 3, 5, 3, 2, 4, 5, 5, 2, 4, 10, 1]
(0.935203401837497, 0.6916190002486959, 0.9357827377505591, 0.20043066810222707, 0.9625677316449567, 1.0, 0.9497648471035048, 0.18951132300357565, 0.8544771740406047, 0.8544771740406047)
[6, 1, 6, 3, 3, 9, 2, 8, 5, 6, 7, 10, 1, 5, 4, 9, 10, 10, 6, 2, 2, 1, 6, 4, 8, 6, 4, 2, 9, 7, 6, 10, 7, 5, 6, 4, 9, 8, 3, 6, 1, 2, 3, 5, 10, 10, 1, 10, 9, 6, 7, 5, 2, 9, 3, 4, 5, 1, 5, 4, 10, 1]
(0.6916190002486959, 0.6916190002486959, 0.952028628531842, 0.20043066810222707, 0.9410234873183061, 0.6923076923076931, 0.9251279502175742, 0.6977084349098004, 0.6597333068959434, 0.6920444824636423)
[6, 1, 6, 3, 3, 9, 2, 8, 5, 6, 7, 10, 1, 5, 4, 9, 10, 10, 6, 2, 2, 1, 6, 4, 8, 6, 4, 2, 9, 7, 6, 10, 7, 5, 6, 4, 9, 8, 3, 6, 1, 2, 3, 5, 10, 10, 1, 10, 9, 6, 7, 5, 2, 9, 3, 4, 5, 1, 5, 4, 10, 1]
(0.6916190002486959, 0.6916190002486959, 0.952028628531842, 0.20043066810222707, 0.9410234873183061, 0.6923076923076931, 0.9251279502175742, 0.6977084349098004, 0.6597333068959434, 0.6920444824636423)
[6, 1, 6, 3, 3, 9, 2, 8, 5, 6, 7, 10, 1, 5, 4, 9, 10, 10, 6, 2, 2, 1, 6, 4, 8, 6, 4, 2, 9, 7, 6, 10, 7, 5, 6, 4, 9, 8, 3, 6, 1, 2, 3, 5, 10, 10, 1, 10, 9, 6, 7, 5, 2, 9, 3, 4, 5, 1, 5, 4, 10, 1]
(0.6916190002486959, 0.6916190002486959, 0.952028628531842, 0.20043066810222707, 0.9410234873183061, 0.6923076923076931, 0.9251279502175742, 0.6977084349098004, 0.6597333068959434, 0.6920444824636423)
[6, 1, 6, 1, 4, 9, 9, 5, 3, 8, 6, 10, 5, 9, 4, 9, 10, 10, 1, 2, 9, 4, 8, 4, 1, 3, 2, 3, 5, 7, 6, 10, 7, 5, 6, 4, 9, 8, 3, 8, 1, 2, 2, 5, 10, 10, 1, 10, 9, 6, 8, 5, 1, 9, 3, 4, 5, 1, 5, 4, 10, 1]
(0.6916190002486959, 0.6916190002486959, 0.9551193046383545, 0.0, 0.9507224858738468, 0.9488840180449174, 0.9312204699031998, 0.6591432519576248, 0.9547751811332986, 0.8544771740406047)
[6, 1, 6, 1, 4, 9, 9, 8, 2, 8, 6, 10, 5, 9, 4, 9, 10, 10, 1, 2, 9, 4, 8, 4, 1, 3, 2, 3, 5, 7, 6, 10, 7, 5, 6, 4, 9, 8, 3, 8, 1, 2, 2, 5, 10, 10, 1, 10, 9, 6, 8, 5, 1, 9, 3, 4, 5, 1, 5, 4, 10, 1]
(0.6610939676873404, 0.6916190002486959, 0.9557136445306227, 0.0, 0.9577851760201141, 0.9519230303354548, 0.6638971743173916, 0.6591432519576248, 0.9533238763920948, 0.8544771740406047)
[6, 8, 6, 5, 9, 9, 1, 3, 8, 6, 7, 10, 1, 5, 4, 9, 9, 7, 2, 5, 3, 6, 2, 3, 3, 3, 8, 3, 9, 6, 6, 10, 7, 5, 6, 4, 3, 8, 6, 10, 1, 2, 5, 6, 10, 9, 3, 10, 10, 6, 6, 5, 7, 8, 3, 4, 5, 4, 2, 4, 10, 1]
(0.6916190002486959, 0.6916190002486959, 0.9328640311025074, 0.20043066810222707, 0.9580077259801314, 1.0, 0.7621468999423123, 0.7453282157890531, 0.9420128538273261, 0.8544771740406047)
