[3, 3, 8, 4, 6, 8, 9, 4, 5, 8, 4, 4, 10, 2, 5, 6, 8, 8, 7, 1, 3, 3, 9, 10, 5, 5, 8, 3, 1, 8, 2, 3, 7, 2, 7, 10, 5, 1, 5, 6, 3, 6, 5, 8, 7, 5, 10, 6, 4, 9, 7, 10, 6, 5, 5, 3, 5, 5, 4, 5, 8, 5]
(0.7205119756981674, 0.0, 0.6664145445451095, 0.0, 0.7415914343669953, 0.0)
[7, 3, 10, 6, 9, 2, 9, 4, 3, 7, 5, 3, 1, 2, 6, 9, 1, 4, 8, 3, 6, 10, 4, 7, 1, 9, 2, 6, 3, 3, 7, 9, 6, 7, 3, 10, 8, 8, 7, 10, 5, 5, 4, 10, 7, 8, 5, 8, 9, 5, 6, 2, 4, 5, 5, 5, 5, 5, 4, 3, 8, 1]
(0.7269540591165371, 0.0, 0.7849462365591391, 0.0, 0.7345451379194803, 0.2975358587716073)
[8, 7, 6, 2, 5, 1, 6, 6, 9, 7, 4, 1, 10, 10, 3, 6, 7, 3, 7, 3, 5, 4, 5, 7, 7, 8, 3, 9, 9, 5, 9, 7, 5, 10, 6, 2, 3, 3, 5, 3, 7, 4, 5, 10, 7, 8, 5, 8, 8, 5, 6, 9, 4, 5, 5, 4, 4, 5, 4, 3, 8, 1]
(0.7757945911958748, 0.2224183322322686, 0.18114143920595532, 0.18114143920595532, 0.7553172634914457, 0.0)
[9, 7, 1, 10, 1, 9, 9, 4, 5, 7, 4, 4, 10, 2, 7, 10, 1, 2, 10, 3, 8, 4, 5, 7, 7, 8, 1, 6, 3, 3, 7, 9, 6, 7, 3, 10, 8, 8, 7, 10, 5, 5, 4, 10, 10, 6, 4, 8, 10, 7, 7, 2, 4, 5, 5, 5, 5, 5, 4, 5, 8, 1]
(0.40390710333589963, 0.40390710333589963, 0.7579184776171984, 0.0, 0.7447905203327482, 0.0)
[7, 6, 8, 6, 5, 1, 6, 10, 9, 7, 4, 4, 10, 2, 7, 4, 10, 7, 7, 5, 3, 4, 5, 7, 7, 8, 3, 9, 9, 5, 9, 7, 5, 10, 6, 2, 3, 3, 5, 3, 7, 4, 5, 10, 7, 8, 5, 8, 8, 5, 6, 9, 4, 5, 5, 5, 4, 5, 4, 3, 8, 1]
(0.7682684758678016, 0.2770551604701718, 0.7681713340803915, 0.1725768321513002, 0.7940801622345975, 0.0)
[7, 5, 6, 2, 5, 1, 6, 6, 9, 7, 4, 1, 10, 2, 7, 4, 10, 2, 9, 3, 6, 1, 7, 7, 7, 8, 3, 5, 9, 5, 2, 7, 7, 2, 7, 3, 7, 1, 5, 4, 3, 6, 5, 10, 10, 8, 10, 6, 7, 9, 7, 7, 3, 8, 5, 5, 5, 5, 5, 6, 8, 1]
(0.702855640836054, 0.6475012199672779, 0.6618292113766023, 0.0, 0.4682210979983185, 0.0)
[7, 3, 10, 6, 9, 2, 9, 4, 3, 7, 5, 3, 1, 2, 6, 10, 1, 4, 8, 3, 6, 4, 5, 7, 2, 9, 2, 6, 3, 3, 7, 9, 6, 7, 3, 10, 8, 8, 7, 10, 5, 5, 4, 10, 7, 8, 5, 8, 9, 5, 6, 2, 4, 5, 5, 5, 5, 5, 4, 3, 8, 1]
(0.7317404361441677, 0.3425668595380203, 0.7849462365591391, 0.0, 0.7482550708576982, 0.3133213431165014)
[7, 3, 10, 6, 9, 2, 9, 4, 3, 7, 10, 3, 1, 2, 6, 2, 1, 4, 8, 3, 6, 10, 4, 1, 6, 9, 2, 6, 3, 3, 6, 9, 6, 7, 3, 10, 8, 8, 7, 10, 5, 5, 4, 10, 7, 8, 5, 8, 9, 5, 6, 9, 4, 5, 5, 5, 5, 5, 4, 3, 8, 1]
(0.7521909540519062, 0.40390710333589963, 0.7849462365591391, 0.0, 0.7248933551832982, 0.3133213431165014)
[7, 3, 10, 6, 9, 2, 9, 4, 5, 7, 4, 4, 6, 2, 6, 10, 6, 4, 8, 3, 6, 10, 4, 1, 6, 9, 2, 6, 3, 3, 7, 9, 6, 7, 3, 10, 8, 8, 7, 10, 5, 5, 4, 9, 7, 8, 5, 8, 9, 5, 6, 5, 4, 5, 5, 5, 5, 5, 4, 3, 8, 1]
(0.7423402329906765, 0.40390710333589963, 0.7849462365591391, 0.0, 0.7311134668067045, 0.3133213431165014)
[7, 3, 10, 6, 9, 2, 9, 4, 3, 7, 10, 3, 1, 2, 6, 2, 1, 4, 8, 3, 6, 10, 4, 1, 6, 9, 2, 6, 3, 3, 6, 9, 6, 7, 3, 10, 8, 8, 7, 10, 5, 5, 4, 10, 7, 8, 5, 8, 9, 5, 6, 9, 4, 5, 5, 5, 5, 5, 4, 3, 8, 1]
(0.40390710333589963, 0.40390710333589963, 0.7849462365591391, 0.0, 0.7248933551832982, 0.3133213431165014)
[7, 7, 6, 2, 5, 1, 6, 6, 9, 7, 4, 4, 10, 2, 7, 8, 10, 6, 7, 5, 3, 4, 5, 7, 7, 8, 3, 9, 9, 5, 9, 7, 5, 10, 6, 2, 3, 3, 5, 3, 7, 4, 5, 10, 7, 8, 5, 8, 8, 5, 6, 9, 4, 5, 5, 5, 4, 5, 4, 3, 8, 1]
(0.7683994757011468, 0.0, 0.7258604591712292, 0.0, 0.7343020612373888, 0.7389910267665922)
[7, 7, 6, 2, 5, 1, 6, 6, 9, 7, 4, 4, 10, 2, 7, 4, 10, 7, 7, 5, 3, 4, 5, 7, 7, 8, 3, 9, 9, 5, 9, 7, 5, 10, 6, 2, 3, 3, 5, 3, 7, 4, 5, 10, 7, 8, 5, 8, 8, 5, 6, 9, 4, 5, 5, 5, 4, 5, 4, 3, 8, 1]
(0.771310831420117, 0.0, 0.7216366449370921, 0.0, 0.7713493308052356, 0.7415576694533169)
[10, 3, 7, 9, 9, 5, 9, 2, 9, 3, 9, 7, 3, 5, 10, 6, 8, 3, 9, 3, 6, 10, 4, 1, 10, 9, 5, 6, 8, 8, 2, 6, 7, 2, 9, 5, 8, 8, 8, 9, 3, 4, 3, 1, 6, 6, 9, 8, 8, 5, 7, 6, 4, 4, 5, 5, 5, 5, 3, 3, 9, 8]
(0.7725407505407864, 0.0, 0.7886930530890754, 0.7849462365591391, 0.7845011563971573, 0.0)
[7, 7, 1, 6, 9, 2, 9, 7, 2, 3, 3, 7, 3, 2, 7, 4, 10, 10, 7, 7, 3, 4, 5, 1, 7, 8, 1, 9, 9, 5, 2, 7, 2, 3, 3, 10, 3, 3, 7, 10, 1, 7, 2, 8, 5, 6, 4, 8, 8, 8, 7, 9, 4, 5, 5, 5, 5, 5, 4, 3, 1, 1]
(0.5295124484226088, 0.0, 0.32108505610376786, 0.0, 0.8095269707962807, 0.8413037594199172)
[9, 3, 8, 4, 6, 8, 9, 4, 5, 7, 4, 4, 1, 2, 6, 10, 6, 4, 8, 3, 6, 10, 4, 1, 6, 9, 7, 6, 6, 3, 7, 9, 6, 7, 3, 4, 9, 3, 10, 9, 3, 10, 5, 1, 7, 7, 9, 8, 8, 5, 6, 9, 4, 5, 5, 5, 5, 5, 4, 3, 8, 1]
(0.7355942687019649, 0.0, 0.7843284731730752, 1.0, 0.7125735944136927, 0.0)
[7, 7, 6, 2, 5, 1, 6, 6, 9, 7, 4, 1, 10, 10, 7, 4, 10, 7, 7, 5, 3, 4, 5, 7, 7, 8, 3, 9, 9, 5, 9, 7, 5, 10, 6, 2, 3, 3, 5, 3, 7, 4, 5, 10, 7, 8, 5, 8, 8, 5, 6, 9, 4, 5, 5, 4, 4, 5, 4, 3, 8, 1]
(0.7784885482862526, 0.0, 0.18114143920595532, 0.18114143920595532, 0.7768689280375775, 0.8413037594199172)
[7, 3, 8, 6, 1, 4, 9, 4, 5, 7, 4, 4, 1, 2, 6, 10, 1, 4, 8, 3, 8, 4, 5, 7, 7, 8, 1, 9, 9, 5, 2, 7, 2, 7, 7, 6, 8, 7, 8, 10, 5, 2, 5, 10, 10, 6, 4, 8, 10, 4, 7, 9, 6, 5, 5, 5, 5, 5, 4, 3, 8, 1]
(0.7273939406499214, 0.0, 0.7395325811579767, 0.7849462365591391, 0.0, 0.2584698472998464)
[7, 3, 10, 6, 9, 2, 9, 4, 3, 7, 5, 3, 1, 2, 6, 10, 1, 4, 8, 3, 6, 4, 5, 7, 7, 6, 6, 5, 9, 5, 2, 7, 7, 7, 7, 10, 8, 8, 7, 10, 5, 5, 4, 10, 7, 8, 5, 8, 9, 5, 6, 9, 4, 5, 5, 5, 5, 5, 4, 3, 8, 1]
(0.49200602002312005, 0.0, 0.7334655134007282, 0.7680536361411155, 0.7398768411949225, 0.3133213431165014)
[7, 10, 1, 6, 4, 2, 9, 4, 5, 7, 4, 4, 10, 2, 7, 7, 1, 2, 9, 8, 8, 4, 5, 7, 7, 8, 1, 6, 9, 5, 2, 7, 8, 7, 7, 6, 9, 7, 8, 10, 5, 3, 7, 3, 4, 6, 4, 8, 5, 2, 7, 9, 5, 10, 5, 5, 5, 5, 4, 5, 8, 1]
(0.7188680252060244, 0.0, 0.765615019388491, 0.7849462365591391, 0.0, 0.2975358587716073)
[7, 3, 10, 6, 9, 2, 9, 4, 3, 7, 5, 3, 1, 2, 6, 9, 1, 4, 8, 2, 6, 10, 4, 2, 1, 9, 2, 6, 3, 3, 4, 9, 5, 7, 3, 10, 8, 8, 7, 10, 5, 5, 4, 10, 7, 8, 5, 8, 9, 7, 6, 9, 4, 5, 5, 5, 5, 5, 4, 3, 8, 1]
(0.746087011881167, 0.0, 0.7849462365591391, 0.7849462365591391, 0.7286376683041402, 0.2975358587716073)
[7, 7, 1, 6, 9, 2, 7, 7, 2, 3, 3, 7, 3, 2, 7, 4, 10, 10, 7, 5, 10, 4, 5, 7, 9, 8, 1, 6, 8, 5, 2, 7, 2, 7, 7, 6, 8, 7, 8, 10, 5, 7, 5, 10, 10, 6, 4, 8, 10, 7, 7, 9, 2, 5, 5, 5, 5, 5, 4, 5, 8, 1]
(0.7422276580706183, 0.0, 0.7849462365591391, 0.7849462365591391, 0.7439709285274093, 0.3133213431165014)
[7, 3, 10, 6, 9, 2, 9, 4, 3, 7, 10, 3, 1, 3, 6, 9, 1, 4, 8, 3, 6, 10, 4, 2, 1, 9, 2, 6, 3, 3, 7, 9, 6, 7, 3, 10, 8, 8, 7, 10, 6, 5, 4, 10, 7, 8, 5, 8, 9, 5, 6, 2, 4, 5, 5, 5, 5, 5, 4, 3, 8, 1]
(0.7564481912180724, 0.0, 0.7849462365591391, 0.7849462365591391, 0.3243844093754906, 0.3133213431165014)
[9, 3, 8, 4, 6, 8, 9, 4, 9, 3, 3, 7, 3, 2, 7, 4, 1, 10, 7, 5, 3, 4, 5, 9, 7, 8, 1, 9, 9, 5, 2, 7, 2, 3, 3, 10, 8, 3, 7, 10, 5, 4, 5, 10, 7, 8, 5, 8, 8, 5, 10, 2, 9, 5, 5, 5, 5, 5, 4, 3, 8, 1]
(0.683252460695799, 0.0, 0.7500713435932937, 0.7849462365591391, 0.7366574099287337, 0.37262993179251275)
[10, 3, 7, 9, 9, 5, 9, 2, 9, 4, 9, 7, 3, 5, 3, 6, 8, 3, 7, 3, 5, 10, 4, 5, 10, 9, 5, 6, 8, 8, 2, 6, 7, 2, 9, 5, 8, 8, 8, 9, 3, 4, 3, 1, 6, 6, 9, 8, 8, 5, 7, 6, 4, 4, 5, 5, 5, 5, 3, 3, 6, 8]
(0.7772584328427845, 0.2064392726074661, 0.6996917454525775, 0.0, 0.7590381355956134, 0.9810621791783634)
[7, 2, 8, 4, 6, 8, 5, 4, 10, 3, 4, 7, 3, 2, 10, 4, 10, 10, 7, 5, 3, 10, 4, 7, 7, 8, 3, 9, 9, 5, 9, 7, 5, 10, 6, 2, 3, 3, 7, 3, 7, 4, 5, 10, 7, 8, 5, 8, 8, 5, 6, 9, 4, 5, 5, 5, 5, 5, 4, 3, 9, 1]
(0.8062146140262418, 0.20245563962411467, 0.7812414569780166, 0.16859122401847582, 0.7932367781177098, 0.8481910753012474)
[7, 6, 8, 6, 5, 1, 6, 10, 9, 7, 4, 4, 10, 2, 7, 4, 10, 7, 7, 5, 3, 4, 5, 7, 7, 8, 3, 9, 9, 5, 9, 7, 5, 10, 6, 2, 3, 3, 5, 3, 7, 4, 5, 10, 7, 8, 5, 8, 8, 5, 6, 9, 4, 5, 5, 5, 4, 5, 4, 3, 8, 1]
(0.7682684758678016, 0.2770551604701718, 0.7681713340803915, 0.1725768321513002, 0.7645402232184945, 0.7793197499588065)
[7, 2, 8, 4, 6, 8, 5, 4, 10, 3, 4, 7, 3, 2, 10, 4, 10, 10, 7, 3, 5, 4, 5, 7, 7, 8, 3, 9, 9, 5, 9, 7, 5, 10, 6, 2, 3, 3, 7, 3, 7, 4, 5, 10, 7, 8, 5, 8, 8, 5, 6, 9, 4, 5, 5, 5, 5, 5, 4, 3, 9, 1]
(0.8087751096114452, 0.2224183322322686, 0.8050578234717184, 0.1725768321513002, 0.7980993768200213, 0.8481910753012474)
[7, 2, 8, 4, 6, 6, 9, 4, 10, 3, 1, 7, 3, 2, 7, 4, 1, 10, 7, 5, 3, 4, 5, 9, 1, 8, 1, 9, 9, 5, 2, 7, 2, 3, 5, 10, 8, 3, 7, 10, 5, 4, 8, 10, 7, 8, 5, 8, 8, 5, 9, 2, 6, 5, 5, 5, 5, 5, 4, 3, 9, 1]
(0.7330952318385188, 0.0, 0.0, 0.7849462365591391, 0.769110013358289, 0.45963404858079027)
[7, 2, 8, 4, 6, 6, 9, 4, 10, 3, 1, 7, 3, 2, 7, 4, 1, 10, 7, 5, 3, 4, 5, 9, 1, 8, 1, 9, 9, 5, 2, 7, 2, 3, 5, 10, 8, 3, 7, 10, 5, 4, 8, 10, 7, 8, 5, 8, 8, 5, 9, 2, 6, 5, 5, 5, 5, 5, 4, 3, 9, 1]
(0.7330952318385188, 0.0, 0.8181333066895542, 0.7849462365591391, 0.0, 0.45963404858079027)
[7, 2, 8, 4, 6, 8, 5, 4, 10, 3, 4, 7, 3, 2, 7, 4, 10, 10, 7, 3, 6, 5, 4, 7, 1, 8, 1, 9, 9, 5, 2, 7, 2, 3, 5, 10, 8, 3, 7, 10, 5, 4, 8, 10, 7, 8, 5, 8, 8, 5, 9, 2, 6, 5, 5, 5, 5, 5, 4, 3, 9, 1]
(0.7409758897498193, 0.0, 0.8137827070429859, 0.7849462365591391, 0.7755601609125673, 0.45963404858079027)
[8, 7, 6, 2, 5, 1, 6, 6, 9, 7, 4, 1, 10, 10, 5, 6, 8, 3, 7, 3, 5, 4, 6, 7, 7, 8, 3, 9, 9, 5, 9, 7, 5, 10, 6, 2, 3, 3, 4, 3, 7, 4, 5, 10, 7, 8, 5, 8, 8, 5, 6, 9, 4, 5, 5, 4, 4, 5, 4, 3, 8, 1]
(0.7762009112164312, 0.2224183322322686, 0.7672434082254704, 0.18114143920595532, 0.7858702084049518, 0.8413037594199172)
[8, 7, 6, 2, 5, 1, 6, 6, 9, 7, 4, 1, 10, 10, 3, 6, 8, 3, 7, 3, 5, 4, 5, 7, 7, 8, 3, 9, 9, 5, 9, 7, 5, 10, 6, 2, 3, 3, 5, 3, 7, 4, 5, 10, 7, 8, 5, 8, 8, 5, 6, 9, 4, 5, 5, 4, 4, 5, 4, 3, 8, 1]
(0.7774074120446974, 0.2224183322322686, 0.18114143920595532, 0.18114143920595532, 0.7736514294519956, 0.8481910753012474)
[8, 7, 6, 4, 5, 1, 6, 6, 9, 7, 4, 1, 10, 10, 3, 6, 8, 3, 7, 3, 5, 4, 6, 7, 7, 8, 3, 9, 9, 5, 9, 7, 5, 10, 6, 2, 3, 3, 5, 3, 7, 4, 5, 10, 7, 8, 5, 8, 8, 5, 6, 9, 4, 5, 5, 4, 4, 5, 4, 3, 8, 1]
(0.7784681232646041, 0.2224183322322686, 0.7832787765189939, 0.18114143920595532, 0.7815819172188574, 0.8481910753012474)
[7, 10, 1, 6, 4, 2, 9, 4, 5, 7, 4, 4, 10, 2, 7, 7, 1, 2, 9, 8, 8, 4, 5, 7, 7, 8, 1, 6, 9, 5, 2, 7, 8, 7, 7, 6, 9, 7, 8, 10, 5, 3, 5, 3, 4, 6, 4, 8, 5, 5, 7, 9, 5, 10, 5, 5, 5, 5, 4, 5, 8, 1]
(0.7283438095822878, 0.0, 0.7469276359304731, 1.0, 0.7484461689367835, 0.2975358587716073)
[7, 5, 6, 2, 5, 1, 6, 6, 9, 7, 4, 1, 10, 2, 7, 4, 10, 7, 7, 5, 3, 4, 5, 7, 7, 8, 3, 9, 9, 5, 9, 7, 5, 8, 6, 2, 3, 3, 5, 3, 7, 4, 5, 10, 7, 8, 5, 8, 8, 5, 6, 9, 4, 5, 5, 5, 4, 5, 4, 3, 8, 1]
(0.7673118757083948, 0.31584916756514525, 0.7514541318640052, 0.1725768321513002, 0.7385867504402935, 0.8481910753012474)
[7, 5, 6, 2, 5, 1, 6, 6, 9, 7, 4, 1, 10, 2, 7, 4, 10, 7, 7, 5, 3, 4, 5, 7, 7, 8, 3, 9, 9, 5, 9, 7, 5, 8, 6, 2, 3, 3, 5, 3, 7, 4, 5, 10, 7, 8, 5, 8, 8, 5, 6, 9, 4, 5, 5, 5, 4, 5, 4, 3, 8, 1]
(0.7673118757083948, 0.31584916756514525, 0.7514541318640052, 0.1725768321513002, 0.7385867504402935, 0.8481910753012474)
[7, 6, 8, 6, 5, 1, 6, 10, 9, 7, 4, 4, 10, 2, 7, 4, 10, 7, 7, 5, 3, 4, 5, 7, 7, 8, 3, 9, 9, 5, 9, 8, 5, 10, 6, 4, 3, 3, 5, 3, 7, 4, 5, 10, 7, 8, 5, 8, 8, 5, 6, 9, 4, 5, 5, 5, 4, 5, 4, 3, 8, 1]
(0.7561705099418695, 0.31584916756514525, 0.7638996774330671, 0.1725768321513002, 0.7952510790899329, 0.8481910753012474)
[7, 7, 6, 6, 9, 1, 6, 6, 9, 7, 4, 1, 10, 2, 7, 4, 10, 7, 7, 5, 3, 4, 5, 7, 7, 8, 3, 9, 9, 5, 9, 7, 5, 8, 6, 2, 3, 3, 5, 3, 7, 4, 5, 10, 7, 8, 5, 8, 8, 5, 6, 9, 4, 5, 5, 5, 4, 5, 4, 3, 8, 1]
(0.7667281450703676, 0.31584916756514525, 0.7710327012464341, 0.1725768321513002, 0.7939028052613071, 0.8481910753012474)
[7, 7, 6, 2, 5, 1, 6, 6, 9, 7, 4, 1, 10, 10, 7, 4, 10, 7, 7, 5, 3, 4, 5, 7, 7, 8, 3, 9, 9, 5, 9, 7, 5, 8, 6, 2, 3, 3, 5, 3, 7, 4, 5, 10, 7, 8, 5, 8, 8, 5, 6, 9, 4, 5, 5, 5, 4, 5, 4, 3, 8, 1]
(0.7650094801559979, 0.31584916756514525, 0.7319632692262474, 0.1725768321513002, 0.7340811444446386, 0.8481910753012474)
[7, 5, 8, 4, 6, 3, 9, 7, 2, 3, 3, 6, 7, 2, 6, 2, 6, 4, 9, 3, 6, 7, 4, 1, 2, 8, 1, 9, 9, 10, 2, 7, 2, 3, 4, 10, 3, 3, 10, 9, 3, 8, 1, 1, 10, 8, 7, 6, 8, 6, 7, 9, 10, 8, 6, 1, 5, 4, 3, 3, 8, 1]
(0.7895163374021581, 0.669406772116212, 0.7253660244867145, 0.0, 0.7631108535453615, 0.7416705388875637)
[7, 7, 1, 6, 9, 8, 4, 6, 7, 4, 4, 4, 10, 2, 7, 4, 10, 7, 7, 5, 1, 4, 5, 10, 5, 8, 1, 9, 9, 5, 2, 7, 7, 2, 1, 10, 7, 7, 8, 10, 5, 3, 5, 10, 7, 6, 2, 8, 7, 8, 7, 2, 4, 5, 5, 5, 5, 5, 4, 5, 8, 1]
(0.7359812358394213, 0.3425668595380203, 0.7436538597568815, 0.7640683425590339, 0.3133213431165014, 0.3133213431165014)
[7, 3, 10, 6, 9, 2, 9, 4, 3, 7, 10, 3, 1, 2, 6, 9, 1, 4, 8, 3, 6, 10, 4, 2, 1, 9, 2, 6, 3, 3, 7, 9, 6, 7, 3, 10, 8, 8, 7, 10, 5, 5, 4, 10, 7, 8, 5, 8, 9, 5, 6, 2, 4, 5, 5, 5, 5, 5, 4, 3, 8, 1]
(0.40390710333589963, 0.40390710333589963, 0.7829055706039009, 0.7849462365591391, 0.732500280253584, 0.23766635679130094)
[7, 9, 5, 6, 3, 2, 6, 7, 2, 3, 6, 6, 6, 2, 5, 9, 6, 7, 9, 3, 6, 10, 4, 1, 8, 9, 2, 10, 8, 3, 7, 8, 6, 7, 1, 1, 9, 10, 7, 9, 3, 8, 1, 1, 4, 7, 7, 8, 8, 9, 6, 9, 10, 1, 6, 2, 5, 4, 3, 3, 6, 1]
(0.8030783085152441, 0.669406772116212, 0.5863610265776483, 0.7849462365591391, 0.0, 0.0)
[7, 7, 1, 6, 9, 2, 9, 7, 2, 3, 3, 7, 3, 2, 7, 4, 10, 10, 9, 3, 6, 10, 5, 1, 7, 8, 1, 9, 9, 5, 2, 7, 2, 3, 3, 10, 3, 3, 7, 10, 1, 7, 2, 8, 5, 6, 4, 8, 8, 8, 7, 9, 4, 5, 5, 5, 5, 5, 4, 3, 1, 1]
(0.6330567484721492, 0.6180458394810515, 0.5701318820938431, 0.0, 0.764670018665486, 0.8413037594199172)
[7, 3, 10, 6, 9, 2, 9, 4, 3, 7, 10, 3, 1, 3, 6, 9, 1, 4, 8, 3, 6, 10, 4, 2, 1, 9, 2, 6, 3, 3, 4, 9, 6, 7, 3, 10, 8, 8, 7, 10, 5, 5, 4, 10, 7, 8, 5, 8, 9, 4, 6, 2, 4, 5, 5, 5, 5, 5, 4, 3, 8, 1]
(0.7463467864319625, 0.40390710333589963, 0.7849462365591391, 0.7528955588117184, 0.7276054030284235, 0.3133213431165014)
[9, 5, 4, 6, 1, 2, 1, 7, 2, 3, 6, 6, 7, 2, 9, 6, 4, 4, 7, 3, 6, 10, 4, 1, 5, 9, 2, 10, 8, 3, 7, 8, 6, 7, 1, 1, 9, 10, 7, 9, 3, 8, 1, 1, 4, 7, 9, 8, 8, 9, 6, 9, 10, 1, 6, 2, 5, 4, 3, 3, 1, 1]
(0.7709817582741314, 0.6475012199672779, 0.654661170579488, 0.0, 0.6665660744532887, 0.8278593156426567)
[7, 7, 1, 6, 9, 2, 7, 7, 2, 3, 3, 7, 3, 2, 7, 4, 10, 10, 7, 5, 3, 4, 5, 7, 9, 8, 3, 6, 9, 5, 2, 7, 2, 7, 7, 10, 7, 7, 8, 10, 1, 7, 3, 3, 5, 6, 10, 8, 8, 8, 7, 9, 4, 5, 5, 5, 5, 5, 4, 3, 8, 1]
(0.7351981354877298, 0.40390710333589963, 0.0, 0.7628307966515363, 0.7489746095612588, 0.3133213431165014)
[7, 9, 3, 6, 5, 2, 6, 7, 2, 3, 3, 6, 10, 2, 7, 4, 10, 8, 7, 5, 3, 4, 10, 7, 5, 8, 5, 9, 8, 8, 2, 7, 7, 2, 3, 10, 8, 8, 8, 10, 1, 4, 2, 3, 5, 6, 4, 8, 8, 5, 7, 9, 4, 5, 5, 5, 5, 5, 4, 3, 6, 1]
(0.6475012199672779, 0.42865668702870685, 0.7795763617381388, 0.7849462365591391, 0.7549321765080037, 0.2702998347727783)
[7, 3, 8, 6, 1, 4, 9, 4, 5, 7, 4, 4, 6, 2, 6, 10, 6, 4, 8, 3, 6, 10, 4, 1, 6, 9, 2, 6, 3, 3, 7, 9, 6, 7, 3, 10, 8, 8, 7, 10, 5, 5, 4, 10, 7, 8, 5, 8, 9, 5, 6, 5, 4, 5, 5, 5, 5, 5, 4, 3, 8, 1]
(0.40390710333589963, 0.40390710333589963, 0.7849462365591391, 0.7849462365591391, 0.7406491683795994, 0.2975358587716073)
[7, 7, 1, 6, 1, 2, 9, 4, 5, 7, 4, 4, 1, 2, 6, 10, 6, 4, 8, 3, 6, 6, 4, 7, 9, 4, 1, 2, 9, 5, 2, 7, 2, 7, 4, 10, 8, 9, 7, 10, 5, 3, 5, 10, 10, 6, 4, 8, 10, 4, 7, 9, 2, 5, 5, 5, 5, 5, 4, 5, 8, 1]
(0.739634956605727, 0.40390710333589963, 0.7577114121988358, 0.7849462365591391, 0.7371215390041417, 0.2975358587716073)
[7, 3, 8, 6, 1, 4, 9, 4, 5, 7, 4, 4, 6, 2, 6, 10, 6, 4, 8, 3, 6, 10, 4, 1, 6, 9, 2, 6, 3, 3, 7, 9, 6, 7, 3, 10, 8, 8, 7, 10, 5, 5, 4, 10, 7, 8, 5, 8, 9, 5, 6, 5, 4, 5, 5, 5, 5, 5, 4, 3, 8, 1]
(0.40390710333589963, 0.40390710333589963, 0.7849462365591391, 0.7849462365591391, 0.7406491683795994, 0.2975358587716073)
[7, 9, 5, 6, 3, 2, 6, 7, 2, 3, 6, 6, 6, 2, 9, 9, 6, 7, 9, 3, 6, 10, 4, 1, 8, 9, 2, 10, 8, 3, 7, 8, 6, 7, 1, 1, 9, 10, 7, 9, 3, 4, 3, 1, 6, 6, 9, 8, 8, 5, 6, 9, 10, 1, 6, 2, 5, 4, 3, 3, 6, 1]
(0.800534066744142, 0.669406772116212, 0.5461390605196328, 0.0, 0.7498444562777815, 0.8278593156426567)
[7, 3, 1, 6, 1, 1, 9, 4, 5, 7, 4, 4, 10, 2, 7, 10, 1, 3, 9, 3, 8, 4, 5, 7, 7, 8, 1, 9, 9, 5, 2, 7, 2, 7, 7, 4, 8, 7, 8, 10, 5, 7, 4, 10, 7, 8, 5, 8, 10, 4, 7, 9, 4, 5, 5, 5, 5, 5, 4, 5, 8, 1]
(0.7219978982582638, 0.3425668595380203, 0.732118606381113, 0.7849462365591391, 0.7441342646256034, 0.37262993179251275)
[9, 3, 8, 4, 1, 2, 9, 4, 5, 7, 4, 4, 5, 2, 9, 10, 1, 9, 9, 3, 6, 6, 4, 7, 9, 8, 1, 6, 8, 4, 2, 7, 2, 3, 3, 10, 2, 8, 7, 10, 5, 4, 5, 10, 7, 8, 5, 8, 8, 5, 6, 9, 4, 5, 5, 5, 5, 5, 4, 3, 8, 1]
(0.6980961555615021, 0.40390710333589963, 0.7507250053808037, 0.7849462365591391, 0.32988392133265915, 0.3133213431165014)
[9, 3, 8, 4, 1, 2, 9, 4, 5, 7, 4, 4, 5, 2, 9, 10, 1, 9, 9, 3, 6, 5, 4, 7, 9, 8, 1, 6, 8, 4, 2, 7, 2, 3, 3, 10, 2, 8, 7, 10, 5, 4, 5, 10, 7, 8, 5, 8, 8, 5, 6, 9, 4, 5, 5, 5, 5, 5, 4, 3, 8, 1]
(0.7014535585418297, 0.40390710333589963, 0.7411639550700729, 0.7849462365591391, 0.32988392133265915, 0.3133213431165014)
[7, 3, 10, 6, 9, 2, 9, 4, 3, 7, 5, 3, 1, 2, 6, 9, 1, 4, 8, 2, 6, 10, 4, 2, 4, 9, 2, 6, 6, 3, 4, 9, 5, 7, 3, 10, 8, 8, 7, 10, 5, 5, 4, 10, 7, 8, 5, 8, 9, 7, 6, 9, 4, 5, 5, 5, 5, 5, 4, 3, 8, 1]
(0.40390710333589963, 0.40390710333589963, 0.7849462365591391, 0.7849462365591391, 0.7416570650413579, 0.3133213431165014)
[7, 9, 1, 6, 1, 2, 9, 4, 5, 7, 4, 4, 10, 2, 7, 10, 1, 2, 9, 3, 8, 4, 5, 7, 7, 8, 1, 9, 9, 5, 2, 7, 2, 7, 7, 6, 8, 7, 3, 10, 5, 2, 5, 10, 10, 6, 4, 8, 10, 4, 7, 9, 4, 5, 5, 5, 5, 5, 4, 5, 8, 1]
(0.6686322538182099, 0.40390710333589963, 0.7150757243856737, 0.6460176991150443, 0.0, 0.45963404858079027)
[7, 7, 1, 6, 1, 2, 9, 4, 5, 7, 4, 4, 5, 2, 9, 10, 1, 9, 9, 3, 6, 7, 5, 7, 7, 8, 1, 4, 9, 10, 2, 7, 2, 7, 7, 6, 4, 7, 8, 10, 5, 3, 5, 10, 10, 6, 4, 8, 10, 4, 7, 9, 4, 5, 5, 5, 5, 5, 4, 5, 8, 1]
(0.7166644575074266, 0.40390710333589963, 0.740782793425018, 0.7849462365591391, 0.7388274839147871, 0.3308756380016472)
[7, 3, 10, 6, 9, 2, 9, 4, 3, 7, 5, 3, 1, 2, 6, 9, 1, 4, 8, 3, 6, 10, 4, 2, 1, 9, 2, 6, 3, 3, 4, 9, 6, 7, 3, 10, 8, 8, 7, 10, 5, 5, 4, 10, 7, 8, 5, 8, 9, 5, 6, 9, 4, 5, 5, 5, 5, 5, 4, 3, 8, 1]
(0.7257523668929883, 0.40390710333589963, 0.7755154466256439, 0.7849462365591391, 0.0, 0.3308756380016472)
[7, 4, 1, 6, 1, 2, 9, 4, 5, 7, 4, 4, 10, 2, 7, 10, 1, 2, 9, 3, 8, 4, 5, 7, 7, 8, 1, 9, 9, 5, 2, 7, 2, 7, 7, 6, 8, 7, 8, 10, 5, 2, 5, 10, 10, 6, 4, 8, 10, 4, 7, 9, 4, 5, 5, 5, 5, 5, 4, 5, 8, 1]
(0.7267025502398559, 0.40390710333589963, 0.7603823000565113, 0.7849462365591391, 0.3252792941406388, 0.3308756380016472)
[1, 9, 5, 6, 3, 2, 6, 7, 2, 3, 3, 6, 10, 2, 1, 6, 4, 4, 7, 3, 6, 10, 4, 1, 8, 9, 2, 10, 8, 3, 7, 7, 2, 3, 3, 10, 5, 1, 7, 9, 3, 8, 8, 1, 3, 7, 9, 8, 6, 8, 6, 9, 10, 9, 6, 1, 5, 4, 3, 3, 8, 1]
(0.7800889758393104, 0.7946285990998082, 0.7162283068522758, 0.7392318604513946, 0.0, 0.0)
[7, 7, 1, 10, 1, 9, 9, 4, 5, 7, 4, 4, 10, 2, 7, 10, 1, 2, 10, 3, 8, 4, 5, 7, 7, 8, 1, 9, 6, 5, 2, 7, 2, 7, 7, 6, 8, 7, 8, 10, 5, 7, 5, 10, 10, 6, 4, 8, 10, 7, 7, 2, 4, 5, 5, 5, 5, 5, 4, 5, 8, 1]
(0.7183039719238826, 0.40390710333589963, 0.7157323660328933, 0.7246256703510826, 0.3977250533716755, 0.426444359398355)
[7, 4, 1, 6, 1, 3, 9, 4, 5, 7, 4, 4, 10, 2, 7, 10, 1, 3, 9, 3, 8, 4, 5, 5, 7, 8, 1, 5, 9, 5, 2, 7, 2, 7, 1, 6, 8, 7, 3, 10, 5, 2, 5, 10, 10, 6, 4, 8, 10, 4, 7, 9, 4, 5, 5, 5, 5, 5, 4, 5, 8, 1]
(0.7229317734017917, 0.49200602002312005, 0.0, 0.7537004316225591, 0.34318069908768123, 0.3133213431165014)
[7, 4, 3, 6, 1, 2, 9, 4, 5, 7, 4, 4, 10, 2, 7, 10, 1, 3, 9, 3, 8, 4, 5, 7, 7, 8, 1, 9, 9, 5, 2, 7, 2, 7, 7, 6, 8, 7, 3, 10, 5, 2, 5, 10, 10, 6, 4, 8, 10, 4, 7, 9, 4, 7, 5, 5, 5, 5, 4, 5, 8, 1]
(0.7043131062760901, 0.40390710333589963, 0.734783534519369, 0.7447095567360464, 0.7042295886203599, 0.426444359398355)
[7, 9, 1, 6, 1, 2, 9, 4, 5, 7, 4, 4, 10, 2, 7, 10, 1, 2, 9, 3, 8, 4, 5, 7, 7, 8, 1, 9, 9, 5, 2, 7, 2, 7, 7, 4, 8, 7, 8, 10, 5, 5, 4, 10, 7, 8, 5, 8, 10, 4, 7, 9, 4, 5, 5, 5, 5, 5, 4, 5, 8, 1]
(0.7405894400551861, 0.40390710333589963, 0.7674637770280183, 0.7773287871852456, 0.37262993179251275, 0.3977250533716755)
[7, 3, 8, 6, 1, 4, 9, 4, 5, 7, 4, 4, 6, 2, 6, 10, 6, 4, 8, 3, 6, 10, 4, 1, 6, 9, 2, 6, 3, 3, 7, 9, 6, 7, 3, 10, 8, 8, 7, 10, 5, 5, 4, 10, 7, 8, 5, 8, 9, 5, 6, 2, 4, 5, 5, 5, 5, 5, 4, 3, 8, 1]
(0.7560626974329294, 0.49200602002312005, 0.7849462365591391, 0.7849462365591391, 0.23766635679130094, 0.3133213431165014)
[7, 3, 8, 6, 9, 2, 9, 4, 3, 7, 5, 3, 1, 2, 6, 10, 1, 4, 8, 3, 6, 4, 5, 7, 7, 6, 6, 5, 9, 5, 2, 7, 7, 7, 7, 10, 7, 7, 6, 4, 5, 2, 5, 10, 7, 6, 4, 6, 6, 7, 6, 7, 4, 5, 5, 3, 5, 5, 4, 3, 6, 1]
(0.7508400281891171, 0.49200602002312005, 0.76202362980693, 0.7849462365591391, 0.7421073021367137, 0.3133213431165014)
[7, 3, 10, 6, 9, 2, 9, 4, 3, 7, 10, 3, 1, 2, 6, 2, 1, 4, 8, 3, 6, 10, 4, 1, 6, 9, 2, 6, 3, 3, 6, 9, 6, 7, 3, 10, 8, 8, 7, 10, 5, 5, 4, 10, 7, 8, 5, 8, 9, 5, 6, 2, 4, 5, 5, 5, 5, 5, 4, 3, 8, 1]
(0.7519564321264567, 0.49200602002312005, 0.0, 0.7849462365591391, 0.7439020643010681, 0.3133213431165014)
[10, 2, 1, 6, 9, 2, 9, 4, 9, 4, 4, 1, 10, 5, 7, 4, 10, 4, 9, 3, 6, 1, 7, 7, 7, 8, 1, 5, 9, 5, 2, 7, 7, 2, 7, 3, 7, 1, 5, 6, 3, 6, 5, 10, 10, 8, 10, 6, 7, 9, 7, 7, 3, 4, 5, 5, 5, 5, 5, 5, 2, 10]
(0.8285204289480985, 0.2974013474494705, 0.8298050923272909, 1.0, 0.8280714409425796, 0.2975358587716073)
[10, 2, 1, 6, 9, 2, 9, 4, 5, 7, 4, 1, 1, 2, 6, 10, 8, 4, 9, 3, 6, 4, 7, 7, 7, 8, 1, 5, 9, 5, 2, 7, 7, 2, 7, 3, 7, 1, 5, 6, 3, 6, 5, 10, 10, 8, 10, 6, 7, 9, 6, 7, 3, 4, 5, 5, 5, 5, 5, 5, 2, 10]
(0.806251709349447, 0.2974013474494705, 0.8321261381730379, 1.0, 0.8275129674002469, 0.2975358587716073)
[7, 7, 1, 3, 9, 5, 9, 2, 5, 3, 9, 7, 3, 5, 1, 6, 10, 10, 7, 7, 3, 4, 5, 1, 7, 8, 2, 10, 9, 5, 2, 7, 2, 3, 3, 10, 3, 3, 7, 10, 1, 7, 2, 8, 5, 6, 4, 8, 8, 5, 7, 6, 4, 4, 5, 5, 5, 4, 4, 3, 8, 1]
(0.45733054559677866, 0.598318205960092, 0.6957844456657717, 1.0, 0.27666484136134567, 0.0)
[7, 2, 8, 4, 6, 8, 5, 4, 10, 3, 1, 7, 3, 2, 7, 4, 1, 10, 7, 5, 3, 4, 5, 9, 7, 1, 3, 9, 9, 5, 2, 7, 2, 3, 5, 10, 8, 3, 7, 10, 5, 4, 8, 10, 7, 8, 5, 8, 8, 5, 9, 2, 6, 5, 5, 5, 5, 5, 4, 3, 9, 1]
(0.7865233538672262, 0.0, 0.8024201625958022, 0.7849462365591391, 0.8078988751396471, 0.8225055074319182)
[7, 4, 3, 6, 1, 2, 9, 4, 5, 7, 4, 4, 10, 2, 7, 10, 1, 3, 9, 3, 8, 4, 5, 7, 7, 8, 1, 9, 9, 5, 2, 7, 2, 7, 7, 6, 8, 7, 3, 10, 5, 2, 5, 10, 10, 6, 4, 8, 10, 4, 7, 9, 4, 5, 5, 5, 5, 5, 4, 5, 8, 1]
(0.6922684533521489, 0.3425668595380203, 0.7277397507801598, 0.7849462365591391, 0.7099899968132328, 0.4984259876610937)
[9, 2, 4, 6, 1, 2, 1, 7, 5, 3, 3, 6, 7, 2, 6, 10, 6, 4, 9, 3, 6, 10, 4, 1, 2, 8, 2, 10, 8, 3, 7, 8, 6, 7, 1, 4, 9, 10, 7, 9, 3, 8, 1, 1, 4, 7, 9, 8, 8, 9, 6, 9, 10, 8, 6, 2, 5, 4, 3, 3, 1, 1]
(0.7737391000613505, 0.9518926446385618, 0.5766533924266666, 0.0, 0.718194485269481, 0.7363991171739581)
[7, 3, 8, 4, 6, 2, 9, 7, 2, 3, 3, 6, 7, 2, 6, 10, 6, 4, 9, 3, 6, 10, 4, 1, 2, 8, 1, 9, 9, 10, 2, 7, 2, 3, 4, 10, 3, 3, 10, 9, 6, 8, 1, 1, 10, 8, 7, 6, 8, 6, 7, 9, 10, 8, 6, 1, 5, 4, 3, 3, 8, 1]
(0.7816649889573387, 0.9518926446385618, 0.6948432521894516, 0.0, 0.7358985317870914, 0.7416705388875637)
[7, 9, 3, 6, 5, 2, 6, 7, 2, 3, 3, 6, 10, 2, 7, 4, 10, 8, 7, 5, 3, 4, 10, 7, 5, 8, 4, 9, 8, 8, 2, 7, 7, 2, 3, 10, 8, 10, 7, 9, 1, 4, 2, 3, 5, 6, 4, 8, 8, 5, 7, 9, 4, 5, 5, 5, 5, 5, 4, 3, 6, 1]
(0.5076794797554603, 0.6475012199672779, 0.7849462365591391, 0.7849462365591391, 0.7482256403192822, 0.2832646639838456)
[7, 3, 8, 4, 5, 2, 9, 4, 5, 7, 4, 4, 10, 2, 7, 3, 5, 2, 9, 3, 8, 4, 5, 7, 7, 8, 1, 9, 9, 5, 2, 8, 2, 3, 3, 10, 8, 3, 10, 10, 5, 4, 5, 10, 7, 8, 5, 8, 8, 5, 10, 2, 9, 5, 5, 5, 5, 5, 4, 3, 8, 1]
(0.3206080505624432, 0.2974013474494705, 0.7802037002518711, 0.7559679845347944, 0.7353788515552825, 0.7260779227165973)
[7, 6, 8, 4, 5, 2, 9, 4, 5, 7, 4, 4, 10, 2, 7, 3, 5, 2, 8, 3, 8, 4, 5, 7, 7, 8, 1, 9, 9, 5, 2, 8, 2, 3, 3, 10, 8, 3, 10, 10, 5, 4, 5, 10, 7, 8, 5, 8, 8, 5, 10, 2, 9, 5, 5, 5, 5, 5, 4, 3, 8, 1]
(0.3237742433324474, 0.2974013474494705, 0.7633661547675669, 0.7849462365591391, 0.3210167409852165, 0.7260779227165973)
[7, 9, 5, 6, 3, 2, 6, 7, 2, 3, 6, 6, 10, 2, 9, 6, 4, 4, 7, 3, 6, 10, 4, 1, 8, 9, 2, 10, 8, 3, 7, 8, 6, 7, 1, 1, 9, 10, 7, 9, 3, 8, 1, 1, 4, 7, 9, 8, 8, 9, 6, 9, 10, 1, 6, 2, 5, 4, 3, 3, 1, 1]
(0.7622303640469844, 0.669406772116212, 0.5488721804511288, 0.6460176991150443, 0.4829697633162124, 0.5392555909231279)
[7, 9, 5, 6, 4, 8, 9, 4, 5, 7, 3, 6, 10, 2, 6, 10, 6, 7, 7, 5, 1, 4, 5, 10, 5, 8, 1, 9, 6, 3, 7, 9, 10, 7, 1, 1, 9, 3, 10, 9, 3, 10, 3, 1, 7, 7, 9, 8, 8, 8, 6, 9, 10, 8, 6, 1, 5, 4, 4, 4, 6, 1]
(0.7036215221509284, 0.6475012199672779, 0.6729520497843573, 0.7849462365591391, 0.4762731978669745, 0.45389314610510967)
[9, 7, 6, 6, 7, 4, 1, 7, 2, 3, 10, 6, 10, 2, 9, 10, 1, 4, 8, 3, 5, 10, 4, 1, 8, 9, 2, 10, 3, 3, 7, 8, 6, 7, 1, 1, 3, 1, 10, 9, 6, 8, 3, 1, 4, 7, 9, 8, 8, 8, 9, 9, 10, 8, 6, 2, 5, 4, 3, 3, 1, 1]
(0.6475012199672779, 0.6475012199672779, 0.5571625059470505, 0.5881265470758046, 0.6829044120386191, 0.7363991171739581)
[7, 9, 5, 6, 3, 2, 6, 7, 2, 3, 6, 6, 10, 2, 9, 6, 4, 7, 9, 3, 6, 10, 4, 1, 8, 9, 2, 10, 8, 3, 7, 8, 6, 7, 1, 1, 9, 10, 7, 9, 3, 8, 1, 1, 4, 7, 9, 8, 8, 9, 6, 9, 10, 1, 6, 2, 5, 4, 3, 3, 1, 1]
(0.7558927493169838, 0.669406772116212, 0.3725689461454768, 0.5097112247720342, 0.725510603375727, 0.8413037594199172)
[9, 2, 6, 6, 1, 2, 1, 7, 2, 3, 3, 6, 10, 2, 5, 8, 6, 4, 4, 3, 6, 10, 4, 1, 8, 9, 2, 10, 8, 3, 7, 8, 6, 7, 1, 1, 9, 10, 7, 9, 3, 8, 1, 1, 4, 7, 9, 8, 8, 9, 6, 9, 10, 8, 6, 2, 5, 4, 3, 3, 1, 1]
(0.6537925148382742, 0.7458346934989032, 0.5614360680803618, 0.5488721804511288, 0.5223515162244408, 0.8413037594199172)
[9, 2, 6, 6, 1, 2, 1, 7, 2, 3, 3, 6, 10, 2, 6, 8, 6, 4, 9, 3, 6, 10, 4, 1, 8, 9, 2, 10, 8, 3, 7, 8, 6, 7, 1, 1, 9, 10, 7, 9, 3, 8, 1, 1, 4, 7, 9, 8, 8, 9, 6, 9, 10, 8, 6, 2, 5, 4, 3, 3, 1, 1]
(0.6944605560973238, 0.669406772116212, 0.6064230753108827, 0.6361741902306636, 0.6665233248844694, 0.8413037594199172)
[9, 2, 6, 6, 1, 2, 1, 7, 2, 3, 3, 6, 10, 2, 6, 2, 6, 4, 4, 3, 6, 10, 4, 1, 8, 9, 2, 10, 8, 3, 7, 8, 6, 7, 1, 1, 9, 10, 7, 9, 3, 8, 1, 1, 4, 7, 9, 8, 8, 9, 6, 9, 10, 8, 6, 2, 5, 4, 3, 3, 1, 1]
(0.7460835320874987, 0.7594807213172252, 0.5856010256335111, 0.5488721804511288, 0.382884863577785, 0.8413037594199172)
[7, 9, 5, 6, 3, 2, 6, 7, 2, 3, 6, 6, 10, 2, 9, 6, 6, 4, 9, 3, 6, 10, 4, 1, 8, 9, 2, 10, 8, 3, 7, 8, 6, 7, 1, 1, 9, 10, 7, 9, 3, 8, 1, 1, 4, 7, 9, 8, 8, 5, 6, 9, 10, 1, 6, 2, 5, 4, 3, 3, 1, 1]
(0.764205614663654, 0.7663126444443996, 0.5543473998084633, 0.5488721804511288, 0.6178079294040759, 0.8413037594199172)
[7, 9, 5, 6, 3, 2, 6, 7, 2, 3, 6, 6, 10, 2, 9, 6, 4, 4, 7, 3, 6, 10, 4, 1, 8, 9, 2, 10, 8, 3, 7, 8, 6, 7, 1, 1, 9, 10, 7, 9, 3, 8, 1, 1, 4, 7, 9, 8, 8, 9, 6, 9, 10, 1, 6, 2, 5, 4, 3, 3, 1, 1]
(0.7622303640469844, 0.669406772116212, 0.5488721804511288, 0.6460176991150443, 0.4829697633162124, 0.8413037594199172)
[7, 3, 8, 4, 1, 2, 6, 7, 2, 3, 6, 6, 7, 2, 9, 6, 4, 4, 7, 3, 6, 10, 4, 1, 8, 9, 2, 10, 8, 3, 7, 8, 6, 7, 1, 1, 9, 10, 10, 9, 3, 8, 1, 1, 4, 7, 9, 8, 8, 9, 6, 9, 10, 7, 6, 2, 5, 4, 3, 3, 8, 1]
(0.7481481825932798, 0.774729374237352, 0.45973381865769647, 0.55500125084072, 0.7272138683125315, 0.8278593156426567)
[7, 9, 5, 6, 3, 2, 6, 7, 2, 3, 6, 6, 10, 2, 5, 9, 6, 4, 9, 3, 6, 10, 4, 1, 8, 9, 2, 10, 8, 3, 7, 8, 6, 7, 1, 1, 9, 10, 7, 9, 3, 8, 1, 1, 4, 7, 9, 8, 8, 9, 6, 9, 10, 1, 6, 2, 5, 4, 3, 3, 1, 1]
(0.7492374578490791, 0.669406772116212, 0.6542744932696174, 0.6744049662724084, 0.6118828011676621, 0.8413037594199172)
[7, 9, 5, 6, 3, 2, 6, 7, 2, 3, 6, 6, 10, 2, 5, 9, 6, 4, 9, 3, 6, 10, 4, 1, 8, 9, 2, 10, 8, 3, 7, 8, 6, 7, 1, 1, 9, 10, 7, 9, 3, 8, 1, 1, 5, 7, 9, 8, 8, 9, 6, 9, 10, 1, 6, 2, 5, 4, 3, 3, 1, 1]
(0.7529590209945974, 0.669406772116212, 0.6611892228946044, 0.6888822948560066, 0.5934012534096803, 0.8413037594199172)
[7, 9, 5, 6, 6, 8, 9, 4, 5, 3, 3, 6, 10, 2, 6, 10, 6, 7, 8, 3, 6, 10, 2, 1, 6, 9, 7, 2, 6, 3, 7, 9, 6, 7, 1, 1, 9, 3, 10, 9, 3, 10, 3, 1, 7, 7, 9, 8, 8, 8, 6, 9, 10, 8, 6, 1, 5, 4, 4, 4, 6, 1]
(0.5246864443644855, 0.6475012199672779, 0.0, 0.7849462365591391, 0.6941846763715093, 0.8413037594199172)
[7, 9, 5, 6, 3, 2, 6, 7, 2, 3, 6, 6, 7, 2, 9, 6, 4, 4, 7, 3, 6, 10, 4, 1, 8, 9, 2, 10, 8, 3, 7, 8, 6, 7, 1, 1, 9, 10, 10, 9, 3, 8, 1, 1, 4, 7, 9, 8, 8, 9, 6, 9, 10, 7, 6, 2, 5, 4, 3, 3, 7, 1]
(0.7973125675693086, 0.9518926446385618, 0.6156390862539372, 0.6460176991150443, 0.54283126611262, 0.8278593156426567)
