[10, 6, 7, 5, 3, 1, 3, 2, 10, 7, 8, 9, 5, 4, 10, 2, 1, 7, 10, 3, 2, 1, 1, 1, 7, 7, 5, 7, 9, 7, 4, 3, 8, 5, 4, 9, 9, 7, 8, 5, 7, 1, 6, 9, 10, 8, 10, 3, 4, 8, 3, 8, 1, 9, 6, 6, 2, 4, 4, 1, 8, 2]
(0.7089664665982052, 0.2147324530924253, 0.6232191709801501, 0.22041503084688732, 0.8289413617923796, 0.0, 0.8461857335641927, 0.29499072356215217, 0.8619552856311152, 0.9528857479387497)
[4, 4, 3, 4, 4, 1, 2, 9, 7, 6, 8, 5, 1, 4, 2, 2, 3, 7, 3, 1, 9, 8, 6, 2, 7, 6, 7, 5, 3, 4, 8, 3, 6, 3, 6, 7, 9, 10, 8, 5, 7, 3, 6, 10, 10, 8, 5, 1, 4, 8, 5, 8, 1, 9, 6, 6, 2, 4, 4, 1, 8, 2]
(0.48813944365829093, 0.2890551917680073, 0.4427943324670193, 0.22041503084688732, 0.8867317007854538, 0.6113157076761069, 0.8270698307081993, 0.21515561569688774, 0.4574222007766372, 0.5156150414276607)
[1, 1, 5, 2, 9, 1, 5, 4, 3, 7, 2, 10, 5, 1, 1, 7, 1, 4, 6, 2, 9, 5, 2, 2, 2, 2, 6, 4, 9, 7, 9, 6, 5, 4, 8, 9, 7, 7, 4, 10, 7, 1, 6, 9, 10, 5, 8, 4, 4, 1, 10, 8, 7, 9, 6, 6, 2, 1, 6, 7, 9, 1]
(0.8619735663756685, 0.8153034300791567, 0.8573042007163119, 0.22677437968840158, 0.38461538461538475, 0.5555555555555554, 0.47503336612135083, 0.29499072356215217, 0.8710984675213648, 0.0)
[10, 6, 7, 5, 4, 1, 2, 5, 7, 6, 8, 10, 1, 4, 2, 3, 3, 4, 3, 1, 9, 8, 6, 2, 7, 6, 5, 3, 5, 4, 7, 1, 6, 5, 6, 9, 9, 7, 8, 6, 7, 1, 6, 9, 10, 8, 10, 1, 4, 8, 5, 8, 1, 9, 6, 6, 2, 4, 4, 1, 8, 2]
(0.7644324423745216, 0.21034717494894506, 0.5553538559004619, 0.22041503084688732, 0.8753889800980641, 1.0, 0.8280249288305582, 0.46902654867256593, 0.8276307942345679, 0.0)
[1, 8, 5, 2, 9, 2, 5, 4, 3, 8, 6, 2, 1, 4, 4, 2, 10, 1, 7, 2, 1, 2, 7, 9, 8, 7, 5, 7, 9, 7, 4, 9, 5, 4, 8, 9, 9, 4, 2, 6, 9, 1, 5, 10, 9, 5, 8, 7, 5, 9, 8, 8, 7, 9, 5, 5, 4, 2, 6, 7, 9, 1]
(0.7262358056381283, 0.0, 0.5459922885522219, 0.0, 0.8686263917013953, 1.0, 0.5281791156157811, 0.29499072356215217, 0.0, 0.6604421431198639)
[1, 8, 5, 2, 9, 2, 5, 4, 3, 8, 10, 3, 1, 6, 8, 2, 2, 3, 2, 7, 4, 2, 6, 10, 8, 9, 8, 4, 7, 7, 9, 9, 5, 7, 8, 10, 8, 7, 7, 10, 1, 10, 6, 6, 9, 5, 6, 7, 3, 4, 5, 6, 8, 10, 1, 4, 4, 2, 6, 10, 9, 1]
(0.7854107866063645, 0.7805622505024008, 0.7783516360446743, 0.0, 0.38461538461538475, 0.0, 0.7838546438142588, 0.4308943089430895, 0.8303960694000065, 0.899888765294772)
[1, 8, 5, 5, 9, 1, 5, 4, 3, 7, 2, 10, 5, 1, 1, 7, 1, 4, 6, 2, 1, 5, 2, 2, 2, 2, 6, 4, 9, 7, 9, 7, 5, 4, 8, 8, 7, 7, 4, 10, 7, 1, 5, 3, 9, 5, 8, 6, 4, 1, 7, 8, 6, 6, 6, 6, 5, 1, 6, 7, 9, 1]
(0.8665257079526743, 0.8153034300791567, 0.7719076083972973, 0.22677437968840158, 0.7488115942105583, 0.38461538461538475, 0.6936070339754165, 0.1829689298043728, 0.8547019308432883, 0.5156150414276607)
[1, 1, 5, 2, 9, 2, 5, 4, 6, 7, 2, 10, 5, 1, 4, 7, 1, 4, 6, 2, 9, 5, 2, 1, 2, 2, 6, 4, 9, 7, 9, 7, 5, 1, 8, 8, 7, 7, 4, 10, 7, 1, 5, 10, 9, 5, 8, 6, 4, 1, 10, 8, 7, 9, 6, 6, 2, 1, 4, 7, 8, 1]
(0.888453794457014, 0.483568075117371, 0.7370870789512918, 0.22677437968840158, 0.5555555555555554, 0.5555555555555554, 0.4666583256795993, 0.1829689298043728, 0.7203588156029507, 0.6920444824636444)
[1, 8, 5, 2, 9, 2, 5, 4, 3, 7, 2, 10, 5, 3, 1, 6, 1, 4, 6, 2, 9, 5, 2, 2, 2, 2, 6, 4, 9, 7, 6, 6, 5, 4, 9, 9, 7, 7, 4, 10, 3, 1, 6, 3, 10, 5, 8, 4, 4, 1, 7, 8, 6, 9, 6, 6, 2, 1, 6, 7, 9, 1]
(0.8800776554271534, 0.8153034300791567, 0.7445709625258968, 0.0, 0.7197307119145936, 0.5555555555555554, 0.4815026687458142, 0.29499072356215217, 0.8409103995189013, 0.5156150414276607)
[10, 2, 7, 5, 3, 1, 3, 4, 10, 7, 8, 9, 5, 4, 2, 2, 1, 7, 10, 3, 2, 8, 1, 2, 7, 7, 5, 2, 9, 7, 4, 3, 6, 5, 6, 8, 9, 7, 8, 5, 7, 1, 6, 9, 10, 8, 10, 3, 4, 8, 3, 7, 1, 9, 6, 6, 2, 4, 4, 1, 6, 2]
(0.8471148496493642, 0.1680261011419249, 0.8741593929007603, 0.1800274851122309, 0.8618664490058967, 0.8509280504658767, 0.8719172252342057, 0.36218678815489724, 0.8333789328113134, 0.6920444824636444)
[10, 6, 7, 5, 3, 1, 3, 4, 10, 7, 8, 9, 5, 4, 2, 2, 1, 7, 10, 3, 2, 1, 1, 6, 7, 7, 5, 7, 9, 7, 4, 3, 8, 5, 8, 9, 9, 7, 8, 5, 7, 1, 6, 9, 10, 8, 10, 3, 4, 8, 3, 8, 1, 9, 6, 6, 2, 4, 4, 1, 8, 2]
(0.8045348571613365, 0.2147324530924253, 0.8582735924050161, 0.22041503084688732, 0.8666745020076583, 0.8639239640906402, 0.8252233045175612, 0.29499072356215217, 0.8631395092233966, 0.6920444824636444)
[1, 1, 10, 2, 9, 2, 5, 4, 6, 7, 2, 10, 5, 1, 1, 7, 1, 4, 6, 2, 9, 5, 2, 2, 2, 2, 6, 4, 9, 7, 9, 7, 5, 4, 1, 9, 7, 7, 4, 10, 7, 1, 6, 9, 10, 5, 8, 8, 4, 1, 10, 8, 7, 8, 6, 6, 2, 1, 6, 7, 8, 1]
(0.849819604866201, 0.8153034300791567, 0.7748427974060101, 0.22677437968840158, 0.5555555555555554, 0.38461538461538475, 0.4504290705546739, 0.1693290734824281, 0.8747647026553703, 0.6920444824636444)
[10, 6, 7, 5, 4, 1, 2, 10, 7, 6, 8, 9, 5, 4, 2, 2, 1, 7, 10, 3, 2, 5, 1, 2, 7, 7, 5, 7, 9, 7, 4, 3, 8, 5, 4, 9, 9, 7, 8, 5, 7, 1, 6, 9, 10, 8, 10, 3, 4, 8, 3, 8, 1, 9, 6, 6, 2, 4, 4, 1, 8, 2]
(0.4544049507006993, 0.2890551917680073, 0.8689957475289654, 0.22041503084688732, 0.8477069495245759, 0.8457392929121794, 0.8445288883522096, 0.29499072356215217, 0.8543281482532566, 0.6920444824636444)
[1, 8, 5, 2, 9, 2, 5, 4, 3, 8, 6, 3, 1, 4, 4, 2, 9, 1, 5, 2, 4, 2, 2, 9, 8, 7, 5, 7, 9, 7, 9, 9, 5, 3, 8, 9, 9, 4, 2, 6, 9, 1, 5, 10, 9, 5, 8, 7, 5, 9, 8, 8, 7, 9, 5, 5, 4, 2, 6, 7, 9, 1]
(0.7806011112406782, 0.0, 0.6334814989939281, 0.37321937321937315, 0.8681994868442366, 1.0, 0.29499072356215217, 0.29499072356215217, 0.7227224668487843, 0.6920444824636444)
[10, 6, 7, 5, 3, 1, 3, 4, 10, 7, 8, 9, 5, 4, 2, 2, 1, 7, 10, 3, 2, 1, 1, 1, 7, 7, 5, 7, 9, 7, 4, 3, 8, 5, 4, 9, 9, 7, 8, 5, 7, 1, 6, 9, 10, 8, 10, 3, 4, 8, 3, 8, 1, 9, 6, 6, 2, 4, 4, 1, 8, 2]
(0.8236452819779456, 0.21034717494894506, 0.8763725696131541, 0.1800274851122309, 0.8494076652452296, 1.0, 0.8540215184912032, 0.29499072356215217, 0.8709847724065137, 0.6920444824636444)
[1, 8, 5, 2, 9, 9, 5, 4, 3, 8, 10, 3, 1, 6, 8, 2, 2, 3, 2, 7, 4, 3, 6, 10, 8, 9, 8, 4, 7, 7, 9, 9, 5, 7, 8, 10, 8, 7, 7, 10, 1, 4, 6, 6, 9, 3, 10, 6, 3, 1, 5, 6, 6, 9, 1, 4, 4, 2, 6, 10, 9, 1]
(0.7854210453107885, 0.7802739249542288, 0.7783330017700724, 0.2948237059264816, 0.7816411679610542, 0.0, 0.7838725505396655, 0.4308943089430895, 0.8302647070959152, 0.899888765294772)
[10, 6, 7, 5, 4, 1, 2, 4, 10, 7, 8, 9, 5, 4, 2, 2, 1, 7, 10, 3, 2, 8, 1, 2, 7, 7, 5, 7, 9, 7, 4, 3, 8, 5, 8, 9, 9, 7, 8, 6, 7, 1, 6, 9, 5, 8, 10, 6, 4, 8, 5, 8, 1, 9, 6, 6, 2, 4, 4, 1, 8, 2]
(0.48719673361629023, 0.2890551917680073, 0.0, 0.1800274851122309, 0.8622527448460408, 1.0, 0.8554874395951575, 0.24882629107981225, 0.8412766737863361, 0.6920444824636444)
[1, 8, 5, 2, 9, 1, 5, 4, 3, 7, 2, 10, 5, 1, 1, 7, 1, 4, 6, 2, 4, 5, 9, 7, 2, 2, 6, 4, 9, 7, 9, 6, 5, 4, 8, 9, 7, 7, 4, 6, 7, 1, 7, 10, 9, 5, 8, 6, 4, 1, 7, 8, 6, 9, 6, 6, 2, 1, 6, 7, 9, 1]
(0.8578093631192988, 0.8153034300791567, 0.6510780828073561, 0.22677437968840158, 0.8572416650131293, 0.8611080979928323, 0.6376305358484319, 0.0, 0.7773070255294368, 0.5156150414276607)
[1, 1, 10, 2, 9, 2, 5, 4, 6, 7, 2, 10, 5, 1, 1, 7, 1, 4, 6, 2, 9, 5, 2, 2, 2, 2, 6, 4, 9, 7, 9, 7, 5, 4, 1, 9, 7, 7, 4, 10, 9, 1, 5, 10, 10, 5, 8, 8, 4, 1, 10, 8, 7, 8, 6, 6, 2, 1, 6, 7, 8, 1]
(0.8679901467636176, 0.8153034300791567, 0.7081095779314573, 0.22677437968840158, 0.7211600260808989, 0.38461538461538475, 0.44712444152683023, 0.1693290734824281, 0.8573888404294796, 0.8584863083437031)
[1, 1, 5, 2, 9, 2, 5, 4, 6, 7, 2, 10, 5, 1, 4, 7, 1, 4, 6, 2, 9, 5, 2, 4, 2, 2, 6, 4, 9, 7, 9, 6, 5, 4, 1, 9, 7, 7, 4, 10, 7, 1, 6, 9, 10, 5, 8, 8, 4, 1, 10, 8, 7, 9, 6, 6, 2, 1, 6, 7, 8, 1]
(0.8858148859813769, 0.8153034300791567, 0.7720977919176143, 0.22677437968840158, 0.5555555555555554, 0.5555555555555554, 0.709088844992213, 0.1693290734824281, 0.8440476799383704, 0.6920444824636444)
[1, 1, 5, 2, 9, 2, 5, 4, 6, 7, 2, 10, 5, 1, 4, 7, 1, 4, 6, 2, 9, 5, 2, 4, 2, 2, 6, 4, 9, 7, 9, 6, 5, 4, 1, 9, 7, 7, 4, 10, 7, 1, 6, 9, 10, 5, 8, 8, 4, 1, 10, 8, 7, 9, 6, 6, 2, 1, 6, 7, 8, 1]
(0.8858148859813769, 0.8153034300791567, 0.7720977919176143, 0.22677437968840158, 0.5555555555555554, 0.5555555555555554, 0.709088844992213, 0.1693290734824281, 0.8440476799383704, 0.6920444824636444)
[1, 1, 5, 2, 9, 2, 5, 4, 6, 7, 2, 10, 5, 1, 4, 7, 1, 4, 6, 2, 9, 5, 2, 4, 2, 2, 6, 4, 9, 7, 9, 6, 5, 4, 1, 9, 7, 7, 4, 10, 7, 1, 6, 9, 10, 5, 8, 8, 4, 1, 10, 8, 7, 9, 6, 6, 2, 1, 6, 7, 8, 1]
(0.8858148859813769, 0.8153034300791567, 0.7720977919176143, 0.22677437968840158, 0.5555555555555554, 0.5555555555555554, 0.709088844992213, 0.1693290734824281, 0.8440476799383704, 0.6920444824636444)
[1, 8, 5, 2, 9, 1, 5, 4, 3, 7, 2, 10, 5, 3, 1, 6, 1, 4, 6, 2, 9, 5, 2, 2, 2, 2, 6, 4, 9, 7, 6, 6, 5, 4, 9, 9, 7, 7, 4, 10, 3, 1, 6, 10, 10, 5, 8, 4, 4, 1, 7, 8, 6, 9, 6, 6, 2, 1, 6, 7, 9, 1]
(0.8750868121162012, 0.8153034300791567, 0.0, 0.22677437968840158, 0.6725299758836553, 0.5555555555555554, 0.29499072356215217, 0.36218678815489724, 0.8364929070696175, 0.5156150414276607)
[4, 4, 6, 4, 4, 1, 2, 9, 7, 6, 8, 10, 1, 4, 2, 3, 3, 7, 3, 1, 9, 8, 6, 2, 7, 6, 5, 5, 5, 4, 5, 1, 6, 5, 6, 7, 9, 7, 8, 5, 7, 1, 6, 9, 10, 8, 10, 1, 4, 1, 5, 8, 1, 9, 6, 6, 2, 4, 4, 1, 7, 2]
(0.8718775434419465, 0.2890551917680073, 0.8703862482681821, 0.22041503084688732, 0.8703750809654545, 0.8617047732695885, 0.84568566475063, 0.29499072356215217, 0.8329663397744236, 0.8110356127843191)
[4, 4, 3, 4, 4, 1, 2, 1, 7, 6, 8, 10, 1, 4, 2, 3, 3, 7, 7, 1, 10, 8, 6, 2, 7, 6, 5, 5, 5, 4, 3, 1, 6, 6, 6, 7, 9, 7, 8, 5, 7, 1, 6, 9, 10, 8, 10, 1, 4, 1, 5, 8, 1, 9, 6, 6, 2, 4, 4, 1, 7, 2]
(0.5661450611427382, 0.2890551917680073, 0.7194071339443261, 0.22041503084688732, 0.8735233103856397, 0.8636511912569353, 0.7290222028270316, 0.29499072356215217, 0.0, 0.8267983349040092)
[1, 8, 5, 2, 9, 9, 5, 4, 3, 8, 10, 3, 1, 6, 8, 2, 2, 3, 2, 7, 4, 3, 6, 10, 8, 9, 8, 4, 7, 7, 9, 9, 5, 7, 8, 10, 8, 7, 7, 10, 1, 4, 6, 6, 9, 3, 10, 6, 3, 1, 5, 6, 6, 9, 1, 4, 4, 2, 6, 10, 9, 1]
(0.7854210453107885, 0.7802739249542288, 0.7783330017700724, 0.0, 0.7816411679610542, 0.38461538461538475, 0.7838725505396655, 0.4308943089430895, 0.8302647070959152, 0.899888765294772)
[4, 3, 3, 4, 4, 1, 2, 1, 7, 6, 8, 10, 1, 2, 2, 3, 3, 7, 10, 1, 10, 8, 6, 2, 7, 6, 5, 5, 5, 4, 7, 1, 6, 6, 6, 7, 9, 7, 8, 5, 7, 2, 9, 9, 10, 8, 10, 1, 4, 9, 3, 3, 9, 9, 6, 6, 2, 4, 4, 1, 7, 2]
(0.9086308469995821, 0.2890551917680073, 0.730190029926592, 0.22041503084688732, 0.857703870348627, 1.0, 0.7092627665027902, 0.29499072356215217, 0.8367475921288076, 0.6920444824636444)
[10, 6, 7, 5, 3, 1, 3, 4, 10, 7, 8, 9, 5, 4, 2, 2, 1, 7, 10, 3, 2, 8, 1, 2, 7, 7, 5, 2, 9, 7, 4, 3, 6, 5, 6, 8, 9, 7, 8, 5, 7, 1, 6, 9, 10, 8, 10, 3, 4, 8, 3, 7, 1, 9, 6, 6, 2, 4, 4, 1, 8, 2]
(0.8388916032388751, 0.1680261011419249, 0.8671806683763812, 0.1800274851122309, 0.8596932714804957, 1.0, 0.8562586801126548, 0.29499072356215217, 0.858232206292445, 0.8639489671215365)
[1, 5, 5, 2, 9, 2, 5, 4, 3, 8, 6, 3, 1, 4, 4, 2, 9, 1, 5, 1, 4, 2, 2, 9, 8, 9, 5, 7, 9, 7, 9, 9, 5, 3, 8, 9, 9, 4, 1, 6, 9, 1, 5, 10, 9, 5, 8, 7, 5, 9, 8, 8, 7, 9, 5, 5, 4, 2, 6, 7, 9, 1]
(0.7797247441485456, 0.0, 0.7243775198236044, 0.6018376722817763, 0.8794675221666649, 1.0, 0.5312139393761722, 0.24882629107981225, 0.6920444824636444, 0.6920444824636444)
[1, 7, 6, 7, 8, 7, 5, 8, 4, 8, 6, 3, 1, 2, 4, 2, 4, 1, 5, 2, 4, 2, 2, 9, 8, 7, 5, 7, 9, 7, 9, 9, 5, 3, 8, 9, 9, 4, 2, 6, 9, 1, 5, 10, 9, 5, 8, 7, 5, 9, 9, 8, 7, 9, 5, 5, 4, 2, 6, 7, 9, 1]
(0.7812883729115061, 0.0, 0.6111151991411995, 0.6018376722817763, 0.8627377474680493, 1.0, 0.8440769961103741, 0.24882629107981225, 0.6100078603252692, 0.6920444824636444)
[1, 8, 8, 2, 9, 7, 5, 8, 4, 7, 6, 3, 1, 5, 10, 5, 10, 1, 5, 2, 4, 1, 2, 9, 8, 5, 5, 7, 9, 7, 9, 9, 5, 3, 8, 9, 9, 4, 2, 3, 9, 1, 5, 10, 9, 5, 8, 7, 5, 9, 8, 8, 7, 9, 5, 5, 4, 2, 6, 7, 9, 1]
(0.7812960134819082, 0.0, 0.6018376722817763, 0.6018376722817763, 0.8682599173858714, 1.0, 0.4765571938827619, 0.29499072356215217, 0.0, 0.692786606214933)
[10, 6, 7, 5, 3, 1, 3, 4, 10, 7, 8, 9, 5, 4, 2, 2, 1, 7, 10, 3, 2, 5, 1, 2, 7, 7, 5, 7, 9, 7, 4, 3, 8, 5, 4, 9, 9, 7, 8, 5, 7, 1, 6, 9, 10, 8, 10, 3, 4, 8, 3, 8, 1, 9, 6, 6, 2, 4, 4, 1, 8, 2]
(0.7400168875232271, 0.21034717494894506, 0.8656595570966552, 0.22041503084688732, 0.8587617235258171, 1.0, 0.8461590530350747, 0.29499072356215217, 0.873650567047293, 0.8681243782862971)
[10, 6, 7, 5, 4, 1, 2, 4, 10, 7, 8, 9, 5, 4, 2, 2, 1, 8, 10, 3, 2, 8, 5, 2, 7, 3, 5, 7, 9, 7, 4, 3, 8, 5, 8, 9, 9, 7, 8, 6, 7, 1, 6, 9, 10, 8, 10, 6, 4, 8, 5, 8, 1, 9, 6, 6, 2, 4, 4, 1, 8, 2]
(0.8507646201178376, 0.2147324530924253, 0.8586372336372681, 0.22041503084688732, 0.8504198694601601, 1.0, 0.24882629107981225, 0.24882629107981225, 0.8612326277419875, 0.9528857479387497)
[4, 4, 3, 4, 4, 1, 2, 9, 7, 6, 8, 10, 1, 4, 2, 3, 3, 7, 3, 1, 9, 8, 6, 2, 7, 6, 5, 5, 5, 4, 5, 1, 6, 5, 6, 7, 9, 7, 8, 5, 7, 1, 6, 9, 10, 8, 10, 1, 4, 1, 5, 8, 1, 9, 6, 6, 2, 4, 4, 1, 7, 2]
(0.8716536635532927, 0.2890551917680073, 0.6212122222408598, 0.22041503084688732, 0.8786302594467952, 1.0, 0.547906202264126, 0.29499072356215217, 0.7981688750907713, 0.8333138080313746)
[10, 6, 7, 5, 3, 1, 3, 4, 10, 7, 8, 9, 5, 4, 2, 2, 1, 7, 10, 3, 2, 5, 1, 2, 7, 7, 5, 7, 9, 7, 4, 3, 8, 5, 4, 9, 9, 7, 8, 6, 7, 1, 6, 9, 10, 8, 10, 3, 4, 8, 3, 8, 1, 9, 6, 6, 2, 4, 4, 1, 5, 2]
(0.7382568145170748, 0.21034717494894506, 0.1800274851122309, 0.1800274851122309, 0.8594538828358004, 1.0, 0.8542316628619975, 0.29499072356215217, 0.8609757522121022, 0.9528857479387497)
[3, 4, 3, 4, 4, 1, 2, 1, 7, 6, 8, 10, 1, 4, 2, 3, 3, 7, 10, 1, 10, 8, 6, 2, 7, 6, 5, 5, 5, 4, 7, 1, 6, 6, 6, 7, 9, 7, 8, 5, 7, 2, 9, 9, 10, 8, 10, 1, 4, 1, 5, 8, 1, 9, 6, 6, 2, 4, 4, 1, 7, 2]
(0.9051745345815978, 0.2890551917680073, 0.6507065040990639, 0.22041503084688732, 0.8840290909632995, 1.0, 0.7541727149859004, 0.29499072356215217, 0.7014626463875101, 0.8386154079809728)
[1, 8, 5, 2, 9, 7, 5, 8, 4, 7, 6, 3, 1, 5, 4, 2, 10, 1, 5, 9, 4, 2, 2, 9, 7, 5, 5, 7, 9, 7, 9, 10, 5, 8, 6, 9, 9, 4, 2, 6, 9, 1, 5, 10, 5, 5, 9, 7, 5, 9, 8, 8, 7, 9, 5, 5, 4, 2, 6, 7, 9, 1]
(0.78442840073257, 0.7840674581006102, 0.37321937321937315, 0.37321937321937315, 0.8832880573347166, 1.0, 0.4668810361996283, 0.29499072356215217, 0.504897248558698, 0.2593780057710805)
[1, 8, 5, 2, 9, 8, 5, 4, 4, 8, 6, 6, 1, 4, 4, 2, 10, 1, 5, 8, 4, 2, 2, 9, 8, 5, 5, 7, 9, 7, 9, 9, 5, 8, 8, 9, 9, 4, 2, 6, 9, 1, 5, 10, 9, 5, 8, 7, 5, 9, 8, 8, 7, 9, 5, 5, 4, 2, 6, 7, 9, 1]
(0.7833572091534665, 0.7855669209733537, 0.6222493739798615, 0.37321937321937315, 0.8841251356527164, 1.0, 0.46467724386602555, 0.29499072356215217, 0.6920444824636444, 0.2593780057710805)
[10, 6, 7, 5, 3, 1, 3, 4, 10, 7, 8, 9, 5, 4, 2, 2, 1, 7, 10, 3, 2, 5, 1, 2, 7, 7, 5, 7, 9, 7, 4, 3, 8, 5, 4, 9, 9, 7, 8, 6, 7, 1, 6, 9, 10, 8, 10, 3, 4, 8, 3, 8, 1, 9, 6, 6, 2, 4, 4, 1, 5, 2]
(0.7382568145170748, 0.2890551917680073, 0.8787670461460902, 0.1800274851122309, 0.8594538828358004, 1.0, 0.8542316628619975, 0.29499072356215217, 0.8651892276480744, 0.9528857479387497)
[10, 6, 7, 5, 3, 1, 3, 4, 10, 7, 8, 9, 5, 4, 2, 2, 1, 7, 10, 3, 2, 5, 1, 2, 7, 7, 5, 7, 9, 7, 4, 3, 8, 5, 4, 9, 9, 7, 8, 6, 7, 1, 6, 9, 10, 8, 10, 3, 4, 8, 3, 8, 1, 9, 6, 6, 2, 4, 4, 1, 5, 2]
(0.7382568145170748, 0.2890551917680073, 0.8787670461460902, 0.1800274851122309, 0.8594538828358004, 1.0, 0.8542316628619975, 0.29499072356215217, 0.8651892276480744, 0.9528857479387497)
[4, 4, 3, 4, 4, 1, 2, 1, 7, 6, 8, 10, 1, 4, 2, 3, 3, 7, 10, 1, 10, 8, 6, 2, 7, 6, 5, 5, 5, 4, 7, 1, 6, 6, 6, 7, 9, 7, 8, 5, 7, 2, 6, 9, 10, 8, 10, 1, 4, 9, 3, 3, 9, 9, 6, 6, 2, 4, 4, 1, 7, 2]
(0.9000285545363982, 0.2890551917680073, 0.6243311500176731, 0.22041503084688732, 0.8746815169230057, 1.0, 0.8205747148021991, 0.29499072356215217, 0.8071890307590299, 0.9528857479387497)
[1, 8, 5, 2, 9, 1, 5, 4, 3, 7, 2, 10, 5, 1, 1, 7, 1, 4, 6, 2, 4, 5, 2, 1, 2, 2, 6, 4, 9, 7, 9, 6, 5, 4, 8, 9, 5, 7, 4, 10, 7, 1, 6, 9, 10, 5, 8, 4, 4, 1, 10, 8, 7, 9, 6, 6, 2, 1, 6, 7, 9, 1]
(0.8551507668569639, 0.8153034300791567, 0.7527288319542927, 0.22677437968840158, 0.7800485139712615, 0.5555555555555554, 0.736213198117905, 0.46902654867256593, 0.8308781044557642, 0.6920444824636444)
[1, 8, 5, 7, 9, 7, 5, 8, 4, 8, 6, 7, 1, 4, 4, 2, 10, 1, 5, 8, 4, 2, 2, 9, 8, 7, 5, 7, 9, 6, 9, 6, 5, 3, 1, 9, 9, 4, 2, 6, 9, 1, 5, 10, 9, 5, 8, 7, 5, 9, 8, 8, 7, 9, 5, 5, 4, 2, 6, 7, 9, 1]
(0.7843790913000634, 0.7842997359111837, 0.31013641376048523, 0.0, 0.8815601376816584, 1.0, 0.5751654436811748, 0.29499072356215217, 0.6920444824636444, 0.6920444824636444)
[1, 8, 5, 2, 2, 2, 5, 9, 9, 10, 3, 10, 5, 6, 4, 7, 1, 4, 6, 2, 6, 8, 2, 4, 8, 9, 8, 8, 7, 10, 2, 8, 5, 3, 8, 9, 9, 4, 4, 10, 7, 1, 6, 10, 10, 8, 8, 8, 7, 1, 10, 8, 6, 9, 6, 6, 2, 4, 6, 7, 7, 1]
(0.8504286935552896, 0.8153034300791567, 0.7335780633613396, 0.22677437968840158, 0.8593550803139755, 1.0, 0.7489264687523186, 0.21515561569688774, 0.6205888366326628, 0.5156150414276607)
[1, 8, 5, 2, 9, 9, 5, 4, 3, 8, 10, 3, 1, 6, 8, 2, 2, 3, 2, 7, 4, 3, 6, 10, 8, 9, 8, 4, 7, 7, 9, 9, 5, 7, 8, 10, 8, 7, 7, 10, 1, 4, 6, 6, 9, 3, 10, 6, 3, 1, 5, 6, 6, 9, 1, 4, 4, 2, 6, 10, 9, 1]
(0.7854210453107885, 0.7802739249542288, 0.7783330017700724, 0.2948237059264816, 0.7816411679610542, 0.38461538461538475, 0.7838725505396655, 0.4308943089430895, 0.8302647070959152, 0.899888765294772)
[1, 8, 5, 2, 9, 9, 5, 4, 3, 8, 10, 3, 1, 6, 8, 2, 2, 3, 2, 7, 4, 3, 6, 10, 8, 9, 8, 4, 7, 7, 9, 9, 5, 7, 8, 10, 8, 7, 7, 10, 1, 4, 6, 6, 9, 3, 10, 6, 3, 1, 5, 6, 6, 9, 1, 4, 4, 2, 6, 10, 9, 1]
(0.7854210453107885, 0.7802739249542288, 0.7783330017700724, 0.2948237059264816, 0.7816411679610542, 0.38461538461538475, 0.4308943089430895, 0.4308943089430895, 0.8302647070959152, 0.899888765294772)
[1, 7, 5, 7, 6, 2, 5, 1, 4, 7, 6, 3, 1, 4, 4, 2, 10, 1, 5, 10, 4, 2, 2, 9, 8, 5, 5, 7, 7, 6, 9, 6, 5, 8, 8, 9, 9, 4, 2, 1, 9, 1, 5, 10, 9, 5, 8, 7, 5, 9, 8, 8, 7, 9, 5, 5, 4, 2, 6, 7, 9, 1]
(0.7852127296850017, 0.7865206325426629, 0.744749602861696, 0.37321937321937315, 0.8859288679435806, 0.8676439115777562, 0.59887077379971, 0.24882629107981225, 0.8295857505872787, 0.5156150414276607)
[1, 8, 5, 2, 9, 2, 5, 4, 3, 8, 10, 3, 1, 6, 9, 2, 2, 3, 2, 7, 4, 2, 4, 10, 8, 9, 8, 4, 7, 7, 9, 9, 5, 7, 8, 10, 8, 7, 7, 10, 4, 4, 6, 6, 3, 3, 10, 6, 3, 5, 6, 6, 9, 9, 1, 4, 4, 2, 6, 10, 9, 1]
(0.7854207223281195, 0.7816780781373314, 0.7786636816337636, 0.2948237059264816, 0.7811608908697895, 0.38461538461538475, 0.4308943089430895, 0.4308943089430895, 0.8280460441484986, 0.899888765294772)
[1, 8, 5, 2, 9, 2, 5, 4, 3, 8, 10, 3, 1, 6, 9, 2, 2, 3, 2, 7, 4, 2, 4, 10, 8, 9, 8, 4, 7, 7, 9, 9, 5, 7, 8, 10, 8, 7, 7, 10, 4, 4, 6, 6, 3, 3, 10, 6, 3, 5, 6, 6, 9, 9, 1, 4, 4, 2, 6, 10, 9, 1]
(0.7854207223281195, 0.7816780781373314, 0.7786636816337636, 0.2948237059264816, 0.7811608908697895, 0.38461538461538475, 0.7834555262699655, 0.4308943089430895, 0.8280460441484986, 0.899888765294772)
[1, 8, 5, 2, 9, 2, 5, 4, 3, 8, 10, 3, 1, 6, 9, 2, 2, 3, 2, 7, 4, 2, 4, 10, 8, 9, 8, 4, 7, 7, 9, 9, 5, 7, 8, 10, 8, 7, 7, 10, 4, 4, 6, 6, 3, 3, 10, 6, 3, 5, 6, 6, 9, 9, 1, 4, 4, 2, 6, 10, 9, 1]
(0.7854207223281195, 0.7816780781373314, 0.7786636816337636, 0.2948237059264816, 0.7811608908697895, 0.38461538461538475, 0.7834555262699655, 0.4308943089430895, 0.8280460441484986, 0.899888765294772)
[1, 8, 5, 2, 9, 2, 5, 4, 3, 8, 10, 3, 1, 6, 9, 2, 2, 3, 2, 7, 4, 2, 4, 10, 8, 9, 8, 4, 7, 7, 9, 9, 5, 7, 8, 10, 8, 7, 7, 10, 4, 4, 6, 6, 3, 3, 10, 6, 3, 5, 6, 6, 9, 9, 1, 4, 4, 2, 6, 10, 9, 1]
(0.7854207223281195, 0.7816780781373314, 0.7786636816337636, 0.2948237059264816, 0.7811608908697895, 0.38461538461538475, 0.7834555262699655, 0.4308943089430895, 0.8280460441484986, 0.899888765294772)
[1, 8, 5, 2, 9, 2, 5, 4, 3, 8, 10, 3, 1, 6, 9, 2, 2, 3, 2, 7, 4, 2, 4, 10, 8, 9, 8, 4, 7, 7, 9, 9, 5, 7, 8, 10, 8, 7, 7, 10, 4, 4, 6, 6, 3, 3, 10, 6, 3, 5, 6, 6, 9, 9, 1, 4, 4, 2, 6, 10, 9, 1]
(0.7854207223281195, 0.7816780781373314, 0.7786636816337636, 0.2948237059264816, 0.7811608908697895, 0.38461538461538475, 0.7834555262699655, 0.4308943089430895, 0.8280460441484986, 0.899888765294772)
[10, 6, 7, 5, 4, 1, 2, 5, 7, 6, 8, 10, 1, 4, 2, 3, 3, 4, 3, 1, 9, 8, 6, 2, 7, 6, 5, 5, 3, 4, 5, 3, 6, 7, 5, 8, 9, 7, 8, 5, 7, 1, 6, 9, 10, 8, 10, 1, 4, 8, 5, 8, 1, 9, 6, 6, 2, 4, 4, 4, 8, 2]
(0.8079019317403369, 0.2890551917680073, 0.8556711634620973, 0.22041503084688732, 0.881491305492814, 0.8645856617018532, 0.46902654867256593, 0.46902654867256593, 0.8375800540670694, 0.9528857479387497)
[1, 8, 5, 9, 9, 1, 5, 4, 4, 8, 6, 6, 1, 4, 4, 2, 10, 1, 5, 8, 2, 2, 2, 9, 8, 5, 5, 7, 7, 6, 9, 9, 5, 8, 8, 9, 9, 4, 2, 6, 9, 1, 1, 10, 9, 5, 8, 7, 5, 9, 8, 8, 7, 9, 5, 5, 4, 2, 6, 7, 9, 1]
(0.7833280878141454, 0.7855683082714607, 0.26775477472692927, 0.24998433534056147, 0.8737416034564328, 1.0, 0.625124392472203, 0.24882629107981225, 0.8554427841678209, 0.5156150414276607)
[4, 4, 3, 4, 4, 1, 2, 1, 7, 6, 8, 10, 1, 4, 2, 3, 3, 7, 10, 1, 9, 8, 6, 2, 7, 6, 5, 5, 5, 4, 7, 1, 6, 6, 6, 7, 9, 7, 8, 5, 7, 1, 6, 9, 10, 8, 10, 1, 4, 1, 5, 8, 1, 9, 6, 6, 2, 4, 4, 1, 7, 2]
(0.8963984722271523, 0.2890551917680073, 0.6487567348405655, 0.22041503084688732, 0.8835752533748701, 1.0, 0.748000605218105, 0.36218678815489724, 0.7717294437810719, 0.9528857479387497)
[1, 8, 5, 2, 9, 2, 5, 4, 4, 8, 6, 6, 1, 4, 4, 2, 10, 1, 5, 8, 2, 2, 2, 9, 8, 5, 8, 7, 7, 6, 9, 9, 5, 8, 8, 9, 9, 4, 2, 6, 9, 1, 5, 10, 9, 5, 8, 7, 5, 9, 8, 8, 7, 9, 5, 5, 4, 2, 6, 7, 9, 1]
(0.7833542665466598, 0.785561995394521, 0.36302272398025, 0.24662370439619025, 0.8771550143137528, 1.0, 0.8449866512790266, 0.29499072356215217, 0.5780555536970441, 0.5156150414276607)
[1, 8, 7, 2, 3, 2, 5, 8, 4, 7, 6, 10, 1, 4, 4, 2, 10, 1, 5, 2, 7, 2, 2, 9, 8, 5, 5, 7, 9, 7, 9, 9, 5, 3, 8, 9, 9, 4, 2, 5, 9, 1, 5, 10, 6, 5, 8, 7, 5, 9, 8, 8, 7, 9, 5, 5, 4, 2, 6, 7, 9, 1]
(0.7810376198962262, 0.7837059030309251, 0.6686213603243176, 0.37321937321937315, 0.8692444486543488, 0.8831725349649742, 0.44129135999828584, 0.29499072356215217, 0.8516303183510846, 0.5156150414276607)
[1, 8, 5, 2, 9, 8, 5, 4, 4, 8, 6, 6, 1, 4, 4, 2, 10, 1, 5, 8, 4, 2, 2, 9, 8, 5, 5, 7, 9, 7, 9, 9, 5, 7, 8, 10, 8, 4, 2, 6, 9, 1, 5, 10, 9, 5, 8, 7, 5, 9, 8, 8, 7, 9, 5, 5, 4, 2, 6, 7, 9, 1]
(0.7833568172529272, 0.7855639608576825, 0.7120095958933172, 0.2704748795595321, 0.874127584509547, 1.0, 0.5278185786679347, 0.29499072356215217, 0.8532060673460309, 0.5156150414276607)
[1, 4, 5, 2, 9, 2, 5, 9, 3, 8, 8, 3, 1, 4, 4, 2, 10, 1, 5, 2, 3, 2, 7, 9, 8, 9, 8, 7, 9, 7, 9, 9, 5, 8, 8, 9, 9, 4, 2, 6, 1, 5, 6, 10, 9, 5, 8, 7, 5, 9, 8, 8, 7, 9, 5, 5, 4, 2, 6, 7, 9, 1]
(0.7816829396411709, 0.7830934727564387, 0.5770828524604397, 0.22677437968840158, 0.8856178468093232, 0.8699737383052658, 0.29499072356215217, 0.29499072356215217, 0.6920444824636444, 0.6920444824636444)
[10, 6, 7, 5, 4, 1, 2, 10, 7, 6, 8, 10, 1, 4, 2, 3, 3, 4, 3, 1, 9, 8, 6, 2, 7, 6, 5, 5, 3, 4, 8, 3, 6, 7, 6, 8, 9, 7, 8, 5, 7, 1, 6, 9, 10, 8, 10, 1, 4, 8, 5, 8, 1, 9, 6, 6, 2, 4, 4, 1, 8, 2]
(0.6845269614830554, 0.21034717494894506, 0.6613467773422541, 0.22041503084688732, 0.8719652390107464, 0.8632166603580067, 0.8044149326160477, 0.726027397260274, 0.7464114280417509, 0.8497356696054283)
[1, 8, 5, 2, 9, 8, 5, 4, 4, 8, 6, 6, 1, 4, 4, 2, 10, 1, 5, 8, 2, 2, 2, 9, 8, 5, 5, 7, 7, 6, 9, 9, 5, 8, 8, 9, 9, 4, 2, 6, 9, 1, 5, 10, 9, 5, 8, 7, 5, 9, 8, 8, 7, 9, 5, 5, 4, 2, 6, 7, 9, 1]
(0.783340963907533, 0.7855646329000523, 0.3130541892722269, 0.28725684899836973, 0.8726819502189709, 1.0, 0.8430544042959754, 0.29499072356215217, 0.6961410956457181, 0.5156150414276607)
[1, 8, 5, 2, 9, 2, 5, 4, 4, 8, 6, 6, 1, 4, 4, 2, 10, 1, 5, 8, 4, 2, 2, 9, 8, 7, 5, 7, 9, 7, 9, 9, 5, 3, 8, 6, 9, 4, 2, 6, 9, 1, 5, 10, 9, 5, 8, 7, 5, 9, 8, 8, 7, 9, 5, 5, 4, 2, 6, 7, 9, 1]
(0.7835306519642404, 0.7856193082407048, 0.6018376722817763, 0.6018376722817763, 0.8719071289524389, 1.0, 0.29499072356215217, 0.0, 0.6170603597536634, 0.5156150414276607)
[10, 6, 7, 5, 4, 1, 2, 4, 7, 6, 8, 10, 1, 4, 2, 3, 3, 7, 3, 1, 9, 8, 6, 2, 7, 6, 5, 5, 3, 4, 5, 1, 6, 5, 6, 7, 9, 7, 8, 5, 7, 1, 6, 9, 10, 8, 10, 1, 4, 8, 5, 7, 1, 9, 6, 6, 2, 4, 4, 1, 8, 2]
(0.6548999236896569, 0.2890551917680073, 0.8569449597969601, 0.22041503084688732, 0.8749211775138928, 1.0, 0.7649092348292393, 0.726027397260274, 0.8028194887563515, 0.6920444824636444)
[10, 6, 7, 5, 4, 1, 2, 4, 7, 6, 8, 10, 1, 4, 2, 3, 3, 4, 3, 1, 9, 8, 6, 2, 7, 6, 5, 5, 5, 4, 5, 1, 6, 5, 6, 9, 9, 7, 8, 5, 7, 1, 8, 9, 10, 8, 10, 1, 4, 8, 10, 7, 1, 9, 6, 6, 2, 4, 4, 1, 8, 2]
(0.6518528012558759, 0.21034717494894506, 0.5307551814243153, 0.22041503084688732, 0.8810161275789097, 1.0, 0.8413433389738145, 0.6652719665271967, 0.8147615840658482, 0.8335013931617081)
[1, 8, 3, 2, 9, 8, 5, 4, 4, 8, 6, 6, 1, 4, 4, 2, 10, 1, 5, 8, 4, 2, 2, 9, 8, 5, 5, 7, 9, 7, 9, 6, 5, 10, 1, 9, 9, 4, 2, 6, 9, 1, 5, 10, 9, 5, 8, 7, 5, 9, 8, 8, 7, 9, 5, 5, 4, 2, 6, 7, 9, 1]
(0.7818051809444956, 0.7842774549499085, 0.6018376722817763, 0.6018376722817763, 0.8774432761594606, 1.0, 0.4419450050219895, 0.29499072356215217, 0.8102114768698739, 0.2593780057710805)
[1, 8, 5, 2, 9, 7, 5, 8, 4, 8, 6, 7, 1, 4, 4, 2, 10, 1, 5, 8, 4, 2, 2, 9, 8, 7, 5, 7, 9, 7, 9, 9, 5, 3, 8, 9, 9, 4, 2, 6, 9, 1, 5, 10, 9, 5, 4, 7, 5, 9, 8, 8, 7, 9, 5, 5, 4, 2, 6, 7, 9, 1]
(0.7851775297895005, 0.7827744068577819, 0.5859514771029312, 0.37321937321937315, 0.8814376858994318, 1.0, 0.456466529332101, 0.29499072356215217, 0.831224694289262, 0.5156150414276607)
[1, 4, 3, 2, 9, 2, 5, 9, 3, 8, 8, 3, 1, 4, 4, 2, 10, 1, 5, 2, 3, 2, 2, 4, 8, 5, 5, 7, 7, 7, 9, 6, 5, 8, 9, 9, 9, 4, 2, 1, 9, 1, 5, 10, 9, 10, 8, 6, 5, 9, 8, 8, 7, 9, 5, 5, 4, 3, 6, 7, 9, 1]
(0.7813378257676891, 0.7828063907101682, 0.553494355268773, 0.37321937321937315, 0.8806844638660506, 1.0, 0.6029766568913988, 0.29499072356215217, 0.7171442987397237, 0.5156150414276607)
[1, 8, 5, 2, 6, 2, 5, 8, 4, 7, 6, 7, 1, 4, 4, 2, 10, 1, 5, 10, 4, 2, 2, 9, 8, 5, 5, 7, 7, 7, 9, 6, 5, 8, 9, 9, 9, 4, 2, 1, 9, 1, 5, 10, 9, 5, 8, 7, 5, 9, 8, 8, 7, 9, 5, 5, 4, 2, 6, 7, 9, 1]
(0.7861605482175877, 0.7834445277228883, 0.7532037796452574, 0.37321937321937315, 0.8811064450070217, 1.0, 0.46212416645139376, 0.29499072356215217, 0.7435255063697644, 0.5156150414276607)
[1, 7, 5, 7, 6, 2, 5, 8, 4, 7, 6, 3, 1, 4, 4, 2, 10, 1, 5, 10, 4, 2, 2, 9, 8, 5, 5, 7, 7, 7, 9, 6, 5, 8, 8, 9, 9, 4, 2, 1, 9, 1, 5, 10, 9, 5, 8, 7, 5, 9, 8, 8, 7, 9, 5, 5, 4, 2, 6, 7, 9, 1]
(0.7862843053415349, 0.7834540808573298, 0.7338364692404804, 0.37321937321937315, 0.8750144066289021, 1.0, 0.6049392027780349, 0.29499072356215217, 0.86873570028692, 0.5156150414276607)
[1, 8, 5, 2, 9, 1, 5, 4, 4, 8, 6, 6, 1, 4, 4, 2, 10, 1, 5, 8, 4, 2, 2, 9, 8, 5, 5, 7, 9, 7, 9, 9, 5, 7, 8, 9, 9, 4, 2, 6, 9, 1, 5, 10, 9, 5, 8, 7, 5, 9, 8, 8, 7, 9, 5, 5, 4, 2, 6, 7, 9, 1]
(0.7833560833707384, 0.7855632888153127, 0.6051479043438982, 0.37321937321937315, 0.8911674557253675, 1.0, 0.4792101344093668, 0.29499072356215217, 0.6200536152347845, 0.5156150414276607)
[1, 8, 5, 2, 9, 8, 5, 4, 4, 8, 6, 6, 1, 4, 4, 2, 10, 1, 5, 8, 4, 2, 2, 9, 8, 5, 5, 7, 9, 7, 9, 9, 5, 7, 8, 10, 8, 4, 2, 6, 9, 1, 5, 10, 9, 5, 8, 7, 5, 9, 8, 8, 7, 9, 5, 5, 4, 2, 6, 7, 9, 1]
(0.7833568172529272, 0.7855639608576825, 0.7120095958933172, 0.37321937321937315, 0.874127584509547, 1.0, 0.29499072356215217, 0.29499072356215217, 0.8532060673460309, 0.5156150414276607)
[1, 8, 5, 2, 9, 1, 5, 4, 3, 7, 2, 10, 5, 1, 1, 7, 1, 4, 6, 2, 4, 5, 9, 7, 2, 2, 6, 4, 9, 7, 9, 6, 5, 4, 8, 9, 7, 10, 8, 6, 7, 4, 1, 10, 9, 5, 8, 6, 4, 1, 7, 8, 6, 9, 6, 6, 2, 1, 6, 7, 9, 1]
(0.856971474550659, 0.8153034300791567, 0.5186648951843367, 0.22677437968840158, 0.8592172736301968, 0.7728514777496381, 0.579620757140214, 0.6611112868413255, 0.5156150414276607, 0.5156150414276607)
[1, 8, 5, 2, 9, 2, 5, 2, 6, 7, 2, 10, 5, 1, 4, 7, 1, 4, 6, 2, 2, 5, 2, 2, 2, 2, 6, 4, 9, 7, 9, 7, 5, 4, 8, 9, 7, 7, 4, 10, 7, 1, 7, 6, 10, 5, 8, 8, 4, 1, 7, 8, 6, 9, 6, 6, 2, 1, 6, 7, 9, 1]
(0.8894428072497205, 0.8153034300791567, 0.839627084694797, 0.22677437968840158, 0.864224491454656, 1.0, 0.5432978453114581, 0.0, 0.8424758391454759, 0.9528857479387497)
[1, 8, 5, 2, 9, 1, 5, 4, 9, 7, 2, 10, 5, 3, 1, 7, 1, 4, 6, 2, 9, 5, 2, 1, 2, 2, 6, 4, 9, 7, 9, 7, 5, 4, 8, 9, 3, 7, 4, 10, 7, 1, 6, 10, 8, 5, 8, 6, 4, 1, 7, 8, 6, 9, 6, 6, 2, 1, 6, 7, 8, 1]
(0.889351644180711, 0.8153034300791567, 0.7367439063265847, 0.22677437968840158, 0.7345040427520823, 0.5555555555555554, 0.0, 0.5642974646761961, 0.8337648512795511, 0.8360734945163082)
[1, 7, 7, 7, 6, 2, 5, 8, 4, 7, 6, 3, 1, 4, 4, 2, 10, 1, 5, 10, 4, 2, 2, 9, 4, 5, 5, 7, 7, 7, 9, 6, 5, 8, 8, 6, 9, 4, 2, 6, 9, 1, 5, 10, 9, 5, 8, 7, 5, 9, 8, 8, 7, 9, 5, 5, 4, 2, 6, 7, 9, 1]
(0.7864639202132753, 0.8153034300791567, 0.5813307227566796, 0.37321937321937315, 0.8615259004756759, 1.0, 0.5167713494971363, 0.29499072356215217, 0.6905581394210416, 0.5156150414276607)
[1, 8, 5, 2, 9, 1, 5, 4, 3, 7, 2, 10, 5, 1, 1, 7, 1, 4, 6, 2, 4, 5, 9, 7, 2, 2, 6, 4, 9, 7, 9, 6, 5, 4, 8, 9, 7, 10, 8, 6, 7, 4, 1, 10, 9, 5, 8, 6, 4, 1, 7, 8, 6, 9, 6, 6, 2, 1, 6, 7, 9, 1]
(0.856971474550659, 0.8153034300791567, 0.5186648951843367, 0.22677437968840158, 0.8592172736301968, 0.8149951485916912, 0.6225260904058755, 0.6652719665271967, 0.7950289009138867, 0.5156150414276607)
[10, 6, 7, 5, 4, 1, 2, 5, 7, 6, 8, 10, 1, 4, 2, 3, 3, 4, 3, 1, 9, 8, 6, 2, 7, 6, 5, 5, 5, 4, 5, 1, 6, 5, 6, 9, 9, 7, 8, 5, 7, 1, 6, 9, 10, 8, 10, 1, 4, 8, 5, 8, 1, 9, 6, 6, 2, 4, 4, 1, 8, 2]
(0.8326886115595639, 0.2890551917680073, 0.534645668230947, 0.22041503084688732, 0.8739326095208477, 1.0, 0.8465837189927642, 0.726027397260274, 0.8352775974199117, 0.8187555512413319)
[1, 8, 5, 2, 9, 2, 5, 4, 4, 8, 6, 6, 1, 4, 4, 2, 10, 1, 5, 8, 4, 2, 2, 9, 8, 7, 5, 7, 9, 7, 9, 9, 5, 3, 8, 6, 9, 4, 2, 6, 9, 1, 5, 10, 9, 5, 8, 7, 5, 9, 8, 8, 7, 9, 5, 5, 4, 2, 6, 7, 9, 1]
(0.7835306519642404, 0.7856193082407048, 0.6018376722817763, 0.6018376722817763, 0.8719071289524389, 0.8692923581227613, 0.5000081283971645, 0.29499072356215217, 0.6170603597536634, 0.5156150414276607)
[1, 8, 5, 2, 9, 7, 5, 8, 4, 7, 6, 3, 1, 5, 4, 5, 10, 1, 5, 10, 4, 2, 2, 9, 8, 5, 5, 7, 9, 7, 9, 9, 5, 8, 8, 9, 9, 4, 2, 5, 9, 1, 5, 10, 9, 5, 8, 7, 5, 9, 8, 8, 7, 9, 5, 5, 4, 2, 6, 7, 9, 1]
(0.7861427584662964, 0.7838683443143896, 0.3049394773319383, 0.37321937321937315, 0.8854989046230869, 1.0, 0.5892637060955145, 0.29499072356215217, 0.6920444824636444, 0.6217106176540226)
[1, 8, 5, 2, 9, 1, 5, 4, 3, 7, 2, 10, 5, 1, 1, 7, 1, 4, 6, 2, 4, 5, 9, 7, 2, 2, 6, 4, 9, 7, 9, 6, 5, 4, 8, 9, 7, 7, 4, 6, 7, 1, 7, 10, 9, 5, 8, 6, 4, 1, 7, 8, 6, 9, 6, 6, 2, 1, 6, 7, 9, 1]
(0.8578093631192988, 0.8153034300791567, 0.6510780828073561, 0.22677437968840158, 0.5555555555555554, 0.8611080979928323, 0.6376305358484319, 0.6652719665271967, 0.7773070255294368, 0.5156150414276607)
[1, 8, 5, 4, 9, 7, 5, 9, 4, 7, 6, 3, 1, 5, 4, 2, 10, 2, 5, 10, 4, 2, 2, 9, 8, 5, 5, 7, 9, 7, 9, 9, 5, 7, 8, 9, 9, 4, 2, 6, 9, 1, 5, 10, 9, 5, 8, 7, 5, 9, 8, 8, 7, 9, 5, 5, 4, 2, 6, 7, 9, 1]
(0.7860098009928992, 0.7836573624983362, 0.601046524383123, 0.37321937321937315, 0.8797116646543098, 1.0, 0.6737425295636004, 0.29499072356215217, 0.2593780057710805, 0.6920444824636444)
[1, 8, 5, 4, 9, 7, 5, 8, 4, 7, 6, 3, 1, 5, 4, 2, 10, 1, 5, 10, 4, 2, 2, 9, 8, 5, 5, 7, 9, 7, 9, 9, 5, 8, 8, 9, 9, 4, 2, 6, 9, 1, 5, 10, 9, 5, 8, 7, 5, 9, 8, 8, 7, 9, 5, 5, 4, 2, 6, 7, 9, 1]
(0.785793640650802, 0.7838640132918886, 0.37321937321937315, 0.37321937321937315, 0.8760323105379892, 1.0, 0.6727650580927655, 0.29499072356215217, 0.6676978776231335, 0.6920444824636444)
[1, 8, 5, 2, 9, 2, 5, 4, 3, 8, 7, 6, 1, 5, 4, 2, 10, 1, 5, 8, 4, 2, 2, 5, 8, 5, 5, 7, 9, 7, 9, 9, 7, 3, 8, 9, 9, 4, 2, 6, 9, 1, 5, 10, 9, 5, 8, 7, 5, 9, 8, 8, 7, 9, 5, 5, 4, 2, 6, 7, 9, 1]
(0.7835010582581095, 0.7858424523845245, 0.6018376722817763, 0.6018376722817763, 0.8807120850309686, 1.0, 0.5741544095799271, 0.29499072356215217, 0.6213736267760334, 0.5156150414276607)
[1, 8, 5, 2, 9, 2, 5, 4, 6, 7, 2, 10, 5, 1, 4, 7, 1, 4, 6, 2, 2, 5, 2, 2, 2, 2, 6, 4, 9, 7, 9, 7, 5, 4, 8, 9, 7, 7, 4, 10, 7, 1, 7, 10, 9, 5, 8, 6, 4, 1, 7, 8, 6, 9, 6, 6, 2, 1, 6, 7, 9, 1]
(0.8642118586227249, 0.8153034300791567, 0.8208133840933381, 0.22677437968840158, 0.8541694847866839, 1.0, 0.6968091642483996, 0.46902654867256593, 0.8545223196968382, 0.6920444824636444)
[1, 8, 5, 2, 9, 2, 5, 4, 3, 7, 2, 10, 5, 3, 1, 7, 1, 4, 6, 2, 9, 5, 4, 2, 2, 2, 6, 4, 9, 7, 9, 7, 5, 4, 8, 9, 7, 7, 4, 10, 7, 1, 5, 10, 9, 5, 8, 6, 4, 1, 7, 8, 6, 9, 6, 6, 2, 1, 6, 7, 9, 1]
(0.8649439068511086, 0.8153034300791567, 0.727040481008582, 0.22677437968840158, 0.8650597764179063, 1.0, 0.8208994364365869, 0.46902654867256593, 0.8554234316572495, 0.6920444824636444)
[1, 8, 5, 2, 9, 2, 5, 4, 3, 7, 2, 10, 5, 3, 1, 7, 1, 4, 6, 2, 9, 5, 2, 2, 2, 2, 6, 4, 9, 7, 9, 7, 5, 4, 8, 9, 7, 7, 4, 10, 7, 1, 5, 10, 9, 5, 8, 6, 4, 1, 7, 8, 6, 9, 6, 6, 2, 1, 6, 7, 9, 1]
(0.8522438911721055, 0.8153034300791567, 0.7106719674542474, 0.22677437968840158, 0.8546842066571062, 1.0, 0.6933368863537833, 0.46902654867256593, 0.8541892746463364, 0.6920444824636444)
[1, 8, 5, 2, 9, 2, 5, 4, 3, 8, 6, 3, 1, 4, 5, 2, 10, 1, 5, 8, 4, 2, 2, 9, 8, 7, 5, 7, 9, 6, 9, 6, 5, 3, 1, 9, 9, 4, 2, 6, 9, 1, 5, 4, 9, 5, 8, 7, 5, 9, 8, 8, 7, 9, 5, 5, 4, 2, 6, 7, 9, 1]
(0.7834623450413278, 0.7855809213593534, 0.6018376722817763, 0.6018376722817763, 0.8710917165502857, 0.8744993822649073, 0.8352751037105863, 0.29499072356215217, 0.6920444824636444, 0.6920444824636444)
[1, 8, 5, 2, 2, 7, 5, 8, 4, 7, 6, 3, 1, 5, 4, 5, 10, 1, 5, 10, 4, 2, 2, 9, 8, 5, 5, 7, 7, 7, 9, 9, 5, 8, 8, 9, 9, 4, 2, 5, 9, 1, 7, 10, 9, 8, 8, 7, 5, 9, 8, 8, 7, 9, 5, 5, 4, 2, 6, 7, 9, 1]
(0.7860653946176103, 0.7835506679490141, 0.37321937321937315, 0.7660818713450289, 0.8693772101774763, 1.0, 0.5959183858707506, 0.29499072356215217, 0.7898525128140971, 0.5156150414276607)
[1, 8, 5, 2, 9, 2, 5, 4, 3, 8, 6, 3, 1, 4, 5, 2, 10, 1, 5, 8, 4, 2, 2, 9, 8, 7, 5, 7, 9, 6, 9, 6, 5, 3, 1, 9, 9, 4, 2, 6, 9, 1, 5, 10, 9, 5, 8, 7, 5, 9, 8, 8, 7, 9, 5, 5, 4, 2, 6, 7, 9, 1]
(0.7834670865908197, 0.7855835722759298, 0.6286408709362099, 0.6018376722817763, 0.876209034956987, 1.0, 0.5290418924763765, 0.29499072356215217, 0.7459044428542179, 0.6920444824636444)
[1, 8, 5, 2, 9, 1, 5, 4, 3, 7, 2, 10, 5, 1, 4, 7, 1, 4, 6, 2, 9, 5, 2, 2, 2, 2, 6, 4, 9, 7, 9, 6, 5, 4, 8, 9, 7, 7, 4, 10, 7, 1, 6, 10, 9, 5, 8, 6, 4, 1, 7, 8, 6, 9, 6, 6, 2, 1, 6, 7, 8, 1]
(0.8823159934952813, 0.8153034300791567, 0.7499379100277944, 0.22677437968840158, 0.8577256256714412, 1.0, 0.8146055301651289, 0.6652719665271967, 0.8485765142366236, 0.6920444824636444)
[1, 8, 5, 2, 9, 1, 5, 4, 3, 7, 2, 10, 5, 1, 4, 7, 1, 4, 6, 2, 9, 5, 2, 1, 2, 2, 6, 4, 9, 7, 9, 7, 5, 4, 8, 8, 7, 7, 4, 10, 7, 1, 5, 10, 9, 5, 8, 6, 4, 1, 7, 8, 6, 9, 6, 6, 2, 1, 6, 7, 9, 1]
(0.8919397195801099, 0.8153034300791567, 0.6838241728022629, 0.22677437968840158, 0.8583911174908229, 1.0, 0.7215557457879113, 0.6652719665271967, 0.8539119182154482, 0.6920444824636444)
[1, 8, 5, 2, 9, 2, 5, 4, 3, 7, 2, 10, 5, 3, 1, 7, 1, 4, 6, 2, 9, 5, 2, 2, 2, 2, 6, 4, 9, 7, 9, 7, 5, 4, 8, 9, 3, 7, 4, 10, 6, 1, 5, 10, 9, 5, 8, 6, 4, 1, 7, 8, 6, 9, 6, 6, 2, 1, 6, 7, 9, 1]
(0.885107460059221, 0.8153034300791567, 0.7324319215491352, 0.22677437968840158, 0.8515233648940868, 1.0, 0.8101939609274204, 0.46902654867256593, 0.8572449969127723, 0.9528857479387497)
