[6, 1, 6, 3, 7, 9, 9, 5, 5, 8, 7, 10, 1, 5, 4, 9, 10, 10, 7, 2, 2, 1, 10, 9, 8, 4, 9, 3, 9, 7, 6, 10, 7, 5, 6, 4, 9, 8, 3, 10, 1, 2, 3, 5, 10, 10, 1, 10, 9, 6, 7, 10, 5, 8, 3, 4, 5, 1, 5, 4, 6, 1]
(0.0, 0.664805983845143, 0.0)
[6, 1, 6, 3, 7, 3, 2, 8, 2, 6, 7, 10, 1, 8, 4, 9, 6, 10, 2, 2, 2, 1, 8, 3, 6, 3, 7, 3, 9, 6, 6, 10, 7, 5, 5, 4, 9, 8, 3, 4, 1, 2, 3, 5, 10, 9, 1, 4, 9, 6, 7, 3, 6, 3, 3, 4, 5, 4, 2, 4, 3, 1]
(0.0, 0.0, 0.7813447420485293)
[6, 1, 6, 3, 7, 9, 9, 5, 5, 8, 7, 10, 1, 9, 4, 9, 10, 10, 8, 1, 9, 1, 10, 4, 8, 6, 9, 3, 9, 7, 6, 10, 7, 5, 6, 4, 9, 8, 3, 10, 1, 2, 3, 5, 10, 8, 1, 10, 9, 6, 7, 3, 5, 4, 3, 4, 5, 5, 5, 4, 10, 1]
(0.0, 0.6599495327458346, 0.2055211723585029)
[6, 1, 6, 3, 7, 3, 2, 8, 2, 6, 7, 8, 1, 8, 4, 9, 10, 10, 2, 2, 9, 1, 8, 4, 8, 3, 6, 3, 9, 7, 6, 10, 7, 5, 6, 4, 9, 8, 6, 10, 1, 2, 5, 6, 10, 5, 1, 10, 9, 6, 7, 4, 6, 3, 3, 4, 5, 4, 2, 4, 3, 1]
(0.0, 0.9637808288447542, 0.0)
[6, 1, 6, 3, 7, 9, 2, 8, 2, 2, 7, 10, 1, 9, 4, 9, 10, 8, 2, 2, 9, 1, 8, 3, 8, 3, 2, 3, 9, 6, 6, 10, 7, 5, 6, 4, 9, 8, 6, 10, 1, 2, 5, 6, 10, 5, 1, 10, 9, 6, 7, 3, 6, 3, 3, 4, 5, 4, 2, 4, 3, 1]
(0.0, 0.9713916248641888, 0.0)
[6, 1, 6, 1, 4, 9, 9, 5, 5, 8, 6, 10, 5, 4, 4, 9, 6, 10, 8, 2, 9, 1, 10, 4, 8, 6, 9, 3, 9, 7, 6, 10, 7, 5, 6, 4, 9, 8, 3, 10, 1, 2, 3, 5, 10, 9, 1, 10, 6, 6, 7, 7, 5, 3, 3, 4, 5, 5, 2, 4, 10, 1]
(0.0, 0.9613477188162489, 0.24039658870090222)
[6, 1, 6, 3, 3, 9, 2, 8, 5, 6, 7, 10, 1, 5, 4, 9, 10, 3, 2, 2, 9, 1, 8, 3, 8, 3, 2, 3, 5, 7, 6, 10, 7, 5, 6, 4, 9, 8, 3, 10, 1, 2, 3, 5, 10, 10, 1, 10, 9, 6, 7, 5, 2, 9, 3, 4, 5, 1, 5, 4, 10, 1]
(0.0, 0.9531104405410573, 0.25872021489250135)
[6, 1, 6, 3, 3, 9, 2, 8, 5, 6, 7, 10, 1, 5, 4, 9, 10, 3, 2, 2, 9, 1, 8, 3, 8, 3, 2, 3, 5, 7, 6, 10, 7, 5, 6, 4, 9, 8, 3, 10, 1, 2, 3, 5, 10, 10, 1, 10, 9, 6, 7, 5, 2, 9, 3, 4, 5, 1, 5, 4, 10, 1]
(0.0, 0.9531104405410573, 0.25872021489250135)
[6, 1, 6, 3, 3, 10, 2, 8, 5, 6, 7, 10, 1, 5, 4, 9, 10, 3, 2, 2, 9, 1, 8, 3, 8, 3, 2, 3, 5, 7, 6, 10, 7, 5, 6, 4, 9, 8, 3, 10, 1, 2, 3, 5, 10, 10, 1, 10, 9, 6, 7, 5, 2, 9, 3, 4, 5, 1, 5, 4, 10, 1]
(0.0, 0.9527626398019479, 0.25936369269077997)
[6, 1, 6, 3, 3, 10, 2, 8, 5, 6, 7, 10, 1, 5, 4, 9, 10, 3, 2, 2, 9, 1, 8, 3, 8, 3, 2, 3, 5, 7, 6, 10, 7, 5, 6, 4, 9, 8, 3, 10, 1, 2, 3, 5, 10, 10, 1, 10, 9, 6, 7, 5, 2, 9, 3, 4, 5, 1, 5, 4, 10, 1]
(0.0, 0.9527626398019479, 0.25936369269077997)
[6, 1, 6, 3, 7, 9, 2, 8, 5, 6, 7, 10, 1, 8, 4, 9, 2, 9, 4, 2, 9, 1, 8, 4, 7, 3, 2, 3, 9, 6, 6, 10, 7, 5, 7, 4, 9, 8, 3, 10, 1, 2, 5, 5, 10, 9, 1, 10, 7, 6, 7, 3, 7, 8, 3, 4, 5, 5, 2, 4, 10, 1]
(0.6365096125066397, 0.66174532119901, 0.0)
[6, 1, 6, 3, 7, 9, 2, 8, 5, 6, 7, 10, 1, 8, 4, 9, 2, 9, 4, 2, 9, 1, 8, 4, 7, 3, 2, 3, 9, 6, 6, 10, 7, 5, 7, 4, 9, 8, 3, 10, 1, 2, 5, 5, 10, 9, 1, 10, 7, 6, 7, 3, 7, 8, 3, 4, 5, 5, 2, 4, 10, 1]
(0.6365096125066397, 0.66174532119901, 0.0)
[6, 1, 6, 3, 7, 9, 2, 8, 5, 6, 7, 10, 1, 8, 4, 9, 2, 9, 4, 2, 9, 1, 8, 4, 7, 3, 2, 3, 9, 6, 6, 10, 7, 5, 7, 4, 9, 8, 3, 10, 1, 2, 5, 5, 10, 9, 1, 10, 7, 6, 7, 3, 7, 8, 3, 4, 5, 5, 2, 4, 10, 1]
(0.6365096125066397, 0.66174532119901, 0.0)
[6, 1, 6, 3, 7, 9, 2, 8, 10, 6, 1, 6, 1, 8, 4, 9, 9, 3, 8, 2, 9, 1, 8, 4, 8, 9, 2, 2, 9, 5, 6, 10, 7, 5, 6, 4, 9, 8, 3, 10, 4, 2, 5, 5, 10, 9, 1, 10, 9, 6, 7, 6, 7, 3, 2, 4, 5, 4, 2, 4, 10, 2]
(0.644563237800514, 0.6628448628677186, 0.0)
[6, 1, 6, 3, 7, 9, 2, 8, 2, 7, 7, 10, 1, 8, 4, 9, 1, 3, 2, 2, 9, 1, 8, 4, 8, 3, 1, 3, 9, 5, 6, 10, 7, 5, 5, 4, 9, 8, 3, 10, 1, 2, 3, 5, 10, 9, 1, 10, 9, 6, 7, 3, 7, 3, 3, 4, 5, 4, 2, 4, 10, 1]
(0.6408351595583018, 0.6698595147651533, 0.0)
[6, 7, 6, 3, 7, 9, 2, 8, 2, 6, 7, 10, 1, 9, 4, 9, 10, 10, 8, 2, 9, 1, 8, 4, 8, 9, 2, 2, 9, 5, 6, 10, 7, 5, 6, 4, 9, 8, 3, 10, 1, 2, 5, 5, 10, 9, 1, 10, 9, 6, 7, 5, 7, 3, 3, 4, 5, 4, 2, 4, 10, 2]
(0.6375381412368359, 0.6737509084793794, 0.0)
[6, 1, 6, 3, 7, 9, 2, 8, 5, 6, 7, 10, 1, 9, 4, 9, 10, 10, 8, 8, 8, 1, 8, 4, 8, 3, 6, 3, 9, 6, 6, 10, 7, 5, 6, 4, 9, 8, 3, 10, 1, 2, 5, 5, 10, 9, 1, 10, 9, 6, 10, 2, 7, 2, 3, 4, 5, 4, 2, 4, 10, 1]
(0.6473086448194312, 0.6650084297602552, 0.0)
[6, 1, 6, 3, 3, 9, 2, 8, 5, 6, 7, 10, 1, 5, 4, 9, 10, 10, 6, 2, 2, 1, 6, 4, 8, 6, 4, 2, 9, 7, 6, 10, 7, 5, 6, 4, 9, 8, 3, 6, 1, 2, 3, 5, 10, 10, 1, 10, 9, 6, 7, 5, 2, 9, 3, 4, 5, 1, 5, 4, 10, 1]
(0.6598976340995598, 0.6528717685992328, 0.0)
[6, 1, 6, 3, 3, 9, 2, 8, 5, 6, 7, 10, 1, 5, 4, 9, 10, 10, 6, 2, 2, 1, 6, 4, 8, 6, 4, 2, 9, 7, 6, 10, 7, 5, 6, 4, 9, 8, 3, 6, 1, 2, 3, 5, 10, 10, 1, 10, 9, 6, 7, 5, 2, 9, 3, 4, 5, 1, 5, 4, 10, 1]
(0.6598976340995598, 0.6528717685992328, 0.0)
[6, 1, 6, 3, 3, 9, 2, 8, 5, 6, 7, 10, 1, 5, 4, 9, 10, 10, 6, 2, 2, 1, 6, 4, 8, 6, 4, 2, 9, 7, 6, 10, 7, 5, 6, 4, 9, 8, 3, 6, 1, 2, 3, 5, 10, 10, 1, 10, 9, 6, 7, 5, 2, 9, 3, 4, 5, 1, 5, 4, 10, 1]
(0.6598976340995598, 0.6528717685992328, 0.0)
[6, 1, 6, 3, 7, 9, 2, 8, 5, 6, 7, 10, 1, 9, 4, 9, 10, 10, 8, 8, 8, 1, 8, 4, 8, 3, 2, 3, 9, 6, 6, 10, 7, 5, 6, 4, 9, 8, 3, 10, 1, 2, 5, 5, 10, 9, 1, 10, 9, 6, 10, 3, 7, 2, 3, 4, 5, 4, 2, 4, 10, 1]
(0.6451251103273155, 0.6687962391413733, 0.0)
[6, 1, 6, 3, 7, 9, 2, 8, 5, 6, 7, 10, 1, 9, 4, 9, 10, 10, 8, 8, 8, 1, 8, 4, 8, 3, 2, 3, 9, 6, 6, 10, 7, 5, 6, 4, 9, 8, 3, 10, 1, 2, 5, 5, 10, 9, 1, 10, 9, 6, 10, 3, 7, 2, 3, 4, 5, 4, 2, 4, 10, 1]
(0.6451251103273155, 0.6687962391413733, 0.0)
[9, 1, 6, 3, 7, 9, 2, 8, 2, 6, 7, 10, 9, 8, 4, 9, 1, 10, 2, 2, 2, 1, 8, 3, 6, 3, 2, 3, 9, 6, 6, 10, 7, 5, 5, 4, 9, 8, 3, 4, 1, 2, 3, 5, 10, 9, 1, 6, 9, 6, 4, 3, 5, 3, 3, 4, 5, 4, 2, 4, 10, 1]
(0.6503024043057429, 0.6682663633344823, 0.0)
[6, 1, 6, 3, 7, 9, 2, 8, 2, 6, 7, 10, 1, 8, 4, 9, 1, 3, 2, 2, 9, 1, 8, 4, 8, 3, 2, 3, 9, 5, 6, 10, 7, 5, 5, 4, 9, 8, 3, 10, 1, 2, 5, 5, 10, 9, 1, 10, 9, 6, 7, 3, 5, 3, 3, 4, 5, 4, 2, 4, 10, 1]
(0.6473774476980882, 0.6725367396425154, 0.0)
[9, 1, 6, 3, 7, 9, 2, 8, 2, 6, 7, 10, 1, 8, 4, 9, 1, 10, 2, 2, 2, 1, 8, 3, 6, 3, 2, 3, 9, 6, 6, 10, 7, 5, 5, 4, 9, 8, 3, 4, 1, 2, 3, 5, 10, 9, 1, 6, 9, 6, 4, 3, 5, 3, 3, 4, 5, 4, 2, 4, 10, 1]
(0.6513779462236401, 0.6685882315111259, 0.0)
[6, 2, 5, 2, 7, 3, 2, 8, 2, 6, 7, 10, 1, 8, 4, 9, 10, 3, 2, 2, 9, 1, 8, 3, 8, 3, 2, 3, 9, 5, 6, 10, 7, 5, 6, 4, 1, 8, 3, 10, 1, 2, 5, 5, 10, 9, 4, 10, 9, 6, 7, 4, 7, 5, 3, 4, 5, 4, 2, 4, 9, 2]
(0.6600034820164419, 0.6607622195106847, 0.0)
[6, 1, 6, 1, 7, 9, 2, 8, 2, 6, 7, 10, 6, 8, 4, 9, 10, 10, 4, 2, 2, 4, 6, 4, 10, 5, 2, 5, 9, 7, 6, 10, 6, 5, 7, 4, 9, 8, 3, 10, 1, 2, 3, 5, 10, 5, 1, 10, 9, 6, 8, 5, 1, 9, 3, 4, 5, 1, 5, 4, 10, 1]
(0.6582658370287648, 0.6625563019241839, 0.0)
[6, 1, 6, 1, 7, 9, 2, 8, 2, 6, 7, 10, 6, 8, 4, 9, 10, 10, 4, 2, 2, 4, 6, 4, 10, 5, 2, 5, 9, 7, 6, 10, 6, 5, 7, 4, 9, 8, 3, 10, 1, 2, 3, 5, 10, 5, 1, 10, 9, 6, 8, 5, 1, 9, 3, 4, 5, 1, 5, 4, 10, 1]
(0.6582658370287648, 0.6625563019241839, 0.0)
[6, 1, 6, 1, 7, 9, 2, 8, 2, 6, 7, 10, 6, 8, 4, 9, 10, 10, 4, 2, 2, 4, 6, 4, 10, 5, 2, 5, 9, 7, 6, 10, 6, 5, 7, 4, 9, 8, 3, 10, 1, 2, 3, 5, 10, 5, 1, 10, 9, 6, 8, 5, 1, 9, 3, 4, 5, 1, 5, 4, 10, 1]
(0.6582658370287648, 0.6625563019241839, 0.0)
[6, 2, 5, 2, 7, 3, 2, 8, 4, 7, 6, 10, 1, 9, 4, 9, 10, 4, 2, 9, 8, 1, 8, 4, 8, 3, 2, 3, 9, 5, 6, 10, 7, 5, 3, 4, 9, 8, 3, 10, 1, 2, 2, 5, 10, 10, 4, 10, 9, 4, 7, 4, 7, 5, 3, 4, 5, 4, 2, 4, 9, 2]
(0.662710660490333, 0.6599613549689248, 0.0)
[6, 2, 5, 2, 7, 3, 2, 8, 4, 7, 6, 10, 1, 9, 4, 9, 10, 4, 2, 9, 8, 1, 8, 4, 8, 3, 2, 3, 9, 5, 6, 10, 7, 5, 6, 4, 9, 8, 3, 10, 1, 2, 5, 5, 10, 9, 4, 10, 9, 6, 7, 4, 7, 5, 3, 4, 5, 4, 2, 4, 9, 2]
(0.6621082244820997, 0.6619749693558179, 0.0)
[6, 1, 6, 3, 7, 9, 2, 8, 2, 6, 7, 10, 1, 8, 4, 9, 10, 10, 4, 2, 9, 4, 6, 4, 8, 6, 2, 3, 9, 7, 6, 10, 7, 5, 7, 4, 9, 8, 3, 10, 1, 2, 3, 5, 10, 9, 1, 10, 9, 6, 7, 3, 6, 3, 3, 4, 5, 4, 2, 4, 3, 1]
(0.6506199698276579, 0.6742572344911196, 0.0)
[6, 1, 6, 2, 3, 2, 2, 8, 2, 6, 7, 10, 1, 8, 4, 9, 10, 3, 2, 2, 9, 1, 8, 3, 8, 3, 2, 3, 9, 6, 6, 10, 7, 5, 5, 4, 9, 8, 3, 10, 1, 2, 3, 5, 10, 9, 1, 10, 9, 6, 7, 3, 9, 3, 3, 4, 5, 4, 2, 4, 10, 1]
(0.6588822975990295, 0.6682798993343901, 0.0)
[6, 1, 4, 2, 3, 2, 2, 8, 2, 6, 7, 10, 1, 8, 4, 9, 10, 3, 2, 2, 2, 1, 8, 3, 8, 3, 2, 3, 9, 5, 6, 10, 7, 5, 5, 4, 9, 8, 3, 10, 1, 2, 3, 5, 10, 9, 1, 10, 9, 6, 7, 3, 9, 3, 3, 4, 5, 4, 2, 4, 10, 1]
(0.658259742361654, 0.6691984918326697, 0.0)
[6, 1, 6, 3, 3, 10, 2, 8, 5, 6, 7, 7, 1, 5, 4, 9, 9, 3, 2, 2, 9, 1, 8, 3, 8, 3, 2, 3, 5, 7, 6, 10, 7, 5, 6, 4, 9, 8, 3, 10, 1, 2, 3, 5, 10, 10, 1, 10, 9, 6, 7, 5, 3, 9, 3, 4, 5, 1, 5, 4, 10, 1]
(0.4374946610805794, 0.9581932445056721, 0.0)
[6, 1, 1, 2, 3, 9, 9, 5, 5, 6, 6, 10, 1, 9, 2, 9, 1, 10, 2, 2, 9, 1, 8, 3, 2, 3, 2, 3, 9, 6, 6, 10, 7, 5, 7, 4, 9, 8, 3, 4, 1, 2, 5, 3, 10, 9, 1, 10, 9, 6, 7, 5, 7, 8, 3, 4, 5, 4, 2, 4, 3, 1]
(0.0, 0.954605690669267, 0.47767401583033564)
[6, 1, 1, 2, 3, 9, 9, 5, 5, 6, 6, 10, 1, 9, 2, 9, 1, 10, 2, 2, 9, 1, 8, 3, 2, 3, 2, 3, 9, 6, 6, 10, 7, 5, 7, 4, 9, 8, 3, 4, 1, 2, 5, 3, 10, 9, 1, 10, 9, 6, 7, 5, 7, 8, 3, 4, 5, 4, 2, 4, 3, 1]
(0.0, 0.954605690669267, 0.47767401583033564)
[6, 1, 1, 2, 3, 9, 9, 5, 5, 6, 6, 10, 1, 9, 2, 9, 1, 10, 2, 2, 9, 1, 8, 3, 2, 3, 2, 3, 9, 6, 6, 10, 7, 5, 7, 4, 9, 8, 3, 4, 1, 2, 5, 3, 10, 9, 1, 10, 9, 6, 7, 5, 7, 8, 3, 4, 5, 4, 2, 4, 3, 1]
(0.0, 0.954605690669267, 0.47767401583033564)
[6, 1, 6, 1, 4, 9, 9, 5, 5, 8, 6, 10, 5, 9, 4, 9, 10, 10, 1, 2, 9, 1, 6, 4, 1, 6, 9, 3, 9, 7, 6, 10, 7, 5, 6, 4, 9, 8, 3, 10, 1, 2, 3, 5, 10, 10, 1, 10, 9, 6, 8, 5, 1, 9, 3, 4, 5, 1, 5, 4, 10, 1]
(0.6578323923166938, 0.0, 0.812976641445664)
[6, 1, 6, 1, 4, 9, 9, 5, 3, 8, 6, 10, 5, 9, 4, 9, 10, 10, 1, 2, 9, 1, 8, 4, 1, 6, 9, 3, 9, 7, 6, 10, 7, 5, 6, 4, 9, 8, 3, 10, 1, 2, 3, 5, 10, 10, 1, 10, 9, 6, 8, 5, 1, 9, 3, 4, 5, 1, 5, 4, 10, 1]
(0.6582864338087626, 0.0, 0.8127288867773225)
[6, 1, 6, 1, 4, 9, 9, 5, 3, 8, 6, 10, 5, 9, 4, 9, 10, 10, 1, 2, 9, 1, 8, 4, 1, 6, 9, 3, 9, 7, 6, 10, 7, 5, 6, 4, 9, 8, 3, 8, 1, 2, 3, 5, 10, 10, 1, 10, 9, 6, 8, 5, 1, 9, 3, 4, 5, 1, 5, 4, 10, 1]
(0.6578929328054863, 0.0, 0.8146939302640287)
[6, 1, 6, 1, 4, 9, 9, 5, 3, 8, 6, 10, 5, 9, 4, 9, 10, 10, 1, 2, 9, 1, 8, 4, 1, 6, 9, 3, 9, 7, 6, 10, 7, 5, 6, 4, 9, 8, 3, 8, 1, 2, 3, 5, 10, 10, 1, 10, 9, 6, 8, 5, 1, 9, 3, 4, 5, 1, 5, 4, 10, 1]
(0.6578929328054863, 0.0, 0.8146939302640287)
[6, 1, 6, 1, 4, 9, 9, 5, 3, 8, 6, 10, 5, 9, 4, 9, 10, 10, 1, 2, 9, 1, 8, 4, 1, 6, 9, 3, 9, 7, 6, 10, 7, 5, 6, 4, 9, 8, 3, 8, 1, 2, 3, 5, 10, 10, 1, 10, 9, 6, 8, 5, 1, 9, 3, 4, 5, 1, 5, 4, 10, 1]
(0.6578929328054863, 0.0, 0.8146939302640287)
[6, 1, 6, 1, 4, 9, 9, 5, 3, 8, 6, 10, 5, 9, 4, 9, 10, 10, 1, 2, 9, 1, 8, 4, 1, 6, 9, 3, 9, 7, 6, 10, 7, 5, 6, 4, 9, 8, 3, 8, 1, 2, 3, 5, 10, 10, 1, 10, 9, 6, 8, 5, 1, 9, 3, 4, 5, 1, 5, 4, 10, 1]
(0.6578929328054863, 0.0, 0.8146939302640287)
[6, 6, 6, 3, 2, 9, 6, 10, 10, 6, 3, 10, 1, 8, 4, 9, 6, 10, 2, 2, 2, 1, 8, 3, 6, 3, 2, 3, 9, 6, 6, 10, 7, 5, 5, 4, 9, 8, 3, 4, 1, 2, 3, 5, 10, 9, 1, 4, 9, 6, 7, 3, 5, 3, 3, 4, 5, 4, 2, 4, 10, 1]
(0.0, 0.667143134407411, 0.8077523160477379)
[6, 1, 6, 3, 3, 6, 2, 8, 5, 6, 7, 10, 1, 5, 6, 6, 10, 10, 6, 2, 9, 1, 6, 4, 8, 6, 9, 3, 9, 7, 6, 10, 7, 5, 6, 4, 9, 8, 6, 10, 1, 2, 3, 5, 10, 10, 1, 10, 9, 6, 7, 3, 2, 9, 3, 4, 5, 1, 5, 4, 10, 1]
(0.0, 0.6667738029948206, 0.8105339417805341)
[6, 1, 1, 2, 7, 9, 2, 6, 5, 2, 2, 3, 10, 8, 10, 9, 10, 10, 10, 2, 9, 1, 10, 3, 3, 3, 2, 4, 9, 6, 6, 10, 7, 5, 6, 4, 9, 8, 6, 10, 1, 2, 5, 6, 6, 9, 1, 10, 9, 6, 7, 5, 7, 8, 3, 4, 5, 4, 2, 4, 10, 1]
(0.0, 0.6717646766095764, 0.8122594522638078)
[6, 1, 6, 1, 4, 9, 9, 5, 5, 8, 6, 10, 5, 9, 4, 9, 10, 10, 8, 2, 9, 1, 4, 4, 8, 6, 9, 3, 9, 7, 6, 10, 7, 5, 6, 4, 9, 8, 3, 10, 1, 2, 3, 5, 10, 10, 1, 10, 9, 6, 7, 5, 2, 9, 3, 4, 5, 1, 5, 4, 10, 1]
(0.6604973081195696, 0.6645166605352778, 0.24131413249760525)
[6, 1, 6, 4, 4, 9, 9, 5, 5, 8, 7, 10, 1, 5, 4, 9, 10, 10, 7, 2, 9, 1, 10, 9, 8, 4, 9, 3, 9, 7, 6, 10, 7, 5, 6, 4, 9, 8, 3, 10, 1, 2, 3, 5, 10, 10, 1, 10, 9, 6, 7, 5, 2, 8, 3, 4, 5, 1, 5, 4, 10, 1]
(0.6599551840662151, 0.665210526085529, 0.24120151102509815)
[6, 1, 6, 3, 7, 9, 2, 8, 2, 2, 7, 10, 1, 9, 4, 9, 10, 8, 2, 2, 9, 1, 8, 3, 8, 3, 2, 1, 9, 7, 6, 10, 7, 5, 6, 4, 9, 8, 3, 10, 1, 2, 3, 5, 10, 9, 1, 10, 9, 6, 7, 3, 6, 3, 3, 4, 5, 4, 2, 4, 3, 1]
(0.6223503421004243, 0.963522549066691, 0.0)
[6, 1, 6, 3, 7, 9, 2, 8, 2, 2, 7, 10, 1, 9, 4, 9, 10, 8, 2, 2, 9, 1, 8, 3, 8, 3, 2, 1, 9, 7, 6, 10, 7, 5, 6, 4, 9, 8, 3, 10, 1, 2, 3, 5, 10, 9, 1, 10, 9, 6, 7, 3, 6, 3, 3, 4, 5, 4, 2, 4, 3, 1]
(0.6223503421004243, 0.963522549066691, 0.0)
[6, 1, 6, 3, 7, 9, 2, 8, 2, 2, 7, 10, 1, 9, 4, 9, 10, 8, 2, 2, 9, 1, 8, 3, 8, 3, 2, 1, 9, 7, 6, 10, 7, 5, 6, 4, 9, 8, 3, 10, 1, 2, 3, 5, 10, 9, 1, 10, 9, 6, 7, 3, 6, 3, 3, 4, 5, 4, 2, 4, 3, 1]
(0.6223503421004243, 0.963522549066691, 0.0)
[6, 1, 6, 3, 7, 9, 2, 8, 2, 2, 7, 10, 1, 9, 4, 9, 10, 8, 2, 2, 9, 1, 8, 3, 8, 3, 2, 1, 9, 7, 6, 10, 7, 5, 6, 4, 9, 8, 3, 10, 1, 2, 3, 5, 10, 9, 1, 10, 9, 6, 7, 3, 6, 3, 3, 4, 5, 4, 2, 4, 3, 1]
(0.6223503421004243, 0.963522549066691, 0.0)
[6, 1, 6, 6, 7, 9, 2, 8, 1, 2, 7, 10, 1, 9, 4, 9, 10, 8, 2, 2, 9, 1, 8, 4, 10, 7, 2, 3, 9, 7, 6, 10, 7, 5, 6, 4, 9, 8, 3, 10, 1, 2, 5, 6, 10, 5, 1, 10, 9, 6, 7, 3, 6, 3, 3, 4, 5, 4, 2, 4, 3, 1]
(0.6453967593409021, 0.9471600054763244, 0.0)
[6, 1, 6, 1, 4, 9, 9, 9, 5, 8, 6, 10, 5, 9, 4, 9, 10, 10, 8, 2, 9, 1, 10, 4, 8, 6, 9, 3, 9, 7, 6, 10, 7, 5, 6, 4, 9, 8, 3, 10, 1, 2, 3, 5, 10, 9, 1, 5, 9, 6, 8, 3, 5, 3, 2, 4, 5, 5, 2, 4, 10, 1]
(0.6427699982668557, 0.9550763281993553, 0.0)
[6, 1, 6, 1, 4, 9, 9, 9, 5, 8, 6, 10, 5, 9, 4, 9, 10, 10, 8, 2, 9, 1, 10, 4, 8, 6, 9, 3, 9, 7, 6, 10, 7, 5, 6, 4, 9, 8, 3, 10, 1, 2, 3, 5, 10, 9, 1, 5, 9, 6, 8, 3, 5, 3, 2, 4, 5, 5, 2, 4, 10, 1]
(0.6427699982668557, 0.9550763281993553, 0.0)
[6, 1, 6, 3, 7, 3, 2, 8, 2, 6, 7, 4, 1, 8, 4, 9, 10, 10, 2, 2, 9, 1, 8, 4, 8, 3, 6, 3, 9, 6, 6, 10, 7, 5, 6, 4, 9, 8, 6, 10, 1, 2, 5, 6, 10, 5, 1, 10, 9, 6, 7, 4, 6, 3, 3, 4, 5, 4, 2, 4, 3, 1]
(0.6514858674352267, 0.9591095157898949, 0.0)
[6, 1, 5, 2, 7, 3, 2, 8, 2, 6, 7, 4, 1, 8, 4, 9, 10, 10, 2, 2, 9, 1, 8, 4, 8, 9, 2, 3, 9, 7, 6, 10, 7, 5, 6, 4, 9, 8, 3, 10, 1, 2, 3, 5, 10, 9, 1, 10, 9, 6, 7, 3, 6, 3, 3, 4, 5, 4, 2, 4, 3, 1]
(0.6460324314458582, 0.9689488767646235, 0.0)
[6, 1, 6, 2, 7, 3, 2, 8, 2, 6, 7, 4, 1, 8, 4, 9, 10, 10, 2, 2, 9, 1, 8, 4, 8, 9, 2, 3, 9, 5, 6, 10, 7, 5, 5, 4, 9, 8, 3, 10, 1, 2, 3, 5, 10, 9, 1, 10, 9, 6, 7, 3, 6, 3, 3, 4, 5, 4, 2, 4, 3, 1]
(0.6529173221958641, 0.965176461171357, 0.0)
[6, 1, 6, 3, 7, 10, 2, 8, 8, 6, 2, 10, 1, 9, 4, 9, 10, 8, 2, 2, 9, 4, 4, 4, 8, 6, 2, 2, 9, 7, 6, 10, 7, 5, 5, 4, 9, 8, 3, 10, 1, 1, 1, 4, 10, 9, 1, 10, 9, 6, 7, 3, 6, 3, 3, 4, 5, 4, 2, 4, 3, 1]
(0.6584254250690316, 0.9653581588529032, 0.0)
[6, 1, 6, 3, 7, 9, 2, 8, 2, 6, 7, 10, 1, 9, 4, 9, 10, 10, 4, 2, 9, 4, 4, 4, 8, 6, 2, 2, 9, 7, 6, 10, 7, 5, 5, 4, 9, 8, 3, 10, 1, 1, 3, 4, 10, 9, 1, 10, 9, 6, 7, 3, 6, 3, 3, 4, 5, 4, 2, 4, 3, 1]
(0.6565932755109769, 0.9673635757528227, 0.0)
[6, 1, 6, 1, 4, 9, 9, 5, 5, 8, 1, 10, 5, 9, 4, 9, 10, 10, 8, 2, 9, 9, 8, 9, 8, 3, 2, 3, 9, 6, 6, 10, 7, 5, 5, 4, 9, 8, 3, 10, 1, 2, 3, 5, 10, 9, 1, 10, 9, 6, 7, 1, 5, 3, 1, 4, 5, 5, 2, 4, 10, 1]
(0.0, 0.9473318739794182, 0.8078017227517231)
[6, 1, 6, 3, 3, 9, 2, 8, 5, 6, 7, 10, 1, 5, 4, 9, 10, 3, 2, 2, 9, 1, 8, 3, 8, 3, 2, 3, 5, 7, 6, 10, 7, 5, 6, 4, 9, 8, 3, 8, 1, 2, 3, 5, 10, 10, 1, 10, 9, 6, 8, 5, 1, 9, 3, 4, 5, 1, 5, 4, 10, 1]
(0.0, 0.953942105825989, 0.8072957690978197)
[6, 6, 6, 3, 7, 9, 2, 8, 2, 6, 7, 10, 1, 8, 4, 9, 1, 10, 2, 2, 2, 1, 8, 3, 6, 3, 2, 3, 9, 7, 6, 10, 7, 5, 7, 4, 9, 8, 3, 10, 1, 2, 4, 5, 10, 2, 1, 10, 9, 6, 7, 3, 3, 3, 3, 4, 5, 4, 2, 4, 3, 1]
(0.4677311002262517, 0.6646996403184644, 0.6515369886864618)
[6, 1, 6, 1, 4, 9, 9, 5, 5, 8, 6, 10, 5, 9, 4, 9, 10, 10, 8, 2, 9, 1, 10, 4, 8, 6, 1, 3, 9, 7, 6, 10, 7, 5, 6, 4, 9, 8, 3, 10, 1, 2, 3, 5, 10, 9, 1, 10, 9, 6, 7, 1, 5, 3, 1, 4, 5, 5, 2, 4, 10, 1]
(0.6384723834958178, 0.9508833701722309, 0.24361463538159842)
[6, 1, 6, 3, 3, 10, 2, 8, 5, 6, 7, 10, 1, 5, 4, 9, 10, 10, 6, 2, 9, 1, 10, 3, 3, 3, 2, 3, 5, 7, 6, 10, 7, 5, 6, 4, 9, 8, 3, 10, 1, 2, 4, 5, 10, 10, 1, 10, 9, 6, 7, 5, 2, 9, 3, 4, 5, 1, 5, 4, 10, 1]
(0.6595991594041755, 0.9484862358309316, 0.2605275277724031)
[6, 1, 6, 3, 7, 10, 2, 8, 8, 6, 7, 10, 1, 5, 4, 9, 10, 10, 6, 2, 9, 1, 6, 4, 8, 6, 2, 2, 9, 7, 6, 10, 7, 5, 6, 4, 9, 8, 3, 10, 1, 2, 3, 5, 10, 10, 1, 10, 9, 6, 7, 5, 2, 9, 3, 4, 5, 1, 5, 4, 10, 1]
(0.659799670989171, 0.9548390698619172, 0.26074356595553133)
[6, 1, 6, 3, 3, 10, 2, 8, 5, 6, 7, 10, 1, 5, 4, 9, 10, 10, 6, 2, 2, 1, 6, 4, 8, 6, 4, 2, 9, 7, 6, 10, 7, 5, 6, 4, 9, 8, 3, 10, 1, 2, 3, 5, 10, 10, 1, 10, 9, 6, 7, 5, 3, 9, 3, 4, 5, 1, 5, 4, 10, 1]
(0.6596350790352585, 0.9507560239173457, 0.2811575957946614)
[6, 1, 6, 3, 3, 9, 2, 8, 5, 6, 7, 10, 1, 5, 4, 9, 10, 10, 6, 2, 9, 1, 6, 4, 8, 6, 2, 2, 9, 7, 6, 10, 7, 5, 6, 4, 9, 8, 3, 10, 1, 2, 3, 5, 10, 10, 1, 10, 9, 6, 7, 5, 2, 9, 3, 4, 5, 1, 5, 4, 10, 1]
(0.6597134004673608, 0.9540261558257029, 0.28247152343135445)
[6, 1, 9, 3, 3, 9, 2, 8, 5, 6, 7, 10, 1, 5, 4, 9, 10, 10, 6, 4, 9, 1, 10, 3, 3, 3, 2, 3, 5, 7, 6, 10, 7, 5, 6, 4, 9, 8, 3, 10, 1, 2, 3, 5, 10, 10, 1, 10, 9, 6, 7, 5, 2, 9, 3, 4, 5, 1, 5, 4, 10, 1]
(0.6586670012611209, 0.9469656283967184, 0.30778088662386666)
[6, 1, 9, 3, 3, 9, 2, 8, 5, 6, 7, 10, 1, 5, 4, 9, 10, 10, 6, 4, 9, 1, 10, 3, 2, 3, 2, 3, 5, 7, 6, 8, 7, 5, 6, 4, 9, 8, 3, 10, 1, 2, 3, 5, 10, 10, 1, 10, 9, 6, 7, 5, 2, 9, 3, 4, 5, 1, 5, 4, 10, 1]
(0.6599735615938283, 0.9567563763819618, 0.30901789794773)
[6, 1, 6, 1, 7, 9, 2, 8, 2, 6, 7, 10, 6, 8, 4, 9, 10, 10, 4, 2, 2, 4, 6, 4, 8, 5, 2, 5, 9, 7, 6, 10, 7, 5, 7, 4, 9, 8, 3, 10, 1, 2, 3, 5, 10, 10, 1, 10, 9, 6, 8, 5, 1, 9, 3, 4, 5, 1, 5, 4, 10, 1]
(0.4622851530381601, 0.667740305548962, 0.8116102404319598)
[6, 1, 6, 3, 7, 9, 2, 8, 2, 6, 6, 10, 7, 8, 4, 9, 10, 10, 2, 3, 2, 1, 8, 9, 8, 3, 2, 3, 9, 6, 6, 10, 7, 5, 5, 4, 9, 8, 3, 10, 1, 2, 3, 5, 10, 9, 1, 10, 9, 6, 7, 3, 5, 3, 3, 4, 5, 4, 2, 4, 10, 1]
(0.6428754336890412, 0.671806362908905, 0.6594341422652621)
[6, 1, 2, 5, 3, 9, 2, 8, 2, 6, 7, 6, 1, 9, 4, 9, 10, 6, 6, 2, 9, 1, 6, 4, 8, 4, 2, 3, 9, 3, 6, 10, 7, 5, 6, 4, 9, 8, 3, 10, 1, 2, 3, 5, 10, 9, 1, 10, 9, 6, 7, 5, 7, 8, 3, 4, 5, 4, 2, 4, 10, 1]
(0.6439167077581781, 0.6710334008201367, 0.8131990123582441)
[6, 1, 6, 1, 4, 9, 9, 5, 5, 8, 6, 10, 5, 9, 4, 9, 10, 3, 2, 2, 9, 1, 8, 3, 8, 3, 2, 3, 5, 7, 6, 10, 7, 5, 6, 4, 9, 8, 3, 10, 1, 2, 3, 5, 10, 10, 1, 10, 9, 6, 8, 5, 1, 9, 3, 4, 5, 1, 5, 4, 10, 1]
(0.6565974519875725, 0.6613121378665358, 0.8138277414105304)
[6, 1, 6, 1, 4, 9, 9, 5, 5, 8, 6, 10, 5, 5, 4, 9, 10, 10, 6, 2, 9, 1, 6, 4, 8, 6, 9, 3, 9, 7, 6, 10, 7, 5, 6, 4, 9, 8, 3, 10, 1, 2, 3, 5, 10, 10, 1, 10, 9, 6, 7, 5, 1, 9, 3, 4, 5, 1, 5, 4, 10, 1]
(0.6590982700056973, 0.665264077033273, 0.810234373450033)
[6, 1, 6, 3, 4, 9, 9, 5, 5, 8, 6, 10, 5, 9, 4, 9, 10, 10, 7, 2, 9, 1, 10, 9, 8, 4, 9, 3, 9, 7, 4, 10, 7, 5, 6, 4, 9, 8, 5, 10, 1, 2, 3, 5, 10, 10, 1, 10, 9, 6, 7, 5, 2, 9, 3, 4, 5, 1, 5, 4, 10, 1]
(0.6582418188100903, 0.6649308807789692, 0.811488768066479)
[6, 1, 6, 4, 4, 9, 9, 5, 5, 8, 7, 10, 1, 5, 4, 9, 10, 10, 7, 2, 9, 1, 10, 9, 8, 4, 9, 3, 9, 7, 6, 10, 7, 5, 6, 4, 9, 8, 3, 10, 1, 2, 3, 5, 10, 9, 1, 10, 9, 6, 7, 5, 7, 8, 3, 4, 5, 1, 5, 4, 10, 1]
(0.6611655179659237, 0.6683888843211401, 0.8052803633178351)
[6, 1, 6, 4, 4, 9, 9, 5, 5, 8, 7, 10, 1, 5, 4, 9, 10, 10, 7, 2, 9, 1, 10, 9, 8, 4, 9, 3, 9, 7, 6, 10, 7, 5, 6, 4, 9, 8, 3, 10, 1, 2, 3, 5, 10, 10, 1, 10, 9, 6, 10, 5, 2, 9, 3, 4, 5, 1, 5, 4, 10, 1]
(0.6592845509101375, 0.6677491694760421, 0.8078311399091944)
[6, 1, 6, 1, 4, 9, 9, 8, 2, 8, 6, 10, 5, 9, 4, 9, 10, 10, 1, 2, 9, 4, 8, 4, 1, 3, 2, 3, 5, 7, 6, 10, 7, 5, 6, 4, 9, 8, 3, 8, 1, 2, 2, 5, 10, 10, 1, 10, 9, 6, 8, 5, 1, 9, 3, 4, 5, 1, 5, 4, 10, 1]
(0.6548905518966056, 0.6642011646682822, 0.816145309331594)
[6, 1, 6, 1, 4, 9, 9, 5, 5, 8, 6, 6, 5, 9, 4, 9, 10, 10, 8, 2, 9, 4, 10, 4, 8, 3, 2, 3, 6, 7, 6, 10, 7, 5, 6, 4, 9, 8, 3, 10, 1, 2, 3, 5, 10, 10, 1, 10, 9, 6, 8, 5, 1, 9, 3, 4, 5, 1, 5, 4, 10, 1]
(0.6579721468596224, 0.6614560221321868, 0.8159843458538937)
[6, 1, 6, 1, 4, 9, 9, 5, 5, 8, 6, 10, 5, 9, 4, 9, 10, 10, 7, 2, 9, 1, 10, 9, 8, 4, 9, 3, 9, 7, 6, 10, 7, 5, 6, 4, 9, 8, 3, 10, 1, 2, 3, 5, 10, 10, 1, 10, 9, 6, 7, 5, 2, 8, 3, 4, 5, 1, 5, 4, 10, 1]
(0.6600243306475113, 0.6663433111559298, 0.8141096739936611)
[6, 8, 6, 5, 9, 9, 1, 3, 8, 6, 7, 10, 1, 5, 4, 9, 9, 7, 2, 5, 3, 6, 2, 3, 3, 3, 8, 3, 9, 6, 6, 10, 7, 5, 6, 4, 3, 8, 6, 10, 1, 2, 5, 6, 10, 9, 3, 10, 10, 6, 6, 5, 7, 8, 3, 4, 5, 4, 2, 4, 10, 1]
(0.5099769015999872, 0.9575687068514511, 0.806650170329353)
[6, 1, 6, 1, 4, 9, 9, 9, 5, 8, 6, 10, 5, 8, 4, 9, 10, 10, 6, 2, 9, 1, 10, 4, 8, 5, 9, 3, 9, 7, 6, 10, 7, 5, 6, 4, 9, 8, 3, 10, 1, 2, 3, 5, 10, 9, 1, 5, 9, 6, 8, 3, 5, 3, 2, 4, 5, 5, 2, 4, 10, 1]
(0.6423381693951898, 0.9497727847658083, 0.808833013529424)
[6, 1, 6, 1, 4, 9, 9, 9, 5, 8, 9, 10, 5, 9, 4, 9, 10, 10, 8, 2, 9, 1, 10, 4, 8, 6, 9, 3, 9, 7, 6, 10, 7, 5, 6, 4, 9, 8, 3, 10, 1, 5, 3, 5, 10, 9, 1, 5, 9, 6, 8, 3, 5, 3, 2, 4, 5, 5, 2, 4, 10, 1]
(0.6468044418080291, 0.9540904703550026, 0.801319572229086)
[6, 1, 6, 1, 4, 9, 9, 9, 5, 8, 6, 10, 5, 9, 4, 9, 10, 10, 6, 2, 9, 1, 10, 4, 8, 5, 9, 3, 9, 7, 6, 10, 7, 5, 6, 4, 9, 8, 3, 8, 1, 2, 3, 5, 10, 9, 1, 5, 9, 6, 8, 3, 5, 3, 2, 4, 5, 5, 2, 4, 10, 1]
(0.6462656499182656, 0.9514758515171692, 0.8050880796211748)
[6, 1, 6, 1, 4, 9, 9, 9, 5, 8, 6, 10, 5, 9, 4, 9, 10, 10, 6, 2, 9, 1, 10, 4, 8, 5, 9, 3, 9, 7, 6, 10, 7, 5, 6, 4, 9, 8, 3, 10, 1, 2, 3, 5, 10, 9, 1, 5, 9, 6, 8, 3, 5, 3, 2, 4, 5, 5, 2, 4, 10, 1]
(0.644705197554003, 0.9515767087228584, 0.8085696431569012)
[6, 1, 6, 1, 4, 9, 9, 9, 5, 8, 6, 10, 5, 9, 4, 9, 10, 10, 6, 2, 9, 1, 10, 4, 8, 5, 9, 3, 9, 7, 6, 10, 7, 5, 6, 4, 9, 8, 3, 10, 1, 2, 3, 5, 10, 9, 1, 5, 9, 6, 8, 3, 5, 3, 2, 4, 5, 5, 2, 4, 10, 1]
(0.644705197554003, 0.9515767087228584, 0.8085696431569012)
[6, 1, 6, 1, 4, 9, 9, 9, 5, 8, 6, 10, 5, 9, 4, 9, 10, 10, 6, 2, 9, 1, 10, 4, 8, 5, 9, 3, 9, 7, 6, 10, 7, 5, 6, 4, 9, 8, 3, 10, 1, 2, 3, 5, 10, 9, 1, 5, 9, 6, 8, 3, 5, 3, 2, 4, 5, 5, 2, 4, 10, 1]
(0.644705197554003, 0.9515767087228584, 0.8085696431569012)
[6, 1, 6, 1, 4, 9, 9, 9, 5, 8, 6, 10, 5, 9, 4, 9, 10, 10, 6, 2, 9, 1, 10, 4, 8, 5, 9, 3, 9, 7, 6, 10, 7, 5, 6, 4, 9, 8, 3, 10, 1, 2, 3, 5, 10, 9, 1, 5, 9, 6, 8, 3, 5, 3, 2, 4, 5, 5, 2, 4, 10, 1]
(0.644705197554003, 0.9515767087228584, 0.8085696431569012)
[6, 1, 6, 1, 4, 9, 9, 5, 5, 8, 6, 10, 5, 9, 4, 9, 10, 10, 8, 2, 9, 4, 10, 4, 8, 3, 2, 3, 5, 7, 6, 10, 7, 5, 6, 4, 9, 8, 3, 10, 1, 2, 3, 5, 10, 9, 1, 10, 9, 6, 7, 3, 5, 3, 3, 4, 5, 5, 2, 4, 10, 1]
(0.6326554911121972, 0.9649441200308484, 0.8088141786798325)
[6, 1, 6, 1, 4, 9, 9, 5, 3, 8, 6, 10, 5, 9, 4, 9, 10, 10, 1, 2, 9, 4, 8, 4, 1, 3, 2, 3, 5, 7, 6, 10, 7, 5, 6, 4, 9, 8, 3, 8, 1, 2, 2, 5, 10, 10, 1, 10, 9, 6, 8, 5, 1, 9, 3, 4, 5, 1, 5, 4, 10, 1]
(0.6562616165061492, 0.9472791601903724, 0.8170489434704007)
