[6, 2, 1, 6, 7, 1, 6, 9, 3, 10, 8, 7, 9, 5, 5, 6, 5, 9, 3, 6, 2, 9, 6, 2, 9, 6, 5, 8, 4, 1, 5, 7, 10, 4, 10, 7, 5, 4, 8, 8, 9, 9, 10, 6, 5, 5, 5, 10, 9, 8, 10, 8, 9, 8, 6, 2, 2, 6, 3, 3, 9, 2]
(0.43131163042009946, 0.0, 1.0710124006494877, 0.6078431372549014, 1.070377078466117, 0.0)
[6, 3, 4, 3, 10, 2, 7, 4, 7, 7, 7, 7, 6, 2, 7, 8, 1, 9, 8, 6, 2, 2, 6, 2, 9, 4, 5, 1, 5, 1, 9, 6, 8, 5, 1, 6, 5, 9, 10, 8, 10, 7, 10, 7, 8, 5, 5, 4, 7, 4, 8, 9, 8, 8, 6, 1, 3, 6, 3, 3, 8, 3]
(0.7845851421082813, 0.0, 1.0377849752083412, 0.6078431372549014, 0.4455754822120068, 0.0)
[6, 2, 4, 6, 7, 1, 6, 9, 3, 10, 3, 7, 9, 5, 2, 6, 5, 8, 3, 6, 1, 9, 6, 2, 9, 6, 5, 8, 4, 1, 5, 7, 10, 4, 10, 7, 8, 4, 8, 8, 9, 9, 10, 6, 5, 8, 5, 5, 9, 8, 4, 8, 9, 8, 6, 2, 2, 6, 3, 3, 9, 2]
(0.43131163042009946, 0.0, 1.039538589678704, 0.3817329412326237, 0.2659801249350401, 0.2659801249350401)
[6, 2, 1, 6, 7, 1, 6, 9, 3, 10, 8, 7, 9, 5, 2, 6, 5, 8, 3, 6, 2, 9, 6, 2, 9, 6, 5, 8, 4, 1, 5, 7, 10, 4, 10, 7, 8, 4, 8, 8, 9, 9, 10, 6, 5, 8, 5, 10, 9, 8, 10, 8, 9, 8, 6, 2, 2, 6, 3, 3, 9, 2]
(1.0720424054190514, 0.0, 1.0457746019586913, 0.6078431372549014, 1.0529551917687054, 0.2659801249350401)
[6, 2, 1, 6, 7, 1, 6, 9, 3, 10, 8, 7, 9, 5, 2, 6, 5, 8, 3, 6, 2, 9, 6, 2, 9, 6, 5, 8, 4, 1, 5, 7, 10, 4, 10, 7, 8, 4, 8, 8, 9, 9, 10, 6, 5, 8, 5, 10, 9, 8, 10, 8, 9, 8, 6, 2, 2, 6, 3, 3, 9, 2]
(0.7845851421082813, 0.0, 1.0457746019586913, 0.6078431372549014, 1.0529551917687054, 0.2659801249350401)
[6, 2, 1, 6, 7, 1, 6, 9, 3, 10, 8, 7, 9, 5, 2, 6, 5, 8, 3, 6, 2, 9, 6, 2, 9, 6, 5, 8, 4, 1, 5, 7, 10, 4, 10, 7, 8, 4, 8, 8, 9, 9, 10, 6, 5, 8, 5, 10, 9, 8, 10, 8, 9, 8, 6, 2, 2, 6, 3, 3, 9, 2]
(0.7845851421082813, 0.0, 1.0457746019586913, 0.6078431372549014, 1.0529551917687054, 0.2659801249350401)
[5, 7, 1, 10, 2, 1, 6, 9, 3, 10, 8, 7, 9, 5, 5, 6, 5, 9, 4, 6, 2, 9, 6, 2, 9, 4, 5, 8, 4, 2, 5, 7, 5, 1, 10, 7, 5, 9, 7, 8, 9, 9, 10, 6, 5, 5, 5, 2, 9, 8, 10, 9, 9, 8, 6, 2, 2, 6, 3, 3, 9, 2]
(0.43131163042009946, 0.0, 0.6078431372549014, 0.6078431372549014, 1.0628717431798573, 0.2659801249350401)
[8, 8, 7, 7, 6, 5, 1, 9, 9, 10, 8, 7, 4, 4, 7, 9, 7, 9, 8, 9, 8, 5, 9, 7, 5, 5, 9, 3, 1, 7, 9, 9, 10, 6, 10, 7, 9, 4, 7, 8, 9, 4, 10, 7, 8, 5, 5, 1, 6, 10, 10, 8, 9, 8, 6, 4, 5, 1, 2, 5, 8, 1]
(0.2269421213485273, 0.0, 0.6078431372549021, 0.0, 1.0540240110829466, 0.8880980204681422)
[6, 9, 4, 3, 10, 2, 7, 4, 7, 7, 7, 7, 6, 10, 7, 9, 5, 9, 8, 6, 2, 2, 6, 3, 4, 7, 3, 1, 5, 1, 9, 4, 8, 2, 8, 10, 6, 4, 10, 8, 9, 7, 10, 7, 8, 5, 5, 4, 7, 5, 8, 5, 6, 6, 4, 5, 5, 3, 2, 1, 9, 9]
(0.4212586305466382, 0.0, 1.0406002128496759, 0.2792792792792791, 0.8880980204681422, 0.6558487408143484)
[6, 9, 4, 3, 10, 2, 7, 4, 7, 7, 7, 7, 6, 10, 7, 9, 5, 9, 8, 6, 2, 2, 6, 3, 4, 7, 3, 1, 5, 1, 9, 4, 8, 2, 8, 10, 6, 4, 10, 8, 9, 7, 10, 7, 8, 5, 5, 4, 7, 5, 8, 5, 6, 6, 4, 5, 5, 3, 2, 1, 9, 9]
(0.4212586305466382, 0.0, 1.0406002128496759, 0.2792792792792791, 0.8880980204681422, 0.6558487408143484)
[3, 2, 1, 6, 7, 1, 6, 9, 3, 10, 8, 7, 9, 7, 1, 10, 10, 9, 1, 6, 3, 6, 1, 2, 10, 4, 5, 10, 4, 1, 5, 1, 10, 4, 10, 3, 4, 9, 10, 8, 6, 9, 9, 7, 8, 5, 6, 10, 9, 8, 10, 8, 9, 8, 6, 2, 2, 6, 3, 3, 9, 2]
(0.7845851421082813, 0.0, 0.554192266054446, 0.43661971830985896, 1.0600331516936417, 0.5198905449947135)
[3, 2, 1, 6, 7, 1, 6, 9, 3, 10, 8, 7, 9, 7, 1, 10, 10, 9, 1, 6, 3, 6, 1, 2, 10, 4, 5, 10, 4, 1, 5, 1, 10, 4, 10, 3, 4, 9, 10, 8, 6, 9, 9, 7, 8, 5, 6, 10, 9, 8, 10, 8, 9, 8, 6, 2, 2, 6, 3, 3, 9, 2]
(0.7845851421082813, 0.0, 0.554192266054446, 0.43661971830985896, 1.0600331516936417, 0.5198905449947135)
[6, 9, 4, 3, 10, 2, 7, 4, 7, 7, 7, 7, 6, 10, 7, 9, 5, 9, 8, 6, 2, 2, 6, 3, 4, 7, 3, 1, 5, 1, 9, 4, 8, 2, 8, 10, 6, 4, 10, 8, 9, 7, 10, 7, 8, 5, 5, 4, 7, 5, 8, 5, 6, 6, 4, 5, 5, 3, 2, 1, 9, 9]
(0.4212586305466382, 0.0, 0.2792792792792791, 0.34065934065934034, 0.8880980204681422, 0.6558487408143484)
[2, 5, 4, 7, 7, 1, 8, 9, 2, 7, 5, 1, 7, 7, 7, 10, 10, 9, 3, 6, 2, 9, 8, 2, 10, 4, 5, 10, 4, 2, 5, 1, 10, 6, 10, 7, 9, 4, 7, 5, 9, 8, 10, 9, 8, 5, 5, 8, 2, 10, 10, 8, 10, 8, 6, 2, 5, 2, 2, 3, 8, 1]
(1.069086700491607, 0.43131163042009946, 0.6078431372549014, 0.0, 1.0707396795973179, 0.6558487408143484)
[6, 6, 4, 3, 7, 2, 7, 7, 7, 7, 7, 7, 6, 10, 7, 9, 5, 9, 8, 6, 2, 2, 6, 3, 9, 7, 5, 1, 7, 1, 9, 10, 4, 2, 8, 7, 5, 4, 10, 8, 9, 3, 9, 7, 8, 5, 5, 4, 7, 5, 8, 5, 6, 6, 4, 5, 5, 2, 2, 1, 9, 9]
(0.4212586305466382, 0.0, 1.0663549883291121, 0.4366197183098585, 1.059045124240219, 0.6558487408143484)
[6, 6, 4, 3, 7, 2, 7, 7, 7, 7, 7, 7, 6, 10, 7, 9, 5, 9, 8, 6, 2, 2, 6, 3, 9, 7, 5, 1, 7, 1, 9, 10, 4, 2, 8, 7, 5, 4, 10, 8, 9, 3, 9, 7, 8, 5, 5, 4, 7, 5, 8, 5, 6, 6, 4, 5, 5, 2, 2, 1, 9, 9]
(0.4212586305466382, 0.0, 1.0663549883291121, 0.4366197183098585, 1.059045124240219, 0.6558487408143484)
[4, 8, 9, 7, 2, 5, 3, 5, 8, 7, 8, 7, 7, 7, 7, 9, 5, 9, 6, 8, 6, 6, 6, 4, 10, 5, 9, 3, 1, 6, 5, 8, 10, 7, 10, 7, 5, 4, 10, 8, 9, 9, 10, 1, 4, 8, 8, 8, 2, 10, 10, 8, 10, 6, 6, 1, 5, 1, 2, 5, 8, 2]
(1.0541952779516572, 0.2269421213485273, 0.0, 0.0, 0.6558487408143484, 0.8880980204681422)
[6, 9, 9, 3, 10, 2, 7, 4, 7, 7, 7, 7, 6, 10, 7, 7, 5, 9, 8, 6, 2, 2, 6, 3, 4, 7, 3, 1, 5, 1, 9, 4, 8, 2, 8, 10, 6, 4, 10, 8, 9, 3, 10, 7, 8, 5, 5, 4, 7, 5, 4, 5, 6, 6, 4, 5, 5, 3, 2, 1, 9, 9]
(0.4212586305466382, 0.0, 0.4366197183098585, 0.4366197183098585, 0.8591362575069046, 0.7857075722923647)
[6, 9, 9, 3, 10, 2, 7, 4, 7, 7, 7, 7, 6, 10, 7, 7, 5, 9, 8, 6, 2, 2, 6, 3, 4, 7, 3, 1, 5, 1, 9, 4, 8, 2, 8, 10, 6, 4, 10, 8, 9, 3, 10, 7, 8, 5, 5, 4, 7, 5, 4, 5, 6, 6, 4, 5, 5, 3, 2, 1, 9, 9]
(0.4212586305466382, 0.0, 0.4366197183098585, 0.4366197183098585, 0.8591362575069046, 0.7857075722923647)
[6, 2, 1, 3, 7, 1, 6, 7, 7, 7, 7, 7, 6, 10, 7, 9, 5, 9, 3, 6, 2, 9, 6, 2, 9, 6, 1, 8, 4, 1, 3, 7, 10, 4, 10, 7, 8, 4, 8, 8, 9, 9, 10, 6, 5, 8, 5, 10, 9, 8, 10, 8, 9, 8, 6, 5, 2, 6, 3, 3, 9, 2]
(0.4212586305466382, 0.0, 1.0695393541827798, 1.0, 0.3799307474866529, 0.2404759850032122)
[2, 5, 4, 7, 7, 1, 8, 9, 2, 7, 5, 1, 7, 7, 7, 10, 10, 9, 3, 6, 2, 9, 8, 2, 10, 4, 5, 10, 4, 2, 5, 1, 10, 6, 10, 7, 9, 4, 7, 5, 9, 8, 10, 9, 8, 5, 5, 8, 2, 10, 10, 8, 10, 8, 6, 2, 5, 2, 2, 3, 8, 1]
(0.2974013474494705, 0.0, 0.6078431372549014, 0.6078431372549014, 1.0707396795973179, 0.6558487408143484)
[6, 3, 4, 3, 8, 2, 7, 4, 7, 7, 7, 7, 6, 2, 7, 8, 1, 9, 5, 5, 2, 2, 4, 2, 9, 4, 5, 1, 4, 2, 5, 7, 10, 4, 10, 9, 5, 9, 10, 8, 10, 7, 10, 7, 8, 5, 5, 4, 7, 6, 8, 9, 8, 10, 6, 2, 2, 6, 3, 3, 8, 3]
(0.7845851421082813, 0.0, 0.5252709219232199, 0.6078431372549014, 0.6558487408143484, 0.6558487408143484)
[6, 2, 1, 6, 7, 1, 6, 9, 3, 10, 8, 7, 9, 5, 5, 6, 5, 9, 3, 6, 2, 9, 6, 2, 9, 6, 5, 8, 4, 1, 5, 7, 10, 4, 10, 7, 5, 4, 8, 8, 9, 9, 10, 6, 5, 5, 5, 10, 9, 8, 10, 8, 9, 8, 6, 2, 2, 6, 3, 3, 9, 2]
(0.43131163042009946, 0.0, 1.0710124006494877, 0.6078431372549014, 1.070377078466117, 0.6558487408143484)
[5, 2, 1, 10, 7, 1, 6, 9, 3, 10, 4, 7, 9, 5, 5, 6, 5, 9, 3, 6, 2, 9, 6, 2, 10, 4, 5, 8, 4, 10, 5, 7, 10, 1, 10, 7, 5, 8, 7, 8, 9, 9, 10, 6, 5, 5, 5, 10, 9, 6, 10, 8, 9, 8, 6, 2, 2, 6, 3, 3, 9, 2]
(0.43131163042009946, 0.0, 0.6078431372549014, 0.6078431372549014, 1.0625453444197768, 0.6558487408143484)
[7, 8, 5, 7, 4, 1, 1, 4, 9, 8, 4, 3, 9, 7, 7, 8, 5, 9, 8, 6, 2, 2, 6, 3, 9, 4, 5, 7, 1, 7, 10, 10, 8, 2, 7, 7, 9, 4, 3, 8, 9, 3, 10, 7, 8, 5, 5, 4, 2, 10, 6, 8, 10, 4, 6, 2, 1, 2, 2, 5, 8, 1]
(0.2974013474494705, 0.0, 1.0542253287509078, 1.0, 0.2659801249350401, 0.2659801249350401)
[6, 9, 4, 3, 10, 2, 7, 4, 7, 7, 7, 7, 6, 10, 7, 9, 5, 9, 8, 6, 2, 2, 6, 3, 4, 7, 3, 1, 5, 1, 9, 4, 8, 2, 8, 10, 6, 4, 10, 8, 9, 7, 10, 7, 8, 5, 5, 4, 7, 5, 8, 5, 6, 6, 4, 5, 5, 3, 2, 1, 9, 9]
(1.0622326595708724, 0.4212586305466382, 1.0406002128496759, 0.2792792792792791, 0.8880980204681422, 0.6558487408143484)
[6, 9, 4, 3, 10, 2, 7, 4, 7, 7, 7, 7, 6, 10, 7, 9, 5, 9, 8, 6, 2, 2, 6, 3, 4, 7, 3, 1, 5, 1, 9, 4, 8, 2, 8, 10, 6, 4, 10, 8, 9, 7, 10, 7, 8, 5, 5, 4, 7, 5, 8, 5, 6, 6, 4, 5, 5, 3, 2, 1, 9, 9]
(1.0622326595708724, 0.4212586305466382, 1.0406002128496759, 0.2792792792792791, 0.8880980204681422, 0.6558487408143484)
[6, 3, 4, 3, 10, 2, 7, 4, 7, 7, 7, 7, 6, 2, 7, 8, 1, 9, 8, 6, 2, 2, 6, 2, 9, 4, 5, 1, 5, 1, 9, 6, 8, 5, 1, 6, 5, 9, 10, 8, 10, 7, 10, 7, 8, 5, 5, 4, 7, 4, 8, 9, 8, 8, 6, 1, 3, 6, 3, 3, 8, 3]
(1.0683208739385008, 0.7845851421082813, 1.0377849752083412, 0.6078431372549014, 0.4455754822120068, 0.0)
[6, 3, 4, 3, 10, 2, 7, 4, 7, 7, 7, 7, 6, 2, 7, 8, 1, 9, 8, 6, 2, 2, 6, 2, 9, 4, 5, 1, 5, 1, 9, 6, 8, 5, 1, 6, 5, 9, 10, 8, 10, 7, 10, 7, 8, 5, 5, 4, 7, 4, 8, 9, 8, 8, 6, 1, 3, 6, 3, 3, 8, 3]
(1.0683208739385008, 0.7845851421082813, 1.0377849752083412, 0.6078431372549014, 0.4455754822120068, 0.0)
[6, 3, 4, 3, 8, 2, 7, 4, 7, 7, 4, 7, 6, 2, 7, 8, 5, 9, 8, 6, 2, 2, 6, 3, 9, 4, 5, 7, 1, 7, 10, 10, 8, 2, 7, 9, 2, 9, 8, 8, 10, 7, 10, 7, 8, 5, 5, 4, 7, 10, 4, 9, 8, 1, 6, 2, 2, 6, 3, 3, 8, 3]
(1.0639278145506974, 0.7845851421082813, 0.6078431372549014, 0.6078431372549014, 0.7185268862172872, 0.0)
[6, 3, 4, 3, 8, 2, 7, 4, 7, 7, 4, 7, 6, 2, 7, 8, 5, 9, 8, 6, 2, 2, 6, 3, 9, 4, 5, 7, 1, 7, 10, 10, 8, 2, 7, 9, 2, 9, 8, 8, 10, 7, 10, 7, 8, 5, 5, 4, 7, 10, 4, 9, 8, 1, 6, 2, 2, 6, 3, 3, 8, 3]
(1.0639278145506974, 0.7845851421082813, 0.6078431372549014, 0.6078431372549014, 0.7185268862172872, 0.0)
[6, 9, 9, 3, 10, 2, 5, 4, 7, 7, 7, 7, 6, 10, 7, 7, 5, 9, 8, 5, 2, 2, 6, 3, 9, 7, 3, 6, 5, 1, 5, 4, 8, 2, 10, 7, 5, 4, 10, 8, 9, 7, 10, 8, 8, 5, 5, 4, 7, 5, 8, 5, 6, 6, 4, 5, 5, 3, 2, 1, 9, 9]
(0.36176685336977443, 0.0, 0.9721969230100498, 0.6078431372549021, 0.78991139587014, 0.7857075722923647)
[6, 9, 4, 3, 10, 2, 7, 4, 7, 7, 7, 7, 6, 10, 7, 9, 5, 9, 8, 6, 2, 2, 6, 3, 9, 7, 5, 1, 7, 1, 9, 10, 8, 2, 7, 7, 9, 4, 10, 8, 9, 3, 10, 7, 8, 5, 5, 4, 7, 5, 4, 5, 6, 6, 4, 5, 5, 2, 2, 1, 9, 9]
(0.4212586305466382, 0.0, 0.6078431372549021, 0.6078431372549021, 0.0, 0.8880980204681422)
[8, 8, 7, 7, 6, 5, 1, 9, 9, 10, 8, 7, 4, 4, 7, 9, 7, 9, 8, 9, 8, 5, 9, 7, 5, 5, 9, 3, 1, 7, 9, 9, 10, 6, 10, 7, 9, 4, 7, 8, 9, 4, 10, 7, 8, 5, 5, 1, 6, 10, 10, 8, 9, 8, 6, 4, 5, 1, 2, 5, 8, 1]
(0.2269421213485273, 0.0, 1.0388065444305532, 0.6078431372549021, 1.0540240110829466, 0.8880980204681422)
[6, 9, 4, 3, 10, 2, 7, 4, 7, 7, 7, 7, 6, 10, 7, 9, 5, 9, 8, 6, 2, 2, 6, 3, 9, 7, 5, 1, 7, 1, 9, 10, 8, 2, 7, 7, 9, 4, 10, 8, 9, 3, 10, 7, 8, 5, 5, 4, 7, 5, 4, 5, 6, 6, 4, 5, 5, 2, 2, 1, 9, 9]
(0.4212586305466382, 0.0, 0.6078431372549021, 0.6078431372549021, 0.8880980204681422, 0.8880980204681422)
[6, 6, 4, 3, 7, 2, 7, 7, 7, 7, 7, 7, 6, 10, 7, 9, 5, 9, 8, 6, 2, 2, 6, 3, 9, 7, 5, 1, 7, 1, 9, 10, 4, 2, 8, 7, 5, 4, 10, 8, 9, 3, 9, 7, 8, 5, 5, 4, 7, 5, 8, 5, 6, 6, 4, 5, 5, 2, 2, 1, 9, 9]
(1.0165649609640228, 0.4212586305466382, 1.0663549883291121, 0.4366197183098585, 1.059045124240219, 0.6558487408143484)
[6, 6, 4, 3, 7, 2, 7, 7, 7, 7, 7, 7, 6, 10, 7, 9, 5, 9, 8, 6, 2, 2, 6, 3, 9, 7, 5, 1, 7, 1, 9, 10, 4, 2, 8, 7, 5, 4, 10, 8, 9, 3, 9, 7, 8, 5, 5, 4, 7, 5, 8, 5, 6, 6, 4, 5, 5, 2, 2, 1, 9, 9]
(1.0165649609640228, 0.4212586305466382, 0.4366197183098585, 0.4366197183098585, 1.059045124240219, 0.6558487408143484)
[6, 6, 4, 3, 7, 2, 7, 7, 7, 7, 7, 7, 6, 10, 7, 9, 5, 9, 8, 6, 2, 2, 6, 3, 9, 7, 5, 1, 7, 1, 9, 10, 4, 2, 8, 7, 5, 4, 10, 8, 9, 3, 9, 7, 8, 5, 5, 4, 7, 5, 8, 5, 6, 6, 4, 5, 5, 2, 2, 1, 9, 9]
(0.4212586305466382, 0.4212586305466382, 1.0663549883291121, 0.4366197183098585, 0.7857075722923647, 0.6558487408143484)
[7, 8, 5, 7, 4, 1, 1, 4, 9, 8, 4, 3, 9, 7, 7, 8, 5, 9, 8, 6, 2, 2, 6, 3, 9, 4, 5, 7, 1, 7, 10, 10, 8, 2, 7, 7, 9, 4, 3, 8, 9, 3, 10, 7, 8, 5, 5, 4, 2, 10, 6, 8, 10, 4, 6, 2, 1, 2, 2, 5, 8, 1]
(0.0, 0.2974013474494705, 1.0542253287509078, 1.0, 0.9991758791729802, 0.2659801249350401)
[5, 5, 7, 3, 4, 1, 1, 9, 4, 10, 1, 8, 7, 9, 10, 3, 7, 4, 6, 4, 2, 2, 1, 7, 4, 4, 9, 8, 3, 4, 8, 10, 7, 10, 7, 5, 9, 4, 6, 6, 2, 3, 10, 4, 8, 5, 5, 4, 1, 9, 1, 3, 6, 10, 4, 2, 2, 4, 3, 3, 9, 5]
(0.2974013474494705, 0.2974013474494705, 0.0, 1.0, 1.0633678050711748, 0.2659801249350401)
[7, 8, 5, 7, 4, 1, 1, 4, 9, 8, 4, 3, 9, 7, 7, 8, 5, 9, 8, 6, 2, 2, 6, 3, 9, 4, 5, 7, 1, 7, 10, 10, 8, 2, 7, 7, 9, 4, 3, 8, 9, 3, 10, 7, 8, 5, 5, 4, 2, 10, 6, 8, 10, 4, 6, 2, 1, 2, 2, 5, 8, 1]
(1.064675009436905, 0.2974013474494705, 1.0542253287509078, 1.0, 0.0, 0.2659801249350401)
[7, 8, 5, 7, 4, 1, 1, 4, 9, 8, 4, 3, 9, 7, 7, 8, 5, 9, 8, 6, 2, 2, 6, 3, 9, 4, 5, 7, 1, 7, 10, 10, 8, 2, 7, 7, 9, 4, 3, 8, 9, 3, 10, 7, 8, 5, 5, 4, 2, 10, 6, 8, 10, 4, 6, 2, 1, 2, 2, 5, 8, 1]
(1.064675009436905, 0.2974013474494705, 1.0542253287509078, 1.0, 0.9991758791729802, 0.2659801249350401)
[6, 9, 9, 3, 10, 2, 7, 4, 7, 7, 7, 7, 6, 10, 7, 7, 5, 9, 8, 6, 2, 2, 6, 3, 4, 7, 3, 1, 5, 1, 9, 4, 8, 2, 8, 10, 6, 4, 10, 8, 9, 3, 10, 7, 8, 5, 5, 4, 7, 5, 4, 5, 6, 6, 4, 5, 5, 3, 2, 1, 9, 9]
(1.055551801435649, 0.4212586305466382, 0.4366197183098585, 0.4366197183098585, 0.8591362575069046, 0.7857075722923647)
[6, 9, 9, 3, 10, 2, 7, 4, 7, 7, 7, 7, 6, 10, 7, 7, 5, 9, 8, 6, 2, 2, 6, 3, 4, 7, 3, 1, 5, 1, 9, 4, 8, 2, 8, 10, 6, 4, 10, 8, 9, 3, 10, 7, 8, 5, 5, 4, 7, 5, 4, 5, 6, 6, 4, 5, 5, 3, 2, 1, 9, 9]
(1.055551801435649, 0.4212586305466382, 0.4366197183098585, 0.4366197183098585, 0.8591362575069046, 0.7857075722923647)
[6, 9, 9, 3, 10, 2, 7, 4, 7, 7, 7, 7, 6, 10, 7, 7, 5, 9, 8, 6, 2, 2, 6, 3, 4, 7, 3, 1, 5, 1, 9, 4, 8, 2, 8, 10, 6, 4, 10, 8, 9, 3, 10, 7, 8, 5, 5, 4, 7, 5, 4, 5, 6, 6, 4, 5, 5, 3, 2, 1, 9, 9]
(0.4212586305466382, 0.4212586305466382, 0.4366197183098585, 0.4366197183098585, 0.8591362575069046, 0.7857075722923647)
[8, 8, 5, 7, 4, 1, 1, 4, 7, 8, 4, 1, 9, 7, 7, 1, 6, 7, 8, 6, 6, 2, 6, 3, 9, 4, 5, 9, 1, 7, 10, 8, 10, 10, 10, 7, 9, 4, 9, 8, 10, 8, 10, 9, 8, 8, 8, 8, 2, 10, 6, 8, 10, 2, 6, 2, 1, 2, 2, 5, 8, 1]
(0.43131163042009946, 0.0, 1.0476229051128023, 1.0, 0.6558487408143484, 0.6558487408143484)
[8, 8, 5, 7, 4, 1, 1, 4, 7, 8, 4, 1, 9, 7, 7, 1, 6, 7, 8, 6, 6, 2, 6, 3, 9, 4, 5, 9, 1, 7, 10, 8, 10, 10, 10, 7, 9, 4, 9, 8, 10, 8, 10, 9, 8, 8, 8, 8, 2, 10, 6, 8, 10, 2, 6, 2, 1, 2, 2, 5, 8, 1]
(0.43131163042009946, 0.0, 1.0476229051128023, 1.0, 0.6558487408143484, 0.6558487408143484)
[7, 8, 5, 7, 4, 1, 1, 4, 9, 8, 4, 3, 9, 7, 7, 8, 5, 9, 8, 6, 2, 2, 6, 3, 9, 4, 5, 9, 1, 7, 10, 8, 10, 10, 10, 7, 9, 4, 9, 8, 10, 9, 10, 5, 7, 8, 8, 8, 2, 10, 6, 8, 10, 8, 6, 2, 1, 2, 2, 5, 8, 1]
(0.2974013474494705, 0.0, 1.0553290085867042, 1.0, 1.0767938459292052, 0.6558487408143484)
[6, 2, 1, 6, 7, 1, 6, 9, 3, 10, 8, 7, 9, 5, 2, 6, 5, 8, 3, 6, 2, 9, 6, 2, 9, 6, 5, 8, 4, 1, 5, 7, 10, 4, 10, 7, 8, 4, 8, 8, 9, 9, 10, 6, 5, 8, 5, 10, 9, 8, 10, 8, 9, 8, 6, 2, 2, 6, 3, 3, 9, 2]
(0.7845851421082813, 0.7845851421082813, 1.0457746019586913, 0.6078431372549014, 1.0529551917687054, 0.2659801249350401)
[2, 5, 4, 7, 7, 1, 8, 9, 2, 7, 5, 1, 7, 7, 7, 10, 10, 9, 3, 6, 2, 9, 8, 2, 10, 4, 5, 10, 4, 2, 5, 1, 10, 6, 10, 7, 9, 4, 7, 5, 9, 8, 10, 9, 8, 5, 5, 8, 2, 10, 10, 8, 10, 8, 6, 2, 5, 2, 2, 3, 8, 1]
(1.069086700491607, 0.43131163042009946, 0.6078431372549014, 0.6078431372549014, 1.0707396795973179, 0.6558487408143484)
[5, 2, 1, 10, 7, 1, 6, 9, 3, 10, 4, 7, 9, 5, 5, 6, 5, 9, 3, 6, 2, 9, 6, 2, 10, 4, 5, 8, 4, 10, 5, 7, 10, 1, 10, 7, 5, 8, 7, 8, 9, 9, 10, 6, 5, 5, 5, 10, 9, 6, 10, 8, 9, 8, 6, 2, 2, 6, 3, 3, 9, 2]
(1.0742603683844207, 0.43131163042009946, 0.4150088278576743, 0.6078431372549014, 0.0, 0.6558487408143484)
[5, 2, 1, 10, 7, 1, 6, 9, 3, 10, 4, 7, 9, 5, 5, 6, 5, 9, 3, 6, 2, 9, 6, 2, 10, 4, 5, 8, 4, 10, 5, 7, 10, 1, 10, 7, 5, 8, 7, 8, 9, 9, 10, 6, 5, 5, 5, 10, 9, 6, 10, 8, 9, 8, 6, 2, 2, 6, 3, 3, 9, 2]
(0.43131163042009946, 0.43131163042009946, 0.6078431372549014, 0.6078431372549014, 0.0, 0.6558487408143484)
[2, 5, 4, 7, 7, 1, 8, 9, 2, 7, 5, 1, 7, 7, 7, 10, 10, 9, 3, 6, 2, 9, 8, 2, 10, 4, 5, 10, 4, 2, 5, 1, 10, 6, 10, 7, 9, 4, 7, 5, 9, 8, 10, 9, 8, 5, 5, 8, 2, 10, 10, 8, 10, 8, 6, 2, 5, 2, 2, 3, 8, 1]
(1.069086700491607, 0.43131163042009946, 0.6078431372549014, 0.6078431372549014, 1.0707396795973179, 0.6558487408143484)
[2, 5, 4, 7, 7, 1, 8, 9, 2, 7, 5, 1, 7, 7, 7, 10, 10, 9, 3, 6, 2, 9, 8, 2, 10, 4, 5, 10, 4, 2, 5, 1, 10, 6, 10, 7, 9, 4, 7, 5, 9, 8, 10, 9, 8, 5, 5, 8, 2, 10, 10, 8, 10, 8, 6, 2, 5, 2, 2, 3, 8, 1]
(1.069086700491607, 0.43131163042009946, 0.6078431372549014, 0.6078431372549014, 1.0707396795973179, 0.6558487408143484)
[6, 9, 9, 3, 10, 5, 7, 4, 7, 7, 2, 7, 6, 10, 6, 7, 5, 9, 8, 6, 2, 4, 6, 3, 9, 9, 5, 4, 4, 2, 9, 7, 10, 2, 8, 10, 9, 4, 10, 8, 9, 3, 10, 7, 8, 5, 5, 4, 7, 5, 8, 5, 6, 6, 4, 5, 5, 3, 2, 1, 9, 9]
(0.3924585850909372, 0.1834741136585646, 1.0, 1.0, 0.6558487408143484, 0.5147792244330008)
[8, 8, 7, 7, 6, 5, 1, 9, 9, 10, 8, 7, 4, 4, 7, 9, 7, 9, 8, 9, 8, 5, 9, 7, 5, 5, 9, 3, 1, 7, 9, 9, 10, 6, 10, 7, 9, 4, 7, 8, 9, 4, 10, 7, 8, 5, 5, 1, 6, 10, 10, 8, 9, 8, 6, 4, 5, 1, 2, 5, 8, 1]
(1.0428025042638174, 0.2269421213485273, 1.0388065444305532, 0.6078431372549021, 1.0540240110829466, 0.8880980204681422)
[8, 8, 7, 7, 6, 5, 1, 9, 9, 10, 8, 7, 4, 4, 7, 9, 7, 9, 8, 9, 8, 5, 9, 7, 5, 5, 9, 3, 1, 7, 9, 9, 10, 6, 10, 7, 9, 4, 7, 8, 9, 4, 10, 7, 8, 5, 5, 1, 6, 10, 10, 8, 9, 8, 6, 4, 5, 1, 2, 5, 8, 1]
(1.0428025042638174, 0.2269421213485273, 1.0388065444305532, 0.6078431372549021, 0.0, 0.8880980204681422)
[8, 8, 7, 7, 6, 5, 1, 9, 9, 10, 9, 7, 5, 4, 7, 9, 4, 9, 8, 9, 9, 5, 9, 7, 4, 5, 9, 3, 6, 7, 10, 9, 8, 6, 10, 7, 9, 4, 7, 8, 9, 4, 10, 7, 8, 3, 5, 1, 6, 10, 9, 8, 9, 8, 6, 4, 5, 1, 2, 5, 8, 1]
(1.043052677996456, 0.2269421213485273, 1.0327565414831033, 0.6078431372549021, 1.0563352057710285, 0.8880980204681422)
[3, 2, 1, 6, 7, 1, 6, 9, 3, 10, 8, 7, 9, 7, 1, 10, 10, 9, 1, 6, 3, 6, 1, 2, 10, 4, 5, 10, 4, 1, 5, 1, 10, 4, 10, 3, 4, 9, 10, 8, 6, 9, 9, 7, 8, 5, 6, 10, 9, 8, 10, 8, 9, 8, 6, 2, 2, 6, 3, 3, 9, 2]
(1.0821966482326388, 0.7845851421082813, 0.554192266054446, 0.43661971830985896, 1.0600331516936417, 0.5198905449947135)
[3, 2, 1, 6, 7, 1, 6, 9, 3, 10, 8, 7, 9, 7, 1, 10, 10, 9, 1, 6, 3, 6, 1, 2, 10, 4, 5, 10, 4, 1, 5, 1, 10, 4, 10, 3, 4, 9, 10, 8, 6, 9, 9, 7, 8, 5, 6, 10, 9, 8, 10, 8, 9, 8, 6, 2, 2, 6, 3, 3, 9, 2]
(1.0821966482326388, 0.7845851421082813, 0.554192266054446, 0.43661971830985896, 1.0600331516936417, 0.5198905449947135)
[3, 2, 1, 6, 7, 1, 6, 9, 3, 10, 8, 7, 9, 7, 1, 10, 10, 9, 1, 6, 3, 6, 1, 2, 10, 4, 5, 10, 4, 1, 5, 1, 10, 4, 10, 3, 4, 9, 10, 8, 6, 9, 9, 7, 8, 5, 6, 10, 9, 8, 10, 8, 9, 8, 6, 2, 2, 6, 3, 3, 9, 2]
(0.7845851421082813, 0.7845851421082813, 0.0, 0.43661971830985896, 1.0600331516936417, 0.5198905449947135)
[3, 2, 1, 6, 7, 1, 6, 9, 3, 10, 4, 3, 9, 7, 1, 10, 10, 9, 1, 6, 3, 6, 5, 2, 10, 4, 5, 10, 4, 1, 5, 1, 10, 4, 10, 3, 4, 9, 10, 8, 6, 9, 9, 7, 8, 8, 5, 10, 9, 8, 10, 8, 9, 8, 6, 2, 2, 6, 3, 3, 9, 2]
(1.0761685309931635, 0.7845851421082813, 1.0427952943369738, 0.43661971830985896, 1.06122368928045, 0.5198905449947135)
[4, 8, 9, 7, 2, 5, 3, 5, 8, 7, 8, 7, 7, 7, 7, 9, 5, 9, 6, 8, 6, 6, 6, 4, 10, 5, 9, 3, 1, 6, 5, 8, 10, 7, 10, 7, 5, 4, 10, 8, 9, 9, 10, 1, 4, 8, 8, 8, 2, 10, 10, 8, 10, 6, 6, 1, 5, 1, 2, 5, 8, 2]
(1.0541952779516572, 0.2974013474494705, 1.0546612920239564, 0.6078431372549021, 0.6558487408143484, 0.8880980204681422)
[4, 8, 9, 7, 2, 5, 3, 5, 8, 7, 8, 7, 7, 7, 7, 9, 5, 9, 6, 8, 6, 6, 6, 4, 10, 5, 9, 3, 1, 6, 5, 8, 10, 7, 10, 7, 5, 4, 10, 8, 9, 9, 10, 1, 4, 8, 8, 8, 2, 10, 10, 8, 10, 6, 6, 1, 5, 1, 2, 5, 8, 2]
(1.0541952779516572, 0.2974013474494705, 0.0, 0.6078431372549021, 0.6558487408143484, 0.8880980204681422)
[4, 8, 9, 7, 2, 5, 3, 5, 8, 7, 8, 7, 7, 7, 7, 9, 5, 9, 6, 8, 6, 6, 6, 4, 10, 5, 9, 3, 1, 6, 5, 8, 10, 7, 10, 7, 5, 4, 10, 8, 9, 9, 10, 1, 4, 8, 8, 8, 2, 10, 10, 8, 10, 6, 6, 1, 5, 1, 2, 5, 8, 2]
(1.0541952779516572, 0.2974013474494705, 1.0546612920239564, 0.6078431372549021, 0.6558487408143484, 0.8880980204681422)
[4, 8, 9, 7, 2, 5, 3, 5, 8, 7, 8, 7, 7, 7, 7, 9, 5, 9, 6, 8, 6, 6, 6, 4, 10, 5, 9, 3, 1, 6, 5, 8, 10, 7, 10, 7, 5, 4, 10, 8, 9, 9, 10, 1, 4, 8, 8, 8, 2, 10, 10, 8, 10, 6, 6, 1, 5, 1, 2, 5, 8, 2]
(0.2974013474494705, 0.2974013474494705, 1.0546612920239564, 0.6078431372549021, 0.6558487408143484, 0.8880980204681422)
[6, 9, 9, 3, 10, 2, 5, 4, 7, 7, 7, 7, 6, 10, 7, 7, 5, 9, 8, 5, 2, 2, 6, 3, 9, 7, 3, 6, 5, 1, 5, 4, 8, 2, 10, 7, 5, 4, 10, 8, 9, 7, 10, 8, 8, 5, 5, 4, 7, 5, 8, 5, 6, 6, 4, 5, 5, 3, 2, 1, 9, 9]
(0.4212586305466382, 0.4212586305466382, 0.9721969230100498, 0.6078431372549021, 0.78991139587014, 0.7857075722923647)
[6, 9, 9, 3, 10, 2, 5, 4, 7, 7, 7, 7, 6, 10, 7, 7, 5, 9, 8, 5, 2, 2, 6, 3, 9, 7, 3, 6, 5, 1, 5, 4, 8, 2, 10, 7, 5, 4, 10, 8, 9, 7, 10, 8, 8, 5, 5, 4, 7, 5, 8, 5, 6, 6, 4, 5, 5, 3, 2, 1, 9, 9]
(0.36176685336977443, 0.4212586305466382, 0.9721969230100498, 0.6078431372549021, 0.7857075722923647, 0.7857075722923647)
[6, 9, 9, 3, 10, 2, 5, 4, 7, 7, 7, 7, 6, 10, 7, 7, 5, 9, 8, 5, 2, 2, 6, 3, 9, 7, 3, 6, 5, 1, 5, 4, 8, 2, 10, 7, 5, 4, 10, 8, 9, 7, 10, 8, 8, 5, 5, 4, 7, 5, 8, 5, 6, 6, 4, 5, 5, 3, 2, 1, 9, 9]
(0.4212586305466382, 0.4212586305466382, 0.9721969230100498, 0.6078431372549021, 0.78991139587014, 0.7857075722923647)
[3, 2, 1, 6, 7, 1, 6, 9, 3, 10, 8, 7, 9, 7, 1, 10, 10, 9, 1, 6, 3, 6, 1, 2, 10, 4, 5, 10, 4, 1, 5, 1, 10, 4, 10, 3, 4, 9, 10, 8, 6, 9, 9, 7, 8, 8, 5, 10, 9, 8, 10, 8, 9, 8, 6, 2, 2, 6, 3, 3, 9, 2]
(0.7845851421082813, 0.7845851421082813, 0.0, 0.43661971830985896, 1.0536867717280978, 0.6558487408143484)
[3, 2, 1, 6, 7, 1, 6, 9, 3, 10, 8, 7, 9, 7, 1, 10, 10, 9, 1, 6, 3, 6, 1, 2, 10, 4, 5, 10, 4, 1, 5, 1, 10, 4, 10, 3, 4, 9, 10, 8, 6, 9, 9, 7, 8, 8, 5, 10, 9, 8, 10, 8, 9, 8, 6, 2, 2, 6, 3, 3, 9, 2]
(0.7845851421082813, 0.7845851421082813, 0.5546407321467944, 0.43661971830985896, 1.0536867717280978, 0.6558487408143484)
[3, 2, 1, 6, 7, 1, 6, 9, 3, 10, 8, 7, 9, 7, 1, 10, 10, 9, 1, 6, 3, 6, 1, 2, 10, 4, 5, 10, 4, 1, 5, 1, 10, 4, 10, 3, 4, 9, 10, 8, 6, 9, 9, 7, 8, 8, 5, 10, 9, 8, 10, 8, 9, 8, 6, 2, 2, 6, 3, 3, 9, 2]
(0.7845851421082813, 0.7845851421082813, 0.5546407321467944, 0.43661971830985896, 0.6558487408143484, 0.6558487408143484)
[3, 2, 1, 6, 7, 1, 6, 9, 3, 10, 8, 7, 9, 7, 1, 10, 10, 9, 1, 6, 3, 6, 1, 2, 10, 4, 5, 10, 4, 1, 5, 1, 10, 4, 10, 3, 4, 9, 10, 8, 6, 9, 9, 7, 8, 8, 5, 10, 9, 8, 10, 8, 9, 8, 6, 2, 2, 6, 3, 3, 9, 2]
(1.081866221688688, 0.7845851421082813, 0.5546407321467944, 0.43661971830985896, 1.0536867717280978, 0.6558487408143484)
[3, 2, 1, 6, 7, 1, 6, 9, 3, 10, 8, 7, 9, 7, 1, 9, 10, 9, 1, 6, 3, 6, 1, 2, 10, 4, 5, 10, 4, 1, 5, 1, 10, 4, 10, 4, 5, 9, 7, 8, 9, 9, 10, 5, 5, 5, 5, 2, 9, 8, 10, 9, 9, 8, 6, 2, 2, 6, 3, 3, 9, 2]
(1.0801582610234617, 0.7845851421082813, 0.7188838852569371, 0.43661971830985896, 1.0503075962886208, 0.6558487408143484)
[6, 2, 4, 3, 10, 2, 8, 4, 2, 4, 8, 7, 7, 8, 6, 9, 5, 9, 8, 6, 2, 2, 6, 3, 9, 7, 5, 1, 5, 1, 9, 4, 8, 2, 4, 7, 9, 4, 7, 8, 9, 3, 9, 7, 8, 5, 6, 4, 7, 5, 8, 5, 6, 6, 4, 5, 5, 2, 2, 3, 8, 3]
(0.3878250265494009, 0.2269421213485273, 1.0654265975579615, 1.0, 1.0601083723828193, 0.6558487408143484)
[6, 9, 9, 3, 10, 2, 7, 4, 7, 7, 7, 7, 6, 10, 7, 7, 5, 9, 8, 6, 2, 2, 6, 3, 9, 7, 3, 1, 5, 1, 9, 7, 9, 4, 10, 7, 4, 9, 10, 8, 4, 3, 10, 7, 8, 5, 5, 4, 7, 5, 8, 5, 6, 6, 4, 5, 5, 3, 2, 1, 9, 9]
(1.0477061102166767, 0.0, 0.7714025067165405, 1.0, 0.8393139561638187, 0.8880980204681422)
[6, 9, 4, 3, 10, 2, 7, 4, 7, 7, 7, 7, 6, 10, 7, 9, 5, 9, 8, 6, 2, 2, 6, 3, 9, 7, 5, 1, 7, 1, 9, 10, 8, 2, 7, 7, 9, 4, 10, 8, 9, 3, 10, 7, 8, 5, 5, 4, 7, 5, 4, 5, 6, 6, 4, 5, 5, 2, 2, 1, 9, 9]
(1.0366399427875868, 0.4212586305466382, 0.6078431372549021, 0.6078431372549021, 1.0420294294133774, 0.8880980204681422)
[6, 9, 4, 3, 10, 2, 7, 4, 7, 7, 7, 7, 6, 10, 7, 9, 5, 9, 8, 6, 2, 2, 6, 3, 9, 7, 5, 1, 7, 1, 9, 10, 8, 2, 7, 7, 9, 4, 10, 8, 9, 3, 10, 7, 8, 5, 5, 4, 7, 5, 4, 5, 6, 6, 4, 5, 5, 2, 2, 1, 9, 9]
(1.0366399427875868, 0.4212586305466382, 0.6078431372549021, 0.6078431372549021, 1.0420294294133774, 0.8880980204681422)
[6, 9, 4, 3, 10, 2, 7, 4, 7, 7, 7, 7, 6, 10, 7, 9, 5, 9, 8, 6, 2, 2, 6, 3, 9, 7, 5, 1, 7, 1, 9, 10, 8, 2, 7, 7, 9, 4, 10, 8, 9, 3, 10, 7, 8, 5, 5, 4, 7, 5, 4, 5, 6, 6, 4, 5, 5, 2, 2, 1, 9, 9]
(0.4212586305466382, 0.4212586305466382, 0.6078431372549021, 0.6078431372549021, 1.0420294294133774, 0.8880980204681422)
[7, 8, 5, 7, 4, 1, 1, 4, 9, 8, 4, 3, 9, 7, 7, 8, 5, 9, 8, 6, 2, 2, 6, 3, 9, 4, 5, 9, 1, 7, 10, 8, 10, 10, 10, 7, 9, 4, 9, 8, 10, 9, 10, 5, 7, 8, 8, 8, 2, 10, 6, 8, 10, 8, 6, 2, 1, 2, 2, 5, 8, 1]
(1.0705648330971598, 0.2974013474494705, 1.0553290085867042, 1.0, 1.0767938459292052, 0.6558487408143484)
[7, 8, 5, 7, 4, 1, 1, 4, 9, 8, 4, 3, 9, 7, 7, 8, 5, 9, 8, 6, 2, 2, 6, 3, 9, 4, 5, 9, 1, 7, 10, 8, 10, 10, 10, 7, 9, 4, 9, 8, 10, 9, 10, 5, 7, 8, 8, 8, 2, 10, 6, 8, 10, 8, 6, 2, 1, 2, 2, 5, 8, 1]
(1.0705648330971598, 0.2974013474494705, 1.0553290085867042, 1.0, 1.0767938459292052, 0.6558487408143484)
[7, 8, 5, 7, 4, 1, 1, 4, 9, 8, 4, 3, 9, 7, 7, 8, 5, 9, 8, 6, 2, 2, 6, 3, 9, 4, 5, 9, 1, 7, 10, 8, 10, 10, 10, 7, 9, 4, 9, 8, 10, 9, 10, 5, 7, 8, 8, 8, 2, 10, 6, 8, 10, 8, 6, 2, 1, 2, 2, 5, 8, 1]
(1.0705648330971598, 0.2974013474494705, 1.0553290085867042, 1.0, 1.0767938459292052, 0.6558487408143484)
[7, 8, 5, 7, 4, 1, 1, 4, 9, 8, 4, 3, 9, 7, 7, 8, 5, 9, 8, 6, 2, 2, 6, 3, 9, 4, 5, 9, 1, 7, 10, 8, 10, 10, 10, 7, 9, 4, 9, 8, 10, 9, 10, 5, 7, 8, 8, 8, 2, 10, 6, 8, 10, 8, 6, 2, 1, 2, 2, 5, 8, 1]
(1.0705648330971598, 0.2974013474494705, 1.0553290085867042, 1.0, 1.0767938459292052, 0.6558487408143484)
[2, 2, 7, 3, 4, 4, 1, 10, 3, 6, 3, 7, 7, 8, 7, 7, 5, 9, 8, 6, 2, 4, 6, 3, 9, 8, 5, 4, 4, 2, 9, 7, 10, 2, 8, 2, 8, 9, 10, 8, 9, 9, 9, 7, 8, 5, 5, 5, 7, 10, 4, 5, 3, 6, 4, 5, 5, 2, 2, 1, 10, 10]
(1.0710939364507792, 0.4212586305466382, 1.0609732290729876, 1.0, 1.0613599194213745, 0.6558487408143484)
[2, 2, 7, 3, 4, 4, 1, 10, 3, 6, 3, 7, 7, 8, 7, 7, 5, 9, 8, 6, 2, 4, 6, 3, 9, 8, 5, 4, 4, 2, 9, 7, 10, 2, 8, 2, 8, 9, 10, 8, 9, 9, 9, 7, 8, 5, 5, 5, 7, 10, 4, 5, 3, 6, 4, 5, 5, 2, 2, 1, 10, 10]
(1.0710939364507792, 0.4212586305466382, 1.0612166872248048, 1.0, 1.0613599194213745, 0.6558487408143484)
[2, 2, 7, 3, 4, 4, 1, 10, 3, 6, 3, 7, 7, 8, 7, 7, 5, 9, 8, 6, 2, 4, 6, 3, 9, 8, 5, 4, 4, 2, 9, 7, 10, 2, 8, 2, 8, 9, 10, 8, 9, 9, 9, 7, 8, 5, 5, 5, 7, 10, 4, 5, 3, 6, 4, 5, 5, 2, 2, 1, 10, 10]
(0.4212586305466382, 0.4212586305466382, 0.383131174184384, 1.0, 1.0613599194213745, 0.6558487408143484)
[6, 9, 4, 3, 10, 2, 7, 4, 7, 7, 7, 7, 5, 10, 7, 9, 5, 9, 8, 6, 2, 2, 6, 3, 9, 7, 5, 1, 7, 1, 9, 1, 4, 2, 8, 7, 9, 4, 10, 8, 9, 3, 10, 7, 8, 5, 5, 4, 7, 5, 8, 5, 4, 6, 4, 5, 5, 2, 2, 1, 9, 9]
(1.040560498274862, 0.4212586305466382, 0.6901942415162832, 1.0, 0.0, 0.6558487408143484)
[8, 8, 5, 7, 4, 1, 1, 4, 7, 8, 4, 1, 9, 7, 7, 1, 6, 7, 8, 6, 6, 2, 6, 3, 9, 4, 5, 9, 1, 7, 10, 8, 10, 10, 10, 7, 9, 4, 9, 8, 10, 9, 10, 1, 8, 8, 8, 8, 2, 10, 6, 8, 10, 2, 6, 2, 1, 2, 2, 5, 8, 1]
(1.0657506143674251, 0.43131163042009946, 0.3514068657532355, 1.0, 1.053884544037282, 0.6558487408143484)
[6, 3, 4, 3, 8, 2, 7, 4, 7, 7, 2, 7, 6, 2, 7, 8, 1, 9, 5, 5, 2, 2, 4, 2, 9, 4, 5, 1, 4, 2, 5, 7, 10, 4, 10, 9, 2, 9, 10, 8, 10, 7, 10, 7, 8, 5, 5, 4, 7, 10, 4, 9, 8, 10, 6, 2, 2, 6, 3, 3, 8, 3]
(1.0704321479424832, 0.7845851421082813, 0.6004869909957037, 0.6078431372549014, 0.6558487408143484, 0.6968431470915609)
[6, 3, 4, 3, 8, 2, 7, 4, 7, 7, 2, 7, 6, 2, 7, 8, 1, 9, 5, 5, 2, 2, 4, 2, 9, 4, 5, 1, 4, 2, 5, 7, 10, 4, 10, 9, 2, 9, 10, 8, 10, 7, 10, 7, 8, 5, 5, 4, 7, 10, 4, 9, 8, 10, 6, 2, 2, 6, 3, 3, 8, 3]
(1.0704321479424832, 0.7845851421082813, 0.6004869909957037, 0.6078431372549014, 0.6558487408143484, 0.6968431470915609)
[6, 3, 4, 3, 8, 2, 7, 4, 7, 7, 2, 7, 6, 2, 7, 8, 1, 9, 5, 5, 2, 2, 4, 2, 9, 4, 5, 1, 4, 2, 5, 7, 10, 4, 10, 9, 2, 9, 10, 8, 10, 7, 10, 7, 8, 5, 5, 4, 7, 10, 4, 9, 8, 10, 6, 2, 2, 6, 3, 3, 8, 3]
(1.0704321479424832, 0.7845851421082813, 0.6004869909957037, 0.6078431372549014, 0.6558487408143484, 0.6968431470915609)
[6, 3, 4, 3, 8, 2, 7, 4, 7, 7, 2, 7, 6, 2, 7, 8, 1, 9, 5, 5, 2, 2, 4, 2, 9, 4, 5, 1, 4, 2, 5, 7, 10, 4, 10, 9, 2, 9, 10, 8, 10, 7, 10, 7, 8, 5, 5, 4, 7, 10, 4, 9, 8, 10, 6, 2, 2, 6, 3, 3, 8, 3]
(1.0704321479424832, 0.7845851421082813, 0.6004869909957037, 0.6078431372549014, 0.6558487408143484, 0.6968431470915609)
