[3, 8, 9, 3, 3, 4, 4, 10, 2, 5, 3, 4, 4, 7, 4, 8, 10, 10, 5, 10, 3, 1, 7, 2, 7, 8, 6, 7, 6, 7, 9, 7, 7, 7, 7, 5, 7, 4, 6, 7, 9, 6, 4, 9, 9, 3, 9, 5, 10, 10, 2, 9, 6, 5, 2, 6, 1, 3, 1, 7, 7, 1]
(0.7399931577146763, 0.0, 0.5899757587350913, 0.2187500000000001, 0.9538961962796734, 0.85247629083246)
[3, 8, 10, 8, 5, 4, 4, 5, 2, 1, 3, 4, 4, 7, 4, 8, 10, 10, 5, 10, 10, 10, 6, 5, 3, 8, 7, 3, 2, 10, 10, 10, 7, 7, 7, 5, 7, 2, 6, 7, 4, 6, 7, 9, 9, 3, 9, 3, 10, 10, 2, 9, 6, 5, 2, 6, 1, 3, 1, 7, 10, 1]
(0.7399931577146763, 0.7399931577146763, 0.5546342858113351, 0.1891891891891892, 0.9668758238665743, 0.5848394092739833)
[3, 8, 10, 8, 5, 4, 4, 5, 2, 1, 3, 4, 4, 7, 4, 8, 10, 10, 5, 10, 10, 10, 6, 5, 3, 8, 7, 3, 2, 10, 10, 10, 7, 7, 7, 5, 7, 2, 6, 7, 4, 6, 7, 9, 9, 3, 9, 5, 10, 10, 2, 9, 6, 5, 2, 6, 1, 3, 1, 7, 10, 1]
(0.7399931577146763, 0.7399931577146763, 0.5521170060150328, 0.1891891891891892, 0.9660707588307541, 0.5848394092739833)
[3, 7, 10, 1, 5, 4, 3, 5, 6, 2, 1, 5, 4, 4, 8, 5, 5, 3, 5, 2, 4, 10, 6, 5, 3, 7, 7, 3, 2, 10, 10, 10, 7, 7, 7, 10, 7, 2, 9, 6, 2, 6, 2, 2, 9, 9, 7, 5, 10, 9, 2, 9, 6, 5, 2, 6, 1, 3, 5, 7, 10, 1]
(0.8657446722500036, 0.7399931577146763, 0.9675890442915243, 0.5833333333333341, 0.9593762501142903, 0.26299168717782034)
[3, 7, 10, 1, 5, 4, 3, 5, 6, 2, 1, 5, 4, 4, 8, 5, 5, 3, 5, 2, 4, 10, 6, 5, 3, 7, 7, 3, 2, 10, 10, 10, 7, 7, 7, 10, 7, 2, 9, 6, 2, 6, 2, 2, 9, 9, 7, 5, 10, 9, 2, 9, 6, 5, 2, 6, 1, 3, 5, 7, 10, 1]
(0.8657446722500036, 0.7399931577146763, 0.9675890442915243, 0.5833333333333341, 0.9593762501142903, 0.26299168717782034)
[3, 8, 10, 1, 5, 4, 3, 5, 6, 2, 1, 5, 4, 4, 8, 5, 5, 3, 5, 2, 4, 10, 6, 5, 7, 9, 6, 6, 6, 10, 9, 10, 7, 7, 7, 10, 7, 2, 6, 6, 2, 6, 2, 2, 9, 9, 7, 5, 10, 9, 2, 9, 6, 5, 2, 6, 1, 3, 5, 7, 10, 1]
(0.7399931577146763, 0.7399931577146763, 0.9673993158154172, 0.5833333333333341, 0.95653163185343, 0.26299168717782034)
[8, 9, 10, 4, 1, 2, 3, 4, 4, 2, 3, 8, 9, 2, 4, 2, 7, 4, 1, 3, 10, 9, 2, 5, 8, 8, 6, 10, 6, 8, 7, 10, 10, 6, 2, 2, 6, 3, 8, 8, 3, 3, 8, 8, 1, 8, 8, 4, 3, 9, 7, 2, 4, 5, 5, 2, 4, 3, 5, 4, 10, 1]
(0.9664551372639816, 0.2974013474494705, 0.969738680217413, 1.0, 0.9671745846979302, 0.2975358587716073)
[3, 8, 10, 8, 8, 8, 4, 3, 1, 4, 8, 10, 5, 6, 5, 4, 6, 2, 1, 3, 4, 9, 8, 10, 8, 8, 1, 1, 10, 4, 7, 10, 10, 9, 8, 6, 2, 1, 8, 8, 3, 9, 9, 8, 2, 4, 10, 4, 8, 9, 2, 2, 6, 5, 2, 6, 1, 3, 5, 7, 10, 1]
(0.8577861544676137, 0.39885672137193456, 0.9649702985770983, 1.0, 0.9559149718843386, 0.26299168717782034)
[3, 8, 10, 8, 5, 4, 4, 5, 2, 1, 3, 4, 4, 7, 4, 8, 10, 10, 5, 7, 3, 1, 7, 2, 7, 9, 6, 7, 6, 4, 9, 7, 7, 7, 7, 5, 7, 2, 6, 6, 3, 7, 4, 8, 8, 8, 9, 5, 10, 3, 7, 9, 6, 5, 2, 6, 1, 3, 5, 7, 10, 1]
(0.7995342378504606, 0.39885672137193456, 0.9626096143387242, 0.5833333333333341, 0.9659552707336827, 0.788389252401501)
[3, 8, 9, 3, 3, 4, 4, 10, 2, 5, 3, 4, 4, 7, 4, 8, 10, 10, 5, 10, 3, 1, 7, 2, 7, 8, 6, 7, 6, 7, 9, 7, 7, 7, 7, 5, 7, 4, 6, 7, 9, 6, 4, 9, 9, 3, 9, 5, 10, 10, 2, 9, 6, 5, 2, 6, 1, 3, 1, 7, 7, 1]
(0.7399931577146763, 0.7399931577146763, 0.5899757587350913, 0.2187500000000001, 0.9538961962796734, 0.85247629083246)
[3, 8, 9, 3, 3, 4, 4, 10, 2, 5, 3, 4, 4, 7, 4, 8, 10, 10, 5, 10, 3, 1, 7, 2, 7, 8, 6, 7, 6, 7, 9, 7, 7, 7, 7, 5, 7, 4, 6, 7, 9, 6, 4, 9, 9, 3, 9, 5, 10, 10, 2, 9, 6, 5, 2, 6, 1, 3, 1, 7, 7, 1]
(0.7399931577146763, 0.7399931577146763, 0.5899757587350913, 0.2187500000000001, 0.9538961962796734, 0.85247629083246)
[8, 9, 3, 4, 1, 2, 3, 5, 5, 8, 6, 7, 1, 3, 10, 2, 7, 6, 6, 8, 10, 10, 2, 9, 7, 8, 7, 7, 5, 7, 7, 10, 10, 9, 8, 8, 7, 4, 7, 9, 3, 9, 8, 8, 9, 1, 8, 4, 7, 7, 4, 2, 4, 5, 5, 2, 4, 3, 5, 4, 10, 1]
(0.963925227802245, 0.2974013474494705, 0.9659738027490659, 1.0, 0.9664273050613683, 0.5848394092739833)
[8, 9, 3, 4, 1, 2, 3, 5, 5, 8, 6, 7, 1, 3, 10, 10, 6, 4, 1, 7, 4, 5, 2, 9, 8, 8, 7, 7, 5, 7, 7, 10, 10, 9, 8, 8, 1, 3, 10, 8, 3, 3, 8, 8, 1, 8, 8, 4, 3, 9, 7, 2, 4, 5, 1, 2, 4, 3, 5, 4, 10, 1]
(0.968831382226197, 0.2974013474494705, 0.9671341008506699, 1.0, 0.9716560871340316, 0.5848394092739833)
[5, 4, 10, 4, 1, 1, 3, 4, 5, 10, 6, 10, 5, 6, 5, 4, 6, 4, 1, 7, 10, 5, 2, 9, 8, 8, 6, 3, 6, 3, 4, 8, 3, 9, 8, 8, 7, 4, 7, 9, 3, 9, 8, 8, 9, 1, 8, 4, 7, 7, 4, 4, 4, 5, 5, 2, 4, 4, 1, 3, 10, 1]
(0.9676309465430658, 0.2974013474494705, 0.9686912841163559, 1.0, 0.9647461679764074, 0.5848394092739833)
[5, 8, 10, 4, 1, 3, 3, 4, 5, 2, 6, 10, 5, 6, 5, 4, 6, 3, 1, 7, 10, 5, 2, 9, 7, 8, 6, 7, 6, 8, 7, 10, 10, 9, 8, 1, 1, 3, 10, 8, 3, 3, 8, 8, 1, 6, 8, 4, 3, 9, 7, 2, 4, 5, 3, 2, 4, 3, 5, 4, 10, 1]
(0.9677869367413205, 0.2974013474494705, 0.9669803407974523, 1.0, 0.9738031164742986, 0.5848394092739833)
[3, 8, 4, 3, 3, 4, 4, 9, 2, 6, 7, 4, 4, 6, 4, 8, 10, 10, 5, 10, 10, 10, 6, 5, 5, 8, 7, 3, 2, 10, 10, 10, 7, 7, 7, 5, 7, 2, 6, 7, 4, 6, 7, 9, 9, 3, 9, 3, 10, 9, 2, 9, 6, 5, 2, 6, 1, 3, 5, 6, 10, 1]
(0.9644262333400531, 0.2974013474494705, 0.9693603125400824, 1.0, 0.969991453830151, 0.5848394092739833)
[3, 8, 4, 3, 3, 4, 4, 9, 2, 6, 3, 5, 4, 3, 1, 3, 5, 5, 9, 8, 1, 8, 3, 8, 8, 9, 7, 7, 10, 4, 4, 10, 7, 7, 7, 5, 7, 2, 6, 7, 4, 6, 7, 9, 9, 3, 9, 3, 10, 9, 2, 9, 6, 5, 2, 6, 1, 3, 5, 5, 10, 1]
(0.9670513619668764, 0.2974013474494705, 0.9678413310088199, 1.0, 0.9710329621098918, 0.5848394092739833)
[5, 9, 10, 8, 1, 1, 3, 4, 5, 2, 6, 10, 5, 6, 5, 4, 6, 4, 1, 7, 10, 5, 5, 9, 8, 8, 6, 5, 6, 8, 7, 10, 10, 7, 2, 8, 7, 2, 4, 7, 2, 9, 10, 9, 9, 1, 8, 4, 7, 4, 4, 2, 4, 5, 5, 2, 4, 4, 1, 3, 10, 1]
(0.968162877764551, 0.2974013474494705, 0.969984776247291, 1.0, 0.9652414523996397, 0.5848394092739833)
[3, 5, 3, 10, 5, 4, 3, 5, 2, 1, 3, 5, 4, 3, 1, 3, 5, 5, 9, 8, 1, 8, 3, 8, 8, 9, 7, 7, 10, 4, 4, 8, 3, 6, 5, 3, 1, 3, 8, 8, 1, 10, 7, 10, 2, 1, 8, 4, 3, 9, 7, 2, 4, 5, 3, 6, 1, 3, 1, 2, 9, 1]
(0.9691034068353456, 0.2974013474494705, 0.9703338311053792, 1.0, 0.9549566631205365, 0.5848394092739833)
[3, 8, 10, 3, 3, 4, 4, 5, 2, 1, 3, 4, 4, 7, 4, 8, 10, 10, 5, 8, 10, 10, 7, 5, 3, 8, 7, 3, 2, 10, 8, 10, 7, 7, 7, 5, 7, 2, 6, 7, 4, 6, 7, 9, 9, 3, 9, 5, 10, 10, 2, 9, 6, 5, 2, 6, 1, 3, 1, 7, 10, 1]
(0.7399931577146763, 0.7399931577146763, 0.9650833747349661, 0.5833333333333341, 0.9689722106792015, 0.5848394092739833)
[3, 6, 10, 9, 5, 4, 4, 5, 2, 1, 3, 4, 3, 6, 8, 5, 5, 3, 5, 1, 4, 10, 6, 5, 3, 8, 7, 2, 2, 6, 7, 10, 10, 9, 8, 6, 2, 1, 10, 8, 3, 9, 9, 8, 2, 1, 8, 4, 8, 9, 2, 9, 6, 5, 2, 6, 2, 1, 5, 7, 10, 1]
(0.7399931577146763, 0.7399931577146763, 0.0, 0.5833333333333341, 0.9597508276812716, 0.5848394092739833)
[3, 8, 10, 1, 5, 4, 3, 5, 6, 2, 1, 5, 4, 4, 8, 5, 5, 3, 5, 2, 4, 10, 6, 5, 7, 9, 6, 6, 6, 10, 9, 10, 7, 7, 7, 10, 7, 2, 6, 6, 2, 6, 2, 9, 9, 9, 7, 5, 10, 9, 2, 9, 9, 6, 2, 6, 1, 3, 5, 7, 10, 1]
(0.8700258701108404, 0.7399931577146763, 0.965068001020698, 0.5833333333333341, 0.9649796883575601, 0.5848394092739833)
[3, 8, 10, 9, 5, 4, 2, 5, 4, 1, 7, 4, 4, 6, 4, 8, 10, 10, 5, 10, 3, 1, 7, 2, 7, 8, 6, 7, 6, 9, 9, 7, 7, 7, 7, 5, 7, 4, 6, 7, 9, 6, 4, 9, 9, 3, 9, 5, 10, 10, 2, 9, 6, 5, 4, 6, 2, 1, 5, 7, 10, 1]
(0.8279582663439237, 0.7399931577146763, 0.963220506254582, 0.5833333333333341, 0.9544120212085531, 0.5848394092739833)
[3, 8, 10, 9, 5, 4, 3, 5, 2, 1, 7, 4, 4, 6, 4, 8, 8, 10, 5, 10, 10, 10, 6, 5, 3, 8, 7, 3, 2, 10, 10, 10, 7, 7, 7, 5, 7, 2, 6, 7, 1, 6, 4, 9, 9, 3, 9, 5, 10, 10, 2, 9, 6, 5, 2, 6, 2, 1, 5, 7, 10, 1]
(0.7399931577146763, 0.7399931577146763, 0.9651891819201391, 0.5833333333333341, 0.9641142391599697, 0.5848394092739833)
[3, 8, 10, 1, 5, 4, 4, 5, 8, 2, 1, 5, 4, 4, 8, 5, 5, 3, 5, 2, 4, 10, 6, 5, 7, 9, 6, 6, 7, 10, 9, 10, 7, 7, 7, 10, 7, 2, 6, 6, 2, 6, 2, 2, 9, 9, 7, 5, 10, 9, 2, 9, 6, 5, 2, 6, 1, 3, 5, 7, 10, 1]
(0.8617684689350437, 0.7399931577146763, 0.9662457625381632, 0.5833333333333341, 0.9602483394555731, 0.5848394092739833)
[3, 8, 10, 8, 1, 4, 4, 7, 1, 1, 3, 4, 4, 7, 6, 8, 10, 3, 5, 10, 10, 10, 6, 5, 3, 6, 7, 3, 2, 10, 10, 10, 7, 7, 7, 5, 7, 2, 6, 7, 4, 6, 7, 9, 9, 3, 9, 3, 10, 10, 2, 9, 6, 5, 5, 6, 1, 3, 5, 7, 10, 1]
(0.7399931577146763, 0.7399931577146763, 0.9632382414303703, 0.4117647058823538, 0.9617626770399496, 0.85247629083246)
[3, 8, 8, 1, 5, 4, 3, 5, 6, 3, 1, 7, 4, 7, 8, 10, 5, 6, 5, 8, 6, 1, 7, 7, 9, 7, 1, 7, 10, 10, 9, 10, 7, 7, 9, 1, 7, 2, 5, 7, 2, 4, 7, 9, 4, 5, 9, 2, 10, 9, 7, 7, 6, 7, 5, 6, 1, 3, 5, 7, 10, 1]
(0.8001105305738778, 0.7399931577146763, 0.960727570112793, 0.4117647058823538, 0.9659628222696465, 0.85247629083246)
[3, 8, 10, 8, 1, 4, 4, 7, 1, 1, 3, 4, 4, 7, 6, 8, 10, 8, 5, 10, 10, 10, 6, 5, 3, 6, 7, 3, 2, 10, 10, 10, 7, 7, 7, 5, 7, 2, 6, 7, 4, 6, 7, 9, 9, 3, 9, 3, 10, 10, 2, 9, 6, 5, 5, 6, 1, 3, 5, 7, 10, 1]
(0.6829514035023782, 0.7399931577146763, 0.9599325972609205, 0.4117647058823538, 0.960056813154368, 0.85247629083246)
[3, 8, 10, 8, 7, 4, 4, 5, 8, 5, 3, 4, 4, 7, 8, 5, 5, 3, 5, 2, 4, 10, 6, 5, 7, 9, 6, 5, 2, 10, 10, 10, 7, 7, 7, 5, 7, 2, 6, 7, 4, 6, 7, 9, 9, 9, 7, 5, 10, 9, 2, 9, 9, 6, 2, 6, 1, 3, 5, 7, 10, 1]
(0.8416944253258425, 0.7399931577146763, 0.0, 0.968819817621259, 0.9668954472057503, 0.385684124497717)
[3, 8, 3, 1, 5, 4, 3, 5, 3, 2, 1, 5, 4, 6, 1, 8, 9, 2, 5, 10, 3, 10, 6, 5, 7, 9, 6, 6, 7, 10, 9, 10, 7, 7, 7, 5, 9, 2, 1, 7, 2, 2, 7, 9, 9, 5, 9, 5, 10, 9, 7, 9, 6, 2, 2, 6, 1, 3, 5, 7, 10, 1]
(0.8003915979526969, 0.7399931577146763, 0.9669633978046458, 0.5833333333333341, 0.9637926752679032, 0.788389252401501)
[3, 8, 3, 1, 5, 4, 3, 5, 7, 2, 1, 5, 4, 7, 1, 8, 2, 5, 5, 10, 3, 10, 6, 5, 7, 4, 6, 6, 7, 10, 9, 10, 7, 7, 7, 5, 7, 2, 6, 6, 3, 5, 7, 9, 9, 3, 9, 5, 10, 10, 2, 9, 6, 5, 2, 6, 1, 3, 5, 7, 10, 1]
(0.7399931577146763, 0.7399931577146763, 0.9675008491612953, 0.5833333333333341, 0.9620314276777192, 0.788389252401501)
[3, 8, 3, 4, 5, 4, 3, 5, 2, 1, 3, 5, 4, 3, 1, 5, 5, 3, 5, 3, 4, 1, 7, 9, 8, 7, 6, 8, 6, 10, 7, 10, 7, 7, 7, 5, 9, 2, 6, 7, 2, 6, 7, 9, 9, 5, 9, 5, 10, 9, 7, 9, 6, 2, 2, 6, 1, 3, 5, 7, 10, 1]
(0.7399931577146763, 0.7399931577146763, 0.9647693266160768, 0.5833333333333341, 0.968364705797283, 0.788389252401501)
[3, 5, 3, 1, 5, 4, 3, 5, 3, 2, 3, 5, 4, 6, 1, 8, 9, 2, 5, 10, 3, 10, 6, 5, 7, 9, 6, 6, 7, 10, 10, 10, 7, 7, 7, 5, 9, 2, 1, 7, 2, 2, 7, 9, 5, 5, 9, 5, 10, 9, 7, 9, 6, 2, 2, 6, 1, 3, 5, 7, 10, 1]
(0.7399931577146763, 0.7399931577146763, 0.5833333333333341, 0.5833333333333341, 0.9653477693907898, 0.788389252401501)
[3, 8, 10, 9, 3, 2, 3, 5, 2, 2, 1, 5, 4, 7, 7, 8, 10, 10, 5, 10, 10, 10, 6, 5, 3, 8, 7, 3, 2, 10, 10, 10, 7, 7, 7, 5, 7, 4, 6, 7, 4, 6, 7, 9, 9, 3, 9, 3, 10, 10, 2, 9, 6, 5, 2, 6, 1, 3, 5, 7, 10, 1]
(0.7399931577146763, 0.7399931577146763, 0.9666968873701971, 0.5833333333333341, 0.9635182893834993, 0.788389252401501)
[3, 8, 3, 1, 5, 4, 3, 5, 3, 2, 1, 5, 4, 6, 1, 8, 9, 2, 5, 10, 3, 10, 6, 5, 7, 9, 6, 6, 7, 10, 9, 10, 7, 7, 7, 8, 7, 2, 6, 6, 3, 6, 7, 9, 9, 7, 9, 5, 10, 9, 7, 9, 7, 5, 2, 6, 1, 3, 5, 7, 10, 1]
(0.7399931577146763, 0.7399931577146763, 0.9676300612278264, 0.5833333333333341, 0.9681354689411801, 0.788389252401501)
[3, 8, 10, 1, 5, 2, 3, 8, 6, 2, 3, 4, 4, 7, 4, 8, 10, 10, 5, 10, 10, 10, 6, 5, 3, 8, 7, 3, 2, 10, 10, 10, 7, 8, 7, 5, 7, 2, 6, 7, 4, 6, 7, 9, 9, 3, 9, 3, 10, 10, 2, 9, 6, 5, 2, 6, 1, 3, 5, 7, 10, 1]
(0.7399931577146763, 0.7399931577146763, 0.9641047268174572, 0.5833333333333341, 0.9593537871725843, 0.788389252401501)
[3, 5, 3, 1, 5, 4, 3, 5, 3, 2, 3, 5, 4, 6, 1, 8, 9, 2, 5, 10, 3, 10, 6, 5, 7, 9, 6, 6, 7, 10, 10, 10, 7, 7, 7, 5, 9, 2, 1, 7, 2, 2, 7, 9, 5, 5, 9, 5, 10, 9, 7, 9, 6, 2, 2, 6, 1, 3, 5, 7, 10, 1]
(0.7399931577146763, 0.7399931577146763, 0.9663725082762521, 0.5833333333333341, 0.9653477693907898, 0.788389252401501)
[3, 2, 3, 1, 4, 4, 3, 5, 3, 8, 1, 5, 4, 6, 7, 8, 10, 10, 5, 10, 10, 10, 6, 5, 3, 8, 7, 3, 2, 10, 8, 10, 5, 7, 7, 10, 7, 2, 6, 6, 3, 6, 7, 9, 9, 7, 9, 5, 10, 9, 7, 9, 6, 5, 2, 6, 1, 3, 5, 7, 10, 1]
(0.7996864671818944, 0.7399931577146763, 0.9650037006475013, 0.5833333333333341, 0.9649216531775875, 0.788389252401501)
[3, 8, 3, 1, 5, 4, 3, 5, 7, 2, 1, 5, 4, 7, 1, 8, 9, 2, 5, 10, 3, 10, 6, 5, 7, 9, 6, 3, 7, 10, 9, 10, 7, 7, 7, 5, 7, 2, 6, 7, 1, 6, 4, 9, 9, 3, 9, 5, 10, 10, 2, 9, 6, 5, 2, 6, 1, 3, 5, 7, 10, 1]
(0.7399931577146763, 0.7399931577146763, 0.963604905176906, 0.5833333333333341, 0.961180964391677, 0.85247629083246)
[3, 8, 3, 1, 4, 4, 3, 5, 3, 2, 1, 5, 4, 6, 1, 8, 9, 2, 5, 10, 3, 10, 6, 5, 7, 9, 3, 6, 7, 10, 9, 10, 7, 7, 7, 8, 7, 2, 6, 6, 3, 6, 7, 7, 9, 6, 7, 5, 10, 9, 7, 9, 6, 2, 2, 6, 1, 3, 5, 7, 10, 1]
(0.7399931577146763, 0.7399931577146763, 0.9636072714813038, 0.5833333333333341, 0.9671366554684919, 0.85247629083246)
[3, 8, 3, 1, 5, 4, 3, 5, 8, 2, 1, 5, 4, 6, 1, 8, 9, 2, 5, 10, 3, 10, 6, 5, 7, 9, 6, 6, 7, 10, 9, 10, 7, 7, 7, 5, 7, 2, 6, 6, 3, 6, 7, 9, 9, 5, 9, 5, 10, 9, 7, 9, 6, 5, 2, 6, 1, 3, 5, 7, 10, 1]
(0.7989478535018892, 0.7399931577146763, 0.9642163447104376, 0.5833333333333341, 0.9653525370173139, 0.85247629083246)
[3, 8, 3, 1, 4, 4, 3, 5, 3, 2, 1, 5, 4, 6, 1, 8, 9, 2, 5, 10, 3, 10, 6, 5, 7, 9, 6, 6, 7, 10, 9, 10, 7, 7, 7, 8, 7, 2, 6, 6, 3, 6, 7, 7, 9, 5, 7, 5, 10, 9, 7, 9, 7, 5, 2, 6, 1, 3, 5, 7, 10, 1]
(0.7399931577146763, 0.7399931577146763, 0.9662147752009316, 0.5833333333333341, 0.9670616068877264, 0.85247629083246)
[3, 8, 3, 1, 4, 4, 3, 5, 3, 2, 1, 5, 4, 6, 1, 8, 9, 2, 5, 10, 3, 10, 2, 5, 3, 8, 7, 3, 2, 10, 10, 10, 7, 7, 7, 5, 7, 4, 6, 6, 3, 6, 7, 7, 9, 5, 7, 5, 10, 9, 7, 9, 7, 5, 2, 6, 1, 3, 5, 7, 10, 1]
(0.7399931577146763, 0.7399931577146763, 0.9665179955773037, 0.5833333333333341, 0.9663776732049867, 0.85247629083246)
[3, 8, 3, 1, 5, 4, 3, 5, 8, 2, 1, 5, 4, 6, 1, 8, 9, 2, 5, 10, 3, 10, 6, 8, 7, 9, 6, 6, 7, 10, 9, 10, 7, 7, 7, 5, 7, 2, 6, 6, 3, 6, 7, 9, 9, 3, 9, 5, 10, 10, 2, 9, 6, 5, 2, 6, 1, 3, 5, 7, 10, 1]
(0.7399931577146763, 0.7399931577146763, 0.9629502660594864, 0.5833333333333341, 0.9615723867900653, 0.85247629083246)
[3, 8, 3, 1, 5, 4, 3, 8, 2, 2, 3, 5, 4, 3, 1, 5, 5, 3, 5, 3, 4, 1, 7, 9, 8, 7, 6, 8, 6, 10, 7, 10, 7, 7, 7, 5, 9, 2, 6, 7, 2, 6, 7, 9, 9, 5, 9, 5, 10, 9, 7, 9, 6, 2, 2, 6, 1, 3, 5, 7, 10, 1]
(0.7399931577146763, 0.7399931577146763, 0.964700106997041, 0.5833333333333341, 0.9680291022174042, 0.85247629083246)
[3, 8, 10, 1, 5, 2, 3, 8, 6, 2, 3, 2, 4, 6, 4, 8, 8, 10, 5, 10, 10, 10, 6, 5, 3, 8, 7, 3, 2, 10, 10, 10, 7, 7, 7, 5, 7, 2, 6, 7, 1, 6, 7, 9, 9, 3, 9, 3, 10, 10, 2, 9, 9, 5, 2, 6, 1, 3, 5, 7, 10, 1]
(0.7399931577146763, 0.7399931577146763, 0.9641273436136525, 0.5833333333333341, 0.9600732588209195, 0.85247629083246)
[3, 8, 3, 1, 5, 4, 3, 5, 8, 2, 1, 5, 4, 6, 1, 8, 9, 2, 5, 10, 3, 10, 6, 5, 8, 9, 6, 6, 2, 10, 10, 10, 7, 7, 7, 5, 7, 3, 6, 6, 3, 6, 7, 9, 9, 5, 9, 5, 10, 7, 7, 9, 6, 5, 2, 6, 1, 3, 5, 7, 10, 1]
(0.797235177177939, 0.7399931577146763, 0.9647565425373595, 0.5833333333333341, 0.9653382754884643, 0.85247629083246)
[3, 8, 3, 1, 5, 10, 3, 5, 2, 2, 1, 5, 4, 6, 1, 8, 9, 3, 5, 9, 6, 5, 6, 5, 7, 9, 6, 6, 6, 10, 9, 10, 7, 7, 7, 5, 7, 2, 6, 6, 7, 6, 7, 9, 9, 5, 9, 5, 10, 9, 7, 9, 6, 5, 2, 6, 1, 3, 5, 7, 10, 1]
(0.7998623858206007, 0.7399931577146763, 0.9656173883937281, 0.5833333333333341, 0.9641726099885981, 0.85247629083246)
[3, 8, 3, 1, 5, 4, 3, 5, 8, 2, 1, 5, 4, 6, 1, 8, 9, 2, 5, 10, 3, 10, 6, 5, 8, 9, 6, 6, 2, 10, 10, 10, 7, 7, 7, 5, 7, 3, 6, 6, 3, 6, 7, 9, 9, 5, 9, 5, 10, 7, 7, 9, 6, 5, 2, 6, 1, 3, 5, 7, 10, 1]
(0.797235177177939, 0.7399931577146763, 0.5833333333333341, 0.5833333333333341, 0.9653382754884643, 0.85247629083246)
[3, 8, 3, 1, 5, 4, 3, 5, 2, 2, 1, 5, 4, 6, 1, 8, 9, 2, 5, 10, 3, 10, 6, 5, 7, 9, 6, 6, 7, 10, 9, 10, 7, 7, 7, 5, 7, 2, 6, 6, 7, 6, 7, 9, 9, 5, 9, 5, 10, 9, 7, 9, 6, 5, 2, 6, 1, 3, 5, 7, 10, 1]
(0.7996843623928758, 0.7399931577146763, 0.9680027243681234, 0.5833333333333341, 0.9636038404889387, 0.85247629083246)
[3, 8, 3, 1, 5, 4, 3, 5, 2, 2, 1, 4, 4, 6, 4, 8, 5, 3, 5, 3, 4, 10, 6, 5, 7, 9, 6, 6, 6, 10, 9, 10, 7, 7, 7, 5, 7, 2, 6, 7, 2, 6, 7, 9, 9, 5, 9, 5, 10, 6, 7, 9, 6, 5, 2, 6, 1, 3, 5, 7, 10, 1]
(0.7981731723062726, 0.7399931577146763, 0.9651698729954642, 0.5833333333333341, 0.9651776560582205, 0.85247629083246)
[3, 8, 3, 1, 5, 4, 3, 5, 2, 2, 1, 5, 4, 6, 1, 8, 9, 2, 5, 10, 3, 10, 6, 5, 4, 7, 6, 5, 10, 10, 9, 10, 7, 7, 7, 5, 7, 2, 6, 6, 7, 6, 7, 9, 9, 5, 8, 5, 10, 9, 7, 9, 6, 5, 2, 6, 1, 3, 5, 7, 10, 1]
(0.7972698810510368, 0.7399931577146763, 0.9678312492556852, 0.5833333333333341, 0.9629567765630765, 0.85247629083246)
[3, 4, 3, 1, 5, 4, 3, 5, 2, 2, 1, 5, 4, 6, 4, 8, 10, 8, 5, 10, 10, 3, 6, 5, 1, 8, 9, 9, 6, 10, 10, 10, 7, 7, 7, 5, 7, 2, 6, 6, 3, 7, 4, 8, 9, 5, 9, 5, 10, 3, 7, 9, 10, 5, 2, 6, 1, 3, 5, 7, 10, 1]
(0.7969036384485693, 0.7399931577146763, 0.9664507272653264, 0.5833333333333341, 0.966192684415726, 0.85247629083246)
[3, 8, 6, 1, 5, 4, 3, 5, 7, 2, 1, 5, 4, 7, 8, 4, 5, 3, 5, 9, 4, 1, 7, 9, 8, 3, 6, 8, 6, 10, 7, 10, 7, 7, 7, 5, 9, 2, 6, 7, 2, 6, 7, 9, 9, 5, 9, 5, 10, 9, 7, 9, 6, 2, 2, 6, 1, 3, 5, 7, 10, 1]
(0.7399931577146763, 0.7399931577146763, 0.9654065812937898, 0.5833333333333341, 0.963612238224594, 0.85247629083246)
[3, 8, 10, 1, 5, 2, 3, 8, 6, 2, 3, 4, 4, 7, 4, 8, 10, 10, 5, 10, 10, 10, 6, 5, 1, 8, 7, 3, 2, 10, 10, 10, 7, 8, 7, 5, 7, 2, 6, 7, 1, 6, 9, 9, 1, 3, 9, 5, 10, 10, 2, 9, 6, 5, 2, 6, 1, 3, 5, 7, 10, 1]
(0.6052581188268971, 0.7399931577146763, 0.9648910530842822, 0.5833333333333341, 0.9580594270490096, 0.85247629083246)
[3, 8, 6, 1, 5, 4, 3, 5, 7, 2, 1, 5, 4, 7, 8, 4, 5, 3, 5, 9, 4, 1, 7, 9, 8, 3, 6, 8, 6, 10, 7, 10, 7, 7, 7, 5, 9, 2, 6, 7, 2, 6, 7, 9, 9, 5, 9, 5, 10, 9, 7, 9, 6, 2, 2, 6, 1, 3, 5, 7, 10, 1]
(0.7399931577146763, 0.7399931577146763, 0.9654065812937898, 0.5833333333333341, 0.963612238224594, 0.85247629083246)
[3, 8, 3, 1, 5, 4, 3, 8, 2, 2, 3, 5, 4, 3, 7, 5, 5, 10, 5, 3, 4, 1, 7, 9, 8, 7, 6, 8, 6, 10, 7, 10, 7, 7, 7, 5, 9, 2, 6, 7, 2, 6, 7, 9, 9, 5, 9, 5, 10, 9, 7, 9, 6, 2, 2, 6, 1, 3, 5, 7, 10, 1]
(0.7399931577146763, 0.7399931577146763, 0.9658739899285119, 0.5833333333333341, 0.9654628223739549, 0.85247629083246)
[3, 8, 3, 1, 5, 4, 3, 2, 6, 2, 1, 7, 4, 7, 8, 10, 5, 6, 5, 10, 6, 1, 7, 4, 8, 7, 6, 7, 10, 10, 9, 10, 7, 9, 8, 5, 7, 2, 6, 7, 2, 6, 8, 3, 9, 5, 9, 5, 10, 3, 7, 4, 6, 5, 2, 6, 1, 3, 5, 7, 10, 1]
(0.794984176848087, 0.39885672137193456, 0.9646471201442164, 1.0, 0.9619118497706931, 0.85247629083246)
[3, 8, 10, 3, 3, 4, 4, 10, 2, 5, 3, 4, 4, 7, 4, 8, 10, 10, 5, 7, 10, 10, 6, 5, 1, 8, 7, 7, 2, 10, 8, 10, 5, 7, 7, 5, 7, 2, 6, 7, 4, 9, 7, 9, 6, 3, 9, 5, 10, 10, 2, 8, 6, 5, 2, 6, 1, 3, 1, 7, 10, 1]
(0.7399931577146763, 0.7399931577146763, 0.9650278869084997, 0.9653203847818059, 0.9626472928561254, 0.5848394092739833)
[3, 8, 10, 3, 3, 4, 4, 10, 2, 5, 3, 4, 4, 7, 4, 8, 10, 10, 5, 10, 10, 10, 3, 5, 3, 8, 7, 3, 2, 10, 8, 10, 7, 7, 7, 5, 7, 2, 6, 7, 4, 6, 7, 9, 9, 3, 9, 5, 10, 10, 2, 9, 6, 5, 2, 6, 1, 3, 1, 7, 10, 1]
(0.7399931577146763, 0.7399931577146763, 0.9658438093028945, 0.9678355869837088, 0.9618460937403126, 0.5848394092739833)
[5, 8, 10, 8, 5, 4, 4, 5, 2, 1, 3, 4, 3, 6, 4, 8, 10, 8, 5, 10, 10, 10, 6, 5, 1, 8, 9, 9, 6, 10, 10, 10, 7, 7, 7, 5, 7, 2, 6, 6, 3, 7, 4, 7, 9, 5, 7, 9, 10, 3, 9, 8, 10, 5, 2, 6, 1, 2, 5, 7, 10, 1]
(0.7900259911082717, 0.7399931577146763, 0.969619895052163, 0.969775928463785, 0.9698367870412746, 0.5848394092739833)
[3, 8, 10, 9, 5, 4, 3, 5, 2, 1, 7, 4, 4, 6, 7, 8, 10, 10, 5, 10, 10, 10, 6, 5, 3, 8, 7, 3, 2, 10, 10, 10, 7, 7, 7, 5, 7, 4, 6, 7, 1, 6, 4, 9, 9, 3, 9, 5, 10, 10, 2, 9, 6, 5, 2, 6, 2, 1, 5, 7, 10, 1]
(0.7399931577146763, 0.7399931577146763, 0.966689284052698, 1.0, 0.9645118531770988, 0.5848394092739833)
[3, 8, 10, 9, 5, 4, 2, 5, 2, 1, 7, 4, 4, 6, 4, 8, 10, 10, 5, 10, 10, 10, 6, 5, 3, 8, 7, 3, 2, 10, 10, 10, 7, 7, 7, 5, 7, 2, 6, 7, 4, 6, 7, 9, 9, 3, 9, 3, 10, 10, 2, 9, 6, 5, 2, 6, 1, 3, 5, 7, 10, 1]
(0.7399931577146763, 0.7399931577146763, 0.968521080259232, 1.0, 0.962318929191677, 0.5848394092739833)
[3, 8, 10, 9, 5, 4, 4, 10, 2, 5, 3, 4, 4, 7, 4, 7, 10, 10, 5, 8, 9, 10, 3, 5, 3, 8, 7, 3, 8, 10, 8, 10, 5, 7, 7, 5, 7, 2, 6, 7, 4, 6, 7, 9, 6, 3, 9, 5, 10, 10, 2, 8, 6, 5, 2, 6, 1, 3, 1, 7, 10, 1]
(0.5765959984622901, 0.7399931577146763, 0.9691928523592632, 1.0, 0.9645687996409816, 0.5848394092739833)
[3, 8, 10, 9, 5, 4, 2, 5, 2, 1, 7, 4, 4, 6, 4, 8, 10, 10, 5, 10, 10, 10, 6, 5, 3, 8, 7, 3, 2, 10, 10, 10, 7, 7, 7, 5, 7, 2, 6, 7, 4, 6, 7, 9, 9, 3, 9, 5, 10, 10, 2, 9, 6, 5, 2, 6, 1, 3, 5, 7, 10, 1]
(0.586471227277071, 0.7399931577146763, 0.9678570282645506, 1.0, 0.9674185344018024, 0.5848394092739833)
[3, 8, 10, 9, 5, 4, 3, 5, 2, 1, 7, 4, 4, 6, 7, 8, 10, 8, 5, 10, 10, 10, 6, 5, 3, 8, 7, 3, 2, 10, 7, 10, 7, 7, 7, 8, 7, 2, 6, 6, 3, 6, 7, 7, 10, 5, 7, 5, 10, 9, 7, 9, 6, 5, 2, 6, 2, 1, 5, 7, 10, 1]
(0.7982195879332752, 0.7399931577146763, 0.9637365213595313, 1.0, 0.9709325906820577, 0.5848394092739833)
[3, 8, 10, 9, 5, 4, 3, 5, 2, 1, 7, 4, 4, 6, 7, 8, 10, 10, 5, 10, 10, 10, 6, 5, 3, 8, 7, 3, 2, 10, 10, 10, 7, 7, 7, 5, 7, 4, 6, 7, 1, 6, 4, 9, 9, 3, 9, 5, 10, 10, 2, 9, 6, 5, 2, 6, 2, 1, 5, 7, 10, 1]
(0.7399931577146763, 0.7399931577146763, 0.966689284052698, 1.0, 0.9645118531770988, 0.5848394092739833)
[3, 8, 10, 8, 5, 4, 4, 5, 2, 1, 3, 4, 4, 7, 4, 8, 10, 10, 5, 10, 10, 10, 6, 5, 3, 8, 7, 3, 2, 10, 10, 10, 4, 7, 7, 5, 7, 2, 6, 7, 4, 6, 7, 9, 9, 3, 9, 5, 10, 10, 2, 9, 6, 5, 2, 6, 1, 3, 1, 7, 10, 1]
(0.7399931577146763, 0.7399931577146763, 0.9692321992479247, 1.0, 0.9698051813058537, 0.5848394092739833)
[3, 8, 10, 9, 5, 2, 3, 5, 2, 1, 7, 4, 4, 6, 7, 8, 10, 10, 5, 10, 10, 10, 6, 5, 3, 8, 7, 3, 2, 10, 10, 10, 7, 7, 7, 5, 7, 4, 6, 7, 4, 6, 7, 9, 9, 3, 9, 3, 10, 10, 2, 9, 6, 5, 2, 6, 1, 3, 5, 7, 10, 1]
(0.7399931577146763, 0.7399931577146763, 0.9665146396495384, 1.0, 0.969370981026439, 0.5848394092739833)
[5, 8, 10, 8, 5, 4, 4, 5, 2, 1, 6, 7, 3, 7, 6, 8, 8, 6, 5, 10, 4, 1, 7, 2, 7, 7, 9, 7, 6, 10, 10, 10, 7, 7, 7, 7, 7, 2, 6, 7, 2, 6, 7, 9, 9, 5, 9, 9, 10, 3, 7, 8, 10, 5, 2, 6, 1, 2, 5, 7, 10, 1]
(0.7869662190787525, 0.7399931577146763, 0.9666214990429562, 1.0, 0.9724203242920321, 0.5848394092739833)
[5, 8, 10, 8, 5, 4, 4, 5, 2, 1, 3, 4, 3, 7, 1, 4, 8, 6, 5, 10, 9, 1, 7, 2, 7, 8, 9, 7, 6, 10, 10, 10, 7, 7, 7, 5, 7, 2, 6, 6, 3, 7, 4, 7, 9, 5, 7, 9, 10, 3, 7, 9, 10, 5, 2, 6, 1, 2, 5, 7, 10, 1]
(0.789266208279881, 0.7399931577146763, 0.9693484337069076, 1.0, 0.9670814658515138, 0.5848394092739833)
[5, 8, 10, 8, 5, 4, 4, 5, 2, 1, 3, 4, 3, 7, 1, 8, 8, 6, 5, 10, 4, 1, 7, 2, 7, 8, 9, 7, 6, 10, 10, 10, 7, 7, 7, 5, 7, 2, 6, 6, 3, 7, 4, 7, 9, 5, 7, 9, 10, 3, 7, 8, 10, 5, 2, 6, 1, 2, 5, 7, 10, 1]
(0.7883455562405319, 0.7399931577146763, 0.9682830170728248, 1.0, 0.9651193383149784, 0.5848394092739833)
[5, 8, 10, 8, 5, 4, 4, 5, 2, 1, 3, 4, 3, 7, 1, 8, 8, 6, 5, 10, 4, 1, 7, 2, 7, 8, 9, 7, 6, 10, 10, 10, 7, 7, 7, 5, 7, 2, 6, 6, 3, 4, 4, 7, 9, 5, 5, 9, 10, 3, 7, 8, 10, 5, 2, 6, 1, 2, 5, 7, 10, 1]
(0.7908359852619501, 0.7399931577146763, 0.9680975004099291, 1.0, 0.9656878824345749, 0.5848394092739833)
[3, 8, 10, 8, 5, 4, 4, 5, 2, 1, 3, 4, 4, 7, 4, 8, 10, 10, 5, 10, 10, 10, 6, 5, 3, 8, 7, 3, 2, 10, 10, 10, 7, 7, 7, 5, 7, 2, 6, 7, 4, 6, 10, 9, 9, 3, 9, 5, 10, 10, 2, 9, 9, 5, 2, 6, 1, 3, 1, 7, 10, 1]
(0.7399931577146763, 0.7399931577146763, 0.9694018469192069, 1.0, 0.9674844554625434, 0.5848394092739833)
[3, 8, 10, 9, 5, 2, 3, 5, 2, 1, 7, 4, 4, 6, 7, 8, 10, 10, 5, 10, 10, 10, 6, 5, 3, 8, 7, 3, 2, 10, 10, 10, 7, 7, 7, 5, 7, 4, 6, 7, 4, 6, 7, 9, 9, 3, 9, 3, 10, 10, 2, 9, 6, 5, 2, 6, 1, 3, 5, 7, 10, 1]
(0.7399931577146763, 0.7399931577146763, 0.9665146396495384, 1.0, 0.969370981026439, 0.5848394092739833)
[3, 8, 10, 9, 5, 2, 3, 5, 2, 1, 7, 4, 4, 6, 7, 8, 10, 10, 5, 10, 10, 10, 6, 5, 3, 8, 7, 3, 2, 10, 10, 10, 7, 7, 7, 5, 7, 4, 6, 7, 4, 6, 7, 9, 9, 3, 9, 3, 10, 10, 2, 9, 6, 5, 2, 6, 1, 3, 5, 7, 10, 1]
(0.7399931577146763, 0.7399931577146763, 0.9665146396495384, 1.0, 0.969370981026439, 0.5848394092739833)
[3, 8, 10, 9, 5, 4, 3, 5, 2, 1, 7, 4, 4, 6, 4, 8, 8, 10, 5, 10, 10, 10, 6, 5, 3, 8, 7, 8, 2, 10, 10, 10, 7, 7, 7, 5, 7, 2, 6, 7, 1, 6, 4, 9, 9, 3, 9, 5, 10, 10, 2, 9, 6, 5, 2, 6, 2, 3, 5, 7, 10, 1]
(0.6360491753555854, 0.7399931577146763, 0.9657992358319443, 1.0, 0.9642138048075122, 0.5848394092739833)
[3, 8, 10, 9, 5, 4, 3, 5, 2, 1, 7, 4, 4, 6, 4, 8, 8, 10, 5, 10, 10, 10, 6, 5, 3, 8, 7, 8, 2, 10, 10, 10, 7, 7, 7, 5, 7, 2, 6, 7, 1, 6, 4, 9, 9, 3, 9, 5, 10, 10, 2, 9, 6, 5, 2, 6, 2, 3, 5, 7, 10, 1]
(0.6360491753555854, 0.7399931577146763, 0.9657992358319443, 1.0, 0.9642138048075122, 0.5848394092739833)
[3, 8, 10, 9, 5, 4, 3, 5, 2, 1, 7, 4, 4, 6, 7, 8, 10, 6, 5, 10, 1, 10, 6, 5, 3, 8, 7, 3, 2, 10, 10, 10, 7, 7, 7, 5, 7, 4, 6, 7, 1, 6, 4, 9, 9, 3, 9, 3, 10, 10, 2, 9, 6, 5, 2, 6, 2, 1, 5, 7, 10, 1]
(0.8472856606356817, 0.7399931577146763, 0.9660050430335085, 1.0, 0.9721848418004793, 0.5848394092739833)
[3, 4, 3, 1, 5, 4, 3, 5, 2, 2, 1, 5, 4, 6, 4, 8, 5, 3, 5, 3, 4, 10, 6, 5, 7, 9, 6, 7, 6, 10, 9, 10, 7, 7, 7, 7, 7, 2, 6, 7, 2, 6, 7, 9, 9, 5, 9, 5, 10, 3, 7, 9, 6, 5, 2, 6, 1, 3, 5, 7, 10, 1]
(0.7951505285687777, 0.7399931577146763, 0.9628566467203183, 1.0, 0.9618404545821231, 0.788389252401501)
[3, 8, 3, 1, 5, 4, 3, 5, 2, 2, 3, 4, 4, 6, 4, 8, 5, 3, 5, 3, 4, 10, 6, 5, 7, 9, 6, 6, 6, 10, 9, 10, 7, 7, 7, 5, 7, 2, 6, 7, 2, 6, 7, 9, 9, 5, 9, 5, 10, 3, 7, 9, 6, 5, 2, 6, 1, 3, 5, 7, 10, 1]
(0.7950611948035688, 0.7399931577146763, 0.9662187832407637, 1.0, 0.9654162553139013, 0.788389252401501)
[3, 8, 3, 1, 5, 4, 3, 5, 2, 2, 3, 7, 4, 6, 8, 10, 5, 3, 5, 10, 6, 10, 7, 7, 4, 7, 6, 7, 10, 10, 9, 10, 7, 7, 7, 5, 7, 2, 6, 10, 2, 1, 7, 9, 9, 3, 9, 10, 6, 9, 7, 9, 6, 7, 2, 6, 1, 3, 5, 7, 10, 1]
(0.7963270056061479, 0.7399931577146763, 0.9659641227684896, 1.0, 0.9622570290230198, 0.788389252401501)
[3, 4, 3, 1, 5, 5, 3, 5, 2, 2, 1, 5, 4, 6, 4, 8, 4, 3, 5, 3, 4, 10, 6, 5, 7, 9, 6, 7, 6, 10, 9, 10, 7, 7, 7, 5, 7, 2, 6, 6, 3, 8, 7, 9, 9, 5, 9, 1, 10, 3, 7, 4, 6, 5, 2, 6, 1, 3, 5, 7, 10, 1]
(0.7954521057195992, 0.7399931577146763, 0.9649632100947183, 1.0, 0.9628463813103719, 0.788389252401501)
[3, 4, 3, 1, 5, 4, 3, 5, 2, 2, 1, 4, 4, 6, 4, 8, 5, 3, 5, 3, 4, 10, 6, 5, 7, 9, 6, 6, 6, 10, 9, 10, 5, 7, 7, 5, 7, 2, 10, 7, 2, 6, 7, 9, 9, 5, 9, 5, 10, 3, 7, 3, 10, 5, 2, 6, 1, 3, 5, 7, 10, 1]
(0.7954467491246792, 0.7399931577146763, 0.9646422642283123, 0.9683908588252944, 0.0, 0.85247629083246)
[3, 8, 3, 1, 5, 4, 3, 5, 6, 2, 1, 7, 4, 7, 8, 10, 5, 6, 5, 10, 6, 10, 7, 1, 4, 9, 6, 6, 6, 10, 9, 10, 7, 7, 7, 5, 7, 2, 6, 7, 2, 6, 7, 9, 9, 3, 9, 10, 10, 9, 7, 9, 6, 7, 2, 6, 1, 3, 5, 7, 10, 1]
(0.7984877525828811, 0.7399931577146763, 0.9625581528060121, 1.0, 0.9644866165705008, 0.85247629083246)
[3, 8, 2, 1, 5, 4, 3, 5, 7, 2, 1, 5, 4, 7, 8, 10, 5, 6, 5, 10, 6, 1, 7, 7, 7, 7, 1, 7, 10, 10, 9, 10, 7, 7, 7, 5, 7, 2, 6, 7, 2, 6, 7, 9, 9, 3, 9, 5, 10, 7, 7, 9, 6, 5, 2, 6, 1, 3, 5, 7, 10, 1]
(0.7974619193933936, 0.7399931577146763, 0.9643706585280581, 1.0, 0.964594478812067, 0.85247629083246)
[3, 8, 3, 1, 5, 4, 3, 5, 6, 2, 1, 7, 4, 7, 8, 10, 5, 6, 5, 10, 6, 10, 7, 4, 4, 7, 6, 7, 10, 10, 9, 10, 7, 7, 7, 5, 7, 2, 6, 7, 2, 1, 7, 9, 9, 3, 9, 10, 10, 9, 7, 9, 6, 7, 2, 6, 1, 3, 5, 7, 10, 1]
(0.7970580513589116, 0.7399931577146763, 0.9657171354629082, 1.0, 0.9627097484655662, 0.85247629083246)
[3, 8, 2, 1, 5, 2, 3, 5, 7, 2, 1, 5, 4, 7, 8, 10, 5, 6, 5, 10, 6, 7, 7, 7, 7, 7, 1, 7, 10, 10, 9, 10, 7, 7, 7, 5, 7, 2, 6, 7, 2, 6, 7, 9, 9, 3, 9, 10, 10, 9, 7, 9, 6, 7, 2, 6, 1, 3, 5, 7, 10, 1]
(0.7979492687620254, 0.7399931577146763, 0.9647872752509995, 1.0, 0.9633734195493145, 0.85247629083246)
[3, 8, 3, 1, 5, 4, 3, 5, 2, 2, 3, 7, 4, 6, 8, 10, 1, 3, 5, 10, 6, 10, 7, 7, 4, 7, 6, 7, 10, 10, 9, 10, 7, 7, 7, 5, 7, 2, 6, 7, 2, 1, 7, 9, 9, 3, 9, 9, 6, 9, 7, 9, 6, 7, 2, 6, 1, 3, 5, 7, 10, 1]
(0.7959003615193101, 0.7399931577146763, 0.9600737164728327, 1.0, 0.9569391156546756, 0.85247629083246)
[3, 8, 2, 1, 5, 4, 3, 5, 7, 2, 1, 5, 4, 7, 8, 10, 5, 6, 5, 10, 6, 1, 7, 2, 8, 8, 6, 7, 10, 10, 9, 10, 7, 7, 7, 5, 7, 2, 6, 10, 2, 1, 7, 9, 9, 3, 9, 5, 10, 7, 7, 9, 6, 5, 2, 6, 1, 3, 5, 7, 10, 1]
(0.797212253790352, 0.7399931577146763, 0.9637849801219983, 1.0, 0.9632717694155855, 0.85247629083246)
[3, 8, 2, 1, 5, 4, 3, 5, 7, 2, 1, 5, 4, 7, 8, 10, 5, 6, 5, 10, 6, 1, 7, 2, 8, 8, 6, 7, 10, 10, 9, 10, 7, 7, 7, 5, 7, 2, 6, 7, 2, 6, 7, 9, 9, 3, 9, 5, 10, 7, 7, 9, 6, 5, 2, 6, 1, 3, 5, 7, 10, 1]
(0.7972071030177208, 0.7399931577146763, 0.9659824176691454, 1.0, 0.9638092597015183, 0.85247629083246)
[3, 8, 3, 8, 5, 4, 3, 5, 6, 2, 1, 7, 4, 7, 8, 10, 5, 6, 5, 10, 6, 1, 7, 7, 7, 7, 1, 7, 10, 10, 9, 10, 7, 7, 9, 1, 7, 2, 5, 7, 2, 4, 7, 9, 4, 5, 9, 2, 10, 9, 7, 7, 6, 7, 5, 6, 1, 3, 5, 7, 10, 1]
(0.8000650853849979, 0.7399931577146763, 0.9635151709429902, 1.0, 0.9675340429879706, 0.85247629083246)
