[2, 6, 5, 1, 1, 3, 1, 5, 7, 4, 1, 8, 6, 8, 6, 3, 5, 7, 10, 3, 4, 10, 4, 7, 8, 5, 2, 9, 9, 4, 4, 4, 5, 6, 7, 7, 4, 8, 7, 10, 4, 1, 3, 7, 10, 4, 6, 9, 2, 1, 6, 10, 2, 10, 3, 9, 5, 6, 5, 3, 10, 1]
(1.0362118494696881, 0.8950912080169113, 0.9961337669752514, 0.0, 0.5135126139037303, 0.0)
[8, 2, 7, 5, 10, 3, 1, 5, 4, 7, 3, 8, 3, 7, 6, 3, 2, 7, 4, 2, 8, 8, 3, 1, 6, 2, 3, 2, 1, 5, 1, 2, 5, 6, 7, 7, 9, 8, 10, 10, 6, 4, 7, 10, 10, 8, 9, 6, 2, 4, 9, 9, 6, 10, 5, 3, 5, 3, 3, 3, 5, 1]
(1.0969086707569613, 0.6096624540073587, 1.0757502446882385, 0.6491228070175443, 1.0809978322125928, 0.0)
[8, 2, 1, 3, 7, 3, 1, 6, 7, 9, 3, 4, 5, 10, 9, 8, 2, 7, 4, 2, 1, 3, 9, 4, 10, 9, 5, 10, 5, 8, 8, 10, 5, 2, 10, 7, 9, 8, 10, 10, 4, 4, 5, 7, 10, 9, 9, 6, 2, 9, 10, 3, 3, 10, 5, 3, 5, 2, 1, 1, 9, 6]
(1.0926768540404692, 0.6096624540073587, 0.36533685838803076, 0.0, 1.0925174475647463, 0.803505757925534)
[8, 6, 5, 1, 1, 10, 10, 5, 7, 4, 1, 2, 6, 8, 6, 3, 5, 7, 2, 3, 6, 3, 1, 7, 7, 2, 2, 1, 10, 8, 10, 6, 10, 6, 6, 7, 9, 4, 10, 10, 5, 4, 9, 7, 10, 4, 8, 6, 3, 1, 8, 3, 2, 4, 6, 9, 5, 6, 3, 3, 10, 1]
(1.0362773432396317, 0.5020418917138723, 1.0360187939368153, 1.0, 0.0, 0.0)
[3, 6, 7, 10, 2, 3, 1, 5, 7, 4, 1, 8, 6, 1, 6, 3, 5, 7, 2, 3, 6, 3, 1, 7, 7, 5, 2, 1, 10, 8, 10, 6, 10, 6, 6, 7, 9, 8, 10, 10, 5, 4, 9, 9, 10, 4, 8, 6, 8, 1, 6, 4, 8, 10, 6, 9, 5, 6, 3, 3, 10, 1]
(1.036499545630064, 0.8950912080169113, 1.0377541636116767, 0.6491228070175443, 0.21000574054195859, 0.0)
[3, 1, 2, 5, 2, 2, 1, 5, 4, 3, 3, 2, 3, 6, 9, 3, 2, 5, 8, 2, 1, 3, 1, 7, 10, 9, 2, 4, 7, 3, 1, 3, 5, 2, 10, 7, 9, 8, 8, 10, 5, 4, 7, 7, 10, 10, 10, 5, 2, 10, 9, 6, 3, 10, 4, 3, 5, 3, 1, 1, 10, 1]
(1.0808209427632347, 0.2974013474494705, 1.095581144932653, 1.0, 1.0878096788190261, 0.27063461208104667)
[3, 8, 2, 9, 2, 2, 1, 1, 4, 3, 3, 2, 3, 7, 9, 3, 2, 4, 8, 2, 1, 10, 1, 7, 8, 5, 6, 2, 9, 3, 1, 4, 5, 6, 7, 9, 9, 7, 10, 10, 5, 4, 5, 9, 10, 6, 10, 6, 2, 4, 9, 3, 3, 10, 4, 3, 5, 3, 1, 1, 10, 1]
(1.0739971033297437, 0.2974013474494705, 1.0, 1.0, 1.0873448259197132, 0.27063461208104667)
[3, 1, 2, 5, 2, 2, 1, 5, 4, 3, 3, 2, 3, 7, 9, 3, 2, 4, 8, 2, 1, 10, 1, 7, 8, 5, 6, 2, 9, 3, 1, 4, 5, 6, 7, 9, 9, 7, 10, 10, 5, 4, 5, 9, 10, 6, 10, 6, 2, 4, 9, 3, 3, 10, 4, 3, 5, 3, 1, 1, 10, 1]
(1.07909322539344, 0.2974013474494705, 1.095731162372972, 1.0, 1.0878720276989, 0.27063461208104667)
[3, 1, 2, 5, 2, 2, 1, 5, 4, 3, 3, 2, 3, 7, 9, 3, 2, 4, 8, 2, 1, 10, 1, 7, 8, 5, 6, 2, 9, 3, 1, 4, 5, 6, 7, 9, 9, 7, 10, 10, 5, 4, 5, 9, 10, 6, 10, 6, 2, 4, 9, 3, 3, 10, 4, 3, 5, 3, 1, 1, 10, 1]
(1.07909322539344, 0.2974013474494705, 1.095731162372972, 1.0, 1.0878720276989, 0.27063461208104667)
[3, 1, 2, 5, 2, 2, 1, 5, 4, 3, 3, 2, 3, 7, 9, 3, 2, 4, 8, 2, 1, 10, 1, 7, 8, 5, 6, 2, 9, 3, 1, 4, 5, 6, 7, 9, 9, 7, 10, 10, 5, 4, 5, 9, 10, 6, 10, 6, 2, 4, 9, 3, 3, 10, 4, 3, 5, 3, 1, 1, 10, 1]
(1.07909322539344, 0.2974013474494705, 1.095731162372972, 1.0, 1.0878720276989, 0.27063461208104667)
[8, 2, 1, 3, 7, 3, 1, 6, 7, 9, 3, 4, 5, 10, 9, 8, 2, 7, 4, 2, 1, 3, 9, 4, 10, 9, 5, 10, 5, 8, 8, 10, 3, 6, 6, 7, 9, 8, 10, 10, 5, 3, 7, 7, 10, 9, 8, 4, 2, 9, 10, 3, 3, 10, 5, 3, 5, 2, 1, 1, 9, 6]
(1.0968904674984468, 0.31551493322476143, 0.8550148888491071, 1.0, 1.0961086059920444, 0.27063461208104667)
[3, 2, 1, 5, 1, 3, 1, 5, 7, 4, 1, 8, 8, 1, 6, 5, 5, 7, 5, 3, 9, 10, 4, 7, 7, 5, 2, 7, 9, 4, 4, 9, 5, 6, 6, 8, 7, 8, 7, 7, 4, 8, 7, 7, 10, 1, 6, 10, 10, 1, 8, 3, 2, 4, 5, 3, 5, 3, 10, 1, 10, 1]
(1.0362792341969873, 0.8950912080169113, 1.0331107701174882, 0.42528735632183917, 0.651576922368263, 0.27063461208104667)
[3, 2, 1, 2, 1, 3, 1, 5, 7, 4, 1, 8, 8, 4, 6, 3, 5, 7, 5, 3, 9, 1, 4, 7, 8, 5, 2, 7, 9, 4, 4, 4, 5, 6, 6, 8, 9, 8, 4, 10, 5, 8, 7, 7, 10, 6, 6, 6, 2, 1, 9, 6, 2, 4, 5, 3, 5, 3, 10, 1, 10, 1]
(1.036282082367685, 0.8950912080169113, 1.0330946289934184, 0.42528735632183917, 0.6462529632262933, 0.2975358587716073)
[3, 2, 1, 2, 1, 3, 1, 5, 7, 4, 1, 8, 8, 4, 6, 3, 5, 7, 5, 3, 9, 1, 4, 7, 8, 5, 2, 7, 9, 4, 4, 4, 5, 6, 6, 9, 9, 8, 4, 10, 5, 8, 7, 7, 10, 6, 6, 6, 2, 1, 9, 6, 2, 4, 5, 3, 5, 3, 10, 1, 10, 1]
(1.0362820728681947, 0.8950912080169113, 1.033105813618746, 0.42528735632183917, 0.8812122683040764, 0.2975358587716073)
[3, 2, 1, 2, 1, 3, 1, 5, 7, 4, 1, 8, 8, 4, 6, 3, 5, 7, 5, 3, 9, 1, 4, 7, 8, 5, 2, 7, 9, 4, 4, 4, 5, 6, 6, 8, 9, 8, 4, 10, 5, 8, 7, 7, 10, 6, 6, 6, 2, 1, 9, 6, 2, 4, 5, 3, 5, 3, 10, 1, 10, 1]
(1.036282082367685, 0.8950912080169113, 1.0330946289934184, 0.42528735632183917, 0.6462529632262933, 0.2975358587716073)
[3, 2, 1, 2, 1, 3, 1, 5, 7, 4, 1, 8, 8, 4, 6, 3, 5, 7, 5, 3, 9, 1, 4, 7, 8, 5, 2, 7, 9, 4, 4, 4, 5, 6, 6, 8, 9, 8, 4, 10, 5, 8, 7, 7, 10, 6, 6, 6, 2, 1, 9, 6, 2, 4, 5, 3, 5, 3, 10, 1, 10, 1]
(1.036282082367685, 0.8950912080169113, 1.0330946289934184, 0.42528735632183917, 0.6462529632262933, 0.2975358587716073)
[3, 2, 1, 2, 1, 3, 1, 5, 7, 4, 1, 8, 8, 4, 6, 3, 5, 7, 5, 3, 9, 1, 4, 7, 8, 5, 2, 7, 9, 4, 4, 4, 5, 6, 6, 8, 9, 8, 4, 10, 5, 8, 7, 7, 10, 6, 6, 6, 2, 1, 9, 6, 2, 4, 5, 3, 5, 3, 10, 1, 10, 1]
(1.036282082367685, 0.8950912080169113, 1.0330946289934184, 0.42528735632183917, 0.6462529632262933, 0.2975358587716073)
[3, 2, 1, 2, 1, 3, 1, 5, 7, 4, 1, 8, 8, 4, 6, 3, 5, 7, 5, 3, 9, 1, 4, 7, 8, 5, 2, 7, 9, 4, 4, 4, 5, 6, 6, 8, 9, 8, 4, 10, 5, 8, 7, 7, 10, 6, 6, 6, 2, 1, 9, 6, 2, 4, 5, 3, 5, 3, 10, 1, 10, 1]
(1.036282082367685, 0.8950912080169113, 1.0330946289934184, 0.42528735632183917, 0.6462529632262933, 0.2975358587716073)
[8, 6, 5, 1, 1, 10, 7, 5, 4, 10, 1, 8, 3, 1, 6, 1, 5, 7, 6, 3, 4, 3, 1, 7, 7, 5, 2, 2, 8, 7, 10, 10, 5, 6, 8, 7, 8, 8, 9, 10, 4, 4, 3, 7, 10, 4, 6, 9, 8, 1, 6, 4, 8, 10, 6, 9, 5, 6, 5, 1, 10, 1]
(1.036318991798904, 0.8950912080169113, 1.036624005157497, 0.48051948051948, 0.7843423393555033, 0.24819448935764446)
[8, 6, 5, 9, 1, 10, 7, 5, 4, 10, 1, 8, 6, 1, 6, 1, 5, 7, 6, 3, 4, 2, 1, 7, 7, 5, 2, 2, 8, 8, 8, 10, 5, 6, 8, 7, 8, 8, 9, 10, 4, 4, 3, 7, 10, 4, 6, 9, 8, 1, 6, 4, 8, 10, 6, 9, 5, 6, 5, 1, 10, 1]
(1.0364015958271886, 0.8950912080169113, 1.0369317063130405, 0.48051948051948, 0.27063461208104667, 0.27063461208104667)
[8, 1, 2, 5, 8, 10, 1, 6, 7, 5, 7, 7, 3, 10, 9, 8, 2, 7, 4, 3, 7, 3, 9, 4, 10, 9, 5, 3, 10, 3, 9, 1, 4, 2, 10, 7, 9, 8, 3, 10, 7, 4, 7, 7, 10, 8, 9, 6, 2, 1, 6, 3, 4, 10, 5, 3, 5, 2, 1, 1, 9, 6]
(0.397628073592321, 0.397628073592321, 1.049609775375571, 1.0, 1.070100658107545, 0.27063461208104667)
[10, 2, 1, 7, 3, 3, 4, 4, 7, 4, 4, 1, 3, 1, 6, 8, 3, 2, 2, 3, 10, 10, 1, 7, 8, 5, 2, 2, 5, 3, 7, 10, 7, 6, 10, 8, 10, 8, 10, 10, 5, 4, 7, 7, 10, 10, 10, 5, 2, 10, 9, 9, 7, 6, 5, 3, 5, 3, 3, 3, 10, 1]
(1.0858982714824335, 0.2360093305534339, 1.0952376776374833, 0.6491228070175433, 1.1038457716815124, 0.803505757925534)
[10, 2, 1, 7, 3, 3, 4, 4, 7, 4, 4, 1, 3, 1, 6, 8, 3, 2, 2, 3, 10, 10, 1, 7, 8, 5, 2, 2, 5, 3, 7, 10, 7, 6, 10, 8, 10, 8, 10, 10, 5, 4, 7, 7, 10, 10, 10, 5, 2, 10, 9, 9, 7, 6, 5, 3, 5, 3, 3, 3, 10, 1]
(1.0858982714824335, 0.2360093305534339, 1.0952376776374833, 0.6491228070175433, 1.1038457716815124, 0.803505757925534)
[10, 2, 1, 7, 3, 3, 4, 4, 7, 4, 4, 1, 3, 1, 6, 8, 3, 2, 2, 3, 10, 10, 1, 7, 8, 5, 2, 2, 5, 3, 7, 10, 7, 6, 10, 8, 10, 8, 10, 10, 5, 4, 7, 7, 10, 10, 10, 5, 2, 10, 9, 9, 7, 6, 5, 3, 5, 3, 3, 3, 10, 1]
(1.0858982714824335, 0.2360093305534339, 1.0952376776374833, 0.6491228070175433, 1.1038457716815124, 0.803505757925534)
[10, 2, 1, 7, 3, 3, 4, 4, 7, 4, 4, 1, 3, 1, 6, 8, 3, 2, 2, 3, 10, 10, 1, 7, 8, 5, 2, 2, 5, 3, 7, 10, 7, 6, 10, 8, 10, 8, 10, 10, 5, 4, 7, 7, 10, 10, 10, 5, 2, 10, 9, 9, 7, 6, 5, 3, 5, 3, 3, 3, 10, 1]
(1.0858982714824335, 0.2360093305534339, 1.0952376776374833, 0.6491228070175433, 1.1038457716815124, 0.803505757925534)
[10, 2, 1, 7, 3, 3, 4, 4, 7, 4, 4, 1, 3, 1, 6, 8, 3, 2, 2, 3, 10, 10, 1, 7, 8, 5, 2, 2, 5, 3, 7, 10, 7, 6, 10, 8, 10, 8, 10, 10, 5, 4, 7, 7, 10, 10, 10, 5, 2, 10, 9, 9, 7, 6, 5, 3, 5, 3, 3, 3, 10, 1]
(1.0858982714824335, 0.2360093305534339, 1.0952376776374833, 0.6491228070175433, 1.1038457716815124, 0.803505757925534)
[8, 6, 7, 10, 2, 3, 1, 5, 7, 4, 1, 8, 8, 4, 6, 3, 5, 7, 5, 3, 6, 3, 1, 7, 7, 5, 2, 9, 9, 9, 10, 10, 10, 6, 6, 7, 9, 8, 10, 10, 5, 4, 3, 7, 10, 8, 8, 6, 3, 1, 8, 3, 4, 10, 6, 9, 5, 3, 5, 3, 4, 1]
(1.0364334856159951, 0.8950912080169113, 1.032500508893278, 0.0, 0.803505757925534, 0.803505757925534)
[1, 2, 5, 5, 9, 6, 7, 6, 7, 6, 3, 10, 3, 10, 9, 1, 1, 9, 2, 3, 7, 3, 9, 4, 10, 9, 5, 4, 7, 3, 1, 3, 5, 2, 10, 7, 9, 8, 8, 10, 5, 4, 7, 7, 10, 6, 3, 6, 2, 1, 10, 3, 3, 6, 5, 3, 5, 3, 1, 1, 7, 1]
(1.066397083085026, 0.2974013474494705, 1.0757180695421953, 0.6491228070175433, 1.0936374100856436, 0.803505757925534)
[8, 6, 5, 1, 1, 10, 7, 5, 4, 10, 1, 8, 6, 1, 6, 1, 5, 7, 6, 3, 4, 3, 1, 7, 7, 6, 2, 2, 8, 8, 10, 10, 5, 6, 8, 7, 8, 8, 9, 10, 4, 4, 3, 7, 10, 4, 8, 6, 3, 1, 7, 4, 8, 10, 6, 9, 5, 6, 5, 1, 10, 1]
(1.0364022602327134, 0.8950912080169113, 1.0376253341324593, 0.6491228070175443, 0.8317268730141253, 0.24819448935764446)
[8, 6, 5, 1, 1, 10, 7, 5, 4, 10, 1, 8, 6, 1, 6, 1, 5, 7, 6, 3, 4, 3, 1, 7, 7, 5, 2, 2, 8, 8, 10, 10, 5, 6, 8, 7, 8, 8, 9, 10, 4, 4, 3, 7, 10, 4, 6, 9, 8, 1, 6, 4, 8, 10, 6, 9, 5, 6, 5, 1, 10, 1]
(1.036398783791807, 0.8950912080169113, 1.037140973936763, 0.6491228070175443, 0.8264499937184162, 0.24819448935764446)
[8, 6, 5, 1, 1, 10, 7, 5, 4, 10, 1, 8, 6, 1, 6, 1, 5, 7, 6, 3, 4, 3, 1, 7, 7, 5, 2, 2, 8, 8, 10, 10, 5, 6, 8, 7, 8, 8, 9, 10, 4, 4, 3, 7, 10, 4, 6, 9, 8, 1, 6, 4, 8, 10, 6, 9, 5, 6, 5, 1, 10, 1]
(1.036398783791807, 0.8950912080169113, 1.037140973936763, 0.6491228070175443, 0.8264499937184162, 0.24819448935764446)
[8, 6, 5, 1, 1, 10, 7, 5, 4, 10, 1, 8, 6, 1, 6, 1, 5, 7, 6, 3, 4, 3, 1, 7, 7, 5, 2, 2, 8, 8, 10, 10, 5, 6, 8, 7, 8, 8, 9, 10, 4, 4, 3, 7, 10, 4, 6, 9, 8, 1, 6, 4, 8, 10, 6, 9, 5, 6, 5, 1, 10, 1]
(1.036398783791807, 0.8950912080169113, 1.037140973936763, 0.6491228070175443, 0.8264499937184162, 0.24819448935764446)
[8, 6, 5, 1, 1, 10, 7, 5, 4, 10, 1, 8, 6, 1, 6, 1, 5, 7, 6, 3, 4, 3, 1, 7, 7, 5, 2, 2, 8, 8, 10, 10, 5, 6, 8, 7, 8, 8, 9, 10, 4, 4, 3, 7, 10, 4, 6, 9, 8, 1, 6, 4, 8, 10, 6, 9, 5, 6, 5, 1, 10, 1]
(1.036398783791807, 0.8950912080169113, 1.037140973936763, 0.6491228070175443, 0.8264499937184162, 0.24819448935764446)
[2, 6, 5, 1, 1, 10, 7, 5, 4, 10, 1, 8, 6, 1, 6, 2, 5, 7, 6, 3, 4, 3, 1, 7, 7, 5, 2, 2, 8, 8, 9, 10, 5, 3, 8, 7, 8, 8, 9, 10, 4, 4, 3, 7, 10, 4, 6, 9, 8, 1, 6, 4, 8, 4, 6, 9, 5, 6, 5, 1, 10, 1]
(1.0363993191160228, 0.8950912080169113, 1.0365924413315917, 0.6491228070175443, 0.6399428286589731, 0.24819448935764446)
[8, 2, 1, 7, 7, 3, 1, 6, 7, 9, 3, 4, 3, 10, 9, 8, 3, 7, 4, 2, 8, 7, 7, 3, 6, 7, 1, 6, 5, 8, 10, 9, 5, 6, 10, 7, 9, 8, 7, 5, 4, 4, 7, 7, 10, 8, 9, 4, 2, 1, 5, 3, 4, 10, 5, 3, 5, 2, 1, 1, 9, 6]
(1.097556477878238, 0.6096624540073587, 1.0, 0.978049056883897, 1.0857180549763097, 0.24819448935764446)
[8, 2, 1, 7, 7, 3, 1, 6, 7, 9, 3, 4, 3, 10, 9, 8, 3, 7, 4, 2, 8, 7, 7, 3, 6, 7, 1, 6, 5, 8, 10, 9, 5, 6, 10, 7, 9, 8, 7, 5, 4, 4, 7, 7, 10, 8, 9, 4, 2, 1, 5, 3, 4, 10, 5, 3, 5, 2, 1, 1, 9, 6]
(1.097556477878238, 0.6096624540073587, 1.0, 0.978049056883897, 1.0857180549763097, 0.24819448935764446)
[8, 2, 1, 7, 7, 3, 1, 6, 7, 9, 3, 4, 3, 10, 9, 8, 3, 7, 4, 2, 8, 7, 7, 3, 6, 7, 1, 6, 5, 8, 10, 9, 5, 6, 10, 7, 9, 8, 7, 5, 4, 4, 7, 7, 10, 8, 9, 4, 2, 1, 5, 3, 4, 10, 5, 3, 5, 2, 1, 1, 9, 6]
(1.097556477878238, 0.6096624540073587, 1.0, 0.978049056883897, 1.0857180549763097, 0.24819448935764446)
[8, 2, 1, 7, 7, 3, 1, 6, 3, 9, 2, 4, 3, 10, 6, 3, 2, 7, 4, 2, 8, 7, 6, 3, 6, 7, 1, 8, 9, 4, 4, 10, 5, 6, 6, 7, 9, 8, 7, 5, 5, 4, 5, 7, 9, 8, 8, 4, 2, 7, 5, 10, 4, 10, 5, 3, 5, 2, 1, 1, 9, 6]
(1.1014903304167045, 0.6096624540073587, 1.0, 1.0, 0.5296538460068455, 0.24819448935764446)
[8, 2, 1, 3, 7, 3, 1, 6, 7, 9, 3, 4, 5, 10, 9, 8, 2, 7, 4, 2, 1, 3, 9, 4, 10, 9, 5, 10, 5, 8, 8, 10, 3, 6, 6, 7, 9, 8, 10, 10, 5, 3, 7, 7, 10, 9, 8, 4, 2, 9, 10, 3, 3, 10, 5, 3, 5, 2, 1, 1, 9, 6]
(1.0968904674984468, 0.6096624540073587, 0.8550148888491071, 1.0, 1.0961086059920444, 0.27063461208104667)
[8, 2, 1, 3, 7, 3, 1, 6, 7, 9, 3, 4, 5, 10, 9, 8, 2, 7, 4, 2, 1, 3, 9, 4, 10, 9, 5, 10, 5, 8, 8, 10, 3, 6, 6, 7, 9, 8, 10, 10, 5, 3, 7, 7, 10, 9, 8, 4, 2, 9, 10, 3, 3, 10, 5, 3, 5, 2, 1, 1, 9, 6]
(1.0968904674984468, 0.6096624540073587, 0.8550148888491071, 1.0, 1.0961086059920444, 0.27063461208104667)
[8, 2, 1, 3, 7, 3, 1, 6, 7, 9, 3, 4, 5, 10, 9, 8, 2, 7, 4, 2, 1, 3, 9, 4, 10, 9, 5, 10, 5, 8, 8, 10, 3, 6, 6, 7, 9, 8, 10, 10, 5, 3, 7, 7, 10, 9, 8, 4, 2, 9, 10, 3, 3, 10, 5, 3, 5, 2, 1, 1, 9, 6]
(1.0968904674984468, 0.6096624540073587, 0.8550148888491071, 1.0, 1.0961086059920444, 0.27063461208104667)
[8, 7, 1, 7, 7, 3, 1, 6, 3, 9, 2, 4, 3, 10, 6, 3, 2, 7, 4, 2, 8, 7, 6, 3, 6, 7, 1, 8, 9, 4, 4, 10, 5, 6, 6, 7, 9, 8, 10, 10, 5, 3, 7, 7, 9, 8, 8, 4, 2, 7, 5, 3, 4, 10, 5, 3, 5, 2, 1, 1, 9, 6]
(1.09747278084978, 0.6096624540073587, 1.0, 1.0, 0.7144814890809407, 0.27063461208104667)
[3, 6, 7, 10, 2, 3, 1, 5, 7, 4, 1, 8, 6, 1, 6, 3, 5, 7, 2, 3, 6, 3, 1, 7, 7, 5, 2, 1, 10, 8, 10, 6, 10, 6, 6, 7, 9, 8, 10, 10, 5, 4, 9, 7, 10, 4, 8, 6, 3, 1, 8, 3, 2, 4, 6, 9, 5, 6, 3, 3, 10, 1]
(1.0365221110172536, 0.8950912080169113, 1.0373989385552669, 1.0, 0.37200926756485736, 0.0)
[8, 1, 2, 5, 8, 3, 1, 6, 7, 5, 7, 7, 3, 10, 9, 8, 2, 7, 4, 3, 7, 3, 9, 4, 10, 9, 5, 3, 10, 3, 9, 1, 4, 2, 10, 7, 9, 8, 5, 10, 7, 4, 7, 7, 10, 8, 9, 6, 2, 1, 6, 3, 4, 10, 5, 3, 5, 2, 1, 1, 9, 6]
(0.6096624540073587, 0.0, 1.0060831335373184, 1.0, 1.0762185174040455, 0.9178241805415002)
[8, 6, 7, 10, 2, 3, 1, 5, 7, 4, 1, 8, 8, 4, 6, 3, 5, 7, 5, 3, 6, 3, 1, 7, 7, 5, 2, 2, 9, 9, 10, 10, 10, 6, 10, 8, 10, 8, 7, 10, 5, 3, 7, 7, 8, 9, 8, 10, 9, 1, 5, 3, 4, 10, 6, 9, 5, 3, 5, 3, 4, 1]
(1.0245618171058561, 0.8950912080169113, 1.03214892139658, 0.2517006802721088, 0.803505757925534, 0.803505757925534)
[8, 2, 7, 10, 2, 3, 1, 5, 7, 4, 1, 8, 6, 1, 7, 3, 5, 7, 2, 3, 6, 3, 1, 7, 7, 5, 2, 2, 9, 9, 10, 10, 10, 6, 10, 8, 10, 8, 7, 10, 5, 3, 7, 7, 10, 9, 8, 10, 9, 1, 5, 3, 4, 10, 6, 9, 5, 3, 5, 3, 4, 1]
(1.033936395961788, 0.8950912080169113, 1.0318747450597552, 0.2517006802721088, 0.803505757925534, 0.803505757925534)
[8, 6, 7, 10, 2, 3, 1, 5, 7, 4, 1, 8, 8, 4, 7, 3, 5, 7, 2, 3, 5, 3, 1, 7, 7, 5, 2, 2, 6, 9, 10, 6, 10, 6, 4, 7, 9, 8, 10, 10, 5, 3, 7, 7, 10, 9, 8, 9, 9, 1, 5, 3, 4, 10, 6, 9, 5, 3, 5, 5, 4, 1]
(1.0340870996005798, 0.8950912080169113, 1.0330633738078143, 0.2517006802721088, 0.9181400244124208, 0.803505757925534)
[8, 6, 7, 10, 2, 3, 1, 5, 7, 4, 1, 8, 8, 4, 7, 3, 5, 7, 2, 3, 5, 3, 1, 7, 7, 5, 2, 2, 6, 9, 10, 10, 10, 6, 4, 7, 9, 8, 10, 10, 5, 3, 7, 7, 10, 9, 8, 9, 9, 1, 5, 3, 4, 10, 6, 9, 5, 3, 5, 5, 4, 1]
(1.0340806129388476, 0.8950912080169113, 1.0331135977990893, 0.2517006802721088, 0.803505757925534, 0.803505757925534)
[8, 7, 1, 7, 7, 3, 1, 6, 3, 9, 2, 4, 3, 6, 6, 9, 2, 7, 4, 2, 8, 7, 6, 3, 6, 7, 1, 6, 5, 4, 8, 10, 5, 6, 6, 7, 9, 8, 10, 10, 5, 5, 10, 7, 7, 8, 8, 4, 9, 1, 5, 3, 4, 10, 5, 3, 5, 2, 1, 1, 9, 6]
(1.1015069273300422, 0.6096624540073587, 0.0, 0.6491228070175433, 0.7024382230774632, 0.7024382230774632)
[8, 6, 7, 10, 2, 3, 1, 8, 7, 4, 1, 8, 7, 4, 7, 3, 5, 7, 2, 3, 5, 3, 1, 7, 7, 5, 2, 2, 6, 9, 10, 10, 10, 6, 4, 7, 9, 8, 10, 10, 2, 3, 7, 7, 10, 9, 8, 9, 9, 1, 5, 3, 4, 10, 6, 9, 5, 3, 5, 2, 4, 1]
(0.8950912080169113, 0.8950912080169113, 0.7674926410429228, 0.2913385826771654, 0.803505757925534, 0.803505757925534)
[8, 7, 1, 7, 7, 3, 1, 6, 3, 2, 3, 4, 3, 10, 6, 9, 2, 7, 1, 2, 8, 7, 6, 3, 2, 7, 1, 6, 5, 4, 4, 10, 5, 6, 6, 7, 9, 8, 10, 10, 5, 5, 7, 7, 7, 8, 8, 4, 2, 1, 5, 3, 4, 10, 5, 3, 5, 2, 1, 1, 9, 6]
(1.0961346718482627, 0.6096624540073587, 0.54515087185428, 0.4643485494889325, 0.9178241805415002, 0.9178241805415002)
[10, 2, 1, 7, 3, 3, 4, 4, 7, 4, 4, 1, 3, 1, 6, 8, 3, 2, 2, 3, 10, 10, 1, 7, 8, 5, 2, 2, 5, 3, 7, 10, 7, 6, 10, 6, 10, 8, 10, 10, 5, 4, 7, 7, 10, 10, 10, 5, 2, 10, 9, 9, 7, 10, 5, 3, 5, 3, 1, 3, 10, 1]
(0.6918348652310718, 0.2360093305534339, 1.08676071548834, 1.0, 1.0929029478691472, 0.803505757925534)
[10, 2, 1, 7, 3, 3, 4, 4, 7, 4, 4, 1, 3, 1, 6, 8, 3, 2, 2, 3, 10, 10, 1, 7, 8, 5, 2, 2, 5, 3, 7, 10, 7, 6, 10, 6, 10, 8, 10, 10, 5, 4, 7, 7, 10, 10, 10, 5, 2, 10, 9, 9, 7, 10, 5, 3, 5, 3, 1, 3, 10, 1]
(0.6918348652310718, 0.2360093305534339, 1.08676071548834, 1.0, 0.0, 0.803505757925534)
[10, 2, 1, 7, 3, 3, 4, 4, 7, 4, 4, 1, 3, 1, 6, 8, 3, 2, 2, 3, 10, 10, 1, 7, 8, 5, 2, 2, 5, 3, 7, 10, 7, 6, 10, 6, 10, 8, 10, 10, 5, 4, 7, 7, 10, 10, 10, 5, 2, 10, 9, 9, 7, 10, 5, 3, 5, 3, 1, 3, 10, 1]
(0.6918348652310718, 0.2360093305534339, 1.08676071548834, 1.0, 1.0929029478691472, 0.803505757925534)
[10, 2, 1, 7, 3, 3, 4, 4, 7, 4, 4, 1, 3, 1, 6, 8, 3, 2, 2, 3, 10, 10, 1, 7, 8, 5, 2, 2, 5, 3, 7, 10, 7, 6, 10, 6, 10, 8, 10, 10, 5, 4, 7, 7, 10, 10, 10, 5, 2, 10, 9, 9, 7, 10, 5, 3, 5, 3, 1, 3, 10, 1]
(0.6918348652310718, 0.2360093305534339, 1.08676071548834, 1.0, 1.0929029478691472, 0.803505757925534)
[10, 2, 1, 7, 3, 3, 4, 1, 7, 4, 4, 1, 3, 1, 6, 8, 3, 2, 2, 3, 10, 10, 1, 7, 8, 5, 2, 4, 5, 1, 7, 10, 7, 6, 10, 6, 10, 8, 10, 10, 5, 4, 7, 7, 10, 10, 10, 5, 2, 10, 9, 9, 7, 10, 5, 3, 5, 3, 1, 3, 10, 1]
(1.0435734939761419, 0.2360093305534339, 1.0, 1.0, 1.0962314638309134, 0.803505757925534)
[3, 1, 2, 5, 2, 2, 1, 5, 4, 3, 3, 2, 3, 7, 9, 3, 2, 5, 8, 2, 1, 3, 1, 7, 8, 5, 7, 2, 9, 3, 1, 4, 5, 8, 7, 7, 3, 8, 10, 10, 8, 10, 7, 7, 10, 4, 6, 9, 3, 1, 9, 3, 3, 10, 4, 3, 5, 3, 1, 1, 10, 1]
(1.0940119962207928, 0.2360093305534339, 1.0, 1.0, 1.1037506924010765, 0.803505757925534)
[10, 2, 1, 7, 3, 3, 4, 4, 7, 4, 4, 1, 3, 1, 6, 8, 3, 2, 2, 3, 10, 10, 1, 7, 8, 5, 2, 2, 5, 3, 7, 10, 7, 6, 10, 6, 10, 8, 10, 10, 5, 4, 7, 7, 10, 10, 10, 5, 2, 10, 9, 9, 7, 10, 5, 3, 5, 3, 1, 3, 10, 1]
(0.6918348652310718, 0.2360093305534339, 1.08676071548834, 1.0, 1.0929029478691472, 0.803505757925534)
[10, 2, 1, 7, 7, 3, 1, 6, 7, 9, 3, 4, 3, 10, 9, 8, 3, 7, 4, 2, 8, 7, 7, 3, 6, 7, 1, 6, 5, 8, 10, 9, 5, 6, 10, 7, 9, 8, 7, 5, 4, 4, 7, 7, 10, 8, 3, 4, 2, 1, 5, 3, 4, 10, 5, 3, 5, 2, 1, 1, 9, 6]
(1.0967770622111812, 0.6096624540073587, 1.077647830452766, 0.6491228070175433, 1.091252810414876, 0.803505757925534)
[8, 2, 1, 9, 7, 3, 1, 6, 3, 9, 2, 4, 3, 10, 6, 3, 2, 7, 4, 2, 8, 7, 6, 3, 6, 7, 1, 8, 9, 4, 4, 10, 1, 6, 6, 7, 9, 8, 10, 5, 5, 4, 7, 7, 9, 8, 8, 4, 2, 7, 5, 8, 4, 10, 5, 3, 5, 2, 1, 1, 9, 6]
(1.0864796821959273, 0.6096624540073587, 0.9940451907925265, 0.6491228070175433, 1.088955764379348, 0.803505757925534)
[8, 2, 7, 5, 1, 3, 1, 5, 4, 7, 3, 8, 3, 7, 6, 3, 2, 7, 4, 2, 8, 8, 3, 1, 6, 2, 3, 2, 1, 5, 1, 2, 5, 6, 7, 7, 9, 8, 10, 10, 6, 4, 7, 10, 10, 8, 9, 6, 2, 4, 9, 9, 6, 10, 5, 3, 5, 3, 3, 3, 5, 1]
(1.0977379527874245, 0.6096624540073587, 1.0767869667150038, 0.6491228070175443, 1.0875755784101742, 0.9178241805415002)
[8, 2, 7, 5, 1, 3, 1, 5, 4, 7, 3, 8, 3, 7, 6, 3, 2, 7, 4, 2, 8, 8, 3, 1, 6, 2, 3, 2, 1, 5, 1, 2, 5, 6, 7, 7, 9, 8, 10, 10, 6, 4, 7, 10, 10, 8, 9, 6, 2, 4, 9, 9, 6, 10, 5, 3, 5, 3, 3, 3, 5, 1]
(1.0977379527874245, 0.6096624540073587, 1.0767869667150038, 0.6491228070175443, 1.0875755784101742, 0.9178241805415002)
[8, 2, 7, 5, 1, 3, 1, 5, 4, 7, 3, 8, 3, 7, 6, 3, 2, 7, 4, 2, 8, 8, 3, 1, 6, 2, 3, 2, 1, 5, 1, 2, 5, 6, 7, 7, 9, 8, 10, 10, 6, 4, 7, 10, 10, 8, 9, 6, 2, 4, 9, 9, 6, 10, 5, 3, 5, 3, 3, 3, 5, 1]
(1.0977379527874245, 0.6096624540073587, 1.0767869667150038, 0.6491228070175443, 1.0875755784101742, 0.9178241805415002)
[8, 2, 7, 5, 1, 3, 1, 5, 4, 7, 3, 8, 3, 7, 6, 3, 2, 7, 4, 2, 8, 8, 3, 1, 6, 2, 3, 2, 1, 5, 1, 2, 5, 6, 7, 7, 9, 8, 10, 10, 6, 4, 7, 10, 10, 8, 9, 6, 2, 4, 9, 9, 6, 10, 5, 3, 5, 3, 3, 3, 5, 1]
(1.0977379527874245, 0.6096624540073587, 1.0767869667150038, 0.6491228070175443, 1.0875755784101742, 0.9178241805415002)
[8, 2, 7, 5, 1, 3, 1, 5, 4, 7, 3, 8, 3, 7, 6, 3, 2, 7, 4, 2, 8, 8, 3, 1, 6, 2, 3, 2, 1, 5, 1, 2, 5, 6, 7, 7, 9, 8, 10, 10, 6, 4, 7, 10, 10, 8, 9, 6, 2, 4, 9, 9, 6, 10, 5, 3, 5, 3, 3, 3, 5, 1]
(1.0977379527874245, 0.6096624540073587, 1.0767869667150038, 0.6491228070175443, 1.0875755784101742, 0.9178241805415002)
[8, 2, 7, 5, 1, 3, 1, 5, 4, 7, 3, 8, 3, 7, 6, 3, 2, 7, 4, 2, 8, 8, 3, 1, 6, 2, 3, 2, 1, 5, 1, 2, 5, 6, 7, 7, 9, 8, 10, 10, 6, 4, 7, 10, 10, 8, 9, 6, 2, 4, 9, 9, 6, 10, 5, 3, 5, 3, 3, 3, 5, 1]
(1.0977379527874245, 0.6096624540073587, 1.0767869667150038, 0.6491228070175443, 1.0875755784101742, 0.9178241805415002)
[8, 2, 7, 5, 1, 3, 1, 5, 4, 7, 3, 8, 3, 7, 6, 3, 2, 7, 4, 2, 8, 8, 3, 1, 6, 2, 3, 2, 1, 5, 1, 2, 5, 6, 7, 7, 9, 8, 10, 10, 6, 4, 7, 10, 10, 8, 9, 6, 2, 4, 9, 9, 6, 10, 5, 3, 5, 3, 3, 3, 5, 1]
(1.0977379527874245, 0.6096624540073587, 1.0767869667150038, 0.6491228070175443, 1.0875755784101742, 0.9178241805415002)
[8, 2, 7, 5, 1, 3, 1, 5, 4, 7, 3, 8, 3, 7, 6, 3, 2, 7, 4, 2, 8, 8, 3, 1, 6, 2, 3, 2, 1, 5, 1, 2, 5, 6, 7, 7, 9, 8, 10, 10, 6, 4, 7, 10, 10, 8, 9, 6, 2, 4, 9, 9, 6, 10, 5, 3, 5, 3, 3, 3, 5, 1]
(1.0977379527874245, 0.6096624540073587, 1.0767869667150038, 0.6491228070175443, 1.0875755784101742, 0.9178241805415002)
[8, 2, 7, 5, 1, 3, 1, 5, 4, 7, 3, 8, 3, 7, 6, 3, 2, 7, 4, 2, 8, 8, 3, 1, 6, 2, 3, 2, 1, 5, 1, 2, 5, 6, 7, 7, 9, 8, 10, 10, 6, 4, 7, 10, 10, 8, 9, 6, 2, 4, 9, 9, 6, 10, 5, 3, 5, 3, 3, 3, 5, 1]
(1.0977379527874245, 0.6096624540073587, 1.0767869667150038, 0.6491228070175443, 1.0875755784101742, 0.9178241805415002)
[8, 2, 7, 5, 1, 3, 1, 5, 4, 7, 3, 8, 3, 7, 6, 3, 2, 7, 4, 2, 8, 8, 3, 1, 6, 2, 3, 2, 1, 5, 1, 2, 5, 6, 7, 7, 9, 8, 10, 10, 6, 4, 7, 10, 10, 8, 9, 6, 2, 4, 9, 9, 6, 10, 5, 3, 5, 3, 3, 3, 5, 1]
(1.0977379527874245, 0.6096624540073587, 0.0, 0.6491228070175443, 1.0875755784101742, 0.9178241805415002)
[8, 2, 7, 5, 1, 3, 1, 5, 4, 7, 3, 8, 3, 7, 6, 3, 2, 7, 4, 2, 8, 8, 3, 1, 6, 2, 3, 2, 1, 5, 1, 2, 5, 6, 7, 7, 9, 8, 10, 10, 6, 4, 7, 10, 10, 8, 9, 6, 2, 4, 9, 9, 6, 10, 5, 3, 5, 3, 3, 3, 5, 1]
(1.0977379527874245, 0.6096624540073587, 1.0767869667150038, 0.6491228070175443, 0.803505757925534, 0.9178241805415002)
[6, 1, 5, 4, 9, 6, 7, 6, 4, 6, 3, 10, 3, 10, 7, 9, 2, 9, 2, 5, 10, 7, 7, 4, 6, 3, 1, 6, 7, 8, 10, 10, 7, 2, 5, 4, 9, 8, 5, 10, 9, 9, 2, 9, 8, 7, 9, 6, 2, 5, 7, 3, 3, 7, 5, 3, 5, 3, 1, 1, 7, 1]
(0.6096624540073587, 0.6096624540073587, 1.0760730308480517, 1.0, 1.091642279643561, 0.803505757925534)
[8, 2, 1, 7, 4, 3, 1, 6, 7, 9, 2, 7, 3, 10, 9, 8, 2, 7, 8, 2, 8, 10, 9, 4, 5, 9, 5, 5, 10, 6, 9, 2, 5, 6, 6, 7, 9, 8, 10, 10, 7, 4, 6, 7, 10, 10, 9, 4, 2, 3, 7, 1, 3, 10, 5, 3, 5, 2, 1, 1, 9, 6]
(1.0731826824136037, 0.6096624540073587, 1.0895094712264792, 1.0, 1.0872094637714285, 0.803505757925534)
[8, 2, 1, 7, 4, 3, 1, 6, 7, 9, 2, 7, 3, 10, 9, 8, 2, 7, 8, 2, 8, 10, 9, 4, 5, 9, 5, 5, 10, 6, 9, 2, 5, 6, 6, 7, 9, 8, 10, 10, 7, 4, 6, 7, 10, 10, 9, 4, 2, 3, 7, 1, 3, 10, 5, 3, 5, 2, 1, 1, 9, 6]
(1.0731826824136037, 0.6096624540073587, 1.0895094712264792, 1.0, 1.0872094637714285, 0.803505757925534)
[8, 2, 1, 7, 4, 3, 1, 6, 7, 9, 2, 7, 3, 10, 9, 8, 2, 7, 8, 2, 8, 10, 9, 4, 5, 9, 5, 5, 10, 6, 9, 2, 5, 6, 6, 7, 9, 8, 10, 10, 7, 4, 6, 7, 10, 10, 9, 4, 2, 3, 7, 1, 3, 10, 5, 3, 5, 2, 1, 1, 9, 6]
(1.0731826824136037, 0.6096624540073587, 1.0895094712264792, 1.0, 1.0872094637714285, 0.803505757925534)
[8, 2, 1, 7, 4, 3, 1, 6, 7, 9, 2, 7, 3, 10, 9, 8, 2, 7, 8, 2, 8, 10, 9, 4, 5, 9, 5, 5, 10, 6, 9, 2, 5, 6, 6, 7, 9, 8, 10, 10, 7, 4, 6, 7, 10, 10, 9, 4, 2, 3, 7, 1, 3, 10, 5, 3, 5, 2, 1, 1, 9, 6]
(1.0731826824136037, 0.6096624540073587, 1.0895094712264792, 1.0, 1.0872094637714285, 0.803505757925534)
[6, 1, 5, 4, 9, 6, 7, 6, 4, 6, 3, 10, 3, 10, 7, 9, 3, 9, 2, 5, 9, 7, 7, 4, 6, 3, 1, 6, 7, 8, 10, 10, 7, 2, 5, 4, 9, 8, 5, 10, 9, 9, 2, 9, 8, 7, 9, 6, 2, 5, 7, 3, 5, 7, 5, 3, 5, 3, 1, 1, 7, 1]
(0.6096624540073587, 0.6096624540073587, 1.0752885374240533, 1.0, 0.0, 0.803505757925534)
[8, 2, 1, 7, 4, 3, 1, 6, 7, 9, 2, 7, 3, 10, 9, 8, 2, 7, 4, 3, 7, 3, 9, 4, 5, 9, 5, 5, 10, 6, 9, 2, 5, 6, 6, 7, 9, 8, 10, 10, 7, 4, 6, 7, 10, 10, 9, 4, 2, 3, 7, 1, 3, 10, 5, 3, 5, 2, 1, 1, 9, 6]
(1.0808010092936413, 0.6096624540073587, 1.0779365611262577, 1.0, 1.0903214017860545, 0.803505757925534)
[8, 7, 1, 7, 7, 3, 1, 6, 3, 9, 2, 4, 3, 10, 6, 9, 2, 7, 4, 2, 8, 7, 6, 3, 6, 7, 1, 6, 5, 4, 4, 10, 5, 6, 6, 7, 9, 8, 10, 10, 5, 5, 7, 7, 7, 8, 8, 4, 2, 1, 5, 3, 4, 10, 5, 3, 5, 2, 1, 1, 9, 6]
(1.0921556659974112, 0.6096624540073587, 1.0841140015982047, 1.0, 0.803505757925534, 0.803505757925534)
[8, 2, 1, 7, 7, 3, 1, 6, 7, 9, 3, 4, 3, 10, 9, 8, 3, 7, 4, 2, 8, 7, 7, 3, 6, 7, 1, 6, 5, 8, 10, 9, 5, 6, 10, 7, 9, 8, 7, 5, 5, 4, 7, 7, 10, 8, 9, 4, 2, 1, 5, 3, 4, 10, 5, 3, 5, 2, 1, 1, 9, 6]
(1.0971335127018345, 0.6096624540073587, 1.0, 1.0, 1.0936005841009273, 0.803505757925534)
[8, 2, 1, 7, 7, 3, 1, 6, 7, 9, 3, 4, 3, 10, 9, 8, 2, 7, 4, 2, 8, 7, 7, 3, 6, 7, 1, 6, 5, 8, 10, 10, 5, 6, 10, 7, 9, 8, 7, 5, 5, 4, 7, 7, 10, 8, 9, 4, 2, 1, 5, 3, 4, 10, 5, 3, 5, 2, 1, 1, 9, 6]
(0.928249968681481, 0.6096624540073587, 0.8772096744738476, 1.0, 1.092051602248098, 0.803505757925534)
[8, 2, 1, 7, 7, 3, 1, 6, 7, 9, 3, 4, 3, 10, 9, 8, 2, 7, 4, 2, 8, 7, 7, 3, 6, 7, 1, 6, 5, 8, 10, 10, 5, 6, 10, 7, 9, 8, 7, 5, 5, 4, 7, 7, 10, 8, 9, 4, 2, 1, 5, 3, 4, 10, 5, 3, 5, 2, 1, 1, 9, 6]
(0.928249968681481, 0.6096624540073587, 0.8772096744738476, 1.0, 1.092051602248098, 0.803505757925534)
[8, 7, 1, 7, 7, 3, 1, 6, 3, 9, 2, 4, 3, 10, 6, 3, 2, 7, 4, 2, 5, 7, 6, 3, 6, 7, 1, 8, 9, 4, 4, 10, 5, 6, 6, 7, 9, 8, 7, 5, 5, 4, 7, 7, 9, 8, 8, 4, 2, 7, 5, 3, 4, 10, 5, 3, 5, 2, 1, 1, 9, 6]
(1.0940604020841376, 0.6096624540073587, 1.0, 1.0, 0.803505757925534, 0.803505757925534)
[8, 2, 1, 7, 4, 3, 1, 6, 7, 9, 2, 7, 3, 10, 9, 8, 2, 7, 8, 2, 8, 10, 9, 4, 5, 9, 5, 5, 10, 6, 9, 2, 5, 6, 6, 7, 9, 8, 10, 10, 7, 4, 6, 7, 10, 10, 9, 4, 2, 3, 7, 1, 3, 10, 5, 3, 5, 2, 1, 1, 9, 6]
(1.0731826824136037, 0.6096624540073587, 1.0895094712264792, 1.0, 1.0872094637714285, 0.803505757925534)
[8, 2, 1, 7, 4, 3, 1, 6, 7, 9, 2, 7, 3, 10, 9, 8, 2, 7, 8, 2, 8, 10, 9, 4, 5, 9, 5, 5, 10, 6, 9, 2, 5, 6, 6, 7, 9, 8, 10, 10, 7, 4, 6, 7, 10, 10, 9, 4, 2, 3, 7, 1, 3, 10, 5, 3, 5, 2, 1, 1, 9, 6]
(1.0731826824136037, 0.6096624540073587, 1.0895094712264792, 1.0, 1.0872094637714285, 0.803505757925534)
[8, 7, 1, 7, 7, 3, 1, 6, 3, 9, 3, 4, 3, 10, 6, 9, 2, 7, 1, 2, 8, 7, 6, 3, 2, 7, 1, 6, 5, 4, 4, 10, 5, 6, 6, 7, 9, 8, 10, 10, 5, 5, 7, 7, 7, 8, 8, 4, 2, 1, 5, 3, 4, 10, 5, 3, 5, 2, 1, 1, 9, 6]
(1.0955516799353016, 0.6096624540073587, 0.38211357956751557, 0.9948207478038925, 1.0757535618729845, 0.9178241805415002)
[8, 7, 1, 7, 7, 3, 1, 6, 3, 9, 3, 4, 3, 10, 6, 9, 2, 7, 1, 2, 8, 7, 6, 3, 2, 7, 1, 6, 5, 4, 4, 10, 5, 6, 6, 7, 9, 8, 10, 10, 5, 5, 7, 7, 7, 8, 8, 4, 2, 1, 5, 3, 4, 10, 5, 3, 5, 2, 1, 1, 9, 6]
(1.0955516799353016, 0.6096624540073587, 0.38211357956751557, 0.9948207478038925, 1.0757535618729845, 0.9178241805415002)
[8, 7, 1, 7, 7, 3, 1, 6, 3, 9, 3, 4, 3, 10, 6, 9, 2, 7, 1, 2, 8, 7, 6, 3, 2, 7, 1, 6, 5, 4, 4, 10, 5, 6, 6, 7, 9, 8, 10, 10, 5, 5, 7, 7, 7, 8, 8, 4, 2, 1, 5, 3, 4, 10, 5, 3, 5, 2, 1, 1, 9, 6]
(1.0955516799353016, 0.6096624540073587, 0.38211357956751557, 0.9948207478038925, 1.0757535618729845, 0.9178241805415002)
[8, 1, 2, 5, 8, 3, 1, 6, 7, 5, 7, 7, 3, 10, 9, 8, 2, 7, 4, 3, 7, 3, 9, 4, 10, 9, 5, 3, 10, 3, 9, 1, 4, 2, 10, 7, 9, 8, 5, 10, 7, 4, 7, 7, 10, 8, 9, 6, 2, 1, 6, 3, 4, 10, 5, 3, 5, 2, 1, 1, 9, 6]
(0.6485592558048715, 0.6096624540073587, 1.0060831335373184, 1.0, 1.0762185174040455, 0.9178241805415002)
[8, 1, 2, 5, 8, 3, 1, 6, 7, 5, 7, 7, 3, 10, 9, 8, 2, 7, 4, 3, 7, 3, 9, 4, 10, 9, 5, 3, 10, 3, 9, 1, 4, 2, 10, 7, 9, 8, 5, 10, 7, 4, 7, 7, 10, 8, 9, 6, 2, 1, 6, 3, 4, 10, 5, 3, 5, 2, 1, 1, 9, 6]
(0.6485592558048715, 0.6096624540073587, 1.0060831335373184, 1.0, 1.0762185174040455, 0.9178241805415002)
[8, 1, 2, 5, 8, 3, 1, 6, 7, 5, 7, 7, 3, 10, 9, 8, 2, 7, 4, 3, 7, 3, 9, 4, 10, 9, 5, 3, 10, 3, 9, 1, 4, 2, 10, 7, 9, 8, 5, 10, 7, 4, 7, 7, 10, 8, 9, 6, 2, 1, 6, 3, 4, 10, 5, 3, 5, 2, 1, 1, 9, 6]
(0.6485592558048715, 0.6096624540073587, 1.0060831335373184, 1.0, 1.0762185174040455, 0.9178241805415002)
[8, 1, 2, 5, 8, 3, 1, 6, 7, 5, 7, 7, 3, 10, 9, 8, 2, 7, 4, 3, 7, 3, 9, 4, 10, 9, 5, 3, 10, 3, 9, 1, 4, 2, 10, 7, 9, 8, 5, 10, 7, 4, 7, 7, 10, 8, 9, 6, 2, 1, 6, 3, 4, 10, 5, 3, 5, 2, 1, 1, 9, 6]
(0.6485592558048715, 0.6096624540073587, 1.0060831335373184, 1.0, 1.0762185174040455, 0.9178241805415002)
