[6, 2, 4, 8, 2, 7, 8, 1, 3, 10, 6, 1, 10, 3, 7, 6, 6, 5, 8, 1, 9, 7, 3, 3, 5, 9, 3, 10, 5, 7, 8, 2, 7, 1, 2, 5, 7, 8, 5, 3, 10, 1, 7, 1, 9, 10, 5, 4, 5, 9, 10, 9, 5, 9, 6, 3, 6, 1, 3, 6, 9, 1]
(0.0, 0.0, 0.9063077995553577, 0.9050680210813842, 0.9000584488734565, 0.0)
[6, 7, 10, 8, 1, 1, 8, 7, 3, 5, 6, 7, 10, 5, 5, 6, 9, 8, 10, 4, 7, 2, 4, 3, 5, 9, 3, 10, 10, 5, 8, 2, 7, 6, 6, 2, 7, 8, 5, 9, 10, 3, 5, 4, 6, 9, 8, 4, 6, 9, 10, 7, 9, 5, 1, 3, 6, 1, 1, 6, 9, 1]
(0.8806676534935789, 0.17906775861880428, 0.8196447318419756, 0.726027397260274, 0.8940717726296471, 0.0)
[6, 7, 4, 8, 4, 10, 5, 9, 1, 8, 6, 10, 8, 6, 1, 6, 6, 5, 7, 3, 4, 7, 7, 3, 5, 5, 3, 10, 8, 6, 8, 3, 7, 3, 8, 2, 7, 9, 5, 9, 7, 4, 3, 8, 6, 10, 8, 4, 9, 9, 8, 10, 8, 7, 2, 3, 6, 1, 1, 6, 9, 1]
(0.8890642391517715, 0.39503582024748474, 0.8938583130016882, 0.8883200312033254, 0.8940717726296471, 0.0)
[4, 4, 10, 2, 2, 1, 5, 1, 7, 8, 6, 2, 5, 7, 7, 6, 9, 8, 10, 1, 4, 6, 3, 6, 5, 9, 3, 10, 6, 8, 8, 2, 7, 1, 2, 5, 7, 8, 5, 2, 10, 4, 1, 1, 6, 7, 8, 6, 5, 9, 10, 10, 8, 5, 6, 3, 6, 1, 1, 7, 10, 1]
(0.8918043205514512, 0.7632474250827248, 0.7919134693220188, 0.726027397260274, 0.7307512814179002, 0.0)
[4, 4, 10, 2, 2, 1, 5, 1, 7, 8, 6, 2, 5, 7, 7, 6, 9, 8, 10, 1, 4, 6, 3, 6, 5, 9, 3, 10, 6, 8, 8, 2, 7, 1, 2, 5, 5, 8, 5, 9, 10, 4, 1, 1, 6, 7, 8, 4, 5, 9, 10, 10, 8, 5, 6, 3, 6, 1, 1, 7, 10, 1]
(0.9231184894219009, 0.7632474250827248, 0.7874970855191282, 0.726027397260274, 0.7269044226035413, 0.0)
[6, 7, 10, 8, 2, 10, 5, 1, 3, 8, 6, 1, 7, 3, 7, 6, 9, 5, 10, 5, 7, 1, 7, 3, 5, 9, 3, 10, 10, 5, 8, 2, 8, 10, 2, 10, 7, 6, 7, 9, 10, 3, 7, 1, 6, 7, 8, 4, 6, 9, 10, 10, 8, 6, 3, 3, 6, 1, 1, 6, 9, 1]
(0.8882112791761715, 0.17906775861880428, 0.8833150828257156, 0.46902654867256643, 0.9101033711805901, 0.8940717726296471)
[6, 3, 8, 10, 2, 10, 5, 1, 3, 5, 9, 6, 5, 6, 7, 6, 1, 5, 8, 1, 9, 8, 3, 4, 2, 9, 6, 10, 10, 8, 8, 2, 3, 8, 2, 5, 7, 8, 8, 9, 10, 3, 7, 4, 6, 10, 7, 4, 6, 9, 10, 7, 5, 4, 1, 4, 3, 4, 2, 5, 9, 1]
(0.8560435323044605, 0.36339228260146017, 0.0, 0.9249841505661572, 0.8992166167125066, 0.29753585877160715)
[6, 7, 10, 8, 10, 10, 5, 4, 3, 5, 10, 7, 10, 6, 5, 6, 9, 8, 10, 1, 4, 1, 2, 4, 8, 5, 3, 10, 2, 8, 8, 2, 2, 6, 10, 5, 6, 5, 2, 9, 4, 3, 7, 1, 6, 10, 8, 4, 9, 9, 10, 10, 8, 5, 6, 3, 6, 1, 5, 6, 9, 1]
(0.8629583349451372, 0.7632474250827248, 0.8608727043494532, 0.8494263080879991, 0.8940717726296471, 0.0)
[6, 7, 10, 8, 7, 10, 5, 4, 3, 5, 6, 7, 10, 6, 5, 6, 9, 8, 10, 2, 1, 6, 5, 3, 5, 9, 3, 10, 2, 10, 8, 1, 1, 7, 2, 5, 5, 8, 5, 9, 10, 9, 9, 1, 1, 10, 8, 4, 10, 9, 10, 10, 8, 5, 6, 3, 6, 1, 5, 6, 9, 1]
(0.925762851722535, 0.0, 0.9002867111936175, 0.726027397260274, 0.9087606647983155, 0.8940717726296471)
[6, 7, 10, 8, 2, 10, 9, 7, 3, 2, 6, 7, 10, 6, 7, 6, 9, 8, 10, 6, 4, 6, 5, 3, 8, 5, 3, 10, 2, 7, 8, 2, 7, 7, 3, 5, 7, 9, 5, 9, 10, 4, 10, 4, 6, 10, 8, 4, 6, 9, 10, 8, 9, 5, 1, 3, 6, 1, 1, 6, 9, 1]
(0.8992161603644451, 0.7632474250827248, 0.8658430064096998, 0.0, 0.8685003498569084, 0.8775923410430505)
[6, 7, 10, 8, 7, 10, 5, 4, 3, 5, 6, 7, 10, 6, 5, 6, 9, 8, 10, 2, 1, 6, 5, 3, 5, 9, 3, 10, 2, 10, 8, 2, 7, 1, 10, 5, 6, 5, 2, 9, 4, 3, 9, 1, 1, 10, 8, 4, 10, 9, 10, 10, 8, 5, 6, 3, 6, 1, 5, 6, 9, 1]
(0.9195810722187128, 0.7632474250827248, 0.8694998024031472, 0.0, 0.9026653287932238, 0.8940717726296471)
[6, 7, 10, 8, 7, 10, 5, 4, 3, 5, 6, 7, 10, 6, 5, 6, 9, 8, 10, 2, 1, 6, 5, 3, 5, 1, 7, 10, 2, 8, 8, 2, 7, 1, 9, 6, 6, 5, 2, 9, 10, 3, 7, 1, 6, 10, 8, 4, 9, 9, 10, 10, 8, 5, 6, 3, 6, 1, 5, 6, 9, 1]
(0.935269951634106, 0.7632474250827248, 0.8646370628848623, 0.0, 0.9139426713809335, 0.8940717726296471)
[6, 7, 10, 8, 7, 10, 5, 4, 3, 5, 6, 7, 10, 3, 5, 6, 9, 8, 10, 2, 1, 6, 5, 3, 5, 1, 3, 10, 2, 8, 8, 2, 7, 1, 9, 6, 6, 5, 2, 9, 4, 3, 7, 1, 6, 10, 6, 4, 6, 8, 10, 10, 8, 5, 6, 3, 6, 1, 5, 6, 9, 1]
(0.8914683634415228, 0.7632474250827248, 0.0, 0.0, 0.895753256045278, 0.8940717726296471)
[6, 7, 10, 8, 7, 10, 5, 4, 3, 5, 6, 7, 10, 6, 5, 6, 9, 8, 10, 2, 1, 6, 5, 3, 5, 1, 7, 10, 2, 8, 8, 2, 7, 1, 9, 6, 6, 5, 2, 9, 4, 3, 7, 1, 6, 10, 8, 4, 9, 9, 10, 10, 8, 5, 6, 3, 6, 1, 5, 6, 9, 1]
(0.9214200420305099, 0.7632474250827248, 0.8281235734000745, 0.0, 0.8940717726296471, 0.8940717726296471)
[6, 7, 10, 8, 4, 10, 4, 7, 3, 5, 6, 7, 10, 6, 5, 6, 9, 8, 10, 1, 4, 6, 5, 3, 5, 5, 3, 10, 2, 8, 8, 2, 1, 7, 5, 5, 7, 6, 5, 9, 10, 3, 7, 4, 6, 10, 6, 4, 6, 8, 10, 10, 8, 9, 2, 3, 6, 1, 1, 6, 9, 1]
(0.9092382965609395, 0.7632474250827248, 0.726027397260274, 0.905643122084435, 0.8531459232792202, 0.0)
[6, 7, 7, 8, 1, 10, 5, 9, 1, 8, 8, 1, 5, 6, 2, 10, 9, 7, 10, 1, 4, 1, 2, 3, 6, 5, 3, 10, 2, 8, 8, 2, 7, 7, 5, 7, 7, 9, 5, 9, 10, 3, 10, 8, 6, 10, 8, 4, 6, 9, 10, 10, 8, 9, 2, 3, 6, 2, 1, 6, 9, 1]
(0.9191318595781889, 0.7632474250827248, 0.9036220928654037, 0.9127172028645837, 0.8865742748603184, 0.0)
[6, 7, 10, 8, 5, 10, 5, 6, 1, 5, 6, 10, 8, 6, 1, 6, 10, 8, 7, 2, 4, 7, 4, 10, 5, 9, 3, 7, 3, 6, 6, 2, 3, 6, 1, 5, 8, 9, 5, 9, 10, 3, 7, 1, 6, 7, 8, 4, 6, 9, 10, 7, 8, 5, 1, 3, 6, 1, 1, 6, 9, 1]
(0.8844242429360702, 0.7632474250827248, 0.9216825166717137, 0.726027397260274, 0.8936684323474723, 0.23289174230203089)
[6, 7, 10, 8, 5, 10, 5, 6, 1, 5, 6, 10, 8, 6, 1, 6, 10, 8, 7, 2, 4, 7, 4, 10, 5, 9, 3, 7, 3, 6, 6, 2, 3, 6, 1, 5, 8, 9, 5, 9, 10, 3, 7, 1, 6, 7, 8, 4, 6, 9, 10, 7, 8, 5, 1, 3, 6, 1, 1, 6, 9, 1]
(0.8844242429360702, 0.7632474250827248, 0.9216825166717137, 0.726027397260274, 0.8936684323474723, 0.23289174230203089)
[6, 7, 10, 8, 7, 10, 5, 4, 3, 5, 7, 7, 10, 6, 5, 6, 9, 8, 10, 1, 4, 1, 2, 4, 8, 5, 3, 10, 2, 8, 8, 2, 2, 6, 10, 5, 6, 5, 2, 9, 4, 3, 7, 1, 6, 10, 8, 4, 9, 9, 10, 10, 8, 5, 6, 3, 6, 1, 5, 6, 9, 1]
(0.7632474250827248, 0.0, 0.8667065689340187, 0.8510615462437218, 0.8957701301202139, 0.8940717726296471)
[6, 7, 10, 8, 1, 10, 5, 9, 1, 8, 8, 1, 5, 6, 2, 10, 9, 5, 10, 1, 4, 1, 2, 3, 2, 5, 3, 10, 2, 8, 8, 2, 3, 1, 5, 5, 7, 8, 5, 7, 10, 6, 7, 10, 6, 10, 8, 4, 6, 9, 10, 10, 8, 9, 2, 3, 6, 2, 1, 6, 9, 1]
(0.9026995135471186, 0.7632474250827248, 0.9125304793938958, 1.0, 0.8670289574190926, 0.0)
[2, 7, 4, 8, 2, 10, 5, 1, 3, 8, 6, 1, 5, 3, 7, 6, 9, 5, 10, 5, 7, 1, 7, 3, 5, 9, 3, 10, 10, 5, 8, 2, 7, 6, 8, 2, 7, 8, 5, 9, 7, 1, 3, 1, 6, 5, 8, 4, 4, 9, 10, 10, 8, 5, 6, 6, 6, 1, 1, 6, 9, 1]
(0.9003249807283245, 0.7632474250827248, 0.9000780520960651, 1.0, 0.8318728240206781, 0.0)
[6, 7, 10, 8, 1, 10, 5, 9, 1, 8, 8, 1, 5, 6, 7, 5, 9, 5, 10, 3, 4, 1, 2, 3, 5, 5, 3, 10, 2, 8, 8, 2, 7, 7, 5, 5, 7, 9, 5, 9, 10, 3, 7, 4, 6, 10, 8, 4, 1, 9, 10, 10, 6, 9, 2, 3, 6, 2, 1, 6, 9, 1]
(0.899328766949471, 0.7632474250827248, 0.9026349170133433, 0.726027397260274, 0.8765056723728731, 0.27822876313210965)
[6, 7, 10, 8, 1, 1, 8, 7, 3, 5, 6, 7, 10, 5, 5, 6, 9, 8, 10, 4, 7, 2, 4, 3, 5, 9, 3, 10, 10, 5, 8, 2, 7, 6, 6, 2, 7, 8, 5, 9, 10, 3, 5, 4, 6, 9, 8, 4, 6, 9, 10, 7, 9, 5, 1, 3, 6, 1, 1, 6, 9, 1]
(0.8806676534935789, 0.17906775861880428, 0.8196447318419756, 0.726027397260274, 0.8940717726296471, 0.8940717726296471)
[6, 7, 3, 8, 2, 10, 5, 1, 3, 8, 6, 1, 5, 3, 7, 6, 9, 5, 9, 5, 7, 1, 4, 5, 5, 9, 3, 10, 10, 5, 8, 2, 8, 10, 2, 10, 7, 6, 7, 9, 10, 10, 7, 1, 6, 7, 8, 4, 6, 9, 10, 10, 8, 2, 3, 3, 6, 1, 1, 6, 9, 1]
(0.8791241442784622, 0.19251883809232714, 0.8983951212838254, 0.726027397260274, 0.9102141978219114, 0.8940717726296471)
[6, 7, 3, 8, 2, 10, 5, 1, 3, 8, 6, 1, 5, 3, 7, 6, 9, 5, 9, 5, 7, 1, 4, 5, 5, 9, 3, 10, 10, 5, 8, 2, 8, 10, 2, 10, 7, 6, 7, 9, 10, 10, 7, 1, 6, 7, 8, 4, 6, 9, 10, 10, 8, 2, 3, 3, 6, 1, 1, 6, 9, 1]
(0.8791241442784622, 0.19251883809232714, 0.8983951212838254, 0.726027397260274, 0.9102141978219114, 0.8940717726296471)
[6, 2, 4, 8, 2, 7, 8, 1, 3, 8, 6, 1, 5, 7, 1, 6, 6, 5, 8, 1, 9, 7, 3, 3, 5, 9, 3, 10, 5, 7, 8, 2, 7, 1, 2, 5, 7, 8, 5, 3, 10, 1, 7, 1, 9, 10, 5, 4, 5, 9, 10, 9, 5, 9, 6, 3, 6, 1, 3, 6, 9, 1]
(0.7607833841815522, 0.0, 0.9207310630008544, 0.920902206934985, 0.8940717726296471, 0.8940717726296471)
[6, 7, 10, 10, 5, 7, 5, 6, 1, 5, 6, 10, 8, 6, 1, 6, 10, 8, 7, 2, 4, 7, 4, 10, 5, 9, 3, 7, 3, 1, 6, 2, 7, 6, 5, 5, 7, 9, 5, 9, 10, 3, 10, 5, 6, 10, 8, 4, 6, 9, 10, 7, 8, 5, 1, 3, 6, 1, 1, 6, 9, 1]
(0.8889732411131221, 0.7632474250827248, 0.93451904673129, 0.9225620606914131, 0.8926620302721817, 0.23289174230203089)
[6, 7, 10, 8, 1, 10, 5, 9, 1, 8, 8, 1, 5, 6, 2, 10, 9, 5, 10, 1, 4, 1, 2, 1, 6, 5, 3, 10, 2, 8, 8, 2, 7, 7, 5, 5, 7, 8, 5, 7, 10, 6, 7, 10, 6, 10, 8, 4, 6, 9, 10, 10, 8, 9, 2, 3, 6, 2, 1, 6, 9, 1]
(0.7632474250827248, 0.7632474250827248, 0.9100943656638228, 0.9071193872019612, 0.26127465616945045, 0.26127465616945045)
[6, 7, 10, 8, 4, 10, 5, 1, 4, 8, 6, 10, 8, 5, 1, 6, 6, 5, 7, 3, 4, 6, 5, 3, 5, 5, 3, 10, 2, 8, 8, 2, 3, 1, 5, 5, 7, 8, 5, 7, 10, 6, 7, 10, 6, 10, 6, 4, 6, 8, 10, 10, 8, 9, 2, 3, 6, 2, 1, 6, 9, 1]
(0.9005198357626756, 0.17906775861880428, 0.9156316721811856, 0.9186220517381991, 0.9006550686433873, 0.8940717726296471)
[6, 7, 10, 8, 1, 10, 5, 9, 1, 8, 8, 1, 5, 6, 7, 10, 9, 5, 10, 1, 4, 1, 2, 3, 5, 5, 3, 10, 2, 8, 8, 2, 7, 7, 5, 5, 7, 9, 5, 9, 10, 3, 7, 4, 6, 10, 6, 4, 6, 8, 10, 10, 6, 9, 2, 3, 6, 2, 1, 6, 9, 1]
(0.8511679852381295, 0.7632474250827248, 0.9155341288074815, 1.0, 0.8725601268932178, 0.24626809950203044)
[6, 7, 10, 8, 1, 10, 5, 9, 1, 8, 8, 1, 5, 6, 2, 10, 9, 5, 10, 1, 4, 1, 2, 3, 6, 5, 3, 10, 2, 8, 8, 2, 7, 7, 5, 5, 7, 8, 5, 7, 10, 6, 7, 10, 6, 10, 8, 4, 6, 9, 10, 10, 8, 9, 2, 3, 6, 2, 1, 6, 9, 1]
(0.8981374805793126, 0.7632474250827248, 0.9096883984282578, 1.0, 0.8769107805564957, 0.26127465616945045)
[10, 10, 10, 10, 3, 6, 2, 8, 9, 5, 6, 1, 5, 9, 7, 6, 9, 5, 10, 3, 4, 2, 3, 3, 5, 9, 3, 10, 10, 5, 8, 2, 7, 6, 7, 2, 7, 8, 2, 9, 8, 8, 8, 6, 5, 2, 7, 3, 1, 4, 10, 10, 9, 9, 6, 3, 4, 6, 4, 3, 10, 1]
(0.876955908350642, 0.7632474250827248, 0.8747279601171566, 0.46902654867256643, 0.877381644211705, 0.8940717726296471)
[6, 7, 10, 8, 4, 10, 5, 1, 1, 8, 6, 10, 8, 6, 1, 6, 6, 5, 7, 3, 4, 7, 6, 3, 5, 9, 3, 10, 9, 6, 8, 2, 8, 10, 2, 10, 7, 6, 5, 9, 10, 3, 7, 1, 6, 7, 8, 2, 6, 8, 10, 10, 8, 6, 3, 3, 6, 1, 1, 6, 9, 1]
(0.8937138004228431, 0.39503582024748474, 0.902673918940123, 0.8918012743815737, 0.8998278526589235, 0.8940717726296471)
[6, 7, 3, 8, 5, 1, 5, 6, 1, 8, 6, 1, 5, 3, 7, 6, 9, 4, 10, 5, 7, 1, 7, 3, 5, 9, 3, 10, 10, 5, 8, 2, 8, 10, 2, 10, 7, 6, 7, 3, 10, 3, 7, 1, 6, 7, 8, 2, 6, 9, 10, 10, 8, 2, 4, 3, 6, 1, 1, 6, 9, 1]
(0.8862875664606648, 0.7632474250827248, 0.8763971360400274, 0.5698924731182796, 0.8965604418888649, 0.8940717726296471)
[6, 7, 3, 8, 5, 1, 5, 6, 1, 8, 6, 1, 5, 3, 7, 6, 9, 4, 10, 5, 7, 1, 7, 3, 5, 9, 3, 10, 10, 5, 8, 2, 8, 10, 2, 10, 7, 6, 7, 3, 10, 3, 7, 1, 6, 7, 8, 2, 6, 9, 10, 10, 8, 2, 4, 3, 6, 1, 1, 6, 9, 1]
(0.7632474250827248, 0.7632474250827248, 0.8763971360400274, 0.5698924731182796, 0.8940717726296471, 0.8940717726296471)
[6, 7, 10, 8, 4, 10, 5, 1, 1, 8, 6, 10, 8, 6, 1, 6, 6, 5, 7, 3, 4, 7, 6, 3, 5, 9, 3, 10, 8, 6, 8, 1, 7, 6, 8, 9, 7, 8, 5, 9, 7, 4, 7, 1, 6, 7, 8, 4, 6, 8, 10, 10, 8, 2, 3, 3, 6, 1, 1, 6, 9, 1]
(0.890362796373661, 0.39503582024748474, 0.8991914039477666, 1.0, 0.8940717726296471, 0.8940717726296471)
[6, 7, 10, 8, 4, 10, 5, 1, 1, 8, 6, 10, 8, 6, 1, 6, 6, 5, 7, 3, 4, 7, 6, 3, 5, 9, 3, 10, 8, 6, 8, 1, 7, 6, 8, 5, 7, 9, 5, 9, 10, 3, 7, 4, 6, 3, 8, 4, 6, 8, 10, 10, 8, 9, 2, 3, 6, 1, 1, 6, 9, 1]
(0.5206154433035581, 0.39503582024748474, 0.8975288877263626, 1.0, 0.23289174230203089, 0.8940717726296471)
[3, 7, 4, 8, 2, 8, 8, 1, 3, 8, 6, 1, 5, 6, 7, 6, 6, 5, 10, 1, 7, 2, 6, 3, 5, 9, 3, 10, 8, 5, 8, 1, 7, 7, 2, 5, 7, 8, 5, 10, 10, 2, 6, 1, 6, 10, 8, 4, 5, 9, 10, 10, 8, 5, 6, 3, 6, 1, 1, 6, 9, 1]
(0.8769867328926876, 0.7632474250827248, 0.8924668436869938, 0.726027397260274, 0.0, 0.8245833432301821)
[6, 7, 10, 1, 7, 3, 4, 7, 3, 5, 6, 6, 10, 6, 3, 6, 9, 8, 10, 2, 4, 1, 3, 4, 8, 9, 3, 10, 2, 10, 8, 2, 7, 1, 10, 5, 6, 5, 2, 9, 4, 3, 7, 1, 1, 10, 8, 4, 10, 9, 10, 10, 8, 5, 6, 3, 6, 1, 1, 6, 10, 1]
(0.7689734401181275, 0.7632474250827248, 0.8659737830981564, 0.726027397260274, 0.8729648655280425, 0.8785111779347017)
[6, 7, 10, 8, 4, 10, 4, 7, 3, 5, 6, 7, 10, 6, 5, 6, 9, 8, 10, 1, 4, 6, 5, 3, 5, 5, 3, 10, 2, 8, 8, 2, 7, 7, 8, 5, 7, 9, 5, 9, 10, 3, 7, 4, 6, 10, 8, 7, 2, 9, 10, 10, 9, 5, 2, 3, 6, 1, 1, 6, 9, 1]
(0.9053856587037407, 0.7632474250827248, 0.87179229278117, 0.726027397260274, 0.8795213771983936, 0.8821460185572461)
[6, 7, 10, 8, 4, 10, 4, 7, 3, 5, 6, 7, 10, 6, 5, 6, 9, 8, 10, 1, 4, 6, 5, 3, 5, 5, 3, 10, 2, 8, 8, 2, 7, 7, 8, 5, 7, 9, 5, 9, 10, 3, 7, 4, 6, 10, 8, 7, 2, 9, 10, 10, 9, 5, 2, 3, 6, 1, 1, 6, 9, 1]
(0.9053856587037407, 0.7632474250827248, 0.87179229278117, 0.726027397260274, 0.8795213771983936, 0.8821460185572461)
[6, 7, 10, 8, 4, 10, 4, 7, 3, 5, 6, 7, 10, 6, 5, 6, 9, 8, 10, 1, 4, 6, 5, 3, 5, 5, 3, 10, 2, 8, 8, 2, 7, 7, 8, 5, 7, 9, 5, 9, 10, 3, 7, 4, 6, 10, 8, 7, 2, 9, 10, 10, 9, 5, 2, 3, 6, 1, 1, 6, 9, 1]
(0.9053856587037407, 0.7632474250827248, 0.87179229278117, 0.726027397260274, 0.8795213771983936, 0.8821460185572461)
[6, 7, 10, 8, 3, 10, 4, 7, 3, 5, 6, 7, 10, 6, 5, 6, 9, 8, 10, 1, 4, 6, 5, 3, 5, 5, 3, 10, 2, 8, 8, 2, 7, 7, 8, 5, 7, 9, 5, 9, 10, 3, 7, 4, 6, 10, 8, 7, 2, 9, 10, 10, 9, 5, 2, 3, 6, 1, 1, 6, 9, 1]
(0.9051383798941932, 0.7632474250827248, 0.8931952117010912, 0.726027397260274, 0.8387075873091756, 0.8825933774933173)
[6, 7, 7, 8, 5, 10, 5, 6, 1, 5, 6, 6, 8, 6, 1, 6, 6, 8, 7, 3, 4, 7, 3, 3, 5, 9, 3, 9, 3, 6, 6, 2, 2, 6, 8, 5, 7, 9, 6, 9, 10, 3, 7, 4, 6, 10, 8, 4, 6, 9, 10, 9, 9, 5, 1, 3, 6, 1, 1, 6, 9, 1]
(0.8906446954235393, 0.7632474250827248, 0.9101485425606334, 0.726027397260274, 0.8970237927511295, 0.8940717726296471)
[6, 7, 10, 8, 2, 10, 9, 7, 3, 2, 6, 7, 10, 6, 5, 6, 9, 8, 10, 1, 4, 3, 5, 3, 5, 5, 3, 10, 2, 8, 8, 2, 7, 7, 5, 5, 7, 9, 5, 9, 10, 3, 7, 4, 6, 10, 8, 4, 6, 9, 10, 7, 9, 5, 1, 3, 6, 1, 1, 6, 9, 1]
(0.8888242462649899, 0.7632474250827248, 0.7326678769662912, 0.726027397260274, 0.8940717726296471, 0.8940717726296471)
[6, 7, 10, 8, 2, 10, 9, 7, 3, 2, 6, 7, 10, 6, 7, 8, 9, 8, 10, 6, 9, 6, 5, 3, 8, 5, 3, 10, 2, 6, 9, 2, 7, 7, 5, 5, 7, 9, 5, 9, 10, 3, 10, 4, 6, 10, 8, 4, 1, 9, 10, 7, 9, 5, 1, 3, 6, 1, 2, 6, 9, 1]
(0.8845012309029655, 0.7632474250827248, 0.9152570968493785, 0.726027397260274, 0.8940717726296471, 0.8940717726296471)
[6, 7, 10, 8, 2, 10, 5, 6, 1, 5, 6, 10, 8, 6, 1, 6, 7, 8, 10, 1, 4, 3, 5, 3, 5, 5, 3, 10, 2, 8, 6, 2, 9, 7, 5, 5, 7, 9, 5, 9, 10, 3, 7, 4, 6, 10, 8, 4, 6, 9, 10, 9, 9, 5, 1, 3, 6, 1, 1, 6, 9, 1]
(0.8968193830922205, 0.7632474250827248, 0.9103347754105889, 0.726027397260274, 0.8940717726296471, 0.8940717726296471)
[6, 7, 10, 1, 7, 3, 4, 7, 3, 5, 6, 6, 10, 6, 7, 6, 9, 8, 10, 2, 4, 4, 5, 4, 8, 9, 3, 10, 2, 10, 8, 2, 7, 1, 10, 5, 6, 5, 2, 9, 4, 3, 7, 1, 1, 10, 8, 4, 10, 9, 10, 10, 8, 5, 6, 3, 6, 1, 1, 6, 10, 1]
(0.8976942991837822, 0.7632474250827248, 0.9001077892258724, 0.726027397260274, 0.870443096198137, 0.8940717726296471)
[2, 7, 4, 8, 2, 10, 9, 1, 3, 7, 6, 1, 5, 6, 1, 6, 9, 7, 10, 4, 7, 2, 4, 3, 5, 9, 3, 10, 8, 5, 8, 1, 7, 7, 2, 5, 7, 8, 5, 9, 10, 3, 6, 1, 6, 10, 8, 4, 5, 9, 10, 10, 8, 4, 6, 3, 6, 1, 1, 6, 9, 1]
(0.876689228974278, 0.7632474250827248, 0.0, 0.726027397260274, 0.9004955047741493, 0.8940717726296471)
[6, 7, 10, 8, 1, 2, 6, 7, 6, 4, 6, 7, 10, 6, 5, 6, 9, 8, 10, 1, 2, 6, 5, 1, 5, 5, 3, 10, 2, 8, 8, 2, 7, 7, 5, 5, 7, 9, 5, 9, 10, 3, 7, 4, 6, 10, 8, 4, 6, 9, 10, 7, 9, 3, 1, 3, 6, 1, 1, 6, 9, 1]
(0.9047740126028619, 0.7632474250827248, 0.726027397260274, 0.726027397260274, 0.8902658907696565, 0.8940717726296471)
[6, 7, 10, 8, 6, 10, 4, 1, 3, 5, 6, 7, 10, 6, 5, 6, 9, 8, 10, 1, 4, 1, 2, 3, 2, 5, 3, 10, 2, 8, 8, 2, 3, 1, 7, 5, 7, 9, 5, 9, 3, 3, 7, 1, 7, 10, 3, 4, 9, 9, 10, 10, 8, 5, 6, 3, 6, 1, 5, 6, 9, 1]
(0.8939046220853883, 0.7632474250827248, 0.75886010769754, 0.726027397260274, 0.897199253179129, 0.8940717726296471)
[6, 7, 3, 8, 5, 1, 5, 6, 1, 8, 6, 1, 5, 3, 7, 6, 9, 4, 10, 5, 7, 1, 7, 3, 5, 9, 3, 10, 10, 5, 8, 2, 8, 1, 2, 10, 7, 5, 7, 9, 10, 3, 7, 1, 6, 7, 8, 4, 6, 9, 10, 10, 8, 2, 4, 3, 6, 1, 1, 6, 9, 1]
(0.8887843521311836, 0.7632474250827248, 0.8710748432204082, 0.726027397260274, 0.9075374713167511, 0.8940717726296471)
[6, 7, 10, 8, 6, 10, 4, 1, 3, 5, 6, 7, 10, 6, 5, 6, 9, 8, 10, 1, 5, 4, 5, 3, 5, 1, 7, 10, 2, 8, 8, 2, 7, 7, 8, 5, 7, 9, 5, 9, 4, 3, 7, 1, 7, 10, 3, 4, 9, 9, 10, 10, 8, 5, 6, 3, 6, 1, 5, 6, 9, 1]
(0.9169308101758328, 0.7632474250827248, 0.9058506274595819, 0.726027397260274, 0.9067321548238358, 0.8940717726296471)
[6, 7, 10, 1, 7, 3, 4, 7, 3, 5, 6, 6, 10, 6, 3, 6, 9, 8, 10, 2, 4, 1, 3, 4, 8, 9, 3, 10, 2, 10, 8, 2, 7, 1, 10, 5, 6, 5, 2, 9, 4, 3, 7, 1, 6, 10, 2, 4, 9, 9, 10, 10, 8, 5, 6, 3, 6, 1, 1, 6, 10, 1]
(0.7757480369880729, 0.7632474250827248, 0.8760599518194752, 0.726027397260274, 0.8753901479765727, 0.8940717726296471)
[6, 7, 10, 8, 7, 10, 5, 4, 3, 5, 6, 7, 10, 6, 5, 6, 9, 8, 10, 2, 1, 6, 5, 3, 5, 5, 3, 10, 2, 8, 8, 2, 7, 7, 8, 5, 7, 9, 5, 9, 10, 3, 7, 4, 6, 10, 8, 4, 10, 9, 10, 10, 8, 5, 6, 3, 6, 1, 5, 6, 9, 1]
(0.0, 0.7632474250827248, 0.9061852006241641, 0.726027397260274, 0.0, 0.8940717726296471)
[6, 7, 10, 8, 4, 10, 5, 9, 1, 8, 6, 10, 8, 6, 1, 6, 6, 5, 7, 3, 4, 7, 7, 3, 5, 5, 3, 10, 8, 6, 8, 3, 7, 6, 5, 5, 7, 9, 5, 9, 10, 3, 7, 8, 6, 10, 1, 4, 9, 9, 8, 10, 8, 7, 2, 3, 6, 1, 1, 6, 9, 1]
(0.8893805870786267, 0.5206154433035581, 0.9027479918673598, 1.0, 0.8940717726296471, 0.8940717726296471)
[6, 7, 10, 8, 4, 10, 5, 9, 1, 8, 6, 10, 8, 6, 1, 6, 6, 5, 7, 3, 4, 7, 7, 3, 5, 5, 3, 10, 8, 6, 8, 3, 7, 6, 5, 5, 7, 9, 5, 9, 10, 3, 7, 8, 6, 10, 1, 4, 9, 9, 8, 10, 8, 7, 2, 3, 6, 1, 1, 6, 9, 1]
(0.8893805870786267, 0.5206154433035581, 0.9027479918673598, 1.0, 0.8940717726296471, 0.8940717726296471)
[6, 7, 3, 8, 4, 10, 4, 7, 3, 5, 6, 7, 10, 6, 5, 6, 9, 8, 10, 1, 4, 6, 5, 3, 5, 5, 3, 10, 2, 8, 8, 2, 7, 7, 8, 5, 7, 9, 5, 9, 10, 3, 7, 4, 6, 10, 6, 4, 6, 8, 10, 10, 8, 9, 2, 3, 6, 1, 1, 6, 9, 1]
(0.8948500515893061, 0.7632474250827248, 0.8820484267547681, 0.8928624371066648, 0.8765614001080348, 0.8550049958750555)
[6, 7, 10, 8, 2, 10, 9, 7, 3, 2, 6, 7, 10, 6, 5, 6, 9, 8, 10, 1, 4, 6, 5, 3, 6, 5, 3, 10, 2, 8, 8, 2, 7, 7, 5, 5, 7, 9, 5, 9, 10, 3, 7, 7, 6, 10, 8, 4, 6, 9, 10, 7, 9, 5, 1, 3, 6, 1, 1, 6, 9, 1]
(0.8992033878341278, 0.7632474250827248, 0.9008141634985765, 0.8649960378184863, 0.8940717726296471, 0.8940717726296471)
[6, 7, 10, 8, 4, 10, 5, 9, 1, 8, 6, 10, 8, 6, 1, 6, 6, 5, 7, 3, 4, 7, 7, 3, 5, 5, 3, 10, 8, 6, 8, 3, 7, 6, 8, 2, 7, 8, 5, 9, 7, 4, 3, 8, 6, 10, 8, 4, 9, 9, 8, 10, 8, 7, 2, 3, 6, 1, 1, 6, 9, 1]
(0.8840855019167021, 0.7632474250827248, 0.8943929450586399, 0.8984824171289763, 0.8980821115896066, 0.8940717726296471)
[6, 7, 10, 8, 7, 10, 9, 7, 3, 2, 6, 7, 10, 6, 5, 6, 9, 8, 10, 1, 4, 6, 5, 3, 6, 5, 3, 10, 2, 8, 8, 2, 7, 7, 5, 7, 7, 9, 5, 9, 10, 3, 10, 4, 6, 10, 8, 4, 6, 9, 10, 7, 9, 5, 1, 3, 6, 1, 1, 6, 9, 1]
(0.8980129847302993, 0.7632474250827248, 0.8930427661165554, 0.8987321270629725, 0.8940717726296471, 0.8940717726296471)
[6, 7, 4, 8, 4, 10, 5, 9, 1, 8, 6, 10, 8, 6, 1, 6, 6, 5, 7, 3, 4, 7, 7, 3, 5, 5, 2, 10, 8, 6, 8, 3, 7, 3, 8, 2, 8, 9, 5, 9, 7, 4, 3, 8, 6, 10, 8, 4, 9, 9, 8, 10, 8, 6, 3, 3, 6, 1, 1, 6, 9, 1]
(0.886754444427784, 0.7632474250827248, 0.8927724989131053, 0.8993320250883658, 0.9079857671633327, 0.8940717726296471)
[7, 7, 10, 8, 4, 10, 5, 1, 1, 8, 6, 10, 8, 5, 9, 6, 9, 8, 7, 3, 4, 7, 6, 3, 5, 9, 3, 10, 8, 6, 8, 2, 7, 6, 5, 5, 7, 9, 5, 9, 10, 3, 7, 10, 4, 9, 8, 1, 6, 8, 10, 10, 8, 9, 2, 3, 6, 1, 1, 6, 9, 1]
(0.8799507854506329, 0.7632474250827248, 0.9057880932465158, 0.8997601369395813, 0.8966349398717245, 0.8940717726296471)
[6, 7, 10, 8, 7, 10, 4, 7, 3, 5, 6, 7, 10, 6, 5, 9, 9, 8, 10, 1, 4, 4, 5, 3, 5, 1, 7, 10, 2, 8, 8, 2, 7, 7, 8, 5, 7, 9, 5, 9, 10, 3, 7, 4, 6, 10, 8, 3, 2, 9, 10, 10, 9, 5, 2, 3, 6, 1, 1, 6, 9, 1]
(0.9152034485712613, 0.7632474250827248, 0.8866183834150394, 0.9026506958529316, 0.8940717726296471, 0.8940717726296471)
[6, 7, 10, 8, 5, 10, 5, 6, 1, 5, 6, 2, 8, 2, 1, 6, 6, 8, 7, 3, 4, 7, 4, 3, 5, 9, 3, 7, 3, 6, 6, 2, 3, 6, 1, 5, 8, 9, 5, 9, 10, 3, 10, 4, 6, 10, 8, 4, 1, 9, 10, 7, 9, 5, 1, 3, 6, 1, 1, 6, 9, 1]
(0.8907033758237916, 0.7632474250827248, 0.9122802210971677, 0.906669896654781, 0.8959843123331624, 0.8940717726296471)
[6, 7, 10, 8, 5, 10, 5, 4, 1, 5, 6, 10, 8, 6, 1, 6, 6, 8, 7, 3, 4, 7, 4, 3, 5, 9, 3, 7, 4, 6, 6, 2, 3, 6, 1, 5, 8, 9, 5, 9, 10, 3, 7, 1, 6, 7, 8, 4, 6, 9, 10, 10, 8, 4, 3, 3, 6, 1, 1, 6, 9, 1]
(0.8868772180750923, 0.7632474250827248, 0.91870975848287, 0.919278620369729, 0.8940717726296471, 0.8940717726296471)
[6, 7, 10, 8, 7, 10, 5, 4, 3, 5, 6, 7, 10, 6, 5, 6, 9, 8, 10, 1, 4, 1, 2, 3, 5, 5, 3, 10, 2, 8, 8, 2, 7, 7, 5, 5, 7, 9, 5, 9, 10, 3, 7, 4, 6, 10, 6, 4, 6, 9, 10, 10, 8, 5, 6, 3, 6, 1, 5, 6, 9, 1]
(0.902394915930923, 0.7632474250827248, 0.9316354183480113, 0.9359308885410397, 0.9124712279066407, 0.8940717726296471)
[6, 7, 7, 8, 1, 10, 5, 9, 1, 8, 8, 1, 10, 6, 5, 6, 9, 8, 10, 1, 4, 6, 5, 3, 5, 5, 3, 10, 2, 8, 8, 2, 7, 7, 5, 7, 7, 9, 5, 9, 10, 3, 10, 8, 6, 10, 8, 4, 6, 9, 10, 10, 8, 9, 2, 3, 6, 2, 1, 6, 9, 1]
(0.9196640944108333, 0.7632474250827248, 0.8931804371997673, 1.0, 0.8775763975456313, 0.8639086158946109)
[6, 7, 10, 8, 2, 10, 9, 7, 3, 2, 6, 7, 10, 6, 7, 8, 9, 8, 10, 6, 9, 6, 5, 3, 8, 5, 3, 10, 2, 7, 8, 2, 7, 7, 3, 5, 7, 9, 5, 9, 10, 4, 10, 4, 6, 10, 8, 4, 6, 9, 10, 8, 9, 5, 1, 3, 6, 1, 1, 6, 9, 1]
(0.0, 0.7632474250827248, 0.9034896412864291, 1.0, 0.8940717726296471, 0.8646630490198683)
[6, 7, 10, 8, 2, 10, 9, 7, 3, 2, 6, 7, 10, 6, 5, 6, 9, 8, 10, 1, 4, 6, 5, 3, 6, 5, 3, 10, 2, 8, 8, 2, 6, 6, 5, 5, 7, 9, 5, 9, 10, 3, 10, 4, 6, 10, 8, 4, 6, 9, 10, 7, 9, 5, 1, 3, 6, 1, 1, 6, 9, 1]
(0.9000802012160382, 0.7632474250827248, 0.9030987104400954, 1.0, 0.8940717726296471, 0.8940717726296471)
[6, 7, 10, 8, 2, 10, 9, 7, 3, 2, 6, 7, 10, 6, 5, 6, 7, 8, 10, 1, 2, 6, 5, 8, 5, 5, 3, 10, 2, 8, 8, 2, 7, 7, 5, 5, 7, 9, 5, 9, 10, 3, 7, 4, 6, 10, 8, 4, 6, 9, 10, 7, 9, 5, 1, 3, 6, 1, 1, 6, 9, 1]
(0.8939742231741507, 0.7632474250827248, 0.9001333994790872, 1.0, 0.8940717726296471, 0.8940717726296471)
[6, 7, 10, 8, 4, 10, 4, 7, 3, 5, 6, 7, 10, 6, 5, 6, 9, 7, 10, 1, 4, 6, 5, 3, 5, 5, 3, 10, 2, 8, 8, 2, 2, 6, 10, 5, 8, 5, 2, 9, 4, 3, 7, 1, 7, 10, 8, 4, 9, 9, 10, 10, 8, 5, 6, 3, 6, 1, 5, 6, 9, 1]
(0.9133607121184432, 0.7632474250827248, 0.8811555827036458, 1.0, 0.9059622691944204, 0.8940717726296471)
[6, 7, 10, 8, 2, 10, 9, 7, 3, 2, 6, 7, 10, 6, 5, 6, 9, 8, 10, 1, 4, 6, 5, 3, 6, 5, 3, 10, 2, 8, 8, 2, 7, 7, 5, 5, 7, 9, 5, 9, 10, 3, 10, 4, 6, 10, 8, 4, 6, 9, 10, 7, 9, 5, 1, 3, 6, 1, 2, 6, 9, 1]
(0.7632474250827248, 0.7632474250827248, 0.9099616525694693, 1.0, 0.8940717726296471, 0.8940717726296471)
[6, 7, 10, 8, 4, 10, 4, 7, 3, 5, 6, 7, 10, 6, 5, 6, 9, 8, 10, 1, 4, 6, 5, 3, 6, 5, 3, 10, 2, 8, 8, 2, 2, 6, 10, 5, 8, 5, 2, 9, 4, 3, 7, 1, 7, 10, 8, 4, 9, 9, 10, 10, 8, 5, 6, 3, 6, 1, 5, 6, 9, 1]
(0.9089990342035853, 0.7632474250827248, 0.8869928123429375, 1.0, 0.0, 0.8940717726296471)
[6, 7, 10, 8, 4, 10, 4, 7, 3, 5, 6, 7, 10, 6, 5, 6, 9, 7, 10, 1, 4, 6, 5, 3, 5, 5, 3, 10, 2, 8, 8, 2, 2, 6, 10, 5, 6, 5, 2, 9, 4, 3, 7, 1, 6, 10, 8, 4, 9, 9, 10, 10, 8, 5, 6, 3, 6, 1, 5, 6, 9, 1]
(0.9222352975979414, 0.7632474250827248, 0.889824634231623, 1.0, 0.896958881802853, 0.8940717726296471)
[10, 10, 10, 10, 3, 6, 2, 8, 9, 5, 6, 1, 5, 9, 7, 6, 9, 9, 10, 3, 7, 2, 3, 3, 5, 9, 3, 6, 10, 4, 8, 2, 7, 6, 7, 2, 7, 8, 2, 9, 8, 8, 8, 6, 5, 2, 7, 3, 1, 4, 10, 10, 8, 5, 6, 3, 4, 6, 4, 3, 10, 1]
(0.8950290644541342, 0.7632474250827248, 0.9257730243727532, 1.0, 0.8940717726296471, 0.8940717726296471)
[6, 7, 10, 8, 2, 10, 9, 7, 3, 2, 6, 7, 10, 6, 5, 6, 9, 8, 10, 1, 2, 6, 5, 8, 5, 5, 3, 10, 2, 8, 8, 2, 7, 7, 5, 5, 7, 9, 5, 9, 10, 3, 7, 4, 6, 10, 8, 4, 6, 9, 10, 7, 9, 5, 1, 3, 6, 1, 1, 6, 9, 1]
(0.9026948852464517, 0.7632474250827248, 0.9034032618626915, 1.0, 0.8940717726296471, 0.8940717726296471)
[6, 7, 10, 8, 7, 10, 4, 7, 3, 5, 6, 7, 10, 6, 5, 6, 9, 7, 10, 1, 4, 1, 2, 3, 5, 5, 3, 10, 2, 5, 8, 2, 7, 7, 5, 5, 6, 9, 5, 9, 10, 3, 7, 4, 6, 10, 6, 4, 6, 9, 10, 10, 8, 5, 6, 3, 6, 1, 5, 6, 9, 1]
(0.9108104573562705, 0.7632474250827248, 0.922710068337616, 1.0, 0.0, 0.8940717726296471)
[6, 7, 10, 8, 2, 10, 5, 7, 3, 8, 6, 1, 7, 3, 7, 6, 9, 5, 10, 5, 7, 1, 7, 3, 5, 9, 4, 8, 8, 6, 8, 1, 7, 6, 8, 7, 7, 8, 5, 9, 7, 4, 8, 8, 6, 10, 1, 8, 6, 9, 10, 10, 8, 6, 3, 3, 6, 1, 1, 6, 9, 1]
(0.893283233232792, 0.7632474250827248, 0.8732943950220897, 1.0, 0.9062310336157642, 0.8940717726296471)
[6, 7, 10, 8, 2, 10, 9, 7, 3, 2, 6, 7, 10, 6, 5, 6, 9, 8, 10, 1, 4, 6, 5, 3, 6, 5, 3, 10, 2, 8, 8, 2, 7, 6, 5, 5, 7, 9, 5, 9, 10, 3, 10, 4, 6, 10, 8, 4, 6, 9, 10, 7, 9, 5, 1, 3, 6, 1, 1, 6, 9, 1]
(0.9043197678402028, 0.7632474250827248, 0.9034619057550989, 1.0, 0.8940717726296471, 0.8940717726296471)
[6, 7, 10, 8, 2, 10, 5, 6, 1, 5, 6, 10, 8, 6, 1, 6, 7, 8, 7, 3, 4, 7, 4, 3, 5, 9, 3, 9, 3, 6, 6, 2, 2, 6, 8, 5, 7, 9, 6, 9, 10, 3, 7, 4, 6, 10, 8, 4, 6, 9, 10, 9, 9, 5, 1, 3, 6, 1, 1, 6, 9, 1]
(0.8900465415790635, 0.7632474250827248, 0.9143494462594354, 1.0, 0.8940717726296471, 0.8940717726296471)
[6, 7, 10, 8, 5, 10, 5, 6, 1, 5, 6, 10, 8, 6, 1, 6, 6, 8, 7, 3, 4, 7, 3, 3, 5, 9, 3, 10, 3, 6, 6, 2, 3, 6, 1, 5, 5, 9, 5, 9, 10, 3, 7, 4, 6, 10, 8, 4, 6, 9, 10, 7, 9, 5, 1, 3, 6, 1, 1, 6, 9, 1]
(0.8908988809212999, 0.7632474250827248, 0.9111286135390365, 1.0, 0.8917313976213295, 0.8940717726296471)
[6, 7, 10, 8, 4, 10, 5, 1, 1, 8, 6, 10, 8, 6, 1, 6, 6, 5, 7, 3, 4, 7, 6, 3, 5, 9, 3, 10, 8, 6, 8, 2, 8, 10, 2, 10, 7, 6, 5, 9, 10, 3, 7, 1, 6, 7, 8, 2, 6, 8, 10, 10, 8, 2, 3, 3, 6, 1, 1, 6, 9, 1]
(0.8904362441971856, 0.7632474250827248, 0.9010952556505761, 1.0, 0.8940717726296471, 0.8940717726296471)
[6, 7, 10, 8, 7, 10, 9, 7, 3, 2, 6, 7, 10, 6, 6, 6, 9, 10, 10, 1, 4, 6, 5, 4, 10, 5, 3, 10, 2, 8, 8, 2, 7, 7, 5, 7, 7, 5, 5, 9, 10, 3, 10, 4, 1, 10, 8, 4, 6, 9, 10, 7, 9, 5, 1, 3, 6, 1, 1, 6, 9, 1]
(0.9004960691556294, 0.7632474250827248, 0.9038718370720706, 1.0, 0.8940717726296471, 0.8940717726296471)
[6, 7, 10, 8, 4, 10, 4, 7, 3, 5, 6, 7, 10, 6, 5, 6, 9, 8, 10, 1, 2, 6, 5, 3, 8, 5, 3, 9, 2, 8, 8, 2, 2, 6, 10, 5, 8, 5, 2, 9, 4, 3, 7, 1, 7, 10, 8, 4, 9, 9, 10, 10, 8, 5, 6, 3, 6, 1, 5, 6, 9, 1]
(0.9152414390817251, 0.7632474250827248, 0.8877195386216004, 1.0, 0.8986743984743913, 0.8940717726296471)
[6, 10, 10, 8, 3, 10, 9, 7, 3, 2, 6, 7, 10, 6, 5, 6, 9, 10, 10, 1, 4, 6, 5, 3, 6, 5, 3, 10, 2, 8, 8, 2, 7, 7, 3, 5, 7, 9, 5, 9, 10, 5, 10, 10, 6, 10, 8, 4, 6, 9, 10, 8, 9, 5, 1, 3, 6, 1, 1, 6, 9, 1]
(0.9034485695883594, 0.7632474250827248, 0.8851995816454248, 1.0, 0.8940717726296471, 0.8940717726296471)
[6, 7, 10, 8, 2, 10, 9, 7, 3, 2, 6, 7, 10, 6, 6, 6, 9, 8, 10, 1, 2, 6, 5, 8, 5, 5, 3, 10, 2, 8, 8, 2, 7, 7, 5, 5, 7, 9, 5, 9, 10, 3, 7, 4, 6, 10, 8, 4, 6, 9, 10, 8, 9, 5, 1, 3, 6, 1, 1, 6, 9, 1]
(0.8975622253492435, 0.7632474250827248, 0.870192692987616, 1.0, 0.8940717726296471, 0.8940717726296471)
[2, 7, 4, 8, 2, 10, 9, 1, 3, 7, 6, 1, 5, 3, 7, 6, 9, 5, 10, 5, 7, 1, 7, 3, 5, 9, 3, 10, 10, 5, 8, 2, 7, 6, 8, 2, 7, 8, 5, 9, 7, 1, 3, 1, 6, 5, 8, 4, 4, 9, 10, 10, 8, 5, 6, 6, 6, 1, 1, 6, 9, 1]
(0.8695087315514638, 0.7632474250827248, 0.9034698022529447, 1.0, 0.7791151532903248, 0.8940717726296471)
[6, 7, 10, 8, 2, 10, 4, 7, 3, 8, 6, 1, 10, 6, 5, 6, 9, 8, 10, 1, 4, 1, 7, 3, 5, 9, 4, 8, 7, 6, 8, 1, 7, 6, 8, 7, 7, 8, 5, 9, 7, 4, 8, 8, 6, 10, 1, 8, 6, 9, 10, 10, 8, 6, 3, 3, 6, 1, 1, 6, 9, 1]
(0.8862841827794866, 0.7632474250827248, 0.7781188597902591, 1.0, 0.0, 0.8940717726296471)
[6, 7, 10, 8, 4, 10, 4, 7, 3, 5, 6, 7, 10, 6, 5, 6, 9, 8, 10, 1, 4, 6, 5, 3, 5, 5, 3, 10, 2, 8, 8, 2, 2, 6, 10, 5, 6, 5, 2, 9, 4, 3, 9, 1, 6, 10, 8, 4, 9, 9, 10, 10, 8, 5, 6, 3, 6, 1, 5, 6, 9, 1]
(0.917845556326207, 0.7632474250827248, 0.9027961650863253, 1.0, 0.9070012325420937, 0.8940717726296471)
[6, 7, 10, 8, 2, 10, 9, 7, 3, 2, 6, 7, 10, 6, 5, 6, 9, 8, 10, 1, 4, 6, 5, 3, 6, 5, 3, 10, 2, 8, 8, 2, 7, 7, 5, 5, 7, 9, 5, 9, 10, 3, 10, 4, 6, 10, 8, 4, 6, 9, 10, 7, 9, 5, 1, 3, 6, 1, 1, 6, 9, 1]
(0.9020439436659178, 0.7632474250827248, 0.9009989039972385, 1.0, 0.8940717726296471, 0.8940717726296471)
[6, 7, 10, 8, 4, 10, 4, 7, 3, 5, 6, 7, 10, 6, 5, 6, 9, 8, 10, 1, 4, 6, 5, 3, 5, 5, 3, 10, 2, 8, 8, 2, 2, 6, 10, 5, 6, 5, 2, 9, 4, 3, 9, 1, 6, 10, 8, 4, 9, 9, 10, 10, 8, 5, 6, 3, 6, 1, 5, 6, 9, 1]
(0.917845556326207, 0.7632474250827248, 0.9027961650863253, 1.0, 0.9070012325420937, 0.8940717726296471)
