[9, 5, 2, 4, 6, 9, 5, 10, 10, 2, 6, 1, 10, 8, 10, 4, 4, 4, 1, 7, 4, 5, 10, 7, 8, 1, 5, 3, 5, 7, 3, 5, 5, 8, 9, 9, 9, 4, 1, 10, 7, 2, 1, 8, 10, 6, 6, 9, 2, 7, 9, 7, 8, 8, 2, 1, 6, 5, 6, 4, 8, 2]
(0.4127880839021369, 0.20366832085752018, 0.20596771114238585)
[9, 5, 2, 4, 6, 9, 5, 10, 10, 2, 6, 1, 10, 8, 10, 4, 4, 4, 1, 7, 4, 5, 10, 7, 8, 1, 5, 3, 5, 7, 3, 5, 5, 8, 9, 9, 9, 4, 1, 10, 7, 2, 1, 8, 10, 6, 6, 9, 2, 7, 9, 7, 8, 8, 2, 1, 6, 5, 6, 4, 8, 2]
(0.4127880839021369, 0.20366832085752018, 0.20596771114238585)
[9, 5, 2, 4, 6, 9, 5, 10, 10, 2, 6, 1, 10, 8, 10, 4, 4, 4, 1, 7, 4, 5, 10, 7, 8, 1, 5, 3, 5, 7, 3, 5, 5, 8, 9, 9, 9, 4, 1, 10, 7, 2, 1, 8, 10, 6, 6, 9, 2, 7, 9, 7, 8, 8, 2, 1, 6, 5, 6, 4, 8, 2]
(0.4127880839021369, 0.20366832085752018, 0.20596771114238585)
[9, 5, 2, 4, 6, 9, 5, 10, 10, 2, 6, 1, 10, 8, 10, 4, 4, 4, 1, 7, 4, 5, 10, 7, 8, 1, 5, 3, 5, 7, 3, 5, 5, 8, 9, 9, 9, 4, 1, 10, 7, 2, 1, 8, 10, 6, 6, 9, 2, 7, 9, 7, 8, 8, 2, 1, 6, 5, 6, 4, 8, 2]
(0.4127880839021369, 0.20366832085752018, 0.20596771114238585)
[9, 5, 2, 4, 6, 9, 5, 10, 10, 2, 6, 1, 10, 8, 10, 4, 4, 4, 1, 7, 4, 5, 10, 7, 8, 1, 5, 3, 5, 7, 3, 5, 5, 8, 9, 9, 9, 4, 1, 10, 7, 2, 1, 8, 10, 6, 6, 9, 2, 7, 9, 7, 8, 8, 2, 1, 6, 5, 6, 4, 8, 2]
(0.4127880839021369, 0.20366832085752018, 0.20596771114238585)
[9, 5, 2, 4, 6, 9, 5, 10, 10, 2, 6, 1, 10, 8, 10, 4, 4, 4, 1, 7, 4, 5, 10, 7, 8, 1, 5, 3, 5, 7, 3, 5, 5, 8, 9, 9, 9, 4, 1, 10, 7, 2, 1, 8, 10, 6, 6, 9, 2, 7, 9, 7, 8, 8, 2, 1, 6, 5, 6, 4, 8, 2]
(0.4127880839021369, 0.20366832085752018, 0.20596771114238585)
[9, 5, 2, 4, 6, 9, 5, 10, 10, 2, 6, 1, 10, 8, 10, 4, 4, 4, 1, 7, 4, 5, 10, 7, 8, 1, 5, 3, 5, 7, 3, 5, 5, 8, 9, 9, 9, 4, 1, 10, 7, 2, 1, 8, 10, 6, 6, 9, 2, 7, 9, 7, 8, 8, 2, 1, 6, 5, 6, 4, 8, 2]
(0.4127880839021369, 0.20366832085752018, 0.20596771114238585)
[9, 5, 2, 4, 6, 9, 5, 10, 10, 2, 6, 1, 10, 8, 10, 4, 4, 4, 1, 7, 4, 5, 10, 7, 8, 1, 5, 3, 5, 7, 3, 5, 5, 8, 9, 9, 9, 4, 1, 10, 7, 2, 1, 8, 10, 6, 6, 9, 2, 7, 9, 7, 8, 8, 2, 1, 6, 5, 6, 4, 8, 2]
(0.4127880839021369, 0.20366832085752018, 0.20596771114238585)
[8, 5, 2, 4, 7, 2, 8, 10, 10, 9, 6, 5, 10, 8, 10, 8, 4, 6, 6, 7, 4, 7, 10, 8, 8, 1, 6, 3, 5, 9, 3, 9, 9, 8, 9, 9, 9, 2, 4, 5, 7, 1, 8, 9, 10, 6, 6, 9, 2, 7, 7, 6, 8, 9, 3, 1, 3, 4, 6, 4, 8, 2]
(0.41826167701060274, 0.38644319307341135, 0.15862193363459245)
[9, 5, 2, 4, 2, 3, 1, 10, 10, 4, 6, 3, 1, 8, 6, 4, 8, 3, 1, 3, 4, 5, 10, 10, 8, 10, 6, 3, 2, 7, 3, 10, 2, 10, 9, 9, 9, 6, 4, 5, 4, 4, 1, 6, 10, 8, 6, 9, 2, 6, 7, 6, 8, 9, 2, 1, 1, 1, 6, 4, 9, 1]
(0.40802668722275637, 0.5418277964441334, 0.22795075225817368)
[9, 5, 2, 4, 2, 3, 1, 10, 10, 4, 6, 3, 1, 8, 6, 4, 8, 3, 1, 3, 4, 5, 10, 10, 8, 10, 6, 3, 2, 7, 3, 10, 2, 10, 9, 9, 9, 6, 4, 5, 4, 4, 1, 6, 10, 8, 6, 9, 2, 6, 7, 6, 8, 9, 2, 1, 1, 1, 6, 4, 9, 1]
(0.40802668722275637, 0.5418277964441334, 0.22795075225817368)
[9, 5, 2, 4, 10, 3, 1, 10, 10, 4, 6, 3, 2, 9, 6, 4, 8, 5, 1, 3, 4, 7, 10, 10, 8, 10, 6, 3, 2, 7, 5, 4, 5, 7, 1, 3, 9, 6, 1, 9, 3, 2, 5, 4, 10, 8, 8, 9, 2, 6, 7, 6, 8, 9, 2, 1, 1, 1, 6, 4, 9, 1]
(0.4086391585206145, 0.5445354125543441, 0.22828524412203507)
[9, 5, 2, 4, 10, 4, 8, 10, 10, 10, 6, 2, 10, 8, 9, 4, 10, 6, 6, 7, 4, 7, 10, 8, 8, 1, 4, 3, 4, 6, 3, 9, 9, 10, 9, 4, 9, 6, 4, 9, 7, 8, 3, 10, 7, 9, 6, 9, 2, 7, 7, 6, 8, 9, 1, 1, 1, 5, 6, 4, 8, 2]
(0.41978864345392664, 0.5545160044430049, 0.25429376143310756)
[9, 5, 2, 4, 10, 4, 8, 10, 10, 10, 6, 2, 10, 8, 9, 4, 10, 6, 6, 7, 4, 7, 10, 8, 8, 1, 4, 3, 4, 6, 3, 9, 9, 10, 9, 4, 9, 6, 4, 9, 7, 8, 3, 10, 7, 9, 6, 9, 2, 7, 7, 6, 8, 9, 1, 1, 1, 5, 6, 4, 8, 2]
(0.41978864345392664, 0.5545160044430049, 0.25429376143310756)
[9, 5, 2, 4, 10, 4, 8, 10, 10, 10, 6, 2, 10, 8, 9, 4, 10, 6, 6, 7, 4, 7, 10, 8, 8, 1, 4, 3, 4, 6, 3, 9, 9, 10, 9, 4, 9, 6, 4, 9, 7, 8, 3, 10, 7, 9, 6, 9, 2, 7, 7, 6, 8, 9, 1, 1, 1, 5, 6, 4, 8, 2]
(0.41978864345392664, 0.5545160044430049, 0.25429376143310756)
[9, 5, 2, 4, 10, 4, 8, 10, 10, 10, 6, 2, 10, 8, 9, 4, 10, 6, 6, 7, 4, 7, 10, 8, 8, 1, 4, 3, 4, 6, 3, 9, 9, 10, 9, 4, 9, 6, 4, 9, 7, 8, 3, 10, 7, 9, 6, 9, 2, 7, 7, 6, 8, 9, 1, 1, 1, 5, 6, 4, 8, 2]
(0.41978864345392664, 0.5545160044430049, 0.25429376143310756)
[9, 5, 2, 4, 10, 4, 8, 10, 10, 10, 6, 2, 10, 8, 9, 4, 10, 6, 6, 7, 4, 7, 10, 8, 8, 1, 4, 3, 4, 6, 3, 9, 9, 10, 9, 4, 9, 6, 4, 9, 7, 8, 3, 10, 7, 9, 6, 9, 2, 7, 7, 6, 8, 9, 1, 1, 1, 5, 6, 4, 8, 2]
(0.41978864345392664, 0.5545160044430049, 0.25429376143310756)
[9, 5, 2, 4, 10, 4, 8, 10, 10, 10, 6, 2, 10, 8, 9, 4, 10, 6, 6, 7, 4, 7, 10, 8, 8, 1, 4, 3, 4, 6, 3, 9, 9, 10, 9, 4, 9, 6, 4, 9, 7, 8, 3, 10, 7, 9, 6, 9, 2, 7, 7, 6, 8, 9, 1, 1, 1, 5, 6, 4, 8, 2]
(0.41978864345392664, 0.5545160044430049, 0.25429376143310756)
[9, 5, 2, 4, 10, 4, 8, 10, 10, 10, 6, 2, 10, 8, 9, 4, 10, 6, 6, 7, 4, 7, 10, 8, 8, 1, 4, 3, 4, 6, 3, 9, 9, 10, 9, 4, 9, 6, 4, 9, 7, 8, 3, 10, 7, 9, 6, 9, 2, 7, 7, 6, 8, 9, 1, 1, 1, 5, 6, 4, 8, 2]
(0.41978864345392664, 0.5545160044430049, 0.25429376143310756)
[9, 5, 2, 4, 10, 4, 8, 10, 10, 10, 6, 2, 10, 8, 9, 4, 10, 6, 6, 7, 4, 7, 10, 8, 8, 1, 4, 3, 4, 6, 3, 9, 9, 10, 9, 4, 9, 6, 4, 9, 7, 8, 3, 10, 7, 9, 6, 9, 2, 7, 7, 6, 8, 9, 1, 1, 1, 5, 6, 4, 8, 2]
(0.41978864345392664, 0.5545160044430049, 0.25429376143310756)
[9, 5, 2, 4, 10, 2, 8, 10, 10, 9, 6, 5, 10, 8, 10, 8, 4, 6, 6, 7, 4, 7, 10, 8, 8, 1, 6, 3, 5, 9, 3, 9, 9, 8, 9, 9, 9, 2, 4, 6, 7, 1, 8, 9, 10, 6, 6, 9, 2, 7, 7, 6, 8, 9, 2, 1, 3, 4, 6, 4, 8, 2]
(0.418248258351253, 0.38622784381732206, 0.47186162329738646)
[5, 5, 2, 4, 2, 2, 8, 10, 10, 9, 6, 1, 10, 8, 6, 4, 4, 6, 6, 7, 4, 2, 10, 8, 8, 1, 6, 3, 5, 9, 3, 9, 9, 10, 9, 9, 6, 4, 6, 10, 7, 2, 1, 9, 10, 6, 6, 9, 2, 7, 7, 6, 8, 9, 2, 1, 3, 4, 6, 4, 8, 2]
(0.4185530925355416, 0.3851855159398494, 0.4848565457551798)
[5, 5, 2, 4, 2, 2, 8, 10, 10, 9, 6, 1, 10, 8, 6, 4, 4, 6, 6, 7, 4, 2, 10, 8, 8, 1, 6, 3, 5, 9, 3, 9, 9, 10, 9, 9, 6, 4, 6, 10, 7, 2, 1, 9, 10, 6, 6, 9, 2, 7, 7, 6, 8, 9, 2, 1, 3, 4, 6, 4, 8, 2]
(0.4185530925355416, 0.3851855159398494, 0.4848565457551798)
[9, 5, 7, 9, 2, 3, 1, 10, 10, 9, 10, 5, 7, 9, 6, 4, 9, 4, 7, 5, 1, 4, 6, 1, 8, 9, 5, 2, 5, 9, 1, 9, 9, 10, 9, 9, 9, 3, 1, 10, 4, 1, 1, 4, 10, 8, 10, 10, 6, 6, 5, 6, 7, 6, 10, 1, 2, 1, 6, 4, 9, 1]
(0.8123828962634028, 0.2706879587042644, 0.27356277075629587)
[9, 5, 7, 4, 2, 3, 1, 10, 10, 9, 6, 7, 7, 8, 6, 4, 9, 5, 7, 5, 1, 4, 6, 1, 8, 9, 5, 2, 2, 3, 1, 9, 9, 10, 9, 10, 9, 6, 4, 7, 6, 2, 10, 9, 10, 8, 10, 9, 1, 6, 7, 6, 8, 9, 2, 1, 1, 1, 6, 5, 9, 1]
(0.21222390061211704, 0.9742198123596588, 0.20133206195512776)
[3, 5, 6, 4, 2, 2, 8, 10, 10, 2, 6, 1, 10, 8, 6, 4, 4, 3, 6, 7, 4, 7, 10, 8, 8, 1, 6, 3, 5, 9, 3, 9, 9, 10, 9, 10, 6, 6, 4, 9, 7, 1, 8, 10, 7, 8, 4, 9, 6, 5, 7, 6, 5, 9, 2, 1, 3, 4, 6, 4, 8, 2]
(0.4150325708432678, 0.547779968587437, 0.45085836678343755)
[3, 5, 6, 4, 2, 2, 8, 10, 10, 2, 6, 1, 10, 8, 6, 4, 4, 3, 6, 7, 4, 7, 10, 8, 8, 1, 6, 3, 5, 9, 3, 9, 9, 10, 9, 10, 6, 6, 4, 9, 7, 1, 8, 10, 7, 8, 4, 9, 6, 5, 7, 6, 5, 9, 2, 1, 3, 4, 6, 4, 8, 2]
(0.4150325708432678, 0.547779968587437, 0.45085836678343755)
[3, 5, 6, 4, 2, 2, 8, 10, 10, 2, 6, 1, 10, 8, 6, 4, 4, 3, 6, 7, 4, 7, 10, 8, 8, 1, 6, 3, 5, 9, 3, 9, 9, 10, 9, 10, 6, 6, 4, 9, 7, 1, 8, 10, 7, 8, 4, 9, 6, 5, 7, 6, 5, 9, 2, 1, 3, 4, 6, 4, 8, 2]
(0.4150325708432678, 0.547779968587437, 0.45085836678343755)
[9, 6, 2, 9, 2, 3, 9, 10, 10, 5, 6, 1, 10, 8, 10, 8, 4, 6, 6, 7, 4, 7, 10, 8, 8, 1, 6, 3, 5, 9, 3, 9, 9, 10, 9, 6, 9, 6, 4, 9, 7, 1, 3, 10, 7, 9, 6, 9, 2, 7, 7, 6, 8, 9, 2, 1, 1, 5, 6, 4, 8, 2]
(0.4205836321608912, 0.3873741754951563, 0.6278914011942937)
[9, 5, 2, 4, 10, 4, 8, 10, 10, 9, 1, 1, 10, 8, 9, 4, 10, 6, 2, 7, 4, 7, 5, 8, 8, 1, 4, 3, 4, 6, 3, 9, 9, 5, 9, 4, 9, 6, 4, 9, 7, 8, 3, 10, 7, 9, 6, 9, 2, 7, 7, 6, 8, 9, 1, 1, 1, 5, 6, 4, 8, 2]
(0.419698131893684, 0.386646210969509, 0.6338444574353228)
[9, 5, 2, 4, 10, 4, 8, 10, 10, 10, 6, 2, 10, 8, 9, 4, 10, 6, 6, 7, 4, 7, 10, 8, 8, 1, 4, 5, 4, 6, 3, 9, 9, 10, 9, 4, 9, 6, 4, 9, 7, 8, 3, 10, 7, 9, 6, 9, 2, 7, 7, 6, 8, 9, 1, 1, 1, 5, 5, 4, 8, 2]
(0.21152358486553002, 0.9751061030663529, 0.2543045635664858)
[10, 5, 7, 4, 2, 3, 1, 10, 10, 2, 6, 5, 7, 8, 6, 4, 4, 5, 7, 7, 4, 2, 8, 1, 8, 10, 5, 2, 8, 3, 1, 9, 9, 10, 9, 10, 9, 6, 4, 10, 6, 2, 10, 9, 10, 9, 8, 9, 3, 6, 7, 6, 8, 9, 3, 1, 1, 1, 2, 4, 9, 1]
(0.28913375750781, 0.9726410957984606, 0.25338248449077166)
[9, 5, 2, 4, 2, 3, 1, 10, 10, 9, 6, 5, 7, 8, 6, 4, 9, 4, 10, 9, 1, 2, 8, 4, 8, 10, 5, 2, 5, 9, 3, 9, 9, 10, 9, 9, 9, 8, 1, 10, 4, 2, 1, 4, 10, 8, 10, 10, 6, 6, 7, 6, 7, 8, 10, 1, 1, 1, 6, 4, 9, 1]
(0.8122290075776726, 0.5054013785825147, 0.2546905803400522)
[9, 5, 7, 9, 2, 3, 1, 10, 10, 9, 6, 5, 7, 8, 6, 4, 9, 4, 7, 9, 1, 2, 8, 1, 8, 10, 5, 2, 5, 9, 3, 9, 9, 10, 9, 9, 9, 8, 1, 10, 4, 2, 1, 4, 10, 8, 10, 10, 6, 6, 7, 6, 7, 8, 10, 1, 1, 1, 6, 4, 9, 1]
(0.8123799517928393, 0.5054013785825147, 0.2564537590222646)
[9, 5, 7, 9, 2, 3, 1, 10, 10, 9, 6, 5, 7, 8, 6, 4, 9, 4, 7, 9, 1, 2, 8, 1, 8, 10, 5, 2, 5, 9, 3, 9, 9, 10, 9, 9, 9, 8, 1, 10, 4, 2, 1, 4, 10, 8, 10, 10, 6, 6, 7, 6, 7, 8, 10, 1, 1, 1, 6, 4, 9, 1]
(0.8123799517928393, 0.5054013785825147, 0.2564537590222646)
[9, 5, 2, 4, 2, 3, 1, 10, 10, 9, 6, 5, 7, 8, 6, 4, 9, 4, 7, 9, 1, 2, 8, 1, 8, 10, 5, 2, 5, 9, 3, 9, 9, 10, 9, 9, 9, 7, 1, 10, 4, 2, 1, 4, 10, 8, 10, 10, 6, 6, 7, 6, 7, 8, 10, 1, 1, 1, 6, 4, 9, 1]
(0.8123803836920267, 0.5054015200787585, 0.2569825564387357)
[9, 5, 7, 9, 2, 3, 1, 10, 10, 9, 6, 5, 7, 9, 6, 4, 9, 4, 7, 9, 1, 2, 8, 1, 8, 10, 5, 2, 5, 9, 6, 9, 9, 10, 9, 9, 9, 8, 1, 10, 4, 2, 1, 4, 10, 8, 10, 10, 1, 6, 7, 6, 7, 8, 10, 1, 1, 1, 6, 4, 9, 1]
(0.812206164661486, 0.5056460982310056, 0.2587219112814071)
[9, 5, 7, 4, 2, 3, 9, 10, 10, 9, 6, 5, 7, 8, 6, 4, 9, 4, 7, 9, 1, 2, 8, 1, 8, 10, 5, 2, 5, 9, 3, 9, 9, 10, 9, 9, 9, 7, 1, 10, 4, 2, 1, 4, 10, 8, 10, 10, 6, 6, 7, 6, 7, 8, 9, 1, 1, 1, 6, 4, 9, 1]
(0.8117681996517901, 0.5054423796458409, 0.26071211023945)
[9, 5, 7, 9, 2, 3, 1, 10, 10, 9, 6, 5, 7, 8, 6, 4, 9, 4, 7, 9, 1, 2, 8, 1, 8, 10, 5, 2, 5, 4, 3, 9, 9, 10, 9, 9, 9, 8, 1, 10, 4, 8, 1, 7, 10, 8, 10, 10, 6, 6, 7, 6, 7, 8, 10, 1, 1, 1, 6, 4, 9, 1]
(0.8123795478855276, 0.5054514737273359, 0.26327686404582334)
[9, 5, 2, 4, 10, 3, 1, 10, 10, 5, 6, 3, 2, 8, 6, 4, 8, 5, 1, 3, 4, 7, 10, 10, 8, 10, 6, 3, 2, 7, 5, 4, 5, 7, 1, 3, 9, 6, 1, 9, 3, 2, 2, 4, 10, 8, 8, 9, 2, 6, 7, 6, 8, 9, 2, 1, 1, 1, 6, 4, 9, 1]
(0.4081550611677751, 0.5415046978782362, 0.6411179099592309)
[9, 6, 2, 9, 2, 3, 9, 10, 10, 5, 6, 1, 9, 8, 9, 4, 10, 7, 6, 7, 4, 1, 10, 8, 10, 1, 2, 3, 7, 3, 5, 9, 9, 10, 9, 6, 9, 6, 4, 9, 7, 1, 3, 10, 7, 9, 6, 9, 2, 7, 7, 6, 8, 9, 2, 1, 1, 5, 6, 4, 8, 2]
(0.42031065025939607, 0.5529570988460385, 0.624361981747894)
[9, 6, 2, 9, 2, 3, 9, 10, 10, 5, 6, 1, 9, 8, 9, 4, 10, 7, 6, 7, 4, 1, 10, 8, 10, 1, 2, 3, 7, 3, 5, 9, 9, 10, 9, 6, 9, 6, 4, 9, 7, 1, 3, 10, 7, 9, 6, 9, 2, 7, 7, 6, 8, 9, 2, 1, 1, 5, 6, 4, 8, 2]
(0.42031065025939607, 0.5529570988460385, 0.624361981747894)
[9, 5, 2, 4, 10, 4, 8, 10, 10, 10, 6, 2, 10, 8, 6, 4, 4, 4, 1, 7, 6, 5, 6, 7, 8, 1, 5, 3, 7, 7, 3, 5, 10, 8, 9, 7, 9, 10, 5, 10, 7, 2, 1, 9, 10, 6, 6, 9, 2, 7, 9, 7, 7, 9, 2, 1, 3, 4, 6, 4, 8, 2]
(0.4175856160390174, 0.5523642244262847, 0.6293616792420029)
[9, 5, 2, 4, 10, 4, 8, 10, 10, 10, 6, 2, 10, 8, 9, 4, 10, 6, 6, 7, 4, 7, 10, 2, 8, 4, 4, 3, 4, 6, 3, 9, 9, 10, 9, 4, 10, 6, 4, 10, 7, 8, 3, 10, 7, 9, 6, 9, 2, 7, 7, 6, 8, 9, 1, 1, 1, 5, 6, 4, 8, 2]
(0.41978045063808883, 0.5550628933205212, 0.6283320179549572)
[9, 5, 3, 4, 10, 4, 8, 10, 10, 9, 6, 1, 10, 8, 9, 4, 10, 6, 2, 7, 4, 7, 10, 5, 8, 1, 4, 3, 4, 6, 3, 9, 9, 5, 9, 4, 9, 6, 4, 9, 7, 8, 3, 10, 7, 9, 6, 9, 2, 7, 7, 6, 8, 9, 1, 1, 1, 5, 6, 4, 8, 2]
(0.4199377955416371, 0.5544635937711125, 0.6345944326442544)
[9, 5, 2, 4, 10, 4, 8, 10, 10, 10, 6, 2, 10, 8, 9, 4, 10, 6, 6, 7, 4, 7, 10, 8, 8, 1, 4, 9, 4, 6, 3, 9, 9, 6, 9, 4, 9, 6, 4, 9, 7, 8, 3, 10, 7, 9, 6, 9, 2, 7, 7, 6, 8, 9, 1, 1, 1, 5, 6, 4, 8, 2]
(0.4197852507104238, 0.5549244401935957, 0.6348354328155504)
[9, 5, 2, 4, 10, 4, 8, 10, 10, 10, 6, 1, 10, 8, 9, 4, 10, 6, 6, 7, 4, 7, 10, 8, 8, 1, 4, 3, 7, 3, 5, 9, 9, 10, 9, 6, 9, 6, 4, 9, 7, 9, 3, 10, 7, 9, 6, 9, 2, 7, 7, 6, 8, 9, 2, 1, 1, 5, 6, 4, 8, 2]
(0.4197811429985039, 0.5551236424797562, 0.6374067314320977)
[9, 5, 3, 4, 10, 4, 8, 10, 10, 9, 6, 6, 10, 8, 9, 4, 10, 6, 6, 7, 4, 7, 5, 8, 8, 1, 4, 3, 4, 6, 3, 9, 9, 10, 9, 6, 9, 6, 4, 9, 7, 9, 3, 10, 10, 9, 6, 9, 2, 7, 7, 6, 8, 9, 2, 1, 1, 5, 6, 4, 8, 2]
(0.41983342149533065, 0.5542932660885785, 0.6386113065626695)
[9, 5, 2, 4, 10, 4, 8, 10, 10, 10, 6, 6, 10, 8, 9, 4, 10, 6, 6, 7, 4, 7, 5, 8, 8, 1, 4, 3, 4, 6, 3, 9, 9, 10, 9, 6, 9, 6, 4, 9, 7, 9, 3, 10, 7, 9, 6, 9, 2, 7, 7, 6, 8, 9, 2, 1, 1, 5, 6, 4, 8, 2]
(0.4197861260953462, 0.5551469129267252, 0.6384417163490624)
[9, 5, 2, 4, 6, 9, 5, 10, 10, 8, 1, 1, 10, 8, 6, 4, 4, 4, 1, 7, 6, 5, 10, 3, 8, 1, 5, 3, 5, 9, 3, 9, 9, 8, 9, 9, 9, 2, 3, 10, 10, 2, 1, 9, 10, 6, 6, 9, 2, 6, 7, 6, 8, 8, 2, 1, 1, 5, 6, 4, 8, 2]
(0.4174513850782818, 0.5527677728713513, 0.6437434524665999)
[9, 5, 2, 4, 10, 4, 8, 10, 10, 10, 6, 2, 10, 8, 7, 4, 3, 6, 6, 7, 5, 7, 10, 8, 8, 1, 4, 3, 4, 6, 3, 9, 9, 10, 9, 4, 9, 6, 4, 9, 7, 8, 3, 10, 7, 9, 6, 9, 2, 7, 7, 6, 8, 9, 1, 1, 1, 5, 6, 4, 8, 2]
(0.4196121769646631, 0.5550352801811742, 0.6424929013568063)
[9, 5, 2, 7, 10, 4, 8, 10, 10, 1, 6, 1, 10, 8, 6, 2, 6, 6, 6, 7, 4, 7, 10, 8, 8, 1, 6, 3, 5, 9, 3, 9, 9, 8, 9, 9, 9, 2, 3, 10, 10, 2, 1, 9, 10, 9, 6, 9, 2, 7, 7, 6, 8, 9, 2, 1, 1, 5, 6, 4, 8, 2]
(0.41964568680751857, 0.9762019372545163, 0.224626811573522)
[9, 5, 2, 7, 10, 4, 8, 10, 10, 1, 6, 1, 10, 8, 6, 2, 4, 6, 6, 7, 4, 7, 10, 8, 8, 1, 6, 3, 5, 9, 3, 9, 9, 8, 9, 9, 9, 2, 3, 10, 10, 2, 1, 9, 10, 9, 6, 9, 2, 7, 7, 6, 8, 9, 2, 1, 1, 5, 6, 4, 8, 2]
(0.41964568680751857, 0.9751771659590284, 0.24384101651789733)
[9, 5, 7, 9, 3, 3, 1, 10, 10, 9, 6, 5, 7, 8, 6, 4, 9, 3, 7, 9, 1, 7, 8, 3, 8, 10, 1, 3, 8, 7, 3, 4, 2, 7, 1, 9, 9, 6, 1, 10, 8, 2, 1, 4, 10, 8, 10, 10, 6, 6, 7, 6, 7, 6, 10, 1, 1, 1, 6, 5, 9, 1]
(0.8124187847675294, 0.27154493238127164, 0.5763874645408408)
[9, 5, 2, 4, 10, 2, 8, 10, 10, 9, 6, 1, 10, 8, 6, 4, 4, 6, 6, 7, 4, 7, 10, 8, 8, 1, 6, 3, 2, 9, 3, 9, 9, 10, 9, 10, 6, 6, 4, 9, 7, 1, 8, 9, 10, 6, 6, 9, 2, 7, 7, 6, 8, 9, 2, 1, 3, 4, 6, 4, 8, 2]
(0.41722028554208945, 0.5523011773217291, 0.6949823257821536)
[9, 5, 7, 4, 2, 3, 1, 10, 10, 9, 6, 5, 7, 8, 6, 4, 9, 5, 7, 5, 1, 4, 6, 1, 8, 9, 5, 2, 2, 3, 1, 9, 9, 10, 9, 10, 9, 6, 4, 7, 6, 2, 10, 9, 10, 8, 10, 9, 1, 6, 7, 6, 8, 9, 2, 1, 1, 1, 6, 4, 9, 1]
(0.16761392791729576, 0.9740656950511019, 0.6908272568319797)
[9, 5, 7, 4, 2, 3, 1, 10, 10, 9, 6, 5, 7, 8, 6, 4, 9, 5, 7, 5, 1, 4, 6, 1, 8, 9, 5, 2, 2, 3, 1, 9, 9, 10, 9, 10, 9, 6, 4, 7, 6, 2, 10, 9, 10, 8, 10, 9, 1, 6, 7, 6, 8, 9, 2, 1, 1, 1, 6, 4, 9, 1]
(0.16761392791729576, 0.9740656950511019, 0.6908272568319797)
[9, 5, 1, 4, 2, 3, 1, 10, 10, 9, 6, 7, 7, 8, 6, 4, 9, 5, 7, 5, 1, 4, 6, 1, 1, 9, 5, 2, 2, 3, 1, 9, 9, 10, 9, 10, 9, 6, 4, 7, 6, 2, 10, 9, 10, 8, 10, 9, 1, 6, 7, 6, 8, 9, 2, 1, 1, 1, 6, 4, 9, 1]
(0.16759354483784888, 0.9748090271837989, 0.6926094775099171)
[9, 5, 2, 4, 2, 3, 1, 10, 10, 9, 6, 5, 7, 8, 6, 4, 8, 5, 7, 5, 1, 4, 10, 1, 8, 9, 5, 2, 5, 3, 3, 9, 4, 10, 9, 10, 9, 6, 4, 7, 7, 2, 10, 9, 10, 8, 10, 9, 2, 6, 7, 6, 8, 9, 2, 1, 1, 1, 6, 4, 9, 1]
(0.16773839362559337, 0.9730376615188998, 0.694324603071859)
[7, 5, 2, 4, 2, 3, 3, 10, 10, 9, 9, 5, 7, 8, 3, 9, 4, 4, 1, 3, 4, 5, 10, 10, 8, 1, 5, 6, 5, 3, 3, 4, 3, 8, 9, 9, 9, 6, 1, 10, 7, 2, 1, 6, 4, 8, 6, 9, 2, 7, 8, 6, 8, 9, 2, 1, 2, 4, 6, 4, 9, 2]
(0.4108915263951806, 0.9589977852068826, 0.48264732128051)
[9, 5, 2, 4, 2, 1, 1, 10, 10, 4, 6, 3, 2, 8, 6, 4, 4, 5, 1, 5, 6, 5, 10, 1, 8, 10, 6, 6, 2, 7, 5, 4, 2, 7, 1, 9, 9, 8, 1, 10, 3, 2, 1, 4, 10, 7, 8, 9, 2, 6, 7, 6, 8, 9, 2, 1, 1, 1, 6, 4, 9, 1]
(0.20012996849576142, 0.9701725856401008, 0.6923653099464256)
[9, 5, 2, 4, 2, 1, 1, 10, 10, 4, 6, 3, 2, 8, 6, 4, 4, 5, 1, 5, 6, 2, 10, 1, 8, 10, 6, 6, 2, 7, 5, 4, 2, 7, 1, 9, 9, 8, 1, 10, 3, 2, 1, 9, 10, 8, 8, 9, 2, 6, 7, 6, 8, 9, 2, 1, 1, 1, 6, 4, 9, 1]
(0.2001086759857598, 0.9705623823218029, 0.6934312963972542)
[9, 5, 2, 4, 2, 1, 1, 10, 10, 4, 6, 3, 2, 8, 6, 4, 4, 5, 1, 5, 6, 2, 10, 1, 8, 10, 6, 6, 2, 7, 5, 4, 2, 7, 1, 9, 9, 8, 1, 10, 3, 2, 1, 9, 10, 8, 8, 9, 2, 6, 7, 6, 8, 9, 2, 1, 1, 1, 6, 4, 9, 1]
(0.2001086759857598, 0.9705623823218029, 0.6934312963972542)
[9, 5, 2, 4, 2, 1, 1, 10, 10, 4, 6, 3, 2, 8, 6, 4, 4, 5, 1, 5, 6, 2, 10, 1, 8, 10, 6, 6, 2, 7, 5, 4, 2, 7, 1, 9, 9, 8, 1, 10, 3, 2, 1, 9, 10, 8, 8, 9, 2, 6, 7, 6, 8, 9, 2, 1, 1, 1, 6, 4, 9, 1]
(0.2001086759857598, 0.9705623823218029, 0.6934312963972542)
[9, 5, 2, 4, 2, 3, 1, 10, 10, 9, 6, 5, 7, 8, 6, 4, 8, 5, 7, 1, 1, 4, 10, 1, 8, 9, 5, 2, 5, 3, 3, 9, 4, 10, 9, 9, 9, 8, 1, 10, 3, 2, 9, 9, 10, 8, 8, 9, 2, 6, 7, 6, 8, 9, 2, 1, 1, 1, 6, 4, 9, 1]
(0.4091401613348537, 0.542357899592783, 0.9198354238410552)
[9, 5, 2, 4, 10, 2, 8, 10, 10, 9, 6, 1, 3, 8, 6, 4, 4, 6, 6, 7, 4, 7, 10, 8, 8, 1, 6, 3, 2, 9, 3, 9, 9, 10, 9, 10, 6, 6, 4, 9, 7, 1, 8, 9, 10, 6, 6, 9, 2, 7, 7, 6, 8, 9, 2, 1, 3, 4, 6, 4, 8, 2]
(0.41292344132778946, 0.5520018958162662, 0.912709058496419)
[9, 5, 7, 4, 2, 3, 2, 10, 10, 9, 6, 5, 7, 8, 8, 4, 8, 5, 1, 5, 1, 4, 6, 1, 8, 5, 5, 4, 2, 8, 1, 9, 9, 10, 9, 10, 9, 6, 4, 7, 6, 2, 10, 9, 10, 8, 10, 9, 1, 6, 9, 6, 8, 9, 2, 1, 1, 1, 6, 4, 8, 1]
(0.26924979597153975, 0.9714345996268076, 0.6412986991831291)
[9, 5, 2, 4, 10, 2, 8, 10, 10, 8, 1, 6, 10, 8, 6, 4, 4, 2, 6, 7, 4, 7, 10, 1, 8, 1, 6, 10, 5, 9, 3, 9, 9, 10, 9, 10, 6, 6, 4, 9, 7, 1, 8, 9, 10, 6, 6, 9, 2, 7, 7, 6, 8, 9, 2, 1, 3, 4, 6, 4, 8, 2]
(0.4172002200530022, 0.5530755319389619, 0.9159549415930032)
[9, 5, 10, 9, 2, 3, 1, 10, 10, 9, 6, 5, 7, 8, 6, 4, 9, 4, 7, 9, 1, 2, 8, 1, 8, 10, 5, 2, 5, 9, 3, 4, 2, 7, 1, 9, 9, 8, 1, 10, 4, 2, 1, 4, 10, 8, 10, 10, 6, 6, 7, 6, 7, 8, 10, 1, 1, 1, 6, 4, 9, 1]
(0.8123788096212704, 0.5053937793709334, 0.5743513784980484)
[9, 5, 7, 9, 2, 3, 1, 10, 10, 9, 6, 5, 7, 8, 6, 4, 9, 4, 7, 9, 1, 7, 8, 3, 8, 10, 1, 3, 2, 7, 3, 4, 2, 7, 1, 9, 9, 6, 1, 10, 8, 2, 1, 4, 10, 8, 10, 10, 6, 6, 7, 6, 7, 6, 10, 1, 1, 1, 6, 4, 9, 1]
(0.8123961644125145, 0.5053925057994603, 0.5751569622186614)
[9, 5, 7, 4, 2, 3, 1, 10, 10, 9, 6, 5, 7, 8, 6, 4, 8, 5, 1, 5, 1, 4, 6, 1, 8, 9, 5, 2, 2, 8, 1, 9, 9, 10, 9, 10, 9, 6, 4, 7, 6, 2, 10, 9, 10, 8, 10, 9, 1, 6, 9, 6, 8, 9, 2, 1, 1, 1, 6, 4, 8, 1]
(0.2693149213921321, 0.9719209299422783, 0.6909614335968085)
[9, 5, 2, 4, 10, 4, 8, 10, 10, 10, 6, 2, 10, 8, 6, 4, 4, 4, 1, 7, 6, 5, 6, 7, 8, 1, 5, 3, 7, 7, 3, 5, 10, 8, 9, 7, 9, 10, 5, 10, 7, 2, 1, 9, 10, 6, 6, 9, 2, 7, 9, 7, 7, 8, 2, 1, 1, 4, 6, 4, 8, 2]
(0.418781520006519, 0.9714578966610116, 0.6404582117433718)
[9, 5, 2, 4, 6, 10, 5, 10, 10, 8, 1, 1, 10, 8, 6, 4, 4, 4, 1, 7, 6, 5, 10, 7, 8, 1, 5, 3, 5, 7, 3, 5, 10, 8, 9, 7, 9, 10, 5, 10, 7, 2, 1, 9, 10, 6, 6, 9, 2, 7, 9, 7, 7, 8, 2, 1, 1, 4, 6, 4, 8, 2]
(0.416845613928009, 0.9695889280177634, 0.6454087271309552)
[9, 5, 2, 4, 6, 9, 5, 10, 10, 8, 1, 1, 10, 8, 6, 4, 4, 4, 1, 7, 6, 5, 10, 7, 8, 1, 5, 3, 5, 7, 3, 5, 10, 8, 9, 7, 9, 10, 5, 10, 7, 2, 1, 9, 10, 6, 6, 9, 2, 7, 9, 7, 7, 8, 2, 1, 1, 4, 6, 4, 8, 2]
(0.416845613928009, 0.970101429615168, 0.6453055004507381)
[9, 5, 2, 4, 6, 9, 5, 10, 10, 8, 1, 1, 10, 8, 6, 4, 4, 4, 1, 7, 6, 5, 10, 7, 8, 1, 5, 3, 5, 7, 3, 5, 10, 8, 9, 7, 9, 10, 5, 10, 7, 2, 1, 9, 10, 6, 6, 9, 2, 7, 9, 7, 7, 8, 2, 1, 1, 4, 6, 4, 8, 2]
(0.416845613928009, 0.970101429615168, 0.6453055004507381)
[9, 5, 2, 4, 6, 9, 5, 10, 10, 8, 1, 1, 10, 8, 6, 4, 4, 4, 1, 7, 6, 5, 10, 7, 8, 1, 5, 3, 5, 7, 3, 5, 10, 8, 9, 7, 9, 10, 5, 10, 7, 2, 1, 9, 10, 6, 6, 9, 2, 7, 9, 7, 7, 8, 2, 1, 1, 4, 6, 4, 8, 2]
(0.416845613928009, 0.970101429615168, 0.6453055004507381)
[9, 5, 2, 4, 6, 9, 5, 10, 10, 8, 1, 1, 10, 8, 6, 4, 4, 4, 1, 7, 6, 5, 10, 7, 8, 1, 5, 3, 5, 7, 3, 5, 10, 8, 9, 7, 9, 10, 5, 10, 7, 2, 1, 9, 10, 6, 6, 9, 2, 7, 9, 7, 7, 8, 2, 1, 1, 4, 6, 4, 8, 2]
(0.416845613928009, 0.970101429615168, 0.6453055004507381)
[9, 5, 2, 4, 6, 9, 5, 10, 10, 8, 1, 1, 10, 8, 6, 4, 4, 4, 1, 7, 6, 5, 10, 7, 8, 1, 5, 3, 5, 7, 3, 5, 10, 8, 9, 7, 9, 10, 5, 10, 7, 2, 1, 9, 10, 6, 6, 9, 2, 7, 9, 7, 7, 8, 2, 3, 1, 4, 6, 4, 8, 2]
(0.41661527905154166, 0.972276890370993, 0.6485000061627075)
[9, 5, 7, 4, 2, 3, 1, 10, 10, 2, 6, 5, 7, 8, 6, 4, 9, 5, 7, 5, 1, 4, 6, 1, 6, 9, 5, 2, 2, 3, 1, 9, 2, 7, 1, 9, 9, 8, 1, 10, 3, 2, 1, 9, 10, 8, 8, 9, 2, 6, 7, 6, 8, 9, 2, 1, 1, 1, 6, 4, 9, 1]
(0.16765343173570874, 0.9742164668627064, 0.910814263576304)
[9, 5, 7, 4, 2, 3, 1, 10, 10, 2, 6, 5, 7, 8, 6, 4, 9, 5, 7, 5, 1, 4, 6, 1, 6, 9, 5, 2, 2, 3, 1, 9, 2, 7, 1, 9, 9, 8, 1, 10, 3, 2, 1, 9, 10, 8, 8, 9, 2, 6, 7, 6, 8, 9, 2, 1, 1, 1, 6, 4, 9, 1]
(0.16765343173570874, 0.9742164668627064, 0.910814263576304)
[9, 5, 7, 4, 2, 3, 1, 10, 10, 2, 6, 5, 7, 8, 6, 4, 9, 5, 7, 5, 1, 4, 6, 1, 6, 9, 5, 2, 2, 3, 1, 9, 2, 7, 1, 9, 9, 8, 1, 10, 3, 2, 1, 9, 10, 8, 8, 9, 2, 6, 7, 6, 8, 9, 2, 1, 1, 1, 6, 4, 9, 1]
(0.16765343173570874, 0.9742164668627064, 0.910814263576304)
[9, 5, 7, 4, 2, 3, 1, 10, 10, 2, 6, 5, 7, 8, 6, 4, 9, 5, 7, 5, 1, 4, 6, 1, 6, 9, 5, 2, 2, 3, 1, 9, 2, 7, 1, 9, 9, 8, 1, 10, 3, 2, 1, 9, 10, 8, 8, 9, 2, 6, 7, 6, 8, 9, 2, 1, 1, 1, 6, 4, 9, 1]
(0.16765343173570874, 0.9742164668627064, 0.910814263576304)
[9, 5, 7, 4, 2, 3, 1, 10, 10, 2, 6, 5, 7, 8, 6, 4, 9, 5, 7, 5, 1, 4, 6, 1, 6, 9, 5, 2, 2, 3, 1, 9, 2, 7, 1, 9, 9, 8, 1, 10, 3, 2, 1, 9, 10, 8, 8, 9, 2, 6, 7, 6, 8, 9, 2, 1, 1, 1, 6, 4, 9, 1]
(0.16765343173570874, 0.9742164668627064, 0.910814263576304)
[9, 5, 7, 4, 2, 3, 1, 10, 10, 2, 6, 5, 7, 8, 6, 4, 9, 5, 7, 5, 1, 4, 6, 1, 6, 9, 5, 2, 2, 3, 1, 9, 2, 7, 1, 9, 9, 8, 1, 10, 3, 2, 1, 9, 10, 8, 8, 9, 2, 6, 7, 6, 8, 9, 2, 1, 1, 1, 6, 4, 9, 1]
(0.16765343173570874, 0.9742164668627064, 0.910814263576304)
[9, 5, 7, 4, 2, 3, 1, 10, 10, 2, 6, 5, 7, 8, 6, 4, 9, 5, 7, 5, 1, 4, 4, 1, 5, 9, 5, 2, 2, 3, 1, 9, 2, 7, 1, 9, 9, 8, 1, 10, 3, 2, 1, 9, 10, 8, 9, 9, 2, 6, 7, 6, 8, 9, 2, 1, 1, 1, 6, 4, 9, 1]
(0.16772181857529778, 0.9736609331332127, 0.9122288569106538)
[9, 5, 1, 4, 2, 3, 1, 10, 10, 4, 4, 9, 9, 8, 6, 4, 8, 3, 1, 3, 4, 5, 10, 10, 8, 1, 6, 3, 5, 2, 3, 4, 7, 10, 9, 7, 7, 10, 4, 8, 7, 4, 1, 6, 10, 8, 6, 9, 2, 10, 5, 4, 3, 6, 5, 5, 1, 2, 6, 4, 9, 1]
(0.4080160830667502, 0.9691805415786784, 0.6918385474618094)
[9, 5, 1, 4, 2, 3, 1, 10, 10, 4, 4, 9, 9, 8, 6, 4, 8, 3, 1, 3, 4, 5, 10, 10, 8, 1, 6, 3, 5, 2, 3, 4, 7, 10, 9, 7, 7, 10, 4, 8, 7, 4, 1, 6, 10, 8, 6, 9, 2, 10, 5, 4, 3, 6, 5, 5, 1, 2, 6, 4, 9, 1]
(0.4080160830667502, 0.9691805415786784, 0.6918385474618094)
[9, 5, 1, 4, 2, 3, 1, 10, 10, 4, 4, 9, 9, 8, 6, 4, 8, 3, 1, 3, 4, 5, 10, 10, 8, 1, 6, 3, 5, 2, 3, 4, 7, 10, 9, 7, 7, 10, 4, 8, 7, 4, 1, 6, 10, 8, 6, 9, 2, 10, 5, 4, 3, 6, 5, 5, 1, 2, 6, 4, 9, 1]
(0.4080160830667502, 0.9691805415786784, 0.6918385474618094)
[9, 5, 1, 4, 2, 3, 1, 10, 10, 4, 4, 9, 9, 8, 6, 4, 8, 3, 1, 3, 4, 5, 10, 10, 8, 1, 6, 3, 5, 2, 3, 4, 7, 10, 9, 7, 7, 10, 4, 8, 7, 4, 1, 6, 10, 8, 6, 9, 2, 10, 5, 4, 3, 6, 5, 5, 1, 2, 6, 4, 9, 1]
(0.4080160830667502, 0.9691805415786784, 0.6918385474618094)
[9, 5, 1, 4, 2, 3, 1, 10, 10, 4, 4, 9, 9, 8, 6, 4, 8, 4, 1, 3, 4, 5, 10, 10, 8, 1, 6, 3, 5, 6, 3, 4, 7, 10, 9, 7, 7, 10, 4, 8, 7, 5, 1, 6, 10, 8, 6, 9, 2, 10, 5, 4, 3, 6, 5, 5, 1, 2, 6, 4, 9, 1]
(0.4091760253420092, 0.9701323441229742, 0.6908525506702423)
[9, 5, 7, 4, 2, 4, 1, 10, 10, 9, 6, 5, 10, 8, 6, 4, 8, 5, 1, 5, 1, 4, 6, 1, 8, 9, 5, 2, 2, 8, 1, 9, 9, 10, 9, 10, 9, 6, 4, 7, 6, 2, 10, 9, 10, 8, 10, 9, 1, 6, 9, 6, 8, 9, 2, 1, 1, 1, 6, 4, 8, 1]
(0.408136032097399, 0.9712684546597284, 0.6916940350464683)
[9, 5, 7, 4, 2, 3, 1, 10, 10, 9, 6, 5, 10, 8, 6, 4, 8, 5, 1, 5, 1, 4, 6, 1, 8, 9, 5, 2, 2, 8, 1, 9, 9, 10, 9, 10, 9, 3, 4, 7, 6, 2, 10, 9, 10, 8, 10, 9, 1, 6, 7, 6, 7, 9, 2, 1, 1, 1, 6, 4, 9, 1]
(0.20027954202999113, 0.9718801937066, 0.9117764810059646)
