[8, 8, 7, 7, 6, 5, 1, 9, 9, 10, 8, 7, 4, 4, 7, 9, 7, 9, 8, 9, 8, 5, 9, 7, 5, 5, 9, 3, 1, 7, 9, 9, 10, 6, 10, 7, 9, 4, 7, 8, 9, 4, 10, 7, 8, 5, 5, 1, 6, 10, 10, 8, 9, 8, 6, 4, 5, 1, 2, 5, 8, 1]
(1.0428025042638174, 0.2269421213485273, 1.0517254086211318, 0.21124269588889077, 0.6078431372549021, 0.6078431372549021, 0.23461373696987012, 0.23461373696987012, 0.8880980204681422, 0.0)
[7, 8, 5, 7, 4, 1, 1, 4, 9, 8, 4, 3, 9, 7, 7, 8, 5, 9, 8, 6, 2, 2, 6, 3, 9, 4, 5, 9, 1, 7, 10, 8, 10, 10, 10, 7, 9, 4, 9, 8, 10, 9, 10, 5, 7, 8, 8, 8, 2, 10, 6, 8, 10, 8, 6, 2, 1, 2, 2, 5, 8, 1]
(1.0705648330971598, 0.2974013474494705, 1.077128822542727, 0.18002748511223077, 1.0, 0.0, 1.0509074850007887, 0.20966438385299246, 0.6558487408143484, 0.6558487408143484)
[8, 8, 5, 7, 4, 1, 1, 4, 7, 8, 4, 1, 9, 7, 7, 1, 6, 7, 8, 6, 6, 2, 6, 3, 9, 4, 5, 9, 1, 7, 10, 8, 10, 10, 10, 7, 9, 4, 9, 8, 10, 9, 10, 1, 8, 8, 8, 8, 2, 10, 6, 8, 10, 2, 6, 2, 1, 2, 2, 5, 8, 1]
(1.0657506143674251, 0.43131163042009946, 1.0586301730945702, 0.18002748511223077, 1.0, 0.0, 1.0333715410903084, 0.20966438385299246, 1.0581884516403075, 0.6558487408143484)
[6, 9, 9, 3, 10, 2, 5, 4, 7, 7, 7, 7, 6, 10, 7, 7, 5, 9, 8, 5, 2, 2, 6, 3, 9, 7, 3, 6, 5, 1, 5, 4, 8, 2, 10, 7, 5, 4, 10, 8, 9, 7, 10, 8, 8, 5, 5, 4, 7, 5, 8, 5, 6, 6, 4, 5, 5, 3, 2, 1, 9, 9]
(0.4212586305466382, 0.4212586305466382, 1.0630742637440558, 0.18002748511223077, 0.6078431372549021, 0.0, 0.38510432932526073, 0.3648678658671995, 0.6999844660982402, 0.7857075722923647)
[6, 6, 4, 3, 7, 2, 7, 7, 7, 7, 7, 7, 6, 10, 7, 9, 5, 9, 8, 6, 2, 2, 6, 3, 9, 7, 5, 1, 7, 1, 9, 10, 4, 2, 8, 7, 5, 4, 10, 8, 9, 3, 9, 7, 8, 5, 5, 4, 7, 5, 8, 5, 6, 6, 4, 5, 5, 2, 2, 1, 9, 9]
(1.0165649609640228, 0.4212586305466382, 0.7562700921669516, 0.18002748511223077, 0.4366197183098585, 0.0, 1.0537768082693213, 0.30788931226185273, 0.8880980204681422, 0.8880980204681422)
[6, 6, 4, 3, 7, 2, 7, 7, 7, 7, 7, 7, 6, 10, 7, 9, 5, 9, 8, 6, 2, 2, 6, 3, 9, 7, 5, 1, 7, 1, 9, 10, 4, 2, 8, 7, 5, 4, 10, 8, 9, 3, 9, 7, 8, 5, 5, 4, 7, 5, 8, 5, 6, 6, 4, 5, 5, 2, 2, 1, 9, 9]
(1.0165649609640228, 0.4212586305466382, 0.7562700921669516, 0.18002748511223077, 1.0452970923855893, 0.34065934065934034, 1.0537768082693213, 0.0, 0.8880980204681422, 0.8880980204681422)
[6, 9, 4, 3, 10, 2, 7, 4, 7, 7, 7, 7, 6, 10, 7, 9, 5, 9, 8, 6, 2, 2, 6, 3, 9, 7, 5, 1, 7, 1, 9, 10, 8, 2, 7, 7, 9, 4, 10, 8, 9, 3, 10, 7, 8, 5, 5, 4, 7, 5, 4, 5, 6, 6, 4, 5, 5, 2, 2, 1, 9, 9]
(1.0366399427875868, 0.4212586305466382, 0.4063523305580037, 0.25555345793216266, 0.4366197183098585, 0.0, 1.036753825657069, 0.26630287968015554, 1.0559250654652712, 0.8880980204681422)
[6, 3, 4, 3, 8, 2, 7, 4, 7, 7, 4, 7, 6, 2, 7, 8, 5, 9, 8, 6, 2, 2, 6, 3, 9, 4, 5, 7, 1, 7, 10, 10, 8, 2, 7, 9, 2, 9, 8, 8, 10, 7, 10, 7, 8, 5, 5, 4, 7, 10, 4, 9, 8, 1, 6, 2, 2, 6, 3, 3, 8, 3]
(1.0639278145506974, 0.7845851421082813, 0.18002748511223077, 0.0, 0.6078431372549014, 0.6078431372549014, 0.6261828301474363, 0.44772458897265865, 0.623607704974702, 0.0)
[5, 7, 1, 10, 2, 1, 6, 9, 3, 10, 8, 7, 9, 5, 5, 6, 5, 9, 4, 6, 2, 9, 6, 2, 9, 4, 5, 8, 4, 2, 5, 7, 5, 1, 10, 7, 5, 9, 7, 8, 9, 9, 10, 6, 5, 5, 5, 2, 9, 8, 10, 9, 9, 8, 6, 2, 2, 6, 3, 3, 9, 2]
(1.0622751025483008, 0.43131163042009946, 1.0440092647448174, 0.18002748511223077, 1.0792844729498028, 0.6078431372549014, 0.40464659612626, 0.3648678658671995, 1.061720923893153, 0.2659801249350401)
[3, 2, 1, 6, 7, 1, 6, 9, 3, 10, 8, 7, 9, 7, 1, 10, 10, 9, 1, 6, 3, 6, 1, 2, 10, 4, 5, 10, 4, 1, 5, 1, 10, 4, 10, 3, 4, 9, 10, 8, 6, 9, 9, 7, 8, 8, 5, 10, 9, 8, 10, 8, 9, 8, 6, 2, 2, 6, 3, 3, 9, 2]
(1.081866221688688, 0.7845851421082813, 1.05964981932193, 0.18002748511223077, 0.44170039761811497, 0.43661971830985896, 0.30788931226185273, 0.0, 1.0591350583359596, 0.5198905449947135)
[3, 2, 1, 6, 7, 1, 6, 9, 3, 10, 4, 3, 9, 7, 1, 10, 10, 9, 1, 6, 3, 6, 5, 2, 10, 4, 5, 10, 4, 1, 5, 1, 10, 4, 10, 3, 4, 9, 10, 8, 6, 9, 9, 7, 8, 8, 5, 10, 9, 8, 10, 8, 9, 8, 6, 2, 2, 6, 3, 3, 9, 2]
(1.0761685309931635, 0.7845851421082813, 0.3952471805736442, 0.18002748511223077, 0.7429557198658494, 0.43661971830985896, 0.3964581301435848, 0.26630287968015554, 1.0594758221879597, 0.2659801249350401)
[8, 8, 7, 7, 6, 5, 1, 9, 9, 10, 8, 7, 4, 4, 7, 9, 7, 9, 8, 9, 8, 5, 9, 7, 5, 5, 9, 3, 1, 7, 9, 9, 10, 6, 10, 7, 9, 4, 7, 8, 9, 4, 10, 7, 8, 5, 5, 1, 6, 10, 10, 8, 9, 8, 6, 4, 5, 1, 2, 5, 8, 1]
(1.0428025042638174, 0.2269421213485273, 0.0, 0.21124269588889077, 0.6078431372549021, 0.6078431372549021, 1.0295067099854338, 0.23461373696987012, 0.0, 0.6558487408143484)
[5, 5, 7, 3, 4, 1, 1, 9, 4, 10, 1, 8, 7, 9, 10, 3, 7, 4, 6, 4, 2, 2, 1, 7, 4, 4, 9, 8, 3, 4, 8, 10, 7, 10, 7, 5, 9, 4, 6, 6, 2, 3, 10, 4, 8, 5, 5, 4, 1, 9, 1, 3, 6, 10, 4, 2, 2, 4, 3, 3, 9, 5]
(1.0442777691408984, 0.2974013474494705, 1.0467312129214401, 0.18002748511223077, 1.0562661079689857, 1.0, 0.3535515232011696, 0.20966438385299246, 1.0698645466938612, 0.2659801249350401)
[6, 6, 4, 3, 7, 2, 7, 7, 7, 7, 7, 7, 6, 10, 7, 9, 5, 9, 8, 6, 2, 2, 6, 3, 9, 7, 5, 1, 7, 1, 9, 10, 4, 2, 8, 7, 5, 4, 10, 8, 9, 3, 9, 7, 8, 5, 5, 4, 7, 5, 8, 5, 6, 6, 4, 5, 5, 2, 2, 1, 9, 9]
(1.0165649609640228, 0.4212586305466382, 0.18002748511223077, 0.0, 1.0452970923855893, 0.34065934065934034, 0.0, 0.30788931226185273, 0.8880980204681422, 0.8880980204681422)
[6, 2, 1, 3, 7, 1, 6, 7, 7, 7, 7, 7, 6, 10, 7, 9, 5, 9, 3, 6, 2, 9, 6, 2, 9, 6, 1, 8, 4, 1, 3, 7, 10, 4, 10, 7, 8, 4, 8, 8, 9, 9, 10, 6, 5, 8, 5, 10, 9, 8, 10, 8, 9, 8, 6, 5, 2, 6, 3, 3, 9, 2]
(1.0506174588575952, 0.4212586305466382, 1.0341971570625892, 0.18002748511223077, 1.0700275367125867, 0.6078431372549014, 1.072671049647033, 0.514026488684952, 0.6728989729657678, 0.2404759850032122)
[4, 8, 9, 7, 2, 5, 3, 5, 8, 7, 8, 7, 7, 7, 7, 9, 5, 9, 6, 8, 6, 6, 6, 4, 10, 5, 9, 3, 1, 6, 5, 8, 10, 7, 10, 7, 5, 4, 10, 8, 9, 9, 10, 1, 4, 8, 8, 8, 2, 10, 10, 8, 10, 6, 6, 1, 5, 1, 2, 5, 8, 2]
(1.0541952779516572, 0.2974013474494705, 1.0657299386337395, 0.18002748511223077, 1.0615305567160245, 0.6078431372549021, 0.5651683835312654, 0.23461373696987012, 1.058493345417082, 0.6558487408143484)
[4, 8, 9, 7, 2, 5, 3, 5, 8, 7, 8, 7, 7, 7, 7, 9, 5, 9, 6, 8, 6, 6, 6, 4, 10, 5, 9, 3, 1, 6, 5, 8, 10, 7, 10, 7, 5, 4, 10, 8, 9, 9, 10, 1, 4, 8, 8, 8, 2, 10, 10, 8, 10, 6, 6, 1, 5, 1, 2, 5, 8, 2]
(1.0541952779516572, 0.2974013474494705, 1.0657299386337395, 0.18002748511223077, 1.0615305567160245, 0.6078431372549021, 0.5651683835312654, 0.23461373696987012, 0.0, 0.6558487408143484)
[4, 8, 9, 7, 2, 5, 3, 5, 8, 7, 8, 7, 7, 7, 7, 9, 5, 9, 6, 8, 6, 6, 6, 4, 10, 5, 9, 3, 1, 6, 5, 8, 10, 7, 10, 7, 5, 4, 10, 8, 9, 9, 10, 1, 4, 8, 8, 8, 2, 10, 10, 8, 10, 6, 6, 1, 5, 1, 2, 5, 8, 2]
(1.0541952779516572, 0.2974013474494705, 1.0657299386337395, 0.18002748511223077, 1.0615305567160245, 0.6078431372549021, 0.5651683835312654, 0.23461373696987012, 1.058493345417082, 0.6558487408143484)
[4, 8, 9, 7, 2, 5, 3, 5, 8, 7, 8, 7, 7, 7, 7, 9, 5, 9, 6, 8, 6, 6, 6, 4, 10, 5, 9, 3, 1, 6, 5, 8, 10, 7, 10, 7, 5, 4, 10, 8, 9, 9, 10, 1, 4, 8, 8, 8, 2, 10, 10, 8, 10, 6, 6, 1, 5, 1, 2, 5, 8, 2]
(1.0541952779516572, 0.2974013474494705, 1.0657299386337395, 0.18002748511223077, 1.0615305567160245, 0.6078431372549021, 0.5651683835312654, 0.23461373696987012, 1.058493345417082, 0.6558487408143484)
[4, 8, 9, 7, 2, 5, 3, 5, 8, 7, 8, 7, 7, 7, 7, 9, 5, 9, 6, 8, 6, 6, 6, 4, 10, 5, 9, 3, 1, 6, 5, 8, 10, 7, 10, 7, 5, 4, 10, 8, 9, 9, 10, 1, 4, 8, 8, 8, 2, 10, 10, 8, 10, 6, 6, 1, 5, 1, 2, 5, 8, 2]
(1.0541952779516572, 0.2974013474494705, 1.0657299386337395, 0.18002748511223077, 0.0, 0.6078431372549021, 0.5651683835312654, 0.23461373696987012, 1.058493345417082, 0.6558487408143484)
[7, 8, 5, 7, 4, 1, 1, 4, 9, 8, 4, 3, 9, 7, 7, 8, 5, 9, 8, 6, 2, 2, 6, 3, 9, 4, 5, 7, 1, 7, 10, 10, 8, 2, 7, 7, 9, 4, 3, 8, 9, 3, 10, 7, 8, 5, 5, 4, 2, 10, 6, 8, 10, 4, 6, 2, 1, 2, 2, 5, 8, 1]
(1.064675009436905, 0.2974013474494705, 1.076079854182899, 0.18002748511223077, 1.0, 1.0, 0.9761712929233891, 0.23461373696987012, 1.0590324135497209, 0.2659801249350401)
[7, 8, 5, 7, 4, 1, 1, 4, 9, 8, 4, 3, 9, 7, 7, 8, 5, 9, 8, 6, 2, 2, 6, 3, 9, 4, 5, 7, 1, 7, 10, 10, 8, 2, 7, 7, 9, 4, 3, 8, 9, 3, 10, 7, 8, 5, 5, 4, 2, 10, 6, 8, 10, 4, 6, 2, 1, 2, 2, 5, 8, 1]
(1.064675009436905, 0.2974013474494705, 0.18002748511223077, 0.18002748511223077, 1.0, 1.0, 0.9761712929233891, 0.23461373696987012, 1.0590324135497209, 0.2659801249350401)
[7, 8, 5, 7, 4, 1, 1, 4, 9, 8, 4, 3, 9, 7, 7, 8, 5, 9, 8, 6, 2, 2, 6, 3, 9, 4, 5, 7, 1, 7, 10, 10, 8, 2, 7, 7, 9, 4, 3, 8, 9, 3, 10, 7, 8, 5, 5, 4, 2, 10, 6, 8, 10, 4, 6, 2, 1, 2, 2, 5, 8, 1]
(1.064675009436905, 0.2974013474494705, 1.076079854182899, 0.18002748511223077, 1.0, 1.0, 0.9761712929233891, 0.23461373696987012, 1.0590324135497209, 0.2659801249350401)
[7, 8, 5, 7, 4, 1, 1, 4, 9, 8, 4, 3, 9, 7, 7, 8, 5, 9, 8, 6, 2, 2, 6, 3, 9, 4, 5, 7, 1, 7, 10, 10, 8, 2, 7, 7, 9, 4, 3, 8, 9, 3, 10, 7, 8, 5, 5, 4, 2, 10, 6, 8, 10, 4, 6, 2, 1, 2, 2, 5, 8, 1]
(1.064675009436905, 0.2974013474494705, 1.076079854182899, 0.18002748511223077, 1.0, 1.0, 0.9761712929233891, 0.23461373696987012, 1.0590324135497209, 0.2659801249350401)
[6, 9, 9, 3, 10, 2, 7, 4, 7, 7, 7, 7, 6, 10, 7, 7, 5, 9, 8, 6, 2, 2, 6, 3, 4, 7, 3, 1, 5, 1, 9, 4, 8, 2, 8, 10, 6, 4, 10, 8, 9, 3, 10, 7, 8, 5, 5, 4, 7, 5, 4, 5, 6, 6, 4, 5, 5, 3, 2, 1, 9, 9]
(1.055551801435649, 0.4212586305466382, 1.0919403491541746, 0.18002748511223077, 0.4366197183098585, 0.4366197183098585, 0.41696775164455285, 0.30788931226185273, 0.0, 0.6558487408143484)
[6, 9, 4, 3, 10, 2, 7, 4, 7, 7, 7, 7, 6, 10, 7, 9, 5, 9, 8, 6, 2, 2, 6, 3, 4, 7, 3, 1, 5, 1, 9, 4, 8, 2, 8, 10, 6, 4, 10, 8, 9, 7, 10, 7, 8, 5, 5, 4, 7, 5, 8, 5, 6, 6, 4, 5, 5, 3, 2, 1, 9, 9]
(1.0622326595708724, 0.4212586305466382, 1.0429569097235791, 0.0, 0.5180835237726521, 0.34065934065934034, 0.3673890305683037, 0.3648678658671995, 1.0571519905701277, 0.8880980204681422)
[6, 9, 4, 3, 10, 2, 7, 4, 7, 7, 7, 7, 6, 10, 7, 9, 5, 9, 8, 6, 2, 2, 6, 3, 9, 7, 5, 1, 7, 1, 9, 10, 8, 2, 7, 7, 9, 4, 10, 8, 9, 3, 10, 7, 8, 5, 5, 4, 7, 5, 4, 5, 6, 6, 4, 5, 5, 2, 2, 1, 9, 9]
(1.0366399427875868, 0.0, 0.4063523305580037, 0.25555345793216266, 0.5717331836000016, 0.6078431372549021, 1.036753825657069, 0.26630287968015554, 1.0559250654652712, 0.8880980204681422)
[6, 3, 4, 3, 8, 2, 7, 4, 7, 7, 4, 7, 6, 2, 7, 8, 5, 9, 8, 6, 2, 2, 6, 3, 9, 4, 5, 7, 1, 7, 10, 10, 8, 2, 7, 9, 2, 9, 8, 8, 10, 7, 10, 7, 8, 5, 5, 4, 7, 10, 4, 9, 8, 1, 6, 2, 2, 6, 3, 3, 8, 3]
(1.0639278145506974, 0.7845851421082813, 0.9464758699759812, 0.18002748511223077, 0.6078431372549014, 0.6078431372549014, 0.6261828301474363, 0.44772458897265865, 0.623607704974702, 0.0)
[6, 2, 4, 6, 7, 1, 6, 9, 3, 10, 3, 7, 9, 5, 2, 6, 5, 8, 3, 6, 1, 9, 6, 2, 9, 6, 5, 8, 4, 1, 5, 7, 10, 4, 10, 7, 8, 4, 8, 8, 9, 9, 10, 6, 5, 8, 5, 5, 9, 8, 4, 8, 9, 8, 6, 2, 2, 6, 3, 3, 9, 2]
(0.7845851421082813, 0.7845851421082813, 0.40846884232014563, 0.18002748511223077, 1.0390640089288343, 0.6078431372549021, 0.45950351748615464, 0.20966438385299246, 1.0514521332457656, 0.2659801249350401)
[8, 8, 7, 7, 6, 5, 1, 9, 9, 10, 8, 7, 4, 4, 7, 9, 7, 9, 8, 9, 8, 5, 9, 7, 5, 5, 9, 3, 1, 7, 9, 9, 10, 6, 10, 7, 9, 4, 7, 8, 9, 4, 10, 7, 8, 5, 5, 1, 6, 10, 10, 8, 9, 8, 6, 4, 5, 1, 2, 5, 8, 1]
(1.0428025042638174, 0.2269421213485273, 1.0517254086211318, 0.21124269588889077, 0.6078431372549021, 0.6078431372549021, 1.0295067099854338, 0.23461373696987012, 1.0544488100334997, 0.7857075722923647)
[8, 8, 7, 7, 6, 5, 1, 9, 9, 10, 8, 7, 4, 4, 7, 9, 7, 9, 8, 9, 8, 5, 9, 7, 5, 5, 9, 3, 1, 7, 9, 9, 10, 6, 10, 7, 9, 4, 7, 8, 9, 4, 10, 7, 8, 5, 5, 1, 6, 10, 10, 8, 9, 8, 6, 4, 5, 1, 2, 5, 8, 1]
(1.0428025042638174, 0.2269421213485273, 1.0517254086211318, 0.21124269588889077, 0.35855378638953167, 0.6078431372549021, 1.0295067099854338, 0.23461373696987012, 1.0544488100334997, 0.7857075722923647)
[2, 5, 4, 7, 7, 1, 8, 9, 2, 7, 5, 1, 7, 7, 7, 10, 10, 9, 3, 6, 2, 9, 8, 2, 10, 4, 5, 10, 4, 2, 5, 1, 10, 6, 10, 7, 9, 4, 7, 5, 9, 8, 10, 9, 8, 5, 5, 8, 2, 10, 10, 8, 10, 8, 6, 2, 5, 2, 2, 3, 8, 1]
(1.069086700491607, 0.43131163042009946, 1.0436811590567223, 0.18002748511223077, 0.8988845543935865, 0.6078431372549014, 1.0519171452149743, 0.23461373696987012, 1.082201153598726, 0.6558487408143484)
[2, 5, 4, 7, 7, 1, 8, 9, 2, 7, 5, 1, 7, 7, 7, 10, 10, 9, 3, 6, 2, 9, 8, 2, 10, 4, 5, 10, 4, 2, 5, 1, 10, 6, 10, 7, 9, 4, 7, 5, 9, 8, 10, 9, 8, 5, 5, 8, 2, 10, 10, 8, 10, 8, 6, 2, 5, 2, 2, 3, 8, 1]
(1.069086700491607, 0.43131163042009946, 1.0436811590567223, 0.18002748511223077, 0.8988845543935865, 0.6078431372549014, 1.0519171452149743, 0.23461373696987012, 1.082201153598726, 0.6558487408143484)
[2, 5, 4, 7, 7, 1, 8, 9, 2, 7, 5, 1, 7, 7, 7, 10, 10, 9, 3, 6, 2, 9, 8, 2, 10, 4, 5, 10, 4, 2, 5, 1, 10, 6, 10, 7, 9, 4, 7, 5, 9, 8, 10, 9, 8, 5, 5, 8, 2, 10, 10, 8, 10, 8, 6, 2, 5, 2, 2, 3, 8, 1]
(1.069086700491607, 0.43131163042009946, 1.0436811590567223, 0.18002748511223077, 0.8988845543935865, 0.6078431372549014, 1.0519171452149743, 0.23461373696987012, 0.0, 0.6558487408143484)
[2, 5, 4, 7, 7, 1, 8, 9, 2, 7, 5, 1, 7, 7, 7, 10, 10, 9, 3, 6, 2, 9, 8, 2, 10, 4, 5, 10, 4, 2, 5, 1, 10, 6, 10, 7, 9, 4, 7, 5, 9, 8, 10, 9, 8, 5, 5, 8, 2, 10, 10, 8, 10, 8, 6, 2, 5, 2, 2, 3, 8, 1]
(1.069086700491607, 0.43131163042009946, 1.0436811590567223, 0.18002748511223077, 0.8988845543935865, 0.6078431372549014, 1.0519171452149743, 0.23461373696987012, 1.082201153598726, 0.6558487408143484)
[2, 5, 4, 7, 7, 1, 8, 9, 2, 7, 5, 1, 7, 7, 7, 10, 10, 9, 3, 6, 2, 9, 8, 2, 10, 4, 5, 10, 4, 2, 5, 1, 10, 6, 10, 7, 9, 4, 7, 5, 9, 8, 10, 9, 8, 5, 5, 8, 2, 10, 10, 8, 10, 8, 6, 2, 5, 2, 2, 3, 8, 1]
(1.069086700491607, 0.43131163042009946, 1.0436811590567223, 0.18002748511223077, 0.8988845543935865, 0.6078431372549014, 1.0519171452149743, 0.23461373696987012, 1.082201153598726, 0.6558487408143484)
[6, 9, 9, 3, 10, 5, 7, 4, 7, 7, 2, 7, 6, 10, 6, 7, 5, 9, 8, 6, 2, 4, 6, 3, 9, 9, 5, 4, 4, 2, 9, 7, 10, 2, 8, 10, 9, 4, 10, 8, 9, 3, 10, 7, 8, 5, 5, 4, 7, 5, 8, 5, 6, 6, 4, 5, 5, 3, 2, 1, 9, 9]
(0.3924585850909372, 0.1834741136585646, 0.0, 0.21124269588889077, 1.0262895019724954, 1.0, 0.4191629508510242, 0.30788931226185273, 1.032953799702226, 0.4265197945758707)
[6, 6, 4, 3, 7, 2, 7, 7, 7, 7, 7, 7, 6, 10, 7, 9, 5, 9, 8, 6, 2, 2, 6, 3, 9, 7, 5, 1, 7, 1, 9, 10, 4, 2, 8, 7, 5, 4, 10, 8, 9, 3, 9, 7, 8, 5, 5, 4, 7, 5, 8, 5, 6, 6, 4, 5, 5, 2, 2, 1, 9, 9]
(1.0165649609640228, 0.4212586305466382, 0.7562700921669516, 0.18002748511223077, 1.0452970923855893, 0.34065934065934034, 1.0537768082693213, 0.30788931226185273, 0.8880980204681422, 0.8880980204681422)
[6, 6, 4, 3, 7, 2, 7, 7, 7, 7, 7, 7, 6, 10, 7, 9, 5, 9, 8, 6, 2, 2, 6, 3, 9, 7, 5, 1, 7, 1, 9, 10, 4, 2, 8, 7, 5, 4, 10, 8, 9, 3, 9, 7, 8, 5, 5, 4, 7, 5, 8, 5, 6, 6, 4, 5, 5, 2, 2, 1, 9, 9]
(1.0165649609640228, 0.4212586305466382, 0.7562700921669516, 0.18002748511223077, 1.0452970923855893, 0.34065934065934034, 1.0537768082693213, 0.30788931226185273, 0.8880980204681422, 0.8880980204681422)
[6, 2, 1, 6, 7, 1, 6, 9, 3, 10, 8, 7, 9, 5, 2, 6, 5, 8, 3, 6, 2, 9, 6, 2, 9, 6, 5, 8, 4, 1, 5, 7, 10, 4, 10, 7, 8, 4, 8, 8, 9, 9, 10, 6, 5, 8, 5, 10, 9, 8, 10, 8, 9, 8, 6, 2, 2, 6, 3, 3, 9, 2]
(1.0720424054190514, 0.7845851421082813, 1.0841004693880678, 0.18002748511223077, 0.0, 0.6078431372549014, 0.35721116345375975, 0.30788931226185273, 1.04278441350907, 0.2659801249350401)
[6, 2, 1, 6, 7, 1, 6, 9, 3, 10, 8, 7, 9, 5, 2, 6, 5, 8, 3, 6, 2, 9, 6, 2, 9, 6, 5, 8, 4, 1, 5, 7, 10, 4, 10, 7, 8, 4, 8, 8, 9, 9, 10, 6, 5, 8, 5, 10, 9, 8, 10, 8, 9, 8, 6, 2, 2, 6, 3, 3, 9, 2]
(1.0720424054190514, 0.7845851421082813, 0.18002748511223077, 0.18002748511223077, 1.0254201712086786, 0.6078431372549014, 0.35721116345375975, 0.30788931226185273, 1.04278441350907, 0.2659801249350401)
[6, 2, 1, 6, 7, 1, 6, 9, 3, 10, 8, 7, 9, 5, 2, 6, 5, 8, 3, 6, 2, 9, 6, 2, 9, 6, 5, 8, 4, 1, 5, 7, 10, 4, 10, 7, 8, 4, 8, 8, 9, 9, 10, 6, 5, 8, 5, 10, 9, 8, 10, 8, 9, 8, 6, 2, 2, 6, 3, 3, 9, 2]
(1.0720424054190514, 0.7845851421082813, 1.0841004693880678, 0.18002748511223077, 1.0254201712086786, 0.6078431372549014, 0.35721116345375975, 0.30788931226185273, 1.04278441350907, 0.2659801249350401)
[6, 2, 1, 6, 7, 1, 6, 9, 3, 10, 8, 7, 9, 5, 2, 6, 5, 8, 3, 6, 2, 9, 6, 2, 9, 6, 5, 8, 4, 1, 5, 7, 10, 4, 10, 7, 8, 4, 8, 8, 9, 9, 10, 6, 5, 8, 5, 10, 9, 8, 10, 8, 9, 8, 6, 2, 2, 6, 3, 3, 9, 2]
(1.0720424054190514, 0.7845851421082813, 0.0, 0.18002748511223077, 1.0254201712086786, 0.6078431372549014, 0.35721116345375975, 0.30788931226185273, 1.04278441350907, 0.2659801249350401)
[6, 3, 4, 3, 10, 2, 7, 4, 7, 7, 7, 7, 6, 2, 7, 8, 1, 9, 8, 6, 2, 2, 6, 2, 9, 4, 5, 1, 5, 1, 9, 6, 8, 5, 1, 6, 5, 9, 10, 8, 10, 7, 10, 7, 8, 5, 5, 4, 7, 4, 8, 9, 8, 8, 6, 1, 3, 6, 3, 3, 8, 3]
(1.0683208739385008, 0.7845851421082813, 1.0547142149880524, 0.18002748511223077, 0.6078431372549014, 0.6078431372549014, 1.0301196737214915, 0.5792690092842874, 0.0, 0.0)
[6, 3, 4, 3, 10, 2, 7, 4, 7, 7, 7, 7, 6, 2, 7, 8, 1, 9, 8, 6, 2, 2, 6, 2, 9, 4, 5, 1, 5, 1, 9, 6, 8, 5, 1, 6, 5, 9, 10, 8, 10, 7, 10, 7, 8, 5, 5, 4, 7, 4, 8, 9, 8, 8, 6, 1, 3, 6, 3, 3, 8, 3]
(1.0683208739385008, 0.7845851421082813, 0.18002748511223077, 0.18002748511223077, 1.0463467175140968, 0.6078431372549014, 1.0301196737214915, 0.5792690092842874, 0.44069815706461657, 0.0)
[6, 3, 4, 3, 10, 2, 7, 4, 7, 7, 7, 7, 6, 2, 7, 8, 1, 9, 8, 6, 2, 2, 6, 2, 9, 4, 5, 1, 5, 1, 9, 6, 8, 5, 1, 6, 5, 9, 10, 8, 10, 7, 10, 7, 8, 5, 5, 4, 7, 4, 8, 9, 8, 8, 6, 1, 3, 6, 3, 3, 8, 3]
(1.0683208739385008, 0.7845851421082813, 1.0547142149880524, 0.18002748511223077, 1.0463467175140968, 0.6078431372549014, 1.0301196737214915, 0.5792690092842874, 0.44069815706461657, 0.0)
[6, 9, 4, 3, 10, 2, 7, 4, 7, 7, 7, 7, 5, 10, 7, 9, 5, 9, 8, 6, 2, 2, 6, 3, 9, 7, 5, 1, 7, 1, 9, 1, 4, 2, 8, 7, 9, 4, 10, 8, 9, 3, 10, 7, 8, 5, 5, 4, 7, 5, 8, 5, 4, 6, 4, 5, 5, 2, 2, 1, 9, 9]
(1.040560498274862, 0.4212586305466382, 0.4202599639073024, 0.21124269588889077, 1.0312217945232978, 0.6078431372549021, 0.40640991572290824, 0.26630287968015554, 0.4114465972408666, 0.6558487408143484)
[8, 8, 7, 7, 6, 5, 1, 9, 9, 10, 9, 7, 5, 4, 7, 9, 4, 9, 8, 9, 9, 5, 9, 7, 4, 5, 9, 3, 6, 7, 10, 9, 8, 6, 10, 7, 9, 4, 7, 8, 9, 4, 10, 7, 8, 3, 5, 1, 6, 10, 9, 8, 9, 8, 6, 4, 5, 1, 2, 5, 8, 1]
(1.043052677996456, 0.2269421213485273, 0.0, 0.21124269588889077, 0.6078431372549021, 0.6078431372549021, 0.7622530864551575, 0.23461373696987012, 0.8880980204681422, 0.8880980204681422)
[6, 9, 4, 3, 10, 2, 7, 4, 7, 7, 7, 7, 6, 10, 7, 9, 5, 9, 8, 6, 2, 2, 6, 3, 9, 7, 5, 1, 7, 1, 9, 10, 8, 2, 7, 7, 9, 4, 10, 8, 9, 3, 10, 7, 8, 5, 5, 4, 7, 5, 4, 5, 6, 6, 4, 5, 5, 2, 2, 1, 9, 9]
(1.0366399427875868, 0.4212586305466382, 0.4063523305580037, 0.0, 0.5717331836000016, 0.6078431372549021, 1.036753825657069, 0.26630287968015554, 0.0, 0.8880980204681422)
[3, 2, 1, 6, 7, 1, 6, 9, 3, 10, 8, 7, 9, 7, 1, 10, 10, 9, 1, 6, 3, 6, 1, 2, 10, 4, 5, 10, 4, 1, 5, 1, 10, 4, 10, 3, 4, 9, 10, 8, 6, 9, 9, 7, 8, 8, 5, 10, 9, 8, 10, 8, 9, 8, 6, 2, 2, 6, 3, 3, 9, 2]
(0.7845851421082813, 0.7845851421082813, 1.05964981932193, 0.18002748511223077, 0.44170039761811497, 0.43661971830985896, 0.4173690857365738, 0.26630287968015554, 0.6558487408143484, 0.5198905449947135)
[6, 9, 4, 3, 10, 2, 7, 4, 7, 7, 7, 7, 6, 10, 7, 9, 5, 9, 8, 6, 2, 2, 6, 3, 4, 7, 3, 1, 5, 1, 9, 4, 8, 2, 8, 10, 6, 4, 10, 8, 9, 7, 10, 7, 8, 5, 5, 4, 7, 5, 8, 5, 6, 6, 4, 5, 5, 3, 2, 1, 9, 9]
(1.0622326595708724, 0.4212586305466382, 1.0429569097235791, 0.17779431723654834, 0.5180835237726521, 0.34065934065934034, 0.3673890305683037, 0.3648678658671995, 1.0571519905701277, 0.8880980204681422)
[6, 9, 4, 3, 10, 2, 7, 4, 7, 7, 7, 7, 6, 10, 7, 9, 5, 9, 8, 6, 2, 2, 6, 3, 4, 7, 3, 1, 5, 1, 9, 4, 8, 2, 8, 10, 6, 4, 10, 8, 9, 7, 10, 7, 8, 5, 5, 4, 7, 5, 8, 5, 6, 6, 4, 5, 5, 3, 2, 1, 9, 9]
(1.0622326595708724, 0.4212586305466382, 1.0429569097235791, 0.17779431723654834, 0.5180835237726521, 0.34065934065934034, 0.3673890305683037, 0.3648678658671995, 1.0571519905701277, 0.8880980204681422)
[6, 9, 4, 3, 10, 2, 7, 4, 7, 7, 7, 7, 6, 10, 7, 9, 5, 9, 8, 6, 2, 2, 6, 3, 4, 7, 3, 1, 5, 1, 9, 4, 8, 2, 8, 10, 6, 4, 10, 8, 9, 7, 10, 7, 8, 5, 5, 4, 7, 5, 8, 5, 6, 6, 4, 5, 5, 3, 2, 1, 9, 9]
(1.0622326595708724, 0.4212586305466382, 1.0429569097235791, 0.17779431723654834, 0.5180835237726521, 0.34065934065934034, 0.3673890305683037, 0.3648678658671995, 1.0571519905701277, 0.8880980204681422)
[6, 9, 4, 3, 10, 2, 7, 4, 7, 7, 7, 7, 6, 10, 7, 9, 5, 9, 8, 6, 2, 2, 6, 3, 4, 7, 3, 1, 5, 1, 9, 4, 8, 2, 8, 10, 6, 4, 10, 8, 9, 7, 10, 7, 8, 5, 5, 4, 7, 5, 8, 5, 6, 6, 4, 5, 5, 3, 2, 1, 9, 9]
(1.0622326595708724, 0.4212586305466382, 1.0429569097235791, 0.17779431723654834, 0.0, 0.34065934065934034, 0.3673890305683037, 0.3648678658671995, 1.0571519905701277, 0.8880980204681422)
[6, 9, 9, 3, 10, 2, 7, 4, 7, 7, 7, 7, 6, 10, 7, 7, 5, 9, 8, 6, 2, 2, 6, 3, 4, 7, 3, 1, 5, 1, 9, 4, 8, 2, 8, 10, 6, 4, 10, 8, 9, 3, 10, 7, 8, 5, 5, 4, 7, 5, 4, 5, 6, 6, 4, 5, 5, 3, 2, 1, 9, 9]
(1.055551801435649, 0.4212586305466382, 1.0919403491541746, 0.18002748511223077, 0.4366197183098585, 0.4366197183098585, 0.41696775164455285, 0.30788931226185273, 1.0355516197159877, 0.8504808155819743)
[6, 9, 9, 3, 10, 2, 7, 4, 7, 7, 7, 7, 6, 10, 7, 7, 5, 9, 8, 6, 2, 2, 6, 3, 4, 7, 3, 1, 5, 1, 9, 4, 8, 2, 8, 10, 6, 4, 10, 8, 9, 3, 10, 7, 8, 5, 5, 4, 7, 5, 4, 5, 6, 6, 4, 5, 5, 3, 2, 1, 9, 9]
(1.055551801435649, 0.4212586305466382, 1.0919403491541746, 0.18002748511223077, 0.4366197183098585, 0.4366197183098585, 0.41696775164455285, 0.30788931226185273, 1.0355516197159877, 0.8504808155819743)
[6, 9, 9, 3, 10, 2, 7, 4, 7, 7, 7, 7, 6, 10, 7, 7, 5, 9, 8, 6, 2, 2, 6, 3, 4, 7, 3, 1, 5, 1, 9, 4, 8, 2, 8, 10, 6, 4, 10, 8, 9, 3, 10, 7, 8, 5, 5, 4, 7, 5, 4, 5, 6, 6, 4, 5, 5, 3, 2, 1, 9, 9]
(1.055551801435649, 0.4212586305466382, 0.18002748511223077, 0.18002748511223077, 0.4366197183098585, 0.4366197183098585, 0.41696775164455285, 0.30788931226185273, 0.8880980204681422, 0.8504808155819743)
[6, 9, 9, 3, 10, 2, 7, 4, 7, 7, 7, 7, 6, 10, 7, 7, 5, 9, 8, 6, 2, 2, 6, 3, 4, 7, 3, 1, 5, 1, 9, 4, 8, 2, 8, 10, 6, 4, 10, 8, 9, 3, 10, 7, 8, 5, 5, 4, 7, 5, 4, 5, 6, 6, 4, 5, 5, 3, 2, 1, 9, 9]
(1.055551801435649, 0.4212586305466382, 1.0919403491541746, 0.18002748511223077, 0.4366197183098585, 0.4366197183098585, 0.41696775164455285, 0.30788931226185273, 0.8880980204681422, 0.8504808155819743)
[6, 3, 4, 3, 8, 2, 7, 4, 7, 7, 2, 7, 6, 2, 7, 8, 1, 9, 5, 5, 2, 2, 4, 2, 9, 4, 5, 1, 4, 2, 5, 7, 10, 4, 10, 9, 2, 9, 10, 8, 10, 7, 10, 7, 8, 5, 5, 4, 7, 10, 4, 9, 8, 10, 6, 2, 2, 6, 3, 3, 8, 3]
(1.0704321479424832, 0.7845851421082813, 1.0354230469092718, 0.18002748511223077, 1.0658534446731205, 0.0, 0.455669326148926, 0.5792690092842874, 0.6558487408143484, 0.6558487408143484)
[3, 2, 1, 6, 7, 1, 6, 9, 3, 10, 8, 7, 9, 7, 1, 10, 10, 9, 1, 6, 3, 6, 1, 2, 10, 4, 5, 10, 4, 1, 5, 1, 10, 4, 10, 3, 4, 9, 10, 8, 6, 9, 9, 7, 8, 5, 6, 10, 9, 8, 10, 8, 9, 8, 6, 2, 2, 6, 3, 3, 9, 2]
(1.0821966482326388, 0.7845851421082813, 1.0608919894322748, 0.18002748511223077, 0.0, 0.43661971830985896, 0.30788931226185273, 0.30788931226185273, 1.056352077983319, 0.5198905449947135)
[3, 2, 1, 6, 7, 1, 6, 9, 3, 10, 8, 7, 9, 7, 1, 10, 10, 9, 1, 6, 3, 6, 1, 2, 10, 4, 5, 10, 4, 1, 5, 1, 10, 4, 10, 3, 4, 9, 10, 8, 6, 9, 9, 7, 8, 5, 6, 10, 9, 8, 10, 8, 9, 8, 6, 2, 2, 6, 3, 3, 9, 2]
(1.0821966482326388, 0.7845851421082813, 1.0608919894322748, 0.18002748511223077, 0.5425516264513088, 0.43661971830985896, 0.4109230952337398, 0.30788931226185273, 1.056352077983319, 0.5198905449947135)
[3, 2, 1, 6, 7, 1, 6, 9, 3, 10, 8, 7, 9, 7, 1, 10, 10, 9, 1, 6, 3, 6, 1, 2, 10, 4, 5, 10, 4, 1, 5, 1, 10, 4, 10, 3, 4, 9, 10, 8, 6, 9, 9, 7, 8, 5, 6, 10, 9, 8, 10, 8, 9, 8, 6, 2, 2, 6, 3, 3, 9, 2]
(1.0821966482326388, 0.7845851421082813, 1.0608919894322748, 0.18002748511223077, 0.5425516264513088, 0.43661971830985896, 0.0, 0.30788931226185273, 1.056352077983319, 0.5198905449947135)
[3, 2, 1, 6, 7, 1, 6, 9, 3, 10, 8, 7, 9, 7, 1, 10, 10, 9, 1, 6, 3, 6, 1, 2, 10, 4, 5, 10, 4, 1, 5, 1, 10, 4, 10, 3, 4, 9, 10, 8, 6, 9, 9, 7, 8, 8, 5, 10, 9, 8, 10, 8, 9, 8, 6, 2, 2, 6, 3, 3, 9, 2]
(1.081866221688688, 0.7845851421082813, 1.05964981932193, 0.18002748511223077, 0.44170039761811497, 0.43661971830985896, 0.4173690857365738, 0.30788931226185273, 1.0591350583359596, 0.5198905449947135)
[3, 2, 1, 6, 7, 1, 6, 9, 3, 10, 8, 7, 9, 7, 1, 10, 10, 9, 1, 6, 3, 6, 1, 2, 10, 4, 5, 10, 4, 1, 5, 1, 10, 4, 10, 3, 4, 9, 10, 8, 6, 9, 9, 7, 8, 8, 5, 10, 9, 8, 10, 8, 9, 8, 6, 2, 2, 6, 3, 3, 9, 2]
(1.081866221688688, 0.7845851421082813, 1.05964981932193, 0.18002748511223077, 0.44170039761811497, 0.43661971830985896, 0.4173690857365738, 0.30788931226185273, 1.0591350583359596, 0.5198905449947135)
[3, 2, 1, 6, 7, 1, 6, 9, 3, 10, 8, 7, 9, 7, 1, 10, 10, 9, 1, 6, 3, 6, 1, 2, 10, 4, 5, 10, 4, 1, 5, 1, 10, 4, 10, 3, 4, 9, 10, 8, 6, 9, 9, 7, 8, 5, 6, 10, 9, 8, 10, 8, 9, 8, 6, 2, 2, 6, 3, 3, 9, 2]
(1.0821966482326388, 0.7845851421082813, 0.0, 0.18002748511223077, 0.5425516264513088, 0.43661971830985896, 0.4109230952337398, 0.30788931226185273, 1.056352077983319, 0.5198905449947135)
[6, 2, 1, 6, 7, 1, 6, 9, 3, 10, 8, 7, 9, 5, 5, 6, 5, 9, 3, 6, 2, 9, 6, 2, 9, 6, 5, 8, 4, 1, 5, 7, 10, 4, 10, 7, 5, 4, 8, 8, 9, 9, 10, 6, 5, 5, 5, 10, 9, 8, 10, 8, 9, 8, 6, 2, 2, 6, 3, 3, 9, 2]
(1.0706101121380922, 0.43131163042009946, 1.0810417512431743, 0.18002748511223077, 1.0723989428952334, 0.6078431372549014, 1.068343880586326, 0.3648678658671995, 0.6558487408143484, 0.6558487408143484)
[6, 2, 1, 6, 7, 1, 6, 9, 3, 10, 8, 7, 9, 5, 5, 6, 5, 9, 3, 6, 2, 9, 6, 2, 9, 6, 5, 8, 4, 1, 5, 7, 10, 4, 10, 7, 5, 4, 8, 8, 9, 9, 10, 6, 5, 5, 5, 10, 9, 8, 10, 8, 9, 8, 6, 2, 2, 6, 3, 3, 9, 2]
(1.0706101121380922, 0.43131163042009946, 1.0810417512431743, 0.18002748511223077, 1.0723989428952334, 0.6078431372549014, 1.068343880586326, 0.3648678658671995, 1.0685409443452951, 0.6558487408143484)
[5, 2, 1, 10, 7, 1, 6, 9, 3, 10, 4, 7, 9, 5, 5, 6, 5, 9, 3, 6, 2, 9, 6, 2, 10, 4, 5, 8, 4, 10, 5, 7, 10, 1, 10, 7, 5, 8, 7, 8, 9, 9, 10, 6, 5, 5, 5, 10, 9, 6, 10, 8, 9, 8, 6, 2, 2, 6, 3, 3, 9, 2]
(1.0742603683844207, 0.43131163042009946, 1.0727246610447763, 0.18002748511223077, 1.0602745531126851, 0.6078431372549014, 1.0646562399342652, 0.3648678658671995, 1.0656045978888866, 0.6558487408143484)
[5, 2, 1, 10, 7, 1, 6, 9, 3, 10, 4, 7, 9, 5, 5, 6, 5, 9, 3, 6, 2, 9, 6, 2, 10, 4, 5, 8, 4, 10, 5, 7, 10, 1, 10, 7, 5, 8, 7, 8, 9, 9, 10, 6, 5, 5, 5, 10, 9, 6, 10, 8, 9, 8, 6, 2, 2, 6, 3, 3, 9, 2]
(1.0742603683844207, 0.43131163042009946, 1.0727246610447763, 0.18002748511223077, 0.6078431372549014, 0.6078431372549014, 1.0646562399342652, 0.3648678658671995, 1.0656045978888866, 0.6558487408143484)
[5, 2, 1, 10, 7, 1, 6, 9, 3, 10, 4, 7, 9, 5, 5, 6, 5, 9, 3, 6, 2, 9, 6, 2, 10, 4, 5, 8, 4, 10, 5, 7, 10, 1, 10, 7, 5, 8, 7, 8, 9, 9, 10, 6, 5, 5, 5, 10, 9, 6, 10, 8, 9, 8, 6, 2, 2, 6, 3, 3, 9, 2]
(1.0742603683844207, 0.43131163042009946, 1.0727246610447763, 0.18002748511223077, 1.0602745531126851, 0.6078431372549014, 1.0646562399342652, 0.3648678658671995, 1.0656045978888866, 0.6558487408143484)
[6, 2, 4, 3, 10, 2, 8, 4, 2, 4, 8, 7, 7, 8, 6, 9, 5, 9, 8, 6, 2, 2, 6, 3, 9, 7, 5, 1, 5, 1, 9, 4, 8, 2, 4, 7, 9, 4, 7, 8, 9, 3, 9, 7, 8, 5, 6, 4, 7, 5, 8, 5, 6, 6, 4, 5, 5, 2, 2, 3, 8, 3]
(0.3878250265494009, 0.2269421213485273, 1.0509192304685706, 0.18002748511223077, 1.0623613318428393, 1.0, 0.3712773224338909, 0.20966438385299246, 1.0649369044229386, 0.6558487408143484)
[7, 8, 5, 7, 4, 1, 1, 4, 9, 8, 4, 3, 9, 7, 7, 8, 5, 9, 8, 6, 2, 2, 6, 3, 9, 4, 5, 9, 1, 7, 10, 8, 10, 10, 10, 7, 9, 4, 9, 8, 10, 9, 10, 5, 7, 8, 8, 8, 2, 10, 6, 8, 10, 8, 6, 2, 1, 2, 2, 5, 8, 1]
(1.0705648330971598, 0.2974013474494705, 1.077128822542727, 0.18002748511223077, 1.0, 1.0, 1.0509074850007887, 0.20966438385299246, 0.2659801249350401, 0.6558487408143484)
[7, 8, 5, 7, 4, 1, 1, 4, 9, 8, 4, 3, 9, 7, 7, 8, 5, 9, 8, 6, 2, 2, 6, 3, 9, 4, 5, 9, 1, 7, 10, 8, 10, 10, 10, 7, 9, 4, 9, 8, 10, 9, 10, 5, 7, 8, 8, 8, 2, 10, 6, 8, 10, 8, 6, 2, 1, 2, 2, 5, 8, 1]
(1.0705648330971598, 0.2974013474494705, 0.0, 0.18002748511223077, 1.0, 1.0, 1.0509074850007887, 0.20966438385299246, 1.0651171790435907, 0.6558487408143484)
[7, 8, 5, 7, 4, 1, 1, 4, 9, 8, 4, 3, 9, 7, 7, 8, 5, 9, 8, 6, 2, 2, 6, 3, 9, 4, 5, 9, 1, 7, 10, 8, 10, 10, 10, 7, 9, 4, 9, 8, 10, 9, 10, 5, 7, 8, 8, 8, 2, 10, 6, 8, 10, 8, 6, 2, 1, 2, 2, 5, 8, 1]
(1.0705648330971598, 0.2974013474494705, 1.077128822542727, 0.18002748511223077, 1.0, 1.0, 1.0509074850007887, 0.20966438385299246, 1.0651171790435907, 0.6558487408143484)
[7, 8, 5, 7, 4, 1, 1, 4, 9, 8, 4, 3, 9, 7, 7, 8, 5, 9, 8, 6, 2, 2, 6, 3, 9, 4, 5, 9, 1, 7, 10, 8, 10, 10, 10, 7, 9, 4, 9, 8, 10, 9, 10, 5, 7, 8, 8, 8, 2, 10, 6, 8, 10, 8, 6, 2, 1, 2, 2, 5, 8, 1]
(1.0705648330971598, 0.2974013474494705, 1.077128822542727, 0.18002748511223077, 1.0, 1.0, 1.0509074850007887, 0.20966438385299246, 1.0651171790435907, 0.6558487408143484)
[6, 9, 9, 3, 10, 2, 5, 4, 7, 7, 7, 7, 6, 10, 7, 7, 5, 9, 8, 5, 2, 2, 6, 3, 9, 7, 3, 6, 5, 1, 5, 4, 8, 2, 10, 7, 5, 4, 10, 8, 9, 7, 10, 8, 8, 5, 5, 4, 7, 5, 8, 5, 6, 6, 4, 5, 5, 3, 2, 1, 9, 9]
(0.4212586305466382, 0.4212586305466382, 1.0630742637440558, 0.18002748511223077, 0.6078431372549021, 0.6078431372549021, 0.38510432932526073, 0.3648678658671995, 0.6999844660982402, 0.7857075722923647)
[6, 9, 9, 3, 10, 2, 5, 4, 7, 7, 7, 7, 6, 10, 7, 7, 5, 9, 8, 5, 2, 2, 6, 3, 9, 7, 3, 6, 5, 1, 5, 4, 8, 2, 10, 7, 5, 4, 10, 8, 9, 7, 10, 8, 8, 5, 5, 4, 7, 5, 8, 5, 6, 6, 4, 5, 5, 3, 2, 1, 9, 9]
(0.4212586305466382, 0.4212586305466382, 1.0630742637440558, 0.18002748511223077, 0.6078431372549021, 0.6078431372549021, 0.38510432932526073, 0.3648678658671995, 0.6999844660982402, 0.7857075722923647)
[6, 9, 9, 3, 10, 2, 5, 4, 7, 7, 7, 7, 6, 10, 7, 7, 5, 9, 8, 5, 2, 2, 6, 3, 9, 7, 3, 6, 5, 1, 5, 4, 8, 2, 10, 7, 5, 4, 10, 8, 9, 7, 10, 8, 8, 5, 5, 4, 7, 5, 8, 5, 6, 6, 4, 5, 5, 3, 2, 1, 9, 9]
(0.4212586305466382, 0.4212586305466382, 1.0630742637440558, 0.18002748511223077, 0.6078431372549021, 0.6078431372549021, 0.38510432932526073, 0.3648678658671995, 0.6999844660982402, 0.7857075722923647)
[3, 2, 1, 6, 7, 1, 6, 9, 3, 10, 8, 7, 9, 7, 1, 10, 10, 9, 1, 6, 3, 6, 1, 2, 10, 4, 5, 10, 4, 1, 5, 1, 10, 4, 10, 3, 4, 9, 10, 8, 6, 9, 9, 7, 8, 5, 6, 10, 9, 8, 10, 8, 9, 8, 6, 2, 2, 6, 3, 3, 9, 2]
(1.0821966482326388, 0.7845851421082813, 1.0608919894322748, 0.18002748511223077, 0.0, 0.43661971830985896, 0.4109230952337398, 0.30788931226185273, 0.3817534236237427, 0.6558487408143484)
[3, 2, 1, 6, 7, 1, 6, 9, 3, 10, 8, 7, 9, 7, 1, 9, 10, 9, 1, 6, 3, 6, 1, 2, 10, 4, 5, 10, 4, 1, 5, 1, 10, 4, 10, 4, 5, 9, 7, 8, 9, 9, 10, 5, 5, 5, 5, 2, 9, 8, 10, 9, 9, 8, 6, 2, 2, 6, 3, 3, 9, 2]
(1.0801582610234617, 0.7845851421082813, 1.0621386444196101, 0.18002748511223077, 0.43661971830985896, 0.43661971830985896, 0.379161243326964, 0.30788931226185273, 1.054184142686426, 0.6558487408143484)
[6, 9, 4, 3, 10, 2, 7, 4, 7, 7, 7, 7, 6, 10, 7, 9, 5, 9, 8, 6, 2, 2, 6, 3, 9, 7, 5, 1, 7, 1, 9, 10, 8, 2, 7, 7, 9, 4, 10, 8, 9, 3, 10, 7, 8, 5, 5, 4, 7, 5, 4, 5, 6, 6, 4, 5, 5, 2, 2, 1, 9, 9]
(1.0366399427875868, 0.4212586305466382, 0.4063523305580037, 0.25555345793216266, 0.5717331836000016, 0.6078431372549021, 1.036753825657069, 0.26630287968015554, 0.8880980204681422, 0.8880980204681422)
[6, 9, 4, 3, 10, 2, 7, 4, 7, 7, 7, 7, 6, 10, 7, 9, 5, 9, 8, 6, 2, 2, 6, 3, 9, 7, 5, 1, 7, 1, 9, 10, 8, 2, 7, 7, 9, 4, 10, 8, 9, 3, 10, 7, 8, 5, 5, 4, 7, 5, 4, 5, 6, 6, 4, 5, 5, 2, 2, 1, 9, 9]
(1.0366399427875868, 0.4212586305466382, 0.4063523305580037, 0.25555345793216266, 0.5717331836000016, 0.6078431372549021, 1.036753825657069, 0.26630287968015554, 1.0559250654652712, 0.8880980204681422)
[2, 2, 7, 3, 4, 4, 1, 10, 3, 6, 3, 7, 7, 8, 7, 7, 5, 9, 8, 6, 2, 4, 6, 3, 9, 8, 5, 4, 4, 2, 9, 7, 10, 2, 8, 2, 8, 9, 10, 8, 9, 9, 9, 7, 8, 5, 5, 5, 7, 10, 4, 5, 3, 6, 4, 5, 5, 2, 2, 1, 10, 10]
(1.0710939364507792, 0.4212586305466382, 1.0324950413778415, 0.18002748511223077, 1.0602425584569568, 1.0, 1.0603952242061492, 0.20966438385299246, 0.6558487408143484, 0.6558487408143484)
[8, 8, 5, 7, 4, 1, 1, 4, 7, 8, 4, 1, 9, 7, 7, 1, 6, 7, 8, 6, 6, 2, 6, 3, 9, 4, 5, 9, 1, 7, 10, 8, 10, 10, 10, 7, 9, 4, 9, 8, 10, 8, 10, 9, 8, 8, 8, 8, 2, 10, 6, 8, 10, 2, 6, 2, 1, 2, 2, 5, 8, 1]
(1.0629804333671924, 0.43131163042009946, 1.0584729628637428, 0.18002748511223077, 1.0, 1.0, 0.7026003280654459, 0.20966438385299246, 1.0486373296007507, 0.6558487408143484)
[8, 8, 5, 7, 4, 1, 1, 4, 7, 8, 4, 1, 9, 7, 7, 1, 6, 7, 8, 6, 6, 2, 6, 3, 9, 4, 5, 9, 1, 7, 10, 8, 10, 10, 10, 7, 9, 4, 9, 8, 10, 8, 10, 9, 8, 8, 8, 8, 2, 10, 6, 8, 10, 2, 6, 2, 1, 2, 2, 5, 8, 1]
(1.0629804333671924, 0.43131163042009946, 1.0584729628637428, 0.18002748511223077, 1.0552705677226182, 1.0, 0.7026003280654459, 0.20966438385299246, 0.2659801249350401, 0.6558487408143484)
[2, 2, 7, 3, 4, 4, 1, 10, 3, 6, 3, 7, 7, 8, 7, 7, 5, 9, 8, 6, 2, 4, 6, 3, 9, 8, 5, 4, 4, 2, 9, 7, 10, 2, 8, 2, 8, 9, 10, 8, 9, 9, 9, 7, 8, 5, 5, 5, 7, 10, 4, 5, 3, 6, 4, 5, 5, 2, 2, 1, 10, 10]
(1.0710939364507792, 0.4212586305466382, 1.0324950413778415, 0.18002748511223077, 1.0602425584569568, 1.0, 1.0603952242061492, 0.23461373696987012, 1.0664838040247557, 0.6558487408143484)
[2, 2, 7, 3, 4, 4, 1, 10, 3, 6, 3, 7, 7, 8, 7, 7, 5, 9, 8, 6, 2, 4, 6, 3, 9, 8, 5, 4, 4, 2, 9, 7, 10, 2, 8, 2, 8, 9, 10, 8, 9, 9, 9, 7, 8, 5, 5, 5, 7, 10, 4, 5, 3, 6, 4, 5, 5, 2, 2, 1, 10, 10]
(1.0710939364507792, 0.4212586305466382, 1.0324950413778415, 0.18002748511223077, 1.0602425584569568, 1.0, 1.0603952242061492, 0.23461373696987012, 0.0, 0.6558487408143484)
[6, 9, 9, 3, 10, 2, 7, 4, 7, 7, 7, 7, 6, 10, 7, 7, 5, 9, 8, 6, 2, 2, 6, 3, 9, 7, 3, 1, 5, 1, 9, 7, 9, 4, 10, 7, 4, 9, 10, 8, 4, 3, 10, 7, 8, 5, 5, 4, 7, 5, 8, 5, 6, 6, 4, 5, 5, 3, 2, 1, 9, 9]
(1.0477061102166767, 0.4212586305466382, 1.017757358588277, 0.18002748511223077, 0.9999496148899184, 0.922320068813859, 0.5875304011627958, 0.30788931226185273, 0.5377139387652227, 0.8880980204681422)
[6, 3, 4, 3, 8, 2, 7, 4, 7, 7, 2, 7, 6, 2, 7, 8, 1, 9, 5, 5, 2, 2, 4, 2, 9, 4, 5, 1, 4, 2, 5, 7, 10, 4, 10, 9, 2, 9, 10, 8, 10, 7, 10, 7, 8, 5, 5, 4, 7, 10, 4, 9, 8, 10, 6, 2, 2, 6, 3, 3, 8, 3]
(1.0704321479424832, 0.7845851421082813, 1.0354230469092718, 0.18002748511223077, 0.500015042163432, 0.6078431372549014, 0.455669326148926, 0.5792690092842874, 0.6558487408143484, 0.6558487408143484)
[6, 3, 4, 3, 8, 2, 7, 4, 7, 7, 2, 7, 6, 2, 7, 8, 1, 9, 5, 5, 2, 2, 4, 2, 9, 4, 5, 1, 4, 2, 5, 7, 10, 4, 10, 9, 2, 9, 10, 8, 10, 7, 10, 7, 8, 5, 5, 4, 7, 10, 4, 9, 8, 10, 6, 2, 2, 6, 3, 3, 8, 3]
(1.0704321479424832, 0.7845851421082813, 1.0354230469092718, 0.18002748511223077, 1.0658534446731205, 0.6078431372549014, 0.3958465898409506, 0.5792690092842874, 0.6558487408143484, 0.6558487408143484)
[6, 3, 4, 3, 8, 2, 7, 4, 7, 7, 2, 7, 6, 2, 7, 8, 1, 9, 5, 5, 2, 2, 4, 2, 9, 4, 5, 1, 4, 2, 5, 7, 10, 4, 10, 9, 2, 9, 10, 8, 10, 7, 10, 7, 8, 5, 5, 4, 7, 10, 4, 9, 8, 10, 6, 2, 2, 6, 3, 3, 8, 3]
(1.0704321479424832, 0.7845851421082813, 1.0354230469092718, 0.18002748511223077, 0.6078431372549014, 0.6078431372549014, 0.455669326148926, 0.5792690092842874, 0.6558487408143484, 0.6558487408143484)
[6, 3, 4, 3, 8, 2, 7, 4, 7, 7, 7, 7, 6, 2, 7, 8, 1, 9, 5, 5, 2, 2, 4, 2, 9, 4, 5, 1, 4, 2, 5, 7, 10, 4, 10, 9, 5, 9, 10, 8, 10, 7, 10, 7, 8, 5, 5, 4, 7, 6, 8, 9, 8, 10, 6, 2, 2, 6, 3, 3, 8, 3]
(1.0697392871603366, 0.7845851421082813, 1.0289189586415874, 0.18002748511223077, 1.055237065069377, 0.6078431372549014, 0.5409127606078936, 0.5792690092842874, 0.6558487408143484, 0.6558487408143484)
