[3, 1, 2, 1, 9, 7, 8, 1, 3, 1, 7, 10, 6, 5, 1, 1, 4, 5, 1, 4, 10, 7, 9, 3, 7, 8, 10, 8, 9, 5, 5, 10, 7, 2, 3, 2, 10, 9, 2, 9, 5, 9, 8, 7, 8, 10, 7, 3, 2, 10, 8, 10, 8, 8, 1, 4, 4, 2, 5, 4, 7, 1]
(0.44552320316433663, 0.2974013474494705, 0.29480466172098735, 0.18002748511223077, 0.6078431372549014, 0.6078431372549014, 1.0960085986182047, 0.20966438385299246, 0.7812429143115929, 0.2975358587716073)
[10, 4, 10, 7, 4, 5, 8, 1, 3, 3, 5, 9, 1, 5, 2, 6, 5, 5, 6, 3, 5, 5, 9, 2, 8, 7, 7, 6, 9, 5, 9, 8, 6, 2, 3, 4, 10, 7, 4, 9, 5, 9, 8, 3, 8, 10, 7, 5, 7, 9, 7, 10, 5, 8, 8, 7, 2, 2, 10, 6, 7, 1]
(1.0531145164743028, 0.0, 1.0568329012021385, 0.21816521318697063, 1.0566524602472744, 0.4366197183098585, 1.0468511177226865, 0.0, 1.0408598052337732, 0.9694615176466027)
[4, 4, 2, 10, 8, 3, 4, 5, 8, 8, 2, 2, 5, 4, 1, 1, 10, 8, 1, 8, 9, 4, 2, 2, 7, 8, 7, 8, 4, 5, 1, 4, 2, 4, 1, 5, 9, 6, 2, 5, 4, 4, 8, 8, 7, 10, 7, 3, 3, 9, 8, 4, 5, 8, 1, 3, 4, 2, 5, 4, 7, 1]
(0.2974013474494705, 0.0, 1.0924283090978815, 0.18002748511223077, 1.0974656635895323, 1.0, 0.33518294636159696, 0.18951132300357573, 0.4891106456518159, 0.32054346297882147)
[10, 4, 10, 9, 4, 5, 8, 1, 7, 3, 5, 9, 1, 5, 2, 6, 5, 5, 6, 3, 5, 5, 9, 2, 8, 7, 7, 6, 9, 5, 9, 8, 6, 2, 3, 4, 10, 7, 4, 9, 5, 9, 8, 4, 6, 10, 7, 7, 7, 9, 7, 10, 5, 8, 8, 7, 6, 2, 10, 6, 7, 1]
(1.0577309962362014, 0.532196233124062, 1.055405097268518, 0.21816521318697063, 0.3069306930693069, 0.0, 1.0468504238873684, 0.0, 1.0397389752790298, 0.9694615176466027)
[9, 8, 2, 5, 6, 6, 4, 5, 3, 5, 4, 9, 9, 5, 2, 7, 5, 5, 9, 2, 5, 5, 9, 6, 7, 8, 1, 8, 1, 5, 10, 4, 1, 2, 3, 2, 10, 9, 9, 9, 6, 9, 8, 3, 1, 8, 5, 8, 6, 9, 3, 10, 6, 8, 2, 4, 4, 10, 7, 4, 7, 3]
(0.0, 0.858410251814679, 0.5698027687147292, 0.3398990039896214, 1.0557486115023456, 0.6078431372549021, 0.3370799018070041, 0.0, 0.408032058365638, 0.0)
[10, 4, 10, 7, 3, 5, 8, 1, 3, 3, 5, 9, 1, 5, 2, 6, 5, 5, 6, 3, 5, 5, 9, 2, 8, 7, 7, 6, 9, 5, 9, 8, 6, 2, 3, 4, 10, 7, 4, 9, 5, 9, 8, 3, 8, 10, 7, 8, 7, 9, 7, 10, 5, 8, 8, 7, 2, 2, 10, 6, 7, 1]
(1.053118901886042, 0.532196233124062, 1.0568506047129593, 0.21816521318697063, 1.0566520335152707, 0.4366197183098585, 1.0462418809533083, 0.0, 1.0411314282566275, 0.731400740762344)
[4, 4, 2, 1, 8, 6, 1, 1, 10, 10, 1, 2, 5, 3, 1, 1, 8, 3, 1, 8, 9, 4, 5, 2, 8, 7, 7, 9, 9, 5, 5, 10, 2, 4, 2, 5, 10, 10, 2, 7, 4, 4, 8, 8, 8, 10, 7, 1, 3, 9, 8, 10, 3, 8, 1, 3, 4, 2, 5, 4, 9, 5]
(0.4754553610458984, 0.2269421213485273, 0.46551398262381666, 0.18002748511223077, 1.0, 0.6078431372549014, 1.0823848292231515, 0.26630287968015554, 1.0199632864445403, 0.6558487408143484)
[3, 2, 2, 5, 2, 6, 2, 5, 3, 1, 7, 10, 6, 5, 1, 10, 4, 5, 1, 4, 10, 7, 9, 3, 7, 8, 10, 8, 9, 5, 5, 10, 7, 2, 1, 5, 9, 6, 2, 7, 4, 4, 8, 8, 7, 10, 7, 3, 3, 9, 8, 10, 5, 8, 1, 3, 4, 2, 2, 4, 6, 1]
(0.42138912752270385, 0.2974013474494705, 0.6832769075408629, 0.18002748511223077, 1.0, 1.0, 0.25983445737510724, 0.18951132300357573, 0.3022805688902695, 0.2975358587716073)
[4, 4, 2, 10, 6, 3, 4, 5, 8, 8, 2, 2, 5, 4, 1, 1, 10, 8, 1, 8, 9, 4, 2, 2, 7, 8, 7, 8, 4, 5, 1, 4, 2, 4, 1, 5, 9, 6, 2, 5, 4, 4, 8, 8, 7, 10, 7, 3, 3, 9, 8, 4, 5, 8, 1, 3, 4, 2, 5, 4, 7, 1]
(0.9319177506491505, 0.2974013474494705, 1.0936376690864518, 0.18002748511223077, 1.0966939633712127, 0.9941042285412502, 0.18951132300357573, 0.18951132300357573, 1.097348431311543, 0.32054346297882147)
[3, 1, 2, 10, 6, 7, 8, 1, 3, 5, 7, 9, 1, 5, 2, 6, 5, 5, 6, 3, 5, 5, 9, 6, 7, 8, 10, 8, 1, 4, 5, 10, 6, 2, 3, 4, 10, 7, 4, 9, 5, 9, 8, 7, 8, 10, 7, 3, 1, 9, 7, 10, 8, 8, 1, 3, 4, 2, 7, 4, 7, 1]
(1.0535383300855719, 0.532196233124062, 1.0413789311423862, 0.3398990039896214, 0.6078431372549014, 0.6078431372549014, 0.31609960980712876, 0.20966438385299246, 0.3084865259006576, 0.2975358587716073)
[3, 1, 2, 10, 6, 7, 8, 1, 3, 5, 7, 9, 1, 5, 2, 6, 5, 5, 6, 3, 5, 5, 9, 6, 7, 8, 10, 8, 1, 4, 5, 10, 6, 2, 3, 4, 10, 7, 4, 9, 5, 9, 8, 7, 8, 10, 7, 3, 1, 9, 7, 10, 8, 8, 1, 3, 4, 2, 7, 4, 7, 1]
(1.0535383300855719, 0.532196233124062, 1.0413789311423862, 0.3398990039896214, 0.6078431372549014, 0.6078431372549014, 0.31609960980712876, 0.20966438385299246, 0.3084865259006576, 0.2975358587716073)
[4, 4, 2, 10, 8, 3, 4, 5, 8, 8, 2, 2, 5, 4, 1, 1, 10, 8, 1, 8, 9, 4, 2, 2, 7, 8, 7, 8, 4, 5, 1, 4, 2, 4, 1, 5, 9, 6, 2, 5, 4, 4, 8, 8, 7, 10, 7, 3, 3, 9, 8, 4, 5, 8, 1, 3, 4, 2, 5, 4, 7, 1]
(1.096400589309628, 0.2974013474494705, 1.0924283090978815, 0.18002748511223077, 1.0974656635895323, 1.0, 0.33518294636159696, 0.18951132300357573, 0.4891106456518159, 0.32054346297882147)
[3, 1, 4, 8, 9, 7, 5, 1, 3, 5, 1, 9, 4, 5, 2, 6, 8, 5, 3, 3, 5, 7, 6, 6, 5, 8, 6, 3, 8, 5, 10, 10, 1, 10, 3, 4, 10, 9, 4, 9, 5, 6, 8, 2, 8, 10, 5, 8, 6, 9, 8, 10, 6, 8, 1, 4, 4, 2, 7, 4, 7, 1]
(1.0577513519674502, 0.858410251814679, 1.0503663102164826, 0.3398990039896214, 1.055566996894773, 0.38271604938271625, 0.3163440445437979, 0.17289277070398817, 1.079534790664907, 0.2975358587716073)
[3, 1, 4, 8, 9, 7, 5, 1, 3, 5, 1, 9, 4, 5, 2, 6, 8, 5, 3, 3, 5, 7, 6, 6, 5, 8, 6, 3, 8, 5, 10, 10, 1, 10, 3, 4, 10, 9, 4, 9, 5, 6, 8, 2, 8, 10, 5, 8, 6, 9, 8, 10, 6, 8, 1, 4, 4, 2, 7, 4, 7, 1]
(1.0577513519674502, 0.858410251814679, 1.0503663102164826, 0.3398990039896214, 1.055566996894773, 0.38271604938271625, 0.3163440445437979, 0.17289277070398817, 1.079534790664907, 0.2975358587716073)
[3, 1, 4, 8, 9, 7, 5, 1, 3, 5, 1, 9, 4, 5, 2, 6, 8, 5, 3, 3, 5, 7, 6, 6, 5, 8, 6, 3, 8, 5, 10, 10, 1, 10, 3, 4, 10, 9, 4, 9, 5, 6, 8, 2, 8, 10, 5, 8, 6, 9, 8, 10, 6, 8, 1, 4, 4, 2, 7, 4, 7, 1]
(1.0577513519674502, 0.858410251814679, 1.0503663102164826, 0.3398990039896214, 1.055566996894773, 0.38271604938271625, 0.3163440445437979, 0.17289277070398817, 1.079534790664907, 0.2975358587716073)
[4, 4, 2, 10, 2, 3, 4, 5, 3, 8, 2, 2, 5, 4, 1, 1, 4, 8, 1, 8, 9, 4, 2, 1, 7, 8, 7, 8, 9, 2, 5, 9, 6, 2, 3, 1, 10, 7, 4, 9, 8, 9, 8, 7, 8, 10, 7, 3, 3, 7, 8, 10, 5, 10, 1, 3, 4, 2, 5, 4, 7, 1]
(0.2974013474494705, 0.2974013474494705, 0.3489216390997109, 0.18002748511223077, 1.0, 1.0, 1.094144890829916, 0.18951132300357573, 1.0975167069584084, 0.4306220917254755)
[4, 4, 2, 10, 2, 3, 4, 5, 3, 8, 2, 2, 5, 4, 1, 1, 4, 8, 1, 8, 9, 4, 2, 1, 7, 8, 7, 8, 9, 2, 5, 9, 6, 2, 3, 1, 10, 7, 4, 9, 8, 9, 8, 7, 8, 10, 7, 3, 3, 7, 8, 10, 5, 10, 1, 3, 4, 2, 5, 4, 7, 1]
(0.2974013474494705, 0.2974013474494705, 0.3489216390997109, 0.18002748511223077, 1.0, 1.0, 1.094144890829916, 0.18951132300357573, 1.0975167069584084, 0.4306220917254755)
[6, 4, 10, 7, 4, 5, 8, 1, 3, 1, 5, 9, 1, 5, 2, 6, 5, 5, 6, 3, 6, 5, 9, 6, 8, 7, 7, 8, 6, 5, 9, 8, 6, 2, 3, 4, 10, 2, 4, 9, 5, 9, 8, 4, 6, 10, 7, 8, 7, 9, 7, 10, 5, 8, 8, 7, 2, 2, 10, 6, 7, 1]
(1.0570307679474316, 0.532196233124062, 1.0562946889549456, 0.21816521318697063, 1.0566735235974154, 0.4366197183098585, 1.0461500708013738, 0.0, 1.0405474925413694, 0.9694615176466027)
[6, 4, 10, 7, 4, 5, 8, 1, 3, 1, 5, 9, 1, 5, 2, 6, 5, 5, 6, 3, 6, 5, 9, 6, 8, 7, 7, 8, 6, 5, 9, 8, 6, 2, 3, 4, 10, 2, 4, 9, 5, 9, 8, 4, 6, 10, 7, 8, 7, 9, 7, 10, 5, 8, 8, 7, 2, 2, 10, 6, 7, 1]
(0.532196233124062, 0.532196233124062, 1.0562946889549456, 0.21816521318697063, 1.0566735235974154, 0.4366197183098585, 1.0461500708013738, 0.0, 1.0405474925413694, 0.9694615176466027)
[10, 4, 10, 7, 4, 5, 8, 1, 3, 3, 5, 9, 1, 5, 2, 6, 5, 5, 6, 3, 5, 5, 9, 2, 8, 7, 7, 6, 9, 5, 9, 8, 6, 2, 3, 4, 10, 7, 4, 9, 5, 9, 8, 3, 8, 10, 7, 5, 7, 9, 7, 10, 5, 8, 8, 7, 2, 2, 10, 6, 7, 1]
(1.0531145164743028, 0.532196233124062, 1.0568329012021385, 0.21816521318697063, 1.0566524602472744, 0.4366197183098585, 1.0468511177226865, 0.0, 1.0408598052337732, 0.9694615176466027)
[3, 1, 4, 6, 9, 8, 5, 1, 3, 5, 1, 9, 4, 5, 2, 6, 8, 5, 3, 3, 5, 7, 6, 6, 5, 8, 6, 3, 8, 5, 10, 10, 1, 10, 3, 4, 10, 9, 4, 9, 5, 6, 8, 3, 8, 10, 5, 8, 6, 9, 8, 10, 8, 8, 1, 4, 4, 2, 7, 4, 7, 1]
(1.0577490290626845, 0.858410251814679, 1.0503661410883032, 0.3398990039896214, 1.0551677087321838, 0.5081967213114751, 0.6147484855726396, 0.18951132300357573, 0.4496515484526742, 0.2975358587716073)
[3, 1, 4, 6, 9, 8, 5, 1, 3, 5, 1, 9, 4, 5, 2, 6, 8, 5, 3, 3, 5, 7, 6, 6, 5, 8, 6, 3, 8, 5, 10, 10, 1, 10, 3, 4, 10, 9, 4, 9, 5, 6, 8, 3, 8, 10, 5, 8, 6, 9, 8, 10, 8, 8, 1, 4, 4, 2, 7, 4, 7, 1]
(1.0577490290626845, 0.858410251814679, 1.0503661410883032, 0.3398990039896214, 1.0551677087321838, 0.5081967213114751, 0.6147484855726396, 0.18951132300357573, 0.4496515484526742, 0.2975358587716073)
[3, 1, 4, 6, 9, 8, 5, 1, 3, 5, 1, 9, 4, 5, 2, 6, 8, 5, 3, 3, 5, 7, 6, 6, 5, 8, 6, 3, 8, 5, 10, 10, 1, 10, 3, 4, 10, 9, 4, 9, 5, 6, 8, 3, 8, 10, 5, 8, 6, 9, 8, 10, 8, 8, 1, 4, 4, 2, 7, 4, 7, 1]
(1.0577490290626845, 0.858410251814679, 1.0503661410883032, 0.3398990039896214, 1.0551677087321838, 0.5081967213114751, 0.6147484855726396, 0.18951132300357573, 0.4496515484526742, 0.2975358587716073)
[3, 1, 4, 6, 9, 8, 5, 1, 3, 5, 1, 9, 4, 5, 2, 6, 8, 5, 3, 3, 5, 7, 6, 6, 5, 8, 6, 3, 8, 5, 10, 10, 1, 10, 3, 4, 10, 9, 4, 9, 5, 6, 8, 3, 8, 10, 5, 8, 6, 9, 8, 10, 8, 8, 1, 4, 4, 2, 7, 4, 7, 1]
(1.0577490290626845, 0.858410251814679, 1.0503661410883032, 0.3398990039896214, 1.0551677087321838, 0.5081967213114751, 0.6147484855726396, 0.18951132300357573, 0.4496515484526742, 0.2975358587716073)
[3, 1, 4, 6, 9, 8, 5, 1, 3, 5, 1, 9, 4, 5, 2, 6, 8, 5, 3, 3, 5, 7, 6, 6, 5, 8, 6, 3, 8, 5, 10, 10, 1, 10, 3, 4, 10, 9, 4, 9, 5, 6, 8, 3, 8, 10, 5, 8, 6, 9, 8, 10, 8, 8, 1, 4, 4, 2, 7, 4, 7, 1]
(1.0577490290626845, 0.858410251814679, 1.0503661410883032, 0.3398990039896214, 1.0551677087321838, 0.5081967213114751, 0.6147484855726396, 0.18951132300357573, 0.4496515484526742, 0.2975358587716073)
[3, 1, 4, 6, 9, 8, 5, 1, 3, 5, 1, 9, 4, 5, 2, 6, 8, 5, 3, 3, 5, 7, 6, 6, 5, 8, 6, 3, 8, 5, 10, 10, 1, 10, 3, 4, 10, 9, 4, 9, 5, 6, 8, 3, 8, 10, 5, 8, 6, 9, 8, 10, 8, 8, 1, 4, 4, 2, 7, 4, 7, 1]
(1.0577490290626845, 0.858410251814679, 1.0503661410883032, 0.3398990039896214, 1.0551677087321838, 0.5081967213114751, 0.6147484855726396, 0.18951132300357573, 0.4496515484526742, 0.2975358587716073)
[4, 4, 4, 10, 2, 2, 5, 5, 3, 8, 5, 2, 5, 4, 6, 6, 4, 8, 1, 9, 5, 4, 2, 2, 8, 7, 7, 8, 9, 5, 9, 8, 4, 2, 3, 1, 10, 3, 4, 9, 8, 9, 8, 7, 8, 10, 7, 3, 3, 7, 8, 10, 5, 10, 1, 3, 4, 3, 5, 4, 5, 1]
(0.28600454181432394, 0.2974013474494705, 0.35475148428230857, 0.18002748511223077, 0.6078431372549014, 1.0, 0.20966438385299246, 0.20966438385299246, 0.5198905449947135, 0.5198905449947135)
[4, 4, 4, 10, 2, 2, 5, 5, 3, 8, 5, 2, 5, 4, 6, 6, 4, 8, 1, 9, 5, 4, 2, 2, 8, 7, 7, 8, 9, 5, 9, 8, 4, 2, 3, 1, 10, 3, 4, 9, 8, 9, 8, 7, 8, 10, 7, 3, 3, 7, 8, 10, 5, 10, 1, 3, 4, 3, 5, 4, 5, 1]
(0.2974013474494705, 0.2974013474494705, 0.35475148428230857, 0.18002748511223077, 0.6078431372549014, 1.0, 0.20966438385299246, 0.20966438385299246, 0.5198905449947135, 0.5198905449947135)
[4, 4, 4, 10, 2, 2, 5, 5, 3, 8, 5, 2, 5, 4, 6, 6, 4, 8, 1, 9, 5, 4, 2, 2, 8, 7, 7, 8, 9, 5, 9, 8, 4, 2, 3, 1, 10, 3, 4, 9, 8, 9, 8, 7, 8, 10, 7, 3, 3, 7, 8, 10, 5, 10, 1, 3, 4, 3, 5, 4, 5, 1]
(0.2974013474494705, 0.2974013474494705, 0.35475148428230857, 0.18002748511223077, 0.6078431372549014, 1.0, 0.20966438385299246, 0.20966438385299246, 0.5198905449947135, 0.5198905449947135)
[4, 4, 4, 10, 2, 2, 5, 5, 3, 8, 5, 2, 5, 4, 6, 6, 4, 8, 1, 9, 5, 4, 2, 2, 8, 7, 7, 8, 9, 5, 9, 8, 4, 2, 3, 1, 10, 3, 4, 9, 8, 9, 8, 7, 8, 10, 7, 3, 3, 7, 8, 10, 5, 10, 1, 3, 4, 3, 5, 4, 5, 1]
(0.2974013474494705, 0.2974013474494705, 0.35475148428230857, 0.18002748511223077, 0.6078431372549014, 1.0, 0.20966438385299246, 0.20966438385299246, 0.5198905449947135, 0.5198905449947135)
[3, 2, 2, 10, 2, 6, 2, 5, 3, 5, 7, 2, 5, 9, 10, 5, 8, 5, 10, 3, 7, 10, 9, 2, 8, 7, 7, 8, 5, 5, 1, 4, 2, 4, 1, 5, 9, 6, 2, 7, 4, 4, 8, 8, 7, 10, 7, 3, 3, 9, 8, 10, 5, 8, 1, 3, 4, 2, 2, 4, 6, 1]
(0.46467239577323, 0.2974013474494705, 0.47504258863627735, 0.18002748511223077, 0.6078431372549014, 1.0, 0.0, 0.5156397112668687, 0.2975358587716073, 0.2975358587716073)
[3, 2, 2, 10, 2, 6, 2, 5, 3, 5, 7, 2, 5, 9, 10, 5, 8, 5, 10, 3, 7, 10, 9, 2, 8, 7, 7, 8, 5, 5, 1, 4, 2, 4, 1, 5, 9, 6, 2, 7, 4, 4, 8, 8, 7, 10, 7, 3, 3, 9, 8, 10, 5, 8, 1, 3, 4, 2, 2, 4, 6, 1]
(0.46467239577323, 0.2974013474494705, 0.47504258863627735, 0.18002748511223077, 0.6078431372549014, 1.0, 0.5156397112668687, 0.5156397112668687, 0.2975358587716073, 0.2975358587716073)
[3, 2, 2, 10, 2, 6, 2, 5, 3, 5, 7, 2, 5, 9, 10, 5, 8, 5, 10, 3, 7, 10, 9, 2, 8, 7, 7, 8, 5, 5, 1, 4, 2, 4, 1, 5, 9, 6, 2, 7, 4, 4, 8, 8, 7, 10, 7, 3, 3, 9, 8, 10, 5, 8, 1, 3, 4, 2, 2, 4, 6, 1]
(0.46467239577323, 0.2974013474494705, 0.47504258863627735, 0.18002748511223077, 0.6078431372549014, 1.0, 0.5156397112668687, 0.5156397112668687, 0.2975358587716073, 0.2975358587716073)
[3, 2, 2, 10, 2, 6, 2, 5, 3, 5, 7, 2, 5, 9, 10, 5, 8, 5, 10, 3, 5, 10, 9, 2, 8, 7, 7, 8, 5, 5, 1, 4, 2, 4, 1, 5, 9, 6, 2, 7, 4, 4, 8, 8, 6, 10, 7, 3, 3, 9, 8, 10, 5, 8, 1, 3, 4, 2, 2, 4, 6, 1]
(0.43131163042009946, 0.2974013474494705, 0.4710324678570014, 0.18002748511223077, 1.0, 1.0, 0.5156397112668687, 0.5156397112668687, 0.40266885645686984, 0.2975358587716073)
[4, 4, 2, 10, 1, 3, 4, 5, 8, 8, 2, 2, 5, 4, 1, 1, 10, 8, 1, 8, 9, 4, 2, 3, 7, 8, 7, 8, 4, 5, 1, 4, 2, 4, 2, 5, 9, 6, 2, 5, 4, 4, 8, 8, 7, 10, 7, 3, 3, 9, 8, 10, 5, 8, 1, 3, 4, 2, 5, 4, 7, 1]
(0.4543862737715222, 0.2974013474494705, 1.093039288371797, 0.18002748511223077, 1.0, 1.0, 0.7167418209835932, 0.18951132300357573, 1.0932207152247384, 0.6558487408143484)
[4, 4, 4, 10, 2, 2, 5, 5, 3, 8, 5, 2, 5, 4, 6, 6, 4, 8, 1, 9, 5, 4, 2, 2, 8, 7, 7, 8, 9, 5, 9, 8, 4, 2, 3, 1, 10, 3, 4, 9, 8, 9, 8, 7, 8, 10, 7, 3, 3, 4, 8, 10, 5, 10, 1, 3, 4, 3, 5, 4, 5, 1]
(1.098176667094226, 0.2974013474494705, 0.610074252448979, 0.18002748511223077, 1.0, 1.0, 0.443254592455921, 0.18951132300357573, 0.6230408914387277, 0.6558487408143484)
[4, 4, 2, 10, 1, 3, 4, 5, 8, 8, 2, 2, 5, 4, 1, 1, 10, 8, 1, 8, 9, 4, 2, 3, 7, 8, 7, 8, 4, 5, 1, 4, 2, 4, 2, 5, 9, 6, 2, 5, 4, 4, 8, 8, 7, 10, 7, 3, 3, 9, 8, 10, 5, 8, 1, 3, 4, 2, 5, 4, 7, 1]
(0.4543862737715222, 0.2974013474494705, 1.093039288371797, 0.18002748511223077, 1.0, 1.0, 0.7167418209835932, 0.18951132300357573, 1.0932207152247384, 0.6558487408143484)
[10, 4, 10, 2, 10, 2, 3, 1, 3, 5, 7, 10, 6, 5, 1, 1, 4, 5, 1, 2, 10, 7, 9, 7, 7, 8, 10, 8, 9, 5, 5, 8, 6, 2, 5, 4, 6, 9, 4, 8, 3, 9, 3, 6, 8, 8, 7, 9, 7, 6, 2, 10, 6, 8, 2, 7, 7, 2, 10, 6, 7, 1]
(1.0689818950369916, 0.858410251814679, 0.5423612989485277, 0.3398990039896214, 0.34065934065934084, 0.0, 1.0641171557828744, 0.514026488684952, 1.0705577423796016, 0.6558487408143484)
[10, 4, 10, 2, 10, 2, 3, 1, 3, 5, 7, 10, 6, 5, 5, 1, 4, 5, 1, 2, 10, 7, 9, 3, 7, 8, 10, 8, 9, 5, 5, 8, 6, 2, 5, 4, 6, 9, 4, 8, 3, 9, 3, 6, 8, 8, 7, 9, 7, 6, 2, 10, 6, 8, 2, 7, 7, 2, 10, 6, 7, 1]
(1.0689818950369916, 0.858410251814679, 0.5423612989485277, 0.3398990039896214, 0.34065934065934084, 0.0, 1.0641171557828744, 0.514026488684952, 1.0705577423796016, 0.6558487408143484)
[10, 4, 2, 9, 4, 5, 8, 1, 3, 3, 5, 9, 1, 5, 2, 6, 5, 5, 2, 3, 5, 5, 9, 2, 8, 7, 10, 8, 9, 5, 9, 8, 6, 2, 3, 4, 10, 7, 4, 6, 3, 3, 8, 3, 8, 9, 7, 9, 7, 9, 7, 10, 5, 8, 8, 7, 2, 2, 10, 6, 7, 1]
(1.054736457578834, 0.532196233124062, 1.0566859856247863, 0.21816521318697063, 1.0566195532679519, 1.0, 1.0496294200420342, 0.2164785453906629, 1.0348888637497988, 0.46195361859676887)
[10, 4, 10, 4, 4, 7, 8, 3, 2, 3, 7, 9, 1, 5, 2, 6, 5, 5, 6, 3, 6, 5, 9, 2, 8, 7, 7, 8, 6, 5, 9, 8, 6, 5, 5, 6, 10, 7, 4, 10, 5, 3, 8, 3, 8, 10, 7, 9, 7, 9, 7, 10, 5, 8, 8, 7, 2, 2, 10, 6, 7, 1]
(1.0538378328084907, 0.532196233124062, 1.0556842792779169, 0.21816521318697063, 1.0518303871154748, 1.0, 1.0466333286836709, 0.0, 1.0353603562340106, 0.731400740762344)
[10, 4, 10, 4, 4, 7, 8, 3, 2, 3, 7, 9, 1, 5, 2, 6, 5, 5, 6, 3, 6, 5, 9, 2, 8, 7, 7, 8, 6, 5, 9, 8, 6, 5, 5, 6, 10, 7, 4, 10, 5, 3, 8, 3, 8, 10, 7, 9, 7, 9, 7, 10, 5, 8, 8, 7, 2, 2, 10, 6, 7, 1]
(1.0538378328084907, 0.532196233124062, 1.0556842792779169, 0.21816521318697063, 1.0518303871154748, 1.0, 1.0466333286836709, 0.0, 1.0353603562340106, 0.731400740762344)
[10, 4, 10, 4, 4, 7, 8, 3, 2, 3, 7, 9, 1, 5, 2, 6, 5, 5, 6, 3, 6, 5, 9, 2, 8, 7, 7, 8, 6, 5, 9, 8, 6, 5, 5, 6, 10, 7, 4, 10, 5, 3, 8, 3, 8, 10, 7, 9, 7, 9, 7, 10, 5, 8, 8, 7, 2, 2, 10, 6, 7, 1]
(1.0538378328084907, 0.532196233124062, 1.0556842792779169, 0.21816521318697063, 1.0518303871154748, 1.0, 1.0466333286836709, 0.0, 1.0353603562340106, 0.731400740762344)
[10, 4, 10, 4, 4, 7, 8, 3, 2, 3, 7, 9, 1, 5, 2, 6, 5, 5, 6, 3, 6, 5, 9, 2, 8, 7, 7, 8, 6, 5, 9, 8, 6, 5, 5, 6, 10, 7, 4, 10, 5, 3, 8, 3, 8, 10, 7, 9, 7, 9, 7, 10, 5, 8, 8, 7, 2, 2, 10, 6, 7, 1]
(1.0538378328084907, 0.532196233124062, 1.0556842792779169, 0.21816521318697063, 1.0518303871154748, 1.0, 1.0466333286836709, 0.0, 1.0353603562340106, 0.731400740762344)
[10, 4, 10, 4, 4, 7, 8, 3, 2, 3, 7, 9, 1, 5, 2, 6, 5, 5, 6, 3, 6, 5, 9, 2, 8, 7, 7, 8, 6, 5, 9, 8, 6, 5, 5, 6, 10, 7, 4, 10, 5, 3, 8, 3, 8, 10, 7, 9, 7, 9, 7, 10, 5, 8, 8, 7, 2, 2, 10, 6, 7, 1]
(1.0538378328084907, 0.532196233124062, 1.0556842792779169, 0.21816521318697063, 1.0518303871154748, 1.0, 1.0466333286836709, 0.0, 1.0353603562340106, 0.731400740762344)
[3, 4, 2, 1, 9, 2, 8, 1, 3, 5, 7, 9, 4, 5, 2, 6, 5, 5, 10, 3, 5, 7, 6, 1, 5, 8, 6, 3, 1, 7, 10, 10, 1, 2, 6, 4, 10, 9, 4, 9, 5, 9, 8, 7, 8, 10, 7, 6, 6, 10, 8, 10, 5, 8, 1, 3, 4, 2, 7, 4, 9, 5]
(1.0473573384806478, 0.858410251814679, 0.3643274676054654, 0.18002748511223077, 1.0, 1.0, 0.8533036468550577, 0.20966438385299246, 0.6374221555888704, 0.2659801249350401)
[10, 4, 10, 9, 4, 5, 8, 1, 3, 3, 5, 9, 1, 5, 2, 6, 5, 5, 6, 3, 5, 5, 9, 2, 8, 7, 7, 6, 9, 5, 9, 8, 6, 9, 3, 4, 10, 3, 4, 9, 5, 3, 8, 3, 10, 10, 7, 9, 2, 9, 7, 10, 5, 8, 8, 7, 2, 2, 10, 6, 7, 1]
(1.0565824596211275, 0.532196233124062, 1.0574636068195067, 0.21816521318697063, 1.0566737689077816, 0.6078431372549021, 1.045404582470652, 0.2164785453906629, 1.0407391361892189, 0.9694615176466027)
[3, 4, 2, 1, 9, 2, 8, 1, 3, 5, 7, 9, 4, 5, 2, 6, 5, 5, 10, 3, 5, 7, 6, 1, 5, 8, 6, 3, 1, 7, 10, 10, 1, 2, 6, 4, 10, 9, 4, 9, 5, 9, 8, 7, 8, 10, 7, 6, 6, 10, 8, 10, 5, 8, 1, 3, 4, 2, 7, 4, 9, 5]
(1.0473573384806478, 0.858410251814679, 0.3643274676054654, 0.21124269588889077, 0.9412892734631856, 1.0, 0.8533036468550577, 0.20966438385299246, 0.6374221555888704, 0.2659801249350401)
[3, 4, 2, 1, 9, 2, 8, 1, 3, 5, 7, 9, 4, 5, 2, 6, 5, 5, 10, 3, 5, 7, 6, 1, 5, 8, 6, 3, 1, 7, 10, 10, 1, 2, 6, 4, 10, 9, 4, 9, 5, 9, 8, 7, 8, 10, 7, 6, 6, 10, 8, 10, 5, 8, 1, 3, 4, 2, 7, 4, 9, 5]
(1.0473573384806478, 0.858410251814679, 0.3643274676054654, 0.21124269588889077, 0.9412892734631856, 1.0, 0.8533036468550577, 0.20966438385299246, 0.6374221555888704, 0.2659801249350401)
[3, 4, 2, 1, 9, 2, 8, 1, 3, 5, 7, 9, 4, 5, 2, 6, 5, 5, 10, 3, 5, 7, 6, 1, 5, 8, 6, 3, 1, 7, 10, 10, 1, 2, 6, 4, 10, 9, 4, 9, 5, 9, 8, 7, 8, 10, 7, 6, 6, 10, 8, 10, 5, 8, 1, 3, 4, 2, 7, 4, 9, 5]
(1.0473573384806478, 0.858410251814679, 0.3643274676054654, 0.21124269588889077, 0.9412892734631856, 1.0, 0.8533036468550577, 0.20966438385299246, 0.6374221555888704, 0.2659801249350401)
[3, 4, 2, 1, 9, 2, 8, 1, 3, 5, 7, 9, 4, 5, 2, 6, 5, 5, 10, 3, 5, 7, 6, 1, 3, 8, 6, 3, 1, 7, 10, 10, 1, 2, 6, 4, 10, 9, 4, 9, 5, 9, 8, 7, 8, 10, 7, 6, 6, 10, 8, 10, 5, 8, 1, 3, 4, 2, 7, 4, 9, 5]
(1.0473581964150036, 0.858410251814679, 0.3573238000273642, 0.21124269588889077, 0.6226387318223731, 1.0, 0.6611635442823222, 0.20966438385299246, 0.6139761459082415, 0.2659801249350401)
[3, 4, 2, 1, 9, 2, 8, 1, 3, 5, 7, 9, 4, 5, 2, 6, 5, 5, 10, 3, 5, 7, 6, 1, 5, 8, 6, 3, 1, 7, 10, 10, 1, 2, 6, 4, 10, 9, 4, 9, 5, 9, 8, 7, 8, 10, 7, 6, 6, 10, 8, 10, 5, 8, 1, 3, 4, 2, 7, 4, 9, 5]
(1.0473573384806478, 0.858410251814679, 0.3643274676054654, 0.21124269588889077, 0.9412892734631856, 1.0, 0.8533036468550577, 0.20966438385299246, 0.6374221555888704, 0.2659801249350401)
[3, 4, 2, 1, 9, 2, 8, 1, 3, 5, 7, 9, 4, 5, 2, 6, 5, 5, 10, 3, 5, 7, 6, 1, 5, 8, 6, 3, 1, 7, 10, 10, 1, 2, 6, 4, 10, 9, 4, 9, 5, 9, 8, 7, 8, 10, 7, 6, 6, 10, 8, 10, 5, 8, 1, 3, 4, 2, 7, 4, 9, 5]
(1.0473573384806478, 0.858410251814679, 0.3643274676054654, 0.21124269588889077, 0.9412892734631856, 1.0, 0.8533036468550577, 0.20966438385299246, 0.6374221555888704, 0.2659801249350401)
[9, 4, 10, 9, 2, 5, 8, 1, 5, 3, 5, 9, 1, 5, 2, 6, 5, 5, 6, 3, 5, 5, 9, 2, 8, 7, 10, 8, 9, 5, 9, 8, 6, 5, 5, 6, 10, 7, 4, 9, 5, 3, 8, 3, 8, 10, 7, 9, 7, 9, 7, 10, 5, 8, 8, 7, 2, 2, 10, 6, 7, 1]
(1.054791486077007, 0.532196233124062, 1.0567483834922275, 0.21816521318697063, 1.0563452713191472, 1.0, 1.0472563559189403, 0.2164785453906629, 1.03587678801268, 0.731400740762344)
[9, 4, 10, 9, 4, 5, 8, 1, 5, 3, 5, 9, 1, 5, 2, 6, 5, 5, 6, 3, 5, 5, 9, 2, 8, 7, 10, 8, 9, 5, 9, 8, 6, 5, 5, 6, 10, 7, 4, 6, 5, 3, 8, 3, 8, 10, 7, 9, 7, 9, 7, 10, 5, 8, 8, 7, 2, 2, 10, 6, 7, 1]
(1.0547913616523108, 0.532196233124062, 1.0564081087708437, 0.21816521318697063, 1.0563451651483735, 1.0, 1.047175763547417, 0.2164785453906629, 1.035937550850209, 0.731400740762344)
[9, 4, 10, 9, 2, 5, 8, 1, 5, 3, 5, 9, 1, 5, 2, 6, 5, 5, 6, 3, 5, 5, 9, 2, 8, 7, 10, 8, 9, 5, 9, 8, 6, 5, 5, 6, 10, 7, 4, 9, 5, 3, 8, 3, 8, 10, 7, 9, 7, 9, 7, 10, 5, 8, 8, 7, 2, 2, 10, 6, 7, 1]
(1.054791486077007, 0.532196233124062, 1.0567483834922275, 0.21816521318697063, 1.0563452713191472, 1.0, 1.0472563559189403, 0.2164785453906629, 1.03587678801268, 0.731400740762344)
[10, 4, 10, 9, 4, 5, 8, 1, 3, 3, 5, 9, 1, 5, 2, 6, 5, 5, 6, 3, 5, 5, 9, 2, 8, 7, 7, 6, 9, 5, 9, 8, 6, 2, 3, 4, 10, 7, 4, 9, 5, 9, 8, 4, 6, 10, 7, 7, 7, 9, 7, 10, 5, 8, 8, 7, 6, 2, 10, 6, 7, 1]
(1.0577309962362014, 0.532196233124062, 1.055405097268518, 0.21816521318697063, 1.0566679893061481, 1.0, 1.0468504238873684, 0.0, 1.0397389752790298, 0.9694615176466027)
[10, 4, 10, 9, 4, 5, 8, 1, 3, 3, 5, 9, 1, 5, 2, 6, 5, 5, 6, 3, 5, 5, 9, 2, 8, 7, 7, 6, 9, 5, 9, 8, 6, 2, 3, 4, 10, 7, 4, 9, 5, 9, 8, 4, 6, 10, 7, 7, 7, 9, 7, 10, 5, 8, 8, 7, 6, 2, 10, 6, 7, 1]
(0.0, 0.532196233124062, 1.055405097268518, 0.21816521318697063, 1.0566679893061481, 1.0, 1.0468504238873684, 0.0, 1.0397389752790298, 0.9694615176466027)
[10, 4, 10, 9, 4, 5, 8, 1, 7, 3, 5, 9, 1, 5, 2, 6, 5, 5, 6, 3, 5, 5, 9, 2, 8, 7, 7, 6, 9, 5, 9, 8, 6, 2, 3, 4, 10, 7, 4, 9, 5, 9, 8, 4, 6, 10, 7, 7, 7, 9, 7, 10, 5, 8, 8, 7, 6, 2, 10, 6, 7, 1]
(1.0577309962362014, 0.532196233124062, 1.055405097268518, 0.21816521318697063, 1.0566679893061481, 1.0, 1.0468504238873684, 0.0, 1.0397389752790298, 0.9694615176466027)
[3, 1, 4, 6, 9, 8, 5, 1, 3, 5, 1, 9, 4, 5, 2, 6, 8, 5, 3, 3, 5, 7, 6, 6, 5, 8, 6, 3, 8, 5, 10, 10, 1, 2, 3, 2, 10, 9, 2, 9, 5, 9, 8, 7, 8, 10, 7, 3, 2, 10, 8, 10, 8, 8, 1, 4, 4, 2, 7, 4, 7, 1]
(1.0574423328041993, 0.858410251814679, 1.0505515586584768, 0.3398990039896214, 1.0, 1.0, 0.2923398049548228, 0.26630287968015554, 0.33758699134461373, 0.2975358587716073)
[10, 1, 2, 1, 9, 8, 5, 1, 3, 5, 1, 9, 4, 5, 2, 9, 8, 5, 6, 3, 5, 5, 9, 2, 7, 7, 7, 6, 9, 5, 9, 8, 6, 2, 5, 4, 10, 7, 4, 6, 3, 3, 8, 3, 8, 6, 7, 5, 7, 10, 7, 10, 5, 8, 8, 7, 2, 2, 10, 6, 7, 1]
(1.057049235701557, 0.858410251814679, 1.0497575758025013, 0.3398990039896214, 1.0, 0.0, 1.03382487595081, 0.8740911509132825, 1.0370050979778136, 0.6991831386433968)
[3, 1, 2, 1, 9, 7, 8, 1, 3, 6, 7, 9, 4, 5, 2, 6, 10, 1, 10, 3, 5, 7, 6, 6, 5, 8, 6, 3, 1, 5, 10, 10, 1, 2, 3, 2, 10, 9, 2, 9, 5, 9, 8, 7, 8, 10, 7, 3, 2, 10, 8, 10, 8, 8, 1, 4, 4, 2, 7, 4, 7, 1]
(1.0574406653642616, 0.858410251814679, 1.05055032484233, 0.3398990039896214, 1.0, 1.0, 0.8560360237956002, 0.30788931226185273, 0.6395050046965498, 0.2975358587716073)
[10, 4, 10, 2, 10, 2, 3, 1, 3, 5, 7, 10, 6, 5, 1, 1, 4, 5, 1, 2, 10, 7, 9, 3, 7, 8, 10, 8, 9, 5, 5, 8, 6, 2, 5, 4, 6, 9, 4, 8, 3, 9, 3, 6, 8, 8, 7, 9, 7, 6, 2, 10, 6, 8, 2, 7, 7, 2, 10, 6, 7, 1]
(1.0689818950369916, 0.858410251814679, 0.5423612989485277, 0.3398990039896214, 1.0573361262679062, 0.43661971830985896, 1.0641171557828744, 0.514026488684952, 1.0705577423796016, 0.6558487408143484)
[10, 4, 10, 2, 10, 2, 3, 1, 3, 5, 7, 10, 6, 5, 1, 1, 4, 5, 1, 2, 10, 7, 9, 3, 7, 8, 10, 8, 9, 5, 5, 8, 6, 2, 5, 4, 6, 9, 4, 8, 3, 9, 3, 6, 8, 8, 7, 9, 7, 6, 2, 10, 6, 8, 2, 7, 7, 2, 10, 6, 7, 1]
(1.0689818950369916, 0.858410251814679, 0.5423612989485277, 0.3398990039896214, 0.34065934065934084, 0.43661971830985896, 1.0641171557828744, 0.514026488684952, 1.0705577423796016, 0.6558487408143484)
[10, 4, 10, 4, 10, 2, 3, 1, 3, 5, 7, 9, 8, 5, 1, 1, 4, 5, 1, 2, 10, 7, 9, 7, 7, 8, 10, 8, 9, 5, 5, 8, 6, 2, 5, 4, 6, 9, 4, 8, 3, 9, 3, 6, 8, 8, 7, 9, 7, 6, 2, 10, 6, 8, 2, 7, 7, 2, 10, 6, 7, 1]
(1.0695133751258215, 0.858410251814679, 0.4943021483719396, 0.3398990039896214, 1.056433240696784, 0.43661971830985896, 1.0654123516753276, 0.514026488684952, 1.0700061369687277, 0.6558487408143484)
[10, 4, 10, 2, 10, 2, 3, 1, 3, 5, 7, 10, 6, 5, 5, 1, 4, 5, 1, 2, 10, 7, 9, 3, 7, 8, 10, 8, 9, 5, 5, 8, 6, 2, 5, 4, 6, 9, 4, 8, 3, 9, 3, 6, 8, 8, 7, 9, 7, 6, 2, 10, 6, 8, 2, 7, 7, 2, 10, 6, 7, 1]
(1.0689818950369916, 0.858410251814679, 0.5423612989485277, 0.3398990039896214, 1.0573361262679062, 0.43661971830985896, 1.0641171557828744, 0.514026488684952, 1.0705577423796016, 0.6558487408143484)
[10, 4, 10, 2, 10, 2, 3, 1, 3, 5, 7, 10, 6, 5, 5, 1, 4, 5, 1, 2, 10, 7, 9, 3, 7, 8, 10, 8, 9, 5, 5, 8, 6, 2, 5, 4, 6, 9, 4, 8, 3, 9, 3, 6, 8, 8, 7, 9, 7, 6, 2, 10, 6, 8, 2, 7, 7, 2, 10, 6, 7, 1]
(1.0689818950369916, 0.858410251814679, 0.5423612989485277, 0.3398990039896214, 1.0573361262679062, 0.43661971830985896, 1.0641171557828744, 0.514026488684952, 1.0705577423796016, 0.6558487408143484)
[10, 4, 10, 9, 4, 5, 8, 1, 3, 3, 5, 9, 1, 5, 2, 6, 5, 5, 6, 3, 5, 5, 9, 2, 8, 7, 7, 6, 9, 5, 9, 8, 6, 2, 3, 4, 10, 3, 4, 9, 5, 3, 8, 3, 10, 10, 7, 9, 7, 9, 7, 10, 5, 8, 8, 7, 2, 2, 10, 6, 7, 1]
(1.053233669139441, 0.532196233124062, 1.056817225739356, 0.21816521318697063, 1.0566413126885854, 0.6078431372549021, 1.0451949583366478, 0.6056026538886846, 1.0386545736342634, 0.9694615176466027)
[10, 4, 10, 9, 4, 5, 8, 1, 3, 3, 5, 9, 1, 5, 2, 6, 5, 5, 6, 3, 5, 5, 9, 2, 8, 7, 7, 6, 9, 5, 9, 8, 6, 2, 3, 4, 10, 3, 4, 9, 5, 3, 8, 3, 10, 10, 7, 9, 7, 9, 7, 10, 5, 8, 8, 7, 2, 2, 10, 6, 7, 1]
(1.053233669139441, 0.532196233124062, 1.056817225739356, 0.21816521318697063, 1.0566413126885854, 0.6078431372549021, 1.0451949583366478, 0.6056026538886846, 1.0386545736342634, 0.9694615176466027)
[10, 4, 10, 9, 4, 5, 8, 1, 3, 3, 5, 9, 1, 5, 2, 6, 5, 5, 6, 3, 5, 5, 9, 2, 8, 7, 7, 6, 9, 5, 9, 8, 6, 2, 3, 4, 10, 3, 4, 9, 5, 3, 8, 3, 10, 10, 7, 9, 7, 9, 7, 10, 5, 8, 8, 7, 2, 2, 10, 6, 7, 1]
(1.053233669139441, 0.532196233124062, 1.056817225739356, 0.21816521318697063, 1.0566413126885854, 0.6078431372549021, 1.0451949583366478, 0.6056026538886846, 1.0386545736342634, 0.9694615176466027)
[10, 4, 10, 9, 4, 5, 8, 1, 3, 3, 5, 9, 1, 5, 2, 6, 5, 5, 6, 3, 5, 5, 9, 2, 8, 7, 7, 6, 9, 5, 9, 8, 6, 2, 3, 4, 10, 3, 4, 9, 5, 3, 8, 3, 10, 10, 7, 9, 7, 9, 7, 10, 5, 8, 8, 7, 2, 2, 10, 6, 7, 1]
(1.053233669139441, 0.532196233124062, 1.056817225739356, 0.21816521318697063, 1.0566413126885854, 0.6078431372549021, 1.0451949583366478, 0.6056026538886846, 1.0386545736342634, 0.9694615176466027)
[10, 4, 10, 9, 4, 1, 8, 1, 3, 3, 5, 9, 1, 5, 2, 6, 5, 5, 6, 3, 5, 5, 9, 2, 8, 7, 7, 6, 9, 5, 9, 8, 6, 2, 3, 4, 10, 3, 4, 9, 5, 3, 8, 3, 10, 10, 7, 9, 7, 9, 7, 10, 5, 8, 8, 7, 2, 2, 10, 6, 7, 1]
(1.053233669139441, 0.532196233124062, 1.0567589782178364, 0.21816521318697063, 1.0566413126885854, 0.6078431372549021, 1.0451949583366478, 0.6056026538886846, 1.0386545736342634, 0.9694615176466027)
[10, 4, 10, 7, 9, 5, 8, 1, 3, 3, 5, 9, 1, 5, 2, 6, 5, 5, 6, 3, 5, 5, 9, 2, 8, 7, 7, 6, 9, 5, 9, 8, 6, 2, 3, 4, 10, 3, 4, 9, 5, 3, 8, 3, 10, 10, 7, 9, 7, 9, 7, 10, 5, 8, 8, 7, 2, 2, 10, 6, 7, 1]
(1.0533044412732087, 0.532196233124062, 1.056706531159576, 0.21816521318697063, 1.0566413126885854, 0.6078431372549021, 1.0451949583366478, 0.6056026538886846, 1.0386545736342634, 0.9694615176466027)
[10, 4, 10, 9, 4, 5, 8, 1, 3, 3, 5, 9, 1, 5, 2, 6, 5, 5, 6, 3, 5, 5, 9, 2, 8, 7, 7, 6, 9, 5, 9, 8, 6, 2, 3, 4, 10, 3, 4, 9, 5, 3, 8, 3, 10, 10, 7, 9, 7, 9, 7, 10, 5, 8, 8, 7, 2, 2, 10, 6, 7, 1]
(1.053233669139441, 0.532196233124062, 1.056817225739356, 0.21816521318697063, 1.0566413126885854, 0.6078431372549021, 1.0451949583366478, 0.6056026538886846, 1.0386545736342634, 0.9694615176466027)
[10, 4, 2, 9, 6, 7, 8, 1, 3, 5, 7, 9, 1, 5, 2, 6, 5, 5, 6, 3, 5, 5, 9, 2, 8, 7, 10, 8, 9, 5, 9, 8, 6, 2, 3, 4, 10, 7, 4, 9, 5, 9, 8, 3, 8, 10, 7, 9, 7, 9, 7, 10, 5, 8, 8, 7, 2, 2, 10, 6, 7, 1]
(1.0541794776916464, 0.532196233124062, 1.0550930006429515, 0.21816521318697063, 1.0567067367956005, 1.0, 1.0465381436049903, 0.2164785453906629, 1.0417485632002317, 0.9694615176466027)
[10, 4, 2, 9, 6, 7, 8, 1, 3, 5, 7, 9, 1, 5, 2, 6, 5, 5, 6, 3, 5, 5, 9, 2, 8, 7, 10, 8, 9, 5, 9, 8, 6, 2, 3, 4, 10, 7, 4, 9, 5, 9, 8, 3, 8, 10, 7, 9, 7, 9, 7, 10, 5, 8, 8, 7, 2, 2, 10, 6, 7, 1]
(1.0541794776916464, 0.532196233124062, 1.0550930006429515, 0.21816521318697063, 1.0567067367956005, 1.0, 1.0465381436049903, 0.2164785453906629, 1.0417485632002317, 0.9694615176466027)
[6, 4, 10, 7, 4, 5, 8, 1, 3, 3, 5, 9, 1, 5, 2, 6, 5, 5, 6, 3, 5, 5, 6, 6, 5, 8, 6, 3, 1, 5, 10, 10, 6, 2, 8, 8, 10, 7, 4, 6, 3, 3, 8, 3, 10, 4, 7, 5, 7, 9, 7, 10, 5, 8, 8, 7, 2, 6, 10, 6, 7, 1]
(1.0568892393261158, 0.858410251814679, 1.0464223887771333, 0.26575485897519796, 1.0578019935637675, 0.21985815602836886, 1.0581837767735085, 0.8740911509132825, 1.0401295358315077, 0.7486492134093573)
[10, 4, 10, 2, 10, 2, 3, 1, 3, 5, 7, 10, 6, 5, 1, 1, 4, 5, 1, 2, 4, 7, 9, 3, 7, 8, 10, 8, 9, 5, 5, 8, 6, 2, 5, 4, 6, 9, 4, 8, 3, 9, 3, 6, 8, 8, 7, 9, 7, 2, 2, 10, 6, 8, 2, 7, 7, 2, 10, 6, 7, 1]
(1.068980247899886, 0.858410251814679, 0.45468749515712253, 0.3398990039896214, 1.0597253426909408, 0.43661971830985896, 1.060814045369621, 0.8202695956065895, 0.6558487408143484, 0.6558487408143484)
[10, 4, 10, 2, 10, 2, 3, 1, 3, 5, 7, 10, 6, 5, 1, 1, 4, 5, 1, 2, 4, 7, 9, 3, 7, 8, 10, 8, 9, 5, 5, 8, 6, 2, 5, 4, 6, 9, 4, 8, 3, 9, 3, 6, 8, 8, 7, 9, 7, 2, 2, 10, 6, 8, 2, 7, 7, 2, 10, 6, 7, 1]
(1.068980247899886, 0.858410251814679, 0.45468749515712253, 0.3398990039896214, 1.0597253426909408, 0.43661971830985896, 1.060814045369621, 0.8202695956065895, 0.6558487408143484, 0.6558487408143484)
[9, 4, 10, 2, 10, 5, 8, 1, 3, 5, 7, 9, 6, 5, 1, 1, 5, 5, 2, 3, 5, 7, 6, 6, 5, 8, 6, 3, 1, 5, 10, 10, 6, 2, 6, 8, 10, 7, 3, 6, 3, 3, 8, 5, 6, 10, 7, 9, 7, 9, 7, 10, 5, 8, 8, 7, 7, 2, 10, 6, 7, 1]
(1.0359598858281938, 0.858410251814679, 1.0275679174810615, 0.3398990039896214, 1.0426395269110764, 0.6078431372549021, 1.0442264638841117, 0.8202695956065895, 1.038433351926502, 0.7486492134093573)
[9, 4, 10, 2, 10, 5, 8, 1, 3, 5, 7, 9, 6, 5, 1, 1, 5, 5, 2, 3, 5, 7, 6, 6, 5, 8, 6, 3, 1, 5, 10, 10, 6, 2, 6, 8, 10, 7, 3, 6, 3, 3, 8, 5, 6, 10, 7, 9, 7, 9, 7, 10, 5, 8, 8, 7, 7, 2, 10, 6, 7, 1]
(1.0359598858281938, 0.858410251814679, 1.0275679174810615, 0.3398990039896214, 0.0, 0.6078431372549021, 1.0442264638841117, 0.8202695956065895, 1.038433351926502, 0.7486492134093573)
[9, 4, 10, 2, 10, 5, 8, 1, 3, 5, 7, 9, 6, 5, 1, 1, 5, 5, 2, 3, 5, 7, 6, 6, 5, 8, 6, 3, 1, 5, 10, 10, 6, 2, 6, 8, 10, 7, 3, 6, 3, 3, 8, 5, 6, 10, 7, 9, 7, 9, 7, 10, 5, 8, 8, 7, 7, 2, 10, 6, 7, 1]
(1.0359598858281938, 0.858410251814679, 1.0275679174810615, 0.3398990039896214, 1.0426395269110764, 0.6078431372549021, 1.0442264638841117, 0.8202695956065895, 1.038433351926502, 0.7486492134093573)
[9, 4, 10, 2, 10, 5, 8, 1, 3, 5, 6, 9, 6, 5, 1, 1, 5, 5, 2, 3, 5, 7, 6, 6, 5, 8, 6, 3, 1, 5, 10, 10, 6, 2, 6, 8, 10, 7, 3, 6, 3, 3, 8, 5, 6, 10, 7, 9, 7, 9, 7, 10, 5, 8, 8, 7, 7, 2, 10, 6, 7, 1]
(1.0359650786966053, 0.858410251814679, 1.0275679174810615, 0.3398990039896214, 1.042635997012254, 0.6078431372549021, 1.0441897882148587, 0.8202695956065895, 1.0384325718507137, 0.7486492134093573)
[9, 4, 10, 2, 10, 5, 8, 1, 3, 5, 6, 9, 6, 5, 1, 1, 5, 5, 2, 3, 5, 7, 6, 6, 5, 8, 6, 3, 1, 5, 10, 10, 6, 2, 6, 8, 10, 7, 3, 6, 3, 3, 8, 5, 6, 10, 7, 9, 7, 9, 7, 10, 5, 8, 8, 7, 7, 2, 10, 6, 7, 1]
(1.0359650786966053, 0.858410251814679, 1.0275679174810615, 0.3398990039896214, 1.042635997012254, 0.6078431372549021, 1.0441897882148587, 0.8202695956065895, 1.0384325718507137, 0.7486492134093573)
[9, 4, 10, 2, 6, 5, 8, 1, 3, 5, 8, 9, 6, 5, 1, 1, 1, 5, 10, 3, 5, 7, 6, 6, 5, 8, 7, 3, 1, 5, 10, 10, 6, 2, 6, 8, 10, 7, 4, 6, 3, 3, 8, 3, 8, 10, 7, 9, 7, 9, 2, 10, 5, 8, 8, 1, 7, 2, 10, 6, 7, 1]
(1.031295494176444, 0.858410251814679, 1.0297974482178656, 0.3398990039896214, 1.0442313969135248, 0.6078431372549021, 1.0480659643188084, 0.776342731138762, 1.036183265037831, 0.9407329607262062)
[9, 4, 10, 2, 6, 5, 8, 1, 3, 5, 8, 9, 6, 5, 1, 1, 1, 5, 10, 3, 5, 7, 6, 6, 5, 8, 7, 3, 1, 5, 10, 10, 6, 2, 6, 8, 10, 7, 4, 6, 3, 3, 8, 3, 8, 10, 7, 9, 7, 9, 2, 10, 5, 8, 8, 1, 7, 2, 10, 6, 7, 1]
(1.031295494176444, 0.858410251814679, 1.0297974482178656, 0.3398990039896214, 1.0442313969135248, 0.6078431372549021, 1.0480659643188084, 0.776342731138762, 1.036183265037831, 0.9407329607262062)
[9, 4, 10, 2, 6, 5, 8, 1, 3, 5, 7, 9, 6, 5, 1, 1, 5, 5, 10, 3, 5, 7, 6, 6, 5, 8, 7, 3, 1, 5, 10, 10, 6, 2, 6, 8, 10, 7, 4, 6, 3, 3, 8, 3, 8, 10, 7, 9, 7, 9, 2, 10, 5, 8, 8, 1, 7, 2, 10, 6, 7, 1]
(1.031295494176444, 0.858410251814679, 1.0297974482178656, 0.3398990039896214, 1.0442313969135248, 0.6078431372549021, 1.0480659643188084, 0.776342731138762, 1.0361105991527404, 0.9407329607262062)
[10, 4, 10, 2, 10, 5, 8, 1, 8, 5, 7, 10, 6, 5, 1, 1, 4, 5, 1, 2, 10, 7, 9, 3, 7, 8, 10, 8, 9, 5, 5, 8, 6, 2, 5, 4, 10, 7, 4, 8, 3, 3, 8, 6, 8, 10, 7, 9, 9, 9, 7, 10, 5, 8, 8, 7, 7, 2, 10, 6, 7, 1]
(1.0480700168758594, 0.858410251814679, 1.0275362214073507, 0.4714235963316953, 1.04266711324453, 0.6078431372549014, 1.0331551553681457, 0.776342731138762, 1.0507196225225888, 0.9136580567598064)
[10, 1, 2, 1, 9, 8, 5, 1, 3, 5, 1, 9, 4, 5, 2, 9, 8, 5, 6, 3, 5, 5, 9, 2, 7, 7, 7, 6, 9, 5, 9, 8, 6, 2, 5, 4, 10, 7, 4, 6, 3, 3, 8, 3, 8, 6, 7, 5, 7, 10, 7, 10, 5, 8, 8, 7, 2, 2, 10, 6, 7, 1]
(1.057049235701557, 0.858410251814679, 1.0497575758025013, 0.3398990039896214, 1.0404843630269134, 1.0, 1.03382487595081, 0.8740911509132825, 1.0370050979778136, 0.6991831386433968)
[10, 1, 2, 1, 9, 8, 5, 1, 3, 5, 1, 9, 4, 5, 2, 9, 8, 5, 6, 3, 5, 5, 9, 2, 7, 7, 7, 6, 9, 5, 9, 8, 6, 2, 5, 4, 10, 7, 4, 6, 3, 3, 8, 3, 8, 6, 7, 5, 7, 10, 7, 10, 5, 8, 8, 7, 2, 2, 10, 6, 7, 1]
(1.057049235701557, 0.858410251814679, 1.0497575758025013, 0.3398990039896214, 1.0404843630269134, 1.0, 1.03382487595081, 0.8740911509132825, 1.0370050979778136, 0.6991831386433968)
[10, 1, 2, 1, 9, 8, 5, 1, 3, 5, 1, 9, 4, 5, 2, 9, 8, 5, 6, 3, 5, 5, 9, 2, 7, 7, 7, 6, 9, 5, 9, 8, 6, 2, 5, 4, 10, 7, 4, 6, 3, 3, 8, 3, 8, 6, 7, 5, 7, 10, 7, 10, 5, 8, 8, 7, 2, 2, 10, 6, 7, 1]
(1.057049235701557, 0.858410251814679, 1.0497575758025013, 0.3398990039896214, 1.0404843630269134, 1.0, 1.03382487595081, 0.8740911509132825, 1.0370050979778136, 0.6991831386433968)
[9, 4, 10, 2, 10, 5, 8, 1, 3, 5, 7, 9, 6, 5, 1, 1, 5, 9, 10, 3, 5, 7, 6, 6, 1, 8, 6, 3, 1, 5, 10, 10, 6, 2, 8, 8, 10, 9, 4, 9, 5, 9, 8, 9, 8, 10, 7, 9, 6, 9, 8, 10, 5, 10, 2, 4, 7, 2, 10, 6, 7, 1]
(0.8276933515444387, 0.858410251814679, 0.43877991978078884, 0.4714235963316953, 1.0649669166654308, 1.0, 0.8202695956065895, 0.8202695956065895, 0.9344581060111486, 0.6558487408143484)
