[10, 5, 8, 6, 1, 4, 1, 3, 4, 5, 6, 6, 7, 5, 1, 2, 3, 6, 5, 7, 2, 6, 6, 1, 5, 3, 8, 1, 10, 5, 8, 7, 8, 1, 7, 4, 9, 4, 10, 1, 10, 8, 10, 10, 4, 1, 9, 3, 9, 2, 10, 3, 3, 6, 2, 1, 5, 1, 1, 3, 9, 9]
(1.2132254889234924, 0.0, 1.2054746931418796, 0.0, 1.1855325525626559, 0.0, 1.191307729296388, 0.0, 1.1986506862565895, 0.0)
[3, 4, 3, 6, 9, 6, 1, 2, 4, 1, 6, 4, 4, 1, 7, 2, 2, 1, 5, 4, 2, 4, 1, 6, 5, 4, 8, 1, 10, 5, 8, 7, 7, 1, 7, 4, 9, 4, 10, 2, 10, 8, 10, 10, 10, 1, 9, 2, 6, 3, 10, 2, 2, 6, 2, 1, 5, 4, 1, 3, 10, 9]
(1.215790447779002, 0.0, 1.2165681483224056, 0.0, 1.2181158160790824, 1.0, 0.0, 0.0, 1.2189684780314587, 0.0)
[1, 2, 3, 9, 1, 4, 1, 3, 3, 7, 6, 1, 4, 8, 1, 4, 8, 6, 3, 3, 3, 4, 6, 6, 5, 3, 8, 1, 7, 2, 9, 7, 7, 1, 7, 4, 9, 4, 10, 3, 10, 8, 9, 6, 8, 1, 9, 3, 9, 5, 10, 2, 3, 6, 5, 1, 5, 1, 3, 1, 8, 9]
(1.217003037594261, 0.7226030158858182, 1.2114751560613535, 0.0, 1.2089020064100644, 0.49152542372881414, 1.2024368645623347, 0.0, 1.214746396429839, 0.0)
[10, 5, 2, 2, 1, 6, 1, 2, 4, 1, 1, 1, 7, 1, 1, 2, 5, 1, 5, 4, 3, 4, 6, 3, 5, 2, 2, 3, 10, 2, 8, 7, 10, 1, 7, 2, 5, 6, 5, 1, 9, 3, 10, 6, 8, 1, 9, 3, 9, 2, 10, 10, 3, 6, 1, 1, 5, 1, 1, 1, 9, 9]
(1.2193327991291902, 0.4928771794730767, 1.2193013882264518, 0.0, 1.215739273093643, 0.7435897435897444, 1.2173552962020062, 0.0, 1.219309691898527, 0.0)
[8, 5, 4, 6, 4, 5, 6, 2, 4, 1, 1, 4, 4, 4, 4, 3, 4, 6, 5, 2, 2, 4, 6, 5, 5, 1, 8, 1, 10, 2, 8, 7, 7, 1, 7, 4, 9, 4, 10, 2, 10, 8, 10, 10, 8, 1, 9, 3, 4, 5, 10, 2, 2, 6, 2, 1, 2, 1, 1, 3, 9, 9]
(1.2126991162076615, 0.7226030158858182, 1.2156825775280617, 0.7949361791169696, 1.2166445845738076, 0.0, 1.2087178299203536, 0.0, 1.2146412843838357, 0.0)
[8, 2, 2, 2, 1, 4, 1, 8, 3, 1, 9, 8, 1, 1, 1, 4, 5, 2, 5, 4, 3, 6, 6, 1, 5, 3, 8, 1, 10, 2, 6, 7, 8, 5, 7, 4, 9, 4, 8, 3, 7, 9, 10, 8, 8, 10, 9, 3, 3, 2, 10, 2, 5, 10, 5, 3, 5, 1, 2, 1, 8, 9]
(1.203902510367336, 0.6798421971018901, 1.2081059815362116, 0.0, 1.2025861812755485, 0.0, 0.8261960222182403, 0.0, 1.2027801418676993, 0.9678231096076865)
[10, 5, 5, 6, 1, 6, 1, 2, 4, 1, 6, 6, 7, 4, 1, 4, 3, 6, 5, 4, 2, 6, 6, 1, 5, 3, 8, 1, 10, 4, 8, 2, 8, 5, 7, 4, 2, 4, 10, 2, 10, 8, 1, 10, 8, 1, 9, 8, 8, 3, 5, 6, 3, 6, 5, 1, 1, 1, 1, 3, 9, 9]
(1.208536688424649, 0.9199260856174946, 1.1973612720146796, 0.0, 1.1534767998382465, 0.7435897435897469, 0.9107996249571457, 0.0, 0.0, 0.0)
[10, 5, 4, 6, 4, 5, 1, 2, 4, 1, 1, 9, 10, 4, 1, 2, 5, 1, 5, 3, 3, 1, 7, 6, 5, 3, 4, 4, 8, 3, 8, 7, 7, 4, 10, 4, 2, 10, 10, 4, 10, 8, 10, 10, 10, 1, 3, 8, 6, 3, 10, 2, 2, 6, 2, 1, 5, 1, 1, 3, 9, 9]
(1.2162688409909628, 0.9199260856174946, 1.1923555487766881, 0.0, 1.211751693673434, 0.0, 1.2147171555086993, 0.8261960222182403, 1.2140576621517563, 0.0)
[8, 5, 4, 6, 4, 5, 1, 2, 4, 1, 1, 4, 4, 4, 4, 2, 4, 6, 5, 2, 2, 4, 6, 6, 5, 3, 9, 1, 8, 1, 5, 7, 7, 1, 7, 4, 9, 4, 10, 1, 3, 3, 10, 10, 8, 9, 9, 3, 6, 4, 10, 2, 3, 9, 5, 1, 5, 1, 1, 3, 9, 9]
(1.2160362215712688, 0.0, 1.2167270189151191, 0.7949361791169696, 1.2146348914131544, 0.0, 1.2177559452131412, 0.0, 0.0, 0.9678231096076865)
[8, 5, 4, 6, 4, 6, 1, 2, 4, 2, 6, 6, 4, 7, 1, 2, 3, 1, 8, 4, 3, 5, 6, 5, 7, 3, 3, 1, 8, 1, 5, 7, 7, 1, 7, 4, 10, 10, 10, 1, 3, 8, 10, 10, 8, 9, 9, 3, 6, 6, 10, 2, 3, 9, 5, 1, 5, 1, 1, 3, 9, 9]
(1.2127328878268622, 0.0, 1.213870920799675, 0.0, 1.2127250557765386, 1.0, 1.2161053353920601, 0.8698358800226382, 1.214868803881111, 0.0)
[8, 2, 3, 2, 1, 4, 1, 8, 3, 1, 9, 4, 7, 4, 4, 2, 4, 6, 5, 2, 2, 4, 6, 5, 7, 1, 8, 1, 10, 3, 8, 7, 7, 1, 7, 4, 9, 1, 10, 2, 10, 2, 7, 10, 8, 7, 9, 3, 9, 2, 10, 2, 5, 5, 5, 3, 5, 1, 2, 1, 10, 9]
(1.2076259443536421, 0.9199260856174946, 0.0, 0.0, 1.2021744618192336, 0.0, 0.8261960222182403, 0.0, 1.216061412356796, 0.9678231096076865)
[8, 2, 3, 2, 1, 4, 1, 8, 3, 7, 9, 9, 7, 6, 1, 2, 4, 7, 5, 3, 5, 4, 6, 8, 5, 3, 8, 2, 10, 1, 8, 4, 7, 8, 7, 4, 9, 1, 10, 1, 10, 8, 10, 8, 4, 8, 9, 1, 3, 2, 10, 3, 3, 7, 5, 3, 5, 1, 1, 1, 8, 9]
(1.2032750530168435, 0.0, 1.1977424489334247, 0.0, 0.0, 1.0, 1.20483642537147, 0.6750109793588056, 1.2096900744363686, 0.2276197960629081)
[8, 5, 4, 6, 4, 5, 1, 2, 4, 1, 1, 4, 4, 4, 4, 2, 4, 6, 5, 4, 2, 5, 6, 5, 7, 3, 9, 1, 8, 1, 5, 7, 7, 1, 7, 4, 9, 9, 10, 1, 3, 3, 10, 10, 8, 9, 9, 3, 9, 4, 10, 2, 3, 9, 5, 1, 5, 1, 1, 3, 9, 9]
(1.2143362393602752, 0.0, 1.217057046480479, 0.0, 1.2148029597476147, 1.0, 1.2187367813661716, 0.0, 1.2178973475471162, 0.9678231096076865)
[8, 5, 4, 6, 4, 5, 1, 2, 5, 1, 1, 4, 4, 4, 4, 2, 4, 6, 5, 2, 2, 4, 6, 5, 5, 1, 8, 1, 10, 2, 8, 7, 7, 1, 7, 4, 9, 4, 10, 2, 10, 8, 10, 10, 8, 1, 9, 3, 9, 5, 10, 2, 3, 6, 2, 1, 2, 1, 1, 3, 9, 9]
(1.2145988104864978, 0.7226030158858182, 1.2152780713513516, 0.5893882194756173, 1.214745633490386, 0.7435897435897469, 1.2117739440873287, 0.0, 1.2175792464986466, 0.0)
[10, 5, 4, 6, 4, 5, 1, 2, 4, 1, 1, 4, 6, 4, 4, 2, 4, 6, 5, 2, 2, 2, 6, 1, 5, 3, 4, 4, 8, 3, 8, 7, 7, 1, 10, 4, 9, 4, 10, 4, 10, 8, 10, 10, 10, 1, 9, 8, 6, 3, 10, 10, 2, 6, 2, 1, 5, 1, 1, 3, 9, 9]
(1.2105724008753915, 0.7226030158858182, 1.1878445031121392, 0.0, 1.199809710867705, 0.49152542372881414, 1.1900824224576372, 0.0, 1.2133988479152344, 0.8475488602290395)
[8, 2, 3, 2, 1, 4, 1, 8, 3, 1, 9, 8, 7, 4, 1, 2, 3, 3, 5, 1, 2, 5, 6, 6, 5, 2, 8, 1, 10, 2, 6, 7, 8, 8, 7, 4, 9, 4, 8, 3, 7, 9, 10, 8, 8, 6, 9, 1, 3, 2, 10, 2, 5, 10, 5, 3, 5, 1, 2, 1, 8, 9]
(1.2121533298864984, 0.6798421971018901, 0.0, 0.0, 1.2048795269802233, 0.5918367346938787, 1.196129065193238, 0.0, 1.2123233156278752, 0.9678231096076865)
[8, 2, 3, 2, 1, 4, 1, 8, 3, 7, 9, 9, 7, 6, 1, 2, 4, 7, 5, 3, 5, 4, 6, 8, 7, 3, 8, 2, 10, 1, 8, 4, 7, 8, 7, 4, 9, 1, 10, 1, 10, 8, 10, 10, 8, 3, 9, 1, 6, 5, 10, 2, 3, 7, 5, 3, 5, 1, 1, 1, 8, 9]
(1.1674967015162128, 0.7226030158858182, 1.2057403711602113, 0.0, 1.204174833185973, 1.0, 1.2067552810534856, 0.34876333106421603, 0.217088765718833, 0.217088765718833)
[1, 2, 3, 9, 1, 4, 1, 3, 3, 7, 6, 1, 4, 6, 1, 4, 8, 6, 3, 3, 3, 4, 3, 6, 5, 3, 8, 1, 7, 2, 9, 7, 7, 1, 7, 4, 9, 4, 10, 3, 10, 8, 9, 6, 8, 1, 9, 1, 4, 5, 10, 2, 3, 6, 5, 1, 5, 1, 3, 1, 8, 9]
(1.218933481909337, 0.7226030158858182, 1.2167805803939722, 0.0, 1.2182435268536234, 0.7435897435897469, 1.2177091309800765, 0.8261960222182403, 1.2181711228564402, 0.0)
[8, 2, 3, 1, 1, 4, 1, 8, 3, 1, 8, 8, 7, 4, 1, 2, 1, 1, 3, 4, 2, 6, 4, 6, 5, 3, 8, 1, 10, 2, 2, 7, 8, 6, 7, 4, 9, 4, 8, 3, 7, 9, 10, 8, 8, 9, 7, 1, 2, 2, 10, 2, 5, 10, 5, 3, 5, 1, 2, 1, 8, 9]
(1.2146089410409353, 0.6798421971018901, 1.209011965058746, 0.0, 1.2113948082551382, 0.0, 1.1970673685893436, 0.6750109793588056, 1.2128577584400795, 0.9678231096076865)
[10, 5, 4, 6, 4, 5, 1, 2, 4, 1, 1, 9, 10, 4, 1, 2, 5, 1, 5, 3, 3, 1, 7, 6, 5, 3, 4, 4, 8, 3, 8, 7, 7, 4, 10, 4, 2, 10, 10, 4, 10, 8, 10, 10, 10, 1, 3, 8, 6, 3, 10, 2, 2, 6, 2, 1, 5, 1, 1, 3, 9, 9]
(1.2162688409909628, 0.9199260856174946, 1.1923555487766881, 0.0, 1.211751693673434, 0.5918367346938787, 1.2147171555086993, 0.8261960222182403, 1.2140576621517563, 0.0)
[10, 5, 4, 6, 4, 5, 1, 2, 4, 1, 4, 4, 2, 1, 1, 2, 5, 1, 5, 4, 3, 4, 6, 6, 5, 2, 2, 1, 8, 3, 8, 7, 8, 1, 10, 4, 9, 4, 10, 4, 10, 8, 10, 10, 10, 1, 9, 8, 6, 3, 10, 2, 2, 6, 2, 1, 5, 1, 1, 3, 9, 9]
(1.2151726102456473, 0.9199260856174946, 1.2122082626447104, 0.0, 1.2090304652228971, 0.0, 1.2159979222342394, 0.5705976983046648, 1.2153967989608667, 0.8475488602290395)
[10, 5, 4, 6, 4, 5, 1, 2, 4, 1, 1, 4, 10, 2, 1, 2, 5, 1, 5, 4, 3, 4, 6, 6, 5, 3, 4, 4, 8, 3, 8, 7, 8, 1, 10, 4, 9, 4, 10, 4, 10, 8, 10, 10, 10, 1, 9, 8, 6, 3, 10, 2, 2, 6, 2, 1, 5, 1, 1, 3, 9, 9]
(0.9199260856174946, 0.9199260856174946, 1.1980896899476667, 0.0, 1.2094878623262069, 0.7435897435897456, 1.2100705271586796, 0.6750109793588056, 1.206651462800803, 0.0)
[10, 5, 4, 6, 4, 5, 1, 2, 4, 1, 1, 4, 10, 2, 1, 2, 5, 1, 5, 4, 3, 4, 6, 6, 5, 3, 4, 4, 8, 3, 8, 7, 8, 1, 10, 4, 9, 4, 10, 4, 10, 8, 10, 10, 10, 1, 9, 8, 6, 3, 10, 2, 2, 6, 2, 1, 5, 1, 1, 3, 9, 9]
(1.2170585745945595, 0.9199260856174946, 1.1980896899476667, 0.0, 1.2094878623262069, 0.7435897435897456, 1.2100705271586796, 0.6750109793588056, 0.0, 0.0)
[10, 5, 5, 6, 1, 6, 1, 2, 4, 10, 2, 4, 7, 1, 1, 2, 4, 1, 5, 3, 3, 4, 6, 5, 5, 1, 8, 1, 10, 2, 8, 7, 7, 1, 7, 4, 9, 4, 10, 2, 10, 8, 10, 10, 8, 1, 9, 3, 9, 5, 10, 2, 3, 6, 5, 1, 1, 1, 1, 3, 9, 9]
(1.2091682923957725, 0.9199260856174946, 1.202162246592345, 0.0, 1.1983760138973614, 0.7435897435897469, 0.0, 0.6750109793588056, 1.1761046929284946, 0.0)
[8, 5, 4, 6, 4, 5, 1, 2, 5, 1, 1, 4, 4, 4, 4, 2, 4, 6, 5, 2, 2, 4, 6, 5, 5, 1, 8, 1, 10, 3, 8, 7, 7, 1, 7, 4, 9, 4, 10, 2, 10, 8, 10, 10, 8, 1, 9, 3, 9, 5, 10, 2, 2, 6, 2, 1, 5, 1, 1, 3, 9, 9]
(1.2176047241315269, 0.9199260856174946, 1.2164654569700384, 0.0, 1.217593755386772, 0.7435897435897469, 0.6750109793588056, 0.6750109793588056, 1.2152780728414676, 0.0)
[8, 2, 3, 3, 1, 4, 1, 8, 3, 1, 8, 8, 7, 4, 1, 2, 3, 3, 5, 1, 2, 5, 6, 6, 5, 2, 8, 1, 10, 2, 6, 7, 8, 6, 7, 4, 9, 4, 8, 3, 7, 9, 10, 8, 8, 9, 7, 1, 2, 2, 10, 2, 5, 10, 5, 3, 5, 1, 2, 1, 7, 9]
(1.2122597990557575, 0.6798421971018901, 1.205359605140986, 0.0, 1.2050731098279377, 0.7435897435897444, 1.1878447065129896, 0.0, 1.20698358807713, 0.9678231096076865)
[8, 2, 3, 2, 1, 4, 1, 8, 3, 1, 8, 8, 7, 4, 1, 2, 3, 3, 5, 1, 2, 5, 6, 6, 5, 2, 8, 1, 10, 2, 6, 7, 8, 6, 7, 4, 9, 4, 8, 3, 7, 9, 10, 8, 8, 9, 7, 1, 2, 2, 10, 2, 5, 10, 5, 3, 5, 1, 2, 1, 7, 9]
(1.2122599529102467, 0.6798421971018901, 0.0, 0.0, 1.2050716491416118, 0.7435897435897444, 1.1879075160250085, 0.0, 1.2068556515499969, 0.9678231096076865)
[8, 2, 3, 2, 4, 4, 1, 8, 3, 1, 8, 8, 7, 4, 1, 2, 3, 3, 5, 1, 2, 5, 6, 6, 5, 2, 8, 1, 10, 2, 7, 7, 8, 6, 7, 4, 9, 4, 8, 3, 7, 9, 10, 8, 8, 10, 7, 1, 2, 2, 10, 2, 5, 10, 5, 3, 5, 1, 2, 1, 7, 9]
(1.2097938837483546, 0.6798421971018901, 1.2064428938552758, 0.0, 1.2034159174188992, 0.7435897435897444, 0.0, 0.0, 1.2061540933325907, 0.9678231096076865)
[8, 5, 4, 6, 4, 5, 1, 2, 5, 1, 1, 4, 4, 4, 4, 5, 4, 6, 5, 2, 2, 4, 6, 6, 5, 2, 8, 1, 10, 2, 8, 7, 7, 1, 7, 4, 9, 4, 8, 6, 10, 8, 9, 4, 8, 3, 9, 3, 9, 5, 10, 2, 3, 6, 5, 1, 2, 1, 1, 3, 9, 9]
(1.2167946560308358, 0.7226030158858182, 1.2150768557563447, 0.0, 1.2142278185114286, 0.7435897435897469, 1.206189666874709, 0.0, 1.2129925852641485, 0.9678231096076865)
[10, 5, 4, 6, 4, 5, 1, 2, 8, 1, 1, 9, 10, 4, 1, 2, 5, 1, 5, 4, 3, 1, 6, 6, 5, 3, 4, 4, 8, 3, 8, 7, 8, 8, 10, 4, 9, 4, 10, 4, 10, 8, 10, 10, 10, 1, 9, 8, 6, 4, 9, 2, 2, 6, 2, 1, 5, 1, 1, 3, 9, 9]
(1.2145471511408708, 0.9199260856174946, 1.2016679307445903, 0.0, 0.7435897435897469, 0.0, 1.2043473904952429, 0.6750109793588056, 1.204385352320971, 0.8475488602290395)
[10, 5, 4, 6, 4, 5, 1, 2, 4, 1, 1, 4, 2, 1, 1, 2, 5, 1, 5, 4, 3, 4, 6, 6, 5, 3, 4, 4, 8, 3, 8, 7, 8, 1, 10, 4, 9, 4, 10, 4, 10, 9, 10, 10, 10, 1, 9, 8, 6, 3, 10, 2, 2, 6, 2, 1, 5, 1, 1, 3, 9, 9]
(1.2151152541860961, 0.9199260856174946, 1.197267329134049, 0.0, 1.2076396612450502, 0.5918367346938787, 1.2106224743649385, 0.0, 1.2057025087997337, 0.9678231096076865)
[10, 5, 4, 6, 4, 5, 1, 2, 4, 1, 1, 4, 2, 2, 1, 2, 5, 4, 5, 4, 3, 4, 6, 6, 5, 3, 4, 4, 8, 3, 8, 10, 8, 1, 10, 4, 9, 4, 10, 4, 10, 8, 10, 10, 7, 1, 9, 8, 6, 3, 10, 2, 2, 6, 2, 1, 5, 1, 1, 3, 9, 9]
(1.2150364542379999, 0.9199260856174946, 0.7849656449630757, 0.0, 1.2090914210304637, 0.5918367346938787, 1.2097708819434068, 0.0, 1.2124328805133722, 0.9678231096076865)
[6, 2, 3, 2, 1, 4, 1, 8, 3, 1, 9, 8, 7, 6, 1, 4, 4, 1, 5, 4, 3, 6, 6, 1, 5, 3, 8, 3, 10, 2, 6, 7, 8, 6, 7, 4, 9, 9, 8, 3, 7, 9, 10, 8, 8, 10, 9, 1, 3, 2, 10, 2, 5, 10, 5, 3, 5, 1, 2, 1, 7, 9]
(1.191743650473656, 0.9199260856174946, 1.1999037848785539, 0.16902724427899798, 1.206349074654283, 0.5918367346938787, 1.1898564117029327, 0.0, 1.2064367262646576, 0.8475488602290395)
[10, 5, 4, 6, 4, 5, 1, 2, 4, 1, 1, 4, 4, 4, 4, 2, 4, 6, 5, 2, 2, 4, 6, 6, 5, 3, 4, 4, 8, 5, 8, 7, 7, 1, 10, 4, 9, 4, 10, 4, 10, 8, 10, 10, 10, 1, 9, 3, 6, 3, 10, 2, 2, 6, 2, 1, 5, 1, 1, 3, 9, 9]
(1.2143933741375827, 0.9199260856174946, 1.2075576139614006, 0.0, 1.2056307999417206, 0.7435897435897456, 1.2124903598800323, 0.8698358800226382, 0.9678231096076865, 0.0)
[8, 5, 4, 6, 4, 6, 1, 2, 4, 2, 6, 6, 4, 7, 1, 2, 3, 1, 5, 4, 3, 5, 6, 5, 7, 3, 9, 1, 8, 1, 5, 7, 7, 1, 5, 4, 9, 4, 10, 1, 3, 8, 10, 10, 8, 9, 9, 3, 6, 6, 10, 2, 3, 9, 5, 1, 5, 1, 1, 3, 9, 9]
(1.215826092846694, 0.0, 0.7949361791169696, 0.0, 1.2154917126521492, 1.0, 1.218935979343953, 0.6614545976187064, 1.2180997950956247, 0.9678231096076865)
[10, 5, 4, 6, 4, 5, 1, 2, 4, 1, 1, 4, 4, 4, 4, 2, 4, 6, 5, 2, 2, 4, 6, 6, 5, 3, 4, 4, 8, 5, 8, 7, 7, 1, 10, 4, 9, 4, 10, 4, 10, 8, 10, 10, 10, 1, 9, 3, 6, 3, 10, 2, 2, 6, 2, 1, 5, 1, 1, 3, 9, 9]
(0.9199260856174946, 0.9199260856174946, 1.2075576139614006, 0.0, 1.2056307999417206, 0.7435897435897456, 0.8698358800226382, 0.0, 1.207046133838596, 0.9678231096076865)
[8, 2, 3, 2, 1, 4, 1, 8, 3, 1, 9, 8, 7, 1, 1, 4, 5, 1, 5, 4, 3, 6, 6, 1, 5, 3, 8, 1, 10, 2, 6, 7, 8, 5, 7, 4, 9, 5, 5, 4, 7, 9, 10, 8, 8, 10, 9, 1, 7, 2, 10, 2, 5, 10, 5, 3, 5, 1, 2, 1, 5, 9]
(1.1894529940560479, 0.6798421971018901, 1.200550945661964, 0.0, 1.1898113979026694, 1.0, 0.7336215062066812, 0.0, 1.2061067810282131, 0.9678231096076865)
[8, 2, 3, 2, 1, 4, 1, 8, 3, 1, 9, 8, 7, 1, 1, 2, 1, 1, 5, 4, 2, 6, 6, 6, 5, 3, 8, 1, 10, 2, 6, 7, 8, 5, 7, 4, 9, 4, 5, 3, 7, 9, 10, 8, 8, 10, 9, 1, 7, 2, 10, 2, 5, 10, 5, 3, 5, 1, 2, 1, 8, 9]
(1.2087146593257807, 0.6798421971018901, 1.2044197199866196, 0.0, 1.203738787956538, 1.0, 1.189422138966622, 0.0, 1.2117617996409558, 0.9678231096076865)
[8, 2, 3, 2, 1, 4, 1, 8, 3, 1, 9, 8, 7, 1, 1, 4, 5, 1, 5, 4, 3, 6, 6, 1, 5, 3, 8, 1, 10, 2, 6, 7, 8, 5, 7, 4, 9, 5, 5, 4, 7, 9, 10, 8, 8, 10, 9, 1, 7, 2, 10, 2, 5, 10, 5, 3, 5, 1, 2, 1, 5, 9]
(1.1894529940560479, 0.6798421971018901, 1.200550945661964, 0.0, 1.0, 1.0, 0.7336215062066812, 0.0, 1.2061067810282131, 0.9678231096076865)
[8, 2, 3, 2, 1, 4, 1, 8, 3, 1, 9, 8, 7, 1, 1, 4, 5, 1, 5, 4, 3, 6, 6, 1, 5, 3, 8, 1, 10, 2, 6, 7, 8, 5, 7, 4, 9, 5, 5, 4, 7, 9, 10, 8, 8, 10, 9, 1, 7, 2, 10, 2, 5, 10, 5, 3, 5, 1, 2, 1, 5, 9]
(1.1894529940560479, 0.6798421971018901, 1.200550945661964, 0.0, 0.0, 1.0, 0.0, 0.0, 1.2061067810282131, 0.9678231096076865)
[8, 2, 3, 2, 1, 4, 1, 8, 3, 1, 9, 8, 7, 1, 1, 4, 5, 1, 5, 4, 3, 6, 6, 1, 5, 3, 8, 1, 10, 2, 6, 7, 8, 5, 7, 4, 9, 5, 5, 4, 7, 9, 10, 8, 8, 10, 9, 1, 7, 2, 10, 2, 5, 10, 5, 3, 5, 1, 2, 1, 5, 9]
(1.1894529940560479, 0.6798421971018901, 0.0, 0.0, 1.1898113979026694, 1.0, 0.7336215062066812, 0.0, 0.8475488602290395, 0.9678231096076865)
[8, 2, 3, 2, 1, 4, 1, 8, 3, 1, 9, 8, 7, 1, 1, 4, 5, 1, 5, 4, 3, 6, 6, 1, 5, 3, 8, 1, 10, 2, 6, 7, 8, 5, 7, 4, 9, 5, 5, 4, 7, 9, 10, 8, 8, 10, 9, 1, 7, 2, 10, 2, 5, 10, 5, 3, 5, 1, 2, 1, 5, 9]
(1.1894529940560479, 0.6798421971018901, 1.200550945661964, 0.0, 1.1898113979026694, 1.0, 0.0, 0.0, 1.2061067810282131, 0.9678231096076865)
[8, 2, 3, 2, 1, 4, 1, 8, 3, 1, 9, 8, 7, 1, 1, 4, 5, 1, 5, 4, 3, 6, 6, 1, 5, 3, 8, 1, 10, 2, 6, 7, 8, 5, 7, 4, 9, 5, 5, 4, 7, 9, 10, 8, 8, 10, 9, 1, 7, 2, 10, 2, 5, 10, 5, 3, 5, 1, 2, 1, 5, 9]
(1.1894529940560479, 0.6798421971018901, 1.200550945661964, 0.0, 1.1898113979026694, 1.0, 0.7336215062066812, 0.0, 1.2061067810282131, 0.9678231096076865)
[8, 2, 3, 2, 1, 4, 1, 8, 3, 1, 8, 8, 7, 4, 1, 2, 3, 3, 5, 1, 2, 6, 6, 6, 5, 3, 8, 1, 10, 2, 6, 7, 8, 5, 7, 4, 9, 4, 5, 3, 7, 9, 10, 7, 8, 10, 9, 1, 7, 2, 10, 2, 5, 10, 5, 3, 5, 1, 2, 1, 7, 9]
(0.0, 0.6798421971018901, 1.2064984319731613, 0.0, 1.2056422473862787, 1.0, 1.1944140994921344, 0.0, 1.2112616615369936, 0.9678231096076865)
[8, 5, 4, 5, 4, 6, 1, 6, 4, 2, 6, 6, 4, 1, 1, 2, 3, 5, 5, 4, 2, 5, 6, 5, 5, 3, 9, 1, 7, 2, 8, 7, 7, 1, 7, 4, 9, 4, 10, 1, 3, 7, 10, 10, 8, 3, 9, 3, 6, 5, 10, 2, 3, 9, 5, 1, 5, 1, 1, 3, 9, 9]
(1.2124642489478015, 0.2346978863832797, 1.2163446763530397, 0.4682992973661502, 1.0, 1.0, 1.2186345955356976, 0.0, 1.2168750306591414, 0.9678231096076865)
[8, 2, 3, 2, 1, 4, 1, 8, 3, 1, 9, 8, 7, 1, 1, 4, 9, 1, 5, 4, 3, 6, 6, 1, 5, 1, 8, 1, 10, 2, 6, 7, 8, 5, 7, 4, 9, 4, 5, 3, 7, 9, 10, 8, 8, 10, 9, 1, 7, 2, 8, 2, 5, 10, 5, 3, 5, 1, 2, 1, 8, 9]
(1.2077791636809727, 0.7226030158858182, 1.1971077470108886, 0.0, 1.197467325441541, 1.0, 1.1832620011642594, 0.0, 1.2096578856930158, 0.9678231096076865)
[10, 5, 5, 6, 1, 6, 1, 2, 4, 1, 1, 1, 7, 1, 1, 2, 5, 1, 5, 4, 3, 4, 6, 3, 5, 2, 2, 1, 10, 2, 8, 7, 10, 1, 7, 2, 5, 6, 5, 1, 9, 3, 10, 6, 8, 1, 9, 3, 9, 2, 10, 10, 3, 6, 1, 1, 5, 1, 1, 3, 9, 9]
(1.2098504280671498, 0.7226030158858182, 1.200661146081986, 0.4682992973661502, 1.200917368568482, 1.0, 1.2044358016923091, 0.5705976983046648, 1.2029883159324546, 0.0)
[8, 2, 3, 2, 1, 4, 1, 3, 3, 7, 6, 1, 4, 8, 1, 4, 8, 4, 3, 3, 3, 4, 6, 6, 5, 5, 8, 1, 7, 2, 9, 7, 7, 1, 7, 4, 9, 4, 10, 3, 10, 8, 9, 4, 8, 1, 9, 3, 9, 5, 10, 2, 3, 6, 5, 1, 5, 1, 3, 1, 8, 9]
(1.2168110327795172, 0.6798421971018901, 1.2132350029423855, 0.0, 1.2096521845087431, 0.5918367346938787, 1.204619218595328, 0.6750109793588056, 1.2109616355970525, 0.8475488602290395)
[8, 2, 3, 2, 1, 4, 1, 3, 3, 7, 6, 1, 4, 8, 1, 2, 8, 7, 4, 3, 3, 4, 6, 6, 5, 3, 8, 1, 10, 2, 6, 7, 7, 1, 7, 4, 9, 4, 10, 3, 10, 8, 9, 6, 8, 1, 9, 3, 9, 5, 10, 2, 3, 6, 5, 1, 5, 1, 3, 1, 8, 9]
(1.2175099981948756, 0.6798421971018901, 0.0, 0.0, 0.7435897435897456, 0.7435897435897456, 1.2084948053583524, 0.5705976983046648, 1.2097088558599374, 0.8475488602290395)
[10, 5, 5, 6, 4, 6, 1, 2, 4, 1, 1, 1, 4, 1, 1, 2, 5, 1, 5, 4, 3, 4, 6, 3, 5, 2, 2, 1, 10, 2, 10, 7, 10, 1, 7, 4, 5, 6, 5, 1, 9, 3, 10, 6, 8, 1, 9, 3, 9, 2, 10, 10, 3, 6, 1, 1, 5, 1, 1, 3, 9, 9]
(1.2093760734424015, 0.7226030158858182, 1.203516068495812, 0.5893882194756173, 1.0, 1.0, 1.2033939393237254, 0.5705976983046648, 1.2045862024649998, 0.0)
[8, 2, 3, 2, 1, 4, 1, 8, 5, 1, 9, 8, 7, 1, 1, 2, 1, 1, 5, 4, 2, 6, 6, 6, 5, 3, 8, 1, 10, 2, 6, 7, 8, 5, 7, 4, 9, 4, 5, 3, 7, 9, 10, 8, 8, 10, 9, 1, 7, 2, 8, 2, 5, 10, 5, 3, 5, 1, 2, 1, 8, 9]
(1.2028181983158013, 0.9199260856174946, 1.1936494020745179, 0.0, 1.2028062215074917, 1.0, 1.0605785468593258, 0.0, 0.9678231096076865, 0.9678231096076865)
[8, 2, 3, 2, 1, 4, 1, 8, 3, 1, 8, 8, 7, 4, 1, 2, 1, 1, 3, 4, 2, 6, 4, 6, 5, 3, 8, 1, 10, 2, 2, 7, 8, 6, 7, 4, 9, 4, 8, 3, 7, 9, 10, 8, 8, 9, 7, 1, 2, 2, 10, 2, 5, 10, 5, 3, 5, 1, 2, 1, 7, 9]
(1.213437011651697, 0.6798421971018901, 1.205402714572849, 0.0, 1.2096736485138555, 0.7435897435897444, 1.1948439674451965, 0.5705976983046648, 0.9678231096076865, 0.9678231096076865)
[8, 5, 4, 6, 4, 8, 1, 2, 5, 1, 1, 4, 4, 4, 4, 2, 4, 6, 5, 2, 2, 4, 6, 6, 5, 2, 8, 1, 10, 2, 6, 7, 8, 5, 5, 4, 9, 4, 8, 3, 10, 8, 10, 10, 8, 1, 9, 3, 9, 5, 9, 2, 5, 6, 2, 1, 2, 1, 1, 3, 8, 9]
(1.2089361844584368, 0.6798421971018901, 1.2095215944573305, 0.4682992973661502, 1.2022122191265245, 1.0, 0.0, 0.0, 1.2139175103977344, 0.8475488602290395)
[8, 5, 4, 6, 4, 8, 1, 2, 5, 1, 1, 4, 4, 4, 4, 2, 4, 6, 5, 2, 2, 4, 6, 6, 5, 2, 8, 1, 10, 2, 6, 7, 8, 5, 5, 4, 9, 4, 8, 3, 10, 8, 10, 10, 8, 1, 9, 3, 9, 5, 9, 2, 5, 6, 2, 1, 2, 1, 1, 3, 8, 9]
(1.2089361844584368, 0.6798421971018901, 1.2095215944573305, 0.4682992973661502, 1.2022122191265245, 1.0, 1.1978755371645113, 0.0, 1.2139175103977344, 0.8475488602290395)
[10, 5, 5, 6, 1, 6, 1, 1, 4, 1, 1, 1, 8, 1, 1, 2, 5, 1, 5, 4, 3, 4, 8, 1, 5, 3, 8, 1, 10, 4, 8, 7, 10, 1, 7, 4, 5, 10, 5, 1, 9, 3, 9, 6, 8, 1, 9, 3, 9, 2, 10, 10, 3, 6, 1, 1, 5, 1, 1, 3, 9, 9]
(1.2058891257271191, 0.7226030158858182, 1.212105571292343, 0.5893882194756173, 1.2022667026147267, 0.7435897435897469, 0.968803020380439, 0.0, 1.206568286381664, 0.9836484843402777)
[10, 5, 5, 6, 1, 6, 1, 1, 4, 1, 1, 1, 8, 1, 1, 2, 5, 1, 5, 4, 3, 4, 6, 1, 5, 3, 8, 1, 10, 4, 8, 7, 10, 1, 7, 4, 5, 10, 5, 1, 9, 3, 9, 6, 8, 1, 9, 3, 9, 2, 10, 10, 3, 6, 1, 1, 5, 1, 1, 3, 9, 9]
(1.2058888284489533, 0.7226030158858182, 1.2121056662872456, 0.5893882194756173, 1.203967778570952, 0.7435897435897469, 0.8856349637731923, 0.0, 1.2090354269370458, 0.9836484843402777)
[8, 2, 3, 2, 1, 4, 1, 8, 3, 1, 8, 8, 7, 4, 1, 5, 1, 1, 3, 4, 2, 6, 4, 6, 5, 3, 8, 1, 10, 2, 2, 7, 8, 6, 7, 4, 9, 4, 8, 3, 7, 9, 10, 8, 8, 9, 7, 1, 2, 2, 10, 2, 5, 10, 5, 3, 5, 1, 2, 1, 7, 9]
(1.213452352397146, 0.6798421971018901, 1.2054029254242797, 0.0, 1.2096738008782288, 0.7435897435897444, 1.1947118015959879, 0.6750109793588056, 1.2122924296185396, 0.9678231096076865)
[8, 2, 3, 2, 1, 4, 1, 8, 3, 1, 8, 8, 7, 4, 1, 5, 1, 1, 3, 4, 2, 6, 4, 6, 5, 3, 8, 1, 10, 2, 2, 7, 8, 6, 7, 4, 9, 4, 8, 3, 7, 9, 10, 8, 8, 9, 7, 1, 2, 2, 10, 2, 5, 10, 5, 3, 5, 1, 2, 1, 7, 9]
(1.213452352397146, 0.6798421971018901, 1.2054029254242797, 0.0, 1.2096738008782288, 0.7435897435897444, 1.1947118015959879, 0.6750109793588056, 1.2122924296185396, 0.9678231096076865)
[10, 5, 4, 6, 4, 5, 1, 2, 4, 1, 4, 4, 2, 1, 1, 2, 5, 1, 5, 4, 3, 4, 6, 6, 5, 2, 2, 1, 8, 3, 8, 7, 8, 1, 10, 4, 9, 4, 10, 4, 10, 8, 10, 10, 10, 1, 9, 8, 6, 3, 10, 2, 2, 6, 2, 1, 5, 1, 1, 3, 9, 9]
(1.2151726102456473, 0.9199260856174946, 1.2122082626447104, 0.0, 1.2090304652228971, 0.7435897435897469, 1.2159979222342394, 0.5705976983046648, 1.2153967989608667, 0.8475488602290395)
[8, 5, 4, 6, 4, 6, 6, 2, 4, 2, 6, 1, 4, 1, 1, 2, 3, 1, 5, 4, 2, 5, 6, 5, 7, 3, 9, 1, 8, 1, 5, 7, 7, 1, 7, 4, 9, 4, 10, 1, 3, 8, 10, 10, 8, 9, 9, 3, 6, 6, 10, 2, 3, 9, 5, 1, 5, 1, 1, 3, 9, 9]
(1.2160003149881982, 0.0, 1.2171467693522595, 0.4682992973661502, 1.215251876972618, 1.0, 1.2189027508720778, 0.6614545976187064, 1.2182612495496892, 0.9678231096076865)
[1, 2, 3, 9, 1, 4, 1, 3, 3, 7, 6, 1, 4, 8, 1, 4, 8, 6, 3, 3, 3, 4, 6, 6, 5, 3, 8, 1, 7, 2, 9, 7, 7, 1, 7, 4, 9, 4, 10, 4, 10, 8, 3, 10, 10, 1, 9, 8, 6, 5, 10, 2, 3, 6, 5, 1, 5, 1, 3, 1, 8, 9]
(1.2128435878083133, 0.7226030158858182, 1.2155771071091317, 0.9283212511199809, 1.20980674531311, 0.49152542372881414, 1.2041216647252462, 0.0, 1.215171905793252, 0.9836484843402777)
[1, 2, 3, 9, 1, 4, 1, 3, 3, 7, 6, 1, 4, 8, 1, 4, 8, 4, 3, 3, 3, 4, 6, 6, 5, 5, 8, 1, 7, 2, 9, 7, 7, 1, 7, 4, 9, 4, 10, 3, 10, 8, 3, 10, 10, 1, 9, 8, 6, 5, 10, 2, 3, 6, 5, 1, 5, 1, 3, 1, 8, 9]
(1.2143953057006023, 0.7226030158858182, 1.2133660251274727, 0.9283212511199809, 1.209913787432017, 0.49152542372881414, 1.2026923233643194, 0.0, 1.215273581631484, 0.9836484843402777)
[10, 5, 8, 6, 1, 4, 1, 3, 4, 3, 6, 6, 7, 5, 1, 2, 3, 6, 5, 4, 2, 4, 6, 6, 5, 3, 4, 4, 8, 4, 8, 7, 8, 1, 10, 4, 9, 4, 10, 4, 10, 8, 10, 8, 9, 1, 9, 8, 3, 3, 10, 2, 3, 6, 2, 1, 5, 1, 1, 3, 9, 9]
(1.2132759710773848, 0.4928771794730767, 1.1874680714681762, 0.9283212511199809, 1.2049597619101426, 0.7435897435897456, 1.2143386116251371, 0.0, 1.2135469289496563, 0.9678231096076865)
[10, 5, 4, 6, 4, 5, 1, 2, 4, 1, 1, 4, 10, 2, 1, 2, 5, 1, 5, 4, 3, 4, 6, 6, 5, 3, 4, 4, 8, 3, 8, 7, 10, 1, 10, 4, 9, 5, 10, 4, 10, 8, 10, 10, 10, 1, 7, 8, 6, 3, 10, 2, 2, 6, 2, 1, 5, 1, 1, 3, 9, 9]
(1.2167991662398003, 0.9199260856174946, 0.0, 0.0, 1.2110108995810172, 0.7435897435897456, 1.2122875208035133, 0.6750109793588056, 1.2061925945803544, 0.8475488602290395)
[10, 5, 4, 6, 4, 5, 1, 2, 4, 1, 1, 4, 4, 4, 4, 2, 4, 7, 5, 2, 2, 4, 6, 6, 5, 3, 4, 4, 8, 3, 8, 7, 10, 1, 10, 4, 9, 4, 10, 4, 10, 8, 10, 10, 10, 1, 9, 8, 6, 3, 10, 2, 2, 6, 2, 1, 5, 1, 1, 3, 9, 9]
(1.2147493788972519, 0.9199260856174946, 1.2003599302843233, 0.0, 1.2091217929497382, 0.7435897435897456, 1.2100481448695084, 0.5705976983046648, 1.206969621963801, 0.9678231096076865)
[10, 4, 4, 6, 5, 5, 1, 2, 4, 1, 1, 4, 4, 4, 4, 2, 4, 6, 5, 4, 3, 4, 6, 6, 5, 7, 4, 4, 8, 3, 4, 7, 7, 1, 10, 4, 9, 4, 10, 4, 10, 8, 10, 10, 10, 1, 9, 8, 6, 4, 10, 2, 2, 6, 2, 1, 5, 1, 1, 3, 9, 9]
(1.2152642695233247, 0.9199260856174946, 1.2013866646215339, 0.0, 1.2103757793083807, 0.49152542372881414, 1.2147763246670389, 0.8261960222182403, 1.2027417985722444, 0.9678231096076865)
[8, 2, 3, 2, 1, 4, 1, 3, 3, 7, 6, 1, 4, 8, 1, 2, 2, 7, 4, 3, 3, 4, 6, 6, 5, 3, 8, 1, 7, 2, 9, 7, 7, 1, 7, 4, 9, 4, 10, 3, 10, 8, 9, 6, 8, 1, 9, 3, 9, 5, 10, 2, 3, 6, 5, 1, 5, 1, 3, 1, 8, 9]
(1.2160648582503222, 0.7226030158858182, 1.2171749809756898, 0.6174892994527817, 1.2136064631864452, 1.0, 1.2066851833835264, 0.0, 1.2172111405059718, 0.8721237128731314)
[8, 5, 4, 6, 4, 6, 1, 2, 4, 2, 6, 6, 4, 4, 3, 2, 3, 1, 5, 4, 2, 5, 6, 5, 7, 3, 9, 1, 8, 1, 5, 7, 7, 1, 7, 4, 9, 4, 10, 1, 3, 8, 10, 10, 8, 9, 9, 3, 6, 6, 10, 2, 3, 9, 5, 1, 5, 1, 1, 3, 9, 9]
(1.2160640748217726, 0.0, 1.2171140899881743, 0.5893882194756173, 1.215285314433279, 1.0, 1.2188824648037575, 0.6614545976187064, 1.2177796116098785, 0.9678231096076865)
[8, 5, 4, 6, 4, 6, 6, 2, 4, 2, 6, 1, 4, 1, 1, 2, 3, 1, 5, 4, 2, 5, 6, 5, 7, 3, 9, 1, 8, 1, 5, 7, 7, 1, 7, 4, 9, 4, 10, 1, 3, 8, 10, 10, 8, 9, 9, 3, 6, 6, 10, 2, 3, 9, 5, 1, 5, 1, 1, 3, 9, 9]
(1.2160003149881982, 0.0, 1.2171467693522595, 0.5893882194756173, 1.215251876972618, 1.0, 0.0, 0.6614545976187064, 1.2182612495496892, 0.9678231096076865)
[8, 5, 4, 6, 4, 6, 6, 2, 4, 2, 6, 1, 4, 1, 1, 2, 3, 1, 5, 4, 2, 5, 6, 5, 7, 3, 9, 1, 8, 1, 5, 7, 7, 1, 7, 4, 9, 4, 10, 1, 3, 8, 10, 10, 8, 9, 9, 3, 6, 6, 10, 2, 3, 9, 5, 1, 5, 1, 1, 3, 9, 9]
(1.2160003149881982, 0.0, 1.2171467693522595, 0.5893882194756173, 0.7435897435897456, 1.0, 1.2189027508720778, 0.6614545976187064, 1.2182612495496892, 0.9678231096076865)
[8, 5, 4, 6, 4, 6, 1, 2, 4, 2, 6, 6, 4, 1, 1, 2, 3, 1, 5, 4, 2, 5, 6, 5, 7, 3, 9, 1, 8, 1, 5, 7, 7, 1, 7, 4, 9, 4, 10, 1, 3, 8, 10, 10, 8, 9, 9, 3, 6, 6, 10, 2, 3, 9, 5, 1, 5, 1, 1, 3, 9, 9]
(1.2160639541223668, 0.0, 1.217140497826042, 0.5893882194756173, 1.2152853889390849, 1.0, 1.218882484175267, 0.6614545976187064, 1.217779617942872, 0.9678231096076865)
[8, 2, 3, 2, 1, 4, 1, 8, 3, 1, 9, 8, 7, 1, 1, 4, 5, 1, 5, 4, 3, 6, 6, 1, 5, 3, 8, 1, 10, 2, 6, 7, 8, 5, 7, 4, 9, 4, 8, 7, 7, 9, 10, 8, 8, 10, 9, 1, 7, 2, 10, 2, 5, 10, 5, 3, 5, 1, 2, 1, 8, 9]
(1.1998727196827552, 0.9199260856174946, 1.2053248623386046, 0.0, 1.1974949503317496, 0.7435897435897469, 1.189216929115357, 0.6750109793588056, 1.2079331247136018, 0.9376523720075082)
[8, 2, 3, 2, 1, 4, 1, 8, 3, 1, 9, 8, 7, 4, 1, 2, 3, 3, 5, 1, 3, 5, 6, 6, 5, 3, 8, 1, 10, 2, 6, 7, 8, 6, 7, 6, 9, 4, 8, 3, 7, 9, 10, 8, 8, 6, 9, 1, 3, 2, 10, 2, 5, 10, 5, 3, 5, 1, 2, 1, 8, 9]
(1.2094007438048742, 0.6798421971018901, 1.2082344198599477, 0.388485530217814, 1.2071741117164514, 0.5918367346938787, 1.1983691142871995, 0.6750109793588056, 1.2070582585409304, 0.9678231096076865)
[8, 2, 3, 2, 1, 4, 1, 8, 3, 1, 9, 8, 7, 4, 1, 2, 3, 3, 5, 1, 3, 5, 6, 6, 5, 3, 8, 1, 10, 2, 6, 7, 8, 6, 7, 6, 9, 4, 8, 3, 7, 9, 10, 8, 8, 6, 9, 1, 3, 2, 10, 2, 5, 10, 5, 3, 5, 1, 2, 1, 8, 9]
(1.2094007438048742, 0.6798421971018901, 1.2082344198599477, 0.388485530217814, 1.2071741117164514, 0.5918367346938787, 1.1983691142871995, 0.6750109793588056, 1.2070582585409304, 0.9678231096076865)
[8, 2, 3, 2, 1, 4, 1, 8, 3, 1, 9, 8, 7, 4, 1, 2, 3, 3, 5, 1, 3, 5, 6, 6, 5, 3, 8, 1, 10, 2, 6, 7, 8, 6, 7, 6, 9, 4, 8, 3, 7, 9, 10, 8, 8, 6, 9, 1, 3, 2, 10, 2, 5, 10, 5, 3, 5, 1, 2, 1, 8, 9]
(1.2094007438048742, 0.6798421971018901, 1.2082344198599477, 0.388485530217814, 0.0, 0.5918367346938787, 1.1983691142871995, 0.6750109793588056, 1.2070582585409304, 0.9678231096076865)
[10, 5, 4, 6, 4, 5, 1, 2, 4, 1, 1, 4, 4, 4, 4, 2, 4, 7, 5, 2, 2, 4, 6, 6, 5, 3, 4, 4, 8, 3, 8, 7, 10, 1, 10, 4, 9, 4, 10, 4, 10, 8, 10, 10, 10, 1, 9, 3, 6, 3, 10, 2, 2, 6, 2, 1, 5, 1, 1, 3, 9, 9]
(1.215111258067193, 0.7226030158858182, 1.2150884700939082, 0.0, 1.2065041234716793, 0.7435897435897456, 1.2132783392444275, 0.8698358800226382, 1.208564224280419, 0.9678231096076865)
[8, 2, 3, 2, 1, 4, 1, 8, 3, 1, 9, 8, 7, 6, 1, 4, 5, 1, 5, 4, 3, 6, 6, 1, 5, 3, 8, 1, 10, 2, 6, 7, 7, 5, 7, 4, 9, 4, 8, 3, 7, 9, 10, 8, 8, 10, 9, 1, 8, 2, 10, 2, 5, 10, 5, 3, 5, 1, 2, 1, 10, 9]
(1.2097712503746172, 0.9199260856174946, 0.0, 0.0, 1.2092073990032097, 0.5918367346938787, 1.1979462089017054, 0.8261960222182403, 1.2095789788290878, 0.9678231096076865)
[10, 5, 4, 6, 4, 5, 1, 2, 4, 1, 1, 4, 10, 2, 1, 2, 5, 1, 5, 4, 3, 4, 6, 6, 5, 3, 4, 4, 8, 1, 8, 7, 10, 1, 10, 4, 9, 4, 10, 4, 10, 8, 10, 10, 7, 1, 9, 8, 6, 3, 10, 2, 2, 6, 2, 1, 5, 1, 1, 3, 9, 9]
(1.2169734468683624, 0.9199260856174946, 1.1905954210087677, 0.0, 0.0, 0.7435897435897456, 1.2089787213131806, 0.6750109793588056, 1.2127014910802267, 0.9678231096076865)
[10, 5, 4, 6, 4, 5, 1, 2, 4, 1, 1, 4, 2, 1, 1, 2, 5, 1, 5, 4, 3, 4, 6, 6, 5, 3, 4, 4, 8, 3, 8, 7, 8, 1, 10, 4, 9, 4, 10, 4, 10, 8, 10, 10, 10, 1, 9, 8, 6, 3, 10, 2, 2, 6, 2, 1, 5, 1, 1, 3, 9, 9]
(1.2155223952606342, 0.9199260856174946, 1.1964233042672296, 0.0, 1.2070211464539191, 0.5918367346938787, 0.0, 0.8698358800226382, 1.2065058102831265, 0.9678231096076865)
[10, 5, 8, 6, 1, 4, 9, 3, 4, 5, 6, 6, 7, 5, 1, 2, 3, 6, 5, 4, 2, 4, 6, 8, 5, 3, 8, 1, 10, 4, 8, 7, 8, 5, 7, 4, 9, 4, 10, 1, 9, 8, 2, 8, 9, 1, 5, 8, 3, 4, 10, 2, 3, 6, 2, 1, 5, 1, 1, 3, 9, 9]
(1.2034579874947688, 0.7226030158858182, 1.2115713128820085, 0.9283212511199809, 1.2076080406084677, 0.7435897435897469, 1.2074053717777153, 0.0, 1.1853626614436525, 0.9678231096076865)
[10, 5, 8, 6, 1, 4, 1, 2, 4, 1, 6, 6, 7, 4, 1, 4, 3, 6, 3, 4, 1, 2, 8, 1, 5, 3, 8, 1, 10, 4, 8, 7, 8, 5, 7, 4, 9, 4, 10, 1, 9, 8, 2, 8, 9, 1, 5, 8, 3, 3, 10, 2, 3, 6, 2, 1, 5, 1, 1, 3, 9, 9]
(1.2104378687217852, 0.7226030158858182, 0.0, 0.9283212511199809, 1.2060704490169905, 0.0, 1.2112796781584643, 0.8698358800226382, 1.2076196564361474, 0.9678231096076865)
[10, 5, 4, 6, 4, 5, 1, 2, 4, 1, 1, 4, 4, 4, 4, 2, 4, 6, 5, 2, 2, 4, 6, 6, 5, 3, 4, 4, 8, 5, 8, 7, 7, 1, 10, 4, 9, 4, 10, 4, 10, 8, 10, 10, 10, 1, 9, 3, 6, 3, 10, 2, 2, 6, 2, 1, 5, 1, 1, 3, 9, 9]
(1.2143933741375827, 0.9199260856174946, 1.2075576139614006, 0.0, 1.2056307999417206, 0.7435897435897456, 1.2124903598800323, 0.8698358800226382, 0.9678231096076865, 0.9678231096076865)
[10, 5, 4, 6, 4, 5, 1, 2, 4, 1, 1, 4, 4, 4, 4, 2, 4, 6, 5, 2, 2, 4, 6, 6, 5, 3, 4, 4, 8, 5, 8, 7, 7, 1, 10, 4, 9, 4, 10, 4, 10, 8, 10, 10, 10, 1, 9, 3, 6, 3, 10, 2, 2, 6, 2, 1, 5, 1, 1, 3, 9, 9]
(1.2143933741375827, 0.9199260856174946, 1.2075576139614006, 0.0, 1.2056307999417206, 0.7435897435897456, 1.2124903598800323, 0.8698358800226382, 1.207046133838596, 0.9678231096076865)
[10, 5, 4, 6, 4, 5, 1, 2, 5, 1, 1, 4, 4, 4, 4, 2, 4, 6, 5, 2, 2, 4, 6, 5, 7, 1, 8, 1, 10, 3, 8, 7, 7, 1, 7, 4, 9, 1, 10, 2, 10, 2, 7, 10, 8, 1, 9, 3, 9, 5, 10, 2, 3, 6, 2, 1, 5, 1, 1, 3, 9, 9]
(1.2127133475616596, 0.9199260856174946, 1.2166681652888678, 0.388485530217814, 1.2064149810001275, 0.7435897435897469, 1.1995106356218477, 0.6750109793588056, 1.2070124780759235, 0.8475488602290395)
[1, 2, 3, 9, 1, 4, 1, 3, 3, 7, 6, 1, 4, 8, 1, 2, 3, 7, 3, 3, 3, 4, 6, 6, 5, 5, 8, 1, 7, 2, 9, 7, 7, 1, 7, 4, 9, 4, 10, 3, 10, 8, 9, 6, 8, 1, 9, 1, 9, 5, 10, 2, 3, 6, 5, 1, 5, 1, 3, 1, 8, 9]
(1.2134222516790054, 0.7226030158858182, 1.2134041016921422, 0.6174892994527817, 0.7435897435897469, 0.7435897435897469, 0.0, 0.8261960222182403, 1.2156587580218934, 0.7094130809470531)
[10, 5, 4, 6, 4, 5, 1, 2, 4, 1, 1, 4, 10, 2, 1, 2, 5, 1, 5, 4, 3, 4, 6, 6, 5, 3, 4, 4, 5, 3, 8, 7, 10, 1, 10, 4, 9, 4, 10, 4, 10, 8, 10, 10, 10, 1, 9, 8, 6, 3, 10, 2, 2, 6, 2, 1, 5, 2, 1, 3, 9, 9]
(1.2138818001374625, 0.4928771794730767, 0.0, 0.9283212511199809, 1.211954806931319, 0.7435897435897456, 1.214142721332612, 0.6750109793588056, 1.211693879030647, 0.8475488602290395)
[10, 5, 3, 2, 4, 5, 1, 2, 4, 1, 1, 4, 10, 2, 1, 2, 5, 6, 5, 5, 2, 4, 4, 6, 5, 2, 8, 1, 10, 2, 6, 7, 10, 1, 10, 4, 9, 4, 10, 4, 10, 8, 10, 10, 10, 1, 9, 8, 6, 3, 10, 2, 2, 6, 2, 1, 5, 2, 1, 3, 9, 9]
(1.2118180496618174, 0.4928771794730767, 1.2154413649812363, 0.9283212511199809, 1.2071501368656774, 0.7435897435897469, 1.2062717413529773, 0.6750109793588056, 1.213656436838212, 0.9678231096076865)
[8, 5, 4, 6, 4, 5, 1, 2, 5, 1, 1, 4, 4, 4, 4, 2, 4, 6, 5, 2, 2, 4, 6, 6, 5, 2, 8, 1, 10, 2, 6, 7, 8, 5, 7, 4, 9, 4, 8, 3, 7, 9, 10, 8, 8, 10, 9, 3, 9, 4, 10, 2, 2, 6, 2, 1, 2, 1, 1, 3, 8, 9]
(1.215256996266546, 0.7226030158858182, 1.211994798667731, 0.9283212511199809, 1.2146388890221738, 0.7435897435897469, 1.2113073805347108, 0.5705976983046648, 0.8475488602290395, 0.8475488602290395)
[8, 5, 4, 6, 4, 5, 1, 2, 5, 1, 1, 1, 4, 4, 4, 2, 4, 6, 5, 2, 2, 4, 4, 6, 5, 2, 8, 1, 10, 2, 6, 7, 8, 5, 7, 4, 9, 4, 8, 3, 7, 9, 10, 8, 8, 10, 9, 3, 9, 4, 10, 2, 2, 6, 2, 1, 2, 1, 1, 3, 8, 9]
(1.2152578460052632, 0.7226030158858182, 1.2125229747965953, 0.9283212511199809, 1.2155373545363568, 0.7435897435897469, 1.2110478820279262, 0.6750109793588056, 1.214104156009855, 0.8475488602290395)
[10, 5, 8, 6, 1, 4, 1, 3, 4, 5, 6, 6, 7, 5, 1, 2, 3, 6, 5, 4, 2, 4, 6, 8, 5, 3, 8, 1, 10, 4, 8, 7, 8, 5, 7, 4, 9, 4, 10, 1, 9, 8, 2, 8, 9, 1, 5, 8, 3, 4, 10, 2, 3, 6, 2, 1, 5, 1, 1, 3, 9, 9]
(1.2043252443894765, 0.7226030158858182, 1.2144607709720752, 0.9283212511199809, 1.2074462512508055, 0.7435897435897469, 1.211163585074248, 0.8698358800226382, 1.194525902532043, 0.9678231096076865)
[10, 5, 5, 6, 4, 6, 2, 2, 4, 1, 6, 6, 7, 4, 1, 4, 3, 6, 5, 4, 2, 6, 6, 5, 5, 3, 6, 1, 10, 4, 8, 7, 8, 5, 7, 4, 9, 4, 10, 3, 10, 8, 9, 10, 8, 1, 9, 1, 9, 5, 10, 2, 3, 6, 5, 1, 1, 1, 1, 3, 9, 9]
(1.2100052883848569, 0.9199260856174946, 1.2087450681254288, 0.9283212511199809, 1.205084032751622, 0.7435897435897469, 1.1842691415920874, 0.6750109793588056, 1.200243522413077, 0.9678231096076865)
[8, 2, 3, 1, 1, 4, 1, 3, 3, 7, 6, 1, 5, 8, 1, 2, 3, 7, 3, 3, 3, 4, 3, 6, 5, 5, 8, 1, 7, 2, 9, 7, 7, 1, 7, 4, 9, 4, 10, 4, 10, 8, 9, 6, 8, 1, 9, 3, 9, 5, 10, 2, 3, 6, 5, 1, 5, 1, 3, 1, 8, 9]
(1.2170004980638645, 0.7226030158858182, 1.2175622729584596, 0.8469198186817245, 0.7435897435897469, 1.0, 1.206850584782662, 0.8261960222182403, 1.2171626968309306, 0.8475488602290395)
