Matsuoka quadruped, body parameters:[4, 6, 2, 3, 3, 3, 6, 5, 9, 10, 5, 4, 8, 9, 8, 3, 8, 10, 3, 4, 9, 7, 2, 9, 9, 1, 10, 7, 4, 8, 9, 2]
{'b': 0.08000000000000002, 'gam': 0.06, 'x0': 0.2, 'c': 1.5, 'a': 0.6}
Inter-module:
[[ 0.  -1.6 -1.2 -0.4]
 [-1.   0.  -0.2 -1.2]
 [-1.2 -0.4  0.  -1.6]
 [-0.2 -1.2 -1.   0. ]]
Intra-module:
[[ 0.  -0.2 -1. ]
 [-1.4  0.   1.4]
 [ 0.6 -1.4  0. ]]
Bias:[1.4 1.8 1.9]
Drive coeff:[ 0.5 -0.5  0.5]
Base period:4.96
gen	evals	std                               	min       	avg                               	max                               
0  	92   	[0.03431663 0.04668287 0.03141645]	[0. 0. 0.]	[0.00953198 0.01227216 0.00574816]	[0.17908456 0.27085905 0.19604422]
1  	92   	[0.05871219 0.05338694 0.03650968]	[0. 0. 0.]	[0.02474123 0.01885899 0.00864979]	[0.37151238 0.27085905 0.19604422]
2  	92   	[0.06487662 0.06175521 0.04204453]	[0. 0. 0.]	[0.02996406 0.02813647 0.01416498]	[0.37151238 0.27085905 0.19604422]
3  	92   	[0.07315852 0.07966336 0.05557561]	[0. 0. 0.]	[0.04391183 0.04915884 0.02523858]	[0.37151238 0.43475465 0.24136898]
4  	92   	[0.10416811 0.11984954 0.10007016]	[0. 0. 0.]	[0.07812425 0.09111909 0.05147869]	[0.68021398 0.56669203 0.63269562]
5  	92   	[0.12180776 0.12961015 0.10182691]	[0. 0. 0.]	[0.10311318 0.11754389 0.07378255]	[0.68021398 0.60840253 0.63269562]
6  	92   	[0.1180909  0.15852294 0.10488554]	[0. 0. 0.]	[0.13013127 0.15582553 0.10438048]	[0.68021398 0.9194957  0.63269562]
7  	92   	[0.12304165 0.18390323 0.13275762]	[0. 0. 0.]	[0.15414622 0.21418344 0.1486976 ]	[0.68021398 0.9194957  0.64793582]
8  	92   	[0.13430793 0.20206809 0.16141161]	[0. 0. 0.]	[0.18320377 0.26895061 0.18033427]	[0.74149754 0.92619743 0.64793582]
9  	92   	[0.12986073 0.24983555 0.17803089]	[0. 0. 0.]	[0.21197978 0.33472866 0.23633793]	[0.74149754 0.96969495 0.64793582]
10 	92   	[0.1287433  0.26924653 0.20782826]	[0. 0. 0.]	[0.22998725 0.37463713 0.28435875]	[0.74149754 0.96969495 0.65289245]
11 	92   	[0.12597035 0.28494178 0.22062753]	[0. 0. 0.]	[0.24267526 0.42919759 0.32942347]	[0.74149754 0.96969495 0.65428731]
12 	92   	[0.12501395 0.29733614 0.21999785]	[0. 0. 0.]	[0.26303733 0.47567014 0.34952883]	[0.74149754 0.98670132 0.65428731]
13 	92   	[0.11227292 0.31501566 0.22850786]	[0.17372066 0.         0.        ]	[0.29439242 0.56414097 0.35823063]	[0.74149754 0.98670132 0.65428731]
14 	92   	[0.11695003 0.30937568 0.22494255]	[0. 0. 0.]                        	[0.29380752 0.66285205 0.37421853]	[0.74149754 0.98670132 0.65428731]
15 	92   	[0.12327984 0.32234531 0.23237721]	[0. 0. 0.]                        	[0.31162962 0.61655579 0.38744485]	[0.74149754 0.98670132 0.65428731]
16 	92   	[0.1390692  0.31466662 0.23806222]	[0. 0. 0.]                        	[0.32494669 0.62863505 0.41985413]	[0.74149754 0.98783575 0.65428731]
17 	92   	[0.14271075 0.30241808 0.23926534]	[0. 0. 0.]                        	[0.33223377 0.669901   0.40326999]	[0.74149754 0.98817476 0.65428731]
18 	92   	[0.16124843 0.31816512 0.24114174]	[0. 0. 0.]                        	[0.35909864 0.69112722 0.36560824]	[0.74149754 0.9893984  0.65460225]
19 	92   	[0.16811644 0.28679887 0.24159241]	[0. 0. 0.]                        	[0.36856417 0.73808285 0.38227639]	[0.74149754 0.9893984  0.65460225]
20 	92   	[0.16967475 0.30056705 0.24391096]	[0.21864202 0.         0.        ]	[0.39645612 0.67345368 0.35888446]	[0.74212619 0.9893984  0.65460225]
21 	92   	[0.1578016  0.2540811  0.22715918]	[0.21864202 0.         0.        ]	[0.38587625 0.71241319 0.3534674 ]	[0.74212619 0.9893984  0.65601867]
22 	92   	[0.14039268 0.24185774 0.21191882]	[0.21950422 0.         0.        ]	[0.35817893 0.76884832 0.38759288]	[0.74212619 0.98960037 0.65601867]
23 	92   	[0.15428619 0.28639833 0.20875517]	[0.21950422 0.         0.        ]	[0.37922054 0.72625495 0.38293245]	[0.74212619 0.99012915 0.65601867]
24 	92   	[0.1675557  0.24983883 0.20713127]	[0.21950422 0.         0.        ]	[0.38589979 0.78299352 0.38239924]	[0.74212619 0.99012915 0.65601867]
25 	92   	[0.17630038 0.25464294 0.21456847]	[0.21950422 0.         0.        ]	[0.40452854 0.76149802 0.40464275]	[0.74250831 0.99177316 0.65601867]
26 	92   	[0.1729322  0.24940704 0.2157315 ]	[0.21950422 0.         0.        ]	[0.40163004 0.76187294 0.42512254]	[0.74250831 0.99177316 0.657798  ]
27 	92   	[0.17258524 0.23788382 0.19082515]	[0.21950422 0.         0.        ]	[0.40048809 0.7610376  0.46279526]	[0.7496298  0.99177316 0.657798  ]
28 	92   	[0.18829375 0.2228892  0.1854162 ]	[0.22196148 0.         0.        ]	[0.4197116  0.77046747 0.46566765]	[0.7496298  0.99177316 0.657798  ]
29 	92   	[0.19169966 0.22560428 0.18118305]	[0.22196148 0.         0.        ]	[0.43773166 0.74168302 0.46938163]	[0.7496298  0.99177316 0.657798  ]
30 	92   	[0.19003137 0.23274065 0.18096181]	[0.22196148 0.         0.        ]	[0.44174696 0.75526951 0.46095593]	[0.74978115 0.99177316 0.657798  ]
31 	92   	[0.19950543 0.22953322 0.18622208]	[0.22196148 0.         0.        ]	[0.48046608 0.7211288  0.46806733]	[0.74978115 1.00123527 0.657798  ]
32 	92   	[0.20115463 0.22734681 0.17105115]	[0.22371633 0.         0.21758725]	[0.48850632 0.71947454 0.46172188]	[0.749864   1.00123527 0.65791615]
33 	92   	[0.20114647 0.23533661 0.16396338]	[0.22371633 0.         0.21847641]	[0.48642968 0.74824764 0.45718616]	[0.749864   1.00123527 0.65791615]
34 	92   	[0.19258743 0.23808704 0.16052391]	[0.22371633 0.         0.21847641]	[0.47156862 0.7593375  0.48498268]	[0.749864   1.00123527 0.65791615]
35 	92   	[0.19897598 0.2233149  0.16084588]	[0.22371633 0.27897311 0.21847641]	[0.49182726 0.75032141 0.48163451]	[0.749864   1.00123527 0.65791615]
36 	92   	[0.20527901 0.22301161 0.165629  ]	[0.22333098 0.27897311 0.21847641]	[0.5017376  0.74209853 0.4701512 ]	[0.749864   1.00123527 0.65791615]
37 	92   	[0.20303947 0.22872174 0.17341944]	[0.22333098 0.27897311 0.        ]	[0.51537515 0.74452157 0.45147233]	[0.749864   1.00123527 0.65791615]
38 	92   	[0.20681274 0.23948453 0.16726551]	[0.22333098 0.27897311 0.        ]	[0.50730148 0.75637225 0.47765165]	[0.749864   1.00123527 0.65791615]
39 	92   	[0.21294873 0.24415175 0.17098209]	[0.22350651 0.27897311 0.        ]	[0.5060517  0.73525827 0.46560957]	[0.749864   1.00123527 0.65974602]
40 	92   	[0.21075896 0.23849905 0.17087676]	[0.22350651 0.27897311 0.        ]	[0.50341988 0.7544037  0.46318181]	[0.749864   1.00123527 0.65974602]
41 	92   	[0.21041609 0.24932567 0.16864825]	[0.22350651 0.         0.        ]	[0.51351722 0.7394195  0.45923538]	[0.749864   1.00123527 0.65974602]
42 	92   	[0.20429471 0.25202275 0.17353304]	[0.22350651 0.         0.        ]	[0.53362013 0.7316553  0.46708827]	[0.749864   1.00123527 0.65974602]
43 	92   	[0.20206962 0.24521514 0.17509221]	[0.22350651 0.         0.        ]	[0.54536081 0.74667613 0.45240484]	[0.74991192 1.00123527 0.65974602]
44 	92   	[0.20290494 0.24391094 0.17103158]	[0.22350651 0.         0.        ]	[0.54900263 0.75275403 0.44935707]	[0.74991192 1.00123527 0.65974602]
45 	92   	[0.2022294  0.23349943 0.17330338]	[0.22350651 0.         0.        ]	[0.51825075 0.79410589 0.45891976]	[0.74991192 1.00123527 0.65974602]
46 	92   	[0.19995223 0.2582135  0.1783534 ]	[0.22350651 0.         0.        ]	[0.53009719 0.76788577 0.46914611]	[0.74991192 1.00123527 0.65974602]
47 	92   	[0.20251684 0.29957525 0.17913136]	[0.22350651 0.         0.        ]	[0.51791385 0.73554927 0.48030797]	[0.74991192 1.00123527 0.66433685]
48 	92   	[0.20181699 0.30064311 0.17514033]	[0.22350651 0.         0.        ]	[0.4987981  0.73635246 0.48775257]	[0.74993676 1.00123527 0.66433685]
49 	92   	[0.20144124 0.29876611 0.16661725]	[0.22350651 0.         0.23873954]	[0.49404426 0.74836287 0.49860288]	[0.74993676 1.00123527 0.66433685]
50 	92   	[0.19951758 0.29718482 0.15946696]	[0.22350651 0.         0.23873954]	[0.50778206 0.74322051 0.52399686]	[0.74993676 1.00123527 0.66433685]
51 	92   	[0.20153176 0.27777237 0.16713934]	[0.22350651 0.         0.        ]	[0.51041819 0.76036714 0.51255332]	[0.74993676 1.00123527 0.66433685]
52 	92   	[0.19881975 0.28828777 0.18174599]	[0.16824439 0.         0.        ]	[0.50958159 0.75829954 0.51128991]	[0.74993676 1.00123527 0.66433685]
53 	92   	[0.20393918 0.29662796 0.19018218]	[0.16824439 0.         0.        ]	[0.51821956 0.73187409 0.49785179]	[0.74993676 1.00123527 0.66433685]
54 	92   	[0.20502743 0.28946826 0.19603193]	[0.16824439 0.         0.        ]	[0.51688574 0.75173018 0.48881471]	[0.74993676 1.00123527 0.66433685]
55 	92   	[0.20574134 0.28051917 0.19798341]	[0.16824439 0.         0.        ]	[0.51159468 0.77603128 0.47985284]	[0.74993676 1.00178276 0.66433685]
56 	92   	[0.20803322 0.26943896 0.2044885 ]	[0.16824439 0.         0.        ]	[0.51938196 0.77842105 0.46338274]	[0.74993676 1.00178276 0.66433685]
57 	92   	[0.20564166 0.25705135 0.18944736]	[0.22587717 0.         0.        ]	[0.53435315 0.78020243 0.47909106]	[0.74993676 1.00191605 0.66433685]
58 	92   	[0.20840643 0.25756886 0.18868015]	[0.22587717 0.         0.        ]	[0.51240195 0.78040093 0.4743928 ]	[0.74993676 1.00191605 0.66433685]
59 	92   	[0.20610583 0.26920832 0.20403215]	[0.22587717 0.         0.        ]	[0.5053814  0.77925843 0.46872204]	[0.74993676 1.00191605 0.82603338]
60 	92   	[0.20759597 0.24460082 0.21765012]	[0.22587717 0.         0.        ]	[0.52347627 0.796205   0.45706576]	[0.74993676 1.00191605 0.82603338]
61 	92   	[0.20747144 0.23091751 0.21588117]	[0.22587717 0.         0.        ]	[0.51384629 0.80269482 0.46455829]	[0.74993676 1.00191605 0.82603338]
62 	92   	[0.20992077 0.21696262 0.2072678 ]	[0.1777743 0.        0.       ]   	[0.50634438 0.80022772 0.47533016]	[0.74993676 1.00191605 0.84306277]
63 	92   	[0.20895839 0.21689733 0.21154915]	[0.1777743 0.        0.       ]   	[0.50769437 0.80015473 0.46978409]	[0.74993676 1.00194957 0.84306277]
64 	92   	[0.20997485 0.22190848 0.21248783]	[0.1777743 0.        0.       ]   	[0.50659442 0.79231295 0.47488579]	[0.74993676 1.00194957 0.84306277]
65 	92   	[0.2130359  0.23097113 0.22075535]	[0. 0. 0.]                        	[0.5114818  0.78527154 0.47779701]	[0.74993676 1.00194957 0.84306277]
66 	92   	[0.21508897 0.23115658 0.21956322]	[0. 0. 0.]                        	[0.51381565 0.78492662 0.4838376 ]	[0.74993676 1.00194957 0.84306277]
67 	92   	[0.21616223 0.23148389 0.22000508]	[0. 0. 0.]                        	[0.51755391 0.78432173 0.47661214]	[0.74993676 1.00194957 0.84306277]
68 	92   	[0.21297638 0.23714768 0.20961133]	[0. 0. 0.]                        	[0.49394968 0.81122486 0.50252109]	[0.75047424 1.00194957 0.84306277]
69 	92   	[0.2124163  0.22239837 0.20146842]	[0. 0. 0.]                        	[0.48285962 0.82128558 0.5167382 ]	[0.75047424 1.00194957 0.84306277]
70 	92   	[0.21636222 0.2303265  0.19220487]	[0. 0. 0.]                        	[0.48886542 0.8170111  0.52095907]	[0.75047424 1.00194957 0.84306277]
71 	92   	[0.21406784 0.23082276 0.19891014]	[0. 0. 0.]                        	[0.49280395 0.81268499 0.51883961]	[0.75089703 1.00194957 0.84306277]
72 	92   	[0.21349382 0.23118121 0.19967151]	[0. 0. 0.]                        	[0.49405226 0.8086353  0.51499564]	[0.75089703 1.00290418 0.84306277]
73 	92   	[0.21294845 0.23892929 0.19975705]	[0. 0. 0.]                        	[0.48940476 0.80505349 0.51757202]	[0.75089703 1.00290418 0.84306277]
74 	92   	[0.21880293 0.2338681  0.20870853]	[0. 0. 0.]                        	[0.48498023 0.80753456 0.512856  ]	[0.75089703 1.00290418 0.84306277]
75 	92   	[0.21940832 0.21907602 0.21386113]	[0. 0. 0.]                        	[0.48418925 0.80797808 0.52360155]	[0.75089703 1.00290418 0.84306277]
76 	92   	[0.21788719 0.21784012 0.21532228]	[0. 0. 0.]                        	[0.48058204 0.81684528 0.52324402]	[0.75089703 1.00290418 0.84306277]
77 	92   	[0.21551669 0.21509967 0.21194031]	[0. 0. 0.]                        	[0.46474807 0.83475534 0.5189671 ]	[0.75089703 1.00290418 0.84306277]
78 	92   	[0.22042551 0.21908252 0.21082189]	[0. 0. 0.]                        	[0.51597136 0.80810069 0.48750735]	[0.75089703 1.00290418 0.84306277]
79 	92   	[0.21628164 0.21848    0.21430889]	[0. 0. 0.]                        	[0.51657358 0.8088188  0.50013315]	[0.75089703 1.00290418 0.84306277]
80 	92   	[0.2151888  0.21755579 0.22046722]	[0. 0. 0.]                        	[0.50817233 0.82148738 0.49084845]	[0.75117927 1.00290418 0.84306277]
81 	92   	[0.22324419 0.21718101 0.21550019]	[0. 0. 0.]                        	[0.49292888 0.82656993 0.49698754]	[0.75137907 1.00290418 0.84306277]
82 	92   	[0.22254146 0.2162237  0.20992005]	[0. 0. 0.]                        	[0.48799427 0.83121786 0.50447956]	[0.75137907 1.00290418 0.84306277]
83 	92   	[0.2225822  0.21549672 0.2099976 ]	[0. 0. 0.]                        	[0.48799312 0.83546193 0.50456161]	[0.75137907 1.00290418 0.84306277]
84 	92   	[0.21493077 0.21813684 0.21856044]	[0. 0. 0.]                        	[0.48787315 0.81376045 0.49932103]	[0.75137907 1.00290418 0.84306277]
85 	92   	[0.21238801 0.21732064 0.2185694 ]	[0. 0. 0.]                        	[0.48604683 0.81805845 0.49736154]	[0.75137907 1.00290418 0.84306277]
86 	92   	[0.21582624 0.21558585 0.20899901]	[0. 0. 0.]                        	[0.49479396 0.8272728  0.50382494]	[0.75137907 1.00396047 0.84306277]
87 	92   	[0.2231307  0.21628483 0.20115252]	[0. 0. 0.]                        	[0.51601735 0.841592   0.50062213]	[0.75137907 1.00396047 0.84306277]
88 	92   	[0.20322509 0.21916947 0.22174794]	[0.1777743 0.        0.       ]   	[0.5608094  0.81793151 0.47688565]	[0.75137907 1.00431786 0.8771956 ]
89 	92   	[0.1982012  0.22110868 0.23193035]	[0.1777743 0.        0.       ]   	[0.58396247 0.79286704 0.44985419]	[0.75137907 1.00431786 0.8771956 ]
90 	92   	[0.19862999 0.23021167 0.23365178]	[0.1777743 0.        0.       ]   	[0.58450297 0.7915611  0.43983449]	[0.75137907 1.00431786 0.8771956 ]
91 	92   	[0.19958682 0.2298365  0.22863197]	[0.1777743 0.        0.       ]   	[0.57898439 0.8129449  0.47253756]	[0.75146782 1.00431786 0.8771956 ]
92 	92   	[0.19828504 0.23099149 0.22932298]	[0.1777743 0.        0.       ]   	[0.58383332 0.80318878 0.47064499]	[0.75146782 1.00431786 0.8771956 ]
93 	92   	[0.20075435 0.21709653 0.24292726]	[0.1777743 0.        0.       ]   	[0.56695423 0.81694359 0.46623376]	[0.75146782 1.00431786 0.8771956 ]
94 	92   	[0.19976605 0.21673516 0.24662242]	[0.1777743 0.        0.       ]   	[0.57549099 0.81698711 0.46376236]	[0.75146782 1.00431786 0.8771956 ]
95 	92   	[0.19528106 0.21785643 0.24551335]	[0.1777743 0.        0.       ]   	[0.59030716 0.80422146 0.45401935]	[0.75146782 1.00431786 0.8771956 ]
96 	92   	[0.20566862 0.21671799 0.24732825]	[0. 0. 0.]                        	[0.57768135 0.80900062 0.43983006]	[0.75146782 1.00431786 0.8771956 ]
97 	92   	[0.19742844 0.21707265 0.24563086]	[0.1777743 0.        0.       ]   	[0.58577101 0.80087512 0.43603396]	[0.75161112 1.00431786 0.8771956 ]
98 	92   	[0.19563324 0.21619634 0.22052718]	[0.1777743 0.        0.       ]   	[0.60402006 0.77424965 0.48159269]	[0.75161112 1.00431786 0.8771956 ]
99 	92   	[0.19527107 0.21688056 0.22004719]	[0.1777743 0.        0.       ]   	[0.60761413 0.78720412 0.47636414]	[0.75161112 1.00431786 0.8771956 ]
100	92   	[0.20220639 0.21555342 0.18175219]	[0.1777743 0.        0.       ]   	[0.58012721 0.80893445 0.54627711]	[0.75161112 1.00431786 0.8771956 ]
101	92   	[0.20059961 0.21517484 0.18084555]	[0.1777743 0.        0.       ]   	[0.57422714 0.80943068 0.55372204]	[0.75161112 1.00431786 0.8771956 ]
102	92   	[0.20711239 0.21524765 0.18451047]	[0.1777743 0.        0.       ]   	[0.54039782 0.8148505  0.54571179]	[0.75161112 1.00431786 0.8771956 ]
103	92   	[0.21452744 0.2302218  0.19981652]	[0. 0. 0.]                        	[0.53167525 0.80846959 0.5376597 ]	[0.75161112 1.00431786 0.8771956 ]
104	92   	[0.21160576 0.22893566 0.19518441]	[0. 0. 0.]                        	[0.53406362 0.81701751 0.5395791 ]	[0.75161112 1.00431786 0.8771956 ]
105	92   	[0.20896896 0.21264606 0.19780707]	[0. 0. 0.]                        	[0.51885941 0.82307699 0.54525983]	[0.75161112 1.00431786 0.8771956 ]
106	92   	[0.21692963 0.21322106 0.20242312]	[0. 0. 0.]                        	[0.52324986 0.82790281 0.5292112 ]	[0.75161112 1.00431786 0.8771956 ]
107	92   	[0.21975329 0.21356742 0.21275096]	[0. 0. 0.]                        	[0.52526836 0.82318636 0.53379049]	[0.75161112 1.00431786 0.8771956 ]
108	92   	[0.21920596 0.21537896 0.21466648]	[0. 0. 0.]                        	[0.53565086 0.8159497  0.53311727]	[0.75161112 1.00431786 0.8771956 ]
109	92   	[0.21968897 0.21557595 0.21476804]	[0. 0. 0.]                        	[0.51173996 0.81571397 0.54533383]	[0.75161112 1.00431786 0.8771956 ]
110	92   	[0.21869896 0.2159476  0.23100014]	[0. 0. 0.]                        	[0.52772383 0.81630057 0.52354044]	[0.75161112 1.00431786 0.8771956 ]
111	92   	[0.21731293 0.21559413 0.23219507]	[0. 0. 0.]                        	[0.53424888 0.81605039 0.5245179 ]	[0.75161112 1.00431786 0.8771956 ]
112	92   	[0.21476472 0.21390228 0.24366173]	[0. 0. 0.]                        	[0.52388854 0.82869304 0.51054752]	[0.75161112 1.00431786 0.8771956 ]
113	92   	[0.2139708  0.21249972 0.23642672]	[0. 0. 0.]                        	[0.52919241 0.83286141 0.52725907]	[0.75161112 1.00431786 0.8771956 ]
114	92   	[0.21387176 0.21216471 0.24153467]	[0. 0. 0.]                        	[0.53804655 0.83732141 0.50991919]	[0.75195017 1.00431786 0.8771956 ]
115	92   	[0.21267069 0.21170944 0.23420286]	[0. 0. 0.]                        	[0.54315092 0.83756185 0.52233201]	[0.75195017 1.00431786 0.8771956 ]
116	92   	[0.21364587 0.2146632  0.23775154]	[0. 0. 0.]                        	[0.52476682 0.82505432 0.53506663]	[0.75195017 1.00431786 0.8771956 ]
117	92   	[0.21243517 0.21359618 0.24392562]	[0. 0. 0.]                        	[0.53103749 0.82879638 0.53574037]	[0.75195017 1.00431786 0.8771956 ]
118	92   	[0.21177894 0.21312948 0.2420576 ]	[0. 0. 0.]                        	[0.5405528  0.83287675 0.52993755]	[0.75195017 1.00431786 0.8771956 ]
119	92   	[0.21098795 0.21102162 0.23761423]	[0. 0. 0.]                        	[0.53282793 0.8417322  0.53370604]	[0.75195017 1.00431786 0.8771956 ]
120	92   	[0.21297106 0.21460611 0.24413681]	[0. 0. 0.]                        	[0.52762351 0.8201921  0.54606627]	[0.75195017 1.00431786 0.8771956 ]
121	92   	[0.21673595 0.2160327  0.2172418 ]	[0. 0. 0.]                        	[0.52393726 0.81133504 0.5688454 ]	[0.75198053 1.00431786 0.8771956 ]
122	92   	[0.21312724 0.21669576 0.2300353 ]	[0. 0. 0.]                        	[0.54526972 0.79831284 0.54783245]	[0.75198053 1.00431786 0.8771956 ]
123	92   	[0.20831284 0.23061805 0.22553079]	[0. 0. 0.]                        	[0.55469141 0.79609088 0.55175006]	[0.75198053 1.00431786 0.8771956 ]
124	92   	[0.20952476 0.21571713 0.22720023]	[0. 0. 0.]                        	[0.54567832 0.81133915 0.55322566]	[0.75198053 1.00431786 0.8771956 ]
125	92   	[0.209697   0.21324891 0.21884489]	[0. 0. 0.]                        	[0.53212301 0.82849194 0.57334736]	[0.75198053 1.00431786 0.8771956 ]
126	92   	[0.21505991 0.20832484 0.22805532]	[0. 0. 0.]                        	[0.51551281 0.85026375 0.57030905]	[0.75198053 1.00431786 0.8771956 ]
127	92   	[0.2122265  0.20947573 0.23426313]	[0. 0. 0.]                        	[0.51920859 0.84571079 0.56426129]	[0.75198053 1.00431786 0.8771956 ]
128	92   	[0.2136381  0.19671564 0.24227521]	[0.        0.4081121 0.       ]   	[0.5234841  0.84585496 0.56243387]	[0.75198053 1.00431786 0.8771956 ]
129	92   	[0.21537431 0.19664758 0.24397615]	[0.        0.4081121 0.       ]   	[0.52233319 0.84577105 0.56188442]	[0.75198053 1.00431786 0.8771956 ]
130	92   	[0.21265384 0.19854211 0.24394584]	[0.        0.4081121 0.       ]   	[0.5363184  0.84132225 0.56448762]	[0.75198053 1.00431786 0.8771956 ]
131	92   	[0.21291728 0.1977861  0.24564192]	[0.        0.4081121 0.       ]   	[0.53206798 0.84536909 0.55968327]	[0.75198053 1.00431786 0.8771956 ]
132	92   	[0.21288738 0.19793723 0.24628348]	[0.        0.4081121 0.       ]   	[0.53182173 0.84550056 0.56076973]	[0.75198053 1.00431786 0.8771956 ]
133	92   	[0.20867737 0.1990576  0.24515112]	[0.        0.4081121 0.       ]   	[0.55621523 0.84073393 0.55728071]	[0.75198053 1.00431786 0.8771956 ]
134	92   	[0.20821801 0.20002874 0.24525644]	[0.        0.4081121 0.       ]   	[0.55278085 0.83675846 0.55745737]	[0.75198053 1.00431786 0.8771956 ]
135	92   	[0.21989951 0.2176272  0.23401283]	[0. 0. 0.]                        	[0.55057519 0.82150879 0.57952064]	[0.75198053 1.00431786 0.8771956 ]
136	92   	[0.21233036 0.21632062 0.23392693]	[0. 0. 0.]                        	[0.56457183 0.83017682 0.57097091]	[0.75198053 1.00431786 0.8771956 ]
137	92   	[0.22395558 0.21574461 0.23754471]	[0. 0. 0.]                        	[0.55214939 0.83521468 0.57239925]	[0.75198053 1.00431786 0.8771956 ]
138	92   	[0.22426486 0.21563741 0.2480178 ]	[0. 0. 0.]                        	[0.5556702  0.83515239 0.57108996]	[0.75198053 1.00431786 0.8771956 ]
139	92   	[0.2141427  0.21622901 0.24880611]	[0. 0. 0.]                        	[0.57088584 0.8306045  0.56931004]	[0.75198053 1.00431786 0.8771956 ]
140	92   	[0.20364816 0.21340872 0.23912515]	[0. 0. 0.]                        	[0.58109585 0.84407705 0.56553635]	[0.75198053 1.00431786 0.8771956 ]
141	92   	[0.20503678 0.21528856 0.23172869]	[0. 0. 0.]                        	[0.58340432 0.84261994 0.57256483]	[0.75198053 1.00431786 0.8771956 ]
142	92   	[0.18903054 0.21434097 0.2349809 ]	[0. 0. 0.]                        	[0.60410737 0.846414   0.5673036 ]	[0.75198053 1.00431786 0.8771956 ]
143	92   	[0.1893749  0.23011409 0.23632822]	[0. 0. 0.]                        	[0.60062905 0.84003181 0.56856373]	[0.75198053 1.00431786 0.8771956 ]
144	92   	[0.1868418  0.23092313 0.23389265]	[0. 0. 0.]                        	[0.60919523 0.83576036 0.56693573]	[0.75198053 1.00431786 0.8771956 ]
145	92   	[0.18332641 0.2151093  0.22471932]	[0. 0. 0.]                        	[0.61430274 0.84230251 0.57181531]	[0.75198053 1.00431786 0.8771956 ]
146	92   	[0.18299211 0.21521456 0.22380502]	[0. 0. 0.]                        	[0.60790717 0.84271115 0.57337981]	[0.75198053 1.0047789  0.8771956 ]
147	92   	[0.18344121 0.2142306  0.22521713]	[0. 0. 0.]                        	[0.60454149 0.84690567 0.57163532]	[0.75198053 1.0047789  0.8771956 ]
148	92   	[0.1815037  0.21185653 0.22449786]	[0. 0. 0.]                        	[0.60600908 0.85549753 0.57275162]	[0.75198053 1.0047789  0.8771956 ]
149	92   	[0.18106457 0.21313322 0.22444296]	[0. 0. 0.]                        	[0.6096162  0.85100633 0.57285886]	[0.75198053 1.0047789  0.8771956 ]
[10, 3, 6, 7, 5, 8, 7, 10, 5, 2, 5, 2, 6, 9, 4, 7, 10, 4, 8, 4, 9, 8, 3, 10, 5, 7, 4, 1, 8, 7, 9, 10, 2, 8, 8, 7, 6, 9, 6, 9, 2, 2, 7, 2, 4, 10, 8, 2, 3, 7, 9, 3, 5, 10, 5, 3, 2, 4, 6, 4, 8, 2]
(0.4167533872727215, 0.0, 0.8718424921168887)
[10, 5, 5, 2, 7, 4, 10, 2, 5, 10, 5, 10, 6, 7, 4, 4, 10, 1, 9, 9, 5, 3, 9, 8, 5, 5, 3, 5, 10, 7, 2, 7, 6, 10, 8, 10, 8, 8, 10, 6, 8, 3, 10, 10, 9, 10, 8, 2, 9, 10, 6, 2, 8, 7, 5, 1, 2, 8, 9, 7, 6, 1]
(0.7517814004680852, 0.586496748647414, 0.0)
[10, 5, 5, 2, 7, 4, 10, 2, 5, 5, 5, 2, 5, 2, 4, 10, 3, 3, 9, 8, 5, 3, 3, 2, 2, 10, 9, 7, 8, 4, 1, 5, 8, 8, 4, 9, 1, 6, 10, 6, 8, 9, 8, 5, 10, 4, 8, 2, 9, 10, 6, 9, 8, 7, 1, 5, 5, 8, 9, 7, 4, 1]
(0.751379069304511, 0.5869025716485041, 0.0)
[10, 5, 5, 2, 7, 4, 10, 2, 5, 10, 5, 10, 6, 7, 4, 4, 10, 1, 9, 9, 5, 3, 9, 8, 5, 5, 3, 5, 10, 7, 2, 7, 6, 10, 8, 10, 8, 8, 10, 6, 8, 3, 10, 10, 9, 10, 8, 2, 9, 10, 6, 2, 8, 7, 5, 1, 2, 8, 9, 7, 6, 1]
(0.7515427187532605, 0.5867574435859614, 0.0)
[10, 5, 5, 2, 7, 4, 10, 3, 5, 10, 5, 3, 6, 7, 4, 4, 10, 1, 9, 9, 5, 3, 5, 8, 5, 5, 3, 5, 10, 7, 2, 7, 6, 10, 4, 9, 1, 8, 10, 6, 8, 9, 10, 10, 4, 10, 8, 2, 6, 2, 2, 2, 8, 7, 5, 1, 2, 8, 9, 7, 7, 1]
(0.7519805275378385, 0.5864022410712101, 0.0)
[8, 3, 6, 7, 5, 8, 7, 10, 5, 2, 5, 2, 6, 9, 4, 1, 7, 4, 8, 4, 9, 8, 4, 10, 5, 7, 4, 1, 8, 7, 4, 10, 2, 8, 8, 10, 6, 9, 5, 9, 2, 2, 7, 2, 8, 10, 8, 2, 3, 7, 9, 3, 5, 10, 5, 3, 2, 4, 6, 4, 8, 2]
(0.4154718956963517, 1.0039277767762527, 0.0)
[4, 8, 5, 4, 8, 1, 10, 10, 5, 10, 9, 5, 9, 7, 4, 10, 10, 10, 4, 4, 10, 2, 10, 5, 6, 1, 1, 7, 1, 7, 4, 10, 6, 8, 8, 10, 3, 7, 3, 9, 2, 2, 10, 5, 9, 8, 7, 4, 4, 7, 10, 10, 8, 7, 1, 5, 5, 7, 5, 3, 10, 1]
(0.0, 0.5917212271113295, 0.8626492327161694)
[8, 7, 5, 7, 3, 7, 10, 6, 4, 6, 5, 8, 10, 7, 9, 9, 5, 10, 2, 5, 5, 8, 4, 10, 5, 7, 4, 1, 8, 7, 4, 10, 2, 8, 8, 10, 6, 1, 6, 10, 2, 10, 4, 5, 4, 10, 8, 7, 2, 7, 9, 3, 10, 3, 6, 3, 3, 4, 2, 4, 7, 2]
(0.5137823643856418, 1.0021285479888302, 0.0)
[8, 7, 5, 10, 3, 7, 10, 6, 4, 6, 5, 8, 10, 7, 9, 9, 5, 10, 2, 5, 5, 8, 3, 10, 5, 2, 5, 1, 10, 7, 1, 4, 5, 2, 8, 10, 6, 7, 6, 10, 9, 10, 4, 5, 9, 4, 6, 9, 2, 5, 7, 5, 6, 3, 6, 3, 3, 4, 2, 4, 7, 2]
(0.5224740320087617, 0.9951263280585393, 0.0)
[8, 7, 10, 9, 9, 8, 9, 8, 2, 5, 5, 8, 10, 7, 9, 6, 6, 10, 7, 5, 5, 8, 3, 10, 5, 3, 3, 1, 10, 7, 1, 2, 2, 8, 8, 10, 5, 7, 6, 10, 1, 10, 4, 5, 9, 8, 6, 7, 3, 2, 6, 8, 5, 10, 5, 4, 3, 4, 3, 4, 2, 2]
(0.29670177676676346, 1.0039604688063248, 0.2632464074356385)
[10, 5, 5, 2, 7, 4, 10, 2, 5, 10, 5, 10, 6, 7, 4, 4, 10, 1, 9, 9, 5, 10, 5, 8, 5, 1, 3, 5, 10, 7, 2, 7, 6, 10, 4, 9, 1, 8, 10, 6, 8, 9, 10, 10, 4, 10, 8, 2, 8, 3, 2, 4, 8, 7, 5, 1, 2, 8, 9, 7, 6, 1]
(0.7516569444054102, 0.5862563616833547, 0.2683465327371041)
[10, 5, 5, 2, 7, 4, 10, 2, 5, 6, 5, 10, 6, 7, 4, 4, 10, 1, 9, 9, 5, 3, 5, 8, 5, 5, 3, 5, 10, 7, 2, 7, 6, 10, 8, 10, 8, 8, 10, 6, 8, 9, 10, 10, 4, 10, 8, 2, 8, 2, 2, 2, 8, 7, 5, 1, 2, 8, 9, 7, 6, 1]
(0.7518172688684408, 0.5842931026738928, 0.2780846055033265)
[10, 5, 5, 2, 7, 4, 10, 2, 5, 6, 5, 10, 6, 7, 4, 4, 10, 1, 9, 9, 5, 3, 5, 8, 5, 5, 3, 5, 10, 7, 2, 7, 6, 10, 4, 9, 1, 8, 10, 6, 8, 9, 10, 10, 4, 10, 8, 2, 8, 2, 2, 2, 8, 7, 5, 1, 2, 8, 9, 7, 6, 1]
(0.7516439899383712, 0.5852458137397951, 0.3175965791724807)
[10, 5, 5, 2, 7, 4, 10, 2, 5, 10, 5, 10, 6, 7, 4, 4, 10, 1, 9, 9, 5, 3, 9, 8, 5, 5, 3, 5, 10, 7, 2, 7, 6, 10, 8, 10, 8, 8, 10, 6, 8, 9, 10, 10, 4, 10, 8, 2, 8, 2, 2, 2, 8, 7, 5, 1, 2, 8, 9, 7, 6, 1]
(0.7515425115262147, 0.5865601618171602, 0.3172692792461082)
[10, 5, 5, 2, 7, 4, 10, 2, 5, 10, 5, 10, 6, 7, 4, 4, 6, 1, 9, 9, 5, 3, 5, 8, 5, 1, 3, 9, 10, 7, 2, 7, 4, 10, 4, 9, 1, 8, 10, 6, 8, 9, 10, 10, 4, 10, 8, 2, 9, 10, 6, 2, 8, 7, 5, 1, 2, 8, 9, 7, 6, 1]
(0.7513719844193294, 0.5853808999025049, 0.3192488175362616)
[10, 5, 5, 2, 7, 4, 10, 2, 5, 10, 5, 10, 6, 7, 4, 4, 10, 1, 9, 9, 5, 3, 5, 8, 5, 1, 3, 5, 10, 7, 2, 7, 4, 10, 4, 9, 1, 8, 10, 6, 8, 9, 10, 10, 4, 10, 8, 2, 8, 3, 2, 2, 8, 7, 5, 1, 2, 8, 9, 7, 6, 1]
(0.7512986085082181, 0.586636426997388, 0.31811443511518417)
[10, 5, 5, 2, 7, 4, 10, 2, 5, 6, 5, 10, 6, 7, 4, 4, 10, 1, 9, 9, 5, 3, 5, 8, 5, 5, 3, 5, 7, 7, 2, 7, 4, 10, 4, 9, 1, 8, 10, 5, 8, 9, 10, 10, 9, 10, 8, 2, 9, 10, 6, 2, 8, 7, 5, 1, 2, 8, 9, 7, 6, 1]
(0.7514227234792673, 0.5866347957292888, 0.31823465969506404)
[10, 5, 5, 2, 7, 4, 10, 2, 5, 10, 5, 10, 6, 7, 4, 4, 10, 1, 9, 9, 5, 3, 5, 8, 5, 5, 3, 5, 10, 7, 2, 7, 4, 10, 4, 9, 1, 8, 10, 5, 8, 9, 10, 10, 9, 10, 8, 2, 9, 10, 6, 2, 8, 7, 5, 1, 2, 8, 9, 7, 6, 1]
(0.7513330049827578, 0.5866255547449565, 0.31841356559386447)
[10, 5, 5, 2, 7, 4, 10, 2, 5, 6, 5, 10, 6, 7, 4, 4, 10, 1, 9, 9, 5, 3, 5, 8, 5, 5, 3, 5, 10, 7, 2, 7, 4, 10, 4, 9, 1, 8, 10, 5, 8, 9, 10, 10, 9, 10, 8, 2, 9, 10, 6, 2, 8, 7, 5, 1, 2, 8, 9, 7, 6, 1]
(0.751427873758219, 0.5861338331601479, 0.31896737998896935)
[2, 7, 4, 6, 5, 6, 7, 10, 9, 1, 5, 8, 10, 5, 9, 6, 10, 7, 9, 1, 7, 8, 3, 6, 5, 1, 10, 4, 4, 10, 4, 10, 3, 4, 7, 9, 7, 6, 9, 4, 2, 10, 8, 7, 4, 10, 8, 6, 2, 9, 9, 3, 8, 7, 5, 3, 6, 4, 6, 5, 4, 2]
(0.4113672673891701, 0.4081121039458754, 0.8453105460487228)
[8, 7, 4, 6, 5, 6, 7, 10, 9, 1, 5, 8, 10, 10, 9, 6, 10, 9, 9, 4, 7, 8, 3, 6, 5, 1, 10, 4, 9, 10, 4, 10, 3, 4, 7, 2, 7, 6, 9, 4, 2, 10, 8, 7, 4, 10, 8, 7, 2, 7, 9, 3, 8, 7, 5, 3, 6, 4, 6, 5, 8, 2]
(0.4262048000632973, 0.599803298488988, 0.6614134566300922)
[8, 7, 7, 6, 9, 6, 7, 10, 9, 4, 5, 8, 10, 10, 9, 6, 10, 9, 5, 4, 7, 8, 8, 8, 7, 1, 10, 4, 4, 10, 4, 10, 3, 4, 7, 9, 7, 6, 9, 4, 2, 10, 8, 7, 4, 10, 8, 7, 2, 7, 9, 3, 8, 9, 5, 3, 6, 4, 6, 5, 8, 2]
(0.42095102517198735, 0.6078615783512877, 0.6622692147053818)
[8, 7, 4, 6, 5, 6, 7, 10, 9, 1, 5, 8, 10, 10, 9, 6, 10, 9, 9, 4, 7, 8, 3, 6, 5, 1, 10, 4, 9, 10, 4, 10, 3, 4, 7, 9, 7, 6, 9, 4, 2, 10, 9, 7, 4, 10, 8, 7, 2, 7, 9, 3, 8, 7, 5, 3, 6, 4, 6, 5, 8, 2]
(0.4277833334348074, 0.6028076935303845, 0.6613559858241276)
[8, 7, 7, 6, 9, 6, 7, 10, 9, 4, 5, 8, 10, 10, 9, 6, 10, 9, 5, 4, 9, 8, 7, 10, 5, 7, 3, 1, 8, 9, 4, 10, 2, 8, 8, 10, 6, 9, 6, 9, 2, 2, 7, 2, 8, 10, 8, 2, 3, 7, 9, 3, 8, 9, 5, 3, 6, 4, 6, 5, 8, 2]
(0.22710693392164003, 1.0016986237838847, 0.6579131472593651)
[10, 2, 6, 7, 5, 2, 7, 10, 5, 2, 5, 2, 6, 9, 4, 7, 10, 4, 8, 1, 7, 8, 8, 8, 5, 7, 4, 1, 8, 9, 7, 10, 2, 3, 8, 10, 6, 9, 6, 9, 2, 2, 7, 2, 8, 10, 8, 2, 3, 7, 9, 3, 5, 9, 5, 3, 2, 4, 6, 4, 8, 2]
(0.41358106023869445, 0.6067505649893584, 0.8743913980864514)
[8, 4, 3, 7, 5, 8, 7, 3, 5, 9, 5, 2, 6, 9, 4, 10, 2, 4, 8, 4, 9, 8, 3, 10, 6, 7, 4, 1, 10, 7, 4, 10, 5, 8, 8, 10, 6, 7, 2, 9, 2, 2, 7, 2, 8, 10, 8, 2, 3, 2, 1, 5, 6, 6, 5, 3, 2, 4, 6, 4, 8, 2]
(0.22099002507459373, 0.9793123727664332, 0.7453811616706084)
[8, 4, 5, 7, 5, 8, 7, 3, 5, 9, 5, 2, 6, 9, 4, 10, 2, 4, 8, 4, 9, 8, 3, 10, 6, 7, 4, 1, 10, 7, 4, 10, 6, 8, 8, 10, 6, 9, 6, 9, 2, 2, 7, 2, 8, 10, 8, 2, 3, 2, 2, 5, 6, 6, 5, 3, 2, 4, 6, 4, 8, 2]
(0.17863022986733507, 0.9799365872517208, 0.8367915068504688)
[9, 8, 5, 9, 8, 1, 10, 2, 5, 10, 5, 5, 7, 7, 4, 10, 10, 10, 5, 4, 5, 2, 10, 5, 6, 1, 9, 4, 4, 7, 4, 10, 6, 8, 8, 10, 3, 7, 2, 9, 3, 10, 5, 5, 10, 8, 6, 7, 4, 9, 5, 9, 8, 9, 1, 5, 5, 7, 5, 3, 10, 1]
(0.7439932340418574, 0.5988384609238464, 0.654478496436762)
[10, 8, 5, 9, 9, 1, 9, 3, 5, 10, 5, 5, 7, 7, 4, 10, 10, 10, 6, 10, 5, 2, 3, 2, 6, 3, 9, 8, 4, 7, 3, 9, 6, 8, 8, 10, 3, 7, 2, 9, 2, 10, 5, 5, 6, 8, 1, 10, 10, 8, 9, 8, 8, 2, 1, 5, 5, 7, 5, 2, 10, 1]
(0.7413978891983581, 0.6033414623864416, 0.655973981727329)
[10, 8, 5, 9, 9, 1, 10, 3, 5, 10, 5, 5, 7, 7, 4, 10, 10, 10, 5, 4, 5, 2, 10, 5, 6, 1, 9, 4, 4, 7, 4, 10, 6, 8, 8, 10, 3, 7, 2, 9, 2, 9, 5, 5, 5, 8, 6, 7, 4, 10, 6, 10, 8, 7, 2, 5, 5, 7, 5, 3, 10, 1]
(0.7438063319064113, 0.6036110346479434, 0.6551523684816535)
[8, 8, 5, 9, 8, 1, 10, 2, 5, 10, 5, 5, 4, 7, 4, 10, 10, 10, 5, 4, 5, 2, 10, 5, 6, 1, 9, 4, 4, 7, 4, 10, 6, 8, 8, 10, 3, 7, 2, 6, 3, 10, 5, 5, 10, 8, 6, 7, 4, 9, 5, 9, 8, 7, 1, 5, 5, 7, 5, 3, 10, 1]
(0.7499022287880249, 0.5987846283972538, 0.6539413019280503)
[10, 5, 5, 2, 7, 6, 10, 2, 5, 10, 5, 2, 4, 3, 4, 1, 6, 3, 9, 4, 5, 3, 3, 2, 2, 10, 1, 7, 7, 7, 4, 5, 8, 10, 8, 10, 8, 7, 8, 6, 8, 9, 5, 5, 9, 8, 7, 7, 4, 8, 6, 9, 8, 7, 1, 7, 5, 7, 5, 7, 4, 1]
(0.7410917657483234, 0.4643117606749384, 0.8459715586959703)
[8, 3, 5, 7, 5, 8, 7, 10, 5, 2, 7, 5, 5, 9, 4, 7, 10, 8, 4, 4, 9, 8, 3, 10, 6, 2, 6, 1, 10, 7, 1, 8, 6, 8, 8, 10, 3, 7, 2, 9, 2, 2, 7, 2, 8, 10, 8, 2, 3, 2, 8, 5, 6, 6, 5, 3, 2, 4, 6, 4, 8, 2]
(0.4113049368794795, 1.0013327641412602, 0.649216630206973)
[8, 3, 6, 7, 5, 8, 7, 10, 5, 2, 5, 2, 6, 9, 4, 6, 10, 4, 8, 4, 9, 8, 3, 10, 5, 5, 4, 1, 8, 4, 4, 10, 2, 10, 8, 10, 6, 9, 6, 9, 2, 2, 7, 2, 8, 10, 8, 2, 3, 7, 9, 3, 5, 10, 5, 3, 2, 4, 6, 4, 8, 2]
(0.41371221443798456, 1.0047788994386777, 0.6438086072090778)
[8, 3, 6, 7, 5, 8, 7, 10, 5, 2, 5, 2, 6, 9, 4, 7, 10, 4, 8, 4, 9, 8, 4, 10, 5, 7, 4, 1, 8, 7, 4, 10, 2, 8, 8, 10, 6, 9, 5, 9, 2, 4, 7, 2, 8, 10, 8, 2, 3, 7, 9, 3, 5, 10, 5, 3, 2, 4, 6, 4, 8, 2]
(0.4139408386811318, 1.001793446950613, 0.6476984558893216)
[10, 2, 6, 7, 5, 8, 7, 10, 5, 2, 5, 2, 6, 9, 4, 7, 10, 4, 8, 4, 9, 8, 3, 10, 5, 7, 4, 1, 8, 9, 4, 10, 2, 3, 8, 10, 6, 9, 6, 9, 2, 2, 7, 2, 8, 10, 8, 2, 3, 7, 9, 3, 5, 9, 5, 3, 2, 4, 6, 4, 8, 2]
(0.4178400682295089, 1.001995678804813, 0.6452150178200956)
[8, 4, 6, 7, 5, 8, 7, 10, 5, 2, 5, 2, 6, 9, 4, 6, 10, 4, 8, 4, 9, 8, 3, 10, 5, 5, 4, 1, 8, 7, 4, 10, 2, 10, 8, 10, 6, 9, 6, 9, 2, 3, 7, 2, 8, 10, 8, 2, 4, 7, 9, 3, 5, 10, 5, 3, 2, 4, 6, 4, 8, 2]
(0.41319063598325007, 1.0039472507312879, 0.6489317758426437)
[6, 3, 6, 7, 5, 8, 7, 10, 5, 2, 5, 2, 6, 9, 4, 7, 10, 4, 8, 4, 9, 8, 3, 10, 5, 7, 4, 1, 8, 9, 4, 10, 2, 5, 8, 10, 6, 9, 6, 9, 2, 2, 7, 2, 8, 9, 8, 2, 3, 7, 9, 3, 5, 9, 5, 3, 2, 4, 6, 4, 8, 2]
(0.4177135897914182, 1.003187410347162, 0.6476096673116484)
[8, 7, 2, 6, 5, 6, 7, 10, 9, 1, 5, 8, 10, 10, 9, 6, 10, 9, 9, 4, 7, 8, 3, 6, 5, 1, 10, 4, 9, 10, 4, 10, 3, 4, 7, 9, 7, 6, 9, 4, 2, 10, 8, 7, 4, 10, 7, 6, 2, 7, 9, 3, 8, 7, 5, 3, 6, 4, 6, 5, 8, 2]
(0.4270137568118082, 0.9848974781110865, 0.6618449500555276)
[8, 7, 4, 6, 5, 6, 7, 10, 9, 1, 5, 8, 10, 10, 9, 6, 10, 9, 9, 4, 7, 8, 3, 6, 5, 1, 10, 4, 4, 10, 4, 10, 3, 4, 7, 9, 7, 6, 9, 4, 2, 10, 8, 7, 4, 10, 8, 7, 2, 7, 9, 3, 8, 7, 5, 3, 6, 4, 6, 5, 8, 2]
(0.42586876717476524, 0.9885127158835512, 0.6621335784725287)
[8, 7, 4, 6, 5, 6, 7, 10, 9, 1, 5, 8, 10, 10, 9, 6, 10, 9, 9, 4, 7, 8, 3, 6, 5, 1, 10, 4, 4, 10, 4, 10, 3, 4, 6, 9, 7, 6, 9, 4, 2, 10, 8, 7, 4, 10, 8, 7, 2, 7, 9, 3, 8, 7, 5, 3, 6, 4, 6, 5, 8, 2]
(0.42717751359760414, 0.9882052997127158, 0.6614156890065577)
[10, 5, 5, 2, 7, 6, 10, 2, 5, 10, 1, 2, 6, 3, 4, 1, 6, 3, 9, 4, 5, 3, 3, 2, 2, 10, 1, 7, 6, 7, 4, 5, 8, 10, 8, 10, 8, 7, 10, 6, 8, 9, 5, 5, 9, 8, 6, 9, 10, 10, 6, 9, 8, 9, 1, 5, 5, 7, 5, 7, 4, 1]
(0.7443102127986432, 0.5827443062273006, 0.7504091567820645)
[8, 7, 4, 6, 5, 6, 7, 10, 9, 1, 5, 8, 10, 10, 9, 6, 10, 9, 9, 4, 7, 8, 3, 6, 5, 1, 10, 4, 4, 10, 4, 10, 3, 4, 5, 9, 7, 6, 9, 4, 2, 10, 8, 7, 4, 10, 8, 7, 2, 7, 9, 3, 8, 7, 5, 3, 6, 4, 6, 5, 8, 2]
(0.42692281666973025, 0.9926543878391366, 0.6613180251626607)
[8, 7, 8, 7, 5, 8, 10, 10, 9, 1, 9, 8, 10, 10, 9, 6, 10, 9, 9, 4, 7, 8, 3, 6, 5, 1, 10, 4, 9, 10, 4, 10, 3, 2, 7, 9, 7, 6, 9, 4, 2, 10, 8, 7, 4, 10, 8, 7, 2, 7, 9, 3, 8, 7, 5, 3, 6, 4, 6, 5, 8, 2]
(0.42855329077257975, 0.9924681497737747, 0.6600316727694538)
[8, 7, 7, 6, 9, 6, 7, 10, 9, 4, 5, 8, 10, 10, 9, 6, 10, 9, 5, 4, 7, 8, 8, 8, 7, 1, 10, 4, 4, 10, 4, 10, 3, 4, 7, 9, 7, 6, 9, 4, 2, 1, 8, 7, 7, 10, 8, 7, 2, 7, 9, 3, 8, 9, 5, 3, 6, 4, 6, 5, 9, 2]
(0.4179381628590204, 1.0003757042810304, 0.6629129532106681)
[8, 7, 8, 7, 5, 8, 10, 10, 9, 1, 9, 8, 10, 10, 9, 6, 10, 9, 9, 4, 7, 8, 3, 6, 5, 1, 10, 4, 9, 10, 4, 10, 3, 2, 7, 9, 7, 6, 9, 4, 2, 10, 8, 7, 4, 8, 8, 7, 2, 7, 9, 3, 8, 5, 5, 3, 6, 4, 6, 5, 8, 2]
(0.43032533835611153, 0.9920124681666477, 0.6594019571652554)
[8, 7, 4, 6, 5, 6, 7, 10, 9, 1, 5, 8, 10, 10, 9, 6, 10, 9, 9, 4, 7, 8, 3, 6, 5, 1, 10, 4, 9, 10, 4, 10, 3, 4, 7, 9, 7, 6, 9, 4, 2, 10, 8, 7, 4, 10, 8, 7, 2, 7, 9, 3, 8, 7, 5, 3, 6, 4, 6, 5, 8, 2]
(0.4275707034492767, 0.9947328077629193, 0.6611448001274829)
[8, 7, 7, 7, 5, 8, 7, 10, 9, 4, 5, 8, 10, 10, 9, 6, 10, 9, 5, 4, 7, 8, 8, 8, 7, 1, 10, 4, 4, 10, 4, 10, 3, 4, 7, 9, 7, 6, 9, 4, 2, 9, 8, 7, 4, 8, 8, 7, 2, 7, 9, 3, 8, 9, 5, 3, 6, 4, 6, 5, 8, 2]
(0.42324523577848533, 0.99960658084601, 0.6612805973689921)
[8, 7, 8, 7, 5, 8, 10, 10, 9, 1, 9, 8, 10, 10, 9, 6, 10, 9, 9, 4, 7, 8, 3, 6, 5, 1, 10, 4, 9, 10, 4, 10, 3, 2, 7, 9, 7, 6, 9, 4, 2, 10, 8, 7, 4, 10, 8, 7, 2, 7, 9, 3, 8, 7, 5, 3, 6, 4, 6, 5, 8, 2]
(0.42872274399924754, 0.9963567340746505, 0.6596722215555215)
[8, 7, 8, 7, 5, 8, 10, 10, 9, 4, 9, 8, 10, 10, 9, 6, 10, 9, 9, 4, 7, 8, 3, 6, 5, 1, 10, 4, 9, 10, 4, 10, 3, 4, 7, 9, 7, 6, 9, 4, 2, 10, 9, 7, 4, 10, 8, 7, 2, 7, 9, 3, 6, 7, 5, 3, 6, 4, 6, 5, 8, 2]
(0.4281101825602533, 1.001236555911599, 0.6610641013185684)
[10, 8, 5, 9, 9, 1, 10, 2, 5, 7, 7, 5, 7, 7, 4, 10, 7, 10, 5, 8, 5, 8, 9, 10, 6, 6, 9, 8, 4, 6, 3, 10, 6, 8, 8, 10, 3, 4, 2, 9, 2, 5, 5, 5, 4, 8, 1, 10, 10, 8, 9, 9, 8, 9, 1, 5, 5, 7, 5, 3, 10, 1]
(0.7404187051634262, 0.9932234561070783, 0.36415287669284835)
[10, 7, 5, 9, 3, 6, 10, 2, 5, 6, 5, 5, 7, 7, 4, 10, 8, 10, 8, 8, 5, 8, 9, 10, 6, 5, 4, 8, 4, 7, 4, 10, 6, 7, 5, 10, 3, 7, 2, 9, 2, 10, 5, 5, 6, 8, 1, 10, 10, 8, 9, 9, 6, 9, 1, 5, 5, 7, 5, 3, 10, 1]
(0.7449444526554118, 0.9934238577261548, 0.3627666556077755)
[10, 8, 5, 9, 3, 6, 10, 2, 5, 5, 5, 5, 7, 7, 4, 10, 10, 10, 5, 3, 5, 8, 4, 10, 10, 6, 9, 8, 10, 7, 4, 10, 6, 8, 8, 10, 3, 7, 2, 9, 3, 10, 5, 5, 6, 8, 1, 10, 10, 8, 9, 9, 6, 9, 1, 5, 5, 7, 5, 3, 10, 1]
(0.7443889085115365, 0.9935994775965792, 0.3640371768052466)
[10, 7, 5, 9, 3, 6, 10, 2, 5, 6, 5, 5, 7, 7, 4, 10, 10, 10, 5, 8, 5, 8, 9, 10, 6, 6, 4, 8, 4, 7, 4, 10, 6, 8, 8, 10, 3, 7, 2, 9, 3, 10, 5, 5, 6, 8, 1, 10, 10, 8, 9, 9, 6, 9, 1, 5, 5, 7, 5, 3, 10, 1]
(0.7479703913333768, 0.9933176582679134, 0.3639035017628443)
[4, 7, 5, 5, 3, 7, 10, 6, 4, 6, 10, 8, 10, 7, 9, 9, 5, 10, 2, 5, 5, 8, 4, 10, 5, 7, 4, 1, 8, 7, 4, 10, 2, 8, 8, 10, 6, 1, 6, 10, 2, 10, 4, 5, 4, 10, 8, 9, 8, 7, 9, 3, 10, 3, 6, 3, 3, 4, 2, 4, 7, 2]
(0.4591657495231588, 0.9990934325382097, 0.6473088838405641)
[8, 7, 5, 7, 3, 7, 10, 6, 4, 6, 5, 8, 10, 7, 9, 9, 5, 10, 2, 5, 5, 8, 4, 10, 5, 7, 4, 1, 8, 7, 4, 10, 2, 8, 8, 10, 6, 7, 6, 10, 2, 10, 4, 5, 9, 4, 6, 9, 2, 5, 7, 5, 5, 3, 6, 3, 3, 4, 2, 4, 7, 2]
(0.46006814345568003, 1.0012441238388403, 0.6456146537649888)
[10, 10, 5, 9, 3, 6, 10, 2, 5, 6, 5, 5, 7, 7, 4, 10, 8, 10, 8, 8, 5, 8, 9, 10, 6, 5, 4, 8, 4, 7, 4, 10, 6, 7, 5, 10, 3, 7, 1, 9, 2, 10, 5, 5, 6, 8, 1, 10, 10, 8, 9, 8, 10, 2, 1, 5, 5, 7, 5, 3, 10, 1]
(0.7498610233413239, 0.992466331087051, 0.3654626595243376)
[4, 7, 5, 7, 3, 7, 10, 6, 4, 6, 5, 8, 10, 7, 9, 9, 5, 10, 2, 5, 5, 8, 4, 10, 5, 7, 4, 1, 8, 7, 4, 10, 2, 8, 8, 10, 6, 1, 6, 10, 2, 10, 4, 5, 4, 10, 8, 9, 2, 7, 9, 3, 10, 3, 6, 3, 3, 4, 2, 4, 7, 2]
(0.4714636802263874, 0.997759400866924, 0.6480977634645125)
[10, 8, 5, 9, 3, 1, 10, 4, 5, 10, 5, 2, 4, 3, 4, 7, 10, 10, 5, 4, 5, 2, 10, 2, 6, 1, 9, 8, 1, 7, 4, 10, 8, 10, 8, 10, 8, 7, 10, 6, 8, 9, 5, 5, 9, 8, 6, 7, 10, 10, 6, 9, 8, 7, 1, 5, 5, 7, 5, 7, 4, 1]
(0.73623370411359, 0.5607746924803226, 0.830633903490109)
[10, 5, 5, 2, 6, 6, 10, 2, 5, 2, 5, 2, 5, 2, 4, 10, 3, 1, 3, 4, 5, 8, 5, 1, 9, 5, 9, 7, 8, 3, 4, 10, 8, 8, 8, 9, 2, 6, 9, 6, 1, 9, 8, 5, 10, 4, 8, 1, 3, 2, 2, 5, 6, 6, 6, 3, 8, 8, 9, 7, 4, 1]
(0.7392016972576467, 0.5645306494634793, 0.8260333750950195)
[10, 8, 5, 9, 3, 1, 9, 2, 5, 10, 5, 2, 4, 3, 4, 1, 6, 3, 9, 4, 5, 2, 3, 9, 2, 10, 1, 5, 6, 7, 4, 5, 8, 10, 8, 10, 8, 7, 10, 8, 8, 9, 5, 5, 9, 8, 6, 7, 10, 10, 6, 9, 8, 7, 1, 5, 5, 7, 5, 7, 4, 1]
(0.7451491929768118, 0.5867513290478598, 0.8141448029606285)
[10, 8, 5, 9, 9, 1, 10, 3, 5, 10, 5, 5, 7, 7, 4, 10, 3, 10, 5, 4, 5, 2, 10, 5, 6, 1, 9, 4, 4, 7, 4, 10, 4, 10, 8, 10, 8, 7, 10, 6, 8, 9, 5, 5, 9, 8, 6, 7, 10, 10, 6, 9, 8, 7, 1, 5, 5, 7, 5, 7, 4, 1]
(0.7402107164338617, 0.5587740694154401, 0.8516586192878306)
[10, 8, 5, 9, 3, 6, 10, 2, 5, 5, 5, 5, 7, 7, 4, 10, 9, 10, 5, 3, 5, 8, 1, 10, 10, 6, 9, 8, 6, 7, 4, 10, 6, 8, 8, 10, 3, 7, 2, 9, 3, 10, 5, 5, 6, 8, 1, 10, 10, 8, 9, 9, 6, 9, 1, 5, 5, 7, 5, 3, 10, 1]
(0.7474395080848119, 0.9910173611715418, 0.42543237571075565)
[10, 8, 5, 9, 8, 1, 10, 2, 5, 10, 6, 5, 7, 8, 4, 10, 7, 10, 5, 3, 5, 8, 1, 10, 10, 6, 9, 8, 6, 7, 4, 10, 6, 8, 8, 10, 3, 7, 2, 9, 3, 10, 5, 5, 6, 8, 1, 10, 10, 8, 9, 9, 6, 9, 1, 5, 5, 7, 5, 3, 10, 1]
(0.7470638966420936, 0.9907674802467209, 0.42693051726465914)
[6, 4, 4, 7, 5, 8, 7, 10, 5, 2, 5, 2, 6, 9, 4, 6, 10, 4, 8, 4, 9, 8, 3, 10, 5, 7, 4, 1, 8, 7, 4, 10, 2, 8, 8, 10, 6, 9, 6, 9, 2, 2, 7, 2, 8, 10, 8, 2, 3, 7, 9, 3, 5, 10, 5, 3, 2, 4, 6, 4, 8, 2]
(0.4111539622861808, 0.9978096662089212, 0.8758614723299191)
[8, 3, 5, 7, 5, 8, 7, 10, 5, 2, 5, 6, 6, 9, 4, 7, 10, 4, 8, 4, 9, 8, 3, 10, 5, 7, 4, 1, 10, 7, 4, 10, 6, 8, 8, 10, 6, 7, 2, 9, 2, 2, 7, 2, 8, 10, 8, 2, 3, 5, 9, 3, 5, 5, 5, 3, 2, 4, 6, 4, 8, 2]
(0.40749961143027963, 1.0043178649619207, 0.877195599173843)
[4, 3, 5, 9, 8, 1, 10, 2, 5, 10, 5, 5, 7, 8, 4, 10, 7, 10, 5, 1, 5, 2, 10, 5, 6, 1, 9, 4, 4, 7, 4, 10, 6, 8, 8, 10, 3, 7, 2, 9, 2, 9, 5, 5, 5, 8, 6, 7, 4, 10, 6, 10, 8, 7, 1, 5, 5, 7, 2, 3, 10, 1]
(0.7426855036552201, 0.9798168884590248, 0.6551976815459852)
[4, 3, 5, 9, 8, 1, 10, 2, 5, 10, 5, 5, 7, 8, 4, 10, 10, 10, 3, 4, 5, 2, 5, 3, 6, 1, 9, 8, 4, 6, 3, 10, 6, 8, 8, 5, 3, 7, 2, 9, 2, 5, 5, 5, 9, 8, 7, 7, 4, 8, 6, 9, 8, 7, 1, 5, 5, 7, 5, 3, 10, 1]
(0.7408901081119075, 0.98624334130436, 0.6524822231622863)
[4, 3, 5, 9, 8, 1, 10, 2, 5, 10, 5, 5, 7, 8, 4, 10, 10, 10, 3, 4, 5, 2, 5, 3, 6, 1, 9, 8, 4, 6, 3, 10, 6, 8, 8, 5, 3, 7, 2, 9, 2, 5, 5, 5, 9, 8, 7, 7, 4, 8, 6, 9, 8, 7, 1, 5, 5, 7, 5, 3, 10, 1]
(0.739796875839236, 0.9884062578901631, 0.652247209894798)
[6, 8, 5, 9, 8, 1, 10, 2, 5, 6, 7, 5, 10, 8, 4, 10, 10, 10, 5, 4, 5, 2, 10, 5, 6, 1, 9, 8, 4, 7, 4, 10, 6, 8, 8, 10, 3, 7, 2, 6, 3, 10, 5, 5, 5, 8, 9, 7, 4, 9, 5, 9, 8, 9, 1, 5, 5, 7, 5, 3, 10, 1]
(0.7430904787903847, 0.990972168929873, 0.6465855195916402)
[3, 8, 5, 9, 8, 1, 10, 2, 5, 10, 5, 5, 7, 7, 4, 10, 10, 10, 5, 4, 5, 2, 10, 5, 6, 1, 9, 4, 4, 7, 4, 10, 6, 8, 8, 10, 3, 7, 2, 9, 3, 10, 5, 5, 10, 8, 6, 7, 7, 9, 5, 9, 8, 9, 1, 5, 5, 7, 5, 3, 10, 1]
(0.7425388810210855, 0.9842554224655015, 0.6547976710544005)
[4, 3, 5, 9, 8, 1, 10, 10, 5, 10, 5, 1, 9, 7, 4, 10, 10, 10, 5, 4, 5, 2, 10, 5, 6, 1, 1, 7, 4, 7, 4, 10, 6, 8, 8, 10, 3, 7, 2, 9, 2, 2, 5, 5, 3, 8, 7, 7, 4, 8, 6, 9, 8, 7, 1, 5, 5, 7, 5, 3, 10, 1]
(0.740840927492885, 0.9877793831750732, 0.6530209903761867)
[6, 8, 5, 9, 8, 1, 10, 2, 5, 6, 7, 5, 4, 7, 4, 10, 10, 10, 5, 4, 5, 2, 10, 5, 6, 1, 9, 4, 4, 7, 4, 10, 6, 8, 8, 10, 3, 7, 2, 6, 3, 10, 5, 5, 5, 8, 6, 7, 4, 9, 5, 9, 8, 9, 1, 5, 5, 7, 5, 3, 10, 1]
(0.7451090438327114, 0.9883248908445221, 0.6493205575074825)
[10, 7, 5, 9, 3, 10, 10, 7, 5, 6, 5, 3, 7, 7, 4, 10, 10, 10, 5, 8, 5, 8, 9, 10, 6, 5, 4, 8, 4, 7, 4, 10, 6, 8, 8, 10, 3, 7, 2, 9, 2, 5, 3, 5, 4, 8, 1, 10, 10, 7, 9, 9, 8, 9, 1, 5, 5, 7, 5, 3, 10, 1]
(0.7460685886477583, 0.9929562279954535, 0.6438796611352788)
[10, 8, 5, 9, 9, 3, 10, 2, 5, 7, 5, 5, 7, 8, 4, 10, 10, 4, 5, 4, 5, 2, 5, 3, 6, 1, 9, 5, 4, 7, 4, 10, 6, 8, 8, 10, 3, 4, 2, 9, 2, 5, 5, 5, 4, 8, 1, 10, 10, 8, 9, 9, 8, 9, 1, 5, 5, 7, 5, 3, 10, 1]
(0.7464752096157801, 0.9865321451798061, 0.6503119293379372)
[10, 8, 5, 9, 8, 1, 10, 2, 5, 6, 7, 5, 7, 7, 4, 10, 10, 10, 5, 4, 5, 2, 3, 2, 6, 1, 9, 8, 1, 7, 3, 10, 6, 8, 8, 10, 3, 7, 2, 9, 3, 10, 5, 5, 6, 8, 1, 10, 10, 8, 9, 8, 8, 2, 1, 5, 5, 7, 5, 3, 10, 1]
(0.7449677006656164, 0.9856053525581938, 0.6528738783063427)
[10, 8, 5, 9, 3, 1, 10, 2, 5, 7, 5, 5, 7, 7, 4, 10, 7, 10, 5, 4, 5, 3, 1, 10, 8, 1, 9, 5, 4, 7, 4, 10, 5, 8, 8, 10, 3, 7, 2, 9, 2, 5, 5, 5, 4, 8, 1, 10, 10, 7, 9, 9, 8, 9, 1, 5, 5, 7, 5, 3, 10, 1]
(0.7511509628914869, 0.9873708205297569, 0.6450505239007511)
[10, 10, 5, 9, 3, 6, 10, 2, 5, 6, 7, 5, 7, 7, 4, 10, 10, 10, 5, 4, 5, 2, 3, 2, 6, 1, 9, 8, 1, 7, 3, 10, 6, 8, 8, 10, 3, 7, 2, 9, 3, 10, 5, 5, 6, 8, 1, 10, 10, 8, 9, 8, 10, 2, 1, 5, 5, 7, 5, 3, 10, 1]
(0.7453541793985963, 0.9856935126706939, 0.6525723379235489)
[4, 3, 5, 9, 8, 1, 10, 2, 5, 10, 5, 5, 7, 7, 4, 10, 10, 10, 5, 4, 5, 2, 10, 5, 6, 1, 9, 4, 4, 7, 4, 10, 6, 8, 8, 10, 3, 7, 2, 9, 2, 9, 5, 5, 5, 8, 6, 7, 4, 10, 6, 10, 8, 7, 1, 5, 5, 7, 5, 3, 10, 1]
(0.745164576589096, 0.986164670623837, 0.6523178489610626)
[10, 10, 5, 9, 3, 6, 10, 2, 5, 6, 7, 5, 7, 7, 4, 10, 10, 10, 5, 4, 5, 2, 3, 2, 6, 1, 9, 8, 1, 7, 3, 10, 6, 8, 8, 10, 3, 7, 2, 9, 3, 10, 5, 5, 6, 8, 1, 10, 10, 8, 9, 8, 10, 2, 1, 5, 5, 7, 5, 3, 10, 1]
(0.7445898588285572, 0.985296024195848, 0.6539437287853812)
[10, 8, 5, 9, 8, 1, 10, 2, 5, 6, 7, 5, 4, 7, 4, 10, 10, 10, 5, 4, 5, 2, 10, 5, 6, 1, 9, 4, 4, 7, 4, 10, 6, 8, 8, 10, 3, 7, 2, 9, 2, 9, 5, 5, 5, 8, 6, 7, 4, 9, 5, 9, 8, 9, 1, 5, 5, 7, 5, 3, 10, 1]
(0.7479191258758228, 0.9856184693053346, 0.6503993538620035)
[10, 8, 5, 9, 8, 1, 10, 2, 5, 6, 5, 5, 7, 6, 4, 10, 10, 10, 6, 10, 5, 2, 3, 10, 10, 6, 9, 8, 4, 7, 3, 10, 6, 8, 8, 10, 4, 7, 2, 9, 3, 1, 5, 5, 6, 8, 1, 10, 10, 8, 5, 9, 8, 9, 1, 5, 5, 7, 5, 3, 10, 1]
(0.7506817543868151, 0.9877259405329805, 0.6464854787322424)
[10, 8, 5, 9, 8, 1, 10, 2, 5, 6, 5, 5, 7, 7, 4, 10, 10, 10, 6, 10, 5, 2, 3, 2, 6, 1, 9, 8, 4, 7, 3, 10, 6, 8, 8, 10, 3, 7, 2, 9, 2, 2, 10, 5, 5, 8, 6, 7, 4, 9, 5, 9, 8, 9, 1, 5, 5, 7, 5, 3, 10, 1]
(0.7450948591560301, 0.9892057476565225, 0.6508119679841399)
[10, 7, 5, 9, 3, 10, 10, 7, 5, 6, 7, 5, 7, 7, 4, 10, 10, 10, 5, 4, 5, 2, 3, 2, 2, 1, 9, 8, 2, 7, 3, 10, 6, 8, 8, 10, 3, 7, 2, 9, 3, 10, 5, 5, 6, 8, 1, 10, 10, 8, 9, 8, 10, 2, 1, 5, 5, 7, 5, 3, 10, 1]
(0.7439583678721653, 0.9897087747231107, 0.6517878927565173)
[10, 8, 5, 9, 9, 3, 10, 2, 5, 7, 5, 5, 7, 8, 4, 10, 10, 10, 5, 4, 5, 2, 5, 3, 6, 1, 9, 5, 4, 7, 4, 10, 6, 8, 8, 10, 3, 4, 2, 9, 2, 5, 5, 5, 4, 8, 1, 10, 10, 8, 9, 9, 8, 5, 1, 5, 5, 7, 5, 3, 10, 1]
(0.7451068920618902, 0.9880844218656402, 0.652309706907247)
[10, 8, 5, 9, 8, 1, 10, 4, 5, 6, 5, 5, 7, 7, 4, 10, 10, 10, 6, 10, 5, 2, 10, 5, 6, 1, 9, 4, 4, 7, 4, 10, 6, 8, 8, 10, 3, 7, 2, 9, 2, 9, 5, 5, 5, 8, 6, 7, 4, 10, 6, 10, 8, 7, 1, 5, 5, 7, 5, 3, 10, 1]
(0.746441098699525, 0.987326133809982, 0.6519133646766071)
[4, 3, 5, 9, 8, 1, 10, 2, 5, 7, 5, 5, 7, 8, 4, 10, 7, 10, 5, 4, 5, 2, 10, 5, 6, 1, 9, 4, 4, 7, 4, 10, 6, 8, 8, 10, 3, 7, 2, 9, 2, 9, 5, 5, 5, 8, 6, 7, 4, 10, 6, 10, 8, 7, 1, 5, 5, 7, 5, 3, 10, 1]
(0.7472893593758079, 0.9882103307172637, 0.6501873291612236)
[10, 10, 5, 9, 3, 3, 10, 2, 5, 6, 7, 5, 7, 7, 4, 10, 10, 10, 5, 4, 5, 2, 7, 2, 6, 1, 9, 8, 1, 6, 4, 10, 6, 8, 8, 10, 3, 7, 2, 9, 3, 10, 5, 5, 6, 8, 6, 7, 4, 9, 5, 9, 8, 9, 1, 5, 5, 7, 3, 3, 10, 1]
(0.7492220801028578, 0.987015969119964, 0.6498441769586067)
[10, 8, 5, 9, 8, 1, 10, 2, 5, 6, 7, 5, 7, 7, 4, 10, 10, 10, 5, 4, 5, 2, 10, 2, 6, 1, 9, 8, 1, 7, 3, 10, 6, 8, 8, 10, 5, 7, 2, 9, 2, 2, 10, 5, 5, 8, 6, 7, 4, 9, 5, 9, 8, 9, 1, 5, 5, 7, 5, 3, 10, 1]
(0.7423131736483902, 0.9928973505273443, 0.6519528108200603)
[10, 10, 5, 9, 3, 6, 10, 2, 5, 6, 7, 5, 7, 7, 4, 10, 10, 10, 5, 4, 5, 2, 3, 2, 6, 1, 9, 8, 1, 6, 4, 10, 6, 8, 8, 10, 3, 7, 2, 9, 3, 10, 5, 5, 6, 8, 1, 10, 10, 8, 9, 8, 10, 2, 1, 5, 5, 7, 5, 3, 10, 1]
(0.7491669644310919, 0.9853556828573329, 0.6529280036016427)
[3, 8, 5, 9, 8, 1, 10, 2, 5, 10, 5, 5, 7, 7, 4, 10, 10, 10, 5, 4, 5, 2, 10, 5, 6, 1, 9, 4, 4, 7, 4, 10, 6, 8, 8, 10, 3, 7, 2, 9, 3, 10, 5, 5, 10, 8, 6, 7, 4, 9, 5, 9, 8, 9, 1, 5, 5, 7, 5, 3, 10, 1]
(0.750620504034559, 0.9840764002874475, 0.653890815330649)
[10, 6, 5, 9, 4, 1, 10, 2, 5, 6, 5, 5, 7, 7, 4, 10, 10, 10, 6, 10, 5, 2, 3, 2, 6, 1, 9, 8, 4, 7, 3, 10, 6, 8, 8, 10, 3, 7, 2, 9, 2, 2, 10, 5, 6, 10, 6, 7, 4, 9, 5, 9, 8, 9, 1, 5, 5, 7, 5, 3, 10, 1]
(0.7502707424852089, 0.989869989641009, 0.6491997150138202)
