[2, 5, 10, 5, 9, 8, 3, 9, 1, 6, 6, 1, 1, 2, 1, 6, 8, 8, 7, 8, 5, 6, 8, 3, 1, 7, 9, 9, 8, 9, 9, 8, 6, 7, 9, 4, 3, 7, 10, 3, 2, 7, 10, 1, 6, 9, 6, 6, 10, 6, 1, 9, 9, 10, 5, 6, 4, 3, 5, 5, 6, 1]
(1.0800642531365157, 0.0, 1.0954314030706884, 0.21944970602082484, 1.0965911980718377, 0.0, 1.0798590708523987, 0.0, 1.0873749736696483, 0.24461519307045165)
[2, 5, 10, 5, 9, 8, 3, 9, 1, 6, 6, 1, 1, 2, 1, 6, 8, 3, 7, 3, 9, 1, 7, 10, 1, 7, 9, 9, 8, 9, 9, 8, 6, 3, 9, 5, 3, 6, 10, 3, 2, 7, 10, 2, 6, 9, 10, 6, 10, 6, 4, 7, 9, 7, 5, 6, 4, 3, 5, 5, 6, 1]
(1.0662322264164685, 0.0, 1.1010011039674288, 0.21944970602082484, 1.0508777823299165, 0.23076923076923092, 1.0874323140829802, 0.0, 1.0912155359983444, 0.2600318902873277)
[2, 5, 3, 2, 7, 5, 1, 3, 10, 3, 7, 5, 1, 2, 1, 1, 4, 8, 7, 2, 7, 8, 7, 4, 4, 10, 8, 8, 9, 9, 9, 8, 6, 7, 9, 3, 3, 7, 4, 3, 2, 7, 10, 1, 7, 10, 6, 6, 10, 6, 4, 10, 9, 8, 5, 6, 4, 1, 2, 3, 9, 1]
(1.097125915065408, 0.47770468944193545, 1.079341309890151, 0.19779341379412432, 1.0926807779818775, 0.0, 1.0921794801950457, 0.18951132300357573, 1.092543387785554, 0.3476813658158408)
[2, 8, 10, 5, 9, 3, 3, 2, 7, 4, 1, 5, 2, 6, 6, 4, 4, 3, 7, 6, 9, 8, 7, 10, 6, 5, 10, 8, 7, 6, 10, 7, 9, 8, 3, 4, 10, 3, 10, 7, 2, 7, 6, 9, 5, 3, 8, 6, 10, 8, 4, 8, 3, 2, 5, 6, 4, 4, 5, 5, 6, 1]
(1.1155472658574588, 0.1898926363734953, 1.1216054912656552, 0.21944970602082484, 0.7183098591549303, 0.0, 0.0, 0.0, 1.111240147054196, 0.9913501045195742)
[2, 5, 10, 5, 9, 8, 3, 9, 1, 6, 6, 1, 1, 2, 1, 6, 8, 8, 7, 8, 5, 5, 8, 3, 1, 7, 9, 9, 8, 9, 9, 8, 6, 7, 9, 4, 3, 7, 10, 3, 2, 7, 10, 1, 6, 8, 6, 6, 10, 6, 1, 9, 9, 10, 5, 6, 4, 3, 5, 5, 6, 1]
(1.0809774376451968, 0.9776661083193732, 0.6123682562261764, 0.21944970602082484, 1.0, 0.0, 1.0760131251066922, 0.0, 1.0905986037105324, 0.23092422300455032)
[2, 5, 10, 5, 9, 8, 3, 9, 1, 6, 6, 1, 1, 2, 1, 6, 8, 8, 7, 8, 5, 5, 8, 3, 1, 7, 9, 9, 8, 9, 9, 8, 6, 7, 10, 4, 3, 7, 10, 3, 2, 7, 10, 4, 6, 8, 6, 6, 10, 6, 1, 9, 9, 10, 5, 6, 4, 3, 5, 5, 6, 1]
(1.0832850195467474, 0.0, 0.7207942847162392, 0.21944970602082484, 1.1028086639940744, 1.0, 1.080874553322792, 0.0, 0.9913501045195742, 0.24461519307045165)
[6, 2, 2, 6, 9, 4, 3, 2, 10, 7, 2, 5, 1, 5, 8, 2, 2, 1, 7, 2, 9, 8, 2, 9, 4, 10, 8, 8, 9, 6, 10, 6, 3, 8, 8, 8, 7, 7, 8, 6, 7, 10, 2, 3, 6, 9, 9, 6, 7, 6, 4, 5, 9, 8, 5, 2, 8, 1, 10, 1, 10, 1]
(1.1273819658905275, 0.9776661083193732, 0.6685196824371717, 0.6310172212952172, 0.0, 0.0, 0.6838447835296325, 0.0, 0.5886710461229061, 0.0)
[2, 8, 10, 5, 9, 3, 3, 2, 7, 1, 1, 5, 3, 6, 3, 5, 4, 3, 7, 6, 9, 8, 7, 10, 6, 5, 10, 8, 7, 10, 10, 7, 9, 8, 3, 4, 10, 3, 10, 7, 2, 7, 6, 6, 5, 2, 8, 6, 10, 6, 4, 9, 1, 4, 5, 6, 4, 4, 5, 5, 6, 1]
(1.1191641423851257, 0.9776661083193732, 0.7099780466407442, 0.0, 0.7183098591549292, 0.7183098591549292, 0.81103198491036, 0.0, 0.7591706041246574, 0.0)
[2, 5, 3, 10, 5, 5, 2, 2, 10, 7, 7, 5, 1, 5, 6, 2, 2, 5, 7, 2, 9, 8, 7, 4, 4, 10, 8, 8, 9, 5, 10, 6, 4, 8, 3, 1, 3, 2, 5, 7, 7, 5, 6, 6, 5, 5, 8, 8, 4, 2, 4, 8, 3, 8, 5, 1, 1, 1, 2, 6, 9, 1]
(0.47770468944193545, 0.0, 1.1134142540395264, 0.18002748511223077, 1.1093780800700193, 0.7183098591549303, 1.0966146245598796, 0.0, 1.1033107914030555, 0.7992987078401382)
[2, 5, 3, 10, 5, 5, 2, 2, 5, 7, 5, 4, 1, 5, 6, 2, 2, 5, 7, 2, 7, 8, 7, 4, 4, 10, 8, 8, 9, 6, 10, 6, 4, 8, 5, 1, 2, 2, 5, 7, 7, 7, 6, 6, 8, 5, 8, 8, 4, 2, 4, 8, 3, 8, 5, 1, 1, 1, 2, 6, 9, 1]
(1.1035877615213399, 0.6855017617121234, 1.1154739141464238, 0.19779341379412432, 1.1134943019598729, 0.0, 1.0999245889484888, 0.0, 0.0, 0.9913501045195742)
[2, 1, 10, 5, 7, 5, 3, 2, 7, 4, 1, 5, 7, 6, 6, 5, 4, 3, 7, 6, 9, 8, 7, 10, 6, 5, 10, 8, 7, 6, 10, 7, 4, 8, 3, 4, 7, 3, 10, 3, 2, 6, 6, 6, 5, 5, 8, 8, 10, 6, 4, 9, 3, 2, 5, 6, 4, 4, 5, 5, 6, 1]
(1.0882316797971727, 0.9776661083193732, 1.1184693329036242, 0.19779341379412432, 1.1138403266668326, 0.7183098591549292, 1.1014408238232138, 0.0, 1.1013728611171252, 0.0)
[2, 5, 10, 6, 9, 8, 3, 9, 1, 6, 6, 2, 1, 2, 1, 6, 8, 8, 7, 8, 5, 3, 8, 3, 1, 7, 9, 9, 8, 9, 9, 8, 6, 8, 9, 5, 3, 7, 10, 3, 2, 7, 10, 2, 6, 9, 7, 6, 10, 6, 4, 9, 9, 8, 5, 6, 4, 3, 5, 5, 5, 1]
(1.0724656771868464, 0.9776661083193732, 1.083719216287136, 0.0, 1.085431804507971, 0.7183098591549292, 1.0688578959554431, 0.0, 1.080803845822811, 0.24461519307045165)
[2, 5, 3, 2, 7, 5, 4, 3, 10, 1, 7, 6, 8, 3, 6, 5, 3, 8, 7, 10, 5, 3, 8, 10, 6, 5, 10, 8, 8, 9, 9, 8, 6, 7, 9, 5, 2, 7, 10, 3, 2, 7, 6, 9, 5, 2, 8, 6, 9, 8, 4, 9, 3, 5, 5, 6, 4, 3, 5, 1, 9, 1]
(1.0577867478132243, 0.9776661083193732, 1.0766812566667794, 0.0, 1.0853126771748067, 0.0, 1.0662650898098942, 0.0, 1.0929701723158363, 0.9913501045195742)
[2, 5, 10, 5, 9, 8, 3, 9, 1, 6, 6, 1, 1, 2, 1, 6, 8, 8, 7, 8, 5, 5, 8, 3, 1, 7, 9, 9, 8, 9, 9, 8, 6, 7, 9, 5, 3, 3, 10, 3, 2, 6, 10, 2, 6, 9, 6, 6, 10, 6, 1, 9, 9, 10, 5, 6, 4, 3, 5, 5, 6, 1]
(1.0768539559096098, 0.9776661083193732, 1.0935989234596493, 0.0, 1.1057695914059884, 1.0, 1.0720526710152627, 0.0, 1.0900273006409407, 0.0)
[9, 3, 10, 5, 7, 5, 3, 2, 7, 4, 1, 5, 7, 6, 6, 5, 3, 8, 7, 8, 5, 3, 8, 10, 6, 5, 10, 8, 7, 6, 10, 7, 4, 8, 3, 5, 7, 3, 10, 3, 2, 6, 6, 6, 5, 5, 10, 8, 10, 6, 4, 9, 3, 2, 5, 6, 4, 4, 2, 5, 6, 1]
(1.0781133495271205, 0.9776661083193732, 1.0962978441268207, 0.0, 1.0, 1.0, 1.0824156995862724, 0.0, 1.082550987228751, 0.0)
[9, 3, 10, 5, 7, 5, 3, 2, 7, 4, 1, 5, 7, 6, 6, 5, 3, 8, 7, 8, 5, 3, 8, 10, 6, 5, 10, 8, 7, 6, 10, 7, 4, 8, 3, 5, 7, 3, 10, 3, 2, 6, 6, 6, 5, 5, 10, 8, 10, 6, 4, 9, 3, 2, 5, 6, 4, 4, 2, 5, 6, 1]
(1.0781133495271205, 0.9776661083193732, 0.0, 0.0, 1.0, 1.0, 1.0824156995862724, 0.0, 1.082550987228751, 0.0)
[9, 3, 10, 5, 7, 5, 3, 2, 7, 4, 1, 5, 7, 6, 6, 5, 4, 3, 7, 6, 9, 8, 7, 10, 6, 5, 10, 8, 7, 6, 10, 7, 4, 8, 3, 4, 7, 3, 10, 3, 2, 6, 6, 6, 5, 5, 10, 8, 10, 6, 4, 9, 3, 2, 5, 6, 4, 4, 2, 5, 6, 1]
(1.1088775333017116, 0.9776661083193732, 0.0, 0.0, 1.112442741915584, 1.0, 1.110850971192122, 0.0, 1.0984399739652875, 0.0)
[9, 3, 10, 5, 7, 5, 3, 2, 4, 1, 1, 5, 9, 6, 6, 5, 4, 3, 9, 3, 9, 4, 7, 10, 6, 5, 10, 8, 7, 6, 10, 7, 4, 8, 3, 4, 7, 3, 10, 3, 2, 6, 6, 6, 5, 5, 10, 8, 10, 6, 4, 9, 3, 2, 5, 6, 4, 4, 2, 5, 6, 1]
(1.1042616914957766, 0.9776661083193732, 1.1006607711315157, 0.0, 1.0, 1.0, 1.1047492194920783, 0.0, 1.100760578364134, 0.0)
[2, 5, 10, 5, 9, 5, 10, 3, 10, 4, 7, 1, 8, 3, 6, 5, 3, 8, 7, 8, 5, 8, 8, 7, 6, 5, 10, 8, 8, 9, 9, 8, 6, 7, 9, 5, 3, 7, 10, 3, 2, 7, 6, 9, 6, 2, 8, 8, 10, 8, 4, 9, 3, 5, 5, 6, 4, 3, 5, 5, 6, 1]
(1.0710579834878444, 0.0, 1.0972110114991667, 0.28097794849508617, 1.0945355437695983, 0.7183098591549303, 1.0772017769515514, 0.0, 1.0952371895313266, 0.9913501045195742)
[2, 5, 3, 2, 7, 5, 9, 3, 10, 3, 7, 2, 1, 2, 7, 1, 4, 6, 7, 2, 7, 8, 7, 4, 4, 10, 8, 8, 9, 9, 10, 8, 6, 7, 9, 6, 3, 7, 10, 3, 2, 7, 6, 1, 6, 10, 6, 3, 10, 6, 6, 10, 9, 8, 5, 6, 4, 1, 1, 3, 9, 1]
(1.0933412089943888, 0.36658214892181684, 1.0855150412768126, 0.19779341379412432, 1.103797503560782, 1.0, 1.0899882551282647, 0.18951132300357573, 1.0745835386216638, 0.2975358587716073)
[2, 5, 3, 2, 7, 5, 1, 3, 7, 3, 7, 5, 1, 2, 7, 1, 4, 8, 7, 2, 7, 8, 7, 3, 1, 7, 9, 9, 8, 9, 9, 8, 6, 7, 9, 5, 3, 10, 4, 3, 2, 7, 10, 1, 7, 1, 6, 6, 10, 6, 4, 10, 9, 8, 5, 6, 4, 1, 2, 3, 9, 1]
(1.0985369738191368, 0.36658214892181684, 1.0923506423830989, 0.19779341379412432, 1.0972414012998346, 1.0, 1.0933673284947873, 0.18951132300357573, 1.094477774202824, 0.3476813658158408)
[2, 5, 3, 2, 7, 5, 4, 3, 10, 4, 7, 5, 1, 8, 4, 1, 4, 8, 7, 8, 5, 4, 7, 3, 1, 7, 9, 9, 8, 9, 10, 8, 6, 7, 9, 6, 3, 7, 10, 3, 2, 7, 10, 1, 6, 9, 6, 6, 10, 6, 4, 10, 9, 8, 5, 6, 4, 1, 2, 3, 9, 1]
(1.0916451897472144, 0.2974013474494705, 1.0806569673120974, 0.19779341379412432, 1.0992054983973505, 1.0, 1.0810184486210346, 0.18951132300357573, 1.0916335519403222, 0.4181556517244522)
[2, 3, 10, 5, 9, 3, 3, 2, 4, 1, 1, 5, 9, 6, 6, 5, 4, 3, 9, 3, 9, 4, 8, 3, 9, 8, 10, 8, 7, 6, 10, 7, 9, 8, 3, 4, 10, 3, 10, 7, 2, 8, 6, 6, 5, 2, 8, 6, 10, 8, 4, 8, 3, 2, 5, 6, 4, 4, 5, 5, 10, 1]
(1.11356923095882, 0.9776661083193732, 1.1099495939910415, 0.0, 1.1053687687963252, 0.7183098591549292, 1.09363668859005, 0.0, 1.1027707148343329, 0.4181556517244522)
[2, 5, 3, 2, 7, 5, 4, 5, 10, 3, 7, 5, 1, 8, 7, 1, 4, 8, 7, 8, 5, 4, 7, 3, 1, 7, 8, 9, 8, 9, 9, 8, 6, 7, 9, 5, 3, 7, 7, 3, 2, 7, 10, 1, 6, 9, 6, 6, 10, 6, 4, 9, 9, 10, 5, 6, 4, 1, 2, 3, 9, 1]
(1.0873919468373061, 0.36658214892181684, 1.080712127685547, 0.19779341379412432, 1.098246863856912, 1.0, 1.0786488864570856, 0.18951132300357573, 1.0870425879955292, 0.3796758965298294)
[2, 5, 10, 5, 9, 5, 3, 4, 7, 4, 1, 5, 8, 6, 6, 5, 4, 3, 7, 7, 5, 5, 7, 10, 6, 5, 10, 8, 1, 2, 10, 8, 6, 7, 9, 5, 3, 7, 10, 3, 2, 8, 6, 6, 5, 5, 9, 8, 10, 6, 2, 9, 3, 8, 5, 6, 4, 5, 5, 5, 6, 1]
(1.085961426049471, 0.9776661083193732, 0.0, 0.19779341379412432, 1.0965115502476694, 0.7183098591549303, 1.09431890770793, 0.0, 1.0962151609361175, 0.24461519307045165)
[2, 5, 3, 2, 7, 5, 1, 3, 10, 3, 7, 5, 1, 2, 7, 1, 4, 8, 7, 2, 7, 8, 7, 4, 4, 10, 8, 8, 9, 9, 9, 8, 6, 7, 9, 4, 3, 7, 10, 3, 2, 7, 6, 1, 6, 10, 6, 6, 10, 6, 6, 10, 9, 8, 5, 6, 4, 1, 2, 3, 9, 1]
(1.098294806852937, 0.47770468944193545, 1.088410660624504, 0.19779341379412432, 1.1101973012089734, 1.0, 0.18951132300357573, 0.0, 1.09332184009254, 0.46531482254226375)
[9, 3, 10, 5, 7, 5, 3, 2, 1, 1, 1, 5, 9, 6, 6, 5, 4, 3, 9, 3, 9, 4, 8, 3, 9, 8, 10, 8, 7, 7, 10, 7, 9, 8, 3, 4, 10, 3, 10, 7, 2, 8, 6, 6, 5, 2, 10, 8, 10, 6, 5, 9, 3, 2, 5, 6, 4, 4, 2, 5, 6, 1]
(1.089906494691968, 0.9776661083193732, 0.7743113383650685, 0.19779341379412432, 0.9811599671840674, 0.0, 1.1108563106507068, 0.0, 1.099799701198936, 0.9913501045195742)
[2, 1, 7, 5, 7, 5, 3, 2, 7, 4, 1, 5, 7, 6, 6, 5, 4, 3, 7, 9, 9, 7, 7, 10, 6, 5, 10, 8, 1, 6, 10, 8, 6, 7, 9, 5, 3, 7, 10, 3, 2, 7, 3, 2, 5, 5, 2, 8, 10, 6, 4, 3, 3, 2, 5, 6, 4, 4, 5, 5, 6, 1]
(1.1020796798169619, 0.9776661083193732, 0.18002748511223077, 0.19779341379412432, 1.1292955420911321, 0.7183098591549292, 1.1154036864638335, 0.0, 1.1038670990616088, 0.27752255009450527)
[2, 5, 3, 2, 7, 5, 4, 3, 10, 3, 7, 5, 1, 8, 7, 1, 4, 8, 7, 8, 5, 4, 7, 3, 1, 7, 9, 9, 8, 9, 9, 8, 6, 7, 9, 5, 3, 7, 4, 3, 2, 7, 10, 1, 6, 9, 6, 6, 10, 6, 4, 10, 9, 8, 5, 6, 4, 1, 2, 3, 9, 1]
(1.0890598278492691, 0.36658214892181684, 1.0802139364182948, 0.19779341379412432, 1.0974418781697752, 1.0, 1.0818722825497389, 0.18951132300357573, 1.090231401845813, 0.4181556517244522)
[9, 3, 10, 5, 7, 5, 3, 2, 7, 4, 1, 5, 2, 6, 6, 5, 3, 8, 7, 8, 5, 3, 8, 10, 8, 5, 10, 8, 7, 6, 10, 7, 4, 8, 3, 5, 7, 8, 10, 3, 2, 6, 6, 6, 5, 5, 10, 8, 10, 6, 4, 9, 3, 2, 5, 6, 3, 4, 2, 5, 6, 1]
(1.0891303766518832, 0.9776661083193732, 1.1082820471376187, 0.19779341379412432, 0.0, 1.0, 1.085854707285762, 0.0, 1.0858962148427964, 0.0)
[2, 5, 3, 2, 7, 5, 1, 3, 10, 3, 7, 5, 1, 2, 1, 1, 4, 8, 7, 2, 7, 8, 7, 4, 4, 10, 8, 8, 9, 9, 9, 8, 6, 7, 9, 3, 3, 7, 4, 3, 2, 7, 10, 1, 7, 10, 6, 6, 10, 6, 4, 10, 9, 8, 5, 6, 4, 1, 2, 3, 9, 1]
(1.097125915065408, 0.47770468944193545, 1.079341309890151, 0.19779341379412432, 1.0926807779818775, 1.0, 1.0921794801950457, 0.18951132300357573, 1.092543387785554, 0.3476813658158408)
[2, 5, 3, 2, 7, 5, 1, 3, 10, 3, 7, 5, 1, 2, 7, 1, 4, 8, 7, 2, 7, 8, 7, 4, 4, 10, 8, 8, 2, 9, 9, 8, 6, 7, 9, 4, 3, 7, 10, 5, 2, 8, 6, 6, 5, 5, 9, 8, 10, 6, 10, 10, 9, 8, 5, 6, 4, 1, 2, 3, 9, 1]
(1.0974193025380377, 0.36658214892181684, 1.0898445677012207, 0.19779341379412432, 1.112283548712731, 1.0, 1.0865339744836093, 0.18951132300357573, 1.093238437175751, 0.46531482254226375)
[2, 5, 3, 2, 7, 5, 1, 3, 10, 3, 7, 5, 1, 2, 7, 1, 4, 8, 7, 2, 7, 8, 7, 4, 4, 10, 8, 8, 2, 9, 9, 8, 6, 7, 9, 4, 3, 7, 10, 5, 2, 8, 6, 6, 5, 5, 9, 8, 10, 6, 10, 10, 9, 8, 5, 6, 4, 1, 2, 3, 9, 1]
(1.0974193025380377, 0.36658214892181684, 1.0898445677012207, 0.19779341379412432, 1.112283548712731, 1.0, 1.0865339744836093, 0.18951132300357573, 0.3796758965298294, 0.46531482254226375)
[2, 5, 10, 5, 9, 8, 3, 9, 1, 6, 6, 2, 1, 2, 1, 6, 8, 8, 7, 8, 5, 3, 8, 3, 1, 7, 9, 9, 8, 9, 9, 8, 6, 7, 9, 5, 3, 7, 10, 3, 2, 7, 10, 2, 6, 9, 7, 6, 10, 6, 4, 9, 9, 8, 5, 6, 4, 3, 5, 5, 5, 1]
(1.0752318907529115, 0.9776661083193732, 1.077691664174199, 0.0, 0.7801890868693496, 1.0, 1.0694482069462534, 0.0, 1.080348903685808, 0.24461519307045165)
[3, 5, 10, 5, 9, 8, 1, 9, 1, 6, 6, 2, 1, 2, 1, 6, 8, 8, 7, 8, 5, 3, 8, 3, 1, 7, 9, 9, 8, 9, 9, 8, 6, 7, 9, 5, 3, 7, 10, 3, 5, 7, 10, 2, 6, 9, 7, 6, 10, 6, 4, 9, 9, 8, 5, 6, 4, 3, 5, 5, 5, 1]
(1.074695521965623, 0.9776661083193732, 0.0, 0.0, 1.0795229453593491, 1.0, 1.0679744299501177, 0.0, 1.0841292265802622, 0.24461519307045165)
[2, 5, 10, 5, 9, 8, 3, 9, 1, 6, 6, 1, 1, 2, 1, 6, 8, 8, 7, 8, 5, 5, 8, 3, 1, 7, 9, 9, 8, 9, 9, 8, 6, 7, 9, 4, 3, 7, 10, 3, 2, 7, 10, 1, 6, 9, 6, 6, 10, 8, 4, 9, 9, 10, 5, 6, 4, 3, 5, 5, 6, 1]
(1.0720283053815363, 0.9776661083193732, 1.0895071901381017, 0.0, 1.0, 1.0, 1.078168487176299, 0.0, 1.0822082027792932, 0.24461519307045165)
[2, 5, 10, 5, 9, 8, 3, 9, 1, 6, 6, 1, 1, 2, 1, 6, 8, 8, 7, 8, 5, 3, 8, 3, 1, 7, 9, 9, 8, 9, 9, 8, 6, 7, 9, 5, 3, 7, 10, 3, 2, 7, 10, 2, 6, 9, 7, 6, 10, 6, 4, 9, 9, 8, 5, 6, 4, 3, 5, 5, 6, 1]
(1.0733764946460722, 0.9776661083193732, 0.9817987378686668, 0.0, 1.0818996097892524, 1.0, 1.0689114265143869, 0.0, 1.083186536282301, 0.24461519307045165)
[2, 5, 10, 5, 9, 8, 3, 9, 1, 6, 6, 2, 1, 2, 1, 6, 8, 7, 7, 8, 5, 3, 8, 3, 1, 7, 9, 9, 8, 9, 9, 8, 6, 7, 9, 5, 3, 7, 10, 3, 2, 7, 10, 1, 6, 2, 6, 6, 10, 6, 1, 7, 9, 10, 5, 6, 4, 3, 5, 5, 6, 1]
(1.0982622377574447, 0.9776661083193732, 1.0929660148918632, 0.21944970602082484, 1.0895600691437723, 0.0, 1.0660912476480007, 0.8134216069816403, 1.0894419863820077, 0.24461519307045165)
[7, 5, 3, 2, 7, 5, 1, 3, 10, 3, 7, 5, 1, 2, 1, 1, 4, 8, 7, 2, 5, 4, 7, 3, 1, 7, 9, 3, 10, 9, 9, 8, 7, 7, 9, 5, 1, 7, 4, 3, 2, 7, 10, 2, 6, 5, 8, 5, 10, 6, 7, 9, 9, 8, 6, 6, 4, 1, 2, 3, 9, 1]
(1.0849473211914302, 0.409016584910068, 1.0825388450175526, 0.19779341379412432, 1.1053589627146725, 1.0, 1.091232413053513, 0.18951132300357573, 1.0922272078692914, 0.46531482254226375)
[8, 5, 3, 10, 5, 10, 2, 2, 10, 7, 4, 4, 1, 5, 9, 2, 2, 5, 7, 10, 5, 8, 8, 7, 6, 5, 10, 8, 8, 9, 9, 8, 6, 7, 9, 5, 3, 7, 10, 3, 2, 7, 6, 9, 2, 2, 8, 6, 9, 8, 4, 9, 3, 5, 5, 6, 4, 3, 5, 5, 9, 1]
(1.09196866042912, 0.0, 1.1014851726591592, 0.19779341379412432, 1.0, 0.7183098591549303, 1.091794137656689, 0.3558295668963094, 1.0981923595070842, 0.9913501045195742)
[10, 5, 7, 5, 9, 8, 3, 9, 1, 2, 1, 1, 3, 3, 7, 7, 1, 4, 9, 9, 9, 4, 7, 7, 1, 8, 8, 7, 7, 7, 10, 7, 4, 8, 9, 5, 3, 6, 10, 3, 2, 7, 10, 2, 6, 9, 7, 6, 10, 6, 4, 8, 9, 8, 5, 6, 4, 3, 5, 5, 5, 1]
(1.1221811775118122, 0.9776661083193732, 0.0, 0.6310172212952172, 0.7183098591549292, 0.7183098591549292, 0.9811411332339054, 0.0, 1.1025298852473502, 0.0)
[6, 2, 2, 5, 9, 4, 4, 1, 10, 7, 5, 5, 1, 5, 8, 2, 2, 1, 7, 2, 9, 8, 2, 4, 4, 10, 8, 5, 3, 4, 9, 1, 5, 8, 3, 8, 7, 7, 8, 6, 7, 10, 6, 3, 6, 9, 5, 8, 10, 6, 4, 9, 7, 8, 5, 2, 8, 1, 10, 1, 10, 1]
(1.130250207334758, 0.9776661083193732, 0.6992556594312096, 0.6310172212952172, 0.8535203509032703, 0.7183098591549303, 0.49838681519031297, 0.0, 0.9110019713640188, 0.0)
[2, 5, 3, 2, 7, 5, 4, 3, 10, 3, 7, 5, 1, 2, 4, 1, 4, 8, 7, 2, 5, 5, 7, 3, 1, 7, 9, 3, 10, 9, 9, 8, 7, 7, 9, 5, 3, 7, 4, 3, 2, 7, 10, 2, 6, 5, 8, 5, 10, 6, 6, 9, 9, 8, 5, 6, 4, 1, 2, 3, 9, 1]
(1.0971919022500518, 0.47770468944193545, 1.0886695340275765, 0.19779341379412432, 1.101592064648867, 1.0, 1.0837134987115862, 0.18951132300357573, 1.0904690846800806, 0.46531482254226375)
[2, 5, 3, 2, 7, 5, 1, 3, 10, 3, 7, 5, 1, 2, 7, 1, 4, 8, 7, 2, 7, 8, 7, 4, 4, 10, 8, 8, 9, 9, 9, 8, 6, 7, 9, 4, 3, 7, 10, 3, 2, 7, 6, 1, 6, 10, 6, 6, 10, 6, 6, 10, 9, 8, 5, 6, 4, 1, 2, 3, 9, 1]
(1.098294806852937, 0.47770468944193545, 1.088410660624504, 0.19779341379412432, 1.1101973012089734, 1.0, 1.0835766758769751, 0.18951132300357573, 1.09332184009254, 0.46531482254226375)
[8, 5, 3, 2, 7, 5, 4, 3, 10, 3, 7, 5, 8, 3, 6, 5, 3, 8, 7, 10, 5, 8, 8, 7, 6, 5, 10, 8, 8, 9, 9, 8, 6, 7, 9, 5, 3, 7, 10, 3, 2, 7, 6, 9, 5, 2, 8, 6, 9, 8, 4, 9, 3, 5, 5, 6, 4, 3, 5, 5, 9, 1]
(1.0800240997225046, 0.16947165793803556, 1.1055934932082896, 0.19779341379412432, 1.0927206184715037, 1.0, 1.08204843364656, 0.0, 1.096500097215176, 0.9913501045195742)
[8, 5, 3, 2, 7, 5, 4, 3, 10, 3, 7, 5, 8, 3, 6, 5, 3, 8, 7, 10, 5, 8, 8, 7, 6, 5, 10, 8, 8, 9, 9, 8, 6, 7, 9, 5, 3, 7, 10, 3, 2, 7, 6, 9, 5, 2, 8, 6, 9, 8, 4, 9, 3, 5, 5, 6, 4, 3, 5, 5, 9, 1]
(1.0800240997225046, 0.16947165793803556, 1.1055934932082896, 0.19779341379412432, 1.0927206184715037, 1.0, 1.08204843364656, 0.0, 1.096500097215176, 0.9913501045195742)
[8, 5, 3, 2, 7, 5, 4, 3, 10, 3, 7, 5, 8, 3, 6, 5, 3, 8, 7, 10, 5, 8, 8, 7, 6, 5, 10, 8, 8, 9, 9, 8, 6, 7, 9, 4, 3, 7, 10, 3, 2, 7, 6, 9, 5, 2, 8, 6, 9, 8, 4, 9, 3, 5, 5, 6, 4, 3, 5, 5, 9, 1]
(1.0790318273007868, 0.16947165793803556, 1.1055139172822241, 0.19779341379412432, 0.7183098591549303, 1.0, 1.0796067882329226, 0.0, 1.0950980454683306, 0.9913501045195742)
[8, 2, 2, 10, 9, 4, 3, 2, 10, 4, 6, 2, 4, 5, 7, 1, 2, 4, 1, 10, 10, 4, 5, 7, 3, 9, 6, 8, 4, 6, 8, 6, 3, 8, 8, 1, 10, 2, 5, 7, 7, 7, 5, 10, 5, 5, 9, 8, 10, 6, 7, 9, 3, 1, 3, 2, 4, 1, 2, 5, 9, 1]
(1.089247974380851, 0.0, 1.0852288719266654, 0.19779341379412432, 1.0923004634678366, 1.0, 1.0929014556109908, 0.18951132300357573, 1.092842558398843, 0.9913501045195742)
[2, 5, 3, 10, 5, 5, 2, 2, 10, 7, 4, 4, 1, 5, 6, 2, 2, 5, 7, 2, 9, 8, 7, 4, 4, 10, 8, 8, 9, 6, 10, 6, 4, 8, 3, 1, 3, 2, 5, 7, 7, 7, 6, 6, 5, 5, 8, 8, 4, 2, 4, 8, 3, 8, 5, 1, 1, 1, 2, 6, 9, 1]
(1.0979056574404242, 0.47770468944193545, 1.1151829604059464, 0.19779341379412432, 1.1098825410008435, 0.7183098591549292, 0.0, 0.0, 1.1014149900525811, 0.9913501045195742)
[2, 5, 3, 10, 5, 5, 2, 2, 10, 7, 4, 4, 1, 5, 6, 2, 2, 5, 7, 2, 9, 8, 7, 4, 4, 10, 8, 8, 9, 6, 10, 6, 4, 8, 3, 1, 3, 2, 5, 7, 7, 7, 6, 6, 5, 5, 8, 8, 4, 2, 4, 8, 3, 8, 5, 1, 1, 1, 2, 6, 9, 1]
(1.0979056574404242, 0.47770468944193545, 1.1151829604059464, 0.19779341379412432, 0.7183098591549292, 0.7183098591549292, 1.1005171541124585, 0.0, 1.1014149900525811, 0.9913501045195742)
[2, 5, 3, 10, 5, 5, 2, 2, 10, 7, 4, 4, 1, 5, 6, 2, 2, 5, 7, 2, 9, 8, 7, 4, 4, 10, 8, 8, 9, 5, 10, 6, 4, 8, 3, 1, 3, 2, 5, 7, 7, 7, 6, 6, 5, 5, 8, 8, 4, 2, 4, 8, 3, 8, 5, 1, 1, 1, 2, 6, 9, 1]
(1.0977155517786745, 0.47770468944193545, 1.1138651382178073, 0.19779341379412432, 1.1116806197911506, 0.7183098591549303, 1.10053841508925, 0.0, 1.1049411028623586, 0.9913501045195742)
[2, 5, 3, 2, 7, 5, 1, 3, 10, 3, 7, 8, 1, 2, 1, 1, 4, 8, 7, 1, 5, 4, 7, 4, 6, 10, 8, 8, 9, 9, 9, 8, 6, 7, 2, 5, 3, 3, 9, 5, 2, 8, 6, 6, 5, 5, 9, 8, 10, 6, 10, 10, 9, 8, 5, 6, 4, 1, 2, 3, 9, 1]
(1.0941645111888647, 0.47770468944193545, 1.0885110415518284, 0.19779341379412432, 1.0917555939406158, 1.0, 1.081524109467864, 0.18951132300357573, 0.46531482254226375, 0.5244632574457537)
[2, 5, 10, 5, 9, 8, 10, 3, 3, 4, 7, 1, 8, 3, 6, 5, 4, 3, 7, 6, 9, 8, 7, 3, 7, 5, 9, 9, 8, 9, 9, 8, 6, 7, 9, 4, 3, 7, 10, 3, 3, 7, 6, 9, 6, 2, 8, 9, 10, 8, 4, 9, 9, 5, 5, 6, 4, 3, 5, 5, 8, 1]
(1.0877587109804157, 0.0, 1.1094961330294613, 0.19779341379412432, 1.1010684788227085, 1.0, 1.1002712745219472, 0.22978831930629948, 1.0893018539994956, 0.9913501045195742)
[2, 5, 10, 5, 9, 8, 3, 9, 1, 6, 6, 2, 1, 2, 1, 6, 8, 8, 7, 8, 5, 5, 8, 3, 1, 7, 9, 9, 8, 9, 9, 8, 6, 7, 9, 5, 3, 7, 10, 3, 2, 7, 10, 1, 6, 9, 6, 6, 10, 6, 1, 9, 9, 10, 5, 6, 4, 3, 5, 5, 6, 1]
(1.0785355262458323, 0.9776661083193732, 0.830282264575354, 0.21944970602082484, 1.0886089466512205, 1.0, 1.0775325074791908, 0.0, 1.0889200881123544, 0.23092422300455032)
[2, 5, 10, 5, 9, 8, 3, 9, 1, 6, 6, 1, 1, 2, 1, 6, 8, 8, 7, 8, 5, 5, 8, 3, 1, 7, 9, 9, 8, 9, 9, 8, 6, 7, 9, 5, 3, 7, 10, 3, 2, 7, 10, 1, 6, 9, 6, 6, 10, 8, 4, 9, 9, 9, 5, 6, 4, 3, 5, 5, 6, 1]
(1.077781470865011, 0.9776661083193732, 0.0, 0.21944970602082484, 1.0861601091921331, 1.0, 1.0767030753195286, 0.0, 1.0853611219674348, 0.24461519307045165)
[2, 5, 9, 5, 9, 8, 3, 9, 1, 6, 6, 1, 1, 2, 1, 6, 8, 8, 7, 8, 5, 5, 8, 3, 1, 7, 9, 9, 8, 9, 9, 8, 6, 7, 9, 5, 3, 7, 10, 3, 2, 7, 10, 1, 6, 9, 6, 6, 10, 6, 1, 9, 9, 10, 5, 6, 4, 3, 5, 5, 6, 1]
(1.0769856460392475, 0.9776661083193732, 1.0887354694306852, 0.21944970602082484, 1.095125832408667, 1.0, 1.0791655626147985, 0.0, 0.9913501045195742, 0.24461519307045165)
[2, 5, 8, 5, 9, 8, 8, 3, 10, 6, 7, 1, 7, 5, 8, 6, 8, 8, 7, 8, 4, 5, 8, 3, 10, 6, 9, 9, 8, 9, 9, 8, 6, 8, 9, 5, 3, 7, 10, 3, 1, 7, 10, 2, 6, 9, 1, 6, 10, 6, 4, 4, 9, 8, 5, 6, 4, 3, 5, 4, 6, 1]
(1.041080414503812, 0.9776661083193732, 1.0874671980738642, 0.19779341379412432, 1.0957049638032916, 1.0, 1.0742438849061726, 0.2918061103314262, 1.0869955468922854, 0.0)
[2, 5, 8, 5, 9, 8, 8, 3, 10, 6, 7, 1, 7, 5, 8, 6, 8, 8, 7, 8, 4, 5, 8, 3, 10, 6, 9, 9, 8, 9, 9, 8, 6, 8, 9, 5, 3, 7, 10, 3, 1, 7, 10, 2, 6, 9, 1, 6, 10, 6, 4, 4, 9, 8, 5, 6, 4, 3, 5, 4, 6, 1]
(0.9776661083193732, 0.0, 1.0874671980738642, 0.19779341379412432, 1.0957049638032916, 1.0, 1.0742438849061726, 0.2918061103314262, 1.0869955468922854, 0.9913501045195742)
[2, 5, 10, 5, 9, 8, 10, 3, 3, 4, 7, 1, 8, 7, 6, 5, 4, 3, 7, 6, 9, 8, 7, 3, 7, 5, 7, 9, 9, 9, 7, 8, 6, 7, 9, 4, 3, 7, 10, 3, 3, 7, 6, 9, 6, 2, 8, 9, 1, 8, 3, 9, 9, 5, 5, 6, 4, 3, 5, 5, 8, 1]
(0.9776661083193732, 0.0, 1.0932265400886538, 0.19779341379412432, 1.1095444630831486, 0.7183098591549292, 1.0609079036861653, 0.788123238409952, 1.0792771950364113, 0.7992987078401382)
[2, 1, 3, 2, 7, 5, 4, 3, 10, 3, 7, 5, 1, 2, 4, 1, 4, 8, 7, 2, 7, 8, 7, 4, 4, 10, 8, 3, 9, 9, 9, 8, 6, 7, 9, 4, 3, 7, 10, 3, 2, 7, 6, 1, 6, 10, 6, 6, 10, 6, 9, 10, 9, 8, 5, 6, 4, 1, 2, 3, 9, 1]
(1.0901715341955425, 0.6855017617121234, 1.0803114145994188, 0.19779341379412432, 0.0, 1.0, 1.08347988948226, 0.18951132300357573, 1.0941170103847984, 0.46531482254226375)
[2, 5, 3, 2, 7, 5, 4, 3, 10, 3, 7, 5, 1, 2, 4, 1, 4, 8, 7, 2, 5, 5, 7, 3, 1, 7, 9, 3, 10, 9, 9, 5, 7, 7, 9, 5, 3, 7, 10, 3, 2, 7, 6, 1, 6, 10, 6, 5, 10, 6, 6, 10, 9, 8, 5, 6, 4, 1, 2, 3, 9, 1]
(1.0956427145749332, 0.6855017617121234, 1.0932503767311574, 0.19779341379412432, 1.0926431909203531, 1.0, 1.0823013421148062, 0.18951132300357573, 1.083482648432255, 0.46531482254226375)
[2, 5, 6, 5, 9, 8, 3, 9, 1, 2, 6, 2, 1, 2, 1, 6, 8, 8, 7, 8, 5, 5, 8, 3, 1, 7, 9, 9, 8, 9, 9, 8, 6, 7, 9, 5, 3, 7, 10, 3, 2, 7, 10, 1, 6, 9, 6, 6, 10, 6, 1, 9, 9, 10, 5, 6, 4, 3, 5, 5, 6, 1]
(1.0826105650514366, 0.4363077604584844, 0.8488546986132819, 0.0, 1.1165847707539804, 1.0, 1.0802566099911928, 0.22978831930629948, 1.0818721234798432, 0.9913501045195742)
[2, 5, 3, 2, 7, 5, 1, 3, 10, 3, 7, 5, 1, 2, 7, 1, 2, 8, 7, 2, 7, 8, 7, 4, 4, 10, 8, 8, 9, 9, 9, 8, 6, 7, 9, 4, 3, 7, 10, 3, 2, 7, 6, 1, 6, 8, 6, 6, 10, 6, 6, 10, 9, 8, 5, 6, 4, 1, 2, 3, 9, 1]
(1.100150486826897, 0.8505046143882563, 1.086352051794529, 0.19779341379412432, 1.1059422262012963, 1.0, 0.0, 0.18951132300357573, 1.0935834646224978, 0.46531482254226375)
[2, 5, 10, 5, 9, 3, 3, 2, 7, 4, 1, 3, 9, 6, 6, 6, 4, 3, 7, 3, 9, 10, 7, 10, 9, 8, 10, 8, 7, 6, 10, 7, 9, 8, 3, 4, 7, 3, 10, 3, 2, 8, 6, 6, 5, 5, 9, 8, 10, 6, 4, 9, 3, 2, 5, 6, 4, 4, 5, 5, 6, 1]
(0.9776661083193732, 0.9776661083193732, 1.1112719163298612, 0.19779341379412432, 1.111921557784081, 0.7183098591549292, 1.094206850603223, 0.0, 1.092468495666981, 0.9913501045195742)
[2, 5, 10, 5, 9, 3, 3, 2, 7, 4, 1, 5, 9, 6, 6, 5, 4, 9, 7, 3, 9, 4, 7, 10, 9, 8, 10, 8, 7, 6, 10, 7, 9, 8, 7, 4, 7, 3, 10, 3, 2, 8, 6, 6, 5, 5, 8, 8, 10, 6, 4, 9, 3, 2, 5, 6, 4, 4, 5, 5, 6, 1]
(1.092237310484052, 0.9776661083193732, 1.1016522515565161, 0.19779341379412432, 1.1090631455183035, 0.7183098591549292, 1.0844692863523961, 0.0, 1.089221964403987, 0.9913501045195742)
[2, 5, 10, 5, 9, 3, 3, 2, 7, 4, 1, 5, 9, 6, 6, 5, 4, 9, 7, 3, 9, 4, 7, 10, 9, 8, 10, 8, 7, 6, 10, 7, 9, 8, 7, 4, 7, 3, 10, 3, 2, 8, 6, 6, 5, 5, 8, 8, 10, 6, 4, 9, 3, 2, 5, 6, 4, 4, 5, 5, 6, 1]
(1.092237310484052, 0.9776661083193732, 0.19779341379412432, 0.19779341379412432, 1.1090631455183035, 0.7183098591549292, 0.0, 0.0, 1.089221964403987, 0.9913501045195742)
[2, 5, 10, 5, 9, 3, 3, 2, 7, 4, 1, 5, 10, 6, 6, 5, 4, 9, 7, 3, 9, 4, 7, 10, 9, 8, 10, 8, 7, 6, 10, 7, 9, 8, 7, 4, 7, 3, 10, 3, 2, 8, 6, 6, 5, 5, 9, 8, 10, 6, 4, 9, 3, 2, 5, 6, 4, 4, 5, 5, 6, 1]
(1.0931203309446573, 0.9776661083193732, 1.1009671472013, 0.19779341379412432, 1.1082789689302448, 0.7183098591549292, 1.0843152940273286, 0.0, 1.0875586517155171, 0.9913501045195742)
[2, 5, 10, 5, 9, 3, 3, 3, 7, 4, 1, 3, 9, 6, 6, 6, 4, 3, 4, 3, 9, 10, 7, 10, 9, 8, 10, 8, 7, 6, 10, 7, 9, 8, 3, 4, 5, 3, 10, 3, 2, 8, 6, 6, 5, 5, 8, 8, 10, 6, 4, 9, 3, 2, 5, 6, 4, 4, 5, 5, 6, 1]
(1.0902691826224327, 0.9776661083193732, 1.1086911331862215, 0.19779341379412432, 1.1118894636631016, 0.7183098591549292, 1.0842823892831803, 0.0, 1.0948554642498496, 0.9913501045195742)
[2, 1, 10, 5, 7, 5, 3, 2, 7, 4, 1, 5, 7, 6, 6, 5, 4, 3, 7, 9, 9, 7, 7, 10, 6, 5, 10, 8, 7, 6, 10, 7, 4, 8, 3, 4, 7, 3, 10, 5, 2, 6, 6, 6, 5, 5, 8, 8, 10, 6, 4, 9, 3, 2, 5, 6, 4, 4, 5, 5, 6, 1]
(1.081480684131384, 0.9776661083193732, 0.19779341379412432, 0.19779341379412432, 1.1144210927188403, 0.7183098591549292, 1.0970021262764933, 0.0, 1.0959842395037416, 0.9913501045195742)
[9, 3, 10, 5, 7, 5, 3, 2, 7, 4, 1, 5, 7, 6, 6, 4, 4, 3, 5, 7, 5, 5, 7, 10, 6, 5, 10, 8, 1, 6, 10, 8, 6, 7, 9, 5, 3, 7, 10, 3, 2, 7, 3, 2, 5, 5, 8, 8, 10, 6, 4, 9, 3, 2, 5, 6, 4, 4, 5, 5, 6, 1]
(1.0871028508991003, 0.9776661083193732, 0.0, 0.19779341379412432, 1.1177709296345717, 0.7183098591549292, 1.100432769209147, 0.0, 1.1020258888602261, 0.9913501045195742)
[2, 1, 10, 5, 7, 5, 3, 2, 7, 4, 1, 5, 7, 6, 6, 5, 4, 3, 7, 9, 9, 7, 7, 10, 6, 5, 10, 8, 7, 6, 10, 7, 4, 8, 3, 5, 7, 3, 10, 3, 2, 6, 6, 6, 5, 5, 8, 8, 10, 6, 4, 9, 3, 2, 5, 6, 4, 4, 5, 5, 6, 1]
(1.0863620817661286, 0.9776661083193732, 1.118898022919894, 0.19779341379412432, 1.1142703026533134, 0.7183098591549292, 1.096073476597667, 0.0, 1.0980026289820672, 0.9913501045195742)
[2, 8, 10, 5, 9, 3, 3, 2, 7, 4, 1, 5, 3, 6, 3, 5, 4, 3, 7, 6, 3, 8, 7, 10, 6, 5, 10, 8, 1, 6, 10, 8, 9, 8, 3, 4, 7, 3, 10, 3, 2, 8, 9, 6, 5, 5, 8, 6, 10, 6, 4, 9, 1, 4, 5, 6, 4, 4, 5, 5, 6, 1]
(1.102263515815139, 0.9776661083193732, 1.1096799008548264, 0.19779341379412432, 1.1027088388800625, 0.7183098591549292, 1.0898565005511047, 0.0, 1.097348411753774, 0.9913501045195742)
[9, 3, 6, 5, 7, 5, 3, 2, 7, 4, 1, 5, 2, 6, 6, 5, 4, 3, 7, 6, 9, 8, 7, 10, 6, 5, 10, 8, 7, 6, 10, 7, 9, 8, 3, 4, 10, 3, 10, 7, 2, 7, 6, 6, 5, 2, 8, 6, 10, 8, 4, 8, 3, 2, 5, 6, 4, 4, 2, 5, 6, 1]
(1.1030838336795572, 0.9776661083193732, 1.0826992318034176, 0.19779341379412432, 0.7183098591549292, 0.7183098591549292, 1.1080368861556058, 0.0, 1.0996552474796775, 0.9913501045195742)
[2, 8, 10, 5, 9, 3, 3, 2, 7, 4, 1, 5, 3, 6, 3, 5, 4, 3, 7, 7, 5, 5, 7, 10, 6, 5, 10, 8, 1, 6, 10, 8, 9, 8, 3, 4, 7, 3, 10, 3, 2, 8, 9, 6, 5, 5, 8, 6, 10, 6, 4, 9, 1, 4, 5, 6, 4, 4, 5, 5, 6, 1]
(1.1038603294640785, 0.9776661083193732, 1.1128612261265522, 0.19779341379412432, 1.106179548427463, 0.7183098591549292, 1.0908074129372836, 0.0, 1.0955959245562557, 0.9913501045195742)
[2, 5, 10, 5, 9, 3, 3, 2, 7, 4, 1, 5, 9, 6, 6, 5, 4, 9, 7, 3, 9, 4, 7, 10, 9, 8, 10, 8, 7, 6, 10, 7, 9, 8, 7, 4, 7, 3, 10, 3, 2, 8, 6, 6, 5, 5, 9, 8, 10, 6, 4, 9, 3, 2, 5, 6, 4, 4, 5, 5, 6, 1]
(1.0909282974898815, 0.9776661083193732, 1.1024196531623607, 0.19779341379412432, 1.1088506564497953, 0.7183098591549292, 1.0857648938894273, 0.0, 1.0873575516045093, 0.9913501045195742)
[2, 5, 10, 5, 9, 3, 3, 2, 7, 4, 1, 5, 9, 6, 6, 5, 4, 3, 9, 3, 9, 4, 7, 10, 9, 8, 10, 8, 7, 6, 10, 7, 9, 8, 3, 4, 7, 3, 10, 3, 2, 8, 6, 6, 5, 5, 8, 8, 10, 6, 4, 9, 3, 2, 5, 6, 4, 4, 5, 5, 6, 1]
(1.091062763333321, 0.9776661083193732, 1.1073557388037447, 0.19779341379412432, 0.0, 0.7183098591549292, 1.0869096152484419, 0.0, 1.0885887552052738, 0.9913501045195742)
[2, 5, 10, 5, 9, 8, 3, 9, 1, 6, 6, 2, 1, 2, 4, 6, 8, 8, 7, 8, 5, 3, 8, 3, 1, 7, 9, 9, 8, 9, 9, 8, 6, 7, 9, 5, 3, 7, 10, 3, 2, 7, 3, 2, 6, 9, 7, 6, 10, 6, 4, 9, 9, 8, 5, 6, 4, 3, 5, 5, 5, 1]
(1.0781527325510978, 0.9776661083193732, 1.075488869100809, 0.0, 1.0833893433213235, 0.7183098591549292, 1.0799479600042103, 0.2473085485986154, 1.0824084229767323, 0.9913501045195742)
[8, 5, 1, 5, 9, 8, 3, 9, 1, 6, 6, 2, 1, 2, 1, 6, 8, 8, 7, 8, 5, 3, 8, 3, 1, 7, 9, 9, 8, 9, 9, 8, 6, 7, 9, 5, 3, 7, 10, 3, 2, 7, 10, 2, 6, 9, 7, 6, 10, 6, 4, 9, 9, 8, 5, 6, 4, 3, 5, 5, 6, 1]
(1.0489482473582024, 0.9776661083193732, 1.0810924738645553, 0.0, 1.102619852498174, 1.0, 1.0759504709392786, 0.0, 1.0799164991825818, 0.9913501045195742)
[2, 5, 10, 5, 9, 8, 3, 9, 1, 6, 6, 2, 1, 2, 1, 6, 8, 8, 7, 8, 5, 5, 8, 3, 1, 7, 9, 9, 8, 6, 9, 8, 6, 7, 9, 5, 3, 7, 4, 3, 2, 7, 10, 1, 6, 9, 6, 6, 10, 6, 1, 9, 9, 10, 5, 6, 4, 3, 5, 5, 6, 1]
(1.0845170039683583, 0.9776661083193732, 1.0999323073774578, 0.0, 1.0963590394705536, 1.0, 1.073353612422943, 0.788123238409952, 1.0906869299709798, 0.23092422300455032)
[10, 1, 10, 5, 7, 5, 3, 2, 7, 5, 1, 5, 7, 6, 6, 5, 1, 3, 7, 3, 9, 1, 7, 10, 6, 5, 5, 8, 7, 6, 10, 7, 4, 8, 3, 4, 7, 3, 9, 3, 2, 8, 6, 6, 5, 5, 9, 8, 10, 6, 6, 9, 3, 7, 5, 6, 4, 4, 5, 5, 9, 1]
(1.0794814761728049, 0.9776661083193732, 0.0, 0.19779341379412432, 1.1134202804416424, 0.7183098591549292, 1.0922789976000786, 0.962035828686676, 1.0996795620769266, 0.24461519307045165)
[2, 5, 10, 5, 9, 8, 3, 9, 1, 6, 6, 5, 3, 2, 1, 6, 8, 3, 7, 7, 3, 5, 8, 3, 1, 7, 9, 9, 8, 9, 9, 8, 6, 7, 9, 5, 3, 7, 10, 4, 2, 7, 10, 1, 6, 9, 6, 6, 10, 6, 4, 10, 9, 8, 5, 6, 4, 3, 5, 5, 6, 1]
(1.074880629405379, 0.9776661083193732, 1.0875019241124393, 0.24643133783335192, 1.0919504944235088, 1.0, 1.0683189846575258, 0.6340605207600282, 1.0853449165821076, 0.24461519307045165)
[2, 5, 10, 5, 9, 5, 10, 3, 10, 4, 7, 1, 8, 3, 6, 5, 3, 8, 7, 8, 5, 8, 8, 7, 6, 5, 10, 8, 8, 9, 9, 8, 6, 7, 4, 5, 3, 7, 10, 3, 2, 7, 6, 9, 5, 2, 8, 6, 9, 8, 4, 9, 3, 5, 5, 6, 4, 3, 5, 5, 6, 1]
(1.082223142310977, 0.18299097760076183, 0.8950862962752538, 0.19779341379412432, 1.1011773567646748, 1.0, 1.0831036265939475, 0.788123238409952, 1.093105860427022, 0.9913501045195742)
[2, 5, 10, 5, 9, 5, 10, 3, 10, 4, 7, 1, 8, 3, 6, 5, 3, 8, 7, 8, 5, 8, 8, 7, 6, 5, 10, 8, 8, 9, 9, 8, 6, 7, 4, 5, 3, 7, 10, 3, 2, 7, 6, 9, 5, 2, 8, 6, 9, 8, 4, 9, 3, 5, 5, 6, 4, 3, 5, 5, 6, 1]
(1.082223142310977, 0.18299097760076183, 0.8950862962752538, 0.19779341379412432, 1.1011773567646748, 1.0, 1.0831036265939475, 0.788123238409952, 1.093105860427022, 0.9913501045195742)
[2, 5, 10, 5, 9, 8, 3, 9, 1, 6, 6, 2, 1, 2, 1, 6, 8, 7, 7, 8, 5, 3, 8, 3, 1, 7, 9, 9, 8, 9, 9, 8, 6, 7, 9, 5, 3, 7, 10, 3, 2, 7, 10, 1, 6, 2, 6, 6, 10, 6, 1, 7, 9, 10, 5, 6, 4, 3, 5, 5, 6, 1]
(1.0982622377574447, 0.9776661083193732, 1.0929660148918632, 0.21944970602082484, 1.0895600691437723, 1.0, 1.0660912476480007, 0.8134216069816403, 1.0894419863820077, 0.24461519307045165)
[2, 5, 8, 5, 8, 8, 8, 3, 10, 6, 7, 1, 7, 5, 4, 6, 8, 8, 7, 8, 4, 5, 8, 3, 10, 6, 9, 9, 8, 9, 9, 8, 6, 8, 9, 5, 3, 7, 10, 3, 8, 7, 10, 2, 6, 9, 1, 6, 10, 6, 4, 4, 8, 8, 5, 6, 4, 3, 5, 4, 6, 1]
(1.0494138974696392, 0.9776661083193732, 1.09197130613029, 0.19779341379412432, 1.0960136812180283, 1.0, 1.085875852406025, 0.22978831930629948, 1.0892908420413734, 0.9913501045195742)
[2, 5, 8, 5, 9, 8, 8, 3, 10, 6, 7, 1, 7, 5, 8, 6, 8, 8, 7, 8, 4, 5, 8, 3, 10, 6, 9, 9, 8, 9, 9, 8, 6, 8, 9, 5, 3, 7, 10, 3, 8, 7, 10, 2, 6, 9, 1, 6, 10, 6, 4, 4, 9, 8, 5, 6, 4, 3, 5, 4, 6, 1]
(1.04825908280909, 0.9776661083193732, 1.090776677429676, 0.19779341379412432, 1.093103909119964, 1.0, 1.0825641330331566, 0.2473085485986154, 1.0829495519399641, 0.9913501045195742)
[2, 5, 2, 7, 9, 8, 3, 6, 1, 5, 6, 2, 1, 2, 1, 6, 8, 8, 7, 8, 5, 3, 8, 3, 1, 7, 9, 9, 8, 9, 9, 8, 6, 7, 9, 5, 3, 7, 10, 3, 2, 7, 10, 1, 4, 9, 6, 6, 10, 6, 1, 9, 9, 10, 5, 6, 4, 3, 5, 5, 6, 1]
(1.0646556463092565, 0.9776661083193732, 1.096777702122927, 0.24643133783335192, 1.0983127709478142, 1.0, 1.0448852784931661, 0.2012708183375115, 1.0734290681779384, 0.9913501045195742)
[2, 5, 10, 5, 9, 5, 10, 3, 10, 4, 7, 1, 1, 3, 6, 5, 3, 8, 7, 7, 5, 8, 8, 7, 6, 5, 10, 8, 8, 9, 9, 8, 6, 7, 9, 5, 3, 7, 10, 3, 2, 7, 6, 9, 6, 2, 8, 6, 10, 8, 4, 9, 3, 5, 5, 6, 4, 3, 5, 5, 5, 1]
(1.0770350962877273, 0.18299097760076183, 1.0931237503886226, 0.28097794849508617, 1.0979059446603063, 1.0, 1.070595549792051, 0.962035828686676, 1.0967241473495963, 0.9913501045195742)
[2, 5, 8, 5, 9, 8, 8, 3, 10, 6, 7, 1, 7, 5, 8, 6, 8, 8, 7, 8, 4, 5, 8, 3, 10, 6, 9, 9, 8, 9, 9, 8, 6, 8, 9, 5, 3, 7, 10, 3, 1, 7, 10, 2, 6, 9, 1, 6, 10, 6, 4, 4, 9, 8, 5, 6, 4, 3, 5, 4, 6, 1]
(1.041080414503812, 0.9776661083193732, 1.0874671980738642, 0.19779341379412432, 0.0, 1.0, 1.0742438849061726, 0.2918061103314262, 1.0869955468922854, 0.9913501045195742)
[8, 5, 3, 2, 7, 5, 4, 3, 10, 3, 7, 6, 8, 3, 6, 5, 3, 8, 7, 10, 5, 3, 8, 10, 6, 5, 10, 8, 8, 9, 9, 8, 6, 7, 9, 5, 3, 7, 10, 3, 2, 7, 6, 9, 5, 2, 8, 6, 9, 8, 4, 9, 3, 5, 5, 6, 4, 3, 5, 1, 9, 1]
(1.0595672536641354, 0.9776661083193732, 1.0848048254847527, 0.0, 1.0848354127258064, 1.0, 1.0697022628039121, 0.5303813199031986, 0.0, 0.9913501045195742)
[2, 5, 1, 5, 9, 8, 3, 9, 1, 6, 6, 1, 1, 2, 1, 6, 8, 8, 7, 8, 5, 5, 8, 3, 1, 7, 10, 8, 8, 9, 9, 8, 6, 7, 9, 5, 2, 7, 10, 3, 2, 7, 10, 1, 8, 9, 6, 6, 9, 6, 9, 9, 9, 8, 5, 6, 4, 5, 5, 5, 6, 1]
(0.9776661083193732, 0.9776661083193732, 1.0735856488347053, 0.32678981950988867, 1.0, 1.0, 1.0651507474482058, 0.2473085485986154, 1.0854878455400467, 0.9913501045195742)
[2, 5, 10, 5, 9, 8, 3, 9, 1, 6, 6, 1, 1, 2, 1, 6, 8, 8, 7, 8, 5, 5, 8, 3, 1, 7, 9, 9, 8, 9, 9, 8, 6, 7, 9, 5, 3, 7, 10, 3, 2, 7, 10, 1, 6, 9, 6, 6, 8, 6, 9, 9, 9, 8, 5, 6, 4, 5, 5, 5, 6, 1]
(1.0553071625530714, 0.9776661083193732, 1.0776041895151138, 0.3904505873414768, 1.0954946067184212, 1.0, 1.0788942966610193, 0.2473085485986154, 1.0824706949293612, 0.9913501045195742)
