[3, 9, 2, 7, 8, 6, 10, 7, 2, 4, 3, 7, 10, 8, 6, 6, 9, 6, 4, 5, 6, 7, 10, 4, 7, 8, 6, 3, 1, 2, 6, 9, 2, 4, 4, 8, 6, 7, 4, 6, 8, 8, 10, 8, 6, 8, 9, 8, 7, 7, 7, 8, 9, 5, 1, 1, 2, 8, 6, 6, 8, 3]
(0.9551131276413771, 0.7988085871642158, 0.6969369439408131, 0.0, 0.8105744777247242, 0.0)
[8, 9, 2, 7, 4, 7, 9, 3, 3, 6, 6, 7, 10, 6, 2, 8, 6, 7, 9, 2, 7, 9, 2, 3, 2, 5, 6, 3, 1, 6, 3, 5, 3, 5, 7, 7, 9, 5, 1, 8, 7, 9, 10, 9, 10, 10, 7, 10, 2, 6, 1, 6, 8, 10, 6, 3, 3, 5, 5, 5, 8, 1]
(0.9116302559152206, 0.51140533928186, 0.8792347023263528, 0.0, 0.8823151985183314, 0.32339190433981635)
[8, 9, 2, 7, 4, 6, 9, 3, 3, 6, 6, 7, 10, 6, 2, 8, 9, 7, 9, 2, 7, 6, 2, 3, 6, 6, 5, 3, 6, 6, 6, 2, 3, 5, 7, 7, 6, 5, 1, 8, 7, 9, 10, 9, 10, 10, 7, 9, 2, 6, 1, 6, 8, 10, 6, 3, 3, 5, 5, 5, 8, 1]
(0.9598667709156845, 0.51140533928186, 0.8120661193504866, 0.0, 0.8937219677492931, 0.3541694424881516)
[2, 9, 2, 10, 9, 9, 5, 4, 2, 10, 1, 1, 2, 4, 3, 8, 9, 7, 9, 4, 3, 6, 2, 3, 8, 9, 4, 2, 6, 4, 3, 2, 2, 6, 2, 8, 6, 10, 1, 8, 7, 6, 10, 9, 10, 10, 9, 1, 7, 6, 7, 9, 3, 7, 2, 1, 7, 2, 2, 5, 9, 1]
(0.8387191379442754, 0.0, 0.8482001530006472, 0.0, 0.8385197656229083, 0.9627464169296893)
[3, 9, 4, 9, 5, 9, 5, 4, 2, 10, 7, 7, 10, 2, 3, 9, 6, 9, 9, 10, 3, 4, 2, 10, 8, 9, 4, 6, 4, 6, 3, 9, 2, 6, 2, 4, 6, 4, 4, 6, 8, 8, 10, 9, 10, 10, 9, 1, 7, 7, 7, 9, 9, 5, 1, 1, 2, 2, 5, 6, 8, 1]
(0.8969116611406162, 0.2974013474494705, 0.9609208935871697, 0.0, 0.8834623413160398, 0.6672284577043035)
[2, 9, 2, 10, 9, 9, 5, 4, 2, 10, 1, 1, 2, 4, 3, 8, 9, 7, 9, 7, 3, 6, 2, 3, 8, 9, 4, 2, 6, 4, 3, 2, 2, 6, 2, 8, 6, 10, 1, 8, 7, 6, 10, 9, 10, 10, 5, 1, 7, 6, 7, 9, 3, 7, 2, 1, 7, 2, 2, 5, 9, 1]
(0.8291754825040635, 0.0, 0.8963553195819218, 1.0, 0.8344374870881375, 0.0)
[3, 9, 2, 7, 9, 4, 10, 9, 2, 9, 3, 7, 10, 7, 6, 6, 9, 6, 4, 5, 6, 7, 10, 4, 7, 8, 8, 3, 1, 2, 6, 9, 2, 5, 4, 8, 6, 7, 4, 6, 8, 8, 10, 5, 8, 10, 3, 8, 7, 7, 7, 6, 4, 5, 4, 1, 2, 8, 6, 6, 2, 1]
(0.9540610054507825, 0.7988085871642158, 0.40402886141091754, 0.36507936507936495, 0.6531966259702998, 0.0)
[3, 7, 2, 6, 9, 4, 10, 9, 2, 4, 3, 7, 10, 8, 6, 6, 9, 6, 9, 5, 6, 10, 7, 4, 7, 8, 8, 3, 1, 2, 6, 9, 2, 4, 4, 8, 6, 7, 4, 6, 8, 8, 10, 5, 8, 10, 3, 5, 8, 7, 7, 8, 4, 5, 4, 1, 2, 8, 6, 6, 2, 1]
(0.9513590538874241, 0.7988085871642158, 0.45261244941502715, 0.36507936507936495, 0.7339891923591422, 0.0)
[3, 7, 2, 1, 9, 4, 10, 9, 2, 4, 3, 7, 10, 8, 6, 6, 9, 6, 9, 5, 6, 10, 7, 4, 7, 8, 8, 3, 1, 2, 6, 6, 2, 4, 4, 8, 6, 7, 4, 6, 8, 8, 10, 5, 8, 10, 3, 5, 8, 7, 7, 8, 4, 5, 4, 1, 2, 8, 6, 6, 2, 1]
(0.9473535651341053, 0.7988085871642158, 0.6833599532022989, 0.36507936507936495, 0.4561482911929497, 0.0)
[3, 7, 2, 6, 9, 4, 10, 9, 2, 4, 3, 7, 10, 8, 6, 6, 9, 6, 9, 5, 6, 7, 10, 4, 7, 8, 8, 3, 1, 2, 6, 9, 2, 4, 4, 8, 6, 7, 6, 6, 8, 8, 8, 5, 8, 10, 3, 8, 8, 7, 7, 8, 4, 5, 4, 1, 2, 8, 6, 6, 2, 1]
(0.9505058856680965, 0.7988085871642158, 0.8276118712499678, 0.36507936507936495, 0.6601373462006385, 0.0)
[3, 9, 4, 7, 9, 9, 9, 4, 2, 10, 5, 7, 10, 2, 3, 9, 6, 9, 9, 10, 3, 4, 2, 10, 8, 9, 4, 6, 4, 6, 3, 9, 2, 6, 4, 7, 6, 4, 4, 7, 7, 8, 10, 9, 10, 10, 10, 1, 7, 7, 7, 9, 8, 5, 1, 1, 2, 2, 5, 6, 5, 1]
(0.8718260234221767, 0.2974013474494705, 0.9821664946153742, 1.0, 0.8614610793068955, 0.0)
[3, 9, 4, 7, 9, 4, 9, 5, 5, 1, 6, 7, 10, 6, 3, 9, 6, 9, 9, 10, 3, 4, 2, 10, 8, 9, 4, 6, 4, 6, 2, 9, 7, 6, 4, 7, 6, 10, 4, 8, 1, 9, 10, 9, 10, 10, 10, 1, 7, 7, 7, 9, 8, 5, 1, 1, 2, 2, 5, 6, 5, 1]
(0.8740399552509144, 0.2974013474494705, 0.9813562894240002, 1.0, 0.8462780958041495, 0.0)
[3, 9, 4, 7, 9, 4, 9, 4, 2, 10, 2, 7, 10, 2, 3, 9, 6, 9, 9, 10, 3, 4, 2, 10, 8, 9, 4, 8, 4, 6, 2, 9, 7, 6, 4, 7, 6, 10, 4, 8, 1, 9, 10, 9, 10, 10, 10, 1, 7, 7, 7, 9, 8, 5, 1, 1, 2, 2, 5, 6, 5, 1]
(0.9051948258653247, 0.2974013474494705, 0.9706138486042598, 1.0, 0.8655870283022474, 0.0)
[7, 9, 2, 10, 9, 10, 3, 4, 2, 8, 1, 4, 6, 2, 3, 4, 3, 8, 9, 2, 7, 5, 8, 9, 10, 10, 5, 6, 8, 5, 4, 2, 2, 6, 2, 7, 6, 10, 1, 8, 7, 9, 10, 9, 10, 10, 9, 1, 7, 6, 7, 9, 1, 7, 1, 1, 4, 2, 2, 5, 8, 1]
(0.51140533928186, 0.0, 0.8996564460918264, 1.0, 0.8886935556307394, 0.2975358587716073)
[7, 9, 2, 10, 9, 9, 5, 4, 2, 10, 5, 7, 10, 6, 2, 8, 9, 7, 9, 2, 7, 5, 8, 9, 10, 10, 5, 6, 8, 5, 4, 2, 2, 6, 2, 8, 6, 10, 1, 8, 7, 9, 10, 9, 10, 10, 9, 1, 7, 6, 7, 9, 1, 7, 1, 1, 4, 2, 2, 5, 8, 1]
(0.51140533928186, 0.0, 0.8724291538819623, 1.0, 0.8999106796458326, 0.32339190433981635)
[7, 9, 2, 10, 9, 9, 5, 4, 7, 10, 1, 1, 6, 4, 10, 8, 9, 1, 9, 7, 3, 6, 2, 3, 8, 9, 4, 2, 6, 4, 6, 2, 2, 6, 2, 8, 6, 10, 1, 8, 7, 9, 10, 9, 10, 10, 10, 1, 7, 7, 4, 9, 3, 7, 1, 1, 7, 2, 2, 5, 8, 1]
(0.8600106956437179, 0.51140533928186, 0.8254605030640897, 0.0, 0.0, 0.8129942762266761)
[7, 9, 2, 10, 9, 9, 5, 4, 7, 10, 1, 1, 6, 4, 10, 8, 9, 1, 9, 7, 3, 6, 2, 2, 8, 9, 4, 2, 6, 4, 6, 2, 2, 6, 2, 8, 6, 10, 1, 8, 7, 9, 10, 9, 10, 10, 10, 1, 7, 7, 4, 9, 3, 7, 1, 1, 7, 2, 2, 5, 8, 1]
(0.8669688886031458, 0.51140533928186, 0.8274853626266061, 0.0, 0.8592566849663805, 0.8129942762266761)
[3, 9, 4, 7, 9, 4, 9, 5, 5, 1, 6, 7, 10, 2, 3, 9, 6, 9, 9, 10, 3, 4, 2, 10, 8, 9, 4, 6, 4, 6, 3, 9, 2, 6, 4, 7, 5, 4, 4, 6, 7, 8, 10, 9, 10, 10, 10, 1, 7, 7, 7, 9, 8, 5, 1, 1, 2, 2, 5, 6, 5, 1]
(0.8861185764893847, 0.24594248537910512, 0.9846116764470915, 1.0, 0.8805189719423606, 0.25651736355239413)
[3, 9, 8, 10, 4, 9, 5, 4, 2, 3, 5, 7, 10, 6, 5, 8, 3, 7, 9, 10, 4, 8, 9, 1, 8, 8, 1, 3, 4, 3, 9, 7, 2, 8, 2, 2, 6, 10, 10, 8, 8, 9, 10, 9, 10, 10, 9, 1, 3, 6, 7, 9, 1, 7, 7, 1, 4, 6, 2, 5, 7, 1]
(0.8125826066359811, 0.6241327829981567, 0.8939120205119209, 0.8867605822160797, 0.8189968449994856, 0.0)
[3, 9, 2, 6, 7, 9, 5, 7, 5, 7, 6, 1, 9, 2, 2, 8, 6, 7, 10, 6, 2, 8, 8, 1, 7, 8, 4, 3, 10, 1, 5, 9, 1, 6, 7, 8, 6, 2, 4, 5, 1, 8, 10, 9, 10, 10, 5, 1, 7, 6, 7, 9, 3, 7, 1, 1, 4, 2, 2, 2, 9, 2]
(0.9706689609214642, 0.51140533928186, 0.8686500908806872, 1.0, 0.32339190433981635, 0.0)
[3, 9, 2, 7, 9, 9, 7, 4, 3, 10, 5, 10, 10, 6, 2, 8, 6, 7, 9, 2, 10, 9, 8, 1, 8, 9, 4, 1, 9, 5, 5, 5, 3, 5, 7, 7, 9, 5, 1, 8, 7, 7, 10, 9, 10, 10, 7, 3, 7, 7, 7, 9, 1, 7, 1, 1, 4, 2, 2, 5, 8, 1]
(0.928751970268783, 0.51140533928186, 0.8974691247567497, 1.0, 0.25651736355239413, 0.0)
[3, 9, 4, 7, 9, 4, 9, 5, 5, 1, 6, 7, 10, 2, 3, 9, 6, 9, 9, 10, 3, 10, 2, 10, 8, 9, 4, 4, 4, 6, 3, 9, 2, 6, 4, 7, 5, 4, 4, 6, 7, 8, 9, 9, 10, 10, 10, 1, 7, 7, 7, 9, 8, 5, 1, 1, 2, 2, 5, 6, 5, 1]
(0.8645834388211321, 0.24594248537910512, 0.9832245359197239, 1.0, 0.0, 0.27550823992774337)
[3, 9, 4, 9, 9, 4, 9, 5, 5, 10, 5, 7, 10, 2, 3, 9, 6, 9, 9, 10, 3, 4, 2, 10, 9, 9, 4, 6, 4, 6, 3, 9, 2, 6, 4, 7, 6, 4, 4, 7, 7, 8, 10, 9, 10, 10, 9, 1, 7, 7, 7, 9, 8, 5, 1, 1, 2, 2, 5, 6, 5, 1]
(0.873321736790235, 0.24594248537910512, 0.9811687743291239, 1.0, 0.8621316032484125, 0.27550823992774337)
[3, 9, 4, 10, 9, 9, 5, 5, 2, 10, 5, 7, 10, 6, 2, 8, 9, 7, 9, 7, 7, 6, 2, 3, 6, 9, 4, 2, 6, 4, 6, 2, 2, 6, 2, 8, 6, 10, 1, 8, 7, 9, 10, 9, 10, 10, 9, 1, 7, 6, 7, 9, 3, 7, 1, 1, 7, 2, 5, 6, 5, 1]
(0.8057366186752843, 0.0, 0.869011873565609, 0.8609398854896375, 0.8835908440872982, 0.6672284577043035)
[8, 5, 5, 7, 4, 6, 9, 6, 3, 6, 6, 7, 10, 5, 2, 8, 9, 7, 9, 2, 7, 5, 8, 3, 6, 6, 5, 3, 6, 4, 6, 2, 2, 6, 4, 7, 6, 5, 1, 8, 7, 9, 10, 9, 10, 10, 9, 1, 2, 6, 1, 6, 8, 10, 6, 3, 3, 5, 5, 5, 8, 1]
(0.9281160945072737, 0.51140533928186, 0.8693536309525322, 0.6969696969696971, 0.899405602179463, 0.32339190433981635)
[8, 9, 2, 7, 4, 6, 9, 6, 3, 6, 6, 7, 10, 1, 2, 8, 9, 7, 9, 2, 7, 5, 8, 9, 6, 6, 5, 6, 8, 5, 4, 2, 2, 6, 2, 8, 6, 10, 1, 8, 7, 9, 10, 9, 10, 10, 7, 9, 2, 6, 1, 6, 8, 10, 6, 3, 3, 5, 5, 5, 8, 1]
(0.9483904173597666, 0.51140533928186, 0.8880957005545451, 0.6969696969696971, 0.2975358587716073, 0.32339190433981635)
[3, 9, 2, 6, 2, 9, 5, 3, 2, 8, 6, 1, 10, 6, 5, 8, 3, 7, 9, 10, 4, 8, 9, 1, 8, 8, 6, 6, 8, 5, 7, 9, 2, 7, 9, 7, 6, 4, 6, 10, 1, 8, 10, 9, 10, 10, 4, 1, 7, 7, 6, 4, 2, 7, 1, 2, 3, 4, 6, 5, 8, 1]
(0.8934141507372219, 0.51140533928186, 0.9192771708592737, 0.6969696969696971, 0.889243903569873, 0.32339190433981635)
[8, 5, 2, 7, 4, 6, 9, 6, 3, 6, 6, 7, 10, 5, 2, 8, 9, 7, 9, 2, 7, 5, 8, 3, 6, 6, 5, 3, 6, 4, 6, 2, 2, 6, 4, 7, 6, 5, 1, 8, 7, 9, 10, 9, 10, 10, 7, 10, 2, 6, 1, 6, 8, 10, 6, 3, 3, 5, 5, 5, 8, 1]
(0.9625653242692326, 0.51140533928186, 0.8621250821277446, 0.6969696969696971, 0.9019050212576946, 0.32339190433981635)
[8, 9, 2, 7, 4, 6, 9, 6, 3, 6, 6, 7, 10, 3, 2, 8, 4, 7, 8, 2, 4, 9, 3, 3, 6, 6, 5, 3, 5, 4, 6, 2, 3, 5, 4, 7, 6, 10, 1, 8, 7, 9, 10, 9, 10, 10, 9, 1, 7, 6, 7, 6, 8, 10, 6, 3, 3, 5, 5, 5, 8, 1]
(0.9645838139578674, 0.51140533928186, 0.9564984289929246, 0.6969696969696971, 0.3541694424881516, 0.32339190433981635)
[8, 9, 2, 7, 4, 6, 9, 3, 3, 6, 6, 7, 10, 6, 2, 8, 9, 7, 9, 2, 7, 6, 2, 3, 6, 6, 5, 3, 6, 6, 6, 2, 3, 5, 7, 7, 6, 5, 3, 8, 7, 9, 10, 9, 10, 10, 7, 9, 2, 6, 1, 6, 8, 10, 6, 3, 3, 5, 5, 5, 8, 1]
(0.9621488055214262, 0.51140533928186, 0.8342522656544984, 0.6969696969696971, 0.9106023257598241, 0.3541694424881516)
[8, 1, 2, 7, 4, 6, 9, 6, 3, 6, 6, 7, 10, 5, 2, 8, 9, 7, 9, 2, 7, 5, 8, 3, 6, 6, 5, 3, 6, 4, 6, 2, 2, 6, 2, 8, 6, 10, 1, 8, 7, 9, 10, 9, 10, 10, 7, 10, 2, 6, 1, 6, 8, 10, 6, 3, 3, 5, 5, 5, 8, 1]
(0.9681769752874947, 0.51140533928186, 0.8720416383817744, 0.6969696969696971, 0.8833533318713266, 0.3541694424881516)
[8, 9, 2, 7, 4, 6, 9, 6, 3, 6, 6, 7, 10, 6, 2, 8, 9, 7, 9, 2, 1, 5, 8, 3, 6, 6, 5, 3, 6, 4, 6, 2, 2, 6, 4, 7, 6, 5, 1, 8, 7, 9, 10, 9, 10, 10, 7, 8, 2, 6, 1, 6, 8, 10, 6, 3, 3, 5, 5, 5, 8, 1]
(0.9589236760511969, 0.51140533928186, 0.85369951743632, 0.6969696969696971, 0.9035905351862272, 0.39142141910511835)
[3, 9, 4, 7, 9, 9, 9, 4, 2, 10, 5, 7, 10, 2, 3, 9, 6, 9, 9, 10, 3, 4, 2, 10, 8, 9, 4, 8, 4, 6, 5, 9, 2, 6, 4, 6, 5, 4, 4, 7, 7, 8, 10, 9, 10, 10, 10, 1, 7, 7, 7, 9, 8, 5, 1, 1, 2, 2, 5, 6, 5, 1]
(0.8893735820427496, 0.2974013474494705, 0.9832351105287651, 1.0, 0.866829235665495, 0.32339190433981635)
[3, 9, 2, 7, 2, 9, 5, 3, 2, 10, 5, 7, 10, 6, 7, 8, 6, 7, 8, 2, 7, 8, 3, 5, 7, 7, 1, 3, 4, 3, 7, 7, 2, 8, 2, 2, 6, 10, 10, 8, 1, 9, 10, 9, 10, 10, 9, 1, 3, 6, 7, 9, 1, 7, 7, 1, 4, 2, 2, 5, 8, 1]
(0.8011142050847342, 0.7625473180785705, 0.8151683596894079, 0.8717365307733373, 0.7693513026460941, 0.0)
[5, 5, 8, 7, 7, 8, 9, 3, 4, 10, 6, 7, 10, 6, 2, 8, 6, 7, 10, 6, 9, 8, 8, 1, 2, 8, 4, 3, 6, 6, 6, 2, 3, 5, 7, 5, 6, 5, 1, 7, 10, 3, 10, 5, 10, 10, 7, 7, 3, 6, 1, 6, 8, 10, 1, 3, 3, 5, 3, 4, 6, 4]
(0.9105062657967172, 0.51140533928186, 0.9396769391372769, 0.6969696969696971, 0.8712854782119347, 0.4374309424736116)
[3, 9, 4, 7, 9, 4, 9, 5, 5, 5, 6, 7, 10, 6, 3, 9, 7, 9, 9, 10, 3, 4, 2, 10, 8, 10, 4, 6, 4, 6, 3, 9, 2, 6, 4, 4, 6, 4, 4, 7, 7, 9, 10, 9, 10, 10, 10, 1, 7, 7, 7, 9, 8, 5, 1, 1, 2, 2, 5, 6, 5, 1]
(0.8915968196466518, 0.2974013474494705, 0.9741466356441355, 0.9632880175486181, 0.864266839809711, 0.3885605696744411)
[3, 9, 2, 7, 2, 9, 5, 3, 6, 4, 6, 6, 2, 8, 9, 8, 5, 6, 4, 10, 4, 5, 3, 1, 7, 8, 6, 6, 8, 5, 3, 2, 5, 7, 4, 7, 6, 7, 6, 7, 1, 3, 10, 9, 10, 10, 7, 1, 7, 7, 7, 9, 6, 7, 1, 5, 2, 2, 5, 5, 8, 9]
(0.8106200495734747, 0.4336974430951364, 0.8469581896439136, 0.9198743494227501, 0.8856200741603922, 0.2975358587716073)
[3, 9, 4, 7, 9, 4, 9, 5, 5, 10, 5, 7, 10, 2, 3, 9, 6, 9, 9, 10, 3, 4, 2, 10, 9, 9, 4, 6, 4, 6, 3, 9, 2, 6, 4, 7, 6, 4, 4, 7, 7, 8, 10, 9, 10, 10, 10, 1, 7, 7, 7, 9, 8, 5, 1, 1, 2, 2, 5, 6, 5, 1]
(0.8797872399911244, 0.37609144308620424, 0.9850892884656768, 1.0, 0.87928609270602, 0.27550823992774337)
[3, 9, 2, 7, 9, 9, 5, 8, 5, 10, 8, 1, 1, 3, 1, 7, 3, 3, 5, 2, 5, 6, 8, 1, 8, 9, 4, 1, 9, 4, 5, 9, 2, 6, 4, 8, 6, 4, 4, 7, 7, 9, 10, 9, 8, 10, 9, 1, 3, 6, 7, 9, 1, 7, 3, 1, 4, 2, 2, 5, 8, 1]
(0.9258305819705095, 0.51140533928186, 0.9026701020076834, 0.8687409879639697, 0.886416204087432, 0.27550823992774337)
[3, 9, 2, 7, 9, 9, 5, 8, 5, 10, 8, 1, 1, 3, 1, 7, 3, 3, 5, 2, 5, 6, 8, 1, 8, 9, 4, 1, 9, 4, 5, 9, 2, 6, 4, 8, 6, 4, 4, 7, 7, 9, 10, 9, 10, 10, 9, 1, 6, 7, 7, 9, 1, 7, 3, 1, 4, 2, 2, 5, 8, 1]
(0.9036335641518195, 0.51140533928186, 0.8903628760948732, 0.8753951830789395, 0.8897523405030329, 0.27550823992774337)
[3, 9, 8, 10, 4, 9, 5, 4, 2, 3, 5, 7, 10, 6, 7, 8, 6, 7, 8, 2, 7, 8, 3, 5, 7, 8, 1, 3, 4, 3, 9, 7, 2, 8, 2, 2, 6, 10, 10, 8, 8, 9, 10, 9, 10, 10, 9, 1, 3, 6, 7, 9, 1, 7, 7, 1, 4, 2, 2, 5, 8, 1]
(0.7731064157560408, 0.7724176237359581, 0.8181581890210449, 0.892491872422393, 0.7629709137603582, 0.0)
[3, 9, 2, 7, 7, 9, 7, 4, 3, 10, 8, 10, 10, 6, 2, 8, 6, 7, 10, 6, 2, 8, 8, 1, 7, 10, 4, 3, 10, 1, 2, 9, 1, 9, 3, 8, 6, 2, 4, 9, 1, 3, 10, 9, 10, 10, 9, 1, 7, 7, 7, 9, 1, 7, 1, 1, 4, 2, 2, 5, 6, 1]
(0.51140533928186, 0.0, 0.9014421978965365, 1.0, 0.8886529596522408, 0.6672284577043035)
[3, 9, 2, 7, 9, 9, 5, 4, 2, 9, 1, 7, 10, 6, 2, 8, 6, 7, 9, 2, 9, 9, 2, 9, 10, 2, 5, 4, 6, 6, 10, 9, 2, 6, 4, 8, 6, 4, 4, 7, 7, 9, 10, 9, 10, 10, 9, 1, 6, 6, 7, 9, 1, 7, 1, 1, 4, 2, 2, 5, 8, 1]
(0.9231535131111709, 0.37609144308620424, 0.847267835028464, 1.0, 0.8983844710513911, 0.2975358587716073)
[7, 9, 2, 10, 9, 9, 5, 4, 2, 10, 5, 7, 10, 6, 2, 8, 9, 7, 9, 2, 7, 5, 8, 9, 10, 10, 5, 6, 8, 5, 4, 2, 2, 6, 2, 8, 6, 10, 1, 8, 7, 9, 10, 9, 10, 10, 7, 1, 7, 6, 7, 9, 1, 7, 1, 1, 4, 2, 2, 5, 8, 1]
(0.9435330798849434, 0.51140533928186, 0.8790774611756155, 0.8687495848163912, 0.9033179705962496, 0.32339190433981635)
[3, 9, 2, 6, 2, 9, 5, 3, 2, 4, 6, 1, 10, 6, 5, 8, 3, 7, 9, 10, 4, 8, 3, 3, 7, 8, 6, 4, 8, 5, 10, 7, 2, 6, 3, 3, 6, 4, 4, 7, 7, 8, 10, 9, 10, 10, 9, 1, 7, 7, 6, 4, 2, 7, 1, 1, 3, 4, 6, 5, 8, 1]
(0.9039926217868884, 0.37609144308620424, 0.9524062784388637, 0.9413017144426669, 0.9047126932069618, 0.39142141910511835)
[6, 5, 2, 7, 6, 5, 7, 5, 4, 10, 1, 1, 8, 4, 3, 5, 4, 3, 7, 5, 9, 8, 8, 6, 9, 4, 8, 8, 3, 2, 9, 9, 7, 6, 9, 9, 6, 9, 5, 5, 1, 8, 10, 9, 10, 10, 5, 2, 8, 6, 4, 7, 2, 9, 1, 1, 2, 2, 5, 5, 7, 8]
(0.8572537524625607, 0.4336974430951364, 0.9590117936953879, 1.0, 0.8865891465917187, 0.27550823992774337)
[3, 9, 2, 6, 2, 9, 5, 3, 2, 4, 6, 1, 10, 6, 5, 8, 3, 7, 9, 10, 9, 8, 8, 1, 7, 8, 4, 4, 8, 5, 10, 7, 2, 6, 3, 3, 6, 4, 4, 7, 7, 8, 10, 9, 10, 10, 9, 1, 7, 7, 6, 4, 2, 7, 1, 1, 3, 4, 6, 5, 8, 1]
(0.9233578154817187, 0.37609144308620424, 0.9808906694874148, 1.0, 0.903847811929878, 0.3541694424881516)
[3, 9, 4, 7, 9, 4, 9, 5, 5, 1, 6, 7, 10, 2, 3, 9, 6, 9, 9, 10, 3, 4, 2, 10, 8, 9, 4, 8, 4, 6, 3, 9, 2, 6, 4, 6, 5, 4, 4, 7, 7, 8, 10, 9, 10, 10, 10, 1, 7, 7, 7, 9, 8, 5, 1, 1, 2, 2, 5, 6, 5, 1]
(0.8608953272923777, 0.24594248537910512, 0.9943558303639277, 0.9633162440732099, 0.8856207622215108, 0.5657858728372895)
[5, 5, 8, 7, 3, 6, 9, 3, 4, 10, 6, 7, 10, 6, 2, 8, 9, 7, 9, 2, 7, 6, 2, 3, 6, 5, 6, 3, 6, 6, 6, 2, 3, 5, 7, 5, 6, 5, 1, 7, 10, 3, 10, 5, 10, 10, 7, 7, 3, 6, 1, 6, 8, 10, 2, 3, 3, 5, 3, 4, 6, 4]
(0.8329102532938062, 0.4336974430951364, 0.9509636545553776, 1.0, 0.835154606960708, 0.3541694424881516)
[7, 9, 2, 10, 9, 10, 9, 6, 3, 6, 3, 7, 10, 6, 4, 8, 3, 8, 9, 2, 7, 5, 8, 9, 10, 10, 5, 6, 8, 5, 4, 2, 2, 6, 2, 7, 6, 10, 1, 8, 7, 9, 10, 9, 10, 10, 9, 1, 7, 6, 7, 9, 1, 7, 1, 1, 4, 2, 2, 5, 8, 1]
(0.9039180519059257, 0.51140533928186, 0.9116718849167194, 0.9255614327266777, 0.32339190433981635, 0.3541694424881516)
[3, 9, 2, 10, 9, 9, 5, 4, 1, 10, 5, 7, 4, 6, 2, 8, 9, 7, 9, 2, 7, 5, 8, 5, 10, 2, 5, 4, 6, 4, 6, 9, 2, 8, 10, 8, 10, 4, 4, 7, 7, 9, 10, 9, 10, 10, 7, 10, 2, 6, 1, 6, 8, 10, 6, 3, 3, 5, 5, 5, 8, 1]
(0.8842800972983195, 0.7988085871642158, 0.908086415939029, 0.6969696969696971, 0.2975358587716073, 0.2975358587716073)
[3, 7, 2, 7, 9, 9, 5, 4, 2, 9, 1, 7, 10, 6, 2, 5, 6, 7, 9, 2, 8, 9, 2, 9, 10, 2, 5, 4, 6, 6, 10, 5, 2, 6, 4, 8, 6, 4, 4, 7, 7, 9, 10, 9, 10, 10, 9, 2, 6, 6, 7, 9, 1, 7, 1, 1, 4, 2, 2, 5, 8, 1]
(0.9175740366801585, 0.51140533928186, 0.9386391507461637, 1.0, 0.27550823992774337, 0.2975358587716073)
[3, 9, 2, 7, 9, 9, 5, 8, 5, 10, 8, 1, 1, 3, 1, 7, 3, 3, 5, 2, 5, 8, 8, 1, 8, 9, 4, 1, 9, 4, 5, 9, 2, 6, 4, 8, 6, 4, 4, 10, 7, 9, 10, 9, 10, 10, 9, 1, 6, 7, 7, 9, 1, 7, 3, 1, 4, 2, 2, 5, 8, 1]
(0.9283217022195426, 0.51140533928186, 0.931670412607488, 1.0, 0.27550823992774337, 0.2975358587716073)
[3, 9, 4, 7, 9, 4, 9, 5, 5, 1, 6, 7, 10, 6, 3, 9, 6, 9, 9, 10, 3, 4, 2, 10, 8, 9, 4, 6, 4, 6, 3, 9, 2, 6, 4, 7, 6, 4, 4, 7, 7, 9, 10, 9, 10, 10, 10, 1, 7, 7, 7, 9, 8, 5, 1, 1, 2, 2, 5, 6, 5, 1]
(0.8671688312664579, 0.24594248537910512, 0.9892651619389637, 1.0, 0.8714441152289463, 0.5657858728372895)
[3, 9, 4, 7, 9, 4, 9, 5, 5, 1, 6, 7, 10, 6, 3, 9, 6, 9, 9, 10, 3, 4, 2, 10, 8, 9, 4, 6, 4, 6, 3, 9, 2, 6, 4, 7, 6, 4, 4, 7, 7, 9, 10, 9, 10, 10, 10, 1, 7, 7, 7, 9, 8, 5, 1, 1, 2, 2, 5, 6, 5, 1]
(0.8671688312664579, 0.24594248537910512, 0.9892651619389637, 1.0, 0.8714441152289463, 0.5657858728372895)
[3, 9, 4, 7, 9, 9, 5, 1, 5, 10, 5, 7, 10, 2, 4, 1, 6, 3, 9, 7, 3, 4, 2, 10, 8, 9, 4, 6, 4, 3, 3, 10, 2, 6, 2, 4, 6, 4, 4, 6, 8, 8, 10, 9, 10, 10, 9, 1, 7, 7, 7, 9, 9, 5, 1, 1, 2, 2, 5, 6, 8, 1]
(0.8834091207012491, 0.20966457208602543, 0.9436134768649908, 0.9496536510065171, 0.6672284577043035, 0.6672284577043035)
[3, 9, 2, 7, 2, 9, 5, 3, 2, 6, 6, 2, 5, 2, 2, 8, 6, 7, 10, 6, 2, 8, 8, 1, 7, 8, 4, 3, 10, 1, 5, 9, 5, 9, 3, 8, 6, 5, 4, 5, 1, 8, 10, 9, 10, 10, 9, 5, 7, 7, 7, 8, 1, 7, 1, 1, 4, 2, 2, 2, 10, 2]
(0.8941315924748735, 0.51140533928186, 0.9457292640581703, 1.0, 0.9145256286486945, 0.32339190433981635)
[3, 9, 2, 7, 7, 9, 5, 7, 5, 5, 6, 2, 10, 5, 4, 8, 6, 7, 10, 6, 2, 8, 8, 1, 7, 8, 2, 3, 10, 1, 5, 9, 1, 6, 3, 8, 6, 2, 4, 5, 1, 8, 10, 9, 10, 10, 9, 5, 7, 7, 7, 8, 1, 7, 1, 1, 4, 2, 2, 2, 9, 2]
(0.9295223018154473, 0.51140533928186, 0.9517949780449247, 1.0, 0.919020224176344, 0.32339190433981635)
[3, 9, 2, 6, 7, 9, 5, 7, 5, 4, 6, 2, 10, 6, 4, 8, 6, 7, 10, 6, 2, 8, 8, 1, 7, 8, 4, 3, 10, 1, 5, 9, 1, 6, 3, 8, 6, 2, 4, 5, 1, 8, 10, 9, 10, 10, 9, 5, 3, 7, 7, 8, 1, 7, 1, 1, 4, 2, 2, 2, 9, 2]
(0.9155895987525543, 0.51140533928186, 0.9681559192016699, 1.0, 0.9246752792969313, 0.32339190433981635)
[3, 9, 2, 7, 2, 9, 5, 3, 2, 4, 6, 1, 5, 2, 2, 8, 6, 7, 10, 6, 2, 8, 8, 1, 7, 8, 4, 3, 10, 1, 5, 9, 1, 6, 3, 8, 6, 2, 4, 5, 1, 8, 10, 9, 10, 10, 9, 5, 7, 7, 7, 8, 1, 7, 1, 1, 4, 2, 2, 2, 9, 2]
(0.9003588208928662, 0.51140533928186, 0.0, 1.0, 0.9306491928175061, 0.32339190433981635)
[3, 9, 2, 6, 7, 9, 5, 7, 5, 4, 6, 1, 5, 2, 2, 8, 6, 7, 10, 6, 2, 8, 8, 1, 7, 8, 4, 3, 10, 1, 5, 9, 1, 6, 3, 8, 6, 2, 4, 5, 1, 8, 10, 9, 10, 10, 9, 5, 7, 7, 7, 8, 1, 7, 1, 1, 4, 2, 2, 2, 9, 2]
(0.9016610665246807, 0.51140533928186, 0.9300046110525693, 1.0, 0.9396061891689864, 0.32339190433981635)
[3, 9, 2, 7, 2, 9, 5, 3, 2, 4, 6, 2, 5, 2, 2, 8, 6, 7, 10, 6, 2, 8, 8, 1, 7, 8, 4, 3, 10, 1, 5, 9, 5, 6, 4, 8, 6, 2, 4, 5, 1, 8, 10, 9, 10, 10, 9, 5, 7, 7, 7, 8, 1, 7, 1, 1, 4, 2, 2, 2, 9, 2]
(0.8936181841418106, 0.51140533928186, 0.9792474647983886, 1.0, 0.9329538533464041, 0.32339190433981635)
[3, 9, 2, 7, 2, 9, 5, 3, 2, 4, 6, 2, 5, 2, 2, 8, 6, 7, 10, 6, 2, 8, 8, 1, 7, 8, 4, 3, 10, 1, 5, 9, 5, 6, 3, 8, 6, 2, 4, 5, 1, 8, 10, 9, 10, 10, 9, 5, 7, 7, 7, 8, 1, 7, 1, 1, 4, 2, 2, 2, 6, 2]
(0.8665169419720716, 0.51140533928186, 0.9711717525497057, 1.0, 0.938632911629972, 0.32339190433981635)
[3, 7, 2, 7, 9, 9, 10, 4, 2, 10, 6, 7, 10, 6, 7, 8, 9, 7, 9, 2, 2, 9, 2, 3, 5, 5, 5, 6, 8, 5, 4, 2, 2, 6, 2, 2, 6, 5, 4, 8, 9, 8, 2, 7, 9, 3, 7, 8, 3, 7, 7, 9, 6, 7, 1, 1, 4, 2, 5, 5, 8, 1]
(0.9133627137169207, 0.2974013474494705, 0.8872898651286912, 0.8898312566801865, 0.9023834912106354, 0.6672284577043035)
[3, 9, 2, 7, 9, 2, 3, 4, 2, 8, 8, 4, 6, 2, 3, 4, 3, 8, 10, 10, 4, 8, 3, 4, 7, 8, 1, 3, 4, 1, 10, 8, 7, 6, 2, 2, 6, 5, 1, 5, 7, 9, 10, 9, 10, 10, 9, 7, 6, 7, 1, 9, 9, 7, 1, 1, 2, 1, 5, 5, 8, 5]
(0.9288888337090578, 0.51140533928186, 0.8635593065991944, 0.6969696969696971, 0.8929027846083002, 0.6672284577043035)
[10, 2, 2, 7, 7, 6, 5, 3, 2, 4, 6, 7, 1, 6, 2, 8, 5, 8, 4, 1, 3, 5, 8, 9, 10, 3, 5, 4, 6, 6, 10, 5, 9, 8, 9, 2, 6, 7, 6, 7, 9, 3, 10, 9, 10, 10, 9, 1, 7, 7, 7, 9, 9, 7, 4, 1, 2, 2, 5, 2, 3, 1]
(0.8803212506696539, 0.51140533928186, 0.9182798577472534, 0.6969696969696971, 0.9280231697484818, 0.6672284577043035)
[10, 2, 2, 7, 7, 6, 5, 3, 2, 4, 6, 7, 1, 6, 2, 8, 5, 8, 4, 3, 3, 5, 8, 9, 10, 3, 5, 4, 6, 6, 10, 5, 9, 8, 9, 2, 6, 7, 6, 1, 7, 9, 10, 9, 10, 10, 9, 1, 7, 7, 7, 9, 9, 7, 4, 1, 2, 2, 5, 2, 3, 1]
(0.8872040556743696, 0.51140533928186, 0.9002245003357491, 0.6969696969696971, 0.9093496819958056, 0.6672284577043035)
[10, 2, 2, 7, 7, 6, 5, 3, 2, 4, 6, 7, 1, 6, 2, 8, 5, 8, 4, 3, 3, 5, 8, 9, 10, 3, 5, 4, 6, 6, 10, 5, 9, 8, 9, 2, 6, 7, 6, 7, 9, 3, 10, 9, 10, 10, 9, 1, 7, 7, 7, 9, 9, 7, 4, 1, 2, 2, 5, 2, 3, 1]
(0.8648850021883798, 0.51140533928186, 0.9275881936773628, 0.6969696969696971, 0.937839181907472, 0.6672284577043035)
[7, 9, 2, 10, 9, 9, 5, 4, 2, 10, 5, 7, 10, 6, 2, 8, 9, 7, 9, 7, 7, 6, 2, 3, 6, 4, 4, 2, 1, 6, 1, 2, 2, 6, 2, 8, 6, 10, 1, 8, 7, 9, 10, 9, 10, 10, 5, 1, 7, 6, 7, 9, 3, 7, 1, 1, 7, 2, 2, 5, 9, 1]
(0.8556235292926376, 0.51140533928186, 0.8365621728822528, 0.5348837209302327, 0.8417541829869094, 0.8306480215862334)
[9, 9, 2, 10, 9, 9, 5, 4, 2, 10, 9, 7, 10, 6, 2, 8, 9, 7, 9, 7, 7, 8, 8, 3, 6, 4, 4, 2, 1, 6, 1, 2, 2, 6, 1, 8, 6, 10, 1, 8, 7, 9, 10, 9, 10, 10, 5, 1, 7, 6, 7, 9, 3, 7, 1, 1, 7, 2, 2, 5, 9, 1]
(0.51140533928186, 0.51140533928186, 0.8553670315071887, 0.5348837209302327, 0.0, 0.8404422255232875)
[3, 9, 4, 9, 5, 9, 5, 4, 2, 4, 6, 1, 5, 2, 2, 8, 6, 7, 10, 6, 9, 8, 8, 1, 7, 8, 4, 3, 10, 3, 5, 9, 1, 6, 3, 8, 6, 1, 1, 8, 7, 8, 10, 9, 10, 6, 9, 1, 7, 6, 8, 9, 2, 2, 1, 1, 4, 2, 2, 5, 8, 1]
(0.8905119700357275, 0.2974013474494705, 0.9141952129080855, 0.92368540447205, 0.896220882050689, 0.6672284577043035)
[7, 9, 2, 10, 9, 9, 5, 4, 2, 10, 5, 7, 10, 6, 5, 8, 9, 8, 9, 7, 7, 6, 2, 3, 6, 4, 4, 2, 1, 6, 1, 2, 2, 6, 2, 8, 5, 9, 1, 7, 10, 3, 10, 9, 10, 10, 10, 1, 7, 6, 7, 9, 3, 7, 1, 1, 7, 2, 2, 5, 9, 1]
(0.8397131053730789, 0.51140533928186, 0.8360574649646819, 0.5348837209302327, 0.8693619580939363, 0.8462414970621415)
[3, 9, 4, 7, 9, 3, 9, 5, 5, 1, 6, 7, 10, 6, 3, 9, 6, 9, 9, 10, 3, 4, 2, 10, 8, 9, 4, 6, 10, 6, 3, 9, 2, 6, 2, 6, 3, 4, 4, 6, 8, 9, 10, 9, 10, 10, 10, 1, 7, 7, 7, 9, 8, 5, 1, 1, 2, 2, 5, 6, 5, 1]
(0.868532026000316, 0.2974013474494705, 0.9657089067622996, 0.9283399077132312, 0.8797010777518112, 0.6672284577043035)
[3, 9, 4, 9, 5, 9, 5, 4, 2, 10, 7, 7, 10, 2, 3, 9, 6, 9, 9, 10, 3, 4, 2, 10, 8, 9, 4, 6, 4, 6, 3, 9, 2, 6, 2, 4, 3, 4, 4, 6, 8, 8, 10, 9, 10, 10, 9, 1, 7, 7, 7, 9, 10, 5, 1, 1, 2, 2, 5, 6, 8, 1]
(0.8973748033866245, 0.24594248537910512, 0.9725150274112799, 1.0, 0.9195431800559126, 0.6672284577043035)
[3, 9, 2, 7, 10, 9, 4, 4, 2, 10, 7, 7, 10, 2, 3, 9, 6, 9, 9, 10, 3, 4, 2, 10, 8, 9, 4, 6, 4, 2, 7, 4, 2, 8, 2, 8, 6, 10, 1, 8, 7, 9, 10, 9, 10, 10, 9, 1, 7, 8, 7, 9, 1, 7, 1, 1, 3, 2, 2, 5, 8, 1]
(0.932369389571246, 0.2974013474494705, 0.9380198160186383, 0.9500625239685149, 0.9159460833296144, 0.6672284577043035)
[3, 9, 4, 9, 5, 4, 5, 4, 2, 8, 7, 7, 10, 2, 3, 9, 6, 9, 9, 10, 3, 4, 5, 10, 8, 9, 4, 6, 8, 6, 3, 9, 4, 6, 2, 4, 5, 7, 4, 6, 5, 8, 10, 9, 10, 10, 10, 1, 7, 7, 7, 9, 9, 5, 1, 1, 2, 2, 5, 6, 5, 1]
(0.9101104801520667, 0.2974013474494705, 0.0, 0.9606549253687238, 0.8850171850994183, 0.6672284577043035)
[3, 9, 2, 7, 2, 9, 5, 3, 2, 4, 6, 1, 5, 2, 4, 8, 6, 7, 10, 6, 9, 8, 8, 1, 7, 6, 4, 3, 10, 1, 5, 9, 2, 6, 2, 4, 3, 4, 1, 8, 7, 9, 10, 9, 10, 10, 10, 1, 4, 6, 8, 9, 2, 7, 1, 1, 4, 2, 2, 5, 8, 1]
(0.8916327325627162, 0.2974013474494705, 0.0, 0.9659508256241658, 0.9166835339739884, 0.6672284577043035)
[3, 9, 2, 7, 7, 9, 7, 4, 3, 10, 8, 10, 10, 6, 2, 8, 6, 7, 10, 6, 2, 8, 8, 1, 7, 10, 5, 4, 6, 2, 6, 9, 3, 8, 4, 8, 10, 4, 4, 7, 7, 3, 10, 9, 10, 10, 9, 1, 7, 7, 7, 9, 1, 7, 1, 1, 4, 2, 2, 5, 6, 1]
(0.9063346864655573, 0.37609144308620424, 0.9243436956778135, 0.9174689775332774, 0.8952763868495783, 0.6672284577043035)
[3, 9, 4, 9, 5, 9, 5, 4, 2, 10, 7, 7, 10, 2, 3, 9, 6, 9, 9, 10, 3, 4, 2, 10, 8, 9, 4, 6, 4, 6, 3, 9, 2, 6, 2, 4, 6, 4, 4, 7, 7, 7, 10, 9, 10, 10, 10, 1, 7, 7, 7, 9, 8, 5, 1, 1, 2, 2, 5, 6, 5, 1]
(0.8774504950270012, 0.2974013474494705, 0.9632157107815122, 1.0, 0.8915982911363202, 0.6672284577043035)
[3, 9, 4, 9, 5, 9, 5, 4, 2, 10, 7, 7, 10, 2, 3, 9, 6, 9, 9, 10, 3, 4, 2, 10, 8, 9, 4, 6, 4, 6, 3, 9, 2, 6, 2, 4, 6, 4, 4, 7, 7, 7, 10, 9, 10, 10, 10, 1, 7, 7, 7, 9, 8, 5, 1, 1, 2, 2, 5, 6, 5, 1]
(0.8774504950270012, 0.2974013474494705, 0.9632157107815122, 1.0, 0.6672284577043035, 0.6672284577043035)
[3, 9, 4, 9, 5, 9, 5, 4, 2, 10, 7, 7, 10, 2, 3, 9, 6, 9, 9, 10, 3, 4, 2, 10, 8, 9, 4, 6, 4, 6, 3, 9, 2, 6, 2, 4, 6, 4, 4, 7, 7, 7, 10, 9, 10, 10, 10, 1, 7, 7, 7, 9, 8, 5, 1, 1, 2, 2, 5, 6, 5, 1]
(0.8774504950270012, 0.2974013474494705, 0.9632157107815122, 1.0, 0.8915982911363202, 0.6672284577043035)
[3, 9, 2, 7, 4, 7, 9, 4, 1, 10, 5, 7, 4, 6, 2, 8, 9, 7, 9, 2, 7, 5, 8, 9, 10, 2, 5, 4, 7, 3, 7, 7, 9, 8, 2, 7, 6, 8, 1, 10, 7, 9, 10, 9, 10, 10, 10, 1, 7, 6, 8, 9, 2, 7, 1, 1, 4, 2, 2, 5, 8, 1]
(0.8451345900073594, 0.37609144308620424, 0.8926286743953783, 0.9372421646490662, 0.9028953531756959, 0.6672284577043035)
[3, 9, 2, 6, 7, 9, 5, 7, 5, 4, 6, 2, 10, 6, 4, 8, 6, 7, 10, 6, 2, 8, 8, 1, 7, 8, 2, 3, 10, 1, 5, 9, 1, 6, 3, 8, 6, 2, 4, 5, 1, 8, 10, 9, 10, 10, 9, 5, 3, 7, 7, 8, 1, 7, 1, 1, 4, 2, 2, 5, 8, 1]
(0.37609144308620424, 0.37609144308620424, 0.9341220324858992, 1.0, 0.8934289274737195, 0.6672284577043035)
[3, 9, 2, 7, 9, 9, 5, 4, 5, 10, 5, 10, 10, 6, 2, 8, 6, 7, 9, 2, 7, 9, 8, 1, 8, 9, 4, 1, 9, 5, 5, 5, 3, 5, 7, 7, 9, 5, 1, 8, 7, 7, 10, 9, 10, 10, 7, 3, 7, 7, 7, 9, 1, 7, 1, 1, 4, 2, 2, 5, 8, 1]
(0.9080556025728548, 0.37609144308620424, 0.8812682701274706, 1.0, 0.884911946766074, 0.6672284577043035)
[3, 9, 4, 9, 5, 9, 5, 4, 2, 4, 6, 1, 5, 2, 2, 8, 6, 7, 10, 6, 9, 8, 8, 1, 7, 8, 4, 3, 10, 3, 5, 9, 1, 6, 3, 8, 6, 1, 1, 8, 7, 9, 10, 1, 10, 10, 10, 1, 7, 6, 8, 9, 2, 2, 1, 1, 4, 2, 2, 5, 8, 1]
(0.9052896806970199, 0.51140533928186, 0.9322980472817984, 1.0, 0.9029887108132203, 0.6672284577043035)
[3, 9, 2, 7, 9, 9, 5, 4, 5, 10, 5, 10, 10, 6, 2, 8, 6, 7, 9, 2, 7, 9, 8, 1, 8, 9, 4, 1, 9, 5, 8, 5, 3, 5, 7, 7, 9, 5, 1, 8, 7, 7, 10, 3, 10, 10, 9, 1, 7, 7, 7, 9, 1, 7, 1, 1, 4, 2, 2, 5, 8, 1]
(0.9176987538114152, 0.51140533928186, 0.8614637760445426, 1.0, 0.8808212405070621, 0.6672284577043035)
[3, 9, 2, 7, 3, 9, 4, 4, 2, 10, 7, 7, 10, 2, 3, 9, 6, 9, 9, 10, 3, 4, 2, 10, 8, 9, 4, 6, 4, 6, 3, 9, 2, 6, 2, 4, 6, 4, 4, 8, 7, 9, 10, 9, 10, 10, 9, 1, 7, 8, 7, 9, 1, 7, 1, 1, 3, 2, 2, 5, 8, 1]
(0.9407929984852644, 0.51140533928186, 0.9164814071729743, 1.0, 0.9033004248514731, 0.6672284577043035)
[3, 9, 2, 7, 7, 9, 7, 4, 3, 10, 5, 10, 10, 6, 2, 8, 6, 7, 10, 6, 2, 8, 8, 1, 7, 10, 4, 3, 10, 1, 5, 9, 1, 9, 3, 8, 6, 10, 4, 9, 1, 1, 10, 9, 10, 10, 9, 3, 7, 7, 8, 9, 1, 7, 1, 1, 4, 2, 2, 5, 6, 1]
(0.8922181354835584, 0.51140533928186, 0.9070984782651029, 1.0, 0.9038122130557855, 0.6672284577043035)
[3, 9, 2, 7, 3, 9, 4, 4, 2, 10, 7, 7, 10, 2, 3, 9, 9, 7, 9, 7, 3, 6, 2, 3, 8, 9, 3, 2, 6, 4, 6, 2, 2, 6, 2, 4, 6, 4, 4, 8, 7, 9, 10, 9, 10, 10, 9, 1, 7, 8, 7, 9, 1, 3, 1, 1, 3, 2, 2, 5, 8, 1]
(0.9464913105592104, 0.51140533928186, 0.8840899409726222, 1.0, 0.9154278958216273, 0.6672284577043035)
[7, 9, 2, 10, 9, 9, 5, 4, 7, 10, 1, 1, 2, 4, 3, 8, 9, 7, 9, 7, 3, 6, 2, 3, 8, 9, 4, 2, 6, 4, 6, 2, 2, 6, 2, 8, 6, 10, 1, 8, 7, 9, 10, 9, 10, 10, 9, 1, 7, 6, 7, 9, 3, 7, 1, 1, 7, 2, 2, 5, 9, 1]
(0.8647487150505138, 0.51140533928186, 0.8626146489754268, 0.8580233884975259, 0.8585902364924498, 0.8129942762266761)
[7, 9, 2, 10, 9, 9, 5, 4, 7, 10, 1, 1, 2, 4, 3, 8, 9, 7, 9, 7, 3, 6, 5, 3, 8, 9, 4, 2, 6, 4, 6, 2, 2, 6, 2, 8, 6, 10, 1, 8, 7, 9, 10, 7, 10, 10, 9, 1, 4, 6, 7, 9, 3, 7, 1, 1, 7, 2, 2, 5, 9, 1]
(0.8746116252616004, 0.51140533928186, 0.8564430708065576, 0.8617218701168841, 0.848339130170638, 0.8129942762266761)
[7, 9, 2, 10, 9, 9, 5, 4, 2, 10, 9, 7, 10, 6, 2, 8, 9, 7, 9, 7, 7, 8, 8, 1, 7, 8, 4, 3, 10, 1, 2, 9, 1, 6, 3, 8, 9, 2, 4, 5, 1, 8, 10, 9, 10, 10, 9, 1, 7, 6, 7, 9, 3, 7, 1, 1, 7, 2, 2, 5, 9, 1]
(0.8441953888162913, 0.51140533928186, 0.8657022809609722, 0.8748034631833387, 0.8474347652867384, 0.8630388593301128)
