Matsuoka quadruped, body parameters:[1, 8, 9, 9, 8, 10, 10, 5, 5, 1, 8, 2, 4, 5, 3, 9, 8, 2, 9, 10, 2, 3, 9, 4, 1, 8, 4, 9, 1, 3, 4, 1]
{'b': 0.020000000000000004, 'gam': 0.08000000000000002, 'x0': 0.9, 'c': 4.5, 'a': 1.6}
Inter-module:
[[ 0.  -0.2 -1.2 -1.2]
 [-0.2  0.  -2.  -0.6]
 [-1.2 -1.2  0.  -0.2]
 [-2.  -0.6 -0.2  0. ]]
Intra-module:
[[ 0.  -1.8  1.4]
 [-0.2  0.  -1.4]
 [-1.   1.4  0. ]]
Bias:[1.2 1.4 1.5]
Drive coeff:[-0.5  0.7  0.5]
Base period:4.8
gen	evals	std                               	min       	avg                               	max                               
0  	92   	[0.04710516 0.02594857 0.01343168]	[0. 0. 0.]	[0.0118231  0.00485711 0.00140802]	[0.29746573 0.17217612 0.12953807]
1  	92   	[0.05944333 0.04715753 0.02638382]	[0. 0. 0.]	[0.02013453 0.0135716  0.00534794]	[0.29746573 0.24816116 0.17060326]
2  	92   	[0.07259708 0.07472783 0.042888  ]	[0. 0. 0.]	[0.03273401 0.02961194 0.01338369]	[0.29746573 0.37143926 0.20453747]
3  	92   	[0.09599687 0.09382296 0.06568758]	[0. 0. 0.]	[0.05389656 0.05358634 0.02637623]	[0.44151985 0.37143926 0.34226498]
4  	92   	[0.10998918 0.10007009 0.08761662]	[0. 0. 0.]	[0.08099792 0.08112369 0.05066631]	[0.44151985 0.37143926 0.4408296 ]
5  	92   	[0.10925902 0.0959784  0.09709235]	[0. 0. 0.]	[0.1131172  0.12207791 0.09209455]	[0.44151985 0.37143926 0.4408296 ]
6  	92   	[0.11481872 0.10450022 0.10343839]	[0. 0. 0.]	[0.14674185 0.16277532 0.13421846]	[0.66095557 0.42903119 0.4408296 ]
7  	92   	[0.11236833 0.14402975 0.11340251]	[0. 0. 0.]	[0.17184493 0.19513519 0.16646613]	[0.66095557 0.70821065 0.44797512]
8  	92   	[0.10488139 0.18072827 0.12756838]	[0. 0. 0.]	[0.20584278 0.23959812 0.18002295]	[0.66095557 1.15976777 0.52277168]
9  	92   	[0.1458795  0.20270381 0.17849917]	[0. 0. 0.]	[0.22412558 0.29202932 0.23883376]	[1.066455   1.16197805 1.13892476]
10 	92   	[0.14513683 0.28410644 0.19437244]	[0. 0. 0.]	[0.25722712 0.37277686 0.27788932]	[1.066455   1.17673062 1.13892476]
11 	92   	[0.14351449 0.3212079  0.23083714]	[0. 0. 0.]	[0.27014429 0.39142472 0.32484837]	[1.066455   1.18276635 1.14013628]
12 	92   	[0.16545118 0.40513049 0.2668438 ]	[0. 0. 0.]	[0.3149993  0.51456078 0.35472673]	[1.066455   1.18276635 1.14041781]
13 	92   	[0.17660929 0.38824391 0.316438  ]	[0.16269679 0.         0.        ]	[0.36015878 0.62145268 0.40969467]	[1.066455   1.18276635 1.14351272]
14 	92   	[0.18261438 0.38856403 0.3572552 ]	[0. 0. 0.]                        	[0.37700069 0.7341083  0.4783667 ]	[1.066455   1.18276635 1.14730598]
15 	92   	[0.19389386 0.39613729 0.37350593]	[0. 0. 0.]                        	[0.4123186  0.76479822 0.52989376]	[1.066455   1.18387134 1.14730598]
16 	92   	[0.19293839 0.36981418 0.36455532]	[0.20940023 0.         0.        ]	[0.41661163 0.77949421 0.53771657]	[1.066455   1.18387134 1.14819452]
17 	92   	[0.20059205 0.35351015 0.37326194]	[0.20940023 0.         0.        ]	[0.41666505 0.80462453 0.59165584]	[1.066455   1.1839535  1.14839911]
18 	92   	[0.19859107 0.37266282 0.3735258 ]	[0.21010049 0.         0.        ]	[0.44706218 0.82243676 0.54863578]	[1.066455   1.1839535  1.15053469]
19 	92   	[0.21733328 0.37271857 0.38118686]	[0.21135722 0.         0.        ]	[0.4566708  0.80434706 0.5850237 ]	[1.066455   1.1839535  1.15053469]
20 	92   	[0.2461373  0.39322558 0.37585672]	[0.21607655 0.         0.        ]	[0.50421038 0.78097821 0.54090734]	[1.06755776 1.1839535  1.15053469]
21 	92   	[0.27154491 0.40222248 0.39986443]	[0.21388983 0.         0.        ]	[0.47772702 0.84554037 0.61848342]	[1.07182318 1.18407544 1.15538503]
22 	92   	[0.28632016 0.33968303 0.40790566]	[0.21182199 0.         0.        ]	[0.51040666 0.891809   0.60105334]	[1.07182318 1.18421688 1.15538503]
23 	92   	[0.27917843 0.29330297 0.40687335]	[0.21182199 0.         0.        ]	[0.50787501 0.97296063 0.58442326]	[1.07182318 1.18421688 1.15538503]
24 	92   	[0.26991546 0.26550511 0.43202914]	[0.26618969 0.         0.        ]	[0.4929387  0.98123174 0.65921677]	[1.07182318 1.18522925 1.15538503]
25 	92   	[0.26771772 0.26583404 0.41581091]	[0.26622565 0.         0.        ]	[0.48675385 0.9756691  0.64709236]	[1.07182318 1.18522925 1.15538503]
26 	92   	[0.28432811 0.24819106 0.42398037]	[0.26622565 0.         0.        ]	[0.5221299  1.03513335 0.58313223]	[1.07182318 1.18522925 1.15538503]
27 	92   	[0.29589    0.24355256 0.43358288]	[0.26629986 0.         0.        ]	[0.55628799 1.02901725 0.55320693]	[1.07182318 1.18522925 1.15538503]
28 	92   	[0.30020151 0.25125489 0.43476057]	[0.26629986 0.         0.        ]	[0.56090004 1.01667987 0.60077858]	[1.07182318 1.18522925 1.15538503]
29 	92   	[0.30794439 0.25159214 0.44283518]	[0.26629986 0.         0.        ]	[0.58831163 1.00252777 0.63690406]	[1.07182318 1.18522925 1.15538503]
30 	92   	[0.31423957 0.2912541  0.44177968]	[0.26589506 0.         0.        ]	[0.56720325 0.98652395 0.6298831 ]	[1.07934622 1.18522925 1.15538503]
31 	92   	[0.31837072 0.30899829 0.43421561]	[0.26589506 0.         0.        ]	[0.56709617 0.96891407 0.67816934]	[1.07934622 1.18522925 1.15538503]
32 	92   	[0.32704891 0.30692425 0.44836903]	[0.26589506 0.         0.        ]	[0.60919135 0.94405816 0.69482178]	[1.07934622 1.18522925 1.15538503]
33 	92   	[0.34849147 0.31164617 0.45829373]	[0.26589506 0.         0.        ]	[0.61591642 0.91239451 0.75860717]	[1.07934622 1.18522925 1.15538503]
34 	92   	[0.34915892 0.32359159 0.43934163]	[0.26570507 0.         0.        ]	[0.62736492 0.91667924 0.81116779]	[1.07934622 1.18522925 1.15538503]
35 	92   	[0.35715049 0.28217768 0.46833337]	[0.21432302 0.         0.        ]	[0.66491112 0.94801022 0.72291051]	[1.07934622 1.18522925 1.15538503]
36 	92   	[0.35500134 0.28097359 0.45590009]	[0.21432302 0.         0.        ]	[0.66032573 0.96328926 0.73261729]	[1.07934622 1.18522925 1.15538503]
37 	92   	[0.3413242  0.27409124 0.44339593]	[0.21432302 0.         0.        ]	[0.65687086 0.95802014 0.75119519]	[1.07934622 1.18522925 1.15538503]
38 	92   	[0.34451831 0.2816431  0.42769396]	[0. 0. 0.]                        	[0.6575354  0.95692153 0.76259242]	[1.07934622 1.18799781 1.15538503]
39 	92   	[0.35047694 0.2894306  0.40625938]	[0. 0. 0.]                        	[0.66342236 0.93076955 0.81711551]	[1.07934622 1.18799781 1.15538503]
40 	92   	[0.36238911 0.28947065 0.40613931]	[0. 0. 0.]                        	[0.66350314 0.93732686 0.83973338]	[1.07934622 1.18799781 1.15538503]
41 	92   	[0.36453263 0.27935824 0.39517052]	[0. 0. 0.]                        	[0.6686215  0.94440244 0.86080609]	[1.07934622 1.18799781 1.15538503]
42 	92   	[0.36382538 0.27575749 0.40061416]	[0. 0. 0.]                        	[0.71558178 0.96117211 0.84165997]	[1.07934622 1.18799781 1.15538503]
43 	92   	[0.36360129 0.27315209 0.37382578]	[0. 0. 0.]                        	[0.71534073 0.98031728 0.89230824]	[1.07934622 1.18799781 1.15538503]
44 	92   	[0.36471373 0.27479588 0.3697574 ]	[0. 0. 0.]                        	[0.71451494 0.96484809 0.90149427]	[1.07934622 1.18799781 1.15538503]
45 	92   	[0.36534287 0.28058919 0.35183605]	[0. 0. 0.]                        	[0.72108308 0.95503959 0.93714957]	[1.07934622 1.18799781 1.15538503]
46 	92   	[0.36534702 0.27774283 0.3519625 ]	[0. 0. 0.]                        	[0.70680446 0.96251687 0.93736787]	[1.07934622 1.18799781 1.15538503]
47 	92   	[0.36647978 0.27776568 0.35558061]	[0. 0. 0.]                        	[0.70608039 0.95742968 0.9421826 ]	[1.07934622 1.18799781 1.15538503]
48 	92   	[0.36650809 0.27742562 0.36211479]	[0. 0. 0.]                        	[0.70605087 0.95762959 0.93264072]	[1.07934622 1.18799781 1.15538503]
49 	92   	[0.3655396  0.26636856 0.36280623]	[0. 0. 0.]                        	[0.71480822 0.96069213 0.93251401]	[1.07934622 1.18799781 1.15538503]
50 	92   	[0.36386501 0.26605953 0.36593879]	[0. 0. 0.]                        	[0.72456409 0.96060451 0.93027211]	[1.07934622 1.18799781 1.15538503]
51 	92   	[0.36682071 0.28327656 0.3773073 ]	[0. 0. 0.]                        	[0.72217991 0.94791255 0.91153064]	[1.07934622 1.18799781 1.15538503]
52 	92   	[0.36700926 0.28314252 0.3876376 ]	[0. 0. 0.]                        	[0.72238391 0.95307356 0.89224326]	[1.07934622 1.18799781 1.15538503]
53 	92   	[0.36671362 0.27856527 0.37516286]	[0. 0. 0.]                        	[0.71414644 0.97086746 0.91289773]	[1.07934622 1.18799781 1.15574278]
54 	92   	[0.36425052 0.27827886 0.38105815]	[0. 0. 0.]                        	[0.73168085 0.97571615 0.89687333]	[1.07934622 1.18799781 1.15574278]
55 	92   	[0.36586828 0.27840348 0.38112452]	[0. 0. 0.]                        	[0.7298286  0.97569451 0.89690155]	[1.07934622 1.18799781 1.15574278]
56 	92   	[0.36722748 0.27756957 0.3737379 ]	[0. 0. 0.]                        	[0.73602499 0.98064382 0.90056415]	[1.07934622 1.18799781 1.15574278]
57 	92   	[0.36879074 0.27472752 0.36824839]	[0. 0. 0.]                        	[0.72736093 0.99603189 0.90679477]	[1.07934622 1.18799781 1.15574278]
58 	92   	[0.36939597 0.28130521 0.35824657]	[0. 0. 0.]                        	[0.71358918 0.9877452  0.92013628]	[1.07934622 1.18799781 1.15627236]
59 	92   	[0.37060996 0.28870932 0.36366631]	[0. 0. 0.]                        	[0.72086335 0.9690208  0.91086232]	[1.07934622 1.18799781 1.15627236]
60 	92   	[0.37317635 0.28782286 0.36795313]	[0. 0. 0.]                        	[0.6871431  0.97507058 0.89733312]	[1.07934622 1.18799781 1.15627236]
61 	92   	[0.36877702 0.28759202 0.37167244]	[0. 0. 0.]                        	[0.64947089 0.98117765 0.88932655]	[1.07934622 1.18799781 1.15627236]
62 	92   	[0.36880583 0.28762562 0.37769417]	[0. 0. 0.]                        	[0.64945884 0.98126548 0.88633266]	[1.07934622 1.18799781 1.15627236]
63 	92   	[0.36915708 0.2535457  0.37410686]	[0.         0.38508571 0.        ]	[0.77151275 0.98517026 0.91747058]	[1.07934622 1.18799781 1.15627236]
64 	92   	[0.37074067 0.26140938 0.3756149 ]	[0.         0.38508571 0.        ]	[0.75018758 0.95857311 0.9170389 ]	[1.07934622 1.18799781 1.15627236]
65 	92   	[0.37376281 0.25323497 0.37530127]	[0.         0.38508571 0.        ]	[0.72620256 0.97356216 0.91766893]	[1.07934622 1.18799781 1.15627236]
66 	92   	[0.37336797 0.22419143 0.39669172]	[0.         0.50359673 0.        ]	[0.6782354  1.0206403  0.86229224]	[1.07934622 1.18799781 1.15627236]
67 	92   	[0.37257746 0.23158093 0.39219345]	[0.         0.50359673 0.        ]	[0.65327689 1.00898712 0.87284972]	[1.07934622 1.18799781 1.15627236]
68 	92   	[0.37009876 0.23205561 0.39752181]	[0.         0.50359673 0.        ]	[0.63792832 1.0097415  0.85594345]	[1.07934622 1.18799781 1.15627236]
69 	92   	[0.36738877 0.21191104 0.39284039]	[0.         0.69784852 0.        ]	[0.62131267 1.03687488 0.86165283]	[1.07934622 1.18799781 1.15627236]
70 	92   	[0.35784117 0.21474722 0.39567415]	[0.         0.69784852 0.        ]	[0.58107673 1.03308654 0.85365789]	[1.07934622 1.18799781 1.15627236]
71 	92   	[0.36303123 0.22030299 0.38143358]	[0.         0.69784852 0.        ]	[0.59660747 1.01713789 0.89637166]	[1.07934622 1.18799781 1.15627236]
72 	92   	[0.36582872 0.22188637 0.40408913]	[0.         0.69782324 0.        ]	[0.60478011 1.01198043 0.86333648]	[1.07996371 1.18799781 1.15627236]
73 	92   	[0.36333626 0.2252642  0.40781009]	[0.         0.69784852 0.        ]	[0.58555093 1.00286181 0.85865979]	[1.07996371 1.18799781 1.15627236]
74 	92   	[0.36961499 0.2222463  0.41115656]	[0.         0.69784852 0.        ]	[0.63112385 1.01180198 0.83274243]	[1.07996371 1.18799781 1.15630978]
75 	92   	[0.37166364 0.2223457  0.41788749]	[0.         0.69784852 0.        ]	[0.6377052  1.01214063 0.82126459]	[1.07996371 1.18799781 1.15630978]
76 	92   	[0.37050012 0.21850289 0.40669877]	[0.         0.69784852 0.        ]	[0.62891372 1.02223001 0.84332627]	[1.07996371 1.18799781 1.15630978]
77 	92   	[0.37205509 0.24522298 0.39110442]	[0. 0. 0.]                        	[0.63661029 0.99958562 0.88807381]	[1.07996371 1.18799781 1.15630978]
78 	92   	[0.37060122 0.22073151 0.3900416 ]	[0.         0.69784852 0.        ]	[0.61811604 1.01781028 0.88362246]	[1.07996371 1.18799781 1.15630978]
79 	92   	[0.36539935 0.22108234 0.40743787]	[0.         0.69784852 0.        ]	[0.60478817 1.01834056 0.86271458]	[1.07996371 1.18799781 1.15630978]
80 	92   	[0.36902613 0.20137334 0.41766248]	[0.         0.70157011 0.        ]	[0.76672304 1.05644541 0.85296354]	[1.07996371 1.18799781 1.15630978]
81 	92   	[0.36475527 0.19464726 0.44475898]	[0.         0.70282595 0.        ]	[0.79016782 1.06578768 0.8204952 ]	[1.07996371 1.18799781 1.15630978]
82 	92   	[0.36321211 0.19780308 0.44705272]	[0.         0.70282595 0.        ]	[0.79824296 1.06082244 0.81136007]	[1.07996371 1.18799781 1.15630978]
83 	92   	[0.36694084 0.19796159 0.44840751]	[0.         0.70282595 0.        ]	[0.78307276 1.06139807 0.80305386]	[1.07996371 1.18799781 1.15630978]
84 	92   	[0.3738716  0.24923789 0.44410758]	[0. 0. 0.]                        	[0.72197679 1.04203962 0.81524387]	[1.07996371 1.18799781 1.15655041]
85 	92   	[0.37496873 0.25174666 0.4279509 ]	[0. 0. 0.]                        	[0.69782238 1.03776311 0.82194169]	[1.0813703  1.18799781 1.15655041]
86 	92   	[0.37282192 0.22775695 0.42048908]	[0. 0. 0.]                        	[0.68283295 1.05124071 0.84208948]	[1.0813703  1.18799781 1.15655041]
87 	92   	[0.37350226 0.22506322 0.42640335]	[0. 0. 0.]                        	[0.67314989 1.05660869 0.8279236 ]	[1.0813703  1.18799781 1.15655041]
88 	92   	[0.3749822  0.2746411  0.42060207]	[0. 0. 0.]                        	[0.69665855 1.01970683 0.86080127]	[1.0813703  1.18799781 1.15655041]
89 	92   	[0.37397567 0.27312317 0.41955799]	[0. 0. 0.]                        	[0.68224837 1.02515757 0.86161402]	[1.0813703  1.18799781 1.15655041]
90 	92   	[0.37322924 0.27468729 0.4041228 ]	[0. 0. 0.]                        	[0.67438442 1.02019231 0.89914177]	[1.0813703  1.18799781 1.15655041]
91 	92   	[0.37782769 0.2099705  0.39794997]	[0.         0.70084591 0.        ]	[0.68621471 1.04282229 0.91204294]	[1.0813703  1.18799781 1.15655041]
92 	92   	[0.37680652 0.21265707 0.39815532]	[0.         0.70084591 0.        ]	[0.6622453  1.03830879 0.91239862]	[1.0813703  1.18799781 1.15655041]
93 	92   	[0.37584325 0.21288813 0.40230487]	[0.         0.70084591 0.        ]	[0.6545853  1.03868344 0.90748764]	[1.0813703  1.18799781 1.15655041]
94 	92   	[0.37513125 0.21053013 0.40237579]	[0.         0.70282595 0.        ]	[0.62816732 1.04440277 0.90765018]	[1.0813703  1.18799781 1.15655041]
95 	92   	[0.3734521  0.210649   0.40242854]	[0.         0.70282595 0.        ]	[0.6204632  1.04460292 0.90774109]	[1.0813703  1.18799781 1.15655041]
96 	92   	[0.37726027 0.20233821 0.41306474]	[0.         0.69844323 0.        ]	[0.75195099 1.0573517  0.87914247]	[1.0813703  1.18799781 1.15502236]
97 	92   	[0.37180927 0.2085967  0.39072942]	[0.         0.50088273 0.        ]	[0.78460793 1.05716024 0.91124001]	[1.0813703  1.18799781 1.15480681]
98 	92   	[0.36082746 0.19398383 0.38138905]	[0.         0.50088273 0.        ]	[0.81915036 1.07360156 0.92842656]	[1.0813703  1.18799781 1.15480681]
99 	92   	[0.35835583 0.18491091 0.3874637 ]	[0.         0.69844323 0.        ]	[0.82696702 1.08067857 0.92510161]	[1.0813703  1.18799781 1.15480681]
100	92   	[0.36932157 0.21604504 0.36128443]	[0. 0. 0.]                        	[0.80692205 1.06835145 0.944605  ]	[1.079758   1.18799781 1.15480681]
101	92   	[0.37706214 0.22891902 0.36609392]	[0. 0. 0.]                        	[0.77450789 1.05125532 0.93647906]	[1.079758   1.18799781 1.15480681]
102	92   	[0.37654104 0.23355615 0.33109561]	[0. 0. 0.]                        	[0.74308761 1.03310395 0.97796105]	[1.079758   1.18799781 1.15713252]
103	92   	[0.3854312  0.2377004  0.34669645]	[0. 0. 0.]                        	[0.69413151 1.02415838 0.94705398]	[1.079758   1.18799781 1.15713252]
104	92   	[0.38974685 0.23756273 0.33645896]	[0. 0. 0.]                        	[0.68056566 1.02425826 0.96464716]	[1.079758   1.18799781 1.15713252]
105	92   	[0.39125737 0.23210553 0.33056429]	[0. 0. 0.]                        	[0.71987285 1.03908746 0.97291596]	[1.079758   1.18799781 1.15713252]
106	92   	[0.39059458 0.23203427 0.3329197 ]	[0. 0. 0.]                        	[0.75046684 1.03909717 0.97200812]	[1.079758   1.18799781 1.15713252]
107	92   	[0.38021492 0.2194227  0.35514387]	[0. 0. 0.]                        	[0.79346509 1.06420629 0.94944048]	[1.08058257 1.18799781 1.15713252]
108	92   	[0.38835159 0.22504009 0.36601391]	[0. 0. 0.]                        	[0.75883535 1.05546402 0.93209151]	[1.08058257 1.18799781 1.15713252]
109	92   	[0.38490783 0.22526937 0.36134269]	[0. 0. 0.]                        	[0.77510923 1.05544539 0.94034365]	[1.08058257 1.18799781 1.15713252]
110	92   	[0.39117167 0.21577315 0.36144443]	[0. 0. 0.]                        	[0.74895906 1.07069912 0.94051725]	[1.08058257 1.18799781 1.15713252]
111	92   	[0.38621957 0.20997399 0.36260794]	[0. 0. 0.]                        	[0.77447859 1.08081534 0.93928342]	[1.08058257 1.18799781 1.15713252]
112	92   	[0.38867416 0.21632395 0.34690777]	[0. 0. 0.]                        	[0.76613727 1.07043933 0.97242976]	[1.08103829 1.18799781 1.15713252]
113	92   	[0.39456291 0.24983314 0.36121625]	[0. 0. 0.]                        	[0.7318879  1.04292295 0.96088435]	[1.08103829 1.18799781 1.16046368]
114	92   	[0.39315232 0.27029102 0.37139436]	[0. 0. 0.]                        	[0.74058899 1.03530033 0.94860354]	[1.08103829 1.18799781 1.16046368]
115	92   	[0.39029424 0.29391016 0.37597436]	[0. 0. 0.]                        	[0.75020825 1.00739305 0.94014127]	[1.08103829 1.18799781 1.16046368]
116	92   	[0.39030431 0.29391016 0.37597603]	[0. 0. 0.]                        	[0.75022041 1.00739305 0.9401443 ]	[1.08103829 1.18799781 1.16046368]
117	92   	[0.39030356 0.29390939 0.37602911]	[0. 0. 0.]                        	[0.75022102 1.00739382 0.94023861]	[1.08103829 1.18799781 1.16046368]
118	92   	[0.38933067 0.29505259 0.36995327]	[0. 0. 0.]                        	[0.75791046 1.00223498 0.94709487]	[1.08103829 1.18799781 1.16046368]
119	92   	[0.38983168 0.31183958 0.36880011]	[0. 0. 0.]                        	[0.74967451 0.99539485 0.94822473]	[1.08144365 1.18799781 1.16046368]
120	92   	[0.39147913 0.28981323 0.38109438]	[0. 0. 0.]                        	[0.74089672 1.02377244 0.9358285 ]	[1.08144365 1.18799781 1.16046368]
121	92   	[0.38943814 0.32262806 0.38104924]	[0. 0. 0.]                        	[0.74921547 1.01415158 0.93574681]	[1.08144365 1.18799781 1.16046368]
122	92   	[0.39162217 0.30649659 0.38523398]	[0. 0. 0.]                        	[0.7326773  1.02163924 0.92727058]	[1.08144365 1.18799781 1.16046368]
123	92   	[0.3898277  0.30758694 0.37214819]	[0. 0. 0.]                        	[0.75635248 1.01598954 0.95310223]	[1.08144365 1.18799781 1.16046368]
124	92   	[0.38904327 0.32468215 0.38861797]	[0. 0. 0.]                        	[0.75761057 1.00313926 0.93201317]	[1.08251341 1.18799781 1.16046368]
125	92   	[0.39183903 0.32474841 0.39974305]	[0. 0. 0.]                        	[0.74842189 1.00325562 0.9195143 ]	[1.08251341 1.18799781 1.16046368]
126	92   	[0.39593981 0.32690943 0.39405668]	[0. 0. 0.]                        	[0.72189381 0.99358181 0.92305115]	[1.08251341 1.18799781 1.16046368]
127	92   	[0.39483689 0.3266099  0.38216234]	[0. 0. 0.]                        	[0.74560836 0.99304481 0.94830552]	[1.08251341 1.18799781 1.16046368]
128	92   	[0.39763694 0.32745812 0.3823383 ]	[0. 0. 0.]                        	[0.72792815 0.98830193 0.94864412]	[1.08251341 1.18799781 1.16046368]
129	92   	[0.39967762 0.32899186 0.38819793]	[0. 0. 0.]                        	[0.71031431 0.97842783 0.93959735]	[1.08251341 1.18799781 1.16046368]
130	92   	[0.39876587 0.32889467 0.38814263]	[0. 0. 0.]                        	[0.71914604 0.97826258 0.93949369]	[1.08251341 1.18799781 1.16046368]
131	92   	[0.39880006 0.32952436 0.3883117 ]	[0. 0. 0.]                        	[0.70306063 0.97369012 0.93981147]	[1.08251341 1.18799781 1.16046368]
132	92   	[0.3980549  0.32942346 0.3698744 ]	[0. 0. 0.]                        	[0.7118735  0.97352837 0.9615011 ]	[1.08251341 1.18799781 1.16046368]
133	92   	[0.39956508 0.33020243 0.35406736]	[0. 0. 0.]                        	[0.69450111 0.96347886 0.96915721]	[1.08251341 1.18799781 1.16046368]
134	92   	[0.40181824 0.38088464 0.33446667]	[0. 0. 0.]                        	[0.67507083 0.92235748 0.99684267]	[1.08251341 1.18799781 1.16076659]
135	92   	[0.39656191 0.35607674 0.36466201]	[0. 0. 0.]                        	[0.73649879 0.9728216  0.95711885]	[1.08251341 1.18799781 1.16076659]
136	92   	[0.40230366 0.35576816 0.34973796]	[0. 0. 0.]                        	[0.67553283 0.97355768 0.97712467]	[1.08251341 1.18799781 1.16076659]
137	92   	[0.40065462 0.36937071 0.34214499]	[0. 0. 0.]                        	[0.63195884 0.9458833  0.98747533]	[1.08251341 1.18799781 1.16076659]
138	92   	[0.39920913 0.42573397 0.36003311]	[0. 0. 0.]                        	[0.65344453 0.91725513 0.9605579 ]	[1.08251905 1.18799781 1.16076659]
139	92   	[0.40047163 0.38053968 0.34683167]	[0. 0. 0.]                        	[0.67889414 0.96822438 0.98454128]	[1.08251905 1.18799781 1.16076659]
140	92   	[0.39736946 0.38063175 0.34048929]	[0. 0. 0.]                        	[0.72292876 0.96254659 0.9924269 ]	[1.08251905 1.18799781 1.16076659]
141	92   	[0.39944743 0.35425644 0.33422346]	[0. 0. 0.]                        	[0.71337262 0.98306429 1.00116796]	[1.08251905 1.18799781 1.16076659]
142	92   	[0.4028568  0.34044094 0.33439147]	[0. 0. 0.]                        	[0.70181278 0.99166404 1.00155916]	[1.08251905 1.18799781 1.16076659]
143	92   	[0.40365745 0.32473108 0.32775586]	[0. 0. 0.]                        	[0.70076683 1.00454391 1.01028351]	[1.08251905 1.18799781 1.16076659]
144	92   	[0.40373584 0.32372921 0.32774995]	[0. 0. 0.]                        	[0.70085082 1.00955169 1.01026701]	[1.08251905 1.18799781 1.16076659]
145	92   	[0.40423997 0.32733381 0.3277882 ]	[0. 0. 0.]                        	[0.69205212 1.00223231 1.01035816]	[1.08251905 1.18799781 1.16076659]
146	92   	[0.40292777 0.2905545  0.32774858]	[0. 0. 0.]                        	[0.70951896 1.03318779 1.01026992]	[1.08251905 1.18799781 1.16076659]
147	92   	[0.40459175 0.29507125 0.32073496]	[0. 0. 0.]                        	[0.69988108 1.02577286 1.01897054]	[1.08251905 1.18799781 1.16076659]
148	92   	[0.40457058 0.29503225 0.32077377]	[0. 0. 0.]                        	[0.69985844 1.02569175 1.01907254]	[1.08251905 1.18799781 1.16076659]
149	92   	[0.40490409 0.29509268 0.320933  ]	[0. 0. 0.]                        	[0.69088592 1.02580782 1.01948166]	[1.08251905 1.18799781 1.16076659]
[6, 5, 1, 3, 4, 9, 8, 7, 1, 9, 7, 7, 2, 7, 8, 10, 4, 4, 7, 3, 7, 7, 10, 7, 9, 9, 9, 7, 3, 6, 4, 5, 10, 6, 9, 9, 9, 8, 8, 7, 4, 3, 7, 8, 5, 2, 4, 5, 6, 10, 2, 10, 5, 5, 2, 2, 2, 3, 4, 5, 8, 10]
(1.082513405922194, 0.0, 0.0)
[7, 7, 9, 8, 1, 3, 8, 8, 7, 9, 10, 5, 5, 3, 5, 10, 3, 8, 7, 6, 6, 9, 6, 7, 9, 10, 9, 7, 3, 8, 10, 9, 8, 6, 9, 6, 7, 9, 10, 5, 10, 3, 7, 6, 2, 4, 7, 7, 5, 9, 8, 6, 2, 5, 1, 2, 4, 3, 3, 6, 9, 1]
(0.26705071043036754, 0.0, 1.1563546710305521)
[7, 5, 9, 8, 4, 3, 8, 7, 10, 9, 4, 6, 8, 5, 10, 10, 5, 8, 7, 8, 10, 9, 6, 8, 7, 6, 9, 6, 3, 8, 10, 9, 8, 5, 9, 3, 7, 9, 10, 8, 10, 3, 7, 6, 2, 4, 7, 7, 5, 9, 7, 5, 10, 9, 1, 2, 4, 3, 3, 6, 9, 1]
(0.2681240405627221, 0.0, 1.1607665895112549)
[7, 5, 9, 8, 4, 9, 8, 8, 10, 9, 4, 6, 8, 9, 6, 9, 4, 5, 8, 6, 10, 9, 5, 9, 1, 6, 9, 7, 6, 8, 10, 9, 8, 6, 9, 8, 7, 9, 10, 3, 7, 3, 7, 10, 6, 1, 10, 6, 6, 10, 2, 10, 5, 5, 1, 5, 4, 3, 3, 3, 9, 1]
(0.3523854151502599, 1.1858151199296134, 0.0)
[7, 3, 9, 8, 4, 9, 8, 8, 10, 9, 4, 6, 2, 9, 5, 4, 4, 6, 2, 3, 9, 2, 6, 7, 6, 6, 9, 7, 1, 8, 10, 9, 8, 6, 9, 1, 7, 9, 10, 8, 3, 10, 7, 7, 5, 2, 1, 1, 10, 8, 1, 4, 1, 5, 2, 2, 3, 4, 3, 3, 9, 1]
(0.0, 1.1879978124052304, 0.35226791065142465)
[7, 5, 9, 8, 4, 9, 8, 8, 10, 7, 4, 6, 8, 9, 6, 9, 4, 5, 2, 6, 8, 6, 5, 9, 9, 6, 9, 4, 3, 8, 10, 9, 6, 6, 5, 8, 7, 9, 10, 4, 7, 3, 7, 10, 5, 2, 1, 6, 4, 9, 7, 1, 2, 5, 1, 2, 2, 4, 3, 3, 9, 1]
(0.35208030815457697, 1.1865092569962161, 0.3529715613950817)
[7, 5, 9, 8, 4, 9, 8, 8, 10, 7, 4, 6, 8, 9, 6, 9, 4, 5, 2, 6, 8, 6, 5, 9, 9, 6, 9, 4, 3, 8, 10, 9, 6, 6, 5, 8, 7, 9, 10, 4, 7, 3, 7, 10, 5, 2, 1, 6, 4, 9, 7, 1, 2, 5, 1, 2, 2, 4, 3, 3, 9, 1]
(0.35208030815457697, 1.1865092569962161, 0.3529715613950817)
[7, 5, 9, 8, 4, 9, 8, 8, 10, 7, 4, 6, 8, 9, 6, 9, 4, 5, 2, 6, 8, 6, 5, 9, 9, 6, 9, 4, 6, 8, 10, 9, 6, 3, 5, 8, 7, 9, 10, 4, 7, 3, 7, 10, 5, 2, 1, 6, 4, 9, 7, 1, 2, 5, 1, 2, 2, 4, 3, 3, 9, 1]
(0.3524189113693976, 1.1874925049021856, 0.3524682214912463)
[7, 5, 9, 8, 4, 3, 8, 7, 8, 9, 10, 6, 8, 5, 10, 10, 5, 8, 7, 9, 10, 9, 5, 7, 7, 6, 9, 6, 3, 8, 10, 4, 8, 6, 9, 3, 7, 9, 10, 4, 10, 3, 7, 6, 2, 4, 7, 7, 5, 9, 8, 5, 10, 5, 1, 2, 4, 3, 3, 6, 5, 1]
(0.2685504815870351, 0.5089336847886451, 1.152434337954847)
[7, 5, 9, 8, 4, 3, 8, 7, 8, 9, 10, 6, 8, 5, 10, 10, 5, 8, 7, 9, 10, 9, 5, 7, 7, 6, 9, 8, 3, 7, 10, 4, 8, 6, 9, 3, 7, 9, 10, 4, 10, 3, 7, 6, 2, 4, 7, 7, 5, 9, 8, 5, 10, 5, 1, 2, 4, 3, 3, 6, 5, 1]
(0.2685228807531355, 0.5100855089990165, 1.151604876831387)
[7, 7, 9, 8, 4, 3, 8, 7, 10, 9, 4, 6, 8, 5, 10, 10, 4, 8, 7, 9, 10, 9, 6, 7, 7, 6, 9, 6, 3, 8, 10, 4, 8, 5, 9, 3, 7, 9, 10, 5, 10, 3, 7, 6, 4, 8, 10, 7, 5, 9, 5, 5, 7, 5, 1, 2, 4, 3, 1, 6, 9, 1]
(0.2686746046888579, 0.7158690920099617, 1.152415291040671)
[7, 5, 9, 8, 4, 3, 8, 7, 10, 9, 4, 6, 8, 5, 10, 10, 3, 8, 7, 6, 4, 9, 6, 7, 7, 6, 9, 6, 3, 8, 10, 9, 8, 5, 9, 3, 7, 9, 10, 5, 10, 3, 7, 3, 2, 4, 7, 7, 5, 9, 8, 5, 10, 5, 1, 2, 4, 3, 3, 6, 9, 1]
(0.26831025474125486, 0.7148410182818773, 1.1542832651980595)
[7, 5, 9, 8, 4, 3, 8, 7, 10, 9, 4, 6, 8, 5, 10, 10, 5, 8, 7, 9, 10, 9, 6, 7, 7, 6, 9, 6, 3, 8, 10, 9, 8, 5, 9, 3, 7, 9, 10, 5, 3, 3, 7, 6, 2, 4, 3, 7, 5, 9, 8, 5, 10, 5, 1, 1, 4, 3, 3, 6, 9, 1]
(0.2683469214212655, 0.7145019450411203, 1.1546192452050752)
[7, 5, 9, 8, 4, 3, 8, 7, 10, 9, 10, 6, 8, 5, 10, 10, 5, 8, 7, 9, 10, 9, 5, 7, 7, 6, 9, 6, 3, 8, 10, 4, 8, 5, 9, 3, 7, 9, 10, 5, 10, 3, 7, 3, 2, 8, 7, 7, 5, 9, 8, 5, 10, 5, 1, 2, 4, 3, 3, 6, 9, 1]
(0.2683669045991439, 0.7150380191579464, 1.1541464154963341)
[7, 7, 9, 8, 4, 3, 8, 7, 10, 9, 4, 6, 8, 5, 10, 10, 4, 8, 7, 9, 10, 9, 6, 7, 7, 6, 9, 6, 3, 8, 10, 9, 8, 6, 9, 3, 7, 9, 10, 4, 10, 3, 7, 6, 2, 4, 7, 7, 5, 9, 8, 5, 10, 5, 1, 2, 4, 3, 3, 6, 9, 1]
(0.26836711958386444, 0.7158181441202762, 1.1534170723887642)
[7, 5, 9, 8, 4, 3, 8, 7, 10, 9, 4, 6, 8, 5, 10, 10, 4, 8, 7, 9, 10, 9, 6, 7, 7, 6, 9, 6, 3, 6, 10, 4, 8, 5, 9, 3, 7, 9, 10, 5, 10, 3, 7, 3, 2, 4, 7, 7, 5, 9, 7, 5, 10, 9, 1, 2, 4, 3, 3, 6, 9, 1]
(0.26833066545605117, 0.7145306216552856, 1.154794823463992)
[7, 7, 9, 8, 4, 3, 8, 9, 10, 9, 5, 6, 7, 5, 10, 10, 5, 8, 7, 9, 10, 9, 6, 4, 7, 6, 9, 6, 3, 7, 10, 9, 8, 6, 9, 3, 7, 9, 10, 5, 10, 3, 7, 6, 2, 4, 7, 7, 5, 9, 8, 5, 10, 5, 1, 2, 4, 3, 3, 6, 6, 1]
(0.26845500740107964, 0.7147295038774613, 1.1545942877392195)
[7, 5, 9, 8, 4, 3, 8, 9, 10, 9, 3, 6, 7, 5, 10, 10, 5, 8, 8, 9, 10, 9, 6, 7, 7, 6, 9, 6, 3, 8, 10, 9, 8, 5, 8, 3, 7, 9, 10, 5, 10, 3, 7, 6, 2, 4, 7, 7, 5, 9, 8, 5, 10, 5, 1, 2, 4, 3, 3, 6, 9, 1]
(0.2683176832476292, 0.7132040790840986, 1.157188895144801)
[7, 5, 9, 8, 4, 3, 8, 7, 10, 9, 4, 6, 8, 5, 10, 10, 5, 8, 7, 9, 10, 9, 6, 7, 7, 6, 9, 6, 3, 8, 10, 9, 8, 5, 9, 3, 7, 9, 10, 7, 10, 6, 7, 6, 2, 4, 7, 7, 5, 9, 7, 5, 10, 5, 1, 2, 4, 3, 3, 6, 9, 1]
(0.2682695507438154, 0.7158085549995306, 1.1547270272110655)
[7, 5, 9, 8, 4, 3, 8, 9, 10, 9, 5, 6, 7, 5, 10, 10, 5, 8, 7, 9, 10, 9, 6, 7, 7, 6, 9, 6, 3, 7, 10, 9, 8, 6, 9, 3, 7, 9, 10, 5, 10, 3, 7, 6, 2, 4, 7, 7, 5, 9, 8, 5, 10, 5, 1, 2, 4, 3, 3, 6, 6, 1]
(0.2685367377472191, 0.7141324783489111, 1.1561688512775474)
[7, 5, 9, 8, 4, 3, 8, 7, 10, 9, 4, 6, 8, 5, 10, 10, 5, 8, 7, 8, 10, 9, 6, 8, 7, 6, 9, 6, 3, 8, 10, 9, 8, 5, 9, 3, 7, 9, 10, 5, 10, 3, 7, 6, 2, 4, 7, 7, 5, 9, 8, 5, 10, 5, 1, 2, 4, 3, 3, 6, 9, 1]
(0.268146870044355, 0.7157629773393276, 1.1558188286162325)
[7, 5, 9, 8, 4, 3, 8, 7, 10, 9, 4, 6, 8, 5, 10, 10, 4, 8, 7, 9, 10, 9, 6, 7, 7, 6, 9, 6, 3, 8, 10, 4, 8, 5, 9, 3, 7, 9, 10, 5, 10, 3, 7, 3, 2, 8, 7, 7, 5, 9, 8, 5, 10, 5, 1, 2, 4, 3, 3, 6, 9, 1]
(0.26801047184343296, 0.7153234824165704, 1.1564868464592701)
[7, 5, 9, 8, 4, 3, 8, 7, 10, 9, 4, 6, 8, 5, 10, 10, 5, 8, 7, 9, 10, 9, 6, 7, 7, 6, 9, 6, 3, 8, 10, 9, 8, 5, 9, 3, 7, 9, 10, 8, 10, 3, 7, 6, 2, 4, 5, 7, 5, 9, 7, 5, 10, 9, 1, 2, 4, 3, 3, 6, 9, 1]
(0.2681628377136331, 0.7150838994607331, 1.157771097288046)
[6, 5, 3, 3, 4, 9, 8, 6, 1, 9, 7, 6, 5, 7, 8, 10, 3, 8, 7, 3, 7, 4, 6, 7, 10, 6, 9, 7, 3, 8, 10, 9, 8, 6, 8, 6, 7, 9, 5, 5, 10, 3, 7, 6, 9, 2, 7, 6, 5, 10, 8, 6, 2, 6, 1, 2, 2, 3, 4, 5, 8, 10]
(1.075342441892002, 0.0, 1.1527928868998167)
[6, 5, 1, 3, 4, 9, 8, 7, 1, 9, 7, 7, 2, 7, 8, 10, 4, 4, 7, 3, 7, 7, 10, 7, 9, 9, 9, 7, 3, 6, 4, 5, 10, 6, 9, 8, 9, 8, 8, 5, 7, 3, 7, 8, 5, 2, 4, 8, 6, 10, 2, 10, 5, 5, 2, 2, 2, 3, 4, 5, 8, 10]
(1.0813953475305311, 1.1758824041113274, 0.0)
[6, 5, 1, 3, 4, 9, 8, 7, 1, 9, 7, 6, 2, 7, 8, 10, 2, 4, 7, 3, 10, 7, 6, 7, 9, 9, 9, 7, 3, 8, 10, 5, 10, 6, 9, 8, 9, 8, 8, 5, 10, 3, 7, 5, 5, 2, 4, 4, 6, 10, 2, 10, 7, 5, 2, 2, 2, 3, 4, 5, 8, 10]
(1.0825190502708189, 1.1678420705720798, 0.27962433440177825)
[6, 5, 1, 3, 4, 9, 8, 7, 1, 9, 7, 7, 2, 7, 8, 10, 4, 4, 7, 3, 7, 7, 10, 7, 9, 9, 9, 7, 3, 6, 4, 5, 10, 6, 9, 8, 9, 8, 8, 5, 7, 3, 7, 8, 5, 2, 4, 5, 6, 10, 2, 10, 5, 5, 2, 2, 2, 3, 4, 5, 8, 10]
(1.0796221071147687, 1.1773407472297563, 0.28155845904186816)
[6, 5, 1, 3, 4, 9, 8, 7, 1, 9, 7, 7, 2, 7, 8, 10, 4, 4, 7, 3, 7, 7, 10, 7, 9, 9, 9, 7, 3, 6, 4, 5, 10, 6, 9, 8, 9, 8, 8, 5, 7, 3, 7, 8, 5, 2, 4, 5, 6, 10, 2, 10, 5, 5, 2, 2, 2, 3, 4, 5, 8, 10]
(1.0796221071147687, 1.1773407472297563, 0.28155845904186816)
[6, 5, 1, 3, 4, 9, 8, 7, 1, 9, 7, 7, 2, 7, 8, 10, 4, 4, 7, 3, 7, 7, 10, 7, 9, 9, 9, 7, 3, 6, 4, 5, 10, 6, 9, 8, 9, 8, 8, 5, 7, 3, 7, 8, 5, 2, 4, 5, 6, 10, 2, 10, 5, 5, 2, 2, 2, 3, 4, 5, 8, 10]
(1.0796221071147687, 1.1773407472297563, 0.28155845904186816)
[6, 5, 1, 3, 4, 9, 8, 7, 1, 9, 7, 7, 2, 7, 8, 10, 4, 4, 7, 3, 7, 7, 10, 7, 9, 9, 9, 7, 3, 6, 4, 5, 10, 6, 9, 8, 9, 8, 8, 5, 7, 3, 7, 8, 5, 2, 4, 5, 6, 10, 2, 10, 5, 5, 2, 2, 2, 3, 4, 5, 8, 10]
(1.0796221071147687, 1.1773407472297563, 0.28155845904186816)
[6, 5, 1, 3, 4, 9, 8, 7, 1, 9, 7, 7, 2, 7, 8, 10, 4, 4, 7, 3, 7, 7, 10, 7, 9, 9, 9, 7, 3, 6, 4, 5, 10, 6, 9, 8, 9, 8, 8, 5, 7, 3, 7, 8, 5, 2, 4, 5, 6, 10, 2, 10, 5, 5, 2, 2, 2, 3, 4, 5, 8, 10]
(1.0810382868389914, 1.1779173417016882, 0.28125561391926535)
[7, 7, 9, 8, 1, 3, 8, 8, 7, 9, 10, 6, 5, 1, 5, 10, 3, 8, 7, 6, 6, 9, 6, 7, 8, 9, 9, 9, 3, 8, 10, 9, 8, 6, 9, 3, 7, 9, 10, 5, 4, 3, 7, 6, 4, 8, 4, 7, 5, 9, 8, 5, 7, 5, 1, 2, 4, 3, 1, 6, 9, 1]
(0.26795002003570234, 1.1800722857937234, 1.148924371860418)
[7, 7, 9, 8, 1, 3, 8, 8, 7, 9, 3, 9, 5, 3, 5, 10, 3, 8, 6, 8, 6, 9, 6, 7, 6, 9, 9, 7, 3, 8, 10, 9, 8, 6, 9, 3, 6, 6, 10, 5, 10, 3, 7, 3, 2, 9, 7, 7, 4, 9, 8, 5, 7, 5, 1, 2, 4, 3, 1, 6, 9, 2]
(0.2677515586062667, 1.1793892653659004, 1.1506344013194725)
[7, 7, 9, 8, 1, 3, 8, 8, 7, 9, 10, 6, 5, 3, 5, 10, 3, 8, 7, 6, 6, 9, 6, 9, 8, 9, 9, 8, 3, 8, 10, 9, 8, 6, 9, 10, 3, 9, 10, 5, 10, 3, 7, 3, 2, 9, 7, 7, 5, 9, 8, 5, 7, 5, 1, 2, 4, 3, 1, 6, 9, 1]
(0.2672333571878448, 1.1762887639924902, 1.1545898147041052)
[7, 7, 9, 8, 1, 3, 8, 8, 7, 9, 10, 6, 5, 3, 5, 10, 3, 8, 7, 6, 6, 9, 6, 7, 8, 9, 9, 6, 3, 8, 10, 9, 6, 6, 9, 3, 7, 9, 10, 5, 4, 3, 7, 3, 2, 9, 7, 7, 4, 9, 8, 5, 7, 5, 1, 2, 4, 3, 1, 6, 9, 1]
(0.2677169653586819, 1.1808323806151766, 1.150057339037265)
[7, 7, 9, 8, 1, 3, 8, 8, 7, 9, 10, 6, 5, 1, 5, 10, 3, 8, 7, 6, 6, 9, 6, 7, 8, 9, 9, 6, 3, 8, 10, 9, 8, 6, 9, 3, 7, 9, 10, 5, 10, 3, 7, 6, 4, 2, 4, 7, 5, 9, 8, 5, 7, 5, 1, 2, 4, 3, 1, 6, 9, 1]
(0.26764789185001975, 1.1820744136348385, 1.1489312240467577)
[7, 7, 9, 3, 1, 3, 8, 9, 7, 9, 10, 6, 5, 3, 5, 10, 3, 8, 7, 6, 6, 9, 6, 7, 8, 9, 9, 6, 3, 8, 10, 9, 8, 6, 9, 7, 3, 9, 10, 5, 10, 3, 7, 3, 2, 9, 7, 7, 5, 9, 8, 5, 7, 5, 1, 2, 4, 3, 1, 6, 9, 1]
(0.267645574829756, 1.1813072981312889, 1.150439775425097)
[7, 4, 9, 8, 1, 3, 8, 8, 7, 9, 10, 6, 5, 3, 5, 10, 3, 8, 7, 6, 6, 9, 6, 7, 3, 9, 9, 6, 3, 8, 10, 9, 8, 6, 9, 3, 7, 9, 10, 5, 10, 3, 1, 6, 4, 2, 4, 7, 5, 9, 8, 5, 7, 5, 1, 2, 4, 3, 1, 6, 9, 1]
(0.26769764282054564, 1.181851661391558, 1.1502653559069547)
[7, 7, 9, 8, 1, 3, 8, 8, 7, 9, 10, 6, 5, 3, 5, 10, 3, 5, 7, 6, 6, 9, 6, 7, 8, 9, 9, 4, 3, 5, 10, 9, 8, 6, 9, 3, 7, 9, 10, 5, 10, 2, 7, 6, 4, 2, 4, 7, 5, 9, 8, 5, 7, 5, 1, 2, 4, 3, 1, 6, 9, 1]
(0.2674570243385343, 1.1823934046551603, 1.150476075423193)
[7, 7, 9, 8, 1, 3, 8, 6, 7, 9, 10, 6, 5, 3, 5, 10, 3, 8, 7, 3, 6, 9, 6, 4, 8, 9, 9, 6, 3, 8, 10, 7, 8, 6, 9, 7, 3, 9, 10, 5, 10, 3, 7, 3, 2, 9, 7, 7, 5, 9, 8, 5, 7, 5, 1, 2, 4, 3, 1, 6, 9, 1]
(0.2672671539937902, 1.1822003467008488, 1.1509508136461506)
[7, 7, 9, 8, 1, 3, 8, 8, 7, 9, 10, 6, 5, 3, 5, 10, 3, 8, 7, 6, 6, 9, 6, 7, 8, 9, 9, 6, 3, 8, 10, 9, 8, 6, 9, 3, 7, 9, 10, 5, 10, 3, 7, 6, 4, 2, 4, 7, 5, 9, 8, 5, 7, 5, 1, 2, 4, 3, 1, 6, 9, 1]
(0.26749425569944185, 1.1818264944478887, 1.151599827130696)
[7, 7, 9, 8, 1, 3, 8, 8, 7, 9, 10, 6, 5, 3, 5, 10, 3, 8, 7, 6, 6, 9, 6, 7, 8, 9, 9, 6, 3, 8, 10, 9, 8, 6, 9, 3, 7, 9, 10, 5, 10, 3, 7, 6, 4, 2, 4, 7, 5, 9, 8, 5, 7, 5, 1, 2, 4, 3, 1, 6, 9, 1]
(0.26749425569944185, 1.1818264944478887, 1.151599827130696)
[7, 7, 9, 8, 1, 3, 8, 8, 7, 9, 10, 6, 5, 3, 5, 10, 3, 8, 7, 6, 6, 9, 6, 7, 8, 9, 9, 6, 3, 8, 10, 9, 8, 6, 9, 3, 7, 9, 10, 5, 10, 3, 7, 6, 4, 2, 4, 7, 5, 9, 8, 5, 7, 5, 1, 2, 4, 3, 1, 6, 9, 1]
(0.26749425569944185, 1.1818264944478887, 1.151599827130696)
[7, 7, 9, 8, 1, 3, 8, 10, 7, 9, 10, 6, 5, 3, 5, 10, 3, 8, 7, 6, 6, 9, 6, 7, 8, 9, 9, 4, 3, 8, 10, 9, 8, 6, 9, 3, 7, 9, 10, 5, 10, 3, 7, 6, 3, 2, 4, 7, 5, 9, 8, 5, 7, 5, 1, 2, 4, 3, 1, 6, 9, 1]
(0.2675416448577255, 1.18214982096106, 1.1512309930540305)
[7, 7, 9, 8, 1, 3, 8, 8, 7, 9, 10, 6, 5, 3, 5, 10, 2, 4, 7, 6, 6, 9, 6, 7, 8, 9, 9, 6, 3, 8, 10, 9, 8, 6, 9, 3, 6, 9, 10, 2, 10, 3, 7, 6, 4, 2, 4, 7, 5, 9, 8, 5, 7, 5, 1, 2, 4, 3, 1, 6, 9, 1]
(0.26735390464836134, 1.1815778935328143, 1.152022712335132)
[7, 7, 9, 8, 1, 3, 8, 8, 7, 9, 10, 6, 5, 3, 5, 10, 2, 4, 7, 6, 6, 9, 6, 7, 8, 9, 9, 6, 3, 8, 10, 7, 8, 6, 9, 7, 3, 9, 10, 5, 10, 3, 7, 3, 2, 9, 7, 7, 5, 9, 8, 5, 7, 5, 1, 2, 4, 3, 1, 6, 9, 1]
(0.2670952670412347, 1.1848166940733806, 1.1492824573812064)
[7, 7, 9, 8, 1, 3, 8, 8, 7, 9, 3, 9, 5, 3, 5, 10, 3, 8, 6, 6, 6, 9, 6, 7, 8, 9, 9, 7, 3, 8, 10, 9, 8, 6, 9, 3, 6, 9, 10, 5, 10, 3, 7, 3, 2, 9, 7, 7, 4, 9, 8, 5, 10, 9, 1, 2, 4, 3, 1, 6, 9, 1]
(0.2674750191384178, 1.1804639903828518, 1.1533631781399967)
[7, 7, 9, 8, 1, 3, 8, 8, 7, 9, 3, 9, 5, 3, 5, 10, 3, 3, 6, 6, 6, 9, 6, 7, 8, 9, 9, 6, 3, 8, 10, 9, 8, 6, 9, 3, 6, 9, 10, 9, 10, 3, 7, 6, 2, 9, 5, 7, 5, 9, 8, 5, 10, 5, 1, 2, 4, 3, 1, 6, 9, 1]
(0.26731846957999794, 1.1832788309082405, 1.1509428546513965)
[7, 7, 9, 8, 1, 3, 8, 8, 7, 9, 10, 6, 5, 3, 5, 10, 3, 8, 7, 6, 6, 9, 6, 7, 9, 6, 9, 7, 3, 8, 10, 9, 8, 6, 9, 6, 7, 9, 10, 5, 10, 3, 7, 6, 2, 4, 7, 7, 5, 9, 8, 5, 2, 5, 1, 2, 4, 3, 3, 6, 9, 1]
(0.2671060545265926, 1.1819621784612553, 1.1524752105250795)
[7, 7, 9, 8, 1, 3, 8, 8, 7, 9, 10, 6, 5, 3, 5, 10, 3, 8, 7, 6, 6, 9, 6, 7, 9, 9, 9, 7, 3, 8, 10, 9, 8, 6, 9, 6, 7, 9, 10, 5, 10, 3, 7, 6, 2, 4, 7, 7, 5, 9, 8, 5, 2, 5, 1, 2, 4, 3, 3, 6, 9, 1]
(0.26716354578585966, 1.1827058719471113, 1.1517061254580232)
[7, 7, 9, 8, 1, 3, 8, 8, 7, 9, 10, 6, 5, 3, 5, 10, 3, 8, 7, 6, 6, 9, 6, 7, 8, 9, 9, 8, 3, 8, 10, 9, 8, 6, 9, 3, 7, 9, 10, 5, 10, 3, 7, 6, 4, 2, 4, 6, 5, 9, 8, 5, 7, 5, 1, 2, 4, 3, 1, 6, 9, 1]
(0.2675810696834957, 1.181379417888822, 1.1527715026688166)
[7, 7, 9, 8, 3, 3, 8, 8, 7, 9, 10, 6, 5, 3, 5, 10, 3, 8, 6, 6, 6, 9, 6, 7, 8, 9, 9, 7, 3, 8, 10, 9, 8, 6, 9, 3, 6, 9, 10, 5, 10, 2, 7, 6, 4, 2, 4, 7, 5, 9, 8, 5, 7, 5, 1, 2, 4, 3, 1, 6, 9, 1]
(0.26714003251357443, 1.1816042164340632, 1.153491593521621)
[7, 7, 9, 8, 1, 3, 8, 8, 7, 9, 10, 6, 5, 3, 5, 10, 3, 8, 7, 6, 6, 9, 6, 7, 8, 9, 9, 6, 3, 8, 10, 9, 8, 6, 9, 3, 7, 9, 10, 5, 10, 3, 7, 6, 4, 2, 4, 7, 5, 9, 8, 5, 7, 5, 1, 2, 4, 3, 1, 6, 9, 1]
(0.26708557763038987, 1.183499658666553, 1.1523403093687643)
[6, 5, 1, 3, 4, 9, 8, 7, 1, 9, 7, 7, 2, 7, 8, 10, 4, 4, 7, 3, 7, 7, 10, 7, 9, 9, 9, 7, 3, 6, 4, 5, 10, 6, 9, 9, 9, 8, 7, 7, 3, 3, 7, 8, 5, 2, 4, 5, 6, 10, 2, 10, 5, 5, 2, 2, 2, 3, 4, 5, 8, 10]
(1.0821529844786935, 0.7003161776438356, 1.1314421479438315)
[6, 5, 3, 3, 4, 9, 8, 7, 1, 9, 7, 6, 6, 7, 8, 10, 3, 8, 7, 3, 7, 6, 6, 7, 9, 6, 9, 7, 3, 7, 10, 8, 8, 6, 9, 7, 7, 9, 9, 5, 10, 3, 7, 6, 5, 2, 7, 6, 5, 10, 8, 6, 2, 6, 1, 2, 2, 3, 4, 5, 8, 10]
(1.0769760725561055, 0.6975009332969784, 1.1497292816002236)
[6, 5, 1, 3, 4, 10, 8, 7, 1, 9, 7, 6, 5, 7, 8, 10, 3, 4, 7, 3, 7, 7, 6, 7, 9, 4, 9, 7, 3, 10, 5, 6, 8, 6, 9, 8, 9, 9, 9, 6, 9, 3, 7, 7, 5, 2, 4, 5, 6, 10, 8, 6, 2, 6, 1, 2, 2, 3, 4, 5, 8, 10]
(1.0757192857528393, 0.7028842852637172, 1.147420295681041)
[6, 5, 1, 3, 4, 9, 8, 7, 1, 9, 7, 7, 2, 7, 8, 10, 4, 4, 7, 8, 7, 7, 10, 7, 9, 9, 9, 7, 3, 6, 4, 5, 10, 6, 9, 8, 9, 8, 8, 5, 7, 3, 7, 8, 5, 2, 4, 5, 6, 10, 2, 10, 5, 5, 2, 2, 2, 3, 4, 5, 8, 10]
(1.0815763031046548, 0.7058957144245507, 1.1424498780318868)
[6, 5, 1, 3, 4, 9, 8, 6, 1, 9, 7, 6, 2, 7, 8, 10, 3, 4, 7, 3, 10, 7, 6, 6, 9, 9, 9, 7, 3, 8, 10, 5, 10, 6, 9, 8, 9, 8, 8, 5, 10, 3, 7, 5, 5, 2, 4, 5, 6, 10, 2, 10, 3, 5, 2, 2, 2, 3, 4, 5, 8, 10]
(1.0824222822191811, 1.1608636500313891, 1.1367629734193014)
[6, 5, 1, 3, 4, 9, 8, 7, 1, 9, 7, 7, 2, 7, 8, 10, 4, 4, 7, 3, 7, 7, 6, 7, 9, 6, 9, 7, 3, 8, 10, 8, 8, 6, 2, 6, 9, 9, 10, 5, 10, 3, 7, 6, 5, 2, 7, 6, 5, 9, 8, 6, 2, 10, 1, 2, 2, 3, 4, 5, 8, 10]
(1.0757860512057469, 1.1737338116392508, 1.131585184448539)
[6, 5, 1, 3, 4, 9, 8, 7, 1, 9, 7, 7, 2, 7, 8, 10, 4, 4, 7, 3, 7, 7, 10, 6, 9, 9, 9, 7, 3, 6, 4, 5, 10, 6, 9, 9, 9, 8, 8, 7, 4, 3, 7, 8, 5, 2, 4, 5, 5, 10, 2, 10, 5, 5, 2, 2, 2, 3, 4, 5, 8, 10]
(1.0774839812852741, 1.1736882558092492, 1.1314287836559795)
[6, 5, 1, 3, 4, 9, 8, 7, 1, 9, 7, 6, 2, 7, 8, 10, 3, 4, 7, 3, 10, 7, 6, 7, 9, 9, 9, 7, 3, 8, 10, 5, 8, 6, 9, 8, 9, 8, 8, 5, 10, 3, 7, 5, 5, 2, 4, 5, 6, 10, 2, 10, 3, 5, 2, 1, 2, 3, 4, 5, 8, 10]
(1.0750545804550709, 1.1675567505881206, 1.1418445165807383)
[6, 5, 1, 3, 4, 9, 8, 7, 1, 9, 7, 6, 2, 7, 8, 10, 3, 4, 7, 3, 10, 7, 6, 7, 9, 6, 9, 7, 3, 7, 10, 8, 8, 6, 8, 6, 7, 9, 8, 5, 10, 3, 7, 5, 5, 2, 4, 5, 6, 10, 2, 10, 3, 5, 2, 1, 2, 3, 4, 5, 8, 10]
(1.0759504413591088, 1.168104926310481, 1.1411737207171018)
[6, 5, 1, 2, 4, 9, 6, 10, 1, 9, 7, 6, 2, 7, 8, 10, 3, 4, 7, 3, 7, 7, 6, 7, 9, 9, 9, 7, 3, 10, 5, 6, 8, 6, 9, 8, 9, 9, 9, 6, 9, 3, 7, 7, 5, 2, 4, 5, 6, 10, 2, 9, 3, 5, 2, 2, 2, 3, 4, 5, 8, 10]
(1.079776034698582, 1.1642669318243875, 1.141879075402221)
[6, 5, 1, 3, 4, 9, 8, 7, 1, 9, 7, 7, 2, 7, 8, 10, 4, 4, 7, 3, 7, 7, 10, 7, 9, 9, 9, 7, 3, 6, 4, 5, 10, 6, 9, 8, 9, 8, 1, 5, 4, 1, 7, 8, 5, 2, 4, 5, 6, 10, 2, 10, 5, 5, 2, 2, 2, 3, 4, 5, 8, 10]
(1.0804744966921935, 1.1654657317325485, 1.1409562287162702)
[6, 5, 1, 3, 4, 9, 8, 8, 1, 9, 7, 6, 5, 7, 8, 10, 3, 8, 7, 3, 7, 4, 6, 7, 10, 6, 9, 7, 3, 8, 10, 8, 8, 6, 8, 6, 7, 9, 7, 5, 10, 4, 7, 6, 10, 3, 7, 6, 5, 9, 8, 6, 2, 6, 1, 2, 2, 3, 4, 5, 8, 10]
(1.0740708341725882, 1.1658421119675055, 1.1471793857924315)
[6, 5, 1, 3, 4, 9, 8, 8, 1, 9, 7, 6, 5, 7, 8, 10, 3, 8, 7, 3, 7, 4, 6, 7, 10, 6, 9, 7, 3, 8, 10, 8, 8, 6, 8, 6, 7, 9, 7, 5, 10, 4, 7, 6, 10, 3, 7, 6, 5, 9, 8, 6, 2, 6, 1, 2, 2, 3, 4, 5, 8, 10]
(1.0740708341725882, 1.1658421119675055, 1.1471793857924315)
[6, 5, 1, 3, 4, 9, 8, 8, 1, 9, 7, 6, 5, 7, 8, 10, 3, 8, 7, 3, 7, 4, 6, 7, 10, 6, 9, 7, 3, 8, 10, 8, 8, 6, 8, 6, 7, 9, 7, 5, 10, 4, 7, 6, 10, 3, 7, 6, 5, 9, 8, 6, 2, 6, 1, 2, 2, 3, 4, 5, 8, 10]
(1.0740708341725882, 1.1658421119675055, 1.1471793857924315)
[6, 5, 1, 3, 4, 9, 8, 7, 1, 9, 7, 7, 2, 7, 8, 10, 4, 4, 7, 3, 7, 7, 6, 7, 9, 6, 9, 7, 3, 8, 10, 8, 8, 6, 8, 6, 7, 9, 10, 5, 10, 3, 7, 6, 5, 2, 7, 6, 5, 9, 8, 6, 2, 6, 1, 2, 2, 3, 4, 5, 8, 10]
(1.07418199172956, 1.1728873321786537, 1.1414590547723162)
[6, 5, 1, 3, 4, 9, 8, 6, 1, 9, 7, 6, 2, 7, 8, 10, 3, 4, 7, 3, 10, 7, 6, 6, 9, 9, 9, 7, 3, 8, 10, 5, 10, 6, 9, 8, 9, 8, 8, 5, 10, 3, 7, 5, 5, 2, 4, 5, 6, 10, 2, 10, 3, 5, 2, 2, 2, 3, 4, 5, 8, 10]
(1.076799040831363, 1.1736308565363303, 1.1386630644953462)
[6, 5, 1, 3, 4, 9, 8, 7, 1, 9, 7, 6, 2, 7, 8, 10, 3, 4, 7, 3, 10, 7, 6, 7, 9, 9, 9, 7, 3, 8, 10, 9, 8, 6, 8, 6, 7, 9, 8, 5, 10, 3, 7, 5, 5, 2, 4, 5, 6, 10, 2, 10, 3, 5, 2, 1, 2, 3, 4, 5, 8, 10]
(1.0773611097930493, 1.1680225202813759, 1.1441370208279256)
[6, 5, 1, 3, 3, 9, 8, 7, 1, 9, 7, 7, 2, 7, 8, 10, 4, 4, 7, 3, 7, 7, 10, 7, 9, 9, 9, 7, 3, 6, 4, 5, 10, 6, 9, 8, 9, 8, 8, 5, 4, 3, 7, 8, 5, 2, 4, 5, 6, 10, 5, 10, 5, 5, 2, 2, 2, 3, 4, 5, 8, 10]
(1.0803886905218245, 1.1693227579817191, 1.1400377623805975)
[6, 5, 1, 3, 4, 9, 8, 7, 1, 9, 7, 7, 2, 7, 8, 10, 4, 4, 7, 3, 7, 7, 6, 7, 9, 9, 9, 7, 3, 6, 4, 5, 10, 6, 9, 8, 9, 8, 8, 5, 7, 3, 7, 8, 5, 2, 4, 5, 6, 10, 2, 10, 5, 5, 2, 2, 2, 3, 4, 5, 8, 10]
(1.0743967650417563, 1.177232087589802, 1.1400479090260007)
[6, 5, 1, 3, 4, 9, 8, 7, 1, 9, 7, 7, 2, 7, 8, 10, 4, 4, 7, 3, 7, 7, 10, 7, 9, 9, 9, 7, 3, 6, 4, 5, 10, 6, 9, 8, 9, 8, 8, 5, 4, 3, 7, 8, 5, 2, 4, 5, 6, 10, 2, 10, 5, 5, 2, 2, 2, 3, 4, 5, 8, 10]
(1.0813856586198018, 1.1721451858058587, 1.1382523722155389)
[6, 5, 1, 3, 4, 9, 8, 7, 1, 9, 7, 7, 2, 7, 8, 10, 4, 4, 7, 3, 7, 7, 10, 7, 9, 9, 9, 7, 3, 6, 4, 5, 10, 6, 9, 8, 9, 8, 8, 5, 4, 3, 7, 8, 5, 2, 4, 5, 6, 10, 2, 10, 5, 5, 2, 2, 2, 3, 4, 5, 8, 10]
(1.0813856586198018, 1.1721451858058587, 1.1382523722155389)
[6, 5, 1, 3, 4, 9, 8, 7, 1, 9, 7, 6, 2, 7, 8, 10, 3, 4, 7, 3, 10, 6, 6, 7, 9, 9, 9, 7, 3, 8, 10, 5, 10, 6, 9, 8, 9, 8, 8, 5, 10, 3, 7, 5, 5, 2, 4, 4, 6, 10, 2, 10, 3, 5, 2, 2, 2, 3, 4, 5, 8, 10]
(1.0781474036674212, 1.1752173626795426, 1.139721466541087)
[6, 5, 1, 3, 4, 9, 8, 8, 1, 9, 7, 6, 2, 7, 8, 10, 3, 4, 7, 3, 10, 7, 6, 7, 9, 9, 9, 7, 3, 8, 10, 5, 10, 6, 9, 8, 9, 8, 8, 5, 10, 3, 7, 5, 5, 2, 6, 5, 6, 10, 2, 10, 3, 5, 2, 2, 2, 3, 4, 5, 8, 10]
(1.0800567380767707, 1.1711885856464521, 1.1420071950579087)
[6, 5, 1, 3, 4, 9, 8, 8, 1, 9, 7, 6, 5, 7, 8, 10, 3, 8, 7, 3, 7, 5, 6, 7, 6, 6, 9, 7, 3, 8, 10, 8, 8, 6, 8, 6, 7, 9, 7, 5, 10, 4, 7, 6, 4, 3, 7, 6, 5, 9, 8, 6, 2, 6, 1, 2, 2, 3, 4, 5, 8, 10]
(1.0744542273845428, 1.1743069740012304, 1.1445783589701741)
[6, 5, 1, 3, 4, 9, 8, 7, 1, 9, 7, 7, 2, 7, 8, 10, 4, 4, 7, 3, 7, 7, 10, 7, 9, 9, 9, 7, 3, 6, 4, 5, 10, 6, 9, 8, 9, 8, 1, 5, 4, 3, 7, 8, 5, 2, 4, 5, 6, 10, 2, 10, 5, 5, 2, 2, 2, 3, 4, 5, 8, 10]
(1.0813505830002808, 1.170521355606617, 1.141994998887507)
[6, 5, 1, 3, 4, 10, 8, 7, 1, 9, 7, 6, 5, 7, 8, 10, 3, 8, 7, 3, 7, 4, 6, 7, 10, 6, 8, 7, 3, 8, 10, 9, 8, 6, 8, 8, 9, 8, 8, 5, 10, 3, 7, 5, 5, 2, 4, 7, 6, 10, 2, 10, 3, 5, 2, 1, 2, 3, 4, 5, 8, 10]
(1.0754080022752783, 1.1679063374176637, 1.1505779934002422)
[6, 5, 1, 3, 4, 9, 8, 7, 1, 9, 7, 6, 2, 7, 8, 10, 3, 4, 7, 3, 10, 6, 6, 7, 9, 9, 9, 7, 3, 8, 10, 5, 10, 6, 9, 8, 9, 8, 8, 5, 10, 3, 7, 5, 5, 2, 4, 4, 6, 10, 2, 10, 3, 5, 2, 2, 2, 3, 4, 5, 8, 10]
(1.079460586974995, 1.1760071555152551, 1.1389205325119243)
[6, 5, 1, 3, 4, 9, 8, 7, 1, 9, 7, 7, 2, 7, 8, 10, 4, 4, 7, 8, 7, 7, 10, 7, 9, 9, 9, 7, 3, 6, 4, 5, 10, 6, 9, 8, 9, 8, 8, 5, 7, 3, 7, 8, 5, 3, 4, 5, 6, 10, 2, 10, 5, 5, 2, 2, 2, 3, 4, 5, 8, 10]
(1.081538148967751, 1.1755062488839048, 1.138861648428936)
[6, 5, 1, 3, 4, 9, 8, 7, 1, 9, 8, 6, 2, 7, 8, 10, 3, 8, 7, 3, 10, 4, 6, 7, 9, 6, 9, 7, 3, 8, 10, 9, 8, 6, 8, 6, 7, 9, 10, 5, 10, 3, 7, 7, 1, 3, 7, 6, 5, 9, 8, 6, 2, 6, 1, 2, 2, 3, 4, 5, 8, 10]
(1.0732296581898946, 1.182356229983272, 1.1410376950809442)
[6, 5, 1, 3, 4, 9, 8, 7, 1, 9, 7, 6, 4, 7, 8, 10, 3, 8, 7, 3, 7, 4, 6, 7, 9, 6, 9, 7, 3, 8, 10, 8, 8, 6, 8, 6, 7, 9, 10, 5, 10, 3, 7, 6, 5, 2, 7, 6, 5, 9, 8, 6, 2, 6, 1, 2, 2, 3, 4, 5, 8, 10]
(1.0743657771940083, 1.1786786029115337, 1.1464693269010697)
[6, 5, 1, 3, 4, 10, 8, 7, 1, 9, 7, 6, 5, 7, 8, 10, 3, 8, 7, 3, 7, 5, 6, 7, 10, 6, 9, 7, 3, 8, 10, 9, 8, 6, 8, 6, 7, 9, 5, 5, 10, 3, 7, 7, 1, 3, 7, 6, 5, 9, 8, 6, 2, 6, 1, 2, 2, 3, 4, 5, 8, 10]
(1.0738829938580192, 1.1791937557980432, 1.147594090928944)
[6, 5, 1, 3, 4, 9, 8, 7, 1, 9, 7, 6, 4, 7, 8, 10, 3, 8, 5, 3, 7, 4, 6, 7, 10, 6, 9, 7, 3, 8, 10, 9, 8, 9, 8, 6, 7, 9, 5, 5, 10, 3, 7, 6, 5, 3, 7, 6, 5, 9, 8, 6, 2, 6, 1, 2, 2, 3, 4, 5, 8, 10]
(1.0737301159947927, 1.1805024815723317, 1.1474544603214887)
[6, 5, 1, 3, 4, 9, 8, 7, 1, 9, 7, 6, 4, 7, 8, 10, 3, 8, 5, 3, 7, 4, 6, 7, 10, 6, 9, 7, 3, 8, 10, 9, 8, 9, 8, 6, 7, 9, 5, 5, 10, 3, 7, 6, 5, 3, 7, 6, 5, 9, 8, 6, 2, 6, 1, 2, 2, 3, 4, 5, 8, 10]
(1.0737301159947927, 1.1805024815723317, 1.1474544603214887)
[6, 5, 1, 3, 4, 10, 8, 7, 1, 9, 7, 6, 5, 7, 8, 10, 3, 8, 7, 3, 10, 4, 6, 7, 9, 6, 9, 7, 3, 8, 10, 9, 8, 6, 8, 6, 7, 9, 10, 5, 10, 3, 7, 7, 1, 3, 7, 6, 5, 9, 8, 6, 2, 6, 1, 2, 2, 3, 4, 5, 8, 10]
(1.0714217070362528, 1.1844032945111411, 1.1472494079239945)
[6, 5, 1, 3, 4, 10, 8, 7, 1, 9, 7, 6, 5, 7, 8, 10, 3, 8, 7, 3, 10, 4, 6, 7, 9, 6, 9, 7, 3, 8, 10, 9, 8, 6, 8, 6, 7, 9, 10, 5, 10, 3, 7, 7, 1, 3, 7, 6, 5, 9, 8, 6, 2, 6, 1, 2, 2, 3, 4, 5, 8, 10]
(1.0717022300312238, 1.1828789575025456, 1.148596270064486)
[6, 5, 1, 3, 4, 10, 8, 7, 1, 9, 7, 6, 5, 7, 8, 10, 3, 8, 7, 3, 7, 4, 6, 7, 10, 6, 9, 7, 3, 8, 10, 9, 8, 6, 8, 6, 7, 9, 5, 5, 10, 3, 7, 6, 5, 2, 7, 6, 5, 9, 8, 6, 2, 6, 1, 2, 2, 3, 4, 5, 8, 10]
(1.0729889844539644, 1.1836473168805257, 1.1480621810885863)
[6, 5, 1, 3, 4, 10, 8, 7, 1, 9, 7, 6, 5, 7, 8, 10, 3, 8, 7, 3, 7, 4, 6, 7, 10, 6, 9, 7, 3, 8, 10, 9, 8, 6, 8, 6, 7, 9, 5, 5, 10, 3, 7, 6, 5, 2, 7, 6, 5, 9, 8, 6, 2, 6, 1, 2, 2, 3, 4, 5, 8, 10]
(1.0729889844539644, 1.1836473168805257, 1.1480621810885863)
[6, 5, 1, 3, 4, 10, 8, 7, 1, 9, 7, 6, 5, 7, 8, 10, 3, 8, 7, 3, 7, 4, 6, 7, 10, 6, 9, 7, 3, 8, 10, 9, 8, 6, 8, 6, 7, 9, 5, 5, 10, 3, 7, 6, 5, 2, 7, 6, 5, 9, 8, 6, 2, 6, 1, 2, 2, 3, 4, 5, 8, 10]
(1.0729889844539644, 1.1836473168805257, 1.1480621810885863)
[6, 5, 1, 3, 4, 10, 8, 7, 1, 9, 7, 6, 4, 7, 8, 10, 3, 8, 5, 3, 7, 4, 6, 7, 10, 6, 9, 7, 3, 8, 10, 9, 8, 6, 8, 6, 7, 9, 5, 5, 10, 3, 7, 6, 5, 3, 7, 6, 5, 9, 8, 6, 2, 6, 1, 2, 2, 3, 4, 5, 8, 10]
(1.074059229290307, 1.1866982216015476, 1.148674247584389)
