Matsuoka quadruped, body parameters:[2, 7, 5, 8, 3, 3, 1, 1, 10, 10, 4, 6, 6, 9, 10, 4, 1, 7, 2, 4, 8, 10, 3, 3, 6, 5, 3, 7, 8, 8, 9, 1]
{'b': 0.04000000000000001, 'gam': 0.06999999999999999, 'x0': 0.5, 'c': 4.0, 'a': 0.6}
Inter-module:
[[ 0.  -1.6 -2.  -0.2]
 [-2.   0.  -0.2 -1.4]
 [-2.  -0.2  0.  -1.6]
 [-0.2 -1.4 -2.   0. ]]
Intra-module:
[[ 0.  -0.8 -1.4]
 [-1.4  0.   1. ]
 [ 1.8 -1.   0. ]]
Bias:[1.6 1.6 1.9]
Drive coeff:[ 0.9 -0.3 -0.9]
Base period:5.44
gen	evals	std                               	min       	avg                               	max                               
0  	92   	[0.02706979 0.02206585 0.00772465]	[0. 0. 0.]	[0.0046596  0.00447551 0.00080976]	[0.22663301 0.15375404 0.07449818]
1  	92   	[0.03724578 0.03488626 0.03942221]	[-0.01861742  0.          0.        ]	[0.01020726 0.00856807 0.0067225 ]	[0.22663301 0.21278244 0.35047649]
2  	92   	[0.04348314 0.04993822 0.03941637]	[-0.03775025  0.          0.        ]	[0.01558469 0.01395454 0.00681634]	[0.22663301 0.30179991 0.35047649]
3  	92   	[0.05331705 0.05426984 0.0464993 ]	[-0.03775025  0.          0.        ]	[0.02680335 0.01922229 0.01296162]	[0.22663301 0.30179991 0.35047649]
4  	92   	[0.06388132 0.06887451 0.05171363]	[-0.04231617  0.          0.        ]	[0.04350454 0.03424484 0.01951498]	[0.30082174 0.30252015 0.35047649]
5  	92   	[0.0693085  0.08520029 0.07306904]	[-0.04231617  0.          0.        ]	[0.07280476 0.06296333 0.04225   ]	[0.30082174 0.36659518 0.35047649]
6  	92   	[0.10385021 0.11124558 0.086314  ]	[-0.04231617  0.         -0.02066763]	[0.10242305 0.12094975 0.07386664]	[0.6443552  0.61618029 0.35047649]
7  	92   	[0.11852858 0.12789707 0.12291474]	[-0.00762727  0.         -0.02066763]	[0.14073895 0.15302987 0.09822476]	[0.6517758  0.62021062 0.56814909]
8  	92   	[0.11591063 0.13180204 0.13208714]	[ 0.          0.         -0.00808218]	[0.16787131 0.16149414 0.11930195]	[0.6517758  0.62021062 0.56814909]
9  	92   	[0.12053176 0.18762808 0.17166853]	[ 0.          0.         -0.00808218]	[0.19566032 0.19335986 0.1400623 ]	[0.6517758  0.98638749 0.7169988 ]
10 	92   	[0.14642574 0.21823707 0.19062005]	[-0.01187597 -0.01392855 -0.058511  ]	[0.21618583 0.23602141 0.16610332]	[0.89637911 0.98758862 0.72757779]
11 	92   	[0.14931605 0.24955497 0.21088418]	[ 0.         -0.01392855 -0.00274067]	[0.24964979 0.29430829 0.19943311]	[0.89804081 0.98758862 0.72757779]
12 	92   	[0.16102489 0.27097189 0.24859029]	[ 0.01520033 -0.01392855 -0.02973709]	[0.26963861 0.37500156 0.2768418 ]	[0.89804081 0.98758862 0.72757779]
13 	92   	[0.16411369 0.3020771  0.25363933]	[-0.0110086  -0.01392855 -0.02973709]	[0.28023732 0.44131285 0.3284631 ]	[0.89804081 0.98758862 0.72757779]
14 	92   	[0.16526306 0.3006731  0.26423263]	[ 0.01731881  0.         -0.02973709]	[0.29891453 0.54086375 0.39043531]	[0.89804081 0.98758862 0.72757779]
15 	92   	[0.17081213 0.31297475 0.2639379 ]	[0.01731881 0.         0.        ]   	[0.31346448 0.58212489 0.40694675]	[0.89804081 0.98860275 0.97850976]
16 	92   	[0.16959696 0.33190434 0.27755763]	[0.10907704 0.         0.        ]   	[0.34300406 0.59674048 0.38677385]	[0.89804081 0.98866726 0.97850976]
17 	92   	[0.1745624  0.32086825 0.27664188]	[0.10907704 0.         0.        ]   	[0.35837777 0.57026435 0.37491913]	[0.89804081 0.98866726 0.97850976]
18 	92   	[0.18466952 0.32223475 0.26608115]	[0.10907704 0.         0.        ]   	[0.36141115 0.58192819 0.36458816]	[0.89804081 0.99003914 0.97850976]
19 	92   	[0.19618218 0.33363644 0.28648417]	[0.10907704 0.         0.        ]   	[0.37098196 0.5508008  0.38934405]	[0.89804081 0.99026887 0.97850976]
20 	92   	[0.19354179 0.33701935 0.28128189]	[0.10907704 0.         0.        ]   	[0.37222997 0.56131731 0.40767816]	[0.89804081 0.99026887 0.97850976]
21 	92   	[0.2073626  0.34604284 0.27531688]	[0.07859937 0.         0.        ]   	[0.39158812 0.58515126 0.37165857]	[0.89804081 0.99026887 0.97850976]
22 	92   	[0.20001703 0.35355298 0.27871006]	[0.07859937 0.         0.        ]   	[0.3871663  0.59888606 0.3924758 ]	[0.90015976 0.99026887 0.97913431]
23 	92   	[0.20557264 0.36254616 0.27776785]	[0.07859937 0.         0.        ]   	[0.39142232 0.59403043 0.40491369]	[0.90015976 0.99026887 0.97913431]
24 	92   	[0.20131021 0.35608239 0.27892278]	[0.07859937 0.         0.        ]   	[0.38683623 0.61473735 0.42638757]	[0.90015976 0.99026887 0.97913431]
25 	92   	[0.2005426  0.36040932 0.27219215]	[0.07859937 0.         0.        ]   	[0.39013622 0.63971299 0.4380702 ]	[0.90015976 0.99026887 0.97913431]
26 	92   	[0.21371097 0.37154917 0.27226778]	[0.07859937 0.         0.        ]   	[0.40916196 0.59539423 0.43937672]	[0.90278833 0.99026887 0.97913431]
27 	92   	[0.21942918 0.35222099 0.27091215]	[0.07859937 0.         0.        ]   	[0.40484468 0.63030537 0.4734741 ]	[0.90278833 0.99026887 0.97913431]
28 	92   	[0.22293585 0.34484693 0.27382828]	[0.07859937 0.         0.        ]   	[0.41752742 0.62024716 0.47675251]	[0.90278833 0.99026887 0.97913431]
29 	92   	[0.23364362 0.36552781 0.27755257]	[0.07859937 0.         0.        ]   	[0.45384326 0.53053896 0.4652825 ]	[0.90278833 0.99026887 0.97913431]
30 	92   	[0.22841509 0.36042452 0.27891011]	[0.07859937 0.         0.        ]   	[0.45168457 0.51573944 0.48227382]	[0.90278833 0.99026887 0.97913431]
31 	92   	[0.23987245 0.36258733 0.28636908]	[0.07859937 0.         0.        ]   	[0.4547059  0.51998936 0.48150483]	[0.90278833 0.99026887 0.97913431]
32 	92   	[0.23758218 0.33740644 0.29232245]	[0. 0. 0.]                           	[0.46256591 0.55843792 0.46167126]	[0.90278833 0.9915831  0.97933845]
33 	92   	[0.22106581 0.31696174 0.27972837]	[0. 0. 0.]                           	[0.4359315  0.59841264 0.4935074 ]	[0.90278833 0.9915831  0.97933845]
34 	92   	[0.22505219 0.31608178 0.28985945]	[0. 0. 0.]                           	[0.44287052 0.57197652 0.51738566]	[0.90278833 0.9915831  0.97949321]
35 	92   	[0.22372445 0.30349771 0.2758291 ]	[0. 0. 0.]                           	[0.44498334 0.58129833 0.53236278]	[0.90278833 0.9915831  0.97949321]
36 	92   	[0.21734498 0.28658344 0.27120578]	[ 0.          0.         -0.06247769]	[0.4455354  0.60314071 0.53181074]	[0.90278833 0.9915831  0.97949321]
37 	92   	[0.23281792 0.28583155 0.2786371 ]	[ 0.          0.         -0.06247769]	[0.4600672  0.6029007  0.52756625]	[0.90278833 0.9915831  0.97949321]
38 	92   	[0.22922684 0.27445536 0.27802326]	[ 0.          0.         -0.06247769]	[0.4498425  0.62441483 0.53359118]	[0.90278833 0.9915831  0.97949321]
39 	92   	[0.24259756 0.28064755 0.28746003]	[ 0.          0.         -0.06247769]	[0.46522727 0.62165234 0.53961111]	[0.90278833 0.9915831  0.97949321]
40 	92   	[0.24576459 0.29315612 0.28712873]	[ 0.          0.         -0.06247769]	[0.46090488 0.61600829 0.54937145]	[0.90278833 0.9915831  0.97949321]
41 	92   	[0.25605568 0.28602595 0.30782259]	[ 0.          0.         -0.06351308]	[0.4778289  0.62183504 0.53413928]	[0.90278833 0.9915831  0.97949321]
42 	92   	[0.25692812 0.28586394 0.31080206]	[ 0.          0.         -0.06351308]	[0.52290599 0.60730622 0.50014355]	[0.90278833 0.9915831  0.97949321]
43 	92   	[0.25344349 0.2800247  0.29881483]	[ 0.          0.         -0.06351308]	[0.51924292 0.6252128  0.52171693]	[0.90278833 0.9915831  0.97949321]
44 	92   	[0.25523032 0.27332343 0.30229559]	[ 0.          0.         -0.06351308]	[0.51558858 0.65547203 0.51095194]	[0.90278833 0.9915831  0.97949321]
45 	92   	[0.2548383  0.29187272 0.28872742]	[ 0.          0.         -0.06351308]	[0.50655609 0.6481022  0.54697237]	[0.90278833 0.9915831  0.97949321]
46 	92   	[0.26063418 0.28494618 0.2818547 ]	[ 0.          0.         -0.06247769]	[0.51474333 0.65335558 0.54991238]	[0.90278833 0.9915831  0.97949321]
47 	92   	[0.25693406 0.29324515 0.27774674]	[ 0.          0.         -0.06247769]	[0.520017   0.65631924 0.56613756]	[0.90278833 0.9915831  0.97949321]
48 	92   	[0.2657209  0.28752318 0.2867067 ]	[ 0.          0.         -0.06247769]	[0.51617501 0.69359005 0.54996547]	[0.90278833 0.9915831  0.97949321]
49 	92   	[0.2701393  0.28197687 0.29880592]	[ 0.          0.         -0.06247769]	[0.56185337 0.62388935 0.51995981]	[0.90278833 0.9915831  0.97949321]
50 	92   	[0.26927932 0.27481594 0.29474126]	[ 0.          0.         -0.06247769]	[0.5525667  0.6394391  0.51230742]	[0.90278833 0.9915831  0.97949321]
51 	92   	[0.28048219 0.30284017 0.2983841 ]	[ 0.          0.         -0.06247769]	[0.58645652 0.63556819 0.50851061]	[0.90278833 0.9915831  0.97949321]
52 	92   	[0.28621348 0.3120189  0.29647704]	[ 0.          0.         -0.06247769]	[0.59907655 0.63927608 0.49998462]	[0.90278833 0.9915831  0.97949321]
53 	92   	[0.28433246 0.31330201 0.29846153]	[ 0.          0.         -0.06247769]	[0.60788313 0.62360382 0.50152317]	[0.90278833 0.9915831  0.97949321]
54 	92   	[0.28702762 0.31888872 0.29812529]	[0.         0.         0.06127099]   	[0.61643639 0.62155623 0.49370466]	[0.90307891 0.9915831  0.97949321]
55 	92   	[0.2826535  0.31943225 0.29701289]	[0.         0.         0.06162653]   	[0.61720887 0.6305862  0.4978689 ]	[0.90307891 0.9915831  0.97949321]
56 	92   	[0.2835171  0.32397801 0.30248608]	[0.         0.         0.06162653]   	[0.62752158 0.61462521 0.51377681]	[0.90307891 0.9915831  0.97949321]
57 	92   	[0.28049872 0.32635744 0.3024221 ]	[0.         0.         0.06162653]   	[0.63039122 0.60927735 0.51263948]	[0.90307891 0.9915831  0.97949321]
58 	92   	[0.27637072 0.32171522 0.29735018]	[0.         0.         0.06662982]   	[0.62448716 0.59765867 0.53055202]	[0.90307891 0.9915831  0.97949321]
59 	92   	[0.280738   0.32375123 0.30850088]	[0.         0.         0.06662982]   	[0.63230929 0.59237661 0.51674183]	[0.90307891 0.9915831  0.97949321]
60 	92   	[0.28167904 0.32138811 0.30848675]	[0.         0.         0.06662982]   	[0.62020842 0.58929757 0.54074024]	[0.90307891 0.9915831  0.97949321]
61 	92   	[0.28145624 0.32238267 0.31056142]	[0.         0.         0.06662982]   	[0.62112849 0.58054699 0.53906732]	[0.90307891 0.9915831  0.97949321]
62 	92   	[0.27826784 0.32430334 0.31087998]	[0.         0.         0.06662982]   	[0.61865515 0.57989063 0.55560731]	[0.90307891 0.9915831  0.97949321]
63 	92   	[0.27951861 0.32485151 0.30756512]	[0.         0.         0.06662982]   	[0.62182764 0.57853354 0.55874767]	[0.90307891 0.9915831  0.97949321]
64 	92   	[0.27889363 0.32373215 0.30589978]	[0.         0.         0.06662982]   	[0.6270482  0.59272076 0.54686894]	[0.90307891 0.9915831  0.97949321]
65 	92   	[0.28059014 0.31306403 0.31108235]	[0.         0.         0.06662982]   	[0.63109604 0.58932666 0.54517519]	[0.90307891 0.9915831  0.97949321]
66 	92   	[0.28048186 0.32116054 0.30890213]	[0.         0.         0.06686722]   	[0.63098362 0.57063523 0.55517454]	[0.90307891 0.9915831  0.97949321]
67 	92   	[0.27416319 0.32039426 0.31010493]	[0.         0.         0.06686722]   	[0.63724599 0.55615917 0.57053436]	[0.90307891 0.9915831  0.97949321]
68 	92   	[0.27337089 0.32132862 0.31159879]	[0.         0.         0.06686722]   	[0.63322912 0.55988638 0.55868125]	[0.90307891 0.9915831  0.97949321]
69 	92   	[0.27323869 0.32312559 0.31342184]	[0.         0.         0.06686722]   	[0.63464818 0.5555522  0.55638979]	[0.90307891 0.9915831  0.97949321]
70 	92   	[0.26745019 0.32748905 0.31105424]	[0.         0.         0.06686722]   	[0.63784959 0.55228713 0.56502575]	[0.90307891 0.9915831  0.97949321]
71 	92   	[0.27020513 0.32827773 0.31368046]	[0.         0.         0.06686722]   	[0.64482547 0.57329249 0.5458921 ]	[0.90307891 0.9915831  0.97949321]
72 	92   	[0.27146326 0.32886034 0.31178698]	[0.         0.         0.06686722]   	[0.63840975 0.57999545 0.54765828]	[0.90307891 0.9915831  0.97949321]
73 	92   	[0.27536667 0.32490731 0.3162819 ]	[0.         0.         0.06686722]   	[0.63562319 0.57606992 0.55427907]	[0.90307891 0.9915831  0.97949321]
74 	92   	[0.27122766 0.32637359 0.30964343]	[0.         0.         0.06686722]   	[0.61761596 0.55692892 0.58454671]	[0.90353508 0.9915831  0.97961268]
75 	92   	[0.27327122 0.32822542 0.29627269]	[0.         0.         0.07467784]   	[0.61391528 0.5391214  0.61225772]	[0.90353508 0.9915831  0.97961268]
76 	92   	[0.27476502 0.32959047 0.28670035]	[0.         0.         0.07467784]   	[0.60790382 0.54057774 0.62632769]	[0.90353508 0.9915831  0.97961268]
77 	92   	[0.27344232 0.32176075 0.28412464]	[0.         0.         0.07467784]   	[0.6038398  0.54157963 0.63221311]	[0.90353508 0.9915831  0.97961268]
78 	92   	[0.2696366  0.31990141 0.2905192 ]	[0.         0.         0.07131854]   	[0.60963148 0.54009026 0.64407813]	[0.90353508 0.9915831  0.97961268]
79 	92   	[0.26985441 0.31534571 0.28441917]	[0.         0.         0.07131854]   	[0.60375903 0.55541891 0.65656345]	[0.904883   0.9915831  0.97961268]
80 	92   	[0.27302812 0.31886146 0.29423061]	[0.         0.         0.07467784]   	[0.60556804 0.57789238 0.64349404]	[0.904883   0.9915831  0.97961268]
81 	92   	[0.27793644 0.31854577 0.28591034]	[0.         0.         0.07467784]   	[0.59830211 0.57369216 0.6673483 ]	[0.904883   0.9915831  0.97961268]
82 	92   	[0.276865   0.3240234  0.28729453]	[-0.00698426  0.          0.07467784]	[0.59416991 0.58266894 0.67292956]	[0.904883   0.9915831  0.97961268]
83 	92   	[0.27408383 0.32114031 0.28775781]	[-0.00698426  0.          0.07467784]	[0.60349319 0.57844333 0.67493402]	[0.904883   0.9915831  0.97961268]
84 	92   	[0.2735573  0.31443812 0.28780062]	[0.         0.         0.07467784]   	[0.61047699 0.57435468 0.66318405]	[0.904883   0.9915831  0.97961268]
85 	92   	[0.29970241 0.33604125 0.28643043]	[-0.05078873  0.          0.07467784]	[0.58252035 0.56189165 0.68444213]	[0.904883   0.9915831  0.97961268]
86 	92   	[0.2841575  0.33817642 0.28563869]	[-0.05078873  0.          0.        ]	[0.60461499 0.57152941 0.67883285]	[0.904883   0.9915831  0.97961268]
87 	92   	[0.29490316 0.33791973 0.27125445]	[-0.05078873  0.          0.07467784]	[0.60847718 0.60966737 0.64805142]	[0.904883   0.99057058 0.97949321]
88 	92   	[0.29809405 0.32861448 0.28814705]	[-0.05078873  0.          0.00188141]	[0.56949142 0.633932   0.60829821]	[0.904883   0.99057058 0.97949321]
89 	92   	[0.29269432 0.33237443 0.26820474]	[-0.05078873  0.          0.07467784]	[0.57945808 0.63552465 0.62173323]	[0.904883   0.99057058 0.97949321]
90 	92   	[0.28998825 0.34345055 0.27152282]	[-0.05078873  0.          0.07208085]	[0.56739721 0.63813902 0.63010904]	[0.904883   0.99057058 0.97949321]
91 	92   	[0.28803219 0.32870314 0.26784882]	[-0.05078873  0.          0.07467784]	[0.56328303 0.65695503 0.63227092]	[0.904883   0.99057058 0.97949321]
92 	92   	[0.28597631 0.32908993 0.26439934]	[-0.05078873  0.          0.07467784]	[0.55788429 0.66361228 0.63881692]	[0.904883   0.99057058 0.97949321]
93 	92   	[0.29001937 0.32720302 0.25959849]	[-0.05078873  0.          0.07467784]	[0.56636055 0.67089891 0.63970812]	[0.904883   0.99057058 0.97949321]
94 	92   	[0.2905356  0.32729887 0.26292309]	[-0.05078873  0.          0.07467784]	[0.57277242 0.67048135 0.63373287]	[0.904883   0.99057058 0.97949321]
95 	92   	[0.2885739  0.32719198 0.26174109]	[-0.05078873  0.          0.07467784]	[0.61008814 0.63995688 0.66242994]	[0.904883   0.99057058 0.97949321]
96 	92   	[0.30282954 0.32428531 0.26453993]	[-0.05078873  0.          0.07467784]	[0.59769195 0.65719675 0.66025108]	[0.904883   0.99057058 0.97949321]
97 	92   	[0.31760251 0.32059381 0.26821049]	[-0.05078873  0.          0.07467784]	[0.57459486 0.66342193 0.66384353]	[0.904883   0.99057058 0.97949321]
98 	92   	[0.31720808 0.3152195  0.2698479 ]	[-0.05078873  0.          0.07467784]	[0.57384844 0.67512662 0.64743138]	[0.904883   0.99057058 0.97949321]
99 	92   	[0.31898947 0.3133553  0.26789772]	[-0.05078873  0.          0.07467784]	[0.55960921 0.67482847 0.65734438]	[0.904883   0.99057058 0.97949321]
100	92   	[0.31663271 0.31835661 0.29683736]	[-0.05078873  0.          0.        ]	[0.54803548 0.67577869 0.6457311 ]	[0.904883   0.99057058 0.97949321]
101	92   	[0.31177936 0.32619978 0.28730261]	[-0.05078873  0.          0.07467784]	[0.54237664 0.67385094 0.65028479]	[0.904883   0.99057058 0.97949321]
102	92   	[0.3176721  0.32923666 0.28892048]	[-0.05078873  0.          0.07467784]	[0.53026098 0.68297976 0.64732305]	[0.904883   0.99057058 0.97949321]
103	92   	[0.3219467  0.32907877 0.2881464 ]	[-0.05078873  0.          0.07467784]	[0.53592398 0.67512898 0.65137868]	[0.904883   0.99057058 0.97949321]
104	92   	[0.31965892 0.3301892  0.29094915]	[-0.05078873  0.          0.07467784]	[0.54461527 0.68794709 0.63954046]	[0.904883   0.99057058 0.97949321]
105	92   	[0.26427995 0.33006383 0.29271875]	[0.07733355 0.         0.07467784]   	[0.60862033 0.66164564 0.61553517]	[0.904883   0.99057058 0.98024763]
106	92   	[0.26758209 0.32939362 0.29358387]	[0.07733355 0.         0.07467784]   	[0.60445634 0.67572333 0.60847881]	[0.904883   0.99057058 0.98024763]
107	92   	[0.26252324 0.33496104 0.31382153]	[0.07733355 0.         0.        ]   	[0.62404774 0.62743992 0.60232428]	[0.904883   0.99057058 0.98024763]
108	92   	[0.26387657 0.32132929 0.31275688]	[0.07733355 0.         0.        ]   	[0.61692669 0.64943474 0.59799653]	[0.904883   0.99057058 0.98024763]
109	92   	[0.26214249 0.31597149 0.30808479]	[0.07733355 0.         0.        ]   	[0.61287899 0.65088347 0.61407421]	[0.904883   0.99057058 0.98024763]
110	92   	[0.26356163 0.31532524 0.31222878]	[0.07733355 0.         0.        ]   	[0.61719163 0.652062   0.60491806]	[0.904883   0.99057058 0.97949321]
111	92   	[0.26582999 0.31759303 0.31475101]	[0.07733355 0.         0.        ]   	[0.60915784 0.65310326 0.61781077]	[0.904883   0.99057058 0.97949321]
112	92   	[0.2657888  0.31216199 0.32229796]	[0.07733355 0.         0.        ]   	[0.6092124  0.66290136 0.61304837]	[0.904883   0.99057058 0.97949321]
113	92   	[0.26422158 0.31686508 0.33191726]	[0.07733355 0.         0.        ]   	[0.60496318 0.65957529 0.61174242]	[0.904883   0.99057058 0.97949321]
114	92   	[0.25939324 0.32099402 0.32866387]	[0.07733355 0.         0.        ]   	[0.61688022 0.64999756 0.61676906]	[0.904883   0.99057058 0.97949321]
115	92   	[0.25945606 0.32143023 0.32150901]	[0.07733355 0.         0.        ]   	[0.63355813 0.64466813 0.59824529]	[0.904883   0.99057058 0.97949321]
116	92   	[0.25442999 0.33834868 0.32007916]	[0.07733355 0.         0.        ]   	[0.63913682 0.61417587 0.61192774]	[0.904883   0.99057058 0.97949321]
117	92   	[0.2467271  0.32773836 0.32198683]	[0.07733355 0.         0.        ]   	[0.64063974 0.63672501 0.61654299]	[0.904883   0.99057058 0.9793938 ]
118	92   	[0.25002487 0.33823241 0.31887441]	[0.07733355 0.         0.        ]   	[0.64296255 0.62300824 0.60517389]	[0.904883   0.99057058 0.9793938 ]
119	92   	[0.24785985 0.33538647 0.32985488]	[0.07733355 0.         0.        ]   	[0.63442513 0.63733926 0.60030444]	[0.904883   0.99057058 0.9793938 ]
120	92   	[0.2477978  0.33582722 0.32123296]	[0.07733355 0.         0.        ]   	[0.64536529 0.61692231 0.60224778]	[0.904883   0.99057058 0.9793938 ]
121	92   	[0.2501524  0.34498584 0.32225722]	[0.07733355 0.         0.        ]   	[0.64289758 0.61996839 0.59409963]	[0.904883   0.99057058 0.9793938 ]
122	92   	[0.2471202  0.33458866 0.32420696]	[0.07733355 0.         0.        ]   	[0.62343661 0.64811283 0.60663865]	[0.904883   0.99057058 0.9802258 ]
123	92   	[0.24830555 0.32906704 0.31810731]	[0.07733355 0.         0.        ]   	[0.62251328 0.65957538 0.60277021]	[0.90353508 0.99057058 0.9802258 ]
124	92   	[0.24432709 0.33325556 0.32286752]	[0.07733355 0.         0.        ]   	[0.6089409  0.653497   0.60625896]	[0.90353508 0.99057058 0.9802258 ]
125	92   	[0.25614695 0.33307516 0.3212564 ]	[0.07733355 0.         0.        ]   	[0.60284468 0.66650405 0.60527152]	[0.90353508 0.99057058 0.9802258 ]
126	92   	[0.23871896 0.33462617 0.33957631]	[0.07733355 0.         0.        ]   	[0.63880931 0.62599526 0.63287112]	[0.90353508 0.99057058 0.9802258 ]
127	92   	[0.23871659 0.3342071  0.33437428]	[0.07733355 0.         0.06802088]   	[0.63312811 0.65049608 0.6054664 ]	[0.90353508 0.99057058 0.9802258 ]
128	92   	[0.23661202 0.33426042 0.33248241]	[0.07733355 0.         0.06802088]   	[0.64568435 0.64437837 0.61649225]	[0.90353508 0.99057058 0.9802258 ]
129	92   	[0.24411009 0.33113047 0.33584842]	[0.07733355 0.         0.06802088]   	[0.64564918 0.64840605 0.5948264 ]	[0.90353508 0.99057058 0.9802258 ]
130	92   	[0.24213368 0.32686574 0.33617783]	[0.07733355 0.         0.06802088]   	[0.66282395 0.64298567 0.58219891]	[0.90353508 0.99057058 0.9802258 ]
131	92   	[0.24071774 0.3281814  0.33311606]	[0.07733355 0.         0.07467784]   	[0.66834043 0.6466444  0.57727404]	[0.90353508 0.99057058 0.9802258 ]
132	92   	[0.24266707 0.31998255 0.33736286]	[0.07733355 0.         0.07467784]   	[0.66154006 0.66178885 0.56923467]	[0.90353508 0.99057058 0.9802258 ]
133	92   	[0.24383158 0.3288781  0.33624085]	[0.07733355 0.         0.07467784]   	[0.65618984 0.64653361 0.57991067]	[0.90353508 0.99057058 0.9802258 ]
134	92   	[0.24911974 0.32618964 0.33665852]	[0.07733355 0.         0.07467784]   	[0.66262353 0.64269996 0.56833647]	[0.90353508 0.99057058 0.9802258 ]
135	92   	[0.2494336  0.32769469 0.32849341]	[0.07733355 0.         0.07101115]   	[0.6362129  0.62878566 0.59316745]	[0.90353508 0.99057058 0.9802258 ]
136	92   	[0.26071403 0.32917522 0.31850663]	[0.07733355 0.         0.07101115]   	[0.60081941 0.67450531 0.60028282]	[0.90353508 0.99057058 0.9802258 ]
137	92   	[0.2624259  0.32854325 0.3265395 ]	[0.07733355 0.         0.07101115]   	[0.60520593 0.6672776  0.58753302]	[0.90353508 0.99057058 0.9802258 ]
138	92   	[0.26421539 0.32608926 0.32666022]	[0.07733355 0.         0.07101115]   	[0.60285393 0.67857888 0.5790648 ]	[0.90353508 0.99057058 0.9802258 ]
139	92   	[0.26233559 0.3340446  0.33053597]	[0.07733355 0.         0.        ]   	[0.61058978 0.65739441 0.57801992]	[0.903677   0.99057058 0.9802258 ]
140	92   	[0.26546492 0.3305935  0.33282041]	[0.07733355 0.         0.        ]   	[0.61369171 0.66518336 0.55981351]	[0.903677   0.99057058 0.9802258 ]
141	92   	[0.26532805 0.33157841 0.33145028]	[0.07733355 0.         0.        ]   	[0.61909484 0.65738266 0.55963806]	[0.903677   0.99057058 0.9802258 ]
142	92   	[0.26211707 0.33051962 0.33217431]	[0.07733355 0.         0.        ]   	[0.61705673 0.65992815 0.56422379]	[0.903677   0.99057058 0.9802258 ]
143	92   	[0.26254261 0.32113667 0.33494765]	[0.07733355 0.14943728 0.        ]   	[0.61044803 0.66771225 0.56088826]	[0.903677   0.99057058 0.9802258 ]
144	92   	[0.25326202 0.32729153 0.33959458]	[0.07733355 0.         0.07101115]   	[0.63709899 0.64093717 0.55300661]	[0.90353508 0.99057058 0.9840206 ]
145	92   	[0.26180486 0.3314738  0.34023844]	[-0.05408154  0.          0.07101115]	[0.63625865 0.63365197 0.5521398 ]	[0.90353508 0.99057058 0.9840206 ]
146	92   	[0.25604321 0.32390725 0.34126406]	[-0.05408154  0.          0.07101115]	[0.6409865  0.63076061 0.55669686]	[0.90353508 0.99057058 0.9840206 ]
147	92   	[0.26196155 0.3244659  0.34315782]	[-0.05408154  0.14943728  0.07101115]	[0.6354055  0.64189918 0.54629431]	[0.90353508 0.99057058 0.9802258 ]
148	92   	[0.25730774 0.33659963 0.33607795]	[-0.05408154  0.          0.07101115]	[0.64427656 0.6324065  0.53203726]	[0.90353508 0.99057058 0.9802258 ]
149	92   	[0.2587194  0.32558068 0.3340459 ]	[-0.05408154  0.14943728  0.07101115]	[0.66289272 0.64792108 0.49667741]	[0.90353508 0.99057058 0.9802258 ]
[2, 1, 1, 4, 5, 7, 4, 10, 7, 4, 4, 8, 1, 10, 9, 5, 1, 4, 7, 2, 10, 4, 4, 6, 7, 5, 4, 9, 6, 4, 1, 2, 5, 1, 9, 8, 6, 3, 8, 7, 10, 10, 5, 7, 5, 4, 8, 3, 3, 7, 10, 6, 10, 9, 4, 8, 3, 3, 3, 3, 9, 1]
(0.9035350776296404, 0.27541778115555376, 0.0746778352909833)
[2, 1, 1, 4, 5, 7, 4, 10, 7, 4, 4, 8, 1, 10, 9, 5, 1, 4, 7, 2, 10, 4, 4, 6, 7, 5, 4, 9, 6, 4, 1, 2, 5, 1, 9, 8, 6, 3, 8, 7, 10, 10, 5, 7, 5, 4, 8, 3, 3, 7, 10, 6, 10, 9, 4, 8, 3, 3, 3, 3, 9, 1]
(0.9035350776296404, 0.27541778115555376, 0.0746778352909833)
[2, 1, 1, 4, 5, 7, 4, 10, 7, 4, 4, 8, 1, 10, 9, 5, 1, 4, 7, 2, 10, 4, 4, 6, 7, 5, 4, 9, 6, 4, 1, 2, 5, 1, 9, 8, 6, 3, 8, 7, 10, 10, 5, 7, 5, 4, 8, 3, 3, 7, 10, 6, 10, 9, 4, 8, 3, 3, 3, 3, 9, 1]
(0.9035350776296404, 0.27541778115555376, 0.0746778352909833)
[2, 1, 1, 4, 5, 7, 4, 10, 7, 4, 4, 8, 1, 10, 9, 5, 1, 4, 7, 2, 10, 4, 4, 6, 7, 5, 4, 9, 6, 4, 1, 2, 5, 1, 9, 8, 6, 3, 8, 7, 10, 10, 5, 7, 5, 4, 8, 3, 3, 7, 10, 6, 10, 9, 4, 8, 3, 3, 3, 3, 9, 1]
(0.9035350776296404, 0.27541778115555376, 0.0746778352909833)
[2, 1, 1, 4, 5, 7, 4, 10, 7, 4, 4, 8, 1, 10, 9, 5, 1, 4, 7, 2, 10, 4, 4, 6, 7, 5, 4, 9, 6, 4, 1, 2, 5, 1, 9, 8, 6, 3, 8, 7, 10, 10, 5, 7, 5, 4, 8, 3, 3, 7, 10, 6, 10, 9, 4, 8, 3, 3, 3, 3, 9, 1]
(0.9035350776296404, 0.27541778115555376, 0.0746778352909833)
[2, 1, 1, 4, 5, 7, 4, 10, 7, 4, 4, 8, 1, 10, 9, 5, 1, 4, 7, 2, 10, 4, 4, 6, 7, 5, 4, 9, 6, 4, 1, 2, 5, 1, 9, 8, 6, 3, 8, 7, 10, 10, 5, 7, 5, 4, 8, 3, 3, 7, 10, 6, 10, 9, 4, 8, 3, 3, 3, 3, 9, 1]
(0.9035350776296404, 0.27541778115555376, 0.0746778352909833)
[2, 1, 1, 4, 5, 7, 4, 10, 7, 4, 4, 8, 8, 10, 9, 5, 1, 4, 7, 2, 10, 4, 4, 6, 7, 5, 7, 8, 10, 7, 3, 2, 5, 2, 9, 6, 10, 3, 8, 7, 10, 10, 8, 7, 5, 4, 8, 3, 3, 7, 10, 6, 10, 9, 4, 8, 3, 3, 3, 3, 9, 1]
(0.902844225741419, 0.20072613008102624, 0.2213384714095345)
[2, 1, 1, 4, 5, 7, 4, 10, 7, 4, 4, 8, 8, 10, 9, 5, 1, 4, 7, 2, 10, 4, 4, 6, 7, 5, 7, 8, 10, 7, 3, 2, 5, 2, 9, 6, 10, 3, 8, 7, 10, 10, 8, 7, 5, 4, 8, 3, 3, 7, 10, 6, 10, 9, 4, 8, 3, 3, 3, 3, 9, 1]
(0.902844225741419, 0.20072613008102624, 0.2213384714095345)
[2, 1, 1, 4, 5, 7, 4, 10, 7, 4, 4, 8, 8, 10, 9, 5, 1, 4, 7, 2, 10, 4, 4, 6, 7, 5, 7, 8, 10, 7, 3, 2, 5, 2, 9, 6, 10, 3, 8, 7, 10, 10, 8, 7, 5, 4, 8, 3, 3, 7, 10, 6, 10, 9, 4, 8, 3, 3, 3, 3, 9, 1]
(0.902844225741419, 0.20072613008102624, 0.2213384714095345)
[2, 1, 1, 4, 5, 7, 4, 10, 7, 4, 4, 8, 8, 10, 9, 5, 1, 4, 7, 2, 10, 4, 4, 6, 7, 5, 7, 8, 10, 7, 3, 2, 5, 2, 9, 6, 10, 3, 8, 7, 10, 10, 8, 7, 5, 4, 8, 3, 3, 7, 10, 6, 10, 9, 4, 8, 3, 3, 3, 3, 9, 1]
(0.902844225741419, 0.20072613008102624, 0.2213384714095345)
[2, 1, 1, 4, 5, 7, 4, 10, 7, 4, 4, 8, 8, 10, 9, 5, 1, 4, 7, 2, 10, 4, 4, 6, 7, 5, 7, 8, 10, 7, 3, 2, 5, 2, 9, 6, 10, 3, 8, 7, 10, 10, 8, 7, 5, 4, 8, 3, 3, 7, 10, 6, 10, 9, 4, 8, 3, 3, 3, 3, 9, 1]
(0.902844225741419, 0.20072613008102624, 0.2213384714095345)
[2, 1, 1, 4, 5, 7, 4, 10, 7, 4, 4, 8, 8, 10, 9, 5, 1, 4, 7, 2, 10, 4, 4, 6, 7, 5, 7, 8, 10, 7, 3, 2, 5, 2, 9, 6, 10, 3, 8, 7, 10, 10, 8, 7, 5, 4, 8, 3, 3, 7, 10, 6, 10, 9, 4, 8, 3, 3, 3, 3, 9, 1]
(0.902844225741419, 0.20072613008102624, 0.2213384714095345)
[6, 4, 10, 7, 3, 8, 7, 3, 6, 1, 6, 8, 3, 6, 2, 2, 5, 8, 8, 2, 5, 6, 2, 2, 4, 8, 1, 9, 6, 6, 8, 10, 3, 8, 1, 1, 10, 3, 5, 10, 6, 10, 6, 7, 1, 4, 8, 7, 1, 8, 8, 6, 7, 9, 3, 4, 1, 5, 6, 5, 10, 1]
(0.2942451717739846, 0.9887002564035332, 0.24114367846392903)
[6, 4, 10, 7, 3, 8, 7, 3, 6, 1, 6, 8, 3, 6, 2, 2, 5, 8, 8, 2, 5, 6, 2, 2, 4, 8, 1, 9, 6, 6, 8, 10, 3, 8, 1, 1, 10, 3, 5, 10, 6, 10, 6, 7, 1, 4, 8, 7, 1, 8, 8, 6, 7, 9, 3, 4, 1, 5, 6, 5, 10, 1]
(0.2942451717739846, 0.9887002564035332, 0.24114367846392903)
[6, 4, 10, 7, 3, 8, 7, 3, 6, 1, 6, 8, 3, 6, 2, 2, 5, 8, 8, 2, 5, 6, 2, 2, 4, 8, 1, 9, 6, 6, 8, 10, 3, 8, 1, 1, 8, 4, 5, 10, 6, 10, 6, 7, 1, 4, 8, 7, 1, 8, 8, 6, 7, 9, 3, 4, 1, 5, 6, 5, 10, 1]
(0.2941802870721531, 0.9905705767683661, 0.24210830725037635)
[6, 4, 10, 7, 3, 8, 7, 3, 6, 1, 6, 8, 3, 6, 2, 2, 5, 8, 8, 2, 5, 6, 2, 2, 4, 8, 1, 9, 6, 6, 8, 10, 3, 8, 1, 1, 8, 4, 5, 10, 6, 10, 6, 7, 1, 4, 8, 7, 1, 8, 8, 6, 7, 9, 3, 4, 1, 5, 6, 5, 10, 1]
(0.2941802870721531, 0.9905705767683661, 0.24210830725037635)
[6, 4, 10, 7, 3, 8, 7, 3, 6, 1, 6, 8, 3, 6, 2, 2, 5, 8, 8, 2, 5, 6, 2, 2, 4, 8, 1, 9, 6, 6, 8, 10, 3, 8, 1, 1, 8, 4, 5, 10, 6, 10, 6, 7, 1, 4, 8, 7, 1, 8, 8, 6, 7, 9, 3, 4, 1, 5, 6, 5, 10, 1]
(0.2941802870721531, 0.9905705767683661, 0.24210830725037635)
[6, 8, 4, 5, 5, 5, 8, 1, 7, 7, 8, 1, 5, 1, 10, 4, 4, 4, 8, 10, 6, 1, 10, 10, 5, 10, 9, 6, 8, 7, 3, 4, 5, 4, 2, 9, 10, 5, 8, 1, 2, 3, 2, 10, 6, 5, 8, 10, 4, 4, 9, 1, 7, 2, 2, 2, 1, 5, 3, 5, 10, 7]
(-0.054081537531909085, 0.6178499745515471, 0.9797968504970809)
[1, 1, 8, 3, 5, 10, 6, 6, 1, 5, 8, 6, 9, 10, 8, 2, 4, 6, 7, 9, 1, 1, 10, 10, 8, 10, 10, 8, 10, 7, 3, 2, 5, 2, 9, 3, 10, 3, 1, 8, 10, 7, 7, 7, 8, 5, 9, 10, 4, 7, 9, 4, 2, 10, 4, 5, 10, 8, 5, 1, 6, 1]
(0.9027560770694094, 0.23080653075212168, 0.4489788332648847)
[1, 1, 8, 3, 5, 10, 4, 6, 1, 5, 8, 6, 9, 10, 1, 2, 4, 6, 7, 9, 1, 1, 4, 10, 8, 10, 10, 8, 10, 7, 3, 2, 3, 2, 9, 6, 10, 3, 1, 8, 10, 7, 7, 10, 6, 5, 9, 10, 4, 9, 9, 4, 1, 10, 4, 5, 10, 8, 5, 1, 6, 1]
(0.8995741492350281, 0.232386732344696, 0.5023565037530479)
[1, 1, 8, 3, 5, 10, 4, 6, 1, 5, 8, 6, 9, 10, 1, 2, 4, 6, 7, 9, 1, 1, 4, 10, 8, 10, 10, 8, 10, 7, 3, 2, 3, 2, 9, 6, 10, 3, 1, 8, 10, 7, 7, 10, 6, 5, 9, 10, 4, 9, 9, 4, 1, 10, 4, 5, 10, 8, 5, 1, 6, 1]
(0.8995741492350281, 0.232386732344696, 0.5023565037530479)
[1, 1, 8, 3, 5, 10, 4, 6, 1, 5, 8, 6, 9, 10, 1, 2, 4, 6, 7, 9, 1, 1, 4, 10, 8, 10, 10, 8, 10, 7, 3, 2, 3, 2, 9, 6, 10, 3, 1, 8, 10, 7, 7, 10, 6, 5, 9, 10, 4, 9, 9, 4, 1, 10, 4, 5, 10, 8, 5, 1, 6, 1]
(0.8995741492350281, 0.232386732344696, 0.5023565037530479)
[1, 1, 8, 3, 5, 10, 4, 6, 1, 5, 8, 6, 9, 10, 1, 2, 4, 6, 7, 9, 1, 1, 4, 10, 8, 10, 10, 8, 10, 7, 3, 2, 3, 2, 9, 6, 10, 3, 1, 8, 10, 7, 7, 10, 6, 5, 9, 10, 4, 9, 9, 4, 1, 10, 4, 5, 10, 8, 5, 1, 6, 1]
(0.8995741492350281, 0.232386732344696, 0.5023565037530479)
[5, 10, 4, 8, 5, 5, 8, 5, 7, 7, 8, 1, 8, 1, 10, 10, 2, 4, 9, 10, 8, 2, 9, 10, 5, 10, 9, 8, 10, 7, 3, 7, 5, 4, 2, 8, 10, 5, 8, 1, 7, 1, 2, 7, 6, 5, 8, 10, 2, 3, 6, 3, 7, 3, 2, 2, 1, 5, 3, 5, 10, 7]
(0.5110074609840992, 0.1494372840039407, 0.976586230876724)
[5, 10, 4, 8, 5, 5, 8, 5, 7, 7, 8, 1, 8, 1, 10, 10, 2, 4, 9, 10, 8, 2, 9, 10, 5, 10, 9, 8, 10, 7, 3, 7, 5, 4, 2, 8, 10, 5, 8, 1, 7, 1, 2, 7, 6, 5, 8, 10, 2, 3, 6, 3, 7, 3, 2, 2, 1, 5, 3, 5, 10, 7]
(0.5110074609840992, 0.1494372840039407, 0.976586230876724)
[5, 10, 4, 8, 5, 5, 8, 5, 7, 7, 8, 1, 8, 1, 10, 10, 2, 4, 9, 10, 8, 2, 9, 10, 5, 10, 9, 8, 10, 7, 3, 7, 5, 4, 2, 8, 10, 5, 8, 1, 7, 1, 2, 7, 6, 5, 8, 10, 2, 3, 6, 3, 7, 3, 2, 2, 1, 5, 3, 5, 10, 7]
(0.5110074609840992, 0.1494372840039407, 0.976586230876724)
[5, 10, 4, 8, 5, 5, 8, 5, 7, 7, 8, 1, 8, 1, 10, 10, 2, 4, 9, 10, 8, 2, 9, 10, 5, 10, 9, 8, 10, 7, 3, 7, 5, 4, 2, 8, 10, 5, 8, 1, 7, 1, 2, 7, 6, 5, 8, 10, 2, 3, 6, 3, 7, 3, 2, 2, 1, 5, 3, 5, 10, 7]
(0.5110074609840992, 0.1494372840039407, 0.976586230876724)
[5, 10, 4, 8, 5, 5, 8, 5, 7, 7, 8, 1, 8, 1, 10, 10, 2, 4, 9, 10, 8, 2, 9, 10, 5, 10, 9, 8, 10, 7, 3, 7, 5, 4, 2, 8, 10, 5, 8, 1, 7, 1, 2, 7, 6, 5, 8, 10, 2, 3, 6, 3, 7, 3, 2, 2, 1, 5, 3, 5, 10, 7]
(0.5110074609840992, 0.1494372840039407, 0.976586230876724)
[5, 10, 4, 8, 5, 5, 8, 5, 7, 7, 8, 1, 8, 1, 10, 10, 2, 4, 9, 10, 8, 2, 9, 10, 5, 10, 9, 8, 10, 7, 3, 7, 5, 4, 2, 8, 10, 5, 8, 1, 7, 1, 2, 7, 6, 5, 8, 10, 2, 3, 6, 3, 7, 3, 2, 2, 1, 5, 3, 5, 10, 7]
(0.5110074609840992, 0.1494372840039407, 0.976586230876724)
[2, 1, 1, 4, 5, 7, 4, 10, 7, 4, 4, 9, 8, 10, 9, 5, 1, 4, 7, 10, 10, 4, 4, 6, 7, 5, 7, 8, 6, 4, 1, 3, 5, 1, 9, 8, 6, 3, 8, 7, 10, 3, 8, 7, 5, 4, 8, 3, 3, 7, 10, 6, 10, 9, 4, 8, 3, 3, 3, 2, 9, 1]
(0.901790424343513, 0.6870535491965754, 0.07599057643292356)
[2, 1, 1, 4, 5, 7, 4, 10, 7, 4, 4, 9, 8, 10, 9, 5, 1, 4, 7, 10, 10, 4, 4, 6, 7, 5, 7, 8, 6, 4, 1, 3, 5, 1, 9, 8, 6, 3, 8, 7, 10, 3, 8, 7, 5, 4, 8, 3, 3, 7, 10, 6, 10, 9, 4, 8, 3, 3, 3, 2, 9, 1]
(0.901790424343513, 0.6870535491965754, 0.07599057643292356)
[6, 4, 10, 7, 6, 8, 10, 3, 2, 9, 3, 7, 8, 3, 5, 5, 4, 2, 2, 2, 7, 1, 10, 3, 5, 10, 5, 6, 5, 9, 3, 3, 6, 8, 1, 3, 8, 4, 5, 10, 6, 6, 6, 7, 3, 4, 8, 7, 2, 8, 8, 6, 7, 9, 3, 4, 1, 5, 6, 5, 10, 1]
(0.2933251661711025, 0.9902688668109453, 0.400411733500396)
[6, 4, 10, 7, 6, 8, 10, 3, 2, 9, 3, 7, 8, 3, 5, 5, 4, 2, 2, 2, 7, 1, 10, 3, 5, 10, 5, 6, 5, 9, 3, 3, 6, 8, 1, 3, 8, 4, 5, 10, 6, 6, 6, 7, 3, 4, 8, 7, 2, 8, 8, 6, 7, 9, 3, 4, 1, 5, 6, 5, 10, 1]
(0.2933251661711025, 0.9902688668109453, 0.400411733500396)
[6, 4, 10, 7, 6, 8, 10, 3, 2, 9, 3, 7, 8, 3, 5, 5, 4, 2, 2, 2, 7, 1, 10, 3, 5, 10, 5, 6, 5, 9, 3, 3, 6, 8, 1, 3, 8, 4, 5, 10, 6, 6, 6, 7, 3, 4, 8, 7, 2, 8, 8, 6, 7, 9, 3, 4, 1, 5, 6, 5, 10, 1]
(0.2933251661711025, 0.9902688668109453, 0.400411733500396)
[6, 4, 10, 7, 6, 8, 10, 3, 2, 9, 3, 7, 8, 3, 5, 5, 4, 2, 2, 2, 7, 1, 10, 3, 5, 10, 5, 6, 5, 9, 3, 3, 6, 8, 1, 3, 8, 4, 5, 10, 6, 6, 6, 7, 3, 4, 8, 7, 2, 8, 8, 6, 7, 9, 3, 4, 1, 5, 6, 5, 10, 1]
(0.2933251661711025, 0.9902688668109453, 0.400411733500396)
[6, 4, 10, 7, 6, 8, 10, 3, 2, 9, 3, 7, 8, 3, 5, 5, 4, 2, 2, 2, 7, 1, 10, 3, 5, 10, 5, 6, 5, 9, 3, 3, 6, 8, 1, 3, 8, 4, 5, 10, 6, 6, 6, 7, 3, 4, 8, 7, 2, 8, 8, 6, 7, 9, 3, 4, 1, 5, 6, 5, 10, 1]
(0.2933251661711025, 0.9902688668109453, 0.400411733500396)
[6, 4, 10, 7, 6, 8, 10, 3, 2, 9, 3, 7, 8, 3, 5, 5, 4, 2, 2, 2, 7, 1, 10, 3, 5, 10, 5, 6, 5, 9, 3, 3, 6, 8, 1, 3, 8, 4, 5, 10, 6, 6, 6, 7, 3, 4, 8, 7, 2, 8, 8, 6, 7, 9, 3, 4, 1, 5, 6, 5, 10, 1]
(0.2933251661711025, 0.9902688668109453, 0.400411733500396)
[5, 10, 3, 5, 5, 5, 5, 5, 5, 7, 8, 1, 8, 1, 10, 10, 4, 4, 7, 10, 7, 1, 10, 10, 3, 7, 9, 6, 8, 7, 3, 3, 5, 4, 2, 8, 10, 5, 8, 1, 6, 6, 4, 7, 8, 5, 9, 10, 4, 7, 9, 3, 7, 8, 2, 2, 1, 5, 3, 5, 10, 7]
(0.5094890135676532, 0.977899291831998, 0.2417267674750547)
[5, 10, 3, 5, 5, 5, 5, 5, 5, 7, 8, 1, 8, 1, 10, 10, 4, 4, 7, 10, 7, 1, 10, 10, 3, 7, 9, 6, 8, 7, 3, 3, 5, 4, 2, 8, 10, 5, 8, 1, 6, 6, 4, 7, 8, 5, 9, 10, 4, 7, 9, 3, 7, 8, 2, 2, 1, 5, 3, 5, 10, 7]
(0.5094890135676532, 0.977899291831998, 0.2417267674750547)
[5, 10, 3, 5, 5, 5, 5, 5, 5, 7, 8, 1, 8, 1, 10, 10, 4, 4, 7, 10, 7, 1, 10, 10, 3, 7, 9, 6, 8, 7, 3, 3, 5, 4, 2, 8, 10, 5, 8, 1, 6, 6, 4, 7, 8, 5, 9, 10, 4, 7, 9, 3, 7, 8, 2, 2, 1, 5, 3, 5, 10, 7]
(0.5094890135676532, 0.977899291831998, 0.2417267674750547)
[5, 10, 3, 5, 5, 5, 5, 5, 5, 7, 8, 1, 8, 1, 10, 10, 4, 4, 7, 10, 7, 1, 10, 10, 3, 7, 9, 6, 8, 7, 3, 3, 5, 4, 2, 8, 10, 5, 8, 1, 6, 6, 4, 7, 8, 5, 9, 10, 4, 7, 9, 3, 7, 8, 2, 2, 1, 5, 3, 5, 10, 7]
(0.5094890135676532, 0.977899291831998, 0.2417267674750547)
[5, 10, 3, 5, 5, 8, 5, 5, 5, 7, 8, 1, 8, 1, 10, 10, 4, 4, 7, 10, 7, 1, 10, 10, 3, 7, 9, 6, 8, 9, 3, 3, 5, 4, 2, 8, 10, 5, 8, 1, 6, 3, 4, 7, 6, 5, 8, 1, 2, 3, 9, 3, 7, 8, 2, 2, 1, 5, 3, 5, 10, 7]
(0.5122069024455909, 0.9805649104528109, 0.24075455948970098)
[5, 10, 3, 5, 5, 8, 5, 5, 5, 7, 8, 1, 8, 1, 10, 10, 4, 4, 7, 10, 7, 1, 10, 10, 3, 7, 9, 6, 8, 9, 3, 3, 5, 4, 2, 8, 10, 5, 8, 1, 6, 3, 4, 7, 6, 5, 8, 1, 2, 3, 9, 3, 7, 8, 2, 2, 1, 5, 3, 5, 10, 7]
(0.5122069024455909, 0.9805649104528109, 0.24075455948970098)
[2, 1, 1, 4, 5, 7, 4, 2, 7, 4, 4, 8, 1, 10, 9, 10, 1, 4, 7, 2, 10, 4, 4, 6, 7, 5, 4, 9, 5, 4, 1, 2, 5, 2, 9, 6, 10, 3, 4, 7, 10, 10, 8, 7, 5, 4, 8, 3, 3, 4, 10, 6, 10, 9, 4, 8, 3, 3, 3, 3, 9, 1]
(0.9021684135470207, 0.6473840883933036, 0.19960920600371346)
[2, 1, 1, 4, 5, 7, 4, 2, 7, 4, 4, 8, 1, 10, 9, 10, 1, 4, 7, 2, 10, 4, 4, 6, 7, 5, 4, 9, 5, 4, 1, 2, 5, 2, 9, 6, 10, 3, 4, 7, 10, 10, 8, 7, 5, 4, 8, 3, 3, 4, 10, 6, 10, 9, 4, 8, 3, 3, 3, 3, 9, 1]
(0.9021684135470207, 0.6473840883933036, 0.19960920600371346)
[2, 1, 1, 4, 5, 7, 4, 2, 7, 4, 4, 8, 1, 10, 9, 10, 1, 4, 7, 2, 10, 4, 4, 6, 7, 5, 4, 9, 5, 4, 1, 2, 5, 2, 9, 6, 10, 3, 4, 7, 10, 10, 8, 7, 5, 4, 8, 3, 3, 4, 10, 6, 10, 9, 4, 8, 3, 3, 3, 3, 9, 1]
(0.9021684135470207, 0.6473840883933036, 0.19960920600371346)
[2, 1, 1, 4, 5, 7, 4, 2, 7, 4, 4, 8, 1, 10, 9, 10, 1, 4, 7, 2, 10, 4, 4, 6, 7, 5, 4, 9, 5, 4, 1, 2, 5, 2, 9, 6, 10, 3, 4, 7, 10, 10, 8, 7, 5, 4, 8, 3, 3, 4, 10, 6, 10, 9, 4, 8, 3, 3, 3, 3, 9, 1]
(0.9021684135470207, 0.6473840883933036, 0.19960920600371346)
[2, 2, 1, 4, 5, 7, 4, 10, 2, 4, 1, 8, 9, 9, 5, 5, 1, 4, 7, 2, 10, 8, 2, 6, 7, 5, 4, 9, 6, 4, 1, 2, 3, 1, 9, 8, 10, 10, 8, 8, 10, 10, 4, 6, 5, 3, 7, 3, 10, 8, 10, 6, 10, 9, 4, 8, 3, 3, 3, 3, 8, 1]
(0.9010087551059477, 0.5738969446711782, 0.2770674772651363)
[1, 10, 5, 3, 4, 10, 5, 6, 1, 5, 8, 6, 6, 10, 8, 2, 4, 6, 7, 9, 8, 1, 10, 10, 8, 10, 10, 8, 10, 7, 3, 2, 5, 2, 9, 6, 10, 3, 1, 8, 10, 7, 7, 7, 3, 5, 9, 10, 4, 9, 9, 4, 1, 10, 4, 5, 10, 8, 5, 1, 6, 1]
(0.9014802170765404, 0.2277419668372106, 0.6671022158648273)
[1, 10, 5, 3, 4, 10, 5, 6, 1, 5, 8, 6, 6, 10, 8, 2, 4, 6, 7, 9, 8, 1, 10, 10, 8, 10, 10, 8, 10, 7, 3, 2, 5, 2, 9, 6, 10, 3, 1, 8, 10, 7, 7, 7, 3, 5, 9, 10, 4, 9, 9, 4, 1, 10, 4, 5, 10, 8, 5, 1, 6, 1]
(0.9014802170765404, 0.2277419668372106, 0.6671022158648273)
[1, 10, 5, 3, 4, 10, 5, 6, 1, 5, 8, 6, 6, 10, 8, 2, 4, 6, 7, 9, 8, 1, 10, 10, 8, 10, 10, 8, 10, 7, 3, 2, 5, 2, 9, 6, 10, 3, 1, 8, 10, 7, 7, 7, 3, 5, 9, 10, 4, 9, 9, 4, 1, 10, 4, 5, 10, 8, 5, 1, 6, 1]
(0.9014802170765404, 0.2277419668372106, 0.6671022158648273)
[1, 10, 5, 3, 4, 10, 5, 6, 1, 5, 8, 6, 6, 10, 8, 2, 4, 6, 7, 9, 8, 1, 10, 10, 8, 10, 10, 8, 10, 7, 3, 2, 5, 2, 9, 6, 10, 3, 1, 8, 10, 7, 7, 7, 3, 5, 9, 10, 4, 9, 9, 4, 1, 10, 4, 5, 10, 8, 5, 1, 6, 1]
(0.9014802170765404, 0.2277419668372106, 0.6671022158648273)
[1, 10, 5, 3, 4, 10, 5, 6, 1, 5, 8, 6, 6, 10, 8, 2, 4, 6, 7, 9, 8, 1, 10, 10, 8, 10, 10, 8, 10, 7, 3, 2, 5, 2, 9, 6, 10, 3, 1, 8, 10, 7, 7, 7, 3, 5, 9, 10, 4, 9, 9, 4, 1, 10, 4, 5, 10, 8, 5, 1, 6, 1]
(0.9014802170765404, 0.2277419668372106, 0.6671022158648273)
[2, 1, 1, 4, 5, 7, 4, 10, 7, 4, 4, 8, 1, 10, 9, 6, 1, 4, 7, 2, 10, 4, 4, 6, 7, 5, 4, 9, 9, 4, 1, 2, 5, 2, 9, 6, 10, 3, 8, 7, 10, 10, 8, 7, 5, 4, 8, 3, 3, 7, 10, 6, 10, 9, 4, 8, 3, 3, 3, 3, 9, 1]
(0.9020481558487687, 0.8329974285326922, 0.07101115064552224)
[2, 1, 1, 4, 5, 7, 4, 10, 7, 4, 4, 8, 1, 10, 9, 6, 1, 4, 7, 2, 10, 4, 4, 6, 7, 5, 4, 9, 9, 4, 1, 2, 5, 2, 9, 6, 10, 3, 8, 7, 10, 10, 8, 7, 5, 4, 8, 3, 3, 7, 10, 6, 10, 9, 4, 8, 3, 3, 3, 3, 9, 1]
(0.9020481558487687, 0.8329974285326922, 0.07101115064552224)
[2, 1, 1, 4, 5, 7, 4, 10, 7, 4, 4, 8, 1, 10, 9, 6, 1, 4, 7, 2, 10, 4, 4, 6, 7, 5, 4, 9, 9, 4, 1, 2, 5, 2, 9, 6, 10, 3, 8, 7, 10, 10, 8, 7, 5, 4, 8, 3, 3, 7, 10, 6, 10, 9, 4, 8, 3, 3, 3, 3, 9, 1]
(0.9020481558487687, 0.8329974285326922, 0.07101115064552224)
[2, 1, 1, 4, 5, 7, 4, 10, 7, 4, 4, 8, 1, 10, 9, 6, 1, 4, 7, 2, 10, 4, 4, 6, 7, 5, 4, 9, 9, 4, 1, 2, 5, 2, 9, 6, 10, 3, 8, 7, 10, 10, 8, 7, 5, 4, 8, 3, 3, 7, 10, 6, 10, 9, 4, 8, 3, 3, 3, 3, 9, 1]
(0.9020481558487687, 0.8329974285326922, 0.07101115064552224)
[2, 1, 1, 4, 5, 7, 4, 10, 7, 4, 4, 8, 1, 10, 9, 6, 1, 4, 7, 2, 10, 4, 4, 6, 7, 5, 4, 9, 9, 4, 1, 2, 5, 2, 9, 6, 10, 3, 8, 7, 10, 10, 8, 7, 5, 4, 8, 3, 3, 7, 10, 6, 10, 9, 4, 8, 3, 3, 3, 3, 9, 1]
(0.9020481558487687, 0.8329974285326922, 0.07101115064552224)
[2, 1, 1, 4, 5, 7, 4, 2, 7, 4, 4, 8, 1, 10, 9, 10, 1, 4, 7, 2, 10, 4, 4, 6, 7, 5, 4, 9, 9, 4, 1, 2, 5, 2, 9, 6, 4, 3, 8, 7, 10, 10, 8, 7, 5, 4, 8, 3, 3, 7, 10, 6, 10, 9, 4, 8, 3, 3, 3, 3, 9, 1]
(0.9017493286278384, 0.730125543009494, 0.2071755449706839)
[2, 1, 1, 4, 5, 7, 4, 2, 7, 4, 4, 8, 1, 10, 9, 10, 1, 4, 7, 2, 10, 4, 4, 6, 7, 5, 4, 9, 9, 4, 1, 2, 5, 2, 9, 6, 4, 3, 8, 7, 10, 10, 8, 7, 5, 4, 8, 3, 3, 7, 10, 6, 10, 9, 4, 8, 3, 3, 3, 3, 9, 1]
(0.9017493286278384, 0.730125543009494, 0.2071755449706839)
[2, 1, 1, 4, 5, 7, 4, 2, 7, 4, 4, 8, 1, 10, 9, 10, 1, 4, 7, 2, 10, 4, 4, 6, 7, 5, 4, 9, 9, 4, 1, 2, 5, 2, 9, 6, 4, 3, 8, 7, 10, 10, 8, 7, 5, 4, 8, 3, 3, 7, 10, 6, 10, 9, 4, 8, 3, 3, 3, 3, 9, 1]
(0.9017493286278384, 0.730125543009494, 0.2071755449706839)
[2, 1, 1, 4, 5, 7, 4, 2, 7, 4, 4, 8, 1, 10, 9, 10, 1, 4, 7, 2, 10, 4, 4, 6, 7, 5, 4, 9, 9, 4, 1, 2, 5, 2, 9, 6, 4, 3, 8, 7, 10, 10, 8, 7, 5, 4, 8, 3, 3, 7, 10, 6, 10, 9, 4, 8, 3, 3, 3, 3, 9, 1]
(0.9017493286278384, 0.730125543009494, 0.2071755449706839)
[2, 1, 1, 4, 5, 7, 4, 2, 7, 4, 4, 8, 1, 10, 9, 5, 1, 4, 7, 2, 10, 4, 4, 6, 7, 5, 4, 9, 6, 4, 1, 2, 5, 1, 9, 8, 6, 3, 8, 7, 10, 10, 5, 7, 5, 4, 8, 3, 3, 7, 10, 6, 10, 9, 4, 8, 3, 3, 3, 3, 9, 1]
(0.9008437052120369, 0.9380551575683046, 0.07492642481234152)
[6, 8, 4, 5, 5, 5, 8, 1, 7, 7, 8, 1, 8, 6, 10, 4, 4, 4, 7, 10, 6, 1, 10, 10, 5, 10, 9, 6, 8, 7, 3, 4, 5, 4, 2, 8, 10, 1, 8, 1, 6, 6, 2, 3, 6, 5, 8, 10, 4, 4, 9, 4, 10, 8, 2, 2, 1, 5, 3, 5, 10, 7]
(0.49859523447876825, 0.45290238020840917, 0.978857178792799)
[6, 8, 4, 5, 5, 5, 8, 1, 7, 7, 8, 1, 8, 6, 10, 4, 4, 4, 7, 10, 6, 1, 10, 10, 5, 10, 9, 6, 8, 7, 3, 4, 5, 4, 2, 8, 10, 1, 8, 1, 6, 6, 2, 3, 6, 5, 8, 10, 4, 4, 9, 4, 10, 8, 2, 2, 1, 5, 3, 5, 10, 7]
(0.49859523447876825, 0.45290238020840917, 0.978857178792799)
[6, 8, 10, 7, 5, 5, 8, 1, 7, 7, 7, 1, 8, 1, 10, 4, 4, 4, 7, 10, 6, 1, 10, 10, 5, 10, 9, 6, 8, 7, 3, 4, 5, 4, 2, 8, 10, 5, 8, 1, 6, 6, 2, 7, 6, 5, 8, 10, 4, 4, 9, 4, 7, 8, 2, 2, 1, 5, 3, 5, 10, 7]
(0.5073375912697701, 0.4502810652770504, 0.9802257978201288)
[6, 8, 10, 7, 5, 5, 8, 1, 7, 7, 7, 1, 8, 1, 10, 4, 4, 4, 7, 10, 6, 1, 10, 10, 5, 10, 9, 6, 8, 7, 3, 4, 5, 4, 2, 8, 10, 5, 8, 1, 6, 6, 2, 7, 6, 5, 8, 10, 4, 4, 9, 4, 7, 8, 2, 2, 1, 5, 3, 5, 10, 7]
(0.5073375912697701, 0.4502810652770504, 0.9802257978201288)
[6, 8, 10, 7, 5, 5, 8, 1, 7, 7, 7, 1, 8, 1, 10, 4, 4, 4, 7, 10, 6, 1, 10, 10, 5, 10, 9, 6, 8, 7, 3, 4, 5, 4, 2, 8, 10, 5, 8, 1, 6, 6, 2, 7, 6, 5, 8, 10, 4, 4, 9, 4, 7, 8, 2, 2, 1, 5, 3, 5, 10, 7]
(0.5073375912697701, 0.4502810652770504, 0.9802257978201288)
[6, 4, 10, 1, 1, 8, 7, 3, 6, 1, 6, 8, 3, 6, 2, 2, 5, 8, 8, 4, 5, 6, 2, 2, 4, 8, 1, 9, 8, 6, 8, 10, 2, 4, 1, 1, 8, 4, 5, 10, 6, 10, 6, 7, 1, 4, 8, 7, 1, 8, 8, 6, 7, 9, 3, 4, 1, 5, 6, 5, 10, 1]
(0.29402977622125726, 0.9866679816506781, 0.720050507141927)
[6, 4, 10, 1, 1, 8, 7, 3, 6, 1, 6, 8, 3, 6, 2, 2, 5, 8, 8, 4, 5, 6, 2, 2, 4, 8, 1, 9, 8, 6, 8, 10, 2, 4, 1, 1, 8, 4, 5, 10, 6, 10, 6, 7, 1, 4, 8, 7, 1, 8, 8, 6, 7, 9, 3, 4, 1, 5, 6, 5, 10, 1]
(0.29402977622125726, 0.9866679816506781, 0.720050507141927)
[6, 4, 10, 1, 1, 8, 7, 3, 6, 1, 6, 8, 3, 6, 2, 2, 5, 8, 8, 4, 5, 6, 2, 2, 4, 8, 1, 9, 8, 6, 8, 10, 2, 4, 1, 1, 8, 4, 5, 10, 6, 10, 6, 7, 1, 4, 8, 7, 1, 8, 8, 6, 7, 9, 3, 4, 1, 5, 6, 5, 10, 1]
(0.29402977622125726, 0.9866679816506781, 0.720050507141927)
[6, 4, 10, 1, 1, 8, 7, 3, 6, 1, 6, 8, 3, 6, 2, 2, 5, 8, 8, 4, 5, 6, 2, 2, 4, 8, 1, 9, 8, 6, 8, 10, 2, 4, 1, 1, 8, 4, 5, 10, 6, 10, 6, 7, 1, 4, 8, 7, 1, 8, 8, 6, 7, 9, 3, 4, 1, 5, 6, 5, 10, 1]
(0.29402977622125726, 0.9866679816506781, 0.720050507141927)
[6, 4, 10, 1, 1, 8, 7, 3, 6, 1, 6, 8, 3, 6, 2, 2, 5, 8, 8, 4, 5, 6, 2, 2, 4, 8, 1, 9, 8, 6, 8, 10, 2, 4, 1, 1, 8, 4, 5, 10, 6, 10, 6, 7, 1, 4, 8, 7, 1, 8, 8, 6, 7, 9, 3, 4, 1, 5, 6, 5, 10, 1]
(0.29402977622125726, 0.9866679816506781, 0.720050507141927)
[6, 4, 10, 7, 3, 8, 7, 3, 6, 1, 6, 8, 3, 6, 2, 2, 1, 4, 7, 2, 9, 4, 4, 6, 7, 5, 4, 9, 9, 4, 1, 2, 5, 2, 7, 6, 4, 3, 8, 7, 6, 10, 6, 7, 1, 4, 8, 7, 1, 8, 8, 6, 7, 9, 3, 4, 1, 5, 6, 5, 10, 1]
(0.2935532176150928, 0.9888514065183676, 0.7225076038953543)
[2, 1, 1, 4, 5, 7, 1, 10, 7, 6, 4, 8, 1, 10, 9, 5, 1, 4, 7, 2, 10, 5, 4, 6, 7, 5, 4, 9, 9, 4, 1, 2, 5, 2, 9, 6, 4, 3, 8, 7, 10, 10, 8, 7, 5, 4, 8, 3, 3, 7, 10, 6, 10, 9, 4, 8, 3, 3, 3, 3, 9, 1]
(0.9013378280119244, 0.9211089941672975, 0.26723985988232307)
[2, 1, 1, 4, 5, 7, 1, 10, 7, 6, 4, 8, 1, 10, 9, 5, 1, 4, 7, 2, 10, 5, 4, 6, 7, 5, 4, 9, 9, 4, 1, 2, 5, 2, 9, 6, 4, 3, 8, 7, 10, 10, 8, 7, 5, 4, 8, 3, 3, 7, 10, 6, 10, 9, 4, 8, 3, 3, 3, 3, 9, 1]
(0.9013378280119244, 0.9211089941672975, 0.26723985988232307)
[5, 10, 3, 3, 5, 10, 6, 6, 7, 5, 6, 3, 9, 1, 7, 2, 4, 4, 7, 10, 4, 1, 10, 10, 3, 7, 9, 6, 8, 7, 3, 3, 5, 4, 2, 8, 10, 5, 8, 1, 6, 6, 4, 7, 8, 5, 8, 10, 4, 7, 9, 3, 7, 8, 2, 2, 1, 3, 3, 5, 10, 7]
(0.5115319261984859, 0.9748108607716839, 0.7166477900755308)
[5, 10, 3, 3, 5, 10, 6, 6, 7, 5, 6, 3, 9, 1, 7, 2, 4, 4, 7, 10, 4, 1, 10, 10, 3, 7, 9, 6, 8, 7, 3, 3, 5, 4, 2, 8, 10, 5, 8, 1, 6, 6, 4, 7, 8, 5, 8, 10, 4, 7, 9, 3, 7, 8, 2, 2, 1, 3, 3, 5, 10, 7]
(0.5115319261984859, 0.9748108607716839, 0.7166477900755308)
[6, 8, 4, 5, 5, 5, 8, 1, 7, 7, 8, 1, 8, 1, 10, 4, 4, 4, 7, 10, 6, 1, 10, 10, 5, 10, 9, 6, 8, 7, 3, 4, 5, 4, 2, 8, 10, 5, 8, 1, 6, 6, 2, 7, 6, 5, 8, 10, 4, 4, 9, 4, 7, 8, 2, 2, 1, 5, 3, 5, 10, 7]
(0.5068826375199208, 0.9849473305977859, 0.7218692003181179)
[6, 8, 4, 5, 5, 5, 8, 1, 7, 7, 8, 1, 8, 1, 10, 4, 4, 4, 7, 10, 6, 1, 10, 10, 5, 10, 9, 6, 8, 7, 3, 4, 5, 4, 2, 8, 10, 5, 8, 1, 6, 6, 2, 7, 6, 5, 8, 10, 4, 4, 9, 4, 7, 8, 2, 2, 1, 5, 3, 5, 10, 7]
(0.5068826375199208, 0.9849473305977859, 0.7218692003181179)
[6, 8, 4, 5, 5, 5, 8, 1, 7, 7, 8, 1, 8, 1, 10, 4, 4, 4, 7, 10, 6, 1, 10, 10, 5, 10, 9, 6, 8, 7, 3, 4, 5, 4, 2, 8, 10, 5, 8, 1, 6, 6, 2, 7, 6, 5, 8, 10, 4, 4, 9, 4, 7, 8, 2, 2, 1, 5, 3, 5, 10, 7]
(0.5068826375199208, 0.9849473305977859, 0.7218692003181179)
[1, 10, 10, 2, 5, 10, 6, 9, 1, 5, 6, 8, 9, 10, 8, 2, 4, 5, 7, 10, 8, 1, 10, 10, 5, 10, 9, 8, 10, 7, 3, 2, 5, 2, 2, 6, 10, 3, 8, 8, 9, 4, 7, 7, 5, 5, 9, 10, 1, 4, 9, 4, 9, 6, 4, 5, 10, 1, 6, 1, 6, 1]
(0.8971352070635717, 0.5727449545050375, 0.9161014530511783)
[1, 10, 10, 2, 5, 10, 6, 9, 1, 5, 6, 8, 9, 10, 8, 2, 4, 5, 7, 10, 8, 1, 10, 10, 5, 10, 9, 8, 10, 7, 3, 2, 5, 2, 2, 6, 10, 3, 8, 8, 9, 4, 7, 7, 5, 5, 9, 10, 1, 4, 9, 4, 9, 6, 4, 5, 10, 1, 6, 1, 6, 1]
(0.8971352070635717, 0.5727449545050375, 0.9161014530511783)
[1, 10, 10, 2, 5, 10, 6, 9, 1, 5, 6, 8, 9, 10, 8, 2, 4, 5, 7, 10, 8, 1, 10, 10, 5, 10, 9, 8, 10, 7, 3, 2, 5, 2, 2, 6, 10, 3, 8, 8, 9, 4, 7, 7, 5, 5, 9, 10, 1, 4, 9, 4, 9, 6, 4, 5, 10, 1, 6, 1, 6, 1]
(0.8971352070635717, 0.5727449545050375, 0.9161014530511783)
[1, 10, 10, 2, 5, 10, 6, 9, 1, 5, 6, 8, 9, 10, 8, 2, 4, 5, 7, 10, 8, 1, 10, 10, 5, 10, 9, 8, 10, 7, 3, 2, 5, 2, 2, 6, 10, 3, 8, 8, 9, 4, 7, 7, 5, 5, 9, 10, 1, 4, 9, 4, 9, 6, 4, 5, 10, 1, 6, 1, 6, 1]
(0.8971352070635717, 0.5727449545050375, 0.9161014530511783)
[1, 10, 10, 2, 5, 10, 6, 9, 1, 5, 6, 8, 9, 10, 8, 2, 4, 5, 7, 10, 8, 1, 10, 10, 5, 10, 9, 8, 10, 7, 3, 2, 5, 2, 2, 6, 10, 3, 8, 8, 9, 4, 7, 7, 5, 5, 9, 10, 1, 4, 9, 4, 9, 6, 4, 5, 10, 1, 6, 1, 6, 1]
(0.8971352070635717, 0.5727449545050375, 0.9161014530511783)
[6, 8, 4, 5, 5, 5, 8, 1, 7, 7, 8, 1, 8, 1, 10, 4, 4, 4, 8, 10, 6, 1, 10, 10, 5, 10, 9, 6, 8, 7, 3, 4, 5, 4, 2, 8, 10, 5, 8, 1, 6, 3, 2, 10, 6, 5, 8, 10, 4, 4, 9, 4, 7, 2, 2, 2, 1, 5, 3, 5, 10, 7]
(0.49680082591140573, 0.9833559195511021, 0.9785148728510391)
[6, 8, 4, 5, 5, 5, 8, 1, 7, 7, 8, 1, 8, 1, 10, 4, 4, 4, 8, 10, 6, 1, 10, 10, 5, 10, 9, 6, 8, 7, 3, 4, 5, 4, 2, 8, 10, 5, 8, 1, 6, 3, 2, 10, 6, 5, 8, 10, 4, 4, 9, 4, 7, 2, 2, 2, 1, 5, 3, 5, 10, 7]
(0.49680082591140573, 0.9833559195511021, 0.9785148728510391)
[6, 8, 4, 5, 5, 5, 8, 1, 7, 7, 8, 1, 8, 1, 10, 4, 4, 4, 8, 10, 6, 1, 10, 10, 5, 10, 9, 6, 8, 7, 3, 4, 5, 4, 2, 8, 10, 5, 8, 1, 6, 3, 2, 10, 6, 5, 8, 10, 4, 4, 9, 4, 7, 2, 2, 2, 1, 5, 3, 5, 10, 7]
(0.49680082591140573, 0.9833559195511021, 0.9785148728510391)
[6, 8, 4, 5, 5, 5, 8, 1, 7, 7, 8, 1, 8, 1, 10, 4, 4, 4, 8, 10, 6, 1, 10, 10, 5, 10, 9, 6, 8, 7, 3, 4, 5, 4, 2, 8, 10, 5, 8, 1, 6, 3, 2, 10, 6, 5, 8, 10, 4, 4, 9, 4, 7, 2, 2, 2, 1, 5, 3, 5, 10, 7]
(0.49680082591140573, 0.9833559195511021, 0.9785148728510391)
[6, 8, 4, 5, 5, 3, 8, 1, 7, 7, 8, 1, 8, 1, 10, 4, 4, 4, 8, 10, 6, 1, 10, 10, 5, 10, 9, 6, 8, 7, 3, 4, 5, 4, 2, 8, 10, 5, 8, 1, 6, 3, 2, 9, 6, 5, 8, 10, 4, 4, 9, 4, 7, 2, 2, 2, 1, 5, 3, 5, 10, 7]
(0.5081707329463423, 0.9811457292176762, 0.9788076241128559)
[1, 6, 10, 3, 5, 10, 6, 6, 7, 5, 6, 3, 9, 1, 7, 2, 4, 4, 7, 10, 4, 1, 10, 10, 5, 10, 9, 8, 10, 7, 3, 2, 5, 7, 8, 8, 10, 3, 8, 8, 10, 7, 7, 7, 8, 5, 9, 10, 4, 7, 9, 4, 2, 10, 4, 5, 10, 8, 3, 1, 6, 1]
(0.8923976206368976, 0.9099863584153352, 0.911416165833838)
