[1, 2, 10, 2, 5, 9, 7, 3, 9, 9, 2, 8, 9, 4, 9, 5, 7, 2, 1, 9, 6, 5, 7, 9, 7, 8, 4, 9, 4, 5, 5, 1, 3, 6, 5, 9, 10, 8, 8, 8, 7, 7, 8, 8, 10, 8, 5, 7, 5, 9, 4, 5, 2, 4, 3, 1, 1, 2, 5, 4, 5, 2]
(0.28901357932577065, 0.0, 0.0)
[3, 2, 2, 4, 9, 10, 9, 9, 1, 6, 1, 3, 9, 2, 10, 6, 4, 9, 1, 7, 5, 5, 10, 7, 7, 10, 5, 4, 4, 1, 6, 8, 1, 10, 7, 7, 4, 8, 8, 8, 7, 6, 8, 8, 10, 9, 6, 10, 7, 6, 8, 6, 10, 5, 1, 1, 1, 2, 1, 4, 4, 2]
(0.4144928601761542, 0.27884874852650016, 0.0)
[3, 2, 2, 4, 9, 10, 9, 9, 1, 6, 1, 3, 9, 2, 10, 6, 4, 9, 1, 7, 5, 5, 10, 7, 7, 10, 5, 4, 4, 1, 6, 8, 1, 10, 7, 7, 4, 8, 8, 8, 7, 6, 8, 8, 10, 9, 6, 10, 7, 6, 8, 6, 10, 5, 1, 1, 1, 2, 1, 4, 4, 2]
(0.4144928601761542, 0.27884874852650016, 0.0)
[3, 2, 2, 4, 9, 10, 9, 9, 1, 6, 1, 3, 9, 2, 10, 6, 4, 9, 1, 7, 5, 5, 10, 7, 7, 10, 5, 4, 4, 1, 6, 8, 1, 10, 7, 7, 4, 8, 8, 8, 7, 6, 8, 8, 10, 9, 6, 10, 7, 6, 8, 6, 10, 5, 1, 1, 1, 2, 1, 4, 4, 2]
(0.4144928601761542, 0.27884874852650016, 0.0)
[3, 2, 2, 4, 9, 10, 9, 9, 1, 6, 1, 3, 9, 2, 10, 6, 4, 9, 1, 7, 5, 5, 10, 7, 7, 10, 5, 4, 4, 1, 6, 8, 1, 10, 7, 7, 4, 8, 8, 8, 7, 6, 8, 8, 10, 9, 6, 10, 7, 6, 8, 6, 10, 5, 1, 1, 1, 2, 1, 4, 4, 2]
(0.4144928601761542, 0.27884874852650016, 0.0)
[3, 2, 2, 4, 9, 10, 9, 9, 6, 7, 7, 1, 10, 8, 9, 5, 8, 9, 1, 8, 9, 4, 5, 7, 9, 10, 6, 3, 2, 2, 10, 8, 10, 8, 10, 9, 7, 3, 8, 8, 8, 8, 8, 10, 10, 9, 6, 10, 7, 10, 9, 7, 10, 10, 1, 1, 1, 2, 1, 4, 4, 2]
(0.7447898422591872, 0.0, 0.0)
[10, 5, 2, 6, 5, 1, 7, 9, 4, 5, 1, 9, 7, 1, 7, 7, 7, 9, 1, 6, 9, 5, 7, 9, 7, 8, 4, 9, 9, 7, 6, 5, 6, 2, 7, 3, 10, 6, 8, 8, 8, 3, 6, 6, 8, 3, 4, 4, 7, 8, 5, 2, 9, 3, 3, 2, 4, 5, 2, 3, 10, 4]
(0.21844134291976575, 0.440006476733832, 0.5352030284476017)
[1, 2, 10, 2, 5, 9, 7, 3, 9, 9, 2, 8, 9, 4, 9, 6, 5, 9, 1, 7, 6, 5, 7, 9, 7, 10, 5, 5, 4, 5, 6, 5, 6, 10, 7, 3, 10, 4, 8, 8, 8, 7, 8, 9, 10, 8, 5, 7, 5, 9, 4, 5, 2, 4, 1, 1, 1, 2, 5, 4, 5, 2]
(0.7476392771109078, 0.0, 0.5276703751005946)
[3, 10, 2, 4, 9, 10, 9, 5, 6, 6, 7, 10, 10, 1, 7, 5, 7, 9, 1, 8, 9, 5, 7, 3, 8, 10, 5, 4, 1, 2, 10, 8, 10, 8, 5, 8, 4, 8, 9, 7, 3, 7, 8, 8, 10, 8, 5, 10, 5, 9, 4, 5, 2, 4, 1, 1, 1, 2, 5, 4, 5, 2]
(0.3799103106874528, 0.249017353405192, 0.6485348772794322)
[7, 6, 8, 4, 5, 8, 7, 3, 9, 5, 8, 4, 10, 8, 7, 7, 4, 1, 9, 9, 6, 7, 3, 3, 10, 8, 4, 9, 9, 4, 2, 5, 10, 8, 3, 4, 8, 2, 10, 8, 8, 6, 4, 8, 5, 7, 8, 5, 10, 8, 7, 5, 9, 10, 2, 6, 5, 2, 2, 6, 8, 2]
(0.0, 0.6213709922895441, 0.6754986569401518)
[1, 8, 2, 4, 9, 10, 9, 5, 6, 6, 7, 10, 10, 1, 7, 5, 7, 9, 1, 8, 9, 5, 7, 3, 8, 10, 5, 4, 1, 2, 10, 9, 10, 8, 5, 8, 4, 8, 9, 7, 3, 6, 5, 8, 10, 9, 6, 10, 5, 9, 4, 8, 2, 4, 1, 1, 1, 2, 5, 4, 3, 2]
(0.3748216447226091, 0.0, 0.9458334641568032)
[1, 8, 2, 4, 9, 10, 9, 5, 6, 6, 7, 10, 10, 1, 7, 5, 7, 9, 1, 8, 9, 5, 7, 3, 8, 10, 5, 4, 1, 2, 10, 9, 10, 8, 5, 8, 4, 8, 9, 7, 3, 6, 5, 8, 10, 9, 6, 10, 5, 9, 4, 8, 2, 4, 1, 1, 1, 2, 5, 4, 3, 2]
(0.3748216447226091, 0.0, 0.9458334641568032)
[1, 8, 2, 4, 9, 10, 9, 5, 6, 6, 7, 10, 10, 1, 7, 5, 7, 9, 1, 8, 9, 5, 7, 3, 8, 10, 5, 4, 1, 2, 10, 9, 10, 8, 5, 8, 4, 8, 9, 7, 3, 6, 5, 8, 10, 9, 6, 10, 5, 9, 4, 8, 2, 4, 1, 1, 1, 2, 5, 4, 3, 2]
(0.3748216447226091, 0.0, 0.9458334641568032)
[1, 8, 2, 4, 9, 10, 9, 5, 6, 6, 7, 10, 10, 1, 7, 5, 7, 9, 1, 8, 9, 5, 7, 3, 8, 10, 5, 4, 1, 2, 10, 9, 10, 8, 5, 8, 4, 8, 9, 7, 3, 6, 5, 8, 10, 9, 6, 10, 5, 9, 4, 8, 2, 4, 1, 1, 1, 2, 5, 4, 3, 2]
(0.3748216447226091, 0.0, 0.9458334641568032)
[8, 6, 2, 7, 5, 1, 7, 9, 4, 9, 1, 10, 3, 5, 7, 7, 7, 9, 1, 8, 9, 5, 7, 9, 7, 8, 4, 9, 10, 7, 7, 9, 8, 8, 9, 3, 10, 5, 8, 8, 8, 3, 6, 6, 8, 4, 4, 4, 7, 8, 5, 6, 9, 3, 3, 2, 4, 5, 2, 3, 10, 4]
(0.21794160620503525, 0.44144836081849137, 0.6941434518295037)
[3, 8, 8, 4, 3, 8, 10, 3, 9, 9, 8, 10, 5, 4, 1, 6, 7, 9, 1, 8, 9, 5, 7, 9, 7, 8, 4, 9, 7, 7, 6, 8, 3, 10, 7, 3, 10, 4, 8, 8, 8, 7, 8, 10, 5, 9, 2, 7, 3, 9, 6, 3, 2, 4, 1, 1, 1, 2, 5, 4, 5, 2]
(0.7285724046938775, 0.0, 0.6734257546976975)
[1, 8, 2, 4, 9, 10, 9, 5, 6, 6, 7, 10, 10, 1, 7, 5, 7, 9, 1, 8, 9, 5, 7, 3, 8, 10, 5, 4, 1, 2, 10, 8, 10, 8, 5, 8, 4, 8, 9, 7, 3, 6, 8, 8, 8, 8, 8, 10, 10, 9, 7, 3, 2, 4, 1, 1, 1, 2, 5, 4, 4, 2]
(0.7447927563227202, 0.33961261072703913, 0.3202891545137559)
[1, 8, 2, 4, 9, 10, 9, 5, 6, 6, 7, 10, 10, 1, 7, 5, 7, 9, 1, 8, 9, 5, 7, 3, 8, 10, 5, 4, 1, 2, 10, 8, 10, 8, 5, 8, 4, 8, 9, 7, 3, 6, 8, 8, 8, 8, 8, 10, 10, 9, 7, 3, 2, 4, 1, 1, 1, 2, 5, 4, 4, 2]
(0.7447927563227202, 0.33961261072703913, 0.3202891545137559)
[6, 9, 6, 3, 5, 4, 7, 10, 7, 5, 1, 9, 7, 4, 7, 1, 7, 8, 5, 10, 6, 6, 8, 7, 6, 4, 4, 7, 8, 8, 6, 10, 8, 8, 9, 10, 8, 2, 10, 7, 4, 3, 8, 8, 8, 6, 8, 10, 7, 2, 2, 7, 6, 10, 2, 6, 5, 2, 2, 6, 8, 2]
(0.21905258038139533, 0.49656747048720984, 0.6987980171095227)
[8, 5, 2, 6, 5, 1, 7, 9, 4, 5, 2, 2, 7, 1, 7, 5, 7, 9, 1, 6, 9, 5, 7, 9, 7, 8, 4, 9, 9, 8, 6, 5, 6, 7, 3, 7, 10, 4, 8, 8, 8, 3, 6, 6, 8, 3, 4, 4, 7, 8, 5, 6, 9, 3, 3, 2, 4, 5, 2, 3, 10, 4]
(0.21973101044046334, 0.34198273463089884, 0.9614832725827213)
[8, 5, 2, 6, 7, 1, 7, 9, 4, 5, 2, 2, 7, 1, 7, 5, 7, 9, 1, 6, 9, 5, 7, 9, 7, 8, 4, 9, 9, 8, 6, 5, 6, 7, 3, 7, 10, 4, 8, 8, 8, 3, 6, 6, 8, 3, 4, 4, 7, 8, 5, 6, 9, 4, 3, 2, 4, 5, 2, 3, 10, 4]
(0.21974920159489944, 0.34186259098774185, 0.9625684197033738)
[6, 7, 6, 2, 5, 4, 7, 10, 7, 5, 1, 2, 3, 7, 7, 1, 7, 5, 7, 10, 6, 10, 8, 7, 6, 4, 4, 7, 8, 8, 6, 9, 8, 8, 9, 10, 9, 2, 10, 7, 6, 6, 8, 8, 8, 6, 8, 10, 7, 2, 2, 7, 6, 10, 2, 6, 5, 2, 2, 6, 8, 2]
(0.21838281641630292, 0.6257704904225312, 0.6800366440750816)
[8, 5, 2, 6, 7, 1, 7, 9, 4, 5, 2, 2, 7, 1, 7, 5, 7, 9, 3, 6, 9, 5, 7, 9, 7, 8, 4, 9, 9, 7, 6, 5, 6, 7, 3, 7, 10, 4, 8, 8, 8, 3, 6, 6, 8, 3, 5, 6, 7, 8, 5, 6, 9, 3, 3, 2, 4, 5, 2, 3, 10, 4]
(0.21986365748783168, 0.3419850711922401, 0.9631854321818731)
[8, 5, 2, 6, 7, 1, 7, 9, 4, 5, 2, 2, 7, 1, 7, 5, 7, 9, 3, 6, 9, 5, 7, 9, 7, 8, 4, 9, 9, 7, 6, 5, 6, 7, 3, 7, 10, 4, 8, 8, 8, 3, 6, 6, 8, 3, 5, 6, 7, 8, 5, 6, 9, 3, 3, 2, 4, 5, 2, 3, 10, 4]
(0.21986365748783168, 0.3419850711922401, 0.9631854321818731)
[1, 7, 2, 4, 9, 10, 9, 5, 2, 5, 7, 5, 10, 7, 7, 6, 7, 9, 1, 8, 9, 9, 7, 3, 8, 7, 5, 5, 4, 4, 6, 8, 9, 8, 6, 9, 4, 2, 6, 7, 10, 6, 8, 6, 10, 7, 5, 5, 10, 9, 7, 8, 6, 4, 1, 1, 1, 2, 5, 4, 4, 2]
(0.746774782406534, 0.11027067428756841, 0.682234741846707)
[1, 2, 10, 2, 5, 9, 7, 3, 9, 9, 2, 8, 9, 4, 9, 5, 7, 2, 1, 8, 9, 4, 7, 9, 7, 1, 4, 9, 4, 5, 6, 5, 6, 10, 7, 3, 10, 7, 8, 8, 8, 7, 8, 9, 10, 8, 5, 7, 5, 9, 4, 5, 2, 4, 3, 1, 1, 2, 5, 4, 5, 2]
(0.2894945268026506, 1.0758340450934973, 0.23526776909823477)
[3, 4, 2, 4, 9, 10, 9, 5, 6, 4, 7, 1, 10, 8, 9, 6, 4, 1, 1, 7, 6, 5, 3, 7, 7, 5, 5, 5, 4, 1, 6, 8, 9, 4, 4, 9, 4, 8, 8, 8, 7, 6, 3, 8, 2, 6, 10, 10, 10, 9, 8, 6, 10, 4, 1, 1, 1, 2, 1, 4, 4, 2]
(0.7450774595479495, 0.23110090111440423, 0.6321997246769004)
[8, 5, 2, 6, 5, 1, 7, 9, 4, 5, 1, 9, 7, 1, 7, 7, 7, 9, 1, 6, 9, 5, 7, 9, 7, 8, 4, 9, 10, 7, 6, 5, 6, 7, 3, 3, 10, 4, 8, 8, 8, 3, 6, 6, 8, 3, 4, 4, 7, 8, 5, 6, 9, 3, 3, 2, 4, 5, 2, 3, 10, 4]
(0.2180155191902948, 0.44054834449882735, 0.9534762993857248)
[3, 2, 2, 4, 9, 10, 9, 9, 6, 4, 7, 1, 10, 1, 7, 10, 7, 6, 1, 6, 9, 4, 5, 9, 9, 10, 6, 3, 7, 5, 10, 8, 10, 8, 8, 9, 3, 8, 8, 10, 8, 4, 8, 8, 9, 9, 6, 10, 7, 2, 8, 8, 10, 4, 1, 1, 1, 2, 5, 4, 4, 2]
(0.7466001302333647, 0.19973434771385873, 0.667486723854407)
[8, 5, 2, 7, 5, 1, 7, 9, 4, 5, 1, 9, 3, 5, 7, 7, 7, 9, 1, 6, 9, 5, 7, 9, 7, 8, 4, 9, 10, 7, 6, 9, 8, 8, 9, 3, 10, 5, 8, 8, 8, 3, 6, 6, 8, 3, 4, 4, 7, 8, 5, 4, 9, 3, 3, 2, 4, 5, 2, 3, 10, 4]
(0.2181246998078098, 0.443641688559641, 0.9545661934244805)
[8, 5, 2, 7, 5, 1, 3, 9, 4, 5, 1, 7, 3, 5, 7, 7, 7, 9, 1, 8, 9, 5, 7, 9, 7, 8, 4, 9, 10, 7, 7, 9, 6, 7, 3, 9, 8, 4, 8, 8, 1, 3, 6, 6, 8, 6, 8, 10, 7, 8, 5, 6, 9, 3, 3, 2, 4, 5, 2, 3, 10, 4]
(0.21872093410678353, 0.44348275042960583, 0.9585705194580899)
[1, 7, 2, 4, 9, 10, 9, 5, 6, 4, 7, 10, 10, 1, 7, 5, 7, 9, 1, 8, 9, 5, 7, 3, 10, 10, 5, 4, 1, 4, 4, 8, 9, 6, 6, 8, 4, 8, 6, 1, 3, 6, 8, 8, 8, 7, 5, 5, 10, 9, 7, 8, 6, 4, 1, 1, 1, 2, 5, 4, 4, 2]
(0.7438155356987485, 0.6156762091830965, 0.2626917326423945)
[3, 2, 2, 4, 9, 10, 9, 5, 6, 4, 7, 1, 10, 1, 9, 5, 6, 9, 1, 8, 9, 5, 7, 3, 9, 10, 8, 3, 7, 1, 10, 8, 7, 8, 8, 9, 3, 8, 8, 10, 8, 4, 1, 8, 10, 9, 6, 10, 7, 8, 8, 6, 10, 4, 1, 1, 1, 2, 1, 4, 4, 2]
(0.7451918334330944, 0.23428707748243957, 0.6874985091442977)
[3, 2, 2, 4, 9, 10, 9, 5, 6, 4, 7, 1, 10, 1, 7, 5, 7, 9, 1, 8, 9, 5, 7, 3, 9, 10, 8, 3, 7, 1, 10, 8, 7, 8, 8, 9, 3, 8, 8, 10, 8, 4, 5, 8, 10, 9, 6, 10, 7, 8, 8, 6, 10, 4, 1, 1, 1, 2, 1, 4, 4, 2]
(0.744715888267029, 0.2355075626895986, 0.6887124120954963)
[3, 2, 2, 2, 10, 10, 9, 5, 6, 4, 7, 10, 10, 1, 7, 6, 4, 6, 1, 6, 9, 4, 5, 7, 9, 10, 6, 3, 2, 2, 10, 8, 10, 4, 10, 9, 7, 10, 8, 9, 8, 4, 5, 8, 10, 9, 6, 10, 7, 8, 8, 7, 10, 10, 1, 1, 1, 2, 1, 4, 4, 2]
(0.744498829053867, 0.23647454927849954, 0.6895344332491434)
[3, 2, 2, 4, 9, 10, 9, 5, 6, 4, 7, 1, 10, 1, 7, 5, 7, 9, 1, 8, 9, 5, 7, 3, 9, 10, 8, 3, 7, 1, 10, 8, 7, 8, 8, 9, 3, 8, 8, 10, 8, 4, 5, 8, 10, 9, 6, 10, 7, 8, 8, 9, 10, 4, 1, 1, 1, 2, 1, 4, 4, 2]
(0.743649460740162, 0.23535106500785238, 0.6918525528331653)
[3, 2, 2, 4, 9, 10, 9, 5, 6, 3, 7, 1, 10, 1, 9, 5, 6, 9, 1, 8, 9, 5, 7, 3, 9, 10, 8, 3, 7, 4, 6, 8, 9, 8, 7, 9, 10, 8, 8, 8, 7, 7, 8, 8, 10, 8, 5, 10, 7, 8, 8, 6, 10, 4, 1, 1, 1, 2, 1, 4, 4, 2]
(0.7464721042304007, 0.23338326262601097, 0.6933061337758804)
[3, 2, 2, 2, 5, 1, 9, 9, 6, 7, 7, 1, 10, 8, 9, 5, 1, 9, 1, 8, 9, 4, 5, 7, 9, 10, 6, 3, 2, 2, 10, 8, 10, 4, 10, 9, 7, 3, 8, 9, 8, 4, 5, 8, 10, 9, 6, 10, 7, 8, 8, 7, 10, 10, 1, 1, 1, 2, 1, 4, 4, 2]
(0.7441986578209665, 0.27870478679391386, 0.6774255983312978)
[3, 2, 2, 2, 5, 1, 9, 9, 6, 7, 7, 1, 10, 8, 9, 5, 1, 9, 1, 8, 9, 4, 5, 7, 7, 10, 6, 3, 7, 2, 6, 8, 9, 6, 6, 8, 7, 3, 8, 9, 8, 4, 5, 8, 10, 9, 6, 10, 7, 8, 8, 7, 10, 10, 1, 1, 1, 2, 1, 4, 4, 2]
(0.7444914167981274, 0.2779632134190575, 0.6795163225066375)
[7, 6, 7, 4, 3, 4, 7, 3, 9, 9, 8, 10, 5, 4, 9, 6, 8, 9, 1, 6, 9, 5, 7, 9, 7, 8, 2, 9, 7, 7, 6, 8, 3, 10, 7, 3, 9, 4, 8, 8, 8, 7, 10, 7, 5, 8, 8, 3, 9, 4, 7, 6, 10, 10, 2, 6, 5, 2, 2, 6, 8, 2]
(0.6260633974733572, 0.46616564001112165, 0.6146167326010921)
[3, 2, 2, 4, 9, 10, 9, 9, 6, 7, 7, 1, 10, 8, 8, 5, 1, 9, 1, 8, 5, 4, 5, 7, 8, 7, 5, 5, 2, 4, 6, 10, 7, 8, 8, 7, 9, 8, 8, 6, 8, 4, 5, 8, 10, 9, 6, 5, 7, 8, 8, 7, 10, 10, 1, 1, 1, 2, 1, 4, 4, 2]
(0.7452586244922409, 0.27782389991744116, 0.6843554289184113)
[3, 2, 2, 4, 9, 10, 9, 9, 6, 7, 7, 1, 10, 8, 9, 5, 1, 9, 1, 8, 9, 4, 5, 7, 9, 10, 6, 3, 2, 2, 10, 8, 10, 8, 10, 9, 7, 3, 8, 10, 8, 4, 5, 8, 10, 9, 6, 10, 7, 8, 8, 7, 10, 10, 1, 1, 1, 2, 1, 4, 4, 2]
(0.7445696514500146, 0.27798909511486003, 0.6884645478432604)
[3, 2, 8, 4, 3, 8, 7, 3, 9, 9, 8, 10, 10, 1, 7, 7, 7, 9, 1, 6, 9, 5, 9, 7, 7, 10, 5, 5, 4, 4, 6, 8, 9, 8, 7, 7, 4, 8, 8, 8, 7, 7, 8, 8, 10, 8, 5, 10, 5, 9, 4, 8, 2, 4, 1, 1, 1, 2, 5, 4, 5, 2]
(0.4160551362922478, 0.6240280602980995, 0.6761347234873955)
[3, 2, 8, 4, 3, 8, 7, 3, 9, 9, 8, 10, 10, 1, 7, 7, 7, 9, 1, 6, 9, 5, 9, 7, 7, 10, 5, 5, 4, 4, 6, 8, 9, 8, 7, 7, 4, 8, 8, 8, 7, 7, 8, 8, 10, 8, 5, 10, 5, 9, 4, 8, 2, 4, 1, 1, 1, 2, 5, 4, 5, 2]
(0.4160551362922478, 0.6240280602980995, 0.6761347234873955)
[1, 7, 2, 4, 9, 10, 9, 5, 6, 4, 7, 10, 10, 1, 7, 6, 7, 6, 1, 6, 9, 4, 5, 7, 9, 10, 6, 3, 7, 2, 6, 8, 9, 6, 6, 8, 4, 10, 6, 7, 3, 6, 8, 8, 8, 8, 8, 10, 10, 9, 7, 3, 2, 4, 1, 1, 1, 2, 5, 4, 4, 2]
(0.7446037023971238, 0.3085278958717178, 0.6744006801885138)
[3, 2, 8, 2, 3, 8, 7, 3, 8, 9, 8, 10, 10, 1, 7, 6, 7, 9, 1, 6, 9, 5, 9, 7, 7, 10, 5, 5, 4, 4, 6, 8, 9, 8, 7, 7, 4, 7, 8, 10, 8, 4, 5, 8, 10, 9, 6, 10, 5, 9, 4, 8, 2, 4, 1, 1, 1, 2, 5, 4, 5, 2]
(0.6357425028623332, 0.4433000164709093, 0.6764748901048463)
[1, 7, 2, 9, 9, 10, 9, 5, 6, 4, 2, 10, 10, 1, 7, 5, 7, 9, 1, 8, 9, 5, 7, 9, 10, 10, 5, 8, 1, 4, 4, 8, 9, 6, 6, 8, 4, 8, 9, 7, 3, 6, 5, 8, 10, 9, 6, 10, 5, 9, 4, 8, 2, 4, 1, 1, 1, 2, 5, 4, 3, 1]
(0.7455018220848924, 0.3371657389173779, 0.6773369670754931)
[1, 7, 2, 4, 9, 10, 9, 5, 6, 4, 7, 10, 10, 1, 7, 5, 7, 9, 1, 8, 9, 5, 7, 3, 8, 10, 5, 4, 1, 4, 6, 8, 9, 6, 6, 8, 4, 8, 6, 7, 3, 6, 8, 8, 8, 8, 8, 10, 10, 9, 7, 3, 2, 4, 1, 1, 1, 2, 5, 4, 4, 2]
(0.7421938109522743, 0.33903663131746914, 0.6819065413554846)
[1, 8, 9, 4, 9, 10, 9, 5, 6, 6, 7, 10, 10, 1, 7, 5, 7, 9, 1, 8, 9, 5, 7, 3, 8, 10, 5, 4, 1, 2, 10, 8, 10, 8, 5, 9, 4, 2, 6, 7, 3, 6, 8, 8, 8, 8, 8, 10, 10, 9, 7, 3, 2, 4, 1, 1, 1, 2, 5, 4, 4, 2]
(0.7426509228306818, 0.3398071981331488, 0.6821744763093811)
[1, 7, 2, 4, 9, 10, 9, 5, 6, 4, 7, 5, 10, 7, 7, 5, 7, 9, 1, 8, 9, 4, 7, 3, 8, 7, 5, 4, 4, 4, 6, 8, 5, 3, 6, 9, 4, 2, 6, 7, 10, 6, 8, 6, 10, 7, 5, 5, 10, 9, 7, 8, 6, 4, 1, 1, 1, 2, 5, 4, 4, 2]
(0.7444989019919812, 0.3401395812588307, 0.6810143442649823)
[1, 7, 2, 4, 7, 10, 9, 5, 6, 4, 7, 10, 10, 1, 7, 6, 7, 6, 1, 6, 9, 4, 5, 7, 9, 10, 6, 5, 4, 4, 6, 8, 9, 6, 7, 8, 4, 10, 6, 7, 3, 6, 8, 8, 8, 8, 8, 10, 10, 9, 7, 3, 2, 4, 1, 1, 1, 2, 5, 4, 4, 2]
(0.7452363279901165, 0.3374956075059744, 0.6836702125346606)
[1, 8, 9, 4, 9, 10, 9, 5, 6, 6, 7, 10, 10, 1, 7, 5, 7, 9, 1, 8, 9, 8, 7, 3, 8, 10, 5, 9, 4, 2, 10, 8, 10, 8, 5, 9, 4, 2, 6, 7, 3, 6, 8, 8, 8, 8, 8, 10, 10, 9, 7, 3, 2, 4, 1, 1, 1, 2, 5, 4, 4, 2]
(0.7457297452314762, 0.3406197758179821, 0.6823054336657539)
[1, 2, 10, 2, 5, 10, 9, 5, 6, 6, 7, 10, 10, 1, 7, 5, 7, 9, 1, 8, 9, 5, 7, 3, 8, 10, 5, 10, 1, 2, 10, 8, 10, 8, 5, 8, 4, 8, 9, 7, 3, 6, 8, 8, 8, 8, 8, 10, 10, 9, 7, 3, 2, 4, 1, 1, 1, 2, 5, 4, 4, 2]
(0.7445558349971121, 0.33959240322001133, 0.6854568040617197)
[7, 6, 2, 4, 3, 8, 7, 3, 9, 9, 8, 10, 1, 1, 7, 7, 7, 9, 1, 6, 9, 5, 7, 9, 7, 8, 6, 9, 9, 6, 6, 5, 6, 10, 7, 3, 10, 4, 8, 8, 8, 7, 8, 9, 5, 9, 8, 3, 10, 4, 7, 5, 10, 10, 2, 6, 5, 2, 2, 6, 8, 2]
(0.7278581800663165, 0.6181955977420605, 0.44287317894764666)
[3, 8, 8, 4, 3, 8, 10, 3, 9, 9, 8, 10, 5, 4, 1, 6, 7, 9, 1, 6, 9, 4, 5, 7, 9, 10, 6, 3, 2, 2, 10, 8, 3, 10, 7, 3, 10, 4, 8, 8, 8, 7, 8, 10, 10, 9, 5, 10, 3, 9, 7, 3, 2, 4, 3, 1, 1, 2, 5, 4, 5, 2]
(0.7301394666180019, 0.6201977112097635, 0.43862941280965134)
[8, 5, 2, 7, 5, 1, 7, 9, 4, 5, 1, 9, 3, 5, 7, 7, 7, 9, 1, 6, 9, 5, 7, 9, 7, 8, 4, 9, 10, 7, 6, 9, 8, 8, 9, 3, 10, 2, 10, 7, 4, 3, 8, 8, 8, 6, 8, 10, 7, 2, 5, 6, 9, 3, 3, 2, 4, 5, 2, 3, 10, 4]
(0.21879398797413846, 0.6271162085933579, 0.9507061553080315)
[8, 5, 2, 6, 5, 1, 7, 9, 4, 5, 2, 5, 7, 1, 7, 5, 7, 9, 7, 6, 9, 5, 7, 9, 7, 3, 4, 9, 9, 8, 4, 5, 6, 7, 9, 10, 8, 2, 10, 7, 4, 5, 8, 1, 8, 3, 4, 1, 7, 8, 5, 6, 9, 3, 3, 2, 4, 5, 2, 3, 10, 7]
(0.21976367944452777, 0.6264603846007927, 0.9555728961017566)
[6, 7, 6, 2, 5, 4, 7, 10, 7, 5, 1, 9, 3, 7, 7, 1, 7, 5, 7, 10, 6, 10, 8, 7, 6, 4, 4, 7, 8, 8, 6, 9, 8, 8, 9, 10, 8, 2, 10, 7, 4, 6, 8, 8, 8, 6, 8, 10, 7, 2, 2, 7, 6, 10, 2, 6, 5, 2, 2, 6, 8, 2]
(0.21818021714623753, 1.0752636083401648, 0.5369177441044186)
[3, 8, 8, 4, 3, 8, 10, 3, 9, 9, 8, 10, 5, 4, 1, 6, 7, 9, 1, 6, 9, 5, 7, 9, 7, 8, 4, 9, 7, 7, 6, 8, 3, 10, 7, 3, 10, 4, 8, 8, 8, 7, 8, 10, 10, 9, 5, 10, 3, 9, 7, 3, 2, 4, 1, 1, 1, 2, 5, 4, 5, 2]
(0.7324576471650126, 0.4345640522646974, 0.686950901852724)
[3, 2, 8, 4, 3, 8, 7, 3, 9, 9, 8, 10, 10, 1, 7, 7, 2, 9, 1, 6, 9, 5, 9, 7, 7, 10, 8, 3, 7, 1, 10, 8, 7, 8, 6, 9, 3, 8, 8, 10, 7, 7, 8, 8, 10, 8, 5, 10, 5, 9, 4, 5, 2, 4, 1, 1, 1, 2, 5, 4, 5, 2]
(0.7443165893940229, 0.4408311616464995, 0.6716502979037748)
[3, 7, 10, 2, 5, 9, 7, 3, 9, 9, 2, 9, 9, 4, 9, 6, 5, 9, 1, 7, 6, 5, 7, 9, 7, 8, 4, 9, 4, 5, 5, 8, 3, 6, 5, 9, 10, 8, 8, 8, 7, 7, 8, 8, 10, 8, 5, 7, 5, 9, 4, 5, 2, 4, 1, 2, 1, 2, 5, 4, 4, 2]
(0.7437540533550004, 0.4392922807430065, 0.6778721888205779)
[3, 7, 8, 2, 5, 9, 7, 4, 7, 8, 2, 9, 9, 4, 9, 6, 5, 9, 1, 7, 5, 5, 10, 7, 3, 10, 5, 5, 4, 4, 6, 8, 9, 8, 7, 9, 10, 8, 8, 8, 7, 7, 8, 8, 8, 8, 6, 10, 5, 9, 4, 5, 2, 4, 1, 1, 1, 2, 5, 4, 4, 2]
(0.7440720107201017, 0.43886672842918795, 0.6802230276770105)
[3, 2, 10, 2, 5, 9, 7, 3, 9, 9, 2, 9, 9, 4, 9, 6, 5, 9, 1, 7, 6, 5, 7, 9, 7, 8, 4, 9, 4, 5, 5, 8, 3, 6, 5, 9, 10, 8, 8, 8, 7, 7, 8, 8, 10, 8, 5, 7, 5, 9, 4, 5, 2, 4, 1, 1, 1, 2, 5, 4, 5, 2]
(0.28736730329739196, 1.0838051798753345, 0.5274218880548573)
[1, 2, 10, 2, 5, 9, 7, 3, 9, 9, 2, 4, 9, 4, 9, 6, 5, 9, 1, 7, 6, 5, 7, 8, 7, 1, 5, 5, 2, 4, 6, 10, 7, 8, 8, 7, 9, 8, 8, 6, 8, 7, 8, 9, 9, 8, 5, 7, 5, 9, 4, 5, 2, 4, 1, 1, 1, 2, 5, 4, 5, 2]
(0.7475783071285701, 0.6251765075682942, 0.5388622102727934)
[3, 6, 2, 2, 3, 8, 7, 3, 9, 9, 8, 10, 5, 1, 7, 7, 7, 9, 1, 6, 9, 5, 7, 9, 7, 8, 4, 9, 9, 7, 6, 8, 6, 10, 7, 3, 10, 4, 8, 8, 8, 7, 1, 10, 6, 8, 8, 3, 10, 4, 7, 5, 10, 10, 2, 6, 5, 2, 2, 6, 8, 2]
(0.2988005757490454, 1.0077034703455778, 0.614998410829071)
[7, 6, 7, 4, 3, 4, 7, 3, 9, 9, 8, 10, 5, 4, 9, 6, 7, 9, 1, 6, 9, 5, 7, 9, 7, 8, 4, 9, 9, 6, 6, 5, 6, 10, 7, 3, 9, 4, 8, 8, 8, 7, 8, 7, 5, 8, 8, 3, 10, 4, 7, 6, 10, 10, 2, 6, 5, 2, 2, 6, 8, 2]
(0.2100249474061282, 1.063808190915725, 0.6726304153161909)
[7, 6, 7, 4, 3, 4, 7, 3, 9, 9, 8, 10, 5, 4, 9, 6, 7, 9, 1, 6, 9, 5, 7, 9, 7, 8, 4, 9, 9, 6, 6, 5, 6, 10, 7, 3, 9, 4, 8, 8, 8, 7, 8, 7, 5, 8, 8, 3, 10, 4, 7, 6, 10, 10, 2, 6, 5, 2, 2, 6, 8, 2]
(0.2100249474061282, 1.063808190915725, 0.6726304153161909)
[7, 6, 7, 4, 3, 4, 7, 3, 9, 9, 8, 10, 5, 4, 9, 6, 7, 9, 1, 6, 9, 5, 7, 9, 7, 8, 4, 9, 9, 6, 6, 5, 6, 10, 7, 3, 9, 4, 8, 8, 8, 7, 8, 7, 5, 8, 8, 3, 10, 4, 7, 6, 10, 10, 2, 6, 5, 2, 2, 6, 8, 2]
(0.2100249474061282, 1.063808190915725, 0.6726304153161909)
[6, 9, 6, 1, 4, 4, 7, 10, 4, 5, 1, 9, 3, 4, 7, 1, 7, 5, 5, 10, 6, 10, 8, 7, 7, 8, 4, 7, 8, 8, 6, 9, 8, 8, 9, 10, 8, 2, 10, 7, 6, 6, 8, 8, 8, 6, 8, 10, 7, 2, 2, 7, 6, 10, 2, 6, 5, 2, 2, 6, 8, 2]
(0.22052459258269852, 1.0629331818781707, 0.6755540299897896)
[6, 9, 6, 1, 5, 4, 7, 10, 4, 5, 1, 9, 3, 4, 7, 1, 7, 5, 5, 10, 6, 10, 8, 7, 7, 8, 4, 7, 8, 8, 6, 9, 8, 8, 9, 10, 9, 2, 10, 7, 4, 3, 8, 5, 8, 6, 8, 10, 7, 2, 2, 7, 6, 10, 2, 6, 5, 2, 2, 6, 8, 2]
(0.21953203320694106, 1.0666155640967103, 0.6840276191216539)
[7, 9, 6, 3, 5, 4, 7, 10, 4, 5, 1, 9, 3, 4, 7, 1, 7, 5, 5, 10, 6, 10, 8, 7, 7, 8, 4, 7, 8, 8, 6, 9, 8, 8, 9, 10, 9, 2, 10, 7, 4, 3, 8, 5, 8, 6, 8, 10, 7, 2, 2, 7, 6, 10, 2, 6, 5, 2, 2, 6, 8, 2]
(0.21871493421207, 1.0662912775762292, 0.6854299736956482)
[6, 9, 6, 3, 5, 4, 7, 10, 7, 5, 1, 9, 3, 4, 7, 1, 7, 5, 5, 10, 6, 10, 8, 7, 6, 4, 4, 7, 8, 8, 6, 9, 8, 8, 9, 10, 8, 2, 10, 7, 4, 3, 8, 8, 8, 6, 8, 10, 7, 2, 2, 7, 6, 10, 2, 6, 5, 2, 2, 6, 8, 2]
(0.2198217817076576, 1.0639082814566705, 0.6895571746223154)
[6, 9, 6, 3, 5, 4, 7, 10, 4, 5, 1, 9, 3, 4, 7, 1, 7, 5, 5, 10, 6, 10, 8, 7, 7, 8, 4, 7, 8, 8, 6, 9, 8, 8, 9, 10, 9, 2, 10, 7, 4, 3, 8, 5, 8, 6, 8, 10, 7, 2, 2, 7, 6, 10, 2, 6, 5, 2, 2, 6, 8, 2]
(0.219839915398292, 1.0687120250426145, 0.6853917744161879)
[6, 9, 6, 3, 5, 4, 7, 10, 4, 5, 1, 9, 3, 4, 7, 1, 7, 5, 5, 10, 6, 10, 8, 7, 7, 8, 4, 7, 8, 8, 6, 9, 8, 8, 9, 10, 9, 2, 10, 7, 4, 3, 8, 5, 8, 6, 8, 10, 7, 2, 2, 7, 6, 10, 2, 6, 5, 2, 2, 6, 8, 2]
(0.219839915398292, 1.0687120250426145, 0.6853917744161879)
[6, 9, 6, 3, 5, 4, 7, 10, 7, 5, 1, 9, 3, 4, 7, 1, 7, 5, 5, 10, 6, 10, 8, 7, 7, 8, 4, 7, 8, 8, 6, 9, 8, 8, 9, 10, 8, 2, 10, 7, 4, 3, 8, 8, 8, 6, 8, 10, 7, 2, 2, 7, 6, 10, 2, 6, 5, 2, 2, 6, 8, 2]
(0.21943815514681675, 1.0720049132592888, 0.6860845923784125)
[1, 7, 2, 4, 9, 10, 9, 5, 6, 4, 7, 10, 10, 1, 7, 6, 7, 6, 1, 6, 9, 4, 5, 7, 9, 10, 6, 3, 7, 2, 6, 8, 9, 6, 6, 8, 7, 3, 6, 7, 10, 10, 8, 5, 10, 7, 5, 5, 10, 4, 7, 4, 6, 4, 1, 1, 1, 2, 5, 4, 4, 2]
(0.7450124372060257, 0.6239781747184041, 0.6353181981014894)
[7, 6, 7, 4, 3, 4, 7, 3, 9, 9, 8, 10, 5, 4, 9, 6, 7, 9, 1, 6, 9, 5, 7, 9, 7, 8, 4, 9, 9, 6, 6, 8, 3, 10, 7, 3, 9, 4, 8, 8, 7, 7, 10, 7, 5, 8, 8, 3, 10, 4, 7, 6, 10, 10, 2, 6, 5, 2, 2, 6, 8, 2]
(0.286423783539231, 1.0590488682500934, 0.6735844065582773)
[3, 2, 8, 4, 3, 8, 7, 3, 9, 9, 8, 10, 10, 1, 7, 7, 2, 9, 1, 6, 9, 5, 9, 7, 7, 10, 8, 3, 7, 1, 10, 8, 7, 8, 8, 9, 3, 8, 8, 10, 8, 7, 8, 8, 10, 8, 5, 10, 5, 9, 4, 5, 2, 4, 1, 1, 1, 2, 5, 4, 5, 2]
(0.7430221027147037, 0.6187587360308165, 0.6711728639483672)
[3, 7, 5, 1, 5, 9, 10, 1, 6, 2, 7, 1, 8, 1, 7, 7, 4, 8, 1, 6, 2, 5, 3, 7, 10, 10, 5, 2, 4, 4, 6, 8, 9, 8, 7, 7, 4, 8, 8, 8, 7, 6, 8, 6, 2, 3, 10, 10, 10, 9, 7, 5, 2, 4, 1, 1, 1, 2, 5, 4, 4, 2]
(0.28605804653343225, 1.079507576394817, 0.6723720345855996)
[1, 7, 3, 2, 6, 8, 10, 1, 4, 7, 7, 7, 9, 4, 10, 5, 7, 9, 1, 7, 5, 5, 10, 7, 7, 10, 5, 5, 4, 4, 6, 10, 7, 8, 7, 7, 9, 8, 8, 8, 7, 7, 8, 8, 8, 2, 8, 8, 10, 9, 7, 5, 2, 4, 1, 1, 1, 2, 5, 4, 4, 2]
(0.7415401675174195, 0.6268537846626681, 0.6729021900696641)
[1, 2, 10, 2, 5, 9, 7, 3, 9, 9, 2, 8, 9, 4, 9, 6, 5, 9, 1, 6, 9, 4, 5, 7, 9, 10, 6, 5, 4, 4, 6, 8, 9, 6, 7, 8, 4, 10, 6, 7, 8, 7, 8, 9, 10, 8, 5, 7, 5, 9, 4, 5, 2, 4, 1, 1, 1, 2, 5, 4, 5, 2]
(0.7457917749315469, 0.6290245332987947, 0.6684942173048003)
[1, 8, 2, 4, 9, 10, 9, 5, 6, 6, 9, 10, 10, 1, 7, 5, 7, 9, 1, 8, 9, 5, 7, 3, 8, 10, 5, 4, 1, 2, 4, 9, 10, 8, 5, 8, 4, 8, 6, 1, 3, 6, 8, 8, 10, 7, 5, 5, 10, 9, 7, 8, 6, 4, 1, 1, 1, 2, 5, 4, 4, 2]
(0.7451605824635398, 0.6239022440509839, 0.6769955095704312)
[7, 6, 7, 4, 3, 4, 7, 3, 9, 9, 8, 10, 5, 4, 9, 6, 7, 9, 1, 6, 9, 5, 7, 9, 7, 8, 4, 9, 9, 6, 6, 5, 6, 10, 7, 3, 9, 4, 8, 8, 8, 7, 8, 7, 10, 8, 8, 3, 10, 4, 7, 6, 10, 10, 2, 6, 5, 2, 2, 6, 8, 2]
(0.3482084622608747, 1.0622452505864115, 0.6747476010325707)
[7, 6, 7, 4, 3, 4, 7, 3, 9, 9, 8, 10, 5, 4, 9, 6, 7, 9, 1, 6, 9, 5, 7, 9, 7, 8, 4, 9, 9, 6, 6, 5, 2, 10, 7, 3, 9, 4, 8, 8, 8, 7, 8, 7, 5, 8, 8, 3, 10, 4, 7, 6, 10, 10, 2, 6, 5, 2, 2, 6, 8, 2]
(0.4074706492898515, 1.0605741173960184, 0.675936325291846)
[7, 6, 2, 4, 3, 8, 7, 3, 9, 9, 8, 10, 1, 1, 8, 7, 7, 9, 1, 6, 9, 5, 7, 7, 7, 8, 6, 9, 9, 6, 6, 5, 6, 10, 7, 3, 10, 4, 8, 8, 8, 7, 8, 7, 5, 8, 8, 3, 10, 4, 7, 6, 10, 10, 2, 6, 5, 2, 2, 6, 8, 2]
(0.4057879390066776, 0.8657795290462625, 0.876647414283168)
[7, 6, 2, 4, 3, 8, 7, 3, 9, 9, 8, 10, 1, 1, 7, 1, 7, 9, 1, 6, 9, 5, 7, 9, 7, 8, 10, 9, 9, 6, 6, 5, 2, 10, 9, 3, 9, 4, 8, 8, 8, 7, 8, 7, 5, 8, 8, 3, 10, 4, 7, 5, 10, 10, 2, 6, 5, 2, 2, 6, 8, 2]
(0.2519994586815611, 1.0579185754991984, 0.8897050114493925)
[7, 6, 2, 4, 3, 8, 7, 3, 9, 9, 8, 10, 1, 1, 8, 7, 7, 9, 1, 6, 9, 5, 7, 9, 7, 8, 6, 9, 9, 6, 6, 5, 6, 10, 7, 3, 10, 4, 8, 8, 8, 7, 8, 9, 5, 9, 8, 3, 10, 4, 7, 5, 10, 10, 2, 6, 5, 2, 2, 6, 8, 2]
(0.7278581800663165, 1.0637280994094822, 0.4747311196936254)
[7, 6, 2, 4, 3, 9, 7, 3, 9, 9, 8, 7, 5, 1, 7, 7, 7, 9, 1, 6, 9, 5, 7, 9, 7, 3, 4, 9, 9, 7, 6, 8, 6, 10, 7, 3, 10, 4, 8, 8, 8, 6, 8, 10, 3, 8, 8, 3, 10, 4, 7, 5, 10, 10, 2, 6, 5, 2, 2, 6, 8, 2]
(0.6253723863962106, 1.068798541929564, 0.6189618147043293)
[7, 6, 2, 4, 3, 8, 7, 3, 9, 9, 8, 10, 1, 1, 7, 1, 7, 9, 1, 6, 9, 5, 7, 9, 7, 7, 6, 9, 9, 6, 6, 5, 6, 10, 7, 3, 10, 4, 8, 8, 8, 7, 8, 9, 5, 9, 8, 3, 10, 4, 7, 5, 10, 10, 2, 6, 5, 2, 2, 6, 8, 2]
(0.6228825594255527, 1.0531193193979476, 0.6607497834392765)
[7, 6, 2, 4, 3, 8, 7, 3, 9, 9, 8, 10, 1, 1, 7, 1, 7, 9, 1, 6, 9, 5, 7, 9, 7, 7, 6, 9, 9, 6, 6, 5, 6, 10, 7, 3, 10, 4, 8, 8, 8, 7, 8, 9, 5, 9, 8, 3, 10, 4, 7, 5, 10, 10, 2, 6, 5, 2, 2, 6, 8, 2]
(0.6228825594255527, 1.0531193193979476, 0.6607497834392765)
[1, 2, 10, 2, 5, 9, 7, 3, 9, 9, 2, 8, 9, 4, 9, 6, 5, 9, 1, 7, 6, 5, 7, 9, 7, 1, 4, 9, 4, 5, 6, 5, 6, 10, 7, 3, 10, 4, 8, 8, 8, 7, 8, 9, 10, 8, 5, 7, 5, 9, 4, 5, 2, 4, 1, 1, 1, 2, 5, 4, 5, 2]
(0.7479174816655292, 1.083533890638491, 0.529386294335374)
[1, 2, 10, 2, 5, 9, 7, 3, 9, 9, 2, 8, 9, 4, 9, 6, 5, 9, 1, 7, 6, 5, 7, 9, 7, 1, 4, 9, 4, 5, 6, 5, 6, 10, 7, 3, 10, 4, 8, 8, 8, 7, 8, 9, 10, 8, 5, 7, 5, 9, 4, 5, 2, 4, 1, 1, 1, 2, 5, 4, 5, 2]
(0.7479174816655292, 1.083533890638491, 0.529386294335374)
