[3, 3, 8, 4, 6, 8, 9, 4, 5, 8, 4, 4, 10, 2, 5, 6, 8, 8, 7, 1, 3, 3, 9, 10, 5, 5, 8, 3, 1, 8, 2, 3, 7, 2, 7, 10, 5, 1, 5, 6, 3, 6, 5, 8, 7, 5, 10, 6, 4, 9, 7, 10, 6, 5, 5, 3, 5, 5, 4, 5, 8, 5]
(0.0, 0.0, 0.0)
[7, 7, 1, 6, 9, 2, 9, 7, 2, 3, 3, 7, 3, 2, 7, 4, 10, 10, 7, 7, 3, 4, 5, 1, 7, 8, 1, 9, 9, 5, 2, 7, 2, 3, 3, 10, 3, 3, 7, 10, 1, 7, 2, 8, 5, 6, 4, 8, 8, 8, 7, 9, 4, 5, 5, 5, 5, 5, 4, 3, 1, 1]
(0.0, 0.0, 0.007264891637587621)
[1, 9, 5, 6, 3, 2, 6, 7, 2, 3, 3, 6, 10, 2, 1, 6, 4, 4, 7, 3, 6, 10, 4, 1, 8, 9, 2, 10, 8, 3, 7, 7, 2, 3, 3, 10, 5, 1, 7, 9, 3, 8, 8, 1, 3, 7, 9, 8, 6, 8, 6, 9, 10, 9, 6, 1, 5, 4, 3, 3, 8, 1]
(0.531909054590413, 0.0, 0.0)
[7, 7, 6, 2, 5, 1, 6, 6, 9, 7, 4, 4, 10, 2, 7, 8, 10, 6, 7, 5, 3, 4, 5, 7, 7, 8, 3, 9, 9, 5, 9, 7, 5, 10, 6, 2, 3, 3, 5, 3, 7, 4, 5, 10, 7, 8, 5, 8, 8, 5, 6, 9, 4, 5, 5, 5, 4, 5, 4, 3, 8, 1]
(0.0, 0.0, 0.6268055936311288)
[7, 7, 6, 2, 5, 1, 6, 6, 9, 7, 4, 4, 10, 2, 7, 4, 10, 7, 7, 5, 3, 4, 5, 7, 7, 8, 3, 9, 9, 5, 9, 7, 5, 10, 6, 2, 3, 3, 5, 3, 7, 4, 5, 10, 7, 8, 5, 8, 8, 5, 6, 9, 4, 5, 5, 5, 4, 5, 4, 3, 8, 1]
(0.0, 0.0, 0.6542516183285904)
[7, 6, 8, 6, 5, 1, 6, 10, 9, 7, 4, 4, 10, 2, 7, 4, 10, 7, 7, 5, 3, 4, 5, 7, 7, 8, 3, 9, 9, 5, 9, 7, 5, 10, 6, 2, 3, 3, 5, 3, 7, 4, 5, 10, 7, 8, 5, 8, 8, 5, 6, 9, 4, 5, 5, 5, 4, 5, 4, 3, 8, 1]
(0.0, 0.13280939505287895, 0.6484761940427506)
[7, 6, 8, 6, 5, 1, 6, 10, 9, 7, 4, 4, 10, 2, 7, 4, 10, 7, 7, 5, 3, 4, 5, 7, 7, 8, 3, 9, 9, 5, 9, 7, 5, 10, 6, 2, 3, 3, 5, 3, 7, 4, 5, 10, 7, 8, 5, 8, 8, 5, 6, 9, 4, 5, 5, 5, 4, 5, 4, 3, 8, 1]
(0.0, 0.13280939505287895, 0.6484761940427506)
[7, 6, 8, 6, 5, 1, 6, 10, 9, 7, 4, 4, 10, 2, 7, 4, 10, 7, 7, 5, 3, 4, 5, 7, 7, 8, 3, 9, 9, 5, 9, 8, 5, 10, 6, 4, 3, 3, 5, 3, 7, 4, 5, 10, 7, 8, 5, 8, 8, 5, 6, 9, 4, 5, 5, 5, 4, 5, 4, 3, 8, 1]
(0.0, 0.1318313864127988, 0.6498293645071104)
[8, 7, 6, 2, 5, 1, 6, 6, 9, 7, 4, 1, 10, 10, 3, 6, 7, 3, 7, 3, 5, 4, 5, 7, 7, 8, 3, 9, 9, 5, 9, 7, 5, 10, 6, 2, 3, 3, 5, 3, 7, 4, 5, 10, 7, 8, 5, 8, 8, 5, 6, 9, 4, 5, 5, 4, 4, 5, 4, 3, 8, 1]
(0.0, 0.14121663600677695, 0.6423837711448448)
[8, 7, 6, 2, 5, 1, 6, 6, 9, 7, 4, 1, 10, 10, 3, 6, 8, 3, 7, 3, 5, 4, 5, 7, 7, 8, 3, 9, 9, 5, 9, 7, 5, 10, 6, 2, 3, 3, 5, 3, 7, 4, 5, 10, 7, 8, 5, 8, 8, 5, 6, 9, 4, 5, 5, 4, 4, 5, 4, 3, 8, 1]
(0.0, 0.14116614855520732, 0.6434179621448588)
[8, 7, 6, 4, 5, 1, 6, 6, 9, 7, 4, 1, 10, 10, 3, 6, 8, 3, 7, 3, 5, 4, 6, 7, 7, 8, 3, 9, 9, 5, 9, 7, 5, 10, 6, 2, 3, 3, 5, 3, 7, 4, 5, 10, 7, 8, 5, 8, 8, 5, 6, 9, 4, 5, 5, 4, 4, 5, 4, 3, 8, 1]
(0.0, 0.14225947373678266, 0.6501335051160113)
[7, 7, 6, 2, 5, 1, 6, 6, 9, 7, 4, 1, 10, 10, 7, 4, 10, 7, 7, 5, 3, 4, 5, 7, 7, 8, 3, 9, 9, 5, 9, 7, 5, 10, 6, 2, 3, 3, 5, 3, 7, 4, 5, 10, 7, 8, 5, 8, 8, 5, 6, 9, 4, 5, 5, 4, 4, 5, 4, 3, 8, 1]
(0.0, 0.14151909395395923, 0.6608894075849797)
[7, 3, 8, 6, 1, 4, 9, 4, 5, 7, 4, 4, 1, 2, 6, 10, 1, 4, 8, 3, 8, 4, 5, 7, 7, 8, 1, 9, 9, 5, 2, 7, 2, 7, 7, 6, 8, 7, 8, 10, 5, 2, 5, 10, 10, 6, 4, 8, 10, 4, 7, 9, 6, 5, 5, 5, 5, 5, 4, 3, 8, 1]
(0.0, 0.5752188977795375, 0.23424503318918516)
[7, 10, 1, 6, 4, 2, 9, 4, 5, 7, 4, 4, 10, 2, 7, 7, 1, 2, 9, 8, 8, 4, 5, 7, 7, 8, 1, 6, 9, 5, 2, 7, 8, 7, 7, 6, 9, 7, 8, 10, 5, 3, 7, 3, 4, 6, 4, 8, 5, 2, 7, 9, 5, 10, 5, 5, 5, 5, 4, 5, 8, 1]
(0.0, 0.5879306511472742, 0.2224191882626665)
[7, 3, 10, 6, 9, 2, 9, 4, 3, 7, 5, 3, 1, 2, 6, 10, 1, 4, 8, 3, 6, 4, 5, 7, 7, 6, 6, 5, 9, 5, 2, 7, 7, 7, 7, 10, 8, 8, 7, 10, 5, 5, 4, 10, 7, 8, 5, 8, 9, 5, 6, 9, 4, 5, 5, 5, 5, 5, 4, 3, 8, 1]
(0.0, 0.5967858779634629, 0.2341404612961813)
[7, 7, 1, 6, 9, 2, 7, 7, 2, 3, 3, 7, 3, 2, 7, 4, 10, 10, 7, 5, 10, 4, 5, 7, 9, 8, 1, 6, 8, 5, 2, 7, 2, 7, 7, 6, 8, 7, 8, 10, 5, 7, 5, 10, 10, 6, 4, 8, 10, 7, 7, 9, 2, 5, 5, 5, 5, 5, 4, 5, 8, 1]
(0.0, 0.6027010845581159, 0.23478037051090891)
[7, 3, 10, 6, 9, 2, 9, 4, 3, 7, 5, 3, 1, 2, 6, 9, 1, 4, 8, 3, 6, 10, 4, 7, 1, 9, 2, 6, 3, 3, 7, 9, 6, 7, 3, 10, 8, 8, 7, 10, 5, 5, 4, 10, 7, 8, 5, 8, 9, 5, 6, 2, 4, 5, 5, 5, 5, 5, 4, 3, 8, 1]
(0.0, 0.6214060120785214, 0.2198446727700656)
[7, 3, 10, 6, 9, 2, 9, 4, 3, 7, 10, 3, 1, 2, 6, 2, 1, 4, 8, 3, 6, 10, 4, 1, 6, 9, 2, 6, 3, 3, 6, 9, 6, 7, 3, 10, 8, 8, 7, 10, 5, 5, 4, 10, 7, 8, 5, 8, 9, 5, 6, 9, 4, 5, 5, 5, 5, 5, 4, 3, 8, 1]
(0.0, 0.612186378534998, 0.23086636428030796)
[7, 3, 10, 6, 9, 2, 9, 4, 3, 7, 10, 3, 1, 2, 6, 2, 1, 4, 8, 3, 6, 10, 4, 1, 6, 9, 2, 6, 3, 3, 6, 9, 6, 7, 3, 10, 8, 8, 7, 10, 5, 5, 4, 10, 7, 8, 5, 8, 9, 5, 6, 9, 4, 5, 5, 5, 5, 5, 4, 3, 8, 1]
(0.0, 0.612186378534998, 0.23086636428030796)
[7, 3, 10, 6, 9, 2, 9, 4, 3, 7, 5, 3, 1, 2, 6, 9, 1, 4, 8, 2, 6, 10, 4, 2, 4, 9, 2, 6, 6, 3, 4, 9, 5, 7, 3, 10, 8, 8, 7, 10, 5, 5, 4, 10, 7, 8, 5, 8, 9, 7, 6, 9, 4, 5, 5, 5, 5, 5, 4, 3, 8, 1]
(0.0, 0.6126828180625982, 0.23355650628648503)
[9, 3, 8, 4, 6, 8, 9, 4, 9, 3, 3, 7, 3, 2, 7, 4, 1, 10, 7, 5, 3, 4, 5, 9, 7, 8, 1, 9, 9, 5, 2, 7, 2, 3, 3, 10, 8, 3, 7, 10, 5, 4, 5, 10, 7, 8, 5, 8, 8, 5, 10, 2, 9, 5, 5, 5, 5, 5, 4, 3, 8, 1]
(0.0, 0.588249241374428, 0.26532913896398147)
[7, 3, 10, 6, 9, 2, 9, 4, 3, 7, 5, 3, 1, 2, 6, 9, 1, 4, 8, 2, 6, 10, 4, 2, 1, 9, 2, 6, 3, 3, 4, 9, 5, 7, 3, 10, 8, 8, 7, 10, 5, 5, 4, 10, 7, 8, 5, 8, 9, 7, 6, 9, 4, 5, 5, 5, 5, 5, 4, 3, 8, 1]
(0.0, 0.6394451044960473, 0.21885412860382097)
[10, 3, 7, 9, 9, 5, 9, 2, 9, 4, 9, 7, 3, 5, 3, 6, 8, 3, 7, 3, 5, 10, 4, 5, 10, 9, 5, 6, 8, 8, 2, 6, 7, 2, 9, 5, 8, 8, 8, 9, 3, 4, 3, 1, 6, 6, 9, 8, 8, 5, 7, 6, 4, 4, 5, 5, 5, 5, 3, 3, 6, 8]
(0.1607724421110706, 0.0, 0.7446636073869145)
[7, 10, 1, 6, 4, 2, 9, 4, 5, 7, 4, 4, 10, 2, 7, 7, 1, 2, 9, 8, 8, 4, 5, 7, 7, 8, 1, 6, 9, 5, 2, 7, 8, 7, 7, 6, 9, 7, 8, 10, 5, 3, 5, 3, 4, 6, 4, 8, 5, 5, 7, 9, 5, 10, 5, 5, 5, 5, 4, 5, 8, 1]
(0.0, 0.7380923276767082, 0.22306769141299018)
[8, 7, 6, 2, 5, 1, 6, 6, 9, 7, 4, 1, 10, 10, 5, 6, 8, 3, 7, 3, 5, 4, 6, 7, 7, 8, 3, 9, 9, 5, 9, 7, 5, 10, 6, 2, 3, 3, 4, 3, 7, 4, 5, 10, 7, 8, 5, 8, 8, 5, 6, 9, 4, 5, 5, 4, 4, 5, 4, 3, 8, 1]
(0.17643118110701042, 0.14131848255481924, 0.6449288977454838)
[7, 9, 5, 6, 3, 2, 6, 7, 2, 3, 6, 6, 6, 2, 5, 9, 6, 7, 9, 3, 6, 10, 4, 1, 8, 9, 2, 10, 8, 3, 7, 8, 6, 7, 1, 1, 9, 10, 7, 9, 3, 8, 1, 1, 4, 7, 7, 8, 8, 9, 6, 9, 10, 1, 6, 2, 5, 4, 3, 3, 6, 1]
(0.5378199967451045, 0.4250909631270694, 0.0)
[7, 7, 6, 2, 5, 1, 6, 6, 9, 7, 4, 1, 10, 10, 7, 4, 10, 7, 7, 5, 3, 4, 5, 7, 7, 8, 3, 9, 9, 5, 9, 7, 5, 8, 6, 2, 3, 3, 5, 3, 7, 4, 5, 10, 7, 8, 5, 8, 8, 5, 6, 9, 4, 5, 5, 5, 4, 5, 4, 3, 8, 1]
(0.24162760748671644, 0.12759445947297607, 0.597412409152843)
[7, 2, 8, 4, 6, 8, 5, 4, 10, 3, 4, 7, 3, 2, 10, 4, 10, 10, 7, 5, 3, 10, 4, 7, 7, 8, 3, 9, 9, 5, 9, 7, 5, 10, 6, 2, 3, 3, 7, 3, 7, 4, 5, 10, 7, 8, 5, 8, 8, 5, 6, 9, 4, 5, 5, 5, 5, 5, 4, 3, 9, 1]
(0.16340581198045773, 0.13171045348590124, 0.6725853326229589)
[7, 2, 8, 4, 6, 8, 5, 4, 10, 3, 4, 7, 3, 2, 10, 4, 10, 10, 7, 3, 5, 4, 5, 7, 7, 8, 3, 9, 9, 5, 9, 7, 5, 10, 6, 2, 3, 3, 7, 3, 7, 4, 5, 10, 7, 8, 5, 8, 8, 5, 6, 9, 4, 5, 5, 5, 5, 5, 4, 3, 9, 1]
(0.1642682260615424, 0.13867515000882255, 0.6769407686222293)
[7, 7, 1, 3, 9, 5, 9, 2, 5, 3, 9, 7, 3, 5, 1, 6, 10, 10, 7, 7, 3, 4, 5, 1, 7, 8, 2, 10, 9, 5, 2, 7, 2, 3, 3, 10, 3, 3, 7, 10, 1, 7, 2, 8, 5, 6, 4, 8, 8, 5, 7, 6, 4, 4, 5, 5, 5, 4, 4, 3, 8, 1]
(0.2955024842954827, 0.6877651540562463, 0.0)
[9, 3, 8, 4, 6, 8, 9, 4, 5, 7, 4, 4, 1, 2, 6, 10, 6, 4, 8, 3, 6, 10, 4, 1, 6, 9, 7, 6, 6, 3, 7, 9, 6, 7, 3, 4, 9, 3, 10, 9, 3, 10, 5, 1, 7, 7, 9, 8, 8, 5, 6, 9, 4, 5, 5, 5, 5, 5, 4, 3, 8, 1]
(0.0, 0.750953551568085, 0.23577324267475755)
[7, 5, 6, 2, 5, 1, 6, 6, 9, 7, 4, 1, 10, 2, 7, 4, 10, 7, 7, 5, 3, 4, 5, 7, 7, 8, 3, 9, 9, 5, 9, 7, 5, 8, 6, 2, 3, 3, 5, 3, 7, 4, 5, 10, 7, 8, 5, 8, 8, 5, 6, 9, 4, 5, 5, 5, 4, 5, 4, 3, 8, 1]
(0.24235481720534668, 0.1312240378605301, 0.622702130320467)
[7, 5, 6, 2, 5, 1, 6, 6, 9, 7, 4, 1, 10, 2, 7, 4, 10, 7, 7, 5, 3, 4, 5, 7, 7, 8, 3, 9, 9, 5, 9, 7, 5, 8, 6, 2, 3, 3, 5, 3, 7, 4, 5, 10, 7, 8, 5, 8, 8, 5, 6, 9, 4, 5, 5, 5, 4, 5, 4, 3, 8, 1]
(0.24235481720534668, 0.1312240378605301, 0.622702130320467)
[7, 2, 8, 4, 6, 6, 9, 4, 10, 3, 1, 7, 3, 2, 7, 4, 1, 10, 7, 5, 3, 4, 5, 9, 1, 8, 1, 9, 9, 5, 2, 7, 2, 3, 5, 10, 8, 3, 7, 10, 5, 4, 8, 10, 7, 8, 5, 8, 8, 5, 9, 2, 6, 5, 5, 5, 5, 5, 4, 3, 9, 1]
(0.0, 0.6428349096828678, 0.35350914924389604)
[7, 2, 8, 4, 6, 6, 9, 4, 10, 3, 1, 7, 3, 2, 7, 4, 1, 10, 7, 5, 3, 4, 5, 9, 1, 8, 1, 9, 9, 5, 2, 7, 2, 3, 5, 10, 8, 3, 7, 10, 5, 4, 8, 10, 7, 8, 5, 8, 8, 5, 9, 2, 6, 5, 5, 5, 5, 5, 4, 3, 9, 1]
(0.0, 0.6428349096828678, 0.35350914924389604)
[9, 5, 4, 6, 1, 2, 1, 7, 2, 3, 6, 6, 7, 2, 9, 6, 4, 4, 7, 3, 6, 10, 4, 1, 5, 9, 2, 10, 8, 3, 7, 8, 6, 7, 1, 1, 9, 10, 7, 9, 3, 8, 1, 1, 4, 7, 9, 8, 8, 9, 6, 9, 10, 1, 6, 2, 5, 4, 3, 3, 1, 1]
(0.5126798701114239, 0.0, 0.4924059796430068)
[7, 2, 8, 4, 6, 8, 5, 4, 10, 3, 4, 7, 3, 2, 7, 4, 10, 10, 7, 3, 6, 5, 4, 7, 1, 8, 1, 9, 9, 5, 2, 7, 2, 3, 5, 10, 8, 3, 7, 10, 5, 4, 8, 10, 7, 8, 5, 8, 8, 5, 9, 2, 6, 5, 5, 5, 5, 5, 4, 3, 9, 1]
(0.0, 0.6387756732703003, 0.3710944713312262)
[7, 9, 1, 6, 1, 2, 9, 4, 5, 7, 4, 4, 10, 2, 7, 10, 1, 2, 9, 3, 8, 4, 5, 7, 7, 8, 1, 9, 9, 5, 2, 7, 2, 7, 7, 6, 8, 7, 3, 10, 5, 2, 5, 10, 10, 6, 4, 8, 10, 4, 7, 9, 4, 5, 5, 5, 5, 5, 4, 5, 8, 1]
(0.2344965479165541, 0.46195157416065646, 0.32141164270280287)
[7, 7, 6, 6, 9, 1, 6, 6, 9, 7, 4, 1, 10, 2, 7, 4, 10, 7, 7, 5, 3, 4, 5, 7, 7, 8, 3, 9, 9, 5, 9, 7, 5, 8, 6, 2, 3, 3, 5, 3, 7, 4, 5, 10, 7, 8, 5, 8, 8, 5, 6, 9, 4, 5, 5, 5, 4, 5, 4, 3, 8, 1]
(0.24217044636924354, 0.13372649314634863, 0.6498596760654514)
[7, 7, 1, 6, 9, 8, 4, 6, 7, 4, 4, 4, 10, 2, 7, 4, 10, 7, 7, 5, 1, 4, 5, 10, 5, 8, 1, 9, 9, 5, 2, 7, 7, 2, 1, 10, 7, 7, 8, 10, 5, 3, 5, 10, 7, 6, 2, 8, 7, 8, 7, 2, 4, 5, 5, 5, 5, 5, 4, 5, 8, 1]
(0.2526902131219875, 0.5722854601179194, 0.22524114718332416)
[9, 2, 6, 6, 1, 2, 1, 7, 2, 3, 3, 6, 10, 2, 6, 8, 6, 4, 9, 3, 6, 10, 4, 1, 8, 9, 2, 10, 8, 3, 7, 8, 6, 7, 1, 1, 9, 10, 7, 9, 3, 8, 1, 1, 4, 7, 9, 8, 8, 9, 6, 9, 10, 8, 6, 2, 5, 4, 3, 3, 1, 1]
(0.48677402024284955, 0.0, 0.5694932785082615)
[7, 9, 3, 6, 5, 2, 6, 7, 2, 3, 3, 6, 10, 2, 7, 4, 10, 8, 7, 5, 3, 4, 10, 7, 5, 8, 5, 9, 8, 8, 2, 7, 7, 2, 3, 10, 8, 8, 8, 10, 1, 4, 2, 3, 5, 6, 4, 8, 8, 5, 7, 9, 4, 5, 5, 5, 5, 5, 4, 3, 6, 1]
(0.2763634635523825, 0.5938887188010746, 0.1979502028744136)
[9, 7, 1, 10, 1, 9, 9, 4, 5, 7, 4, 4, 10, 2, 7, 10, 1, 2, 10, 3, 8, 4, 5, 7, 7, 8, 1, 6, 3, 3, 7, 9, 6, 7, 3, 10, 8, 8, 7, 10, 5, 5, 4, 10, 10, 6, 4, 8, 10, 7, 7, 2, 4, 5, 5, 5, 5, 5, 4, 5, 8, 1]
(0.25001140761820934, 0.5860004364382627, 0.23264890296565294)
[7, 7, 1, 10, 1, 9, 9, 4, 5, 7, 4, 4, 10, 2, 7, 10, 1, 2, 10, 3, 8, 4, 5, 7, 7, 8, 1, 9, 6, 5, 2, 7, 2, 7, 7, 6, 8, 7, 8, 10, 5, 7, 5, 10, 10, 6, 4, 8, 10, 7, 7, 2, 4, 5, 5, 5, 5, 5, 4, 5, 8, 1]
(0.24606713585565076, 0.5539669769085018, 0.29556574950171166)
[7, 7, 1, 6, 1, 2, 9, 4, 5, 7, 4, 4, 1, 2, 6, 10, 6, 4, 8, 3, 6, 6, 4, 7, 9, 4, 1, 2, 9, 5, 2, 7, 2, 7, 4, 10, 8, 9, 7, 10, 5, 3, 5, 10, 10, 6, 4, 8, 10, 4, 7, 9, 2, 5, 5, 5, 5, 5, 4, 5, 8, 1]
(0.3001274985657316, 0.5720331361597379, 0.22517663199528373)
[9, 3, 8, 4, 1, 2, 9, 4, 5, 7, 4, 4, 5, 2, 9, 10, 1, 9, 9, 3, 6, 6, 4, 7, 9, 8, 1, 6, 8, 4, 2, 7, 2, 3, 3, 10, 2, 8, 7, 10, 5, 4, 5, 10, 7, 8, 5, 8, 8, 5, 6, 9, 4, 5, 5, 5, 5, 5, 4, 3, 8, 1]
(0.2881045219403955, 0.5817198922617253, 0.22926466318276115)
[7, 9, 3, 6, 5, 2, 6, 7, 2, 3, 3, 6, 10, 2, 7, 4, 10, 8, 7, 5, 3, 4, 10, 7, 5, 8, 4, 9, 8, 8, 2, 7, 7, 2, 3, 10, 8, 10, 7, 9, 1, 4, 2, 3, 5, 6, 4, 8, 8, 5, 7, 9, 4, 5, 5, 5, 5, 5, 4, 3, 6, 1]
(0.2915637343234008, 0.5978170680963654, 0.21194588458913918)
[9, 3, 8, 4, 1, 2, 9, 4, 5, 7, 4, 4, 5, 2, 9, 10, 1, 9, 9, 3, 6, 5, 4, 7, 9, 8, 1, 6, 8, 4, 2, 7, 2, 3, 3, 10, 2, 8, 7, 10, 5, 4, 5, 10, 7, 8, 5, 8, 8, 5, 6, 9, 4, 5, 5, 5, 5, 5, 4, 3, 8, 1]
(0.29002736761592063, 0.5835674438084758, 0.22926466318276115)
[7, 5, 8, 4, 6, 3, 9, 7, 2, 3, 3, 6, 7, 2, 6, 2, 6, 4, 9, 3, 6, 7, 4, 1, 2, 8, 1, 9, 9, 10, 2, 7, 2, 3, 4, 10, 3, 3, 10, 9, 3, 8, 1, 1, 10, 8, 7, 6, 8, 6, 7, 9, 10, 8, 6, 1, 5, 4, 3, 3, 8, 1]
(0.5294130594661508, 0.0, 0.5757538418940823)
[7, 3, 10, 6, 9, 2, 9, 4, 3, 7, 5, 3, 1, 2, 6, 10, 1, 4, 8, 3, 6, 4, 5, 7, 2, 9, 2, 6, 3, 3, 7, 9, 6, 7, 3, 10, 8, 8, 7, 10, 5, 5, 4, 10, 7, 8, 5, 8, 9, 5, 6, 2, 4, 5, 5, 5, 5, 5, 4, 3, 8, 1]
(0.26383881098949785, 0.6193182732689552, 0.22534379192010237)
[7, 3, 1, 6, 1, 1, 9, 4, 5, 7, 4, 4, 10, 2, 7, 10, 1, 3, 9, 3, 8, 4, 5, 7, 7, 8, 1, 9, 9, 5, 2, 7, 2, 7, 7, 4, 8, 7, 8, 10, 5, 7, 4, 10, 7, 8, 5, 8, 10, 4, 7, 9, 4, 5, 5, 5, 5, 5, 4, 5, 8, 1]
(0.25892842384018167, 0.5720648129200216, 0.28109831285505943)
[7, 5, 6, 2, 5, 1, 6, 6, 9, 7, 4, 1, 10, 2, 7, 4, 10, 2, 9, 3, 6, 1, 7, 7, 7, 8, 3, 5, 9, 5, 2, 7, 7, 2, 7, 3, 7, 1, 5, 4, 3, 6, 5, 10, 10, 8, 10, 6, 7, 9, 7, 7, 3, 8, 5, 5, 5, 5, 5, 6, 8, 1]
(0.45944475386758565, 0.6528833141550372, 0.0)
[7, 6, 8, 4, 5, 2, 9, 4, 5, 7, 4, 4, 10, 2, 7, 3, 5, 2, 8, 3, 8, 4, 5, 7, 7, 8, 1, 9, 9, 5, 2, 8, 2, 3, 3, 10, 8, 3, 10, 10, 5, 4, 5, 10, 7, 8, 5, 8, 8, 5, 10, 2, 9, 5, 5, 5, 5, 5, 4, 3, 8, 1]
(0.0, 0.5902627912159679, 0.5268569905620272)
[7, 7, 1, 6, 1, 2, 9, 4, 5, 7, 4, 4, 5, 2, 9, 10, 1, 9, 9, 3, 6, 7, 5, 7, 7, 8, 1, 4, 9, 10, 2, 7, 2, 7, 7, 6, 4, 7, 8, 10, 5, 3, 5, 10, 10, 6, 4, 8, 10, 4, 7, 9, 4, 5, 5, 5, 5, 5, 4, 5, 8, 1]
(0.29126630320998154, 0.581474665806734, 0.2444600151134569)
[7, 4, 1, 6, 1, 2, 9, 4, 5, 7, 4, 4, 10, 2, 7, 10, 1, 2, 9, 3, 8, 4, 5, 7, 7, 8, 1, 9, 9, 5, 2, 7, 2, 7, 7, 6, 8, 7, 8, 10, 5, 2, 5, 10, 10, 6, 4, 8, 10, 4, 7, 9, 4, 5, 5, 5, 5, 5, 4, 5, 8, 1]
(0.29369754734560377, 0.586147403178271, 0.24450584827878918)
[7, 7, 1, 6, 9, 2, 7, 7, 2, 3, 3, 7, 3, 2, 7, 4, 10, 10, 7, 5, 3, 4, 5, 7, 9, 8, 3, 6, 9, 5, 2, 7, 2, 7, 7, 10, 7, 7, 8, 10, 1, 7, 3, 3, 5, 6, 10, 8, 8, 8, 7, 9, 4, 5, 5, 5, 5, 5, 4, 3, 8, 1]
(0.2969517492828032, 0.5987811629630334, 0.23529344091099835)
[7, 4, 3, 6, 1, 2, 9, 4, 5, 7, 4, 4, 10, 2, 7, 10, 1, 3, 9, 3, 8, 4, 5, 7, 7, 8, 1, 9, 9, 5, 2, 7, 2, 7, 7, 6, 8, 7, 3, 10, 5, 2, 5, 10, 10, 6, 4, 8, 10, 4, 7, 9, 4, 7, 5, 5, 5, 5, 4, 5, 8, 1]
(0.2896744123753477, 0.5690570047005005, 0.2754103324376031)
[7, 3, 8, 6, 1, 4, 9, 4, 5, 7, 4, 4, 6, 2, 6, 10, 6, 4, 8, 3, 6, 10, 4, 1, 6, 9, 2, 6, 3, 3, 7, 9, 6, 7, 3, 10, 8, 8, 7, 10, 5, 5, 4, 10, 7, 8, 5, 8, 9, 5, 6, 5, 4, 5, 5, 5, 5, 5, 4, 3, 8, 1]
(0.3116384524294188, 0.60111892968616, 0.22351578751372572)
[7, 3, 8, 6, 1, 4, 9, 4, 5, 7, 4, 4, 6, 2, 6, 10, 6, 4, 8, 3, 6, 10, 4, 1, 6, 9, 2, 6, 3, 3, 7, 9, 6, 7, 3, 10, 8, 8, 7, 10, 5, 5, 4, 10, 7, 8, 5, 8, 9, 5, 6, 5, 4, 5, 5, 5, 5, 5, 4, 3, 8, 1]
(0.3116384524294188, 0.60111892968616, 0.22351578751372572)
[7, 4, 3, 6, 1, 2, 9, 4, 5, 7, 4, 4, 10, 2, 7, 10, 1, 3, 9, 3, 8, 4, 5, 7, 7, 8, 1, 9, 9, 5, 2, 7, 2, 7, 7, 6, 8, 7, 3, 10, 5, 2, 5, 10, 10, 6, 4, 8, 10, 4, 7, 9, 4, 5, 5, 5, 5, 5, 4, 5, 8, 1]
(0.2389626347648616, 0.5612939152526074, 0.337157668731362)
[7, 3, 10, 6, 9, 2, 9, 4, 3, 7, 5, 3, 1, 2, 6, 9, 1, 4, 8, 3, 6, 10, 4, 2, 1, 9, 2, 6, 3, 3, 4, 9, 6, 7, 3, 10, 8, 8, 7, 10, 5, 5, 4, 10, 7, 8, 5, 8, 9, 5, 6, 9, 4, 5, 5, 5, 5, 5, 4, 3, 8, 1]
(0.30888548611547134, 0.6005556756109749, 0.23420035858003352)
[7, 3, 10, 6, 9, 2, 9, 4, 3, 7, 10, 3, 1, 3, 6, 9, 1, 4, 8, 3, 6, 10, 4, 2, 1, 9, 2, 6, 3, 3, 4, 9, 6, 7, 3, 10, 8, 8, 7, 10, 5, 5, 4, 10, 7, 8, 5, 8, 9, 4, 6, 2, 4, 5, 5, 5, 5, 5, 4, 3, 8, 1]
(0.30145476859179127, 0.6124094559961215, 0.23028471720079718)
[7, 3, 8, 6, 9, 2, 9, 4, 3, 7, 5, 3, 1, 2, 6, 10, 1, 4, 8, 3, 6, 4, 5, 7, 7, 6, 6, 5, 9, 5, 2, 7, 7, 7, 7, 10, 7, 7, 6, 4, 5, 2, 5, 10, 7, 6, 4, 6, 6, 7, 6, 7, 4, 5, 5, 3, 5, 5, 4, 3, 6, 1]
(0.319264064749039, 0.591627110462751, 0.23430875496302156)
[7, 7, 1, 6, 9, 2, 9, 7, 2, 3, 3, 7, 3, 2, 7, 4, 10, 10, 9, 3, 6, 10, 5, 1, 7, 8, 1, 9, 9, 5, 2, 7, 2, 3, 3, 10, 3, 3, 7, 10, 1, 7, 2, 8, 5, 6, 4, 8, 8, 8, 7, 9, 4, 5, 5, 5, 5, 5, 4, 3, 1, 1]
(0.3999898745134344, 0.0, 0.7485929459742874)
[7, 3, 8, 6, 1, 4, 9, 4, 5, 7, 4, 4, 6, 2, 6, 10, 6, 4, 8, 3, 6, 10, 4, 1, 6, 9, 2, 6, 3, 3, 7, 9, 6, 7, 3, 10, 8, 8, 7, 10, 5, 5, 4, 10, 7, 8, 5, 8, 9, 5, 6, 2, 4, 5, 5, 5, 5, 5, 4, 3, 8, 1]
(0.3135220826114412, 0.6043462672000399, 0.2331753476419998)
[7, 3, 10, 6, 9, 2, 9, 4, 3, 7, 10, 3, 1, 2, 6, 9, 1, 4, 8, 3, 6, 10, 4, 2, 1, 9, 2, 6, 3, 3, 7, 9, 6, 7, 3, 10, 8, 8, 7, 10, 5, 5, 4, 10, 7, 8, 5, 8, 9, 5, 6, 2, 4, 5, 5, 5, 5, 5, 4, 3, 8, 1]
(0.32481648389314194, 0.6089222496255218, 0.2218683883470357)
[7, 3, 10, 6, 9, 2, 9, 4, 5, 7, 4, 4, 6, 2, 6, 10, 6, 4, 8, 3, 6, 10, 4, 1, 6, 9, 2, 6, 3, 3, 7, 9, 6, 7, 3, 10, 8, 8, 7, 10, 5, 5, 4, 9, 7, 8, 5, 8, 9, 5, 6, 5, 4, 5, 5, 5, 5, 5, 4, 3, 8, 1]
(0.3111296299529738, 0.6216369870909865, 0.22605873545136318)
[7, 3, 10, 6, 9, 2, 9, 4, 3, 7, 10, 3, 1, 2, 6, 2, 1, 4, 8, 3, 6, 10, 4, 1, 6, 9, 2, 6, 3, 3, 6, 9, 6, 7, 3, 10, 8, 8, 7, 10, 5, 5, 4, 10, 7, 8, 5, 8, 9, 5, 6, 2, 4, 5, 5, 5, 5, 5, 4, 3, 8, 1]
(0.30589549195459786, 0.6242212066587044, 0.23483039679148135)
[7, 9, 1, 6, 1, 2, 9, 4, 5, 7, 4, 4, 10, 2, 7, 10, 1, 2, 9, 3, 8, 4, 5, 7, 7, 8, 1, 9, 9, 5, 2, 7, 2, 7, 7, 4, 8, 7, 8, 10, 5, 5, 4, 10, 7, 8, 5, 8, 10, 4, 7, 9, 4, 5, 5, 5, 5, 5, 4, 5, 8, 1]
(0.29539637486244935, 0.595738341525112, 0.27898901794214376)
[7, 4, 1, 6, 1, 3, 9, 4, 5, 7, 4, 4, 10, 2, 7, 10, 1, 3, 9, 3, 8, 4, 5, 5, 7, 8, 1, 5, 9, 5, 2, 7, 2, 7, 1, 6, 8, 7, 3, 10, 5, 2, 5, 10, 10, 6, 4, 8, 10, 4, 7, 9, 4, 5, 5, 5, 5, 5, 4, 5, 8, 1]
(0.35723164988275163, 0.5906961120324541, 0.23033550683864537)
[7, 9, 5, 6, 3, 2, 6, 7, 2, 3, 6, 6, 10, 2, 9, 6, 4, 4, 7, 3, 6, 10, 4, 1, 8, 9, 2, 10, 8, 3, 7, 8, 6, 7, 1, 1, 9, 10, 7, 9, 3, 8, 1, 1, 4, 7, 9, 8, 8, 9, 6, 9, 10, 1, 6, 2, 5, 4, 3, 3, 1, 1]
(0.5134442596788779, 0.2925626470737412, 0.4063242775640771)
[7, 9, 5, 6, 3, 2, 6, 7, 2, 3, 6, 6, 10, 2, 9, 6, 4, 4, 7, 3, 6, 10, 4, 1, 8, 9, 2, 10, 8, 3, 7, 8, 6, 7, 1, 1, 9, 10, 7, 9, 3, 8, 1, 1, 4, 7, 9, 8, 8, 9, 6, 9, 10, 1, 6, 2, 5, 4, 3, 3, 1, 1]
(0.5134442596788779, 0.2925626470737412, 0.4063242775640771)
[7, 3, 10, 6, 9, 2, 9, 4, 3, 7, 10, 3, 1, 3, 6, 9, 1, 4, 8, 3, 6, 10, 4, 2, 1, 9, 2, 6, 3, 3, 7, 9, 6, 7, 3, 10, 8, 8, 7, 10, 6, 5, 4, 10, 7, 8, 5, 8, 9, 5, 6, 2, 4, 5, 5, 5, 5, 5, 4, 3, 8, 1]
(0.37217706391489186, 0.612947483991658, 0.2293601643136905)
[9, 2, 6, 6, 1, 2, 1, 7, 2, 3, 3, 6, 10, 2, 5, 8, 6, 4, 4, 3, 6, 10, 4, 1, 8, 9, 2, 10, 8, 3, 7, 8, 6, 7, 1, 1, 9, 10, 7, 9, 3, 8, 1, 1, 4, 7, 9, 8, 8, 9, 6, 9, 10, 8, 6, 2, 5, 4, 3, 3, 1, 1]
(0.48292887393446066, 0.3318057041629241, 0.4187160370920998)
[7, 9, 5, 6, 3, 2, 6, 7, 2, 3, 6, 6, 10, 2, 9, 6, 6, 4, 9, 3, 6, 10, 4, 1, 8, 9, 2, 10, 8, 3, 7, 8, 6, 7, 1, 1, 9, 10, 7, 9, 3, 8, 1, 1, 4, 7, 9, 8, 8, 5, 6, 9, 10, 1, 6, 2, 5, 4, 3, 3, 1, 1]
(0.5115644137450824, 0.2959876841883725, 0.43809099817714425)
[7, 9, 5, 6, 6, 8, 9, 4, 5, 3, 3, 6, 10, 2, 6, 10, 6, 7, 8, 3, 6, 10, 2, 1, 6, 9, 7, 2, 6, 3, 7, 9, 6, 7, 1, 1, 9, 3, 10, 9, 3, 10, 3, 1, 7, 7, 9, 8, 8, 8, 6, 9, 10, 8, 6, 1, 5, 4, 4, 4, 6, 1]
(0.32725161178704276, 0.3745594829741493, 0.5567600947934308)
[7, 9, 5, 6, 3, 2, 6, 7, 2, 3, 6, 6, 10, 2, 9, 6, 4, 7, 9, 3, 6, 10, 4, 1, 8, 9, 2, 10, 8, 3, 7, 8, 6, 7, 1, 1, 9, 10, 7, 9, 3, 8, 1, 1, 4, 7, 9, 8, 8, 9, 6, 9, 10, 1, 6, 2, 5, 4, 3, 3, 1, 1]
(0.5134821684340722, 0.17783939399637588, 0.588154014206141)
[7, 3, 8, 4, 6, 2, 9, 7, 2, 3, 3, 6, 7, 2, 6, 10, 6, 4, 9, 3, 6, 10, 4, 1, 2, 8, 1, 9, 9, 10, 2, 7, 2, 3, 4, 10, 3, 3, 10, 9, 6, 8, 1, 1, 10, 8, 7, 6, 8, 6, 7, 9, 10, 8, 6, 1, 5, 4, 3, 3, 8, 1]
(0.7440611535599734, 0.0, 0.545794260637099)
[9, 7, 6, 6, 7, 4, 1, 7, 2, 3, 10, 6, 10, 2, 9, 10, 1, 4, 8, 3, 5, 10, 4, 1, 8, 9, 2, 10, 3, 3, 7, 8, 6, 7, 1, 1, 3, 1, 10, 9, 6, 8, 3, 1, 4, 7, 9, 8, 8, 8, 9, 9, 10, 8, 6, 2, 5, 4, 3, 3, 1, 1]
(0.3966033749538618, 0.39736139479303356, 0.5003683262133036)
[9, 2, 4, 6, 1, 2, 1, 7, 5, 3, 3, 6, 7, 2, 6, 10, 6, 4, 9, 3, 6, 10, 4, 1, 2, 8, 2, 10, 8, 3, 7, 8, 6, 7, 1, 4, 9, 10, 7, 9, 3, 8, 1, 1, 4, 7, 9, 8, 8, 9, 6, 9, 10, 8, 6, 2, 5, 4, 3, 3, 1, 1]
(0.7325213662385058, 0.0, 0.5771560648518197)
[7, 9, 5, 6, 3, 2, 6, 7, 2, 3, 6, 6, 7, 2, 9, 6, 4, 4, 7, 3, 6, 10, 4, 1, 8, 9, 2, 10, 8, 3, 7, 8, 6, 7, 1, 1, 9, 10, 10, 9, 3, 8, 1, 1, 4, 7, 9, 8, 8, 9, 6, 9, 10, 7, 6, 2, 5, 4, 3, 3, 7, 1]
(0.7571232863881854, 0.28983086076095205, 0.2677909030327345)
[7, 9, 5, 6, 4, 8, 9, 4, 5, 7, 3, 6, 10, 2, 6, 10, 6, 7, 7, 5, 1, 4, 5, 10, 5, 8, 1, 9, 6, 3, 7, 9, 10, 7, 1, 1, 9, 3, 10, 9, 3, 10, 3, 1, 7, 7, 9, 8, 8, 8, 6, 9, 10, 8, 6, 1, 5, 4, 4, 4, 6, 1]
(0.4611705716237751, 0.5275042827751802, 0.3342465120831131)
[10, 2, 1, 6, 9, 2, 9, 4, 5, 7, 4, 1, 1, 2, 6, 10, 8, 4, 9, 3, 6, 4, 7, 7, 7, 8, 1, 5, 9, 5, 2, 7, 7, 2, 7, 3, 7, 1, 5, 6, 3, 6, 5, 10, 10, 8, 10, 6, 7, 9, 6, 7, 3, 4, 5, 5, 5, 5, 5, 5, 2, 10]
(0.24762272213794345, 0.8295016122981848, 0.24741120194161847)
[10, 2, 1, 6, 9, 2, 9, 4, 9, 4, 4, 1, 10, 5, 7, 4, 10, 4, 9, 3, 6, 1, 7, 7, 7, 8, 1, 5, 9, 5, 2, 7, 7, 2, 7, 3, 7, 1, 5, 6, 3, 6, 5, 10, 10, 8, 10, 6, 7, 9, 7, 7, 3, 4, 5, 5, 5, 5, 5, 5, 2, 10]
(0.24722315582201856, 0.8301183233037531, 0.24721557046552053)
[7, 3, 8, 4, 1, 2, 6, 7, 2, 3, 6, 6, 7, 2, 9, 6, 4, 4, 7, 3, 6, 10, 4, 1, 8, 9, 2, 10, 8, 3, 7, 8, 6, 7, 1, 1, 9, 10, 10, 9, 3, 8, 1, 1, 4, 7, 9, 8, 8, 9, 6, 9, 10, 7, 6, 2, 5, 4, 3, 3, 8, 1]
(0.5016382149631713, 0.26845343992344906, 0.5907527239653075)
[7, 9, 5, 6, 3, 2, 6, 7, 2, 3, 6, 6, 10, 2, 5, 9, 6, 4, 9, 3, 6, 10, 4, 1, 8, 9, 2, 10, 8, 3, 7, 8, 6, 7, 1, 1, 9, 10, 7, 9, 3, 8, 1, 1, 5, 7, 9, 8, 8, 9, 6, 9, 10, 1, 6, 2, 5, 4, 3, 3, 1, 1]
(0.509454760695955, 0.4292811270102199, 0.43920668328274715)
[7, 3, 8, 4, 5, 2, 9, 4, 5, 7, 4, 4, 10, 2, 7, 3, 5, 2, 9, 3, 8, 4, 5, 7, 7, 8, 1, 9, 9, 5, 2, 8, 2, 3, 3, 10, 8, 3, 10, 10, 5, 4, 5, 10, 7, 8, 5, 8, 8, 5, 10, 2, 9, 5, 5, 5, 5, 5, 4, 3, 8, 1]
(0.19997805046963688, 0.5933942244197844, 0.5997250938459615)
[7, 2, 8, 4, 6, 8, 5, 4, 10, 3, 1, 7, 3, 2, 7, 4, 1, 10, 7, 5, 3, 4, 5, 9, 7, 1, 3, 9, 9, 5, 2, 7, 2, 3, 5, 10, 8, 3, 7, 10, 5, 4, 8, 10, 7, 8, 5, 8, 8, 5, 9, 2, 6, 5, 5, 5, 5, 5, 4, 3, 9, 1]
(0.0, 0.6421109395021498, 0.7967630042650722)
[9, 2, 6, 6, 1, 2, 1, 7, 2, 3, 3, 6, 10, 2, 6, 2, 6, 4, 4, 3, 6, 10, 4, 1, 8, 9, 2, 10, 8, 3, 7, 8, 6, 7, 1, 1, 9, 10, 7, 9, 3, 8, 1, 1, 4, 7, 9, 8, 8, 9, 6, 9, 10, 8, 6, 2, 5, 4, 3, 3, 1, 1]
(0.684103650304741, 0.33426557790095757, 0.4226354189991276)
[7, 9, 5, 6, 3, 2, 6, 7, 2, 3, 6, 6, 6, 2, 9, 9, 6, 7, 9, 3, 6, 10, 4, 1, 8, 9, 2, 10, 8, 3, 7, 8, 6, 7, 1, 1, 9, 10, 7, 9, 3, 4, 3, 1, 6, 6, 9, 8, 8, 5, 6, 9, 10, 1, 6, 2, 5, 4, 3, 3, 6, 1]
(0.5381049333489665, 0.30945388416066355, 0.6256102804537382)
[7, 9, 5, 6, 3, 2, 6, 7, 2, 3, 6, 6, 10, 2, 5, 9, 6, 4, 9, 3, 6, 10, 4, 1, 8, 9, 2, 10, 8, 3, 7, 8, 6, 7, 1, 1, 9, 10, 7, 9, 3, 8, 1, 1, 4, 7, 9, 8, 8, 9, 6, 9, 10, 1, 6, 2, 5, 4, 3, 3, 1, 1]
(0.5110989484650342, 0.5162615885837862, 0.45200390168054266)
[10, 3, 7, 9, 9, 5, 9, 2, 9, 3, 9, 7, 3, 5, 10, 6, 8, 3, 9, 3, 6, 10, 4, 1, 10, 9, 5, 6, 8, 8, 2, 6, 7, 2, 9, 5, 8, 8, 8, 9, 3, 4, 3, 1, 6, 6, 9, 8, 8, 5, 7, 6, 4, 4, 5, 5, 5, 5, 3, 3, 9, 8]
(0.0, 0.7573240244761048, 0.7531067135309094)
