[1, 8, 5, 2, 9, 8, 5, 4, 4, 8, 6, 6, 1, 4, 4, 2, 10, 1, 5, 8, 4, 2, 2, 9, 8, 5, 5, 7, 9, 7, 9, 9, 5, 7, 8, 10, 8, 4, 2, 6, 9, 1, 5, 10, 9, 5, 8, 7, 5, 9, 8, 8, 7, 9, 5, 5, 4, 2, 6, 7, 9, 1]
(0.0, 0.4879558151587817, 0.2240308534290059)
[1, 8, 5, 2, 9, 8, 5, 4, 4, 8, 6, 6, 1, 4, 4, 2, 10, 1, 5, 8, 4, 2, 2, 9, 8, 5, 5, 7, 9, 7, 9, 9, 5, 7, 8, 10, 8, 4, 2, 6, 9, 1, 5, 10, 9, 5, 8, 7, 5, 9, 8, 8, 7, 9, 5, 5, 4, 2, 6, 7, 9, 1]
(0.0, 0.4879558151587817, 0.2240308534290059)
[1, 8, 5, 2, 9, 7, 5, 8, 4, 7, 6, 3, 1, 5, 4, 5, 10, 1, 5, 10, 4, 2, 2, 9, 8, 5, 5, 7, 9, 7, 9, 9, 5, 8, 8, 9, 9, 4, 2, 5, 9, 1, 5, 10, 9, 5, 8, 7, 5, 9, 8, 8, 7, 9, 5, 5, 4, 2, 6, 7, 9, 1]
(0.0, 0.6143927877768798, 0.21832641912113498)
[1, 1, 5, 2, 9, 2, 5, 4, 6, 7, 2, 10, 5, 1, 4, 7, 1, 4, 6, 2, 9, 5, 2, 1, 2, 2, 6, 4, 9, 7, 9, 7, 5, 1, 8, 8, 7, 7, 4, 10, 7, 1, 5, 10, 9, 5, 8, 6, 4, 1, 10, 8, 7, 9, 6, 6, 2, 1, 4, 7, 8, 1]
(0.4296278912163026, 0.4864013881112111, 0.0)
[1, 8, 3, 2, 9, 8, 5, 4, 4, 8, 6, 6, 1, 4, 4, 2, 10, 1, 5, 8, 4, 2, 2, 9, 8, 5, 5, 7, 9, 7, 9, 6, 5, 10, 1, 9, 9, 4, 2, 6, 9, 1, 5, 10, 9, 5, 8, 7, 5, 9, 8, 8, 7, 9, 5, 5, 4, 2, 6, 7, 9, 1]
(0.0, 0.8642892928793974, 0.195576381000061)
[1, 8, 5, 2, 9, 7, 5, 8, 4, 7, 6, 3, 1, 5, 4, 2, 10, 1, 5, 9, 4, 2, 2, 9, 7, 5, 5, 7, 9, 7, 9, 10, 5, 8, 6, 9, 9, 4, 2, 6, 9, 1, 5, 10, 5, 5, 9, 7, 5, 9, 8, 8, 7, 9, 5, 5, 4, 2, 6, 7, 9, 1]
(0.0, 0.8710194410756184, 0.2018947751452078)
[1, 8, 5, 2, 9, 1, 5, 4, 4, 8, 6, 6, 1, 4, 4, 2, 10, 1, 5, 8, 4, 2, 2, 9, 8, 5, 5, 7, 9, 7, 9, 9, 5, 7, 8, 9, 9, 4, 2, 6, 9, 1, 5, 10, 9, 5, 8, 7, 5, 9, 8, 8, 7, 9, 5, 5, 4, 2, 6, 7, 9, 1]
(0.0, 0.882334643043573, 0.20857544221687307)
[1, 8, 5, 2, 9, 8, 5, 4, 4, 8, 6, 6, 1, 4, 4, 2, 10, 1, 5, 8, 4, 2, 2, 9, 8, 5, 5, 7, 9, 7, 9, 9, 5, 8, 8, 9, 9, 4, 2, 6, 9, 1, 5, 10, 9, 5, 8, 7, 5, 9, 8, 8, 7, 9, 5, 5, 4, 2, 6, 7, 9, 1]
(0.0, 0.8776517214253499, 0.2217248365732685)
[1, 8, 5, 2, 9, 2, 5, 4, 4, 8, 6, 6, 1, 4, 4, 2, 10, 1, 5, 8, 4, 2, 2, 9, 8, 7, 5, 7, 9, 7, 9, 9, 5, 3, 8, 6, 9, 4, 2, 6, 9, 1, 5, 10, 9, 5, 8, 7, 5, 9, 8, 8, 7, 9, 5, 5, 4, 2, 6, 7, 9, 1]
(0.0, 0.8685589423403096, 0.29325323880010584)
[1, 8, 5, 2, 9, 2, 5, 4, 4, 8, 6, 6, 1, 4, 4, 2, 10, 1, 5, 8, 4, 2, 2, 9, 8, 7, 5, 7, 9, 7, 9, 9, 5, 3, 8, 6, 9, 4, 2, 6, 9, 1, 5, 10, 9, 5, 8, 7, 5, 9, 8, 8, 7, 9, 5, 5, 4, 2, 6, 7, 9, 1]
(0.0, 0.8685589423403096, 0.29325323880010584)
[1, 8, 5, 2, 2, 7, 5, 8, 4, 7, 6, 3, 1, 5, 4, 5, 10, 1, 5, 10, 4, 2, 2, 9, 8, 5, 5, 7, 7, 7, 9, 9, 5, 8, 8, 9, 9, 4, 2, 5, 9, 1, 7, 10, 9, 8, 8, 7, 5, 9, 8, 8, 7, 9, 5, 5, 4, 2, 6, 7, 9, 1]
(0.0, 0.8649877903982948, 0.35470504801235647)
[1, 1, 5, 2, 9, 2, 5, 4, 6, 7, 2, 10, 5, 1, 4, 7, 1, 4, 6, 2, 9, 5, 2, 4, 2, 2, 6, 4, 9, 7, 9, 6, 5, 4, 1, 9, 7, 7, 4, 10, 7, 1, 6, 9, 10, 5, 8, 8, 4, 1, 10, 8, 7, 9, 6, 6, 2, 1, 6, 7, 8, 1]
(0.42958213990125516, 0.2035925222847311, 0.5894928746580266)
[1, 1, 5, 2, 9, 2, 5, 4, 6, 7, 2, 10, 5, 1, 4, 7, 1, 4, 6, 2, 9, 5, 2, 4, 2, 2, 6, 4, 9, 7, 9, 6, 5, 4, 1, 9, 7, 7, 4, 10, 7, 1, 6, 9, 10, 5, 8, 8, 4, 1, 10, 8, 7, 9, 6, 6, 2, 1, 6, 7, 8, 1]
(0.42958213990125516, 0.2035925222847311, 0.5894928746580266)
[1, 1, 5, 2, 9, 2, 5, 4, 6, 7, 2, 10, 5, 1, 4, 7, 1, 4, 6, 2, 9, 5, 2, 4, 2, 2, 6, 4, 9, 7, 9, 6, 5, 4, 1, 9, 7, 7, 4, 10, 7, 1, 6, 9, 10, 5, 8, 8, 4, 1, 10, 8, 7, 9, 6, 6, 2, 1, 6, 7, 8, 1]
(0.42958213990125516, 0.2035925222847311, 0.5894928746580266)
[1, 8, 5, 2, 9, 2, 5, 4, 3, 8, 6, 2, 1, 4, 4, 2, 10, 1, 7, 2, 1, 2, 7, 9, 8, 7, 5, 7, 9, 7, 4, 9, 5, 4, 8, 9, 9, 4, 2, 6, 9, 1, 5, 10, 9, 5, 8, 7, 5, 9, 8, 8, 7, 9, 5, 5, 4, 2, 6, 7, 9, 1]
(0.0, 0.737410796619944, 0.4875289184421311)
[1, 8, 5, 2, 6, 2, 5, 8, 4, 7, 6, 7, 1, 4, 4, 2, 10, 1, 5, 10, 4, 2, 2, 9, 8, 5, 5, 7, 7, 7, 9, 6, 5, 8, 9, 9, 9, 4, 2, 1, 9, 1, 5, 10, 9, 5, 8, 7, 5, 9, 8, 8, 7, 9, 5, 5, 4, 2, 6, 7, 9, 1]
(0.0, 0.7923262683674632, 0.4346751856472173)
[10, 6, 7, 5, 4, 1, 2, 4, 7, 6, 8, 10, 1, 4, 2, 3, 3, 7, 3, 1, 9, 8, 6, 2, 7, 6, 5, 5, 3, 4, 5, 1, 6, 5, 6, 7, 9, 7, 8, 5, 7, 1, 6, 9, 10, 8, 10, 1, 4, 8, 5, 7, 1, 9, 6, 6, 2, 4, 4, 1, 8, 2]
(0.19794767764740928, 0.8617043292149852, 0.1740150468583647)
[1, 8, 5, 4, 9, 7, 5, 8, 4, 7, 6, 3, 1, 5, 4, 2, 10, 1, 5, 10, 4, 2, 2, 9, 8, 5, 5, 7, 9, 7, 9, 9, 5, 8, 8, 9, 9, 4, 2, 6, 9, 1, 5, 10, 9, 5, 8, 7, 5, 9, 8, 8, 7, 9, 5, 5, 4, 2, 6, 7, 9, 1]
(0.0, 0.8076817305758527, 0.4395920599330544)
[1, 8, 5, 2, 9, 2, 5, 4, 4, 8, 6, 6, 1, 4, 4, 2, 10, 1, 5, 8, 2, 2, 2, 9, 8, 5, 8, 7, 7, 6, 9, 9, 5, 8, 8, 9, 9, 4, 2, 6, 9, 1, 5, 10, 9, 5, 8, 7, 5, 9, 8, 8, 7, 9, 5, 5, 4, 2, 6, 7, 9, 1]
(0.0, 0.81780123021453, 0.43772744018218546)
[1, 8, 5, 2, 9, 2, 5, 4, 3, 8, 7, 6, 1, 5, 4, 2, 10, 1, 5, 8, 4, 2, 2, 5, 8, 5, 5, 7, 9, 7, 9, 9, 7, 3, 8, 9, 9, 4, 2, 6, 9, 1, 5, 10, 9, 5, 8, 7, 5, 9, 8, 8, 7, 9, 5, 5, 4, 2, 6, 7, 9, 1]
(0.0, 0.8730937169864725, 0.38617054426839215)
[10, 6, 7, 5, 4, 1, 2, 5, 7, 6, 8, 10, 1, 4, 2, 3, 3, 4, 3, 1, 9, 8, 6, 2, 7, 6, 5, 5, 5, 4, 5, 1, 6, 5, 6, 9, 9, 7, 8, 5, 7, 1, 6, 9, 10, 8, 10, 1, 4, 8, 5, 8, 1, 9, 6, 6, 2, 4, 4, 1, 8, 2]
(0.24069296629738549, 0.861365864239628, 0.1723981104057786)
[4, 4, 3, 4, 4, 1, 2, 9, 7, 6, 8, 5, 1, 4, 2, 2, 3, 7, 3, 1, 9, 8, 6, 2, 7, 6, 7, 5, 3, 4, 8, 3, 6, 3, 6, 7, 9, 10, 8, 5, 7, 3, 6, 10, 10, 8, 5, 1, 4, 8, 5, 8, 1, 9, 6, 6, 2, 4, 4, 1, 8, 2]
(0.25226072275016037, 0.7882277062162679, 0.24845224243782746)
[1, 8, 8, 2, 9, 7, 5, 8, 4, 7, 6, 3, 1, 5, 10, 5, 10, 1, 5, 2, 4, 1, 2, 9, 8, 5, 5, 7, 9, 7, 9, 9, 5, 3, 8, 9, 9, 4, 2, 3, 9, 1, 5, 10, 9, 5, 8, 7, 5, 9, 8, 8, 7, 9, 5, 5, 4, 2, 6, 7, 9, 1]
(0.0, 0.8401239203289094, 0.4514809470612748)
[1, 7, 5, 7, 6, 2, 5, 1, 4, 7, 6, 3, 1, 4, 4, 2, 10, 1, 5, 10, 4, 2, 2, 9, 8, 5, 5, 7, 7, 6, 9, 6, 5, 8, 8, 9, 9, 4, 2, 1, 9, 1, 5, 10, 9, 5, 8, 7, 5, 9, 8, 8, 7, 9, 5, 5, 4, 2, 6, 7, 9, 1]
(0.0, 0.8615804644301481, 0.4328410317622677)
[1, 8, 5, 2, 9, 2, 5, 4, 3, 8, 6, 3, 1, 4, 4, 2, 9, 1, 5, 2, 4, 2, 2, 9, 8, 7, 5, 7, 9, 7, 9, 9, 5, 3, 8, 9, 9, 4, 2, 6, 9, 1, 5, 10, 9, 5, 8, 7, 5, 9, 8, 8, 7, 9, 5, 5, 4, 2, 6, 7, 9, 1]
(0.0, 0.863806583546097, 0.4362777986438466)
[1, 8, 5, 9, 9, 1, 5, 4, 4, 8, 6, 6, 1, 4, 4, 2, 10, 1, 5, 8, 2, 2, 2, 9, 8, 5, 5, 7, 7, 6, 9, 9, 5, 8, 8, 9, 9, 4, 2, 6, 9, 1, 1, 10, 9, 5, 8, 7, 5, 9, 8, 8, 7, 9, 5, 5, 4, 2, 6, 7, 9, 1]
(0.0, 0.8622269554063625, 0.4395793750581769)
[1, 7, 6, 7, 8, 7, 5, 8, 4, 8, 6, 3, 1, 2, 4, 2, 4, 1, 5, 2, 4, 2, 2, 9, 8, 7, 5, 7, 9, 7, 9, 9, 5, 3, 8, 9, 9, 4, 2, 6, 9, 1, 5, 10, 9, 5, 8, 7, 5, 9, 9, 8, 7, 9, 5, 5, 4, 2, 6, 7, 9, 1]
(0.0, 0.8533223526552266, 0.45057767501113694)
[1, 5, 5, 2, 9, 2, 5, 4, 3, 8, 6, 3, 1, 4, 4, 2, 9, 1, 5, 1, 4, 2, 2, 9, 8, 9, 5, 7, 9, 7, 9, 9, 5, 3, 8, 9, 9, 4, 1, 6, 9, 1, 5, 10, 9, 5, 8, 7, 5, 9, 8, 8, 7, 9, 5, 5, 4, 2, 6, 7, 9, 1]
(0.0, 0.8697332927957127, 0.44041718262537705)
[1, 7, 5, 7, 6, 2, 5, 8, 4, 7, 6, 3, 1, 4, 4, 2, 10, 1, 5, 10, 4, 2, 2, 9, 8, 5, 5, 7, 7, 7, 9, 6, 5, 8, 8, 9, 9, 4, 2, 1, 9, 1, 5, 10, 9, 5, 8, 7, 5, 9, 8, 8, 7, 9, 5, 5, 4, 2, 6, 7, 9, 1]
(0.0, 0.8630898406729052, 0.4490752452312496)
[1, 8, 7, 2, 3, 2, 5, 8, 4, 7, 6, 10, 1, 4, 4, 2, 10, 1, 5, 2, 7, 2, 2, 9, 8, 5, 5, 7, 9, 7, 9, 9, 5, 3, 8, 9, 9, 4, 2, 5, 9, 1, 5, 10, 6, 5, 8, 7, 5, 9, 8, 8, 7, 9, 5, 5, 4, 2, 6, 7, 9, 1]
(0.0, 0.8647174088284323, 0.44927481337372427)
[1, 8, 5, 2, 9, 7, 5, 8, 4, 8, 6, 7, 1, 4, 4, 2, 10, 1, 5, 8, 4, 2, 2, 9, 8, 7, 5, 7, 9, 7, 9, 9, 5, 3, 8, 9, 9, 4, 2, 6, 9, 1, 5, 10, 9, 5, 4, 7, 5, 9, 8, 8, 7, 9, 5, 5, 4, 2, 6, 7, 9, 1]
(0.0, 0.8737506913021159, 0.44428486050165056)
[1, 8, 5, 2, 9, 2, 5, 4, 3, 8, 6, 3, 1, 4, 5, 2, 10, 1, 5, 8, 4, 2, 2, 9, 8, 7, 5, 7, 9, 6, 9, 6, 5, 3, 1, 9, 9, 4, 2, 6, 9, 1, 5, 10, 9, 5, 8, 7, 5, 9, 8, 8, 7, 9, 5, 5, 4, 2, 6, 7, 9, 1]
(0.0, 0.8737439161166501, 0.4443193844749242)
[1, 8, 5, 2, 9, 8, 5, 4, 4, 8, 6, 6, 1, 4, 4, 2, 10, 1, 5, 8, 2, 2, 2, 9, 8, 5, 5, 7, 7, 6, 9, 9, 5, 8, 8, 9, 9, 4, 2, 6, 9, 1, 5, 10, 9, 5, 8, 7, 5, 9, 8, 8, 7, 9, 5, 5, 4, 2, 6, 7, 9, 1]
(0.0, 0.8765326661989046, 0.4492575171965678)
[1, 4, 3, 2, 9, 2, 5, 9, 3, 8, 8, 3, 1, 4, 4, 2, 10, 1, 5, 2, 3, 2, 2, 4, 8, 5, 5, 7, 7, 7, 9, 6, 5, 8, 9, 9, 9, 4, 2, 1, 9, 1, 5, 10, 9, 10, 8, 6, 5, 9, 8, 8, 7, 9, 5, 5, 4, 3, 6, 7, 9, 1]
(0.0, 0.8788908781483724, 0.4471050244108422)
[1, 1, 10, 2, 9, 2, 5, 4, 6, 7, 2, 10, 5, 1, 1, 7, 1, 4, 6, 2, 9, 5, 2, 2, 2, 2, 6, 4, 9, 7, 9, 7, 5, 4, 1, 9, 7, 7, 4, 10, 7, 1, 6, 9, 10, 5, 8, 8, 4, 1, 10, 8, 7, 8, 6, 6, 2, 1, 6, 7, 8, 1]
(0.43139340789647396, 0.32090672170026724, 0.5971294657528763)
[1, 8, 5, 2, 9, 2, 5, 4, 3, 8, 10, 3, 1, 6, 9, 2, 2, 3, 2, 7, 4, 2, 4, 10, 8, 9, 8, 4, 7, 7, 9, 9, 5, 7, 8, 10, 8, 7, 7, 10, 4, 4, 6, 6, 3, 3, 10, 6, 3, 5, 6, 6, 9, 9, 1, 4, 4, 2, 6, 10, 9, 1]
(0.6372781978084568, 0.0, 0.7538894356451092)
[1, 8, 5, 2, 9, 2, 5, 4, 3, 8, 10, 3, 1, 6, 9, 2, 2, 3, 2, 7, 4, 2, 4, 10, 8, 9, 8, 4, 7, 7, 9, 9, 5, 7, 8, 10, 8, 7, 7, 10, 4, 4, 6, 6, 3, 3, 10, 6, 3, 5, 6, 6, 9, 9, 1, 4, 4, 2, 6, 10, 9, 1]
(0.6372781978084568, 0.0, 0.7538894356451092)
[1, 8, 5, 2, 9, 2, 5, 4, 3, 8, 10, 3, 1, 6, 9, 2, 2, 3, 2, 7, 4, 2, 4, 10, 8, 9, 8, 4, 7, 7, 9, 9, 5, 7, 8, 10, 8, 7, 7, 10, 4, 4, 6, 6, 3, 3, 10, 6, 3, 5, 6, 6, 9, 9, 1, 4, 4, 2, 6, 10, 9, 1]
(0.6372781978084568, 0.0, 0.7538894356451092)
[1, 8, 5, 2, 9, 2, 5, 4, 3, 8, 10, 3, 1, 6, 9, 2, 2, 3, 2, 7, 4, 2, 4, 10, 8, 9, 8, 4, 7, 7, 9, 9, 5, 7, 8, 10, 8, 7, 7, 10, 4, 4, 6, 6, 3, 3, 10, 6, 3, 5, 6, 6, 9, 9, 1, 4, 4, 2, 6, 10, 9, 1]
(0.6372781978084568, 0.0, 0.7538894356451092)
[1, 8, 5, 2, 9, 2, 5, 4, 3, 8, 10, 3, 1, 6, 9, 2, 2, 3, 2, 7, 4, 2, 4, 10, 8, 9, 8, 4, 7, 7, 9, 9, 5, 7, 8, 10, 8, 7, 7, 10, 4, 4, 6, 6, 3, 3, 10, 6, 3, 5, 6, 6, 9, 9, 1, 4, 4, 2, 6, 10, 9, 1]
(0.6372781978084568, 0.0, 0.7538894356451092)
[1, 8, 5, 2, 9, 2, 5, 4, 3, 8, 10, 3, 1, 6, 8, 2, 2, 3, 2, 7, 4, 2, 6, 10, 8, 9, 8, 4, 7, 7, 9, 9, 5, 7, 8, 10, 8, 7, 7, 10, 1, 10, 6, 6, 9, 5, 6, 7, 3, 4, 5, 6, 8, 10, 1, 4, 4, 2, 6, 10, 9, 1]
(0.6361556289285021, 0.0, 0.7586213503801552)
[1, 8, 5, 2, 9, 9, 5, 4, 3, 8, 10, 3, 1, 6, 8, 2, 2, 3, 2, 7, 4, 3, 6, 10, 8, 9, 8, 4, 7, 7, 9, 9, 5, 7, 8, 10, 8, 7, 7, 10, 1, 4, 6, 6, 9, 3, 10, 6, 3, 1, 5, 6, 6, 9, 1, 4, 4, 2, 6, 10, 9, 1]
(0.6361513439875471, 0.0, 0.7593805416293385)
[1, 8, 5, 2, 9, 9, 5, 4, 3, 8, 10, 3, 1, 6, 8, 2, 2, 3, 2, 7, 4, 3, 6, 10, 8, 9, 8, 4, 7, 7, 9, 9, 5, 7, 8, 10, 8, 7, 7, 10, 1, 4, 6, 6, 9, 3, 10, 6, 3, 1, 5, 6, 6, 9, 1, 4, 4, 2, 6, 10, 9, 1]
(0.6361513439875471, 0.0, 0.7593805416293385)
[1, 8, 5, 2, 9, 9, 5, 4, 3, 8, 10, 3, 1, 6, 8, 2, 2, 3, 2, 7, 4, 3, 6, 10, 8, 9, 8, 4, 7, 7, 9, 9, 5, 7, 8, 10, 8, 7, 7, 10, 1, 4, 6, 6, 9, 3, 10, 6, 3, 1, 5, 6, 6, 9, 1, 4, 4, 2, 6, 10, 9, 1]
(0.6361513439875471, 0.0, 0.7593805416293385)
[1, 8, 5, 2, 9, 9, 5, 4, 3, 8, 10, 3, 1, 6, 8, 2, 2, 3, 2, 7, 4, 3, 6, 10, 8, 9, 8, 4, 7, 7, 9, 9, 5, 7, 8, 10, 8, 7, 7, 10, 1, 4, 6, 6, 9, 3, 10, 6, 3, 1, 5, 6, 6, 9, 1, 4, 4, 2, 6, 10, 9, 1]
(0.6361513439875471, 0.0, 0.7593805416293385)
[1, 8, 5, 5, 9, 1, 5, 4, 3, 7, 2, 10, 5, 1, 1, 7, 1, 4, 6, 2, 1, 5, 2, 2, 2, 2, 6, 4, 9, 7, 9, 7, 5, 4, 8, 8, 7, 7, 4, 10, 7, 1, 5, 3, 9, 5, 8, 6, 4, 1, 7, 8, 6, 6, 6, 6, 5, 1, 6, 7, 9, 1]
(0.6807561779443854, 0.2853888001722757, 0.44237539258513986)
[1, 8, 5, 2, 9, 2, 5, 4, 3, 8, 6, 3, 1, 4, 5, 2, 10, 1, 5, 8, 4, 2, 2, 9, 8, 7, 5, 7, 9, 6, 9, 6, 5, 3, 1, 9, 9, 4, 2, 6, 9, 1, 5, 4, 9, 5, 8, 7, 5, 9, 8, 8, 7, 9, 5, 5, 4, 2, 6, 7, 9, 1]
(0.0, 0.8660765131935428, 0.579958876562552)
[1, 1, 5, 2, 9, 1, 5, 4, 3, 7, 2, 10, 5, 1, 1, 7, 1, 4, 6, 2, 9, 5, 2, 2, 2, 2, 6, 4, 9, 7, 9, 6, 5, 4, 8, 9, 7, 7, 4, 10, 7, 1, 6, 9, 10, 5, 8, 4, 4, 1, 10, 8, 7, 9, 6, 6, 2, 1, 6, 7, 9, 1]
(0.689882206191897, 0.3207435975424349, 0.4464066221568066)
[1, 4, 5, 2, 9, 2, 5, 9, 3, 8, 8, 3, 1, 4, 4, 2, 10, 1, 5, 2, 3, 2, 7, 9, 8, 9, 8, 7, 9, 7, 9, 9, 5, 8, 8, 9, 9, 4, 2, 6, 1, 5, 6, 10, 9, 5, 8, 7, 5, 9, 8, 8, 7, 9, 5, 5, 4, 2, 6, 7, 9, 1]
(0.0, 0.8798002792522266, 0.5945882551963155)
[1, 1, 10, 2, 9, 2, 5, 4, 6, 7, 2, 10, 5, 1, 1, 7, 1, 4, 6, 2, 9, 5, 2, 2, 2, 2, 6, 4, 9, 7, 9, 7, 5, 4, 1, 9, 7, 7, 4, 10, 9, 1, 5, 10, 10, 5, 8, 8, 4, 1, 10, 8, 7, 8, 6, 6, 2, 1, 6, 7, 8, 1]
(0.43198559660324415, 0.4394832341414316, 0.6072750531731285)
[1, 8, 5, 2, 9, 1, 5, 4, 3, 7, 2, 10, 5, 1, 1, 7, 1, 4, 6, 2, 4, 5, 2, 1, 2, 2, 6, 4, 9, 7, 9, 6, 5, 4, 8, 9, 5, 7, 4, 10, 7, 1, 6, 9, 10, 5, 8, 4, 4, 1, 10, 8, 7, 9, 6, 6, 2, 1, 6, 7, 9, 1]
(0.6746247879585754, 0.3118033257957808, 0.5952520176282292)
[10, 6, 7, 5, 4, 1, 2, 4, 10, 7, 8, 9, 5, 4, 2, 2, 1, 7, 10, 3, 2, 8, 1, 2, 7, 7, 5, 7, 9, 7, 4, 3, 8, 5, 8, 9, 9, 7, 8, 6, 7, 1, 6, 9, 5, 8, 10, 6, 4, 8, 5, 8, 1, 9, 6, 6, 2, 4, 4, 1, 8, 2]
(0.14432068753889898, 0.8515394935384341, 0.5909457497603017)
[10, 6, 7, 5, 4, 1, 2, 10, 7, 6, 8, 10, 1, 4, 2, 3, 3, 4, 3, 1, 9, 8, 6, 2, 7, 6, 5, 5, 3, 4, 8, 3, 6, 7, 6, 8, 9, 7, 8, 5, 7, 1, 6, 9, 10, 8, 10, 1, 4, 8, 5, 8, 1, 9, 6, 6, 2, 4, 4, 1, 8, 2]
(0.14398831252434602, 0.862844786606724, 0.5801009922258844)
[1, 8, 5, 2, 9, 2, 5, 4, 3, 7, 2, 10, 5, 3, 1, 6, 1, 4, 6, 2, 9, 5, 2, 2, 2, 2, 6, 4, 9, 7, 6, 6, 5, 4, 9, 9, 7, 7, 4, 10, 3, 1, 6, 3, 10, 5, 8, 4, 4, 1, 7, 8, 6, 9, 6, 6, 2, 1, 6, 7, 9, 1]
(0.7175303312057804, 0.4297501667299169, 0.4399816509164065)
[10, 2, 7, 5, 3, 1, 3, 4, 10, 7, 8, 9, 5, 4, 2, 2, 1, 7, 10, 3, 2, 8, 1, 2, 7, 7, 5, 2, 9, 7, 4, 3, 6, 5, 6, 8, 9, 7, 8, 5, 7, 1, 6, 9, 10, 8, 10, 3, 4, 8, 3, 7, 1, 9, 6, 6, 2, 4, 4, 1, 6, 2]
(0.1423374054060106, 0.8636324061080763, 0.5920151405500084)
[1, 8, 5, 2, 9, 1, 5, 4, 9, 7, 2, 10, 5, 3, 1, 7, 1, 4, 6, 2, 9, 5, 2, 1, 2, 2, 6, 4, 9, 7, 9, 7, 5, 4, 8, 9, 3, 7, 4, 10, 7, 1, 6, 10, 8, 5, 8, 6, 4, 1, 7, 8, 6, 9, 6, 6, 2, 1, 6, 7, 8, 1]
(0.43391439809328197, 0.46788343818237055, 0.6978432316716916)
[1, 8, 5, 2, 9, 1, 5, 4, 3, 7, 2, 10, 5, 3, 1, 6, 1, 4, 6, 2, 9, 5, 2, 2, 2, 2, 6, 4, 9, 7, 6, 6, 5, 4, 9, 9, 7, 7, 4, 10, 3, 1, 6, 10, 10, 5, 8, 4, 4, 1, 7, 8, 6, 9, 6, 6, 2, 1, 6, 7, 9, 1]
(0.7134612795353734, 0.4543991824611984, 0.43567386460356666)
[10, 6, 7, 5, 3, 1, 3, 2, 10, 7, 8, 9, 5, 4, 10, 2, 1, 7, 10, 3, 2, 1, 1, 1, 7, 7, 5, 7, 9, 7, 4, 3, 8, 5, 4, 9, 9, 7, 8, 5, 7, 1, 6, 9, 10, 8, 10, 3, 4, 8, 3, 8, 1, 9, 6, 6, 2, 4, 4, 1, 8, 2]
(0.14116633034981138, 0.6775416297838017, 0.8154266270781386)
[4, 4, 3, 4, 4, 1, 2, 1, 7, 6, 8, 10, 1, 4, 2, 3, 3, 7, 7, 1, 10, 8, 6, 2, 7, 6, 5, 5, 5, 4, 3, 1, 6, 6, 6, 7, 9, 7, 8, 5, 7, 1, 6, 9, 10, 8, 10, 1, 4, 1, 5, 8, 1, 9, 6, 6, 2, 4, 4, 1, 7, 2]
(0.2513076110832706, 0.8692140186205458, 0.5448262064582697)
[10, 6, 7, 5, 4, 1, 2, 5, 7, 6, 8, 10, 1, 4, 2, 3, 3, 4, 3, 1, 9, 8, 6, 2, 7, 6, 5, 5, 3, 4, 5, 3, 6, 7, 5, 8, 9, 7, 8, 5, 7, 1, 6, 9, 10, 8, 10, 1, 4, 8, 5, 8, 1, 9, 6, 6, 2, 4, 4, 4, 8, 2]
(0.24081864304077202, 0.8739785445854021, 0.5813676159381127)
[3, 4, 3, 4, 4, 1, 2, 1, 7, 6, 8, 10, 1, 4, 2, 3, 3, 7, 10, 1, 10, 8, 6, 2, 7, 6, 5, 5, 5, 4, 7, 1, 6, 6, 6, 7, 9, 7, 8, 5, 7, 2, 9, 9, 10, 8, 10, 1, 4, 1, 5, 8, 1, 9, 6, 6, 2, 4, 4, 1, 7, 2]
(0.26164539867700054, 0.8783427244052247, 0.5565544576321144)
[4, 4, 3, 4, 4, 1, 2, 1, 7, 6, 8, 10, 1, 4, 2, 3, 3, 7, 10, 1, 10, 8, 6, 2, 7, 6, 5, 5, 5, 4, 7, 1, 6, 6, 6, 7, 9, 7, 8, 5, 7, 2, 6, 9, 10, 8, 10, 1, 4, 9, 3, 3, 9, 9, 6, 6, 2, 4, 4, 1, 7, 2]
(0.260157926428201, 0.8705077422782732, 0.5737952911451905)
[4, 3, 3, 4, 4, 1, 2, 1, 7, 6, 8, 10, 1, 2, 2, 3, 3, 7, 10, 1, 10, 8, 6, 2, 7, 6, 5, 5, 5, 4, 7, 1, 6, 6, 6, 7, 9, 7, 8, 5, 7, 2, 9, 9, 10, 8, 10, 1, 4, 9, 3, 3, 9, 9, 6, 6, 2, 4, 4, 1, 7, 2]
(0.26264446372579114, 0.8724823003634764, 0.582835547722732)
[10, 6, 7, 5, 4, 1, 2, 5, 7, 6, 8, 10, 1, 4, 2, 3, 3, 4, 3, 1, 9, 8, 6, 2, 7, 6, 5, 3, 5, 4, 7, 1, 6, 5, 6, 9, 9, 7, 8, 6, 7, 1, 6, 9, 10, 8, 10, 1, 4, 8, 5, 8, 1, 9, 6, 6, 2, 4, 4, 1, 8, 2]
(0.16079620469280287, 0.8608167914673637, 0.7268691450513123)
[10, 6, 7, 5, 4, 1, 2, 4, 10, 7, 8, 9, 5, 4, 2, 2, 1, 8, 10, 3, 2, 8, 5, 2, 7, 3, 5, 7, 9, 7, 4, 3, 8, 5, 8, 9, 9, 7, 8, 6, 7, 1, 6, 9, 10, 8, 10, 6, 4, 8, 5, 8, 1, 9, 6, 6, 2, 4, 4, 1, 8, 2]
(0.1439213027436198, 0.8239281127229271, 0.7989897469778173)
[10, 6, 7, 5, 4, 1, 2, 4, 7, 6, 8, 10, 1, 4, 2, 3, 3, 4, 3, 1, 9, 8, 6, 2, 7, 6, 5, 5, 5, 4, 5, 1, 6, 5, 6, 9, 9, 7, 8, 5, 7, 1, 8, 9, 10, 8, 10, 1, 4, 8, 10, 7, 1, 9, 6, 6, 2, 4, 4, 1, 8, 2]
(0.13711539522672964, 0.8635830381885119, 0.7904519531017948)
[10, 6, 7, 5, 3, 1, 3, 4, 10, 7, 8, 9, 5, 4, 2, 2, 1, 7, 10, 3, 2, 1, 1, 1, 7, 7, 5, 7, 9, 7, 4, 3, 8, 5, 4, 9, 9, 7, 8, 5, 7, 1, 6, 9, 10, 8, 10, 3, 4, 8, 3, 8, 1, 9, 6, 6, 2, 4, 4, 1, 8, 2]
(0.1762438326104045, 0.8602236429229327, 0.765799812130727)
[10, 6, 7, 5, 4, 1, 2, 10, 7, 6, 8, 9, 5, 4, 2, 2, 1, 7, 10, 3, 2, 5, 1, 2, 7, 7, 5, 7, 9, 7, 4, 3, 8, 5, 4, 9, 9, 7, 8, 5, 7, 1, 6, 9, 10, 8, 10, 3, 4, 8, 3, 8, 1, 9, 6, 6, 2, 4, 4, 1, 8, 2]
(0.16891823228615868, 0.8287716535851298, 0.8148750330601151)
[10, 6, 7, 5, 3, 1, 3, 4, 10, 7, 8, 9, 5, 4, 2, 2, 1, 7, 10, 3, 2, 8, 1, 2, 7, 7, 5, 2, 9, 7, 4, 3, 6, 5, 6, 8, 9, 7, 8, 5, 7, 1, 6, 9, 10, 8, 10, 3, 4, 8, 3, 7, 1, 9, 6, 6, 2, 4, 4, 1, 8, 2]
(0.14164004046469825, 0.862307278625662, 0.814612554455799)
[10, 6, 7, 5, 3, 1, 3, 4, 10, 7, 8, 9, 5, 4, 2, 2, 1, 7, 10, 3, 2, 1, 1, 6, 7, 7, 5, 7, 9, 7, 4, 3, 8, 5, 8, 9, 9, 7, 8, 5, 7, 1, 6, 9, 10, 8, 10, 3, 4, 8, 3, 8, 1, 9, 6, 6, 2, 4, 4, 1, 8, 2]
(0.14105929621201982, 0.8665453100576948, 0.8150639972227121)
[1, 8, 5, 2, 2, 2, 5, 9, 9, 10, 3, 10, 5, 6, 4, 7, 1, 4, 6, 2, 6, 8, 2, 4, 8, 9, 8, 8, 7, 10, 2, 8, 5, 3, 8, 9, 9, 4, 4, 10, 7, 1, 6, 10, 10, 8, 8, 8, 7, 1, 10, 8, 6, 9, 6, 6, 2, 4, 6, 7, 7, 1]
(0.7202561027864287, 0.8603501575067587, 0.2660634089765821)
[10, 6, 7, 5, 3, 1, 3, 4, 10, 7, 8, 9, 5, 4, 2, 2, 1, 7, 10, 3, 2, 5, 1, 2, 7, 7, 5, 7, 9, 7, 4, 3, 8, 5, 4, 9, 9, 7, 8, 5, 7, 1, 6, 9, 10, 8, 10, 3, 4, 8, 3, 8, 1, 9, 6, 6, 2, 4, 4, 1, 8, 2]
(0.1753413868152543, 0.8493320519104547, 0.8268478763369767)
[1, 8, 5, 2, 9, 1, 5, 4, 3, 7, 2, 10, 5, 1, 4, 7, 1, 4, 6, 2, 9, 5, 2, 2, 2, 2, 6, 4, 9, 7, 9, 6, 5, 4, 8, 9, 7, 7, 4, 10, 7, 1, 6, 10, 9, 5, 8, 6, 4, 1, 7, 8, 6, 9, 6, 6, 2, 1, 6, 7, 8, 1]
(0.43221904969043806, 0.8566551500931331, 0.5875703632183038)
[1, 8, 5, 2, 9, 1, 5, 4, 3, 7, 2, 10, 5, 1, 4, 7, 1, 4, 6, 2, 9, 5, 2, 1, 2, 2, 6, 4, 9, 7, 9, 7, 5, 4, 8, 8, 7, 7, 4, 10, 7, 1, 5, 10, 9, 5, 8, 6, 4, 1, 7, 8, 6, 9, 6, 6, 2, 1, 6, 7, 9, 1]
(0.4342832179460219, 0.8542966308072159, 0.5891578667629013)
[10, 6, 7, 5, 3, 1, 3, 4, 10, 7, 8, 9, 5, 4, 2, 2, 1, 7, 10, 3, 2, 5, 1, 2, 7, 7, 5, 7, 9, 7, 4, 3, 8, 5, 4, 9, 9, 7, 8, 6, 7, 1, 6, 9, 10, 8, 10, 3, 4, 8, 3, 8, 1, 9, 6, 6, 2, 4, 4, 1, 5, 2]
(0.23253389414664496, 0.8396468861028497, 0.8217479720375975)
[10, 6, 7, 5, 3, 1, 3, 4, 10, 7, 8, 9, 5, 4, 2, 2, 1, 7, 10, 3, 2, 5, 1, 2, 7, 7, 5, 7, 9, 7, 4, 3, 8, 5, 4, 9, 9, 7, 8, 6, 7, 1, 6, 9, 10, 8, 10, 3, 4, 8, 3, 8, 1, 9, 6, 6, 2, 4, 4, 1, 5, 2]
(0.23253389414664496, 0.8396468861028497, 0.8217479720375975)
[10, 6, 7, 5, 3, 1, 3, 4, 10, 7, 8, 9, 5, 4, 2, 2, 1, 7, 10, 3, 2, 5, 1, 2, 7, 7, 5, 7, 9, 7, 4, 3, 8, 5, 4, 9, 9, 7, 8, 6, 7, 1, 6, 9, 10, 8, 10, 3, 4, 8, 3, 8, 1, 9, 6, 6, 2, 4, 4, 1, 5, 2]
(0.23253389414664496, 0.8396468861028497, 0.8217479720375975)
[1, 8, 5, 7, 9, 7, 5, 8, 4, 8, 6, 7, 1, 4, 4, 2, 10, 1, 5, 8, 4, 2, 2, 9, 8, 7, 5, 7, 9, 6, 9, 6, 5, 3, 1, 9, 9, 4, 2, 6, 9, 1, 5, 10, 9, 5, 8, 7, 5, 9, 8, 8, 7, 9, 5, 5, 4, 2, 6, 7, 9, 1]
(0.6394422648985649, 0.8642859047278709, 0.39940433737479064)
[4, 4, 6, 4, 4, 1, 2, 9, 7, 6, 8, 10, 1, 4, 2, 3, 3, 7, 3, 1, 9, 8, 6, 2, 7, 6, 5, 5, 5, 4, 5, 1, 6, 5, 6, 7, 9, 7, 8, 5, 7, 1, 6, 9, 10, 8, 10, 1, 4, 1, 5, 8, 1, 9, 6, 6, 2, 4, 4, 1, 7, 2]
(0.25202073051783097, 0.8738355578854634, 0.7813961886863279)
[1, 8, 5, 2, 9, 1, 5, 4, 3, 7, 2, 10, 5, 1, 1, 7, 1, 4, 6, 2, 4, 5, 9, 7, 2, 2, 6, 4, 9, 7, 9, 6, 5, 4, 8, 9, 7, 10, 8, 6, 7, 4, 1, 10, 9, 5, 8, 6, 4, 1, 7, 8, 6, 9, 6, 6, 2, 1, 6, 7, 9, 1]
(0.7171653264012937, 0.8570847852155512, 0.3340600254719279)
[1, 8, 5, 2, 9, 1, 5, 4, 3, 7, 2, 10, 5, 1, 1, 7, 1, 4, 6, 2, 4, 5, 9, 7, 2, 2, 6, 4, 9, 7, 9, 6, 5, 4, 8, 9, 7, 10, 8, 6, 7, 4, 1, 10, 9, 5, 8, 6, 4, 1, 7, 8, 6, 9, 6, 6, 2, 1, 6, 7, 9, 1]
(0.7171653264012937, 0.8570847852155512, 0.3340600254719279)
[4, 4, 3, 4, 4, 1, 2, 9, 7, 6, 8, 10, 1, 4, 2, 3, 3, 7, 3, 1, 9, 8, 6, 2, 7, 6, 5, 5, 5, 4, 5, 1, 6, 5, 6, 7, 9, 7, 8, 5, 7, 1, 6, 9, 10, 8, 10, 1, 4, 1, 5, 8, 1, 9, 6, 6, 2, 4, 4, 1, 7, 2]
(0.2526127552700722, 0.8731389703229023, 0.7969201551355323)
[4, 4, 3, 4, 4, 1, 2, 1, 7, 6, 8, 10, 1, 4, 2, 3, 3, 7, 10, 1, 9, 8, 6, 2, 7, 6, 5, 5, 5, 4, 7, 1, 6, 6, 6, 7, 9, 7, 8, 5, 7, 1, 6, 9, 10, 8, 10, 1, 4, 1, 5, 8, 1, 9, 6, 6, 2, 4, 4, 1, 7, 2]
(0.2591086322901683, 0.8680134562775444, 0.8003243473982555)
[1, 7, 7, 7, 6, 2, 5, 8, 4, 7, 6, 3, 1, 4, 4, 2, 10, 1, 5, 10, 4, 2, 2, 9, 4, 5, 5, 7, 7, 7, 9, 6, 5, 8, 8, 6, 9, 4, 2, 6, 9, 1, 5, 10, 9, 5, 8, 7, 5, 9, 8, 8, 7, 9, 5, 5, 4, 2, 6, 7, 9, 1]
(0.637719379071053, 0.8594013581052369, 0.43914727872810666)
[1, 8, 5, 4, 9, 7, 5, 9, 4, 7, 6, 3, 1, 5, 4, 2, 10, 2, 5, 10, 4, 2, 2, 9, 8, 5, 5, 7, 9, 7, 9, 9, 5, 7, 8, 9, 9, 4, 2, 6, 9, 1, 5, 10, 9, 5, 8, 7, 5, 9, 8, 8, 7, 9, 5, 5, 4, 2, 6, 7, 9, 1]
(0.6389185356516786, 0.8826612053438977, 0.4241129757843553)
[1, 8, 5, 2, 9, 2, 5, 4, 6, 7, 2, 10, 5, 1, 4, 7, 1, 4, 6, 2, 2, 5, 2, 2, 2, 2, 6, 4, 9, 7, 9, 7, 5, 4, 8, 9, 7, 7, 4, 10, 7, 1, 7, 10, 9, 5, 8, 6, 4, 1, 7, 8, 6, 9, 6, 6, 2, 1, 6, 7, 9, 1]
(0.7179137994041319, 0.840049074776465, 0.44112910338830913)
[1, 8, 5, 2, 9, 1, 5, 4, 3, 7, 2, 10, 5, 1, 1, 7, 1, 4, 6, 2, 4, 5, 9, 7, 2, 2, 6, 4, 9, 7, 9, 6, 5, 4, 8, 9, 7, 7, 4, 6, 7, 1, 7, 10, 9, 5, 8, 6, 4, 1, 7, 8, 6, 9, 6, 6, 2, 1, 6, 7, 9, 1]
(0.7213471262639555, 0.8577640471979925, 0.42438997220024455)
[1, 8, 5, 2, 9, 1, 5, 4, 3, 7, 2, 10, 5, 1, 1, 7, 1, 4, 6, 2, 4, 5, 9, 7, 2, 2, 6, 4, 9, 7, 9, 6, 5, 4, 8, 9, 7, 7, 4, 6, 7, 1, 7, 10, 9, 5, 8, 6, 4, 1, 7, 8, 6, 9, 6, 6, 2, 1, 6, 7, 9, 1]
(0.7213471262639555, 0.8577640471979925, 0.42438997220024455)
[1, 8, 5, 2, 9, 2, 5, 4, 3, 7, 2, 10, 5, 3, 1, 7, 1, 4, 6, 2, 9, 5, 2, 2, 2, 2, 6, 4, 9, 7, 9, 7, 5, 4, 8, 9, 7, 7, 4, 10, 7, 1, 5, 10, 9, 5, 8, 6, 4, 1, 7, 8, 6, 9, 6, 6, 2, 1, 6, 7, 9, 1]
(0.6948373677366252, 0.8174828870221906, 0.6007093757319243)
[1, 8, 5, 2, 9, 2, 5, 2, 6, 7, 2, 10, 5, 1, 4, 7, 1, 4, 6, 2, 2, 5, 2, 2, 2, 2, 6, 4, 9, 7, 9, 7, 5, 4, 8, 9, 7, 7, 4, 10, 7, 1, 7, 6, 10, 5, 8, 8, 4, 1, 7, 8, 6, 9, 6, 6, 2, 1, 6, 7, 9, 1]
(0.7251657716099313, 0.8583044333383391, 0.5557388183005331)
[1, 8, 5, 2, 9, 2, 5, 4, 3, 7, 2, 10, 5, 3, 1, 7, 1, 4, 6, 2, 9, 5, 4, 2, 2, 2, 6, 4, 9, 7, 9, 7, 5, 4, 8, 9, 7, 7, 4, 10, 7, 1, 5, 10, 9, 5, 8, 6, 4, 1, 7, 8, 6, 9, 6, 6, 2, 1, 6, 7, 9, 1]
(0.7147964514039999, 0.8526066550984925, 0.5894255461285957)
[1, 8, 5, 2, 9, 2, 5, 4, 3, 7, 2, 10, 5, 3, 1, 7, 1, 4, 6, 2, 9, 5, 2, 2, 2, 2, 6, 4, 9, 7, 9, 7, 5, 4, 8, 9, 3, 7, 4, 10, 6, 1, 5, 10, 9, 5, 8, 6, 4, 1, 7, 8, 6, 9, 6, 6, 2, 1, 6, 7, 9, 1]
(0.7219222927220277, 0.8444872690364663, 0.8200445839652489)
