Matsuoka quadruped, body parameters:[2, 7, 4, 2, 10, 10, 9, 6, 8, 2, 1, 10, 4, 4, 8, 6, 6, 10, 1, 7, 10, 9, 1, 6, 2, 8, 1, 10, 4, 8, 9, 2]
{'b': 0.04000000000000001, 'gam': 0.06999999999999999, 'x0': 0.4, 'c': 1.0, 'a': 2.0}
Inter-module:
[[ 0.  -0.2 -1.  -0.6]
 [-0.4  0.  -1.8 -2. ]
 [-1.  -0.6  0.  -0.2]
 [-1.8 -2.  -0.4  0. ]]
Intra-module:
[[ 0.  -0.2 -1.8]
 [-0.8  0.   1.8]
 [ 1.4 -1.8  0. ]]
Bias:[2.  1.4 1.4]
Drive coeff:[0.5 0.1 0.1]
Base period:6.72
gen	evals	std                               	min       	avg                               	max                               
0  	92   	[0.04340377 0.02246093 0.0115252 ]	[0. 0. 0.]	[0.01690537 0.00408324 0.00132359]	[0.19827297 0.1637857  0.11072263]
1  	92   	[0.05623152 0.02900971 0.01860214]	[0. 0. 0.]	[0.0313251  0.00689666 0.00352138]	[0.27946943 0.1637857  0.11072263]
2  	92   	[0.07348595 0.04754466 0.02980195]	[0. 0. 0.]	[0.06287659 0.0180345  0.00864323]	[0.4344548 0.1873453 0.1254437]   
3  	92   	[0.063994   0.06141946 0.04353416]	[0. 0. 0.]	[0.10791015 0.03504096 0.01968464]	[0.4344548  0.26133475 0.17235236]
4  	92   	[0.06528196 0.09661992 0.09282361]	[0. 0. 0.]	[0.12717808 0.06968305 0.04641342]	[0.4344548  0.61601557 0.74178153]
5  	92   	[0.1104414  0.09750959 0.09375781]	[0. 0. 0.]	[0.1337887  0.12160308 0.07666356]	[0.81740823 0.61601557 0.74178153]
6  	92   	[0.10692412 0.11472786 0.09298072]	[0. 0. 0.]	[0.16500168 0.16782904 0.11084734]	[0.81740823 0.64348655 0.74178153]
7  	92   	[0.10237684 0.13987588 0.11573022]	[0. 0. 0.]	[0.18371389 0.21208608 0.13249144]	[0.81740823 0.83235691 0.74178153]
8  	92   	[0.11091826 0.17703061 0.13370624]	[0. 0. 0.]	[0.21202146 0.26790091 0.16814095]	[0.81740823 0.89495662 0.74178153]
9  	92   	[0.10779915 0.2228673  0.15789272]	[0. 0. 0.]	[0.23852855 0.33969795 0.19634739]	[0.81740823 0.93728758 0.74178153]
10 	92   	[0.11949485 0.2274543  0.18515152]	[0. 0. 0.]	[0.25669479 0.40291067 0.22097039]	[0.81740823 0.93728758 0.74178153]
11 	92   	[0.12010806 0.2204241  0.23128576]	[0. 0. 0.]	[0.27960982 0.50696774 0.29395463]	[0.81740823 0.93728758 0.92666624]
12 	92   	[0.11796698 0.19866069 0.25289239]	[0. 0. 0.]	[0.29180759 0.57508833 0.33872738]	[0.81740823 0.95097283 0.92666624]
13 	92   	[0.11659192 0.1998808  0.27625647]	[0. 0. 0.]	[0.31602861 0.6292091  0.39852175]	[0.81740823 0.95097283 0.92666624]
14 	92   	[0.11247388 0.20135486 0.2686924 ]	[0.19466781 0.         0.        ]	[0.33942547 0.62164071 0.44205272]	[0.81740823 0.95906973 0.92666624]
15 	92   	[0.12408868 0.19886638 0.26298554]	[0.16788275 0.20952935 0.        ]	[0.34427605 0.64893685 0.48410563]	[0.81740823 0.96099481 0.92666624]
16 	92   	[0.1357156  0.21584493 0.26997886]	[0.16788275 0.         0.        ]	[0.37939473 0.65742452 0.47468914]	[0.81740823 0.96099481 0.92666624]
17 	92   	[0.14017363 0.22392568 0.2568649 ]	[0.16788275 0.         0.        ]	[0.38098182 0.66775669 0.52954165]	[0.81740823 0.96099481 0.92918912]
18 	92   	[0.14174589 0.22598647 0.2591998 ]	[0.1676693 0.        0.       ]   	[0.38832481 0.67665849 0.55920964]	[0.81740823 0.96099481 0.92918912]
19 	92   	[0.14744931 0.22556971 0.26477891]	[0.1676693 0.        0.       ]   	[0.38942777 0.66710552 0.56575673]	[0.81740823 0.97088814 0.92918912]
20 	92   	[0.15705503 0.22804305 0.2631613 ]	[0.1676693 0.        0.       ]   	[0.40166154 0.66087658 0.57617267]	[0.8966449  0.97088814 0.92918912]
21 	92   	[0.15443148 0.21919978 0.27171943]	[0.16788275 0.         0.        ]	[0.422398   0.64722041 0.55897241]	[0.8966449  0.97088814 0.92918912]
22 	92   	[0.1612257  0.22072526 0.27733813]	[0.16887016 0.         0.        ]	[0.44097364 0.63301713 0.55967437]	[0.8966449  0.97088814 0.92918912]
23 	92   	[0.16294317 0.20273269 0.26617029]	[0. 0. 0.]                        	[0.4425553  0.63703249 0.60443311]	[0.8966449  0.97088814 0.92918912]
24 	92   	[0.16615308 0.20650794 0.25545563]	[0. 0. 0.]                        	[0.44490577 0.63335493 0.62787988]	[0.8966449  0.97088814 0.92918912]
25 	92   	[0.15886935 0.21154087 0.2568756 ]	[0.16901163 0.         0.        ]	[0.45382237 0.6512911  0.63574949]	[0.8966449  0.97088814 0.92918912]
26 	92   	[0.16152908 0.20961642 0.25951098]	[0.16901163 0.         0.        ]	[0.45033408 0.66187566 0.63031292]	[0.8966449  0.97088814 0.92918912]
27 	92   	[0.1712538  0.21531714 0.27077432]	[0.16837429 0.         0.        ]	[0.43171927 0.68760355 0.62530815]	[0.8966449  0.97088814 0.92918912]
28 	92   	[0.17183567 0.21116113 0.2587825 ]	[0.16837429 0.         0.        ]	[0.43261699 0.70981461 0.64824465]	[0.8966449  0.97088814 0.92918912]
29 	92   	[0.17520083 0.21004821 0.25590293]	[0.16695126 0.         0.        ]	[0.43343487 0.71645276 0.65432888]	[0.8966449  0.97088814 0.92918912]
30 	92   	[0.16453006 0.2031503  0.23742642]	[0.16695126 0.22828657 0.18649319]	[0.41251421 0.70804476 0.69655227]	[0.8966449  0.97088814 0.92918912]
31 	92   	[0.16832678 0.2024279  0.24652671]	[0.16695126 0.22828657 0.19535273]	[0.42112845 0.71855954 0.68452605]	[0.8966449  0.97088814 0.92918912]
32 	92   	[0.16407094 0.21341384 0.25745282]	[0.16695126 0.22828657 0.19535273]	[0.42800884 0.73049752 0.67867414]	[0.8966449  0.97088814 0.92918912]
33 	92   	[0.16016968 0.21546085 0.24100135]	[0.16695126 0.22828657 0.19031467]	[0.44157722 0.7136973  0.70234183]	[0.8966449  0.98122499 0.92918912]
34 	92   	[0.17332662 0.21285142 0.2184497 ]	[0.17116279 0.22828657 0.19535273]	[0.46752612 0.70182403 0.72652998]	[0.89962757 0.98122499 0.92918912]
35 	92   	[0.17645058 0.21386451 0.22247009]	[0.17116279 0.22828657 0.19462456]	[0.47679936 0.72244382 0.70482778]	[0.89962757 0.98122499 0.92918912]
36 	92   	[0.19028155 0.20848186 0.20193273]	[0.17116279 0.22828657 0.2046614 ]	[0.48629086 0.7037592  0.73340301]	[0.90464442 0.98122499 0.92918912]
37 	92   	[0.20290582 0.22549119 0.20230964]	[0.17116279 0.22828657 0.2046614 ]	[0.50212557 0.68055911 0.73466647]	[0.90464442 0.98122499 0.94542774]
38 	92   	[0.21376864 0.22054523 0.19129257]	[0.17116279 0.22828657 0.21279066]	[0.52122701 0.66019028 0.73983051]	[0.90464442 0.98122499 0.94542774]
39 	92   	[0.21915286 0.21285991 0.20063585]	[0.17116279 0.26626196 0.20691349]	[0.53357603 0.6348788  0.7377871 ]	[0.91252763 0.98122499 0.94542774]
40 	92   	[0.2188191  0.21818139 0.21437177]	[0.17116279 0.26626196 0.20691349]	[0.54277443 0.64528498 0.7254306 ]	[0.91252763 0.98122499 0.94542774]
41 	92   	[0.22092286 0.22066052 0.19533718]	[0.17116279 0.26626196 0.20691349]	[0.54300702 0.63716323 0.74743763]	[0.91252763 0.98122499 0.94542774]
42 	92   	[0.22242824 0.23060874 0.20832358]	[0.17116279 0.26626196 0.20568787]	[0.56757704 0.65576971 0.73002865]	[0.91252763 0.98122499 0.94542774]
43 	92   	[0.21110981 0.22440943 0.20679304]	[0.17116279 0.26626196 0.20568787]	[0.58740588 0.6633668  0.72969368]	[0.91252763 0.98122499 0.94542774]
44 	92   	[0.2162847  0.22295623 0.19384946]	[0.17116279 0.26626196 0.20691349]	[0.60786975 0.65550538 0.73785387]	[0.91252763 0.98122499 0.94542774]
45 	92   	[0.21020108 0.21914241 0.19526664]	[0.17116279 0.26626196 0.20691349]	[0.59736826 0.66693675 0.73425669]	[0.91252763 0.98122499 0.94542774]
46 	92   	[0.20741042 0.2210687  0.20230073]	[0.17116279 0.26626196 0.20691349]	[0.59932329 0.67130509 0.72513472]	[0.91252763 0.98122499 0.94542774]
47 	92   	[0.20587137 0.21893794 0.19446015]	[0.17116279 0.26626196 0.20691349]	[0.60154954 0.67447526 0.73211749]	[0.91252763 0.98122499 0.94542774]
48 	92   	[0.20487275 0.22023908 0.18843046]	[0.17116279 0.26626196 0.20691349]	[0.59709551 0.68167158 0.74451391]	[0.91252763 0.98122499 0.94542774]
49 	92   	[0.21738437 0.22442642 0.19958884]	[0.17116279 0.26626196 0.19122783]	[0.59646153 0.6950546  0.74134709]	[0.92376049 0.98122499 0.94542774]
50 	92   	[0.21600536 0.22869969 0.18450959]	[0.17116279 0.26626196 0.20691349]	[0.61588396 0.6845088  0.7569447 ]	[0.92376049 0.98122499 0.94542774]
51 	92   	[0.21815984 0.23780095 0.20187271]	[0.17116279 0.         0.        ]	[0.61881399 0.67482606 0.75597748]	[0.92376049 0.98122499 0.94542774]
52 	92   	[0.22619106 0.23661393 0.20537924]	[0.17116279 0.26626196 0.20691349]	[0.63095577 0.65224133 0.76195526]	[0.92376049 0.98122499 0.94542774]
53 	92   	[0.2297936  0.24107006 0.19655487]	[0.17116279 0.27034158 0.20691349]	[0.63899098 0.64236909 0.76231041]	[0.92376049 0.98122499 0.94542774]
54 	92   	[0.2312816  0.24050108 0.20468201]	[0.17116279 0.27034158 0.20691349]	[0.63192476 0.65316447 0.75355593]	[0.92376049 0.98122499 0.94542774]
55 	92   	[0.23480854 0.24483789 0.20776629]	[0.17116279 0.27034158 0.20691349]	[0.63248896 0.6624455  0.7459176 ]	[0.92376049 0.98122499 0.94542774]
56 	92   	[0.23936423 0.24724921 0.21359736]	[0.17116279 0.27034158 0.20691349]	[0.62847539 0.66529177 0.73887038]	[0.92376049 0.98122499 0.94542774]
57 	92   	[0.23820765 0.24187916 0.21503901]	[0.17116279 0.27034158 0.20691349]	[0.64260933 0.67902188 0.73475717]	[0.92376049 0.98122499 0.94542774]
58 	92   	[0.23926311 0.23867908 0.21608201]	[0.17116279 0.27034158 0.20691349]	[0.62184097 0.6850596  0.73904551]	[0.92376049 0.98122499 0.94542774]
59 	92   	[0.22773493 0.23858123 0.22148931]	[0.22956906 0.27034158 0.20691349]	[0.63430031 0.68473456 0.73696454]	[0.92376049 0.98122499 0.94542774]
60 	92   	[0.22702647 0.23629046 0.22647111]	[0.22956906 0.27034158 0.20691349]	[0.60811449 0.7113678  0.72695088]	[0.92376049 0.98122499 0.94542774]
61 	92   	[0.22650433 0.23674983 0.22121534]	[0.22956906 0.27034158 0.20691349]	[0.60144036 0.70569271 0.74308183]	[0.92376049 0.98122499 0.94542774]
62 	92   	[0.23353295 0.23070482 0.21454324]	[0.22956906 0.27034158 0.20691349]	[0.60624719 0.70125145 0.75011452]	[0.92376049 0.98122499 0.94542774]
63 	92   	[0.23490564 0.23336881 0.22999609]	[0.22956906 0.27034158 0.20691349]	[0.60458784 0.7095582  0.73515311]	[0.92376049 0.98122499 0.94542774]
64 	92   	[0.23749973 0.23651448 0.22436064]	[0.22956906 0.27106616 0.20691349]	[0.62671051 0.69209943 0.74923435]	[0.92376049 0.98122499 0.94542774]
65 	92   	[0.23655283 0.23215422 0.23029687]	[0.22956906 0.26377366 0.20691349]	[0.62812287 0.70112372 0.74139618]	[0.92376049 0.98122499 0.94542774]
66 	92   	[0.23896629 0.23170338 0.24188864]	[0.22956906 0.26377366 0.20691349]	[0.62495971 0.68923819 0.73846763]	[0.92376049 0.98122499 0.94542774]
67 	92   	[0.23698066 0.22931496 0.22990356]	[0.22956906 0.30520064 0.20691349]	[0.62566347 0.69847347 0.75974851]	[0.92376049 0.98122499 0.94542774]
68 	92   	[0.24524952 0.23443231 0.23545852]	[0.19513783 0.30520064 0.200153  ]	[0.61749988 0.71207962 0.74807893]	[0.92376049 0.98122499 0.94542774]
69 	92   	[0.25385814 0.24272931 0.25083417]	[0.19513783 0.30520064 0.18586642]	[0.6125573  0.71093071 0.74043053]	[0.92376049 0.98122499 0.94542774]
70 	92   	[0.25541838 0.24254922 0.26484368]	[0.19513783 0.30520064 0.18586642]	[0.60023935 0.72095647 0.72020644]	[0.92376049 0.98122499 0.94542774]
71 	92   	[0.25375578 0.2423788  0.26158907]	[0.19513783 0.30520064 0.18586642]	[0.60812483 0.72001007 0.72689662]	[0.92376049 0.98122499 0.94542774]
72 	92   	[0.25833497 0.24048161 0.265498  ]	[0.19513783 0.30520064 0.18586642]	[0.62211937 0.71290299 0.71765196]	[0.92376049 0.98122499 0.94542774]
73 	92   	[0.261512   0.2437386  0.28440157]	[0.19513783 0.30520064 0.18586642]	[0.61273452 0.72372608 0.69526305]	[0.92491875 0.98122499 0.94542774]
74 	92   	[0.26553948 0.24181233 0.27712356]	[0.19513783 0.30520064 0.18586642]	[0.61499397 0.734655   0.69467167]	[0.93021362 0.98122499 0.94542774]
75 	92   	[0.26188629 0.24687045 0.27035063]	[0.19513783 0.30520064 0.18586642]	[0.60347378 0.73411955 0.71033293]	[0.93021362 0.98122499 0.94542774]
76 	92   	[0.25480791 0.25017011 0.26986248]	[0.19513783 0.30520064 0.18586642]	[0.6031732  0.74051864 0.71225766]	[0.93021362 0.98122499 0.94542774]
77 	92   	[0.25500673 0.25047702 0.26131193]	[0.19513783 0.30520064 0.18586642]	[0.60743392 0.73530113 0.72813374]	[0.93021362 0.98122499 0.94542774]
78 	92   	[0.25614007 0.24861578 0.26605617]	[0.19513783 0.30520064 0.18586642]	[0.60830564 0.73349776 0.72078919]	[0.93021362 0.98122499 0.94542774]
79 	92   	[0.25246504 0.23713738 0.26672553]	[0.19513783 0.31305292 0.18586642]	[0.60079692 0.75188494 0.72292988]	[0.93021362 0.98122499 0.94542774]
80 	92   	[0.25445038 0.23532559 0.26743873]	[0.19513783 0.31305292 0.18586642]	[0.614041   0.73520161 0.72444993]	[0.93021362 0.98122499 0.94542774]
81 	92   	[0.25422311 0.23565844 0.26558536]	[0.19513783 0.31305292 0.18586642]	[0.61671082 0.7358107  0.72428637]	[0.93021362 0.98122499 0.94542774]
82 	92   	[0.25354963 0.23525654 0.26527957]	[0.19513783 0.31305292 0.18586642]	[0.62735455 0.74022868 0.71912661]	[0.93021362 0.98122499 0.94542774]
83 	92   	[0.26039321 0.24002175 0.27799643]	[0.19513783 0.31305292 0.18586642]	[0.65324295 0.73459201 0.70146104]	[0.93021362 0.98122499 0.94542774]
84 	92   	[0.2630863  0.2413194  0.27981358]	[0.19513783 0.31305292 0.18586642]	[0.64498395 0.72563554 0.70341838]	[0.93021362 0.98122499 0.94970764]
85 	92   	[0.25902748 0.24481478 0.27127452]	[0.19513783 0.27692204 0.18586642]	[0.64538563 0.71701493 0.71446313]	[0.93021362 0.98122499 0.94970764]
86 	92   	[0.25108103 0.2411033  0.26438602]	[0.19513783 0.31305292 0.18586642]	[0.64897546 0.71073112 0.71639819]	[0.9350908  0.98122499 0.94970764]
87 	92   	[0.25283485 0.23721433 0.26502033]	[0.19513783 0.31305292 0.18586642]	[0.65208651 0.7207038  0.71573332]	[0.9350908  0.98122499 0.94970764]
88 	92   	[0.24640106 0.23550702 0.26641478]	[0.19513783 0.31305292 0.18586642]	[0.66819457 0.72132058 0.70348961]	[0.9350908  0.98122499 0.94970764]
89 	92   	[0.24196185 0.23913474 0.25662845]	[0.19513783 0.27113183 0.18586642]	[0.67859643 0.7153462  0.71596444]	[0.93527213 0.98122499 0.94970764]
90 	92   	[0.2377405  0.23582449 0.25634887]	[0.19513783 0.28197342 0.18586642]	[0.69063801 0.72692656 0.71120293]	[0.93527213 0.98122499 0.94970764]
91 	92   	[0.23737374 0.23964731 0.26358723]	[0.19513783 0.28197342 0.18586642]	[0.68794855 0.73450406 0.69335175]	[0.93527213 0.98122499 0.94970764]
92 	92   	[0.25318891 0.24295266 0.25495242]	[0.         0.28197342 0.18586642]	[0.67065987 0.72648471 0.71069182]	[0.93527213 0.98122499 0.94970764]
93 	92   	[0.25050939 0.24842257 0.26777926]	[0.         0.28197342 0.18586642]	[0.67775826 0.72318818 0.69976201]	[0.93527213 0.98122499 0.94970764]
94 	92   	[0.2503578  0.24235143 0.2758226 ]	[0.         0.28197342 0.18586642]	[0.65343243 0.74659645 0.68956364]	[0.93527213 0.98122499 0.94970764]
95 	92   	[0.25319361 0.24050327 0.27391475]	[0.         0.28197342 0.200153  ]	[0.65784608 0.7401377  0.68822543]	[0.93755965 0.98122499 0.94970764]
96 	92   	[0.2518238  0.23154175 0.26033063]	[0.         0.28255299 0.20453632]	[0.6586903  0.74230251 0.70698591]	[0.93755965 0.98122499 0.94970764]
97 	92   	[0.25236705 0.23240009 0.26178963]	[0.         0.28255299 0.20453632]	[0.66930828 0.7582878  0.69354644]	[0.93755965 0.98122499 0.94970764]
98 	92   	[0.24427896 0.22415791 0.26533172]	[0.         0.28255299 0.20453632]	[0.65657248 0.77634472 0.6844016 ]	[0.93755965 0.98122499 0.94970764]
99 	92   	[0.2401429  0.2215477  0.26426781]	[0.         0.28255299 0.20453632]	[0.66694006 0.77073822 0.68221983]	[0.93755965 0.98122499 0.94970764]
100	92   	[0.2341432  0.22212033 0.26387853]	[0.         0.28255299 0.20453632]	[0.65694181 0.7807822  0.6834361 ]	[0.93816743 0.98122499 0.94970764]
101	92   	[0.24182108 0.2268221  0.27036763]	[0.         0.31070402 0.20453632]	[0.6734902  0.77045982 0.6820377 ]	[0.93816743 0.98122499 0.94970764]
102	92   	[0.24019217 0.21860288 0.25545665]	[0.         0.31070402 0.20453632]	[0.66564002 0.7732681  0.69523157]	[0.94678618 0.98122499 0.94970764]
103	92   	[0.23926848 0.22009163 0.24191711]	[0.         0.31070402 0.20453632]	[0.69182442 0.7518131  0.71383512]	[0.94678618 0.98122499 0.94970764]
104	92   	[0.23717    0.21442151 0.24127077]	[0.         0.31070402 0.20453632]	[0.68077044 0.7622877  0.71697161]	[0.94678618 0.98122499 0.94970764]
105	92   	[0.23849385 0.21567223 0.23090903]	[0.         0.31070402 0.20691349]	[0.69247179 0.76375896 0.7142866 ]	[0.94678618 0.98122499 0.94970764]
106	92   	[0.24073577 0.2138329  0.24947345]	[0.         0.31070402 0.20691349]	[0.6875871  0.77681751 0.70120252]	[0.94678618 0.98122499 0.94970764]
107	92   	[0.24396663 0.21625916 0.22207501]	[0.         0.31070402 0.20765722]	[0.67689836 0.77933253 0.73228737]	[0.94678618 0.98122499 0.94970764]
108	92   	[0.2462363  0.23489747 0.2276892 ]	[0.         0.27545529 0.20765722]	[0.66848898 0.73809911 0.7481323 ]	[0.94678618 0.98122499 0.94970764]
109	92   	[0.24563402 0.22636682 0.23932403]	[0.         0.27545529 0.20765722]	[0.67034379 0.74851201 0.73471946]	[0.94678618 0.98122499 0.94970764]
110	92   	[0.25148112 0.22164487 0.24811416]	[0.         0.27545529 0.20970919]	[0.65599582 0.76665198 0.71758581]	[0.94678618 0.98122499 0.94970764]
111	92   	[0.24991436 0.22173766 0.23515295]	[0.         0.27545529 0.20970919]	[0.65807835 0.76736368 0.72724568]	[0.94678618 0.98122499 0.94970764]
112	92   	[0.24921142 0.21950432 0.23369502]	[0.         0.27545529 0.20970919]	[0.64903527 0.77752821 0.72307226]	[0.94814348 0.98122499 0.94970764]
113	92   	[0.24590957 0.22122514 0.22127585]	[0.         0.27545529 0.20970919]	[0.63185418 0.76658275 0.74029177]	[0.95209577 0.98122499 0.94970764]
114	92   	[0.25199044 0.21571329 0.23128694]	[0.         0.27545529 0.20970919]	[0.63726868 0.78010161 0.72526381]	[0.95209577 0.98122499 0.94970764]
115	92   	[0.24971046 0.21568738 0.23028301]	[0.         0.27545529 0.20970919]	[0.64533906 0.7802196  0.72303856]	[0.95209577 0.98122499 0.94970764]
116	92   	[0.24349193 0.21441498 0.21570825]	[0.         0.27545529 0.20141569]	[0.63424366 0.77827376 0.73641218]	[0.95209577 0.98122499 0.94970764]
117	92   	[0.24193661 0.21270096 0.20770597]	[0.         0.27545529 0.20141569]	[0.64393622 0.77885656 0.73632102]	[0.95209577 0.98122499 0.94970764]
118	92   	[0.24266258 0.21579374 0.21426888]	[0.         0.27545529 0.20141569]	[0.65059464 0.77186239 0.7323551 ]	[0.95209577 0.98122499 0.94970764]
119	92   	[0.24100365 0.2207841  0.21485767]	[0.         0.27545529 0.20970919]	[0.64954276 0.77173603 0.73477653]	[0.95209577 0.98122499 0.94970764]
120	92   	[0.24734182 0.22185175 0.2145113 ]	[0.         0.27545529 0.20970919]	[0.6548542 0.7667552 0.7362253]   	[0.95209577 0.98122499 0.94970764]
121	92   	[0.24190204 0.21606365 0.22040892]	[0.         0.27545529 0.20970919]	[0.66587432 0.76207197 0.73026183]	[0.95209577 0.98122499 0.94970764]
122	92   	[0.24204149 0.21675787 0.21416795]	[0.         0.27545529 0.20970919]	[0.65904034 0.76571725 0.73960735]	[0.95209577 0.98122499 0.94970764]
123	92   	[0.24199529 0.21670917 0.20720669]	[0.         0.27545529 0.20970919]	[0.65908081 0.76880968 0.74517717]	[0.95209577 0.98122499 0.94970764]
124	92   	[0.24306853 0.217115   0.20615958]	[0.         0.27545529 0.20970919]	[0.65841102 0.77244428 0.74320154]	[0.95209577 0.98122499 0.94970764]
125	92   	[0.24357151 0.2166908  0.19727452]	[0.         0.31305292 0.20896316]	[0.66962022 0.77994082 0.74446409]	[0.95209577 0.98122499 0.94970764]
126	92   	[0.24852517 0.20856003 0.18852344]	[0.         0.31305292 0.20970919]	[0.67913575 0.78943076 0.73791051]	[0.95209577 0.98122499 0.94970764]
127	92   	[0.23964253 0.20905741 0.20107278]	[0.2287992  0.31305292 0.20623539]	[0.68938727 0.78609678 0.72754921]	[0.95209577 0.98122499 0.94970764]
128	92   	[0.24235075 0.21058835 0.2007526 ]	[0.2287992  0.31305292 0.20970919]	[0.69235798 0.78355327 0.72782965]	[0.95209577 0.98122499 0.94970764]
129	92   	[0.23521569 0.20804378 0.193622  ]	[0.2287992  0.31305292 0.20970919]	[0.70274409 0.78397797 0.73657195]	[0.95209577 0.98122499 0.94970764]
130	92   	[0.22663253 0.21267594 0.17748711]	[0.2287992  0.31305292 0.20970919]	[0.704622   0.78782561 0.74780202]	[0.95209577 0.98122499 0.94970764]
131	92   	[0.22789786 0.21625196 0.17772029]	[0.2287992  0.31305292 0.20970919]	[0.69865623 0.78374749 0.75150482]	[0.95209577 0.98122499 0.94970764]
132	92   	[0.21667984 0.21605401 0.15936687]	[0.2287992  0.26904574 0.20970919]	[0.69747855 0.78170958 0.76847829]	[0.95209577 0.98122499 0.94970764]
133	92   	[0.22537973 0.21378442 0.16878754]	[0.16973651 0.26904574 0.2009556 ]	[0.70964734 0.78925572 0.75918112]	[0.95209577 0.98122499 0.94970764]
134	92   	[0.22612479 0.21386489 0.16881036]	[0.16978026 0.26904574 0.20064491]	[0.71391247 0.78928321 0.75900005]	[0.95209577 0.98122499 0.94970764]
135	92   	[0.22584072 0.2120177  0.16879589]	[0.16978026 0.26904574 0.20064491]	[0.7096385  0.79096453 0.75913844]	[0.95209577 0.98122499 0.94970764]
136	92   	[0.2253022  0.21538971 0.17914357]	[0.16978026 0.26904574 0.20064491]	[0.71023943 0.78850715 0.75723069]	[0.95342408 0.98122499 0.94970764]
137	92   	[0.22426262 0.20980565 0.17699537]	[0.16978026 0.26904574 0.20064491]	[0.69960261 0.79996068 0.75214947]	[0.96296415 0.98122499 0.94970764]
138	92   	[0.23173022 0.21455737 0.19459671]	[0.16978026 0.26904574 0.20064491]	[0.70280629 0.79174136 0.74297966]	[0.96296415 0.98122499 0.94970764]
139	92   	[0.2274052  0.21166763 0.1959296 ]	[0.2287992  0.26904574 0.18783895]	[0.70532883 0.79841507 0.74109313]	[0.96296415 0.98122499 0.94970764]
140	92   	[0.2282101  0.2113879  0.18698317]	[0.19736449 0.26904574 0.20131769]	[0.71132053 0.79886984 0.74708235]	[0.96296415 0.98122499 0.94970764]
141	92   	[0.22304307 0.21962491 0.17994283]	[0.19736449 0.26904574 0.20131769]	[0.71884957 0.78958941 0.7571687 ]	[0.96296415 0.98122499 0.94970764]
142	92   	[0.22772798 0.20870696 0.17824489]	[0.         0.26904574 0.20934027]	[0.70926312 0.80949098 0.75397279]	[0.96296415 0.98122499 0.94970764]
143	92   	[0.22147525 0.20938775 0.2035327 ]	[0.2287992  0.26904574 0.20753329]	[0.7123227  0.80618443 0.73919809]	[0.96296415 0.98122499 0.94970764]
144	92   	[0.22202531 0.20884843 0.1798632 ]	[0.2287992  0.26904574 0.20811094]	[0.71541797 0.8054494  0.76170417]	[0.96296415 0.98122499 0.94970764]
145	92   	[0.2218763  0.20942842 0.18874087]	[0.2287992  0.26904574 0.20811094]	[0.71553882 0.80724957 0.75613549]	[0.96296415 0.98122499 0.94970764]
146	92   	[0.22075679 0.21104242 0.18796822]	[0.2287992  0.26904574 0.20811094]	[0.71650381 0.80945497 0.75416797]	[0.96296415 0.98122499 0.94970764]
147	92   	[0.21623865 0.20857409 0.18742094]	[0.2287992  0.26904574 0.20811094]	[0.71939473 0.81438765 0.75361905]	[0.96296415 0.98122499 0.94970764]
148	92   	[0.21623865 0.20857409 0.18742094]	[0.2287992  0.26904574 0.20811094]	[0.71939473 0.81438765 0.75361905]	[0.96296415 0.98122499 0.94970764]
149	92   	[0.21385475 0.20928861 0.17911357]	[0.23278562 0.26904574 0.20811094]	[0.72432495 0.81134842 0.75928971]	[0.96296415 0.98122499 0.94970764]
[2, 5, 5, 6, 8, 2, 9, 3, 3, 1, 5, 6, 1, 8, 1, 2, 3, 9, 7, 1, 3, 6, 6, 10, 10, 7, 9, 4, 10, 3, 7, 10, 7, 4, 9, 3, 9, 10, 10, 1, 5, 4, 7, 7, 10, 4, 5, 9, 8, 3, 6, 1, 6, 9, 3, 2, 2, 4, 2, 4, 10, 10]
(0.5545954912436948, 0.9637653792276955, 0.2106773024015301)
[4, 5, 5, 6, 8, 2, 9, 4, 5, 1, 10, 5, 1, 8, 3, 2, 3, 10, 7, 1, 3, 6, 9, 10, 10, 6, 9, 4, 10, 3, 7, 10, 7, 8, 9, 3, 9, 10, 10, 1, 5, 3, 7, 6, 10, 4, 5, 9, 8, 3, 6, 6, 9, 9, 3, 2, 2, 5, 2, 4, 10, 10]
(0.5611769863257632, 0.9680134041234828, 0.20970919465967086)
[4, 4, 5, 3, 9, 2, 10, 7, 9, 7, 6, 5, 1, 9, 10, 6, 5, 10, 3, 2, 6, 8, 9, 4, 10, 6, 9, 8, 8, 9, 10, 1, 10, 3, 8, 3, 2, 10, 2, 3, 7, 8, 10, 1, 7, 6, 5, 9, 6, 9, 6, 7, 9, 9, 2, 5, 1, 4, 2, 4, 5, 10]
(0.5385096733988327, 0.2690457402216915, 0.9387651145106316)
[2, 5, 5, 6, 8, 2, 9, 10, 7, 1, 8, 5, 1, 8, 1, 2, 3, 8, 2, 1, 4, 10, 10, 4, 10, 7, 9, 1, 10, 3, 7, 5, 7, 8, 9, 3, 8, 8, 10, 5, 7, 5, 7, 5, 10, 1, 3, 9, 9, 7, 2, 6, 8, 9, 3, 2, 2, 4, 2, 4, 5, 10]
(0.9604432045536363, 0.6319065495304018, 0.22346035077495702)
[2, 5, 5, 6, 8, 2, 9, 10, 7, 1, 8, 5, 1, 8, 1, 2, 3, 8, 2, 1, 4, 10, 10, 4, 10, 7, 9, 1, 10, 3, 7, 5, 8, 8, 9, 3, 8, 8, 10, 5, 7, 5, 7, 5, 10, 1, 3, 9, 9, 7, 2, 6, 8, 9, 3, 2, 2, 4, 2, 4, 5, 10]
(0.9629641541931309, 0.6308971225914911, 0.22358863173829313)
[7, 4, 5, 3, 7, 1, 4, 3, 10, 4, 9, 8, 1, 8, 1, 6, 5, 2, 3, 2, 6, 8, 9, 2, 1, 3, 8, 10, 10, 7, 10, 5, 7, 3, 8, 2, 6, 10, 6, 8, 10, 10, 7, 8, 2, 4, 3, 9, 8, 6, 5, 10, 9, 9, 2, 4, 1, 4, 2, 4, 5, 10]
(0.2808095039746379, 0.6169401158548625, 0.941374823191672)
[2, 9, 5, 6, 8, 2, 9, 4, 5, 1, 9, 5, 1, 8, 3, 2, 2, 9, 2, 1, 3, 6, 6, 4, 10, 7, 5, 4, 10, 3, 7, 9, 7, 8, 9, 3, 9, 10, 10, 1, 5, 3, 7, 8, 8, 4, 8, 7, 8, 3, 6, 6, 9, 9, 3, 2, 2, 4, 2, 4, 10, 10]
(0.37736966458006455, 0.6336602025154595, 0.939524893491522)
[2, 5, 8, 6, 8, 2, 9, 4, 5, 1, 9, 8, 1, 8, 3, 2, 5, 9, 4, 1, 3, 9, 10, 10, 10, 7, 9, 4, 2, 3, 7, 10, 7, 8, 9, 3, 9, 10, 10, 1, 5, 3, 7, 6, 10, 4, 5, 9, 8, 3, 6, 6, 9, 9, 3, 2, 2, 4, 2, 4, 10, 10]
(0.3617329397858914, 0.6541348515919602, 0.9363789722585215)
[8, 4, 6, 3, 9, 4, 7, 9, 8, 1, 4, 2, 7, 7, 1, 4, 4, 1, 9, 2, 3, 8, 8, 10, 10, 10, 9, 6, 8, 7, 10, 5, 5, 3, 8, 2, 6, 10, 6, 6, 10, 8, 10, 10, 8, 6, 5, 9, 5, 4, 6, 5, 5, 4, 2, 2, 2, 4, 5, 5, 7, 2]
(0.23278562302550687, 0.9609948134049747, 0.7630702303497796)
[7, 4, 5, 3, 9, 2, 10, 7, 9, 1, 6, 5, 1, 9, 10, 6, 5, 10, 3, 2, 7, 8, 9, 4, 10, 6, 9, 8, 8, 9, 10, 1, 10, 3, 8, 2, 2, 10, 2, 3, 7, 8, 10, 1, 7, 6, 5, 9, 6, 9, 5, 7, 9, 9, 2, 5, 1, 4, 2, 4, 5, 10]
(0.5458036690317158, 0.48357949559008756, 0.941535200696241)
[2, 5, 5, 6, 8, 2, 9, 4, 5, 1, 9, 5, 1, 8, 1, 2, 5, 9, 4, 1, 3, 6, 10, 10, 10, 7, 9, 4, 10, 3, 7, 10, 7, 8, 9, 3, 9, 10, 10, 1, 5, 3, 7, 6, 10, 9, 5, 9, 8, 3, 6, 6, 9, 9, 3, 2, 2, 4, 2, 4, 4, 10]
(0.5551488913375667, 0.4808369476666156, 0.9497076361395016)
[2, 5, 5, 6, 8, 2, 9, 10, 7, 1, 8, 8, 1, 8, 2, 2, 3, 9, 2, 1, 3, 10, 10, 2, 10, 7, 9, 2, 10, 3, 7, 5, 5, 8, 9, 3, 3, 8, 10, 5, 7, 5, 7, 7, 10, 1, 3, 9, 9, 3, 2, 6, 9, 9, 3, 2, 2, 4, 2, 4, 5, 10]
(0.9481434801677807, 0.3770200928454, 0.7300593142865416)
[2, 5, 5, 6, 8, 2, 9, 10, 7, 1, 8, 8, 8, 8, 1, 2, 3, 9, 2, 1, 3, 5, 10, 5, 10, 7, 9, 4, 10, 3, 5, 5, 7, 8, 9, 3, 9, 8, 10, 5, 7, 5, 7, 7, 10, 1, 2, 9, 9, 3, 6, 6, 9, 9, 3, 2, 2, 4, 2, 4, 5, 10]
(0.3747003337866392, 0.9707849280908681, 0.7406358211760171)
[2, 5, 5, 6, 8, 2, 9, 4, 10, 1, 8, 8, 3, 8, 1, 2, 3, 9, 2, 1, 3, 5, 10, 6, 10, 7, 9, 2, 10, 3, 7, 5, 7, 8, 9, 3, 9, 8, 5, 5, 7, 10, 7, 7, 10, 1, 3, 9, 9, 3, 2, 6, 9, 9, 3, 2, 2, 4, 2, 4, 10, 10]
(0.9225245682359384, 0.9620352851226901, 0.20881788776527302)
[2, 5, 5, 6, 8, 2, 9, 4, 10, 1, 8, 8, 3, 8, 1, 2, 3, 9, 2, 1, 7, 6, 10, 5, 10, 7, 9, 2, 10, 3, 7, 5, 7, 8, 9, 3, 9, 8, 5, 5, 7, 10, 7, 7, 10, 1, 3, 9, 9, 3, 2, 6, 9, 9, 3, 2, 2, 4, 2, 4, 10, 10]
(0.9285975914892971, 0.9616350656375263, 0.20811094330882027)
[5, 9, 7, 1, 5, 1, 8, 3, 6, 1, 1, 7, 7, 1, 5, 2, 5, 9, 7, 4, 10, 5, 9, 2, 10, 3, 8, 4, 10, 3, 10, 7, 5, 6, 3, 2, 6, 10, 4, 8, 10, 8, 10, 10, 8, 6, 4, 9, 6, 9, 6, 7, 9, 9, 3, 2, 2, 2, 2, 4, 6, 6]
(0.37948209777637126, 0.9812249867245535, 0.738119253507596)
[2, 9, 5, 6, 8, 2, 9, 4, 5, 1, 9, 5, 1, 8, 3, 2, 2, 9, 7, 1, 1, 6, 6, 4, 10, 7, 5, 4, 10, 3, 7, 9, 7, 8, 9, 3, 9, 10, 10, 1, 5, 3, 7, 8, 8, 4, 8, 7, 8, 3, 6, 6, 9, 9, 3, 2, 2, 4, 2, 4, 10, 10]
(0.5471567775705538, 0.6346271590539982, 0.9306812659542063)
[7, 4, 5, 3, 9, 2, 10, 7, 9, 7, 10, 6, 2, 9, 8, 6, 6, 10, 3, 3, 6, 8, 6, 4, 10, 6, 9, 8, 8, 10, 10, 1, 10, 3, 8, 2, 2, 10, 2, 3, 10, 8, 10, 1, 7, 6, 5, 9, 6, 9, 6, 7, 9, 9, 2, 5, 1, 4, 2, 4, 5, 10]
(0.5437789824834298, 0.6338598351504993, 0.9348887392711366)
[2, 5, 5, 6, 8, 2, 9, 4, 10, 1, 8, 8, 1, 8, 1, 2, 3, 9, 2, 1, 7, 6, 10, 5, 10, 7, 9, 2, 10, 3, 7, 5, 7, 9, 9, 3, 9, 8, 10, 5, 7, 5, 7, 7, 10, 1, 3, 9, 9, 3, 2, 6, 9, 9, 3, 2, 2, 4, 2, 4, 10, 10]
(0.9376415504582951, 0.9566776270046804, 0.223276732763189)
[2, 5, 5, 6, 8, 2, 9, 4, 10, 3, 9, 5, 1, 8, 3, 2, 10, 9, 1, 1, 3, 6, 9, 10, 10, 6, 9, 4, 10, 3, 7, 10, 7, 8, 9, 3, 9, 10, 10, 4, 5, 3, 7, 6, 10, 7, 5, 9, 8, 3, 6, 4, 9, 9, 3, 2, 2, 4, 2, 4, 8, 10]
(0.5702315290539163, 0.6247844788516216, 0.929372548960922)
[7, 4, 5, 3, 9, 2, 10, 7, 9, 7, 6, 5, 7, 9, 10, 6, 5, 10, 3, 2, 6, 8, 9, 4, 10, 6, 9, 8, 8, 9, 10, 1, 10, 3, 8, 2, 2, 10, 2, 3, 7, 8, 10, 1, 7, 6, 5, 9, 6, 9, 6, 7, 9, 9, 2, 5, 1, 4, 2, 4, 5, 10]
(0.9089053176696843, 0.313661657557745, 0.9297950083565407)
[7, 4, 5, 3, 9, 2, 10, 7, 9, 7, 6, 5, 1, 9, 10, 6, 5, 10, 3, 2, 6, 8, 9, 4, 10, 6, 9, 8, 8, 9, 10, 1, 10, 3, 8, 2, 2, 10, 2, 3, 7, 8, 10, 1, 7, 6, 5, 9, 6, 9, 6, 7, 9, 9, 2, 5, 1, 4, 2, 4, 5, 10]
(0.9082620898900754, 0.31305292498198045, 0.9377332375149154)
[7, 4, 5, 3, 9, 2, 10, 7, 9, 7, 6, 5, 1, 9, 10, 6, 5, 10, 3, 2, 6, 8, 9, 4, 10, 6, 9, 8, 8, 9, 10, 1, 10, 3, 8, 2, 2, 10, 2, 3, 7, 8, 10, 1, 7, 6, 5, 9, 6, 9, 6, 7, 9, 9, 2, 5, 1, 4, 2, 4, 5, 10]
(0.9078249169095998, 0.3193637572381571, 0.9377534768150723)
[7, 4, 5, 3, 9, 2, 10, 7, 9, 7, 6, 5, 7, 9, 10, 6, 5, 10, 3, 2, 6, 8, 9, 4, 10, 6, 9, 8, 8, 9, 10, 1, 10, 3, 8, 2, 2, 10, 2, 3, 7, 8, 10, 1, 7, 6, 5, 9, 6, 9, 5, 7, 9, 9, 2, 5, 1, 4, 2, 4, 5, 10]
(0.9079808103542526, 0.3262754930610771, 0.9340068632449297)
[2, 5, 5, 6, 8, 2, 9, 10, 7, 1, 8, 8, 1, 8, 1, 2, 3, 9, 2, 1, 3, 5, 10, 6, 10, 7, 9, 4, 10, 3, 7, 4, 7, 6, 9, 3, 9, 8, 10, 5, 7, 5, 7, 7, 6, 1, 3, 9, 9, 3, 2, 6, 9, 9, 3, 2, 2, 4, 2, 4, 5, 10]
(0.9378195130829411, 0.38053984071182717, 0.9279858271974006)
[2, 5, 5, 6, 8, 2, 9, 10, 7, 1, 8, 8, 8, 8, 1, 2, 3, 9, 2, 1, 3, 5, 10, 5, 10, 7, 9, 4, 10, 3, 5, 5, 7, 8, 9, 3, 9, 8, 10, 5, 7, 5, 7, 7, 10, 1, 2, 9, 9, 3, 6, 6, 9, 9, 3, 2, 2, 4, 2, 4, 5, 10]
(0.5426005857600844, 0.9699458139017201, 0.7344119504432509)
[2, 5, 5, 6, 9, 2, 10, 7, 7, 1, 8, 8, 8, 8, 1, 2, 3, 9, 2, 1, 3, 5, 10, 5, 10, 7, 9, 4, 10, 3, 5, 5, 7, 8, 9, 3, 9, 8, 10, 5, 7, 5, 7, 7, 10, 1, 2, 9, 9, 3, 6, 6, 9, 9, 3, 2, 2, 4, 2, 4, 5, 10]
(0.5434492776955154, 0.9745628682896473, 0.7301931880631026)
[2, 5, 5, 6, 8, 2, 9, 10, 1, 1, 8, 8, 1, 8, 1, 2, 3, 9, 2, 2, 6, 8, 9, 4, 10, 6, 9, 8, 8, 9, 10, 1, 10, 3, 8, 2, 2, 10, 2, 3, 7, 8, 10, 1, 7, 6, 5, 9, 4, 9, 6, 7, 9, 9, 2, 5, 1, 4, 2, 4, 5, 10]
(0.35356977697394365, 0.958785271085796, 0.9370099994571855)
[5, 10, 8, 1, 5, 5, 3, 8, 6, 1, 1, 6, 10, 4, 1, 5, 10, 9, 7, 4, 10, 5, 9, 2, 10, 3, 8, 4, 10, 3, 10, 7, 7, 6, 3, 2, 6, 6, 4, 8, 10, 8, 5, 6, 3, 1, 9, 6, 5, 3, 4, 7, 9, 9, 3, 2, 2, 2, 2, 4, 6, 6]
(0.3763267505631287, 0.9552073935046764, 0.9261546307931166)
[2, 5, 5, 6, 8, 2, 9, 4, 10, 1, 9, 5, 1, 8, 3, 1, 10, 9, 7, 4, 3, 6, 9, 10, 10, 6, 9, 4, 10, 3, 7, 10, 7, 8, 9, 3, 9, 10, 10, 1, 5, 3, 7, 6, 7, 4, 5, 9, 8, 3, 6, 7, 9, 5, 3, 2, 2, 4, 2, 4, 10, 10]
(0.5699461417152318, 0.9576729534193847, 0.7331387792112959)
[2, 5, 5, 6, 8, 2, 9, 4, 10, 1, 9, 5, 1, 8, 3, 2, 10, 9, 7, 1, 3, 6, 9, 10, 10, 6, 9, 4, 10, 3, 7, 10, 7, 8, 8, 3, 9, 10, 10, 1, 5, 3, 7, 6, 10, 4, 5, 9, 8, 3, 6, 6, 9, 9, 3, 2, 2, 4, 2, 4, 10, 10]
(0.5697546397042242, 0.958738350309429, 0.7325055538496417)
[2, 5, 5, 6, 8, 2, 9, 4, 10, 1, 9, 5, 1, 8, 3, 2, 10, 9, 7, 1, 3, 6, 7, 10, 10, 6, 9, 4, 10, 3, 7, 10, 7, 8, 9, 3, 9, 10, 10, 1, 5, 3, 7, 6, 10, 4, 5, 9, 8, 3, 6, 6, 9, 9, 3, 2, 2, 4, 2, 4, 10, 10]
(0.570382520860046, 0.9575133102014636, 0.7339312927803746)
[2, 5, 5, 6, 8, 2, 9, 4, 10, 1, 9, 5, 1, 8, 3, 2, 10, 9, 1, 1, 3, 6, 9, 10, 10, 6, 9, 4, 10, 3, 7, 10, 7, 8, 9, 3, 9, 10, 10, 4, 5, 3, 7, 6, 10, 4, 5, 9, 8, 3, 6, 6, 9, 9, 3, 2, 2, 4, 2, 4, 10, 10]
(0.5731570269666184, 0.9587066290900087, 0.731233809228516)
[2, 5, 6, 6, 8, 2, 9, 4, 10, 1, 9, 5, 1, 8, 3, 2, 10, 9, 1, 1, 3, 6, 9, 10, 10, 6, 9, 4, 10, 3, 7, 10, 7, 8, 9, 3, 9, 10, 10, 4, 5, 3, 7, 6, 10, 4, 5, 9, 8, 3, 8, 6, 9, 9, 3, 2, 2, 4, 2, 4, 10, 10]
(0.5776172521347375, 0.9493142774328562, 0.7378545417544085)
[2, 5, 5, 6, 8, 2, 9, 4, 10, 1, 9, 5, 1, 8, 3, 2, 10, 9, 7, 1, 3, 6, 9, 10, 10, 6, 9, 4, 10, 3, 7, 10, 7, 8, 9, 3, 9, 10, 10, 1, 5, 3, 7, 6, 10, 4, 5, 9, 8, 3, 6, 6, 9, 9, 3, 2, 2, 4, 2, 4, 10, 10]
(0.5699154284247379, 0.9576753331348276, 0.7372734497052447)
[2, 5, 5, 6, 8, 2, 9, 4, 10, 3, 9, 5, 1, 8, 3, 2, 10, 9, 1, 1, 3, 6, 9, 10, 10, 6, 9, 4, 10, 3, 7, 10, 6, 8, 9, 3, 9, 10, 10, 1, 5, 3, 7, 6, 7, 4, 5, 9, 8, 3, 6, 7, 7, 5, 3, 2, 2, 4, 2, 4, 10, 10]
(0.5727544763731103, 0.952156765200195, 0.7405258384064871)
[2, 5, 5, 6, 8, 2, 9, 4, 10, 1, 9, 5, 1, 8, 3, 2, 10, 9, 7, 1, 3, 6, 9, 10, 10, 6, 9, 4, 10, 3, 7, 10, 7, 8, 9, 3, 9, 10, 10, 1, 5, 3, 7, 6, 10, 4, 5, 9, 8, 3, 6, 6, 9, 9, 3, 2, 2, 4, 2, 4, 10, 10]
(0.5660087576893591, 0.9570375869050597, 0.7426254968349862)
[2, 5, 5, 6, 8, 2, 9, 4, 10, 1, 9, 5, 1, 8, 3, 1, 10, 9, 7, 4, 3, 6, 9, 10, 10, 6, 9, 4, 10, 3, 7, 10, 7, 8, 9, 3, 9, 10, 10, 1, 5, 3, 7, 6, 10, 4, 5, 9, 8, 3, 6, 7, 9, 5, 3, 2, 2, 4, 2, 4, 10, 10]
(0.569457069615131, 0.9569149391725634, 0.7393967594053887)
[4, 5, 5, 6, 6, 2, 9, 4, 10, 3, 9, 5, 1, 8, 3, 2, 10, 9, 7, 1, 3, 6, 10, 10, 10, 6, 9, 4, 10, 3, 7, 10, 7, 8, 9, 3, 9, 10, 10, 1, 5, 3, 7, 6, 10, 4, 5, 9, 8, 3, 7, 6, 9, 9, 3, 2, 2, 4, 2, 4, 10, 10]
(0.5719800602534933, 0.9556427167728517, 0.7389032867809183)
[6, 5, 5, 6, 6, 2, 9, 4, 10, 3, 9, 5, 1, 8, 3, 2, 10, 9, 1, 1, 3, 6, 9, 10, 10, 6, 9, 4, 10, 3, 7, 10, 7, 8, 9, 3, 9, 10, 10, 4, 5, 3, 7, 6, 10, 4, 5, 9, 8, 3, 6, 6, 9, 9, 3, 2, 2, 4, 2, 4, 10, 10]
(0.5709368801979432, 0.9554647604003521, 0.7403145758621641)
[2, 5, 5, 6, 8, 2, 9, 4, 5, 1, 9, 5, 1, 8, 3, 2, 3, 9, 4, 1, 3, 6, 10, 10, 10, 6, 9, 4, 10, 3, 7, 10, 7, 8, 9, 3, 9, 10, 10, 1, 5, 3, 7, 6, 10, 4, 5, 7, 8, 3, 6, 6, 9, 9, 3, 2, 2, 4, 2, 4, 10, 10]
(0.5643539664345872, 0.9568446343764637, 0.7466006438616407)
[2, 5, 5, 6, 8, 2, 9, 4, 10, 1, 9, 5, 1, 8, 3, 2, 10, 9, 7, 1, 3, 6, 9, 10, 10, 6, 9, 4, 10, 3, 7, 10, 7, 8, 9, 3, 9, 10, 10, 1, 5, 3, 7, 6, 10, 4, 5, 9, 8, 3, 6, 6, 9, 9, 3, 2, 2, 4, 2, 4, 10, 10]
(0.5657076837796389, 0.9578605202957963, 0.7443613379663913)
[2, 5, 7, 6, 8, 2, 9, 6, 10, 1, 9, 5, 1, 8, 3, 1, 10, 9, 7, 4, 3, 6, 9, 10, 10, 6, 9, 4, 10, 3, 7, 10, 7, 8, 9, 3, 8, 10, 10, 1, 5, 3, 7, 6, 7, 4, 5, 9, 8, 3, 6, 6, 9, 9, 3, 2, 2, 4, 2, 4, 10, 10]
(0.5696889857849812, 0.9544586030766342, 0.7439550439390021)
[2, 5, 5, 6, 8, 2, 9, 4, 10, 1, 9, 5, 1, 8, 3, 2, 10, 9, 7, 1, 3, 6, 7, 10, 10, 6, 9, 4, 10, 3, 7, 10, 7, 8, 9, 3, 9, 10, 10, 1, 5, 3, 4, 6, 10, 4, 5, 9, 8, 3, 6, 6, 9, 9, 3, 2, 2, 4, 2, 4, 10, 10]
(0.5678131113259739, 0.9563531400635813, 0.7462248936223661)
[2, 5, 5, 6, 8, 2, 9, 4, 10, 1, 9, 5, 1, 8, 3, 2, 10, 9, 7, 1, 3, 6, 9, 10, 10, 6, 9, 4, 10, 3, 7, 10, 7, 8, 9, 3, 9, 10, 10, 1, 5, 3, 7, 6, 10, 4, 5, 9, 8, 3, 6, 6, 9, 9, 3, 2, 2, 4, 2, 4, 10, 10]
(0.5706682153710166, 0.9565908091142747, 0.7431911692377218)
[2, 5, 6, 6, 8, 2, 9, 4, 10, 1, 9, 5, 1, 8, 3, 2, 10, 9, 1, 1, 3, 6, 9, 10, 10, 6, 9, 4, 10, 3, 7, 10, 7, 8, 9, 3, 9, 10, 10, 4, 7, 3, 7, 6, 10, 4, 5, 9, 8, 3, 8, 6, 9, 9, 3, 2, 2, 4, 2, 4, 10, 10]
(0.5760861903810865, 0.9549469908699366, 0.739438798168028)
[4, 5, 5, 6, 8, 2, 9, 4, 5, 1, 9, 8, 1, 8, 3, 2, 5, 9, 4, 1, 3, 9, 10, 10, 10, 6, 9, 4, 10, 3, 7, 10, 7, 8, 9, 3, 9, 10, 10, 1, 5, 3, 7, 6, 10, 4, 5, 9, 8, 3, 6, 6, 9, 9, 3, 2, 2, 5, 2, 4, 10, 10]
(0.5627889159418077, 0.953085496835408, 0.7554855351131315)
[2, 6, 5, 6, 8, 2, 9, 10, 7, 1, 7, 8, 5, 8, 1, 2, 3, 9, 2, 1, 3, 10, 10, 5, 10, 7, 9, 4, 10, 3, 7, 10, 7, 8, 9, 3, 9, 10, 10, 1, 5, 3, 7, 6, 10, 4, 5, 9, 8, 3, 6, 7, 9, 5, 3, 2, 2, 4, 2, 4, 3, 8]
(0.5688418976032505, 0.9615988852456187, 0.7412173844445124)
[2, 5, 5, 6, 8, 2, 7, 4, 8, 1, 9, 8, 1, 8, 1, 2, 3, 9, 7, 1, 3, 6, 10, 10, 10, 7, 9, 4, 10, 3, 9, 10, 7, 8, 9, 3, 9, 10, 10, 1, 6, 3, 7, 6, 10, 4, 5, 9, 8, 3, 6, 7, 9, 5, 3, 2, 2, 4, 2, 4, 10, 10]
(0.5696897737372272, 0.951998635567722, 0.7507464864911378)
[2, 5, 5, 1, 8, 5, 7, 4, 8, 1, 9, 8, 1, 8, 1, 2, 3, 9, 7, 1, 3, 1, 6, 10, 10, 7, 9, 4, 10, 3, 7, 5, 7, 8, 9, 3, 9, 5, 10, 1, 5, 3, 7, 7, 10, 4, 5, 9, 8, 3, 6, 6, 9, 9, 3, 2, 2, 4, 3, 4, 10, 10]
(0.555884538855023, 0.9631774002686119, 0.7534043263389576)
[2, 5, 5, 6, 8, 2, 9, 4, 5, 1, 9, 5, 1, 8, 3, 2, 5, 9, 4, 1, 3, 6, 10, 10, 10, 7, 9, 4, 10, 3, 7, 10, 7, 8, 9, 3, 9, 10, 10, 1, 5, 3, 7, 6, 10, 4, 5, 7, 8, 3, 6, 6, 9, 9, 3, 2, 2, 4, 2, 4, 10, 10]
(0.5632093045837216, 0.9630980877205704, 0.7477609738692722)
[4, 5, 5, 6, 8, 2, 9, 4, 5, 1, 9, 8, 1, 8, 3, 2, 5, 9, 4, 1, 3, 9, 10, 10, 10, 7, 9, 4, 10, 3, 7, 10, 7, 8, 9, 3, 9, 10, 10, 1, 5, 3, 7, 6, 10, 4, 5, 9, 8, 3, 6, 6, 8, 9, 3, 2, 2, 4, 2, 4, 10, 10]
(0.564858201131431, 0.9565950976684664, 0.7531901729461071)
[5, 5, 5, 6, 8, 2, 7, 3, 8, 1, 9, 5, 1, 8, 1, 2, 3, 9, 2, 4, 4, 10, 10, 5, 10, 7, 10, 4, 10, 3, 7, 5, 7, 8, 9, 3, 8, 8, 10, 5, 7, 5, 9, 7, 10, 1, 3, 9, 9, 3, 2, 6, 8, 7, 3, 2, 2, 4, 2, 4, 5, 10]
(0.5718911408963336, 0.9518867092207047, 0.7551715705291426)
[2, 5, 8, 6, 8, 2, 9, 4, 5, 1, 9, 8, 1, 8, 3, 2, 5, 9, 4, 1, 3, 9, 10, 10, 10, 7, 9, 4, 10, 3, 7, 10, 7, 8, 9, 3, 9, 10, 10, 1, 5, 3, 7, 6, 10, 4, 5, 9, 8, 3, 6, 6, 9, 9, 3, 2, 2, 4, 2, 4, 10, 10]
(0.5597924336929709, 0.9591104051098202, 0.7611312677126896)
[2, 5, 8, 6, 8, 2, 9, 4, 5, 1, 9, 8, 1, 8, 1, 2, 2, 9, 7, 1, 1, 6, 6, 4, 10, 7, 9, 4, 10, 3, 7, 10, 7, 8, 9, 3, 9, 10, 10, 1, 5, 3, 7, 6, 10, 4, 5, 9, 8, 3, 6, 6, 9, 9, 3, 2, 2, 4, 2, 4, 10, 10]
(0.5621205641997084, 0.9556658277288055, 0.771726312535485)
[2, 5, 5, 6, 8, 2, 9, 10, 1, 1, 8, 8, 1, 8, 1, 2, 3, 9, 2, 1, 4, 5, 10, 5, 4, 3, 8, 4, 10, 3, 7, 5, 7, 8, 9, 3, 9, 8, 8, 5, 7, 5, 9, 7, 10, 1, 3, 9, 9, 9, 2, 6, 2, 9, 3, 2, 2, 4, 2, 4, 5, 10]
(0.8979180922770043, 0.4708447530547648, 0.9271483630354616)
[2, 5, 5, 6, 8, 2, 9, 10, 7, 1, 8, 8, 1, 8, 1, 2, 3, 9, 2, 1, 7, 6, 10, 5, 10, 7, 9, 2, 10, 3, 7, 5, 7, 8, 9, 3, 9, 8, 10, 5, 7, 5, 7, 7, 10, 1, 3, 9, 9, 3, 2, 6, 9, 9, 3, 2, 2, 4, 2, 4, 5, 10]
(0.9239018666653315, 0.4555061201542228, 0.9294369901306093)
[2, 5, 5, 6, 8, 2, 9, 10, 7, 1, 8, 8, 1, 8, 1, 6, 3, 9, 2, 1, 3, 5, 10, 5, 5, 7, 9, 4, 10, 3, 7, 5, 7, 8, 1, 3, 9, 8, 8, 5, 7, 5, 9, 7, 10, 1, 3, 9, 9, 9, 2, 6, 2, 9, 3, 2, 2, 4, 2, 4, 5, 10]
(0.9443030756898905, 0.4844295630776647, 0.8805369138543676)
[2, 5, 5, 6, 8, 2, 9, 10, 7, 1, 8, 2, 1, 8, 1, 2, 3, 9, 2, 1, 4, 10, 10, 4, 10, 7, 9, 2, 10, 3, 7, 4, 7, 6, 9, 3, 8, 8, 10, 5, 7, 6, 7, 5, 10, 1, 3, 9, 9, 3, 2, 6, 8, 9, 3, 2, 2, 4, 2, 4, 5, 10]
(0.9547223502850568, 0.6270073377256888, 0.7357981387910216)
[2, 5, 5, 6, 8, 2, 9, 2, 7, 1, 8, 8, 1, 8, 1, 2, 3, 9, 2, 1, 3, 5, 10, 5, 5, 7, 9, 4, 10, 3, 7, 5, 7, 8, 9, 3, 9, 8, 8, 5, 7, 5, 9, 7, 10, 1, 3, 9, 9, 9, 2, 6, 2, 9, 3, 2, 2, 4, 2, 4, 5, 10]
(0.9476945811563877, 0.6447787546762995, 0.7253326656150052)
[2, 5, 5, 6, 8, 2, 7, 7, 7, 1, 6, 8, 1, 8, 1, 2, 3, 9, 2, 1, 4, 10, 10, 5, 10, 7, 9, 4, 10, 3, 7, 5, 7, 8, 9, 3, 8, 8, 10, 5, 7, 5, 7, 7, 10, 1, 3, 9, 9, 3, 2, 6, 8, 9, 3, 2, 2, 4, 2, 4, 5, 10]
(0.9454212293404454, 0.6335222336493658, 0.7401786239494287)
[2, 5, 5, 6, 8, 2, 9, 10, 7, 1, 8, 5, 1, 8, 1, 2, 4, 9, 2, 1, 4, 10, 10, 4, 10, 7, 9, 1, 10, 3, 7, 5, 8, 8, 9, 3, 8, 8, 10, 5, 7, 5, 7, 5, 10, 1, 3, 9, 9, 3, 2, 6, 5, 9, 3, 2, 2, 4, 2, 4, 5, 10]
(0.9492503560169682, 0.6317572003110257, 0.7397491446054257)
[2, 5, 8, 6, 8, 2, 9, 4, 5, 1, 2, 8, 1, 8, 3, 6, 5, 10, 3, 2, 6, 8, 9, 2, 1, 3, 8, 10, 10, 7, 10, 5, 7, 3, 8, 2, 6, 10, 6, 8, 10, 10, 7, 8, 2, 4, 3, 9, 8, 6, 2, 10, 9, 9, 2, 4, 1, 4, 2, 4, 5, 10]
(0.9335404388837799, 0.6397266041066836, 0.7493495480464831)
[2, 5, 5, 6, 8, 2, 7, 4, 8, 1, 9, 5, 1, 8, 1, 2, 3, 9, 2, 1, 3, 10, 10, 5, 10, 7, 10, 4, 10, 3, 7, 5, 7, 8, 9, 3, 8, 8, 10, 5, 7, 3, 7, 7, 10, 1, 3, 9, 10, 3, 2, 6, 8, 9, 3, 2, 2, 4, 2, 4, 5, 10]
(0.9467898550324925, 0.6326857375581886, 0.7484421734287734)
[2, 5, 5, 6, 8, 2, 9, 10, 7, 1, 8, 8, 1, 8, 1, 2, 3, 9, 2, 1, 7, 6, 10, 5, 10, 7, 9, 2, 10, 3, 7, 5, 7, 8, 9, 3, 9, 8, 10, 5, 7, 5, 7, 7, 10, 1, 3, 9, 9, 3, 2, 6, 9, 9, 3, 2, 2, 4, 2, 4, 5, 10]
(0.937571912737197, 0.4646792689610886, 0.9283479147609338)
[2, 5, 5, 6, 8, 4, 7, 4, 8, 1, 9, 8, 1, 8, 1, 2, 3, 9, 7, 1, 3, 10, 10, 5, 10, 7, 10, 4, 10, 3, 7, 5, 7, 8, 9, 3, 1, 8, 10, 5, 7, 5, 7, 7, 10, 1, 5, 9, 1, 3, 6, 6, 9, 8, 4, 2, 2, 4, 2, 4, 5, 10]
(0.5515304085547396, 0.9282762465998501, 0.8518331042600765)
[7, 1, 7, 2, 10, 1, 4, 4, 4, 2, 4, 6, 1, 9, 1, 10, 2, 7, 1, 1, 6, 6, 10, 7, 10, 7, 9, 4, 10, 3, 9, 10, 7, 8, 9, 3, 9, 3, 10, 1, 3, 5, 2, 8, 10, 8, 5, 8, 8, 4, 6, 6, 2, 9, 2, 5, 1, 2, 2, 4, 4, 6]
(0.5273080529991847, 0.8902652522548993, 0.9208832215290538)
[5, 5, 5, 6, 8, 2, 7, 3, 8, 1, 9, 5, 1, 8, 1, 2, 3, 9, 2, 1, 3, 10, 10, 5, 10, 7, 10, 4, 10, 3, 7, 5, 7, 8, 9, 3, 8, 8, 10, 5, 7, 5, 9, 7, 10, 1, 3, 9, 9, 3, 2, 6, 8, 7, 3, 2, 2, 4, 2, 4, 5, 10]
(0.9452086867428638, 0.6472526238269872, 0.7474560963489946)
[2, 5, 5, 6, 8, 2, 9, 10, 7, 1, 8, 8, 1, 8, 2, 2, 3, 9, 2, 1, 3, 10, 10, 2, 10, 7, 9, 2, 10, 3, 7, 5, 5, 8, 9, 3, 3, 8, 10, 5, 7, 5, 7, 7, 10, 1, 3, 5, 9, 3, 2, 6, 9, 9, 3, 2, 2, 4, 2, 4, 5, 10]
(0.9463751039785767, 0.8810003330931018, 0.5974894908245019)
[2, 5, 5, 6, 8, 2, 9, 10, 7, 1, 8, 8, 1, 8, 1, 6, 3, 9, 2, 1, 3, 5, 10, 5, 5, 7, 9, 4, 10, 3, 7, 5, 7, 8, 1, 3, 9, 8, 8, 5, 7, 5, 9, 7, 10, 2, 3, 9, 9, 9, 2, 6, 2, 9, 3, 2, 2, 4, 2, 4, 5, 10]
(0.9076113052629239, 0.6393372085726529, 0.8784432269703238)
[7, 4, 5, 3, 7, 1, 4, 3, 8, 1, 4, 8, 1, 8, 1, 2, 3, 9, 2, 1, 3, 6, 10, 5, 10, 7, 9, 4, 10, 3, 7, 5, 7, 8, 9, 3, 9, 8, 10, 5, 7, 3, 7, 7, 10, 1, 3, 9, 8, 3, 6, 6, 9, 9, 3, 2, 2, 4, 2, 1, 5, 10]
(0.5462955602527756, 0.9545547598972889, 0.9309442062125367)
[2, 5, 10, 6, 8, 2, 9, 10, 7, 1, 8, 5, 1, 8, 1, 2, 2, 9, 2, 1, 3, 10, 10, 5, 7, 7, 10, 4, 10, 3, 7, 5, 7, 8, 9, 2, 1, 8, 10, 9, 9, 5, 7, 7, 10, 7, 3, 9, 10, 3, 8, 6, 8, 9, 3, 2, 2, 4, 2, 4, 5, 10]
(0.9346120501650604, 0.6323490278915509, 0.9262261834658501)
[2, 5, 5, 6, 8, 2, 7, 4, 8, 1, 9, 5, 1, 8, 1, 2, 3, 9, 2, 1, 3, 10, 10, 5, 10, 7, 10, 4, 10, 3, 7, 5, 7, 8, 9, 3, 9, 8, 10, 5, 7, 3, 7, 7, 10, 1, 3, 9, 10, 3, 2, 6, 8, 9, 3, 2, 2, 4, 2, 4, 5, 10]
(0.9430707395250256, 0.8810601582750633, 0.7332914415247208)
[2, 5, 5, 6, 8, 2, 7, 4, 8, 1, 9, 5, 1, 8, 1, 2, 3, 9, 2, 1, 3, 10, 10, 5, 10, 7, 10, 4, 10, 3, 7, 5, 7, 8, 9, 3, 9, 8, 10, 5, 7, 3, 7, 7, 10, 1, 3, 9, 10, 3, 2, 6, 8, 9, 3, 2, 2, 4, 2, 4, 5, 10]
(0.9461958708897892, 0.8828502377495127, 0.7367640178038877)
[2, 5, 5, 6, 8, 2, 7, 4, 8, 1, 9, 5, 1, 8, 1, 2, 3, 9, 2, 1, 3, 10, 10, 5, 10, 7, 10, 4, 10, 3, 7, 5, 7, 8, 9, 3, 8, 8, 10, 5, 7, 5, 7, 7, 10, 1, 3, 9, 9, 3, 2, 6, 8, 7, 3, 2, 2, 4, 2, 4, 5, 10]
(0.9399991024113128, 0.9069638865068517, 0.7438138774757038)
[2, 5, 8, 6, 8, 3, 9, 1, 7, 1, 8, 6, 1, 8, 1, 2, 3, 9, 2, 1, 3, 5, 10, 5, 10, 7, 9, 1, 10, 3, 7, 5, 7, 8, 9, 3, 8, 8, 10, 5, 7, 5, 7, 7, 10, 1, 1, 9, 10, 3, 8, 6, 8, 9, 3, 2, 2, 4, 2, 4, 4, 10]
(0.9217407995943758, 0.9370331672951548, 0.7384780518003747)
[4, 5, 5, 6, 6, 2, 9, 4, 10, 3, 9, 5, 1, 8, 3, 2, 10, 9, 7, 1, 3, 6, 9, 10, 10, 8, 9, 4, 10, 3, 7, 10, 7, 8, 9, 3, 9, 10, 10, 1, 5, 3, 7, 6, 10, 4, 5, 2, 8, 3, 6, 6, 9, 9, 4, 2, 2, 4, 2, 4, 5, 10]
(0.9149625992021497, 0.9413842709735006, 0.745514132169847)
[2, 5, 5, 6, 8, 2, 9, 4, 10, 1, 9, 5, 1, 8, 3, 2, 10, 9, 7, 1, 3, 6, 9, 4, 10, 6, 9, 4, 10, 3, 7, 10, 7, 8, 9, 3, 9, 10, 10, 1, 5, 3, 7, 6, 10, 4, 5, 2, 8, 3, 6, 2, 9, 9, 3, 2, 2, 4, 2, 4, 10, 10]
(0.9235887307636191, 0.9469220379367443, 0.7325508102944613)
[2, 5, 8, 6, 8, 2, 9, 10, 7, 1, 8, 5, 1, 8, 1, 2, 3, 9, 2, 1, 4, 10, 10, 5, 10, 7, 9, 4, 10, 3, 7, 5, 7, 8, 9, 3, 8, 8, 10, 5, 7, 5, 7, 7, 10, 1, 3, 9, 9, 3, 2, 6, 8, 9, 3, 2, 2, 4, 2, 4, 5, 10]
(0.9433690200761757, 0.9238376950845086, 0.7382182004669635)
[2, 5, 5, 6, 8, 2, 7, 4, 8, 1, 9, 8, 1, 8, 1, 2, 3, 9, 7, 1, 3, 10, 10, 5, 10, 7, 10, 4, 10, 3, 7, 5, 7, 8, 9, 3, 1, 8, 10, 5, 7, 5, 7, 7, 10, 1, 3, 9, 10, 7, 2, 6, 8, 9, 3, 2, 2, 4, 2, 4, 5, 10]
(0.9520957708843221, 0.9554350802674864, 0.7061233604377125)
[2, 5, 8, 6, 8, 3, 9, 1, 7, 1, 8, 6, 1, 8, 1, 2, 3, 9, 2, 1, 4, 10, 10, 5, 10, 7, 9, 1, 10, 3, 7, 5, 7, 8, 9, 3, 8, 8, 10, 5, 7, 5, 7, 7, 10, 1, 1, 9, 10, 3, 8, 6, 8, 9, 3, 2, 2, 4, 2, 4, 4, 10]
(0.932039013297338, 0.9465977033600184, 0.7356533292153284)
[2, 5, 5, 6, 8, 2, 9, 9, 7, 1, 8, 8, 1, 8, 2, 2, 3, 9, 2, 1, 4, 8, 10, 5, 10, 7, 9, 4, 10, 3, 7, 2, 7, 8, 9, 3, 9, 8, 10, 7, 7, 5, 7, 7, 10, 1, 3, 9, 9, 3, 2, 6, 9, 9, 3, 2, 2, 4, 2, 4, 5, 10]
(0.9425739786776293, 0.9407911213114829, 0.7327132180319853)
[2, 5, 5, 6, 8, 2, 7, 4, 8, 1, 9, 5, 1, 8, 1, 2, 3, 9, 2, 1, 3, 5, 10, 5, 5, 7, 9, 4, 10, 3, 7, 5, 10, 8, 9, 3, 9, 8, 8, 5, 7, 5, 9, 7, 10, 1, 3, 9, 9, 9, 2, 6, 2, 9, 3, 2, 2, 4, 2, 4, 5, 10]
(0.933161788684575, 0.9453501431271405, 0.7387569673489287)
[2, 5, 5, 6, 8, 2, 9, 4, 10, 1, 9, 5, 1, 8, 3, 2, 3, 9, 7, 1, 3, 6, 10, 10, 10, 7, 9, 4, 10, 3, 9, 10, 7, 8, 9, 3, 9, 10, 10, 1, 6, 3, 7, 6, 10, 8, 5, 9, 1, 3, 6, 6, 9, 9, 4, 2, 2, 4, 2, 4, 10, 10]
(0.9263324267085845, 0.9468141773715586, 0.7443179342528572)
[2, 5, 5, 6, 8, 2, 7, 4, 8, 1, 9, 5, 1, 8, 1, 2, 3, 9, 2, 1, 3, 10, 10, 5, 10, 7, 10, 4, 10, 3, 7, 5, 7, 8, 9, 3, 8, 8, 10, 5, 7, 5, 9, 7, 10, 1, 3, 9, 9, 3, 2, 6, 8, 7, 3, 2, 2, 4, 2, 4, 5, 10]
(0.9418365971103765, 0.9385787418112129, 0.7398887925653329)
[2, 5, 5, 6, 8, 2, 9, 10, 7, 1, 8, 2, 1, 8, 1, 2, 3, 9, 2, 1, 4, 10, 10, 4, 10, 7, 9, 1, 10, 3, 7, 5, 8, 8, 9, 3, 8, 8, 10, 7, 7, 5, 7, 7, 10, 1, 3, 9, 9, 3, 2, 6, 8, 9, 3, 2, 2, 4, 2, 4, 5, 10]
(0.9581833529505265, 0.9302393062040177, 0.7320152018036189)
[2, 5, 5, 6, 8, 2, 9, 10, 7, 1, 8, 2, 1, 8, 1, 2, 3, 9, 2, 1, 4, 10, 10, 4, 10, 7, 9, 4, 10, 3, 7, 4, 7, 6, 9, 3, 8, 8, 10, 5, 7, 6, 7, 5, 10, 1, 3, 9, 9, 3, 2, 6, 8, 9, 3, 2, 2, 4, 2, 4, 5, 10]
(0.9532239733081155, 0.9342317035421699, 0.7341790081822912)
[2, 9, 8, 6, 8, 2, 9, 10, 7, 1, 8, 5, 1, 8, 1, 2, 3, 9, 2, 1, 4, 10, 10, 5, 10, 7, 9, 1, 10, 3, 7, 5, 7, 8, 9, 3, 8, 8, 10, 3, 7, 5, 7, 7, 10, 1, 2, 9, 9, 3, 2, 6, 6, 9, 3, 2, 2, 4, 2, 4, 5, 10]
(0.8839509305463792, 0.9155599562451208, 0.916360594656308)
[2, 5, 5, 6, 8, 2, 7, 4, 8, 1, 9, 8, 1, 8, 1, 2, 3, 9, 7, 1, 3, 10, 10, 7, 9, 7, 10, 4, 10, 3, 7, 5, 7, 8, 9, 3, 1, 8, 10, 5, 7, 5, 7, 7, 10, 1, 3, 9, 10, 3, 2, 6, 8, 9, 3, 2, 2, 4, 2, 4, 5, 6]
(0.8974430817324694, 0.9263523446395961, 0.9120600296792676)
[2, 5, 5, 6, 8, 2, 9, 7, 10, 3, 9, 4, 1, 8, 1, 2, 3, 9, 2, 1, 3, 5, 10, 6, 10, 7, 9, 4, 10, 3, 7, 4, 7, 6, 9, 3, 9, 8, 10, 5, 7, 5, 7, 7, 6, 1, 3, 9, 9, 3, 2, 6, 9, 9, 3, 2, 2, 4, 2, 4, 10, 10]
(0.9310646552173548, 0.9388851912692159, 0.9116912480277972)
[2, 5, 5, 6, 8, 2, 7, 4, 8, 1, 9, 8, 1, 8, 1, 2, 3, 9, 7, 1, 3, 10, 10, 5, 10, 7, 10, 4, 10, 3, 7, 5, 7, 8, 9, 3, 1, 8, 10, 5, 7, 5, 7, 7, 10, 1, 5, 9, 9, 3, 2, 6, 9, 9, 3, 2, 2, 4, 2, 4, 5, 10]
(0.927363600406168, 0.9369723280891745, 0.9198936770451608)
[2, 5, 5, 6, 8, 2, 9, 10, 7, 1, 8, 2, 1, 8, 1, 2, 3, 9, 2, 1, 4, 10, 10, 4, 10, 7, 9, 1, 10, 3, 7, 5, 7, 8, 9, 3, 8, 8, 10, 5, 7, 6, 7, 5, 10, 1, 3, 9, 9, 3, 2, 6, 8, 9, 3, 2, 2, 4, 2, 4, 5, 10]
(0.940003903944253, 0.932294717989859, 0.9266654240521389)
