[6, 4, 10, 7, 3, 8, 7, 3, 6, 1, 6, 8, 3, 6, 2, 2, 5, 8, 8, 2, 5, 6, 2, 2, 4, 8, 1, 9, 6, 6, 8, 10, 3, 8, 1, 1, 8, 4, 5, 10, 6, 10, 6, 7, 1, 4, 8, 7, 1, 8, 8, 6, 7, 9, 3, 4, 1, 5, 6, 5, 10, 1]
(0.9872972928918877, 0.2974013474494709, 0.9852747918106594, 0.1800274851122309, 0.9906662379391468, 1.0, 0.9871372819878139, 0.20771536156151535, 0.9867227510549105, 0.24461519307045165)
[6, 4, 10, 7, 3, 8, 7, 3, 6, 1, 6, 8, 3, 6, 2, 2, 5, 8, 8, 2, 5, 6, 2, 2, 4, 8, 1, 9, 6, 6, 8, 10, 3, 8, 1, 1, 8, 4, 5, 10, 6, 10, 6, 7, 1, 4, 8, 7, 1, 8, 8, 6, 7, 9, 3, 4, 1, 5, 6, 5, 10, 1]
(0.9872972928918877, 0.2974013474494709, 0.9852747918106594, 0.1800274851122309, 0.9906662379391468, 1.0, 0.9871372819878139, 0.20771536156151535, 0.9867227510549105, 0.24461519307045165)
[6, 4, 10, 7, 3, 8, 7, 3, 6, 1, 6, 8, 3, 6, 2, 2, 5, 8, 8, 2, 5, 6, 2, 2, 4, 8, 1, 9, 6, 6, 8, 10, 3, 8, 1, 1, 10, 3, 5, 10, 6, 10, 6, 7, 1, 4, 8, 7, 1, 8, 8, 6, 7, 9, 3, 4, 1, 5, 6, 5, 10, 1]
(0.9871847125701585, 0.2974013474494709, 0.9844996576197423, 0.1800274851122309, 0.989212979096917, 1.0, 0.9874145749025023, 0.20771536156151535, 0.986081313807515, 0.24461519307045165)
[6, 4, 10, 7, 3, 8, 7, 3, 6, 1, 6, 8, 3, 6, 2, 2, 5, 8, 8, 2, 5, 6, 2, 2, 4, 8, 1, 9, 6, 6, 8, 10, 3, 8, 1, 1, 10, 3, 5, 10, 6, 10, 6, 7, 1, 4, 8, 7, 1, 8, 8, 6, 7, 9, 3, 4, 1, 5, 6, 5, 10, 1]
(0.9871847125701585, 0.2974013474494709, 0.9844996576197423, 0.1800274851122309, 0.989212979096917, 1.0, 0.9874145749025023, 0.20771536156151535, 0.986081313807515, 0.24461519307045165)
[6, 4, 10, 7, 3, 8, 7, 3, 6, 1, 6, 8, 3, 6, 2, 2, 5, 8, 8, 2, 5, 6, 2, 2, 4, 8, 1, 9, 6, 6, 8, 10, 3, 8, 1, 1, 8, 4, 5, 10, 6, 10, 6, 7, 1, 4, 8, 7, 1, 8, 8, 6, 7, 9, 3, 4, 1, 5, 6, 5, 10, 1]
(0.9872972928918877, 0.2974013474494709, 0.9852747918106594, 0.1800274851122309, 0.9906662379391468, 1.0, 0.9871372819878139, 0.20771536156151535, 0.9867227510549105, 0.24461519307045165)
[6, 4, 10, 7, 6, 8, 10, 3, 2, 9, 3, 7, 8, 3, 5, 5, 4, 2, 2, 2, 7, 1, 10, 3, 5, 10, 5, 6, 5, 9, 3, 3, 6, 8, 1, 3, 8, 4, 5, 10, 6, 6, 6, 7, 3, 4, 8, 7, 2, 8, 8, 6, 7, 9, 3, 4, 1, 5, 6, 5, 10, 1]
(0.9854868792928734, 0.2974013474494709, 0.9861101807095088, 0.20805954345862787, 0.9862036866135871, 1.0, 0.9804543432779589, 0.20771536156151535, 0.9821315142326035, 0.40601659138546903)
[6, 4, 10, 7, 6, 8, 10, 3, 2, 9, 3, 7, 8, 3, 5, 5, 4, 2, 2, 2, 7, 1, 10, 3, 5, 10, 5, 6, 5, 9, 3, 3, 6, 8, 1, 3, 8, 4, 5, 10, 6, 6, 6, 7, 3, 4, 8, 7, 2, 8, 8, 6, 7, 9, 3, 4, 1, 5, 6, 5, 10, 1]
(0.9854868792928734, 0.2974013474494709, 0.9861101807095088, 0.20805954345862787, 0.9862036866135871, 1.0, 0.9804543432779589, 0.20771536156151535, 0.9821315142326035, 0.40601659138546903)
[6, 4, 10, 7, 6, 8, 10, 3, 2, 9, 3, 7, 8, 3, 5, 5, 4, 2, 2, 2, 7, 1, 10, 3, 5, 10, 5, 6, 5, 9, 3, 3, 6, 8, 1, 3, 8, 4, 5, 10, 6, 6, 6, 7, 3, 4, 8, 7, 2, 8, 8, 6, 7, 9, 3, 4, 1, 5, 6, 5, 10, 1]
(0.9854868792928734, 0.2974013474494709, 0.9861101807095088, 0.20805954345862787, 0.9862036866135871, 1.0, 0.9804543432779589, 0.20771536156151535, 0.9821315142326035, 0.40601659138546903)
[6, 4, 10, 7, 6, 8, 10, 3, 2, 9, 3, 7, 8, 3, 5, 5, 4, 2, 2, 2, 7, 1, 10, 3, 5, 10, 5, 6, 5, 9, 3, 3, 6, 8, 1, 3, 8, 4, 5, 10, 6, 6, 6, 7, 3, 4, 8, 7, 2, 8, 8, 6, 7, 9, 3, 4, 1, 5, 6, 5, 10, 1]
(0.9854868792928734, 0.2974013474494709, 0.9861101807095088, 0.20805954345862787, 0.9862036866135871, 1.0, 0.9804543432779589, 0.20771536156151535, 0.9821315142326035, 0.40601659138546903)
[6, 4, 10, 7, 6, 8, 10, 3, 2, 9, 3, 7, 8, 3, 5, 5, 4, 2, 2, 2, 7, 1, 10, 3, 5, 10, 5, 6, 5, 9, 3, 3, 6, 8, 1, 3, 8, 4, 5, 10, 6, 6, 6, 7, 3, 4, 8, 7, 2, 8, 8, 6, 7, 9, 3, 4, 1, 5, 6, 5, 10, 1]
(0.9854868792928734, 0.2974013474494709, 0.9861101807095088, 0.20805954345862787, 0.9862036866135871, 1.0, 0.9804543432779589, 0.20771536156151535, 0.9821315142326035, 0.40601659138546903)
[6, 4, 10, 7, 6, 8, 10, 3, 2, 9, 3, 7, 8, 3, 5, 5, 4, 2, 2, 2, 7, 1, 10, 3, 5, 10, 5, 6, 5, 9, 3, 3, 6, 8, 1, 3, 8, 4, 5, 10, 6, 6, 6, 7, 3, 4, 8, 7, 2, 8, 8, 6, 7, 9, 3, 4, 1, 5, 6, 5, 10, 1]
(0.9854868792928734, 0.2974013474494709, 0.9861101807095088, 0.20805954345862787, 0.9862036866135871, 1.0, 0.9804543432779589, 0.20771536156151535, 0.9821315142326035, 0.40601659138546903)
[2, 1, 1, 4, 5, 7, 4, 10, 7, 4, 4, 9, 8, 10, 9, 5, 1, 4, 7, 10, 10, 4, 4, 6, 7, 5, 7, 8, 6, 4, 1, 3, 5, 1, 9, 8, 6, 3, 8, 7, 10, 3, 8, 7, 5, 4, 8, 3, 3, 7, 10, 6, 10, 9, 4, 8, 3, 3, 3, 2, 9, 1]
(0.91169108049944, 0.9887069452286836, 0.9021206283010542, 0.0, 0.800655549298976, 0.6843494643457276, 0.25676162363961164, 0.18951132300357565, 0.2975358587716073, 0.2975358587716073)
[2, 1, 1, 4, 5, 7, 4, 10, 7, 4, 4, 9, 8, 10, 9, 5, 1, 4, 7, 10, 10, 4, 4, 6, 7, 5, 7, 8, 6, 4, 1, 3, 5, 1, 9, 8, 6, 3, 8, 7, 10, 3, 8, 7, 5, 4, 8, 3, 3, 7, 10, 6, 10, 9, 4, 8, 3, 3, 3, 2, 9, 1]
(0.91169108049944, 0.9887069452286836, 0.9021206283010542, 0.0, 0.800655549298976, 0.6843494643457276, 0.25676162363961164, 0.18951132300357565, 0.2975358587716073, 0.2975358587716073)
[5, 10, 3, 5, 5, 5, 5, 5, 5, 7, 8, 1, 8, 1, 10, 10, 4, 4, 7, 10, 7, 1, 10, 10, 3, 7, 9, 6, 8, 7, 3, 3, 5, 4, 2, 8, 10, 5, 8, 1, 6, 6, 4, 7, 8, 5, 9, 10, 4, 7, 9, 3, 7, 8, 2, 2, 1, 5, 3, 5, 10, 7]
(1.0041218199767146, 0.5064108743854241, 0.9968103977851545, 0.1800274851122309, 0.980506085138766, 0.9784534295089521, 0.2571102444592409, 0.2571102444592409, 0.9857868916355051, 0.24461519307045165)
[5, 10, 3, 5, 5, 5, 5, 5, 5, 7, 8, 1, 8, 1, 10, 10, 4, 4, 7, 10, 7, 1, 10, 10, 3, 7, 9, 6, 8, 7, 3, 3, 5, 4, 2, 8, 10, 5, 8, 1, 6, 6, 4, 7, 8, 5, 9, 10, 4, 7, 9, 3, 7, 8, 2, 2, 1, 5, 3, 5, 10, 7]
(1.0041218199767146, 0.5064108743854241, 0.9968103977851545, 0.1800274851122309, 0.980506085138766, 0.9784534295089521, 0.9865681218914666, 0.2571102444592409, 0.9857868916355051, 0.24461519307045165)
[5, 10, 3, 5, 5, 5, 5, 5, 5, 7, 8, 1, 8, 1, 10, 10, 4, 4, 7, 10, 7, 1, 10, 10, 3, 7, 9, 6, 8, 7, 3, 3, 5, 4, 2, 8, 10, 5, 8, 1, 6, 6, 4, 7, 8, 5, 9, 10, 4, 7, 9, 3, 7, 8, 2, 2, 1, 5, 3, 5, 10, 7]
(1.0041218199767146, 0.5064108743854241, 0.9968103977851545, 0.1800274851122309, 0.980506085138766, 0.9784534295089521, 0.9865681218914666, 0.2571102444592409, 0.9857868916355051, 0.24461519307045165)
[5, 10, 3, 5, 5, 5, 5, 5, 5, 7, 8, 1, 8, 1, 10, 10, 4, 4, 7, 10, 7, 1, 10, 10, 3, 7, 9, 6, 8, 7, 3, 3, 5, 4, 2, 8, 10, 5, 8, 1, 6, 6, 4, 7, 8, 5, 9, 10, 4, 7, 9, 3, 7, 8, 2, 2, 1, 5, 3, 5, 10, 7]
(1.0041218199767146, 0.5064108743854241, 0.9968103977851545, 0.1800274851122309, 0.08339999346062223, 0.9805180703289785, 0.9865681218914666, 0.2571102444592409, 0.9857868916355051, 0.24461519307045165)
[6, 8, 10, 7, 5, 5, 8, 1, 7, 7, 7, 1, 8, 1, 10, 4, 4, 4, 7, 10, 6, 1, 10, 10, 5, 10, 9, 6, 8, 7, 3, 4, 5, 4, 2, 8, 10, 5, 8, 1, 6, 6, 2, 7, 6, 5, 8, 10, 4, 4, 9, 4, 7, 8, 2, 2, 1, 5, 3, 5, 10, 7]
(1.0008565670810614, 0.5064108743854241, 0.9907700474373973, 0.0, 0.9824228412471689, 0.4594594594594603, 0.9845974938012638, 0.2571102444592409, 0.9879497670568502, 0.9913501045195654)
[6, 8, 10, 7, 5, 5, 8, 1, 7, 7, 7, 1, 8, 1, 10, 4, 4, 4, 7, 10, 6, 1, 10, 10, 5, 10, 9, 6, 8, 7, 3, 4, 5, 4, 2, 8, 10, 5, 8, 1, 6, 6, 2, 7, 6, 5, 8, 10, 4, 4, 9, 4, 7, 8, 2, 2, 1, 5, 3, 5, 10, 7]
(1.0008565670810614, 0.5064108743854241, 0.9907700474373973, 0.0, 0.9824228412471689, 0.4594594594594603, 0.9845974938012638, 0.2571102444592409, 0.9879497670568502, 0.9913501045195654)
[6, 8, 10, 7, 5, 5, 8, 1, 7, 7, 7, 1, 8, 1, 10, 4, 4, 4, 7, 10, 6, 1, 10, 10, 5, 10, 9, 6, 8, 7, 3, 4, 5, 4, 2, 8, 10, 5, 8, 1, 6, 6, 2, 7, 6, 5, 8, 10, 4, 4, 9, 4, 7, 8, 2, 2, 1, 5, 3, 5, 10, 7]
(1.0008565670810614, 0.5064108743854241, 0.9907700474373973, 0.0, 0.9824228412471689, 0.4594594594594603, 0.9845974938012638, 0.2571102444592409, 0.9879497670568502, 0.9913501045195654)
[2, 1, 1, 4, 5, 7, 4, 2, 7, 4, 4, 8, 1, 10, 9, 10, 1, 4, 7, 2, 10, 4, 4, 6, 7, 5, 4, 9, 5, 4, 1, 2, 5, 2, 9, 6, 10, 3, 4, 7, 10, 10, 8, 7, 5, 4, 8, 3, 3, 4, 10, 6, 10, 9, 4, 8, 3, 3, 3, 3, 9, 1]
(0.9120490265078838, 0.9887069452286836, 0.9076760404743252, 0.2204877726807696, 0.3600832237861991, 0.6296296296296287, 0.3708425241522432, 0.18951132300357565, 0.26849266930870896, 0.26849266930870896)
[2, 1, 1, 4, 5, 7, 4, 2, 7, 4, 4, 8, 1, 10, 9, 5, 1, 4, 7, 2, 10, 4, 4, 6, 7, 5, 4, 9, 6, 4, 1, 2, 5, 1, 9, 8, 6, 3, 8, 7, 10, 10, 5, 7, 5, 4, 8, 3, 3, 7, 10, 6, 10, 9, 4, 8, 3, 3, 3, 3, 9, 1]
(0.912027765344828, 0.9887069452286836, 0.9051510185934603, 0.2204877726807696, 0.47459959769621674, 0.6296296296296287, 0.2557574874721451, 0.20771536156151535, 0.26849266930870896, 0.26849266930870896)
[2, 1, 1, 4, 5, 7, 4, 2, 7, 4, 4, 8, 1, 10, 9, 10, 1, 4, 7, 2, 10, 4, 4, 6, 7, 5, 4, 9, 5, 4, 1, 2, 5, 2, 9, 6, 10, 3, 4, 7, 10, 10, 8, 7, 5, 4, 8, 3, 3, 4, 10, 6, 10, 9, 4, 8, 3, 3, 3, 3, 9, 1]
(0.9120490265078838, 0.9887069452286836, 0.9076760404743252, 0.2204877726807696, 0.3600832237861991, 0.6296296296296287, 0.3708425241522432, 0.18951132300357565, 0.5839033120311832, 0.2922093053348328)
[2, 1, 1, 4, 5, 7, 4, 2, 7, 4, 4, 8, 1, 10, 9, 10, 1, 4, 7, 2, 10, 4, 4, 6, 7, 5, 4, 9, 5, 4, 1, 2, 5, 2, 9, 6, 10, 3, 4, 7, 10, 10, 8, 7, 5, 4, 8, 3, 3, 4, 10, 6, 10, 9, 4, 8, 3, 3, 3, 3, 9, 1]
(0.9120490265078838, 0.9887069452286836, 0.9076760404743252, 0.2204877726807696, 0.3600832237861991, 0.6296296296296287, 0.3708425241522432, 0.18951132300357565, 0.5839033120311832, 0.2922093053348328)
[2, 1, 1, 4, 5, 7, 4, 2, 7, 4, 4, 8, 1, 10, 9, 10, 1, 4, 7, 2, 10, 4, 4, 6, 7, 5, 4, 9, 5, 4, 1, 2, 5, 2, 9, 6, 10, 3, 4, 7, 10, 10, 8, 7, 5, 4, 8, 3, 3, 4, 10, 6, 10, 9, 4, 8, 3, 3, 3, 3, 9, 1]
(0.9120490265078838, 0.9887069452286836, 0.9076760404743252, 0.2204877726807696, 0.3600832237861991, 0.6296296296296287, 0.3708425241522432, 0.18951132300357565, 0.5839033120311832, 0.2922093053348328)
[2, 2, 1, 4, 5, 7, 4, 10, 2, 4, 1, 8, 9, 9, 5, 5, 1, 4, 7, 2, 10, 8, 2, 6, 7, 5, 4, 9, 6, 4, 1, 2, 3, 1, 9, 8, 10, 10, 8, 8, 10, 10, 4, 6, 5, 3, 7, 3, 10, 8, 10, 6, 10, 9, 4, 8, 3, 3, 3, 3, 8, 1]
(0.9124982059933241, 0.9887069452286836, 0.9017056574113667, 0.0, 0.6296296296296287, 0.8966984030790627, 0.2783977328799638, 0.20771536156151535, 0.2975358587716073, 0.2975358587716073)
[6, 8, 4, 5, 5, 5, 8, 1, 7, 7, 8, 1, 8, 6, 10, 4, 4, 4, 7, 10, 6, 1, 10, 10, 5, 10, 9, 6, 8, 7, 3, 4, 5, 4, 2, 8, 10, 1, 8, 1, 6, 6, 2, 3, 6, 5, 8, 10, 4, 4, 9, 4, 10, 8, 2, 2, 1, 5, 3, 5, 10, 7]
(0.9825125322677173, 0.5064108743854241, 0.9908723416738189, 0.20805954345862787, 0.9850778567604699, 0.4594594594594603, 0.9813498928211608, 0.22978831930629934, 0.9860872461460507, 0.9876926776953018)
[6, 8, 4, 5, 5, 5, 8, 1, 7, 7, 8, 1, 8, 6, 10, 4, 4, 4, 7, 10, 6, 1, 10, 10, 5, 10, 9, 6, 8, 7, 3, 4, 5, 4, 2, 8, 10, 1, 8, 1, 6, 6, 2, 3, 6, 5, 8, 10, 4, 4, 9, 4, 10, 8, 2, 2, 1, 5, 3, 5, 10, 7]
(0.9825125322677173, 0.5064108743854241, 0.9908723416738189, 0.20805954345862787, 0.9850778567604699, 0.4594594594594603, 0.9813498928211608, 0.22978831930629934, 0.9860872461460507, 0.9876926776953018)
[2, 1, 1, 4, 5, 7, 4, 10, 7, 4, 4, 8, 8, 10, 9, 5, 1, 4, 7, 2, 10, 4, 4, 6, 7, 5, 7, 8, 10, 7, 3, 2, 5, 2, 9, 6, 10, 3, 8, 7, 10, 10, 8, 7, 5, 4, 8, 3, 3, 7, 10, 6, 10, 9, 4, 8, 3, 3, 3, 3, 9, 1]
(0.9114873397164043, 0.9887069452286836, 0.903087239805609, 0.2204877726807696, 0.9151594703085716, 0.7322375924326513, 0.9531252629123613, 0.18951132300357565, 0.38563378499820233, 0.26849266930870896)
[2, 1, 1, 4, 5, 7, 4, 10, 7, 4, 4, 8, 8, 10, 9, 5, 1, 4, 7, 2, 10, 4, 4, 6, 7, 5, 7, 8, 10, 7, 3, 2, 5, 2, 9, 6, 10, 3, 8, 7, 10, 10, 8, 7, 5, 4, 8, 3, 3, 7, 10, 6, 10, 9, 4, 8, 3, 3, 3, 3, 9, 1]
(0.9114873397164043, 0.9887069452286836, 0.903087239805609, 0.2204877726807696, 0.9151594703085716, 0.7322375924326513, 0.9531252629123613, 0.18951132300357565, 0.38563378499820233, 0.26849266930870896)
[2, 1, 1, 4, 5, 7, 4, 10, 7, 4, 4, 8, 8, 10, 9, 5, 1, 4, 7, 2, 10, 4, 4, 6, 7, 5, 7, 8, 10, 7, 3, 2, 5, 2, 9, 6, 10, 3, 8, 7, 10, 10, 8, 7, 5, 4, 8, 3, 3, 7, 10, 6, 10, 9, 4, 8, 3, 3, 3, 3, 9, 1]
(0.9114873397164043, 0.9887069452286836, 0.903087239805609, 0.2204877726807696, 0.9151594703085716, 0.7322375924326513, 0.9531252629123613, 0.18951132300357565, 0.38563378499820233, 0.26849266930870896)
[2, 1, 1, 4, 5, 7, 4, 10, 7, 4, 4, 8, 8, 10, 9, 5, 1, 4, 7, 2, 10, 4, 4, 6, 7, 5, 7, 8, 10, 7, 3, 2, 5, 2, 9, 6, 10, 3, 8, 7, 10, 10, 8, 7, 5, 4, 8, 3, 3, 7, 10, 6, 10, 9, 4, 8, 3, 3, 3, 3, 9, 1]
(0.9114873397164043, 0.9887069452286836, 0.903087239805609, 0.2204877726807696, 0.9151594703085716, 0.7322375924326513, 0.9531252629123613, 0.18951132300357565, 0.38563378499820233, 0.26849266930870896)
[2, 1, 1, 4, 5, 7, 4, 10, 7, 4, 4, 8, 8, 10, 9, 5, 1, 4, 7, 2, 10, 4, 4, 6, 7, 5, 7, 8, 10, 7, 3, 2, 5, 2, 9, 6, 10, 3, 8, 7, 10, 10, 8, 7, 5, 4, 8, 3, 3, 7, 10, 6, 10, 9, 4, 8, 3, 3, 3, 3, 9, 1]
(0.9114873397164043, 0.9887069452286836, 0.903087239805609, 0.2204877726807696, 0.9151594703085716, 0.7322375924326513, 0.9531252629123613, 0.18951132300357565, 0.38563378499820233, 0.26849266930870896)
[2, 1, 1, 4, 5, 7, 4, 10, 7, 4, 4, 8, 8, 10, 9, 5, 1, 4, 7, 2, 10, 4, 4, 6, 7, 5, 7, 8, 10, 7, 3, 2, 5, 2, 9, 6, 10, 3, 8, 7, 10, 10, 8, 7, 5, 4, 8, 3, 3, 7, 10, 6, 10, 9, 4, 8, 3, 3, 3, 3, 9, 1]
(0.9114873397164043, 0.9887069452286836, 0.903087239805609, 0.2204877726807696, 0.9151594703085716, 0.7322375924326513, 0.9531252629123613, 0.18951132300357565, 0.38563378499820233, 0.26849266930870896)
[6, 8, 4, 5, 5, 5, 8, 1, 7, 7, 8, 1, 5, 1, 10, 4, 4, 4, 8, 10, 6, 1, 10, 10, 5, 10, 9, 6, 8, 7, 3, 4, 5, 4, 2, 9, 10, 5, 8, 1, 2, 3, 2, 10, 6, 5, 8, 10, 4, 4, 9, 1, 7, 2, 2, 2, 1, 5, 3, 5, 10, 7]
(1.0025178347714219, 0.5064108743854241, 0.9938593705184732, 0.0, 0.9812444222159663, 0.6296296296296295, 0.2571102444592409, 0.29180611033142584, 0.9875056871212996, 0.9854089473374167)
[5, 10, 4, 8, 5, 5, 8, 5, 7, 7, 8, 1, 8, 1, 10, 10, 2, 4, 9, 10, 8, 2, 9, 10, 5, 10, 9, 8, 10, 7, 3, 7, 5, 4, 2, 8, 10, 5, 8, 1, 7, 1, 2, 7, 6, 5, 8, 10, 2, 3, 6, 3, 7, 3, 2, 2, 1, 5, 3, 5, 10, 7]
(1.0083716454915674, 0.5064108743854241, 0.9784106434322873, 0.1800274851122309, 0.2694875695742643, 0.4594594594594603, 0.9782523225061573, 0.29180611033142584, 0.9825613492168465, 0.9827883771620669)
[5, 10, 4, 8, 5, 5, 8, 5, 7, 7, 8, 1, 8, 1, 10, 10, 2, 4, 9, 10, 8, 2, 9, 10, 5, 10, 9, 8, 10, 7, 3, 7, 5, 4, 2, 8, 10, 5, 8, 1, 7, 1, 2, 7, 6, 5, 8, 10, 2, 3, 6, 3, 7, 3, 2, 2, 1, 5, 3, 5, 10, 7]
(1.0083716454915674, 0.5064108743854241, 0.9784106434322873, 0.1800274851122309, 0.2694875695742643, 0.4594594594594603, 0.9782523225061573, 0.29180611033142584, 0.9825613492168465, 0.9827883771620669)
[5, 10, 4, 8, 5, 5, 8, 5, 7, 7, 8, 1, 8, 1, 10, 10, 2, 4, 9, 10, 8, 2, 9, 10, 5, 10, 9, 8, 10, 7, 3, 7, 5, 4, 2, 8, 10, 5, 8, 1, 7, 1, 2, 7, 6, 5, 8, 10, 2, 3, 6, 3, 7, 3, 2, 2, 1, 5, 3, 5, 10, 7]
(1.0083716454915674, 0.5064108743854241, 0.9784106434322873, 0.1800274851122309, 0.2694875695742643, 0.4594594594594603, 0.9782523225061573, 0.29180611033142584, 0.9825613492168465, 0.9827883771620669)
[5, 10, 4, 8, 5, 5, 8, 5, 7, 7, 8, 1, 8, 1, 10, 10, 2, 4, 9, 10, 8, 2, 9, 10, 5, 10, 9, 8, 10, 7, 3, 7, 5, 4, 2, 8, 10, 5, 8, 1, 7, 1, 2, 7, 6, 5, 8, 10, 2, 3, 6, 3, 7, 3, 2, 2, 1, 5, 3, 5, 10, 7]
(1.0083716454915674, 0.5064108743854241, 0.9784106434322873, 0.1800274851122309, 0.2694875695742643, 0.4594594594594603, 0.9782523225061573, 0.29180611033142584, 0.9825613492168465, 0.9827883771620669)
[5, 10, 4, 8, 5, 5, 8, 5, 7, 7, 8, 1, 8, 1, 10, 10, 2, 4, 9, 10, 8, 2, 9, 10, 5, 10, 9, 8, 10, 7, 3, 7, 5, 4, 2, 8, 10, 5, 8, 1, 7, 1, 2, 7, 6, 5, 8, 10, 2, 3, 6, 3, 7, 3, 2, 2, 1, 5, 3, 5, 10, 7]
(1.0083716454915674, 0.5064108743854241, 0.9784106434322873, 0.1800274851122309, 0.2694875695742643, 0.4594594594594603, 0.9782523225061573, 0.29180611033142584, 0.9825613492168465, 0.9827883771620669)
[5, 10, 4, 8, 5, 5, 8, 5, 7, 7, 8, 1, 8, 1, 10, 10, 2, 4, 9, 10, 8, 2, 9, 10, 5, 10, 9, 8, 10, 7, 3, 7, 5, 4, 2, 8, 10, 5, 8, 1, 7, 1, 2, 7, 6, 5, 8, 10, 2, 3, 6, 3, 7, 3, 2, 2, 1, 5, 3, 5, 10, 7]
(1.0083716454915674, 0.5064108743854241, 0.0, 0.1800274851122309, 0.2694875695742643, 0.4594594594594603, 0.9782523225061573, 0.29180611033142584, 0.9825613492168465, 0.9827883771620669)
[6, 4, 10, 1, 1, 8, 7, 3, 6, 1, 6, 8, 3, 6, 2, 2, 5, 8, 8, 4, 5, 6, 2, 2, 4, 8, 1, 9, 8, 6, 8, 10, 2, 4, 1, 1, 8, 4, 5, 10, 6, 10, 6, 7, 1, 4, 8, 7, 1, 8, 8, 6, 7, 9, 3, 4, 1, 5, 6, 5, 10, 1]
(0.9879135997034588, 0.2974013474494709, 0.9804453750140943, 0.20805954345862787, 0.9891288391314423, 1.0, 0.9861308264546074, 0.20771536156151535, 0.988110596965996, 0.7287129762093962)
[6, 4, 10, 1, 1, 8, 7, 3, 6, 1, 6, 8, 3, 6, 2, 2, 5, 8, 8, 4, 5, 6, 2, 2, 4, 8, 1, 9, 8, 6, 8, 10, 2, 4, 1, 1, 8, 4, 5, 10, 6, 10, 6, 7, 1, 4, 8, 7, 1, 8, 8, 6, 7, 9, 3, 4, 1, 5, 6, 5, 10, 1]
(0.9879135997034588, 0.2974013474494709, 0.9804453750140943, 0.20805954345862787, 0.9891288391314423, 1.0, 0.9861308264546074, 0.20771536156151535, 0.988110596965996, 0.7287129762093962)
[6, 4, 10, 1, 1, 8, 7, 3, 6, 1, 6, 8, 3, 6, 2, 2, 5, 8, 8, 4, 5, 6, 2, 2, 4, 8, 1, 9, 8, 6, 8, 10, 2, 4, 1, 1, 8, 4, 5, 10, 6, 10, 6, 7, 1, 4, 8, 7, 1, 8, 8, 6, 7, 9, 3, 4, 1, 5, 6, 5, 10, 1]
(0.9879135997034588, 0.2974013474494709, 0.9804453750140943, 0.20805954345862787, 0.9891288391314423, 1.0, 0.9861308264546074, 0.20771536156151535, 0.988110596965996, 0.7287129762093962)
[6, 4, 10, 7, 3, 8, 7, 3, 6, 1, 6, 8, 3, 6, 2, 2, 1, 4, 7, 2, 9, 4, 4, 6, 7, 5, 4, 9, 9, 4, 1, 2, 5, 2, 7, 6, 4, 3, 8, 7, 6, 10, 6, 7, 1, 4, 8, 7, 1, 8, 8, 6, 7, 9, 3, 4, 1, 5, 6, 5, 10, 1]
(0.9859397416003025, 0.2974013474494709, 0.8819747810251989, 0.20805954345862787, 0.9905912303365744, 1.0, 0.9855065797455584, 0.20771536156151535, 0.98860241519287, 0.7287129762093962)
[6, 4, 10, 1, 1, 8, 7, 3, 6, 1, 6, 8, 3, 6, 2, 2, 5, 8, 8, 4, 5, 6, 2, 2, 4, 8, 1, 9, 8, 6, 8, 10, 2, 4, 1, 1, 8, 4, 5, 10, 6, 10, 6, 7, 1, 4, 8, 7, 1, 8, 8, 6, 7, 9, 3, 4, 1, 5, 6, 5, 10, 1]
(0.9879135997034588, 0.2974013474494709, 0.9804453750140943, 0.20805954345862787, 0.9891288391314423, 1.0, 0.9861308264546074, 0.20771536156151535, 0.988110596965996, 0.7287129762093962)
[6, 4, 10, 1, 1, 8, 7, 3, 6, 1, 6, 8, 3, 6, 2, 2, 5, 8, 8, 4, 5, 6, 2, 2, 4, 8, 1, 9, 8, 6, 8, 10, 2, 4, 1, 1, 8, 4, 5, 10, 6, 10, 6, 7, 1, 4, 8, 7, 1, 8, 8, 6, 7, 9, 3, 4, 1, 5, 6, 5, 10, 1]
(0.9879135997034588, 0.2974013474494709, 0.9804453750140943, 0.20805954345862787, 0.9891288391314423, 1.0, 0.9861308264546074, 0.20771536156151535, 0.988110596965996, 0.7287129762093962)
[6, 8, 4, 5, 5, 5, 8, 1, 7, 7, 8, 1, 8, 1, 10, 4, 4, 4, 7, 10, 6, 1, 10, 10, 5, 10, 9, 6, 8, 7, 3, 4, 5, 4, 2, 8, 10, 5, 8, 1, 6, 6, 2, 7, 6, 5, 8, 10, 4, 4, 9, 4, 7, 8, 2, 2, 1, 5, 3, 5, 10, 7]
(1.0008153039030705, 0.5064108743854241, 0.9941847971640502, 0.0, 0.9841020870022454, 0.9843670426867881, 0.9856404799036658, 0.22978831930629934, 0.9890200368128693, 0.7287129762093962)
[6, 8, 4, 5, 5, 5, 8, 1, 7, 7, 8, 1, 8, 1, 10, 4, 4, 4, 7, 10, 6, 1, 10, 10, 5, 10, 9, 6, 8, 7, 3, 4, 5, 4, 2, 8, 10, 5, 8, 1, 6, 6, 2, 7, 6, 5, 8, 10, 4, 4, 9, 4, 7, 8, 2, 2, 1, 5, 3, 5, 10, 7]
(1.0008153039030705, 0.5064108743854241, 0.9941847971640502, 0.0, 0.9841020870022454, 0.9843670426867881, 0.9856404799036658, 0.22978831930629934, 0.9890200368128693, 0.7287129762093962)
[6, 8, 4, 5, 5, 5, 8, 1, 7, 7, 8, 1, 8, 1, 10, 4, 4, 4, 7, 10, 6, 1, 10, 10, 5, 10, 9, 6, 8, 7, 3, 4, 5, 4, 2, 8, 10, 5, 8, 1, 6, 6, 2, 7, 6, 5, 8, 10, 4, 4, 9, 4, 7, 8, 2, 2, 1, 5, 3, 5, 10, 7]
(1.0008153039030705, 0.5064108743854241, 0.9941847971640502, 0.0, 0.9841020870022454, 0.9843670426867881, 0.9856404799036658, 0.22978831930629934, 0.9890200368128693, 0.7287129762093962)
[2, 1, 1, 4, 5, 7, 4, 10, 7, 4, 4, 8, 1, 10, 9, 5, 1, 4, 7, 2, 10, 4, 4, 6, 7, 5, 4, 9, 6, 4, 1, 2, 5, 1, 9, 8, 6, 3, 8, 7, 10, 10, 5, 7, 5, 4, 8, 3, 3, 7, 10, 6, 10, 9, 4, 8, 3, 3, 3, 3, 9, 1]
(0.912027765344828, 0.9887069452286836, 0.9051510185934603, 0.2204877726807696, 0.42861273074522294, 0.7575724261812907, 0.18951132300357565, 0.20771536156151535, 0.26849266930870896, 0.2975358587716073)
[2, 1, 1, 4, 5, 7, 4, 10, 7, 4, 4, 8, 1, 10, 9, 5, 1, 4, 7, 2, 10, 4, 4, 6, 7, 5, 4, 9, 6, 4, 1, 2, 5, 1, 9, 8, 6, 3, 8, 7, 10, 10, 5, 7, 5, 4, 8, 3, 3, 7, 10, 6, 10, 9, 4, 8, 3, 3, 3, 3, 9, 1]
(0.912027765344828, 0.9887069452286836, 0.9051510185934603, 0.2204877726807696, 0.42861273074522294, 0.7575724261812907, 0.18951132300357565, 0.20771536156151535, 0.26849266930870896, 0.2975358587716073)
[2, 1, 1, 4, 5, 7, 4, 10, 7, 4, 4, 8, 1, 10, 9, 5, 1, 4, 7, 2, 10, 4, 4, 6, 7, 5, 4, 9, 6, 4, 1, 2, 5, 1, 9, 8, 6, 3, 8, 7, 10, 10, 5, 7, 5, 4, 8, 3, 3, 7, 10, 6, 10, 9, 4, 8, 3, 3, 3, 3, 9, 1]
(0.912027765344828, 0.9887069452286836, 0.9051510185934603, 0.2204877726807696, 0.42861273074522294, 0.7575724261812907, 0.18951132300357565, 0.20771536156151535, 0.26849266930870896, 0.2975358587716073)
[2, 1, 1, 4, 5, 7, 4, 10, 7, 4, 4, 8, 1, 10, 9, 5, 1, 4, 7, 2, 10, 4, 4, 6, 7, 5, 4, 9, 6, 4, 1, 2, 5, 1, 9, 8, 6, 3, 8, 7, 10, 10, 5, 7, 5, 4, 8, 3, 3, 7, 10, 6, 10, 9, 4, 8, 3, 3, 3, 3, 9, 1]
(0.912027765344828, 0.9887069452286836, 0.9051510185934603, 0.2204877726807696, 0.42861273074522294, 0.7575724261812907, 0.18951132300357565, 0.20771536156151535, 0.26849266930870896, 0.2975358587716073)
[2, 1, 1, 4, 5, 7, 4, 10, 7, 4, 4, 8, 1, 10, 9, 5, 1, 4, 7, 2, 10, 4, 4, 6, 7, 5, 4, 9, 6, 4, 1, 2, 5, 1, 9, 8, 6, 3, 8, 7, 10, 10, 5, 7, 5, 4, 8, 3, 3, 7, 10, 6, 10, 9, 4, 8, 3, 3, 3, 3, 9, 1]
(0.912027765344828, 0.9887069452286836, 0.9051510185934603, 0.2204877726807696, 0.42861273074522294, 0.7575724261812907, 0.18951132300357565, 0.20771536156151535, 0.26849266930870896, 0.2975358587716073)
[2, 1, 1, 4, 5, 7, 4, 10, 7, 4, 4, 8, 1, 10, 9, 5, 1, 4, 7, 2, 10, 4, 4, 6, 7, 5, 4, 9, 6, 4, 1, 2, 5, 1, 9, 8, 6, 3, 8, 7, 10, 10, 5, 7, 5, 4, 8, 3, 3, 7, 10, 6, 10, 9, 4, 8, 3, 3, 3, 3, 9, 1]
(0.912027765344828, 0.9887069452286836, 0.9051510185934603, 0.2204877726807696, 0.42861273074522294, 0.7575724261812907, 0.18951132300357565, 0.20771536156151535, 0.26849266930870896, 0.2975358587716073)
[2, 1, 1, 4, 5, 7, 1, 10, 7, 6, 4, 8, 1, 10, 9, 5, 1, 4, 7, 2, 10, 5, 4, 6, 7, 5, 4, 9, 9, 4, 1, 2, 5, 2, 9, 6, 4, 3, 8, 7, 10, 10, 8, 7, 5, 4, 8, 3, 3, 7, 10, 6, 10, 9, 4, 8, 3, 3, 3, 3, 9, 1]
(0.9119703303091223, 0.9887069452286836, 0.9056359159760177, 0.2204877726807696, 0.9382801524363447, 0.9044094628654418, 0.18951132300357565, 0.18951132300357565, 0.6393407477997267, 0.2975358587716073)
[2, 1, 1, 4, 5, 7, 1, 10, 7, 6, 4, 8, 1, 10, 9, 5, 1, 4, 7, 2, 10, 5, 4, 6, 7, 5, 4, 9, 9, 4, 1, 2, 5, 2, 9, 6, 4, 3, 8, 7, 10, 10, 8, 7, 5, 4, 8, 3, 3, 7, 10, 6, 10, 9, 4, 8, 3, 3, 3, 3, 9, 1]
(0.9119703303091223, 0.9887069452286836, 0.9056359159760177, 0.2204877726807696, 0.9382801524363447, 0.9044094628654418, 0.18951132300357565, 0.18951132300357565, 0.6393407477997267, 0.2975358587716073)
[5, 10, 3, 3, 5, 10, 6, 6, 7, 5, 6, 3, 9, 1, 7, 2, 4, 4, 7, 10, 4, 1, 10, 10, 3, 7, 9, 6, 8, 7, 3, 3, 5, 4, 2, 8, 10, 5, 8, 1, 6, 6, 4, 7, 8, 5, 8, 10, 4, 7, 9, 3, 7, 8, 2, 2, 1, 3, 3, 5, 10, 7]
(1.0077775376848848, 0.5064108743854241, 0.9922537316568172, 0.20805954345862787, 0.9766130522824804, 1.0, 0.974879657011477, 0.17424095919551338, 0.9815772994421401, 0.7287129762093962)
[5, 10, 3, 3, 5, 10, 6, 6, 7, 5, 6, 3, 9, 1, 7, 2, 4, 4, 7, 10, 4, 1, 10, 10, 3, 7, 9, 6, 8, 7, 3, 3, 5, 4, 2, 8, 10, 5, 8, 1, 6, 6, 4, 7, 8, 5, 8, 10, 4, 7, 9, 3, 7, 8, 2, 2, 1, 3, 3, 5, 10, 7]
(1.0077775376848848, 0.5064108743854241, 0.9922537316568172, 0.20805954345862787, 0.9766130522824804, 1.0, 0.974879657011477, 0.17424095919551338, 0.9815772994421401, 0.7287129762093962)
[2, 1, 1, 4, 5, 7, 4, 10, 7, 4, 4, 8, 1, 10, 9, 6, 1, 4, 7, 2, 10, 4, 4, 6, 7, 5, 4, 9, 9, 4, 1, 2, 5, 2, 9, 6, 10, 3, 8, 7, 10, 10, 8, 7, 5, 4, 8, 3, 3, 7, 10, 6, 10, 9, 4, 8, 3, 3, 3, 3, 9, 1]
(0.9117665844969448, 0.9887069452286836, 0.9056342446245252, 0.2204877726807696, 0.6296296296296287, 1.0, 0.18951132300357565, 0.18951132300357565, 0.26849266930870896, 0.26849266930870896)
[2, 1, 1, 4, 5, 7, 4, 10, 7, 4, 4, 8, 1, 10, 9, 6, 1, 4, 7, 2, 10, 4, 4, 6, 7, 5, 4, 9, 9, 4, 1, 2, 5, 2, 9, 6, 10, 3, 8, 7, 10, 10, 8, 7, 5, 4, 8, 3, 3, 7, 10, 6, 10, 9, 4, 8, 3, 3, 3, 3, 9, 1]
(0.9117665844969448, 0.9887069452286836, 0.9056342446245252, 0.2204877726807696, 0.6296296296296287, 1.0, 0.18951132300357565, 0.18951132300357565, 0.26849266930870896, 0.26849266930870896)
[2, 1, 1, 4, 5, 7, 4, 10, 7, 4, 4, 8, 1, 10, 9, 6, 1, 4, 7, 2, 10, 4, 4, 6, 7, 5, 4, 9, 9, 4, 1, 2, 5, 2, 9, 6, 10, 3, 8, 7, 10, 10, 8, 7, 5, 4, 8, 3, 3, 7, 10, 6, 10, 9, 4, 8, 3, 3, 3, 3, 9, 1]
(0.9117665844969448, 0.9887069452286836, 0.9056342446245252, 0.2204877726807696, 0.6296296296296287, 1.0, 0.18951132300357565, 0.18951132300357565, 0.26849266930870896, 0.26849266930870896)
[2, 1, 1, 4, 5, 7, 4, 10, 7, 4, 4, 8, 1, 10, 9, 6, 1, 4, 7, 2, 10, 4, 4, 6, 7, 5, 4, 9, 9, 4, 1, 2, 5, 2, 9, 6, 10, 3, 8, 7, 10, 10, 8, 7, 5, 4, 8, 3, 3, 7, 10, 6, 10, 9, 4, 8, 3, 3, 3, 3, 9, 1]
(0.9117665844969448, 0.9887069452286836, 0.9056342446245252, 0.2204877726807696, 0.6296296296296287, 1.0, 0.18951132300357565, 0.18951132300357565, 0.26849266930870896, 0.26849266930870896)
[2, 1, 1, 4, 5, 7, 4, 10, 7, 4, 4, 8, 1, 10, 9, 6, 1, 4, 7, 2, 10, 4, 4, 6, 7, 5, 4, 9, 9, 4, 1, 2, 5, 2, 9, 6, 10, 3, 8, 7, 10, 10, 8, 7, 5, 4, 8, 3, 3, 7, 10, 6, 10, 9, 4, 8, 3, 3, 3, 3, 9, 1]
(0.9117665844969448, 0.9887069452286836, 0.9056342446245252, 0.2204877726807696, 0.6296296296296287, 1.0, 0.18951132300357565, 0.18951132300357565, 0.26849266930870896, 0.26849266930870896)
[2, 1, 1, 4, 5, 7, 4, 2, 7, 4, 4, 8, 1, 10, 9, 10, 1, 4, 7, 2, 10, 4, 4, 6, 7, 5, 4, 9, 9, 4, 1, 2, 5, 2, 9, 6, 4, 3, 8, 7, 10, 10, 8, 7, 5, 4, 8, 3, 3, 7, 10, 6, 10, 9, 4, 8, 3, 3, 3, 3, 9, 1]
(0.9119703303091223, 0.9887069452286836, 0.9056359159760177, 0.2204877726807696, 0.7225272643379899, 1.0, 0.2632637019269148, 0.20771536156151535, 0.46403191303834385, 0.26849266930870896)
[2, 1, 1, 4, 5, 7, 4, 2, 7, 4, 4, 8, 1, 10, 9, 10, 1, 4, 7, 2, 10, 4, 4, 6, 7, 5, 4, 9, 9, 4, 1, 2, 5, 2, 9, 6, 4, 3, 8, 7, 10, 10, 8, 7, 5, 4, 8, 3, 3, 7, 10, 6, 10, 9, 4, 8, 3, 3, 3, 3, 9, 1]
(0.9119703303091223, 0.9887069452286836, 0.9056359159760177, 0.2204877726807696, 0.7194262779317825, 1.0, 0.2632637019269148, 0.20771536156151535, 0.46403191303834385, 0.26849266930870896)
[2, 1, 1, 4, 5, 7, 4, 2, 7, 4, 4, 8, 1, 10, 9, 10, 1, 4, 7, 2, 10, 4, 4, 6, 7, 5, 4, 9, 9, 4, 1, 2, 5, 2, 9, 6, 4, 3, 8, 7, 10, 10, 8, 7, 5, 4, 8, 3, 3, 7, 10, 6, 10, 9, 4, 8, 3, 3, 3, 3, 9, 1]
(0.9119703303091223, 0.9887069452286836, 0.9056359159760177, 0.2204877726807696, 0.7194262779317825, 1.0, 0.2632637019269148, 0.20771536156151535, 0.46403191303834385, 0.26849266930870896)
[2, 1, 1, 4, 5, 7, 4, 2, 7, 4, 4, 8, 1, 10, 9, 10, 1, 4, 7, 2, 10, 4, 4, 6, 7, 5, 4, 9, 9, 4, 1, 2, 5, 2, 9, 6, 4, 3, 8, 7, 10, 10, 8, 7, 5, 4, 8, 3, 3, 7, 10, 6, 10, 9, 4, 8, 3, 3, 3, 3, 9, 1]
(0.9119703303091223, 0.9887069452286836, 0.9056359159760177, 0.2204877726807696, 0.7194262779317825, 1.0, 0.2632637019269148, 0.20771536156151535, 0.46403191303834385, 0.26849266930870896)
[5, 10, 3, 5, 5, 8, 5, 5, 5, 7, 8, 1, 8, 1, 10, 10, 4, 4, 7, 10, 7, 1, 10, 10, 3, 7, 9, 6, 8, 9, 3, 3, 5, 4, 2, 8, 10, 5, 8, 1, 6, 3, 4, 7, 6, 5, 8, 1, 2, 3, 9, 3, 7, 8, 2, 2, 1, 5, 3, 5, 10, 7]
(1.0110080755315691, 0.5064108743854241, 0.9982856594957386, 0.20805954345862787, 0.979408436920492, 1.0, 0.982635004725305, 0.2571102444592409, 0.9828461593948282, 0.7287129762093962)
[5, 10, 3, 5, 5, 8, 5, 5, 5, 7, 8, 1, 8, 1, 10, 10, 4, 4, 7, 10, 7, 1, 10, 10, 3, 7, 9, 6, 8, 9, 3, 3, 5, 4, 2, 8, 10, 5, 8, 1, 6, 3, 4, 7, 6, 5, 8, 1, 2, 3, 9, 3, 7, 8, 2, 2, 1, 5, 3, 5, 10, 7]
(1.0110080755315691, 0.5064108743854241, 0.9982856594957386, 0.20805954345862787, 0.979408436920492, 1.0, 0.982635004725305, 0.2571102444592409, 0.9828461593948282, 0.7287129762093962)
[6, 8, 4, 5, 5, 3, 8, 1, 7, 7, 8, 1, 8, 1, 10, 4, 4, 4, 8, 10, 6, 1, 10, 10, 5, 10, 9, 6, 8, 7, 3, 4, 5, 4, 2, 8, 10, 5, 8, 1, 6, 3, 2, 9, 6, 5, 8, 10, 4, 4, 9, 4, 7, 2, 2, 2, 1, 5, 3, 5, 10, 7]
(1.0018566067330512, 0.5064108743854241, 0.9904917777515924, 0.0, 0.9803445768542566, 0.9817548668943323, 0.9841182080097475, 0.2571102444592409, 0.989094291348008, 0.9878213300369656)
[6, 8, 4, 5, 5, 5, 8, 1, 7, 7, 8, 1, 8, 1, 10, 4, 4, 4, 8, 10, 6, 1, 10, 10, 5, 10, 9, 6, 8, 7, 3, 4, 5, 4, 2, 8, 10, 5, 8, 1, 6, 3, 2, 10, 6, 5, 8, 10, 4, 4, 9, 4, 7, 2, 2, 2, 1, 5, 3, 5, 10, 7]
(0.9960642167367015, 0.5064108743854241, 0.97221418013796, 0.0, 0.9837937706150093, 1.0, 0.9837142516858854, 0.29180611033142584, 0.9877391708083427, 0.9872405263595261)
[6, 8, 4, 5, 5, 5, 8, 1, 7, 7, 8, 1, 8, 1, 10, 4, 4, 4, 8, 10, 6, 1, 10, 10, 5, 10, 9, 6, 8, 7, 3, 4, 5, 4, 2, 8, 10, 5, 8, 1, 6, 3, 2, 10, 6, 5, 8, 10, 4, 4, 9, 4, 7, 2, 2, 2, 1, 5, 3, 5, 10, 7]
(0.9960642167367015, 0.5064108743854241, 0.97221418013796, 0.0, 0.9837937706150093, 1.0, 0.9837142516858854, 0.29180611033142584, 0.9877391708083427, 0.9872405263595261)
[6, 8, 4, 5, 5, 5, 8, 1, 7, 7, 8, 1, 8, 1, 10, 4, 4, 4, 8, 10, 6, 1, 10, 10, 5, 10, 9, 6, 8, 7, 3, 4, 5, 4, 2, 8, 10, 5, 8, 1, 6, 3, 2, 10, 6, 5, 8, 10, 4, 4, 9, 4, 7, 2, 2, 2, 1, 5, 3, 5, 10, 7]
(0.9960642167367015, 0.5064108743854241, 0.97221418013796, 0.0, 0.9837937706150093, 1.0, 0.9837142516858854, 0.29180611033142584, 0.9877391708083427, 0.9872405263595261)
[6, 8, 4, 5, 5, 5, 8, 1, 7, 7, 8, 1, 8, 1, 10, 4, 4, 4, 8, 10, 6, 1, 10, 10, 5, 10, 9, 6, 8, 7, 3, 4, 5, 4, 2, 8, 10, 5, 8, 1, 6, 3, 2, 10, 6, 5, 8, 10, 4, 4, 9, 4, 7, 2, 2, 2, 1, 5, 3, 5, 10, 7]
(0.9960642167367015, 0.5064108743854241, 0.97221418013796, 0.0, 0.9837937706150093, 1.0, 0.9837142516858854, 0.29180611033142584, 0.9877391708083427, 0.9872405263595261)
[1, 1, 8, 3, 5, 10, 4, 6, 1, 5, 8, 6, 9, 10, 1, 2, 4, 6, 7, 9, 1, 1, 4, 10, 8, 10, 10, 8, 10, 7, 3, 2, 3, 2, 9, 6, 10, 3, 1, 8, 10, 7, 7, 10, 6, 5, 9, 10, 4, 9, 9, 4, 1, 10, 4, 5, 10, 8, 5, 1, 6, 1]
(0.9141035201959308, 0.8933709015138449, 0.2912543823011182, 0.8288053591365847, 0.5220536842010955, 0.2537313432835819, 0.6442598390393001, 0.5910780669144974, 0.7287129762093962, 0.7287129762093962)
[1, 1, 8, 3, 5, 10, 6, 6, 1, 5, 8, 6, 9, 10, 8, 2, 4, 6, 7, 9, 1, 1, 10, 10, 8, 10, 10, 8, 10, 7, 3, 2, 5, 2, 9, 3, 10, 3, 1, 8, 10, 7, 7, 7, 8, 5, 9, 10, 4, 7, 9, 4, 2, 10, 4, 5, 10, 8, 5, 1, 6, 1]
(0.8599626214243468, 0.9887069452286836, 0.2967902797274251, 0.7489070731980685, 0.5149259786121587, 0.2537313432835819, 0.6434165165759664, 0.5910780669144974, 0.7287129762093962, 0.7287129762093962)
[1, 10, 5, 3, 4, 10, 5, 6, 1, 5, 8, 6, 6, 10, 8, 2, 4, 6, 7, 9, 8, 1, 10, 10, 8, 10, 10, 8, 10, 7, 3, 2, 5, 2, 9, 6, 10, 3, 1, 8, 10, 7, 7, 7, 3, 5, 9, 10, 4, 9, 9, 4, 1, 10, 4, 5, 10, 8, 5, 1, 6, 1]
(0.9131333724595603, 0.9887069452286836, 0.2966129741631408, 0.8288053591365847, 0.4462503789924073, 0.2537313432835819, 0.6303698445670347, 0.5910780669144974, 0.7287129762093962, 0.7287129762093962)
[1, 1, 8, 3, 5, 10, 4, 6, 1, 5, 8, 6, 9, 10, 1, 2, 4, 6, 7, 9, 1, 1, 4, 10, 8, 10, 10, 8, 10, 7, 3, 2, 3, 2, 9, 6, 10, 3, 1, 8, 10, 7, 7, 10, 6, 5, 9, 10, 4, 9, 9, 4, 1, 10, 4, 5, 10, 8, 5, 1, 6, 1]
(0.9141035201959308, 0.9887069452286836, 0.2912543823011182, 0.8288053591365847, 0.5220536842010955, 0.2537313432835819, 0.6442598390393001, 0.5910780669144974, 0.7287129762093962, 0.7287129762093962)
[1, 1, 8, 3, 5, 10, 4, 6, 1, 5, 8, 6, 9, 10, 1, 2, 4, 6, 7, 9, 1, 1, 4, 10, 8, 10, 10, 8, 10, 7, 3, 2, 3, 2, 9, 6, 10, 3, 1, 8, 10, 7, 7, 10, 6, 5, 9, 10, 4, 9, 9, 4, 1, 10, 4, 5, 10, 8, 5, 1, 6, 1]
(0.9141035201959308, 0.9887069452286836, 0.2912543823011182, 0.8288053591365847, 0.5220536842010955, 0.2537313432835819, 0.6442598390393001, 0.5910780669144974, 0.7287129762093962, 0.7287129762093962)
[1, 1, 8, 3, 5, 10, 4, 6, 1, 5, 8, 6, 9, 10, 1, 2, 4, 6, 7, 9, 1, 1, 4, 10, 8, 10, 10, 8, 10, 7, 3, 2, 3, 2, 9, 6, 10, 3, 1, 8, 10, 7, 7, 10, 6, 5, 9, 10, 4, 9, 9, 4, 1, 10, 4, 5, 10, 8, 5, 1, 6, 1]
(0.9141035201959308, 0.9887069452286836, 0.2912543823011182, 0.8288053591365847, 0.5220536842010955, 0.2537313432835819, 0.6442598390393001, 0.5910780669144974, 0.7287129762093962, 0.7287129762093962)
[1, 10, 5, 3, 4, 10, 5, 6, 1, 5, 8, 6, 6, 10, 8, 2, 4, 6, 7, 9, 8, 1, 10, 10, 8, 10, 10, 8, 10, 7, 3, 2, 5, 2, 9, 6, 10, 3, 1, 8, 10, 7, 7, 7, 3, 5, 9, 10, 4, 9, 9, 4, 1, 10, 4, 5, 10, 8, 5, 1, 6, 1]
(0.9131333724595603, 0.9887069452286836, 0.2966129741631408, 0.8288053591365847, 0.4462503789924073, 0.2537313432835819, 0.6303698445670347, 0.5910780669144974, 0.7287129762093962, 0.7287129762093962)
[1, 10, 5, 3, 4, 10, 5, 6, 1, 5, 8, 6, 6, 10, 8, 2, 4, 6, 7, 9, 8, 1, 10, 10, 8, 10, 10, 8, 10, 7, 3, 2, 5, 2, 9, 6, 10, 3, 1, 8, 10, 7, 7, 7, 3, 5, 9, 10, 4, 9, 9, 4, 1, 10, 4, 5, 10, 8, 5, 1, 6, 1]
(0.9131333724595603, 0.9887069452286836, 0.2966129741631408, 0.8288053591365847, 0.4462503789924073, 0.2537313432835819, 0.6303698445670347, 0.5910780669144974, 0.7287129762093962, 0.7287129762093962)
[1, 10, 5, 3, 4, 10, 5, 6, 1, 5, 8, 6, 6, 10, 8, 2, 4, 6, 7, 9, 8, 1, 10, 10, 8, 10, 10, 8, 10, 7, 3, 2, 5, 2, 9, 6, 10, 3, 1, 8, 10, 7, 7, 7, 3, 5, 9, 10, 4, 9, 9, 4, 1, 10, 4, 5, 10, 8, 5, 1, 6, 1]
(0.9131333724595603, 0.9887069452286836, 0.2966129741631408, 0.8288053591365847, 0.4462503789924073, 0.2537313432835819, 0.6303698445670347, 0.5910780669144974, 0.7287129762093962, 0.7287129762093962)
[1, 10, 5, 3, 4, 10, 5, 6, 1, 5, 8, 6, 6, 10, 8, 2, 4, 6, 7, 9, 8, 1, 10, 10, 8, 10, 10, 8, 10, 7, 3, 2, 5, 2, 9, 6, 10, 3, 1, 8, 10, 7, 7, 7, 3, 5, 9, 10, 4, 9, 9, 4, 1, 10, 4, 5, 10, 8, 5, 1, 6, 1]
(0.9131333724595603, 0.9887069452286836, 0.2966129741631408, 0.8288053591365847, 0.4462503789924073, 0.2537313432835819, 0.6303698445670347, 0.5910780669144974, 0.7287129762093962, 0.7287129762093962)
[1, 6, 10, 3, 5, 10, 6, 6, 7, 5, 6, 3, 9, 1, 7, 2, 4, 4, 7, 10, 4, 1, 10, 10, 5, 10, 9, 8, 10, 7, 3, 2, 5, 7, 8, 8, 10, 3, 8, 8, 10, 7, 7, 7, 8, 5, 9, 10, 4, 7, 9, 4, 2, 10, 4, 5, 10, 8, 3, 1, 6, 1]
(0.9016709310002625, 0.9887069452286836, 0.8969726889394225, 0.26406070906288287, 0.9069544511847196, 0.9106915487907825, 0.905800979863852, 0.5910780669144974, 0.9048811337910591, 0.7287129762093962)
[1, 10, 10, 2, 5, 10, 6, 9, 1, 5, 6, 8, 9, 10, 8, 2, 4, 5, 7, 10, 8, 1, 10, 10, 5, 10, 9, 8, 10, 7, 3, 2, 5, 2, 2, 6, 10, 3, 8, 8, 9, 4, 7, 7, 5, 5, 9, 10, 1, 4, 9, 4, 9, 6, 4, 5, 10, 1, 6, 1, 6, 1]
(0.8993082384578883, 0.9887069452286836, 0.9056763467378914, 0.4366381282269131, 0.9060669134370981, 0.6296296296296287, 0.9081342936493454, 0.7419709031018402, 0.9114541950635608, 0.9956562658365283)
[1, 10, 10, 2, 5, 10, 6, 9, 1, 5, 6, 8, 9, 10, 8, 2, 4, 5, 7, 10, 8, 1, 10, 10, 5, 10, 9, 8, 10, 7, 3, 2, 5, 2, 2, 6, 10, 3, 8, 8, 9, 4, 7, 7, 5, 5, 9, 10, 1, 4, 9, 4, 9, 6, 4, 5, 10, 1, 6, 1, 6, 1]
(0.8993082384578883, 0.9887069452286836, 0.9056763467378914, 0.4366381282269131, 0.9060669134370981, 0.6296296296296287, 0.9081342936493454, 0.7419709031018402, 0.9114541950635608, 0.9956562658365283)
[1, 10, 10, 2, 5, 10, 6, 9, 1, 5, 6, 8, 9, 10, 8, 2, 4, 5, 7, 10, 8, 1, 10, 10, 5, 10, 9, 8, 10, 7, 3, 2, 5, 2, 2, 6, 10, 3, 8, 8, 9, 4, 7, 7, 5, 5, 9, 10, 1, 4, 9, 4, 9, 6, 4, 5, 10, 1, 6, 1, 6, 1]
(0.8993082384578883, 0.9887069452286836, 0.9056763467378914, 0.4366381282269131, 0.9060669134370981, 0.6296296296296287, 0.9081342936493454, 0.7419709031018402, 0.9114541950635608, 0.9956562658365283)
[1, 10, 10, 2, 5, 10, 6, 9, 1, 5, 6, 8, 9, 10, 8, 2, 4, 5, 7, 10, 8, 1, 10, 10, 5, 10, 9, 8, 10, 7, 3, 2, 5, 2, 2, 6, 10, 3, 8, 8, 9, 4, 7, 7, 5, 5, 9, 10, 1, 4, 9, 4, 9, 6, 4, 5, 10, 1, 6, 1, 6, 1]
(0.8993082384578883, 0.9887069452286836, 0.9056763467378914, 0.4366381282269131, 0.9060669134370981, 0.6296296296296287, 0.9081342936493454, 0.7419709031018402, 0.9114541950635608, 0.9956562658365283)
[1, 10, 10, 2, 5, 10, 6, 9, 1, 5, 6, 8, 9, 10, 8, 2, 4, 5, 7, 10, 8, 1, 10, 10, 5, 10, 9, 8, 10, 7, 3, 2, 5, 2, 2, 6, 10, 3, 8, 8, 9, 4, 7, 7, 5, 5, 9, 10, 1, 4, 9, 4, 9, 6, 4, 5, 10, 1, 6, 1, 6, 1]
(0.8993082384578883, 0.9887069452286836, 0.9056763467378914, 0.4366381282269131, 0.9060669134370981, 0.6296296296296287, 0.9081342936493454, 0.7419709031018402, 0.9114541950635608, 0.9956562658365283)
