[5, 7, 1, 10, 2, 1, 6, 9, 3, 10, 8, 7, 9, 5, 5, 6, 5, 9, 4, 6, 2, 9, 6, 2, 9, 4, 5, 8, 4, 2, 5, 7, 5, 1, 10, 7, 5, 9, 7, 8, 9, 9, 10, 6, 5, 5, 5, 2, 9, 8, 10, 9, 9, 8, 6, 2, 2, 6, 3, 3, 9, 2]
(0.458171606434786, 0.575431163773377, 0.28430094447933624)
[6, 2, 1, 3, 7, 1, 6, 7, 7, 7, 7, 7, 6, 10, 7, 9, 5, 9, 3, 6, 2, 9, 6, 2, 9, 6, 1, 8, 4, 1, 3, 7, 10, 4, 10, 7, 8, 4, 8, 8, 9, 9, 10, 6, 5, 8, 5, 10, 9, 8, 10, 8, 9, 8, 6, 5, 2, 6, 3, 3, 9, 2]
(0.44258167194673953, 0.651610030127944, 0.25342156520693493)
[6, 2, 4, 6, 7, 1, 6, 9, 3, 10, 3, 7, 9, 5, 2, 6, 5, 8, 3, 6, 1, 9, 6, 2, 9, 6, 5, 8, 4, 1, 5, 7, 10, 4, 10, 7, 8, 4, 8, 8, 9, 9, 10, 6, 5, 8, 5, 5, 9, 8, 4, 8, 9, 8, 6, 2, 2, 6, 3, 3, 9, 2]
(0.4637155022361178, 0.631876397647839, 0.2792902760506361)
[6, 9, 9, 3, 10, 2, 7, 4, 7, 7, 7, 7, 6, 10, 7, 7, 5, 9, 8, 6, 2, 2, 6, 3, 4, 7, 3, 1, 5, 1, 9, 4, 8, 2, 8, 10, 6, 4, 10, 8, 9, 3, 10, 7, 8, 5, 5, 4, 7, 5, 4, 5, 6, 6, 4, 5, 5, 3, 2, 1, 9, 9]
(0.44466030634381853, 0.1765712408821143, 0.8054801348732124)
[6, 9, 9, 3, 10, 2, 7, 4, 7, 7, 7, 7, 6, 10, 7, 7, 5, 9, 8, 6, 2, 2, 6, 3, 4, 7, 3, 1, 5, 1, 9, 4, 8, 2, 8, 10, 6, 4, 10, 8, 9, 3, 10, 7, 8, 5, 5, 4, 7, 5, 4, 5, 6, 6, 4, 5, 5, 3, 2, 1, 9, 9]
(0.44466030634381853, 0.1765712408821143, 0.8054801348732124)
[6, 9, 9, 3, 10, 2, 7, 4, 7, 7, 7, 7, 6, 10, 7, 7, 5, 9, 8, 6, 2, 2, 6, 3, 4, 7, 3, 1, 5, 1, 9, 4, 8, 2, 8, 10, 6, 4, 10, 8, 9, 3, 10, 7, 8, 5, 5, 4, 7, 5, 4, 5, 6, 6, 4, 5, 5, 3, 2, 1, 9, 9]
(0.44466030634381853, 0.1765712408821143, 0.8054801348732124)
[6, 9, 9, 3, 10, 2, 7, 4, 7, 7, 7, 7, 6, 10, 7, 7, 5, 9, 8, 6, 2, 2, 6, 3, 4, 7, 3, 1, 5, 1, 9, 4, 8, 2, 8, 10, 6, 4, 10, 8, 9, 3, 10, 7, 8, 5, 5, 4, 7, 5, 4, 5, 6, 6, 4, 5, 5, 3, 2, 1, 9, 9]
(0.44466030634381853, 0.1765712408821143, 0.8054801348732124)
[6, 9, 9, 3, 10, 2, 7, 4, 7, 7, 7, 7, 6, 10, 7, 7, 5, 9, 8, 6, 2, 2, 6, 3, 4, 7, 3, 1, 5, 1, 9, 4, 8, 2, 8, 10, 6, 4, 10, 8, 9, 3, 10, 7, 8, 5, 5, 4, 7, 5, 4, 5, 6, 6, 4, 5, 5, 3, 2, 1, 9, 9]
(0.44466030634381853, 0.1765712408821143, 0.8054801348732124)
[6, 9, 4, 3, 10, 2, 7, 4, 7, 7, 7, 7, 6, 10, 7, 9, 5, 9, 8, 6, 2, 2, 6, 3, 4, 7, 3, 1, 5, 1, 9, 4, 8, 2, 8, 10, 6, 4, 10, 8, 9, 7, 10, 7, 8, 5, 5, 4, 7, 5, 8, 5, 6, 6, 4, 5, 5, 3, 2, 1, 9, 9]
(0.4474803177923921, 0.2879544914557452, 0.6915072398020833)
[6, 9, 4, 3, 10, 2, 7, 4, 7, 7, 7, 7, 6, 10, 7, 9, 5, 9, 8, 6, 2, 2, 6, 3, 4, 7, 3, 1, 5, 1, 9, 4, 8, 2, 8, 10, 6, 4, 10, 8, 9, 7, 10, 7, 8, 5, 5, 4, 7, 5, 8, 5, 6, 6, 4, 5, 5, 3, 2, 1, 9, 9]
(0.4474803177923921, 0.2879544914557452, 0.6915072398020833)
[6, 9, 4, 3, 10, 2, 7, 4, 7, 7, 7, 7, 6, 10, 7, 9, 5, 9, 8, 6, 2, 2, 6, 3, 4, 7, 3, 1, 5, 1, 9, 4, 8, 2, 8, 10, 6, 4, 10, 8, 9, 7, 10, 7, 8, 5, 5, 4, 7, 5, 8, 5, 6, 6, 4, 5, 5, 3, 2, 1, 9, 9]
(0.4474803177923921, 0.2879544914557452, 0.6915072398020833)
[6, 9, 4, 3, 10, 2, 7, 4, 7, 7, 7, 7, 6, 10, 7, 9, 5, 9, 8, 6, 2, 2, 6, 3, 4, 7, 3, 1, 5, 1, 9, 4, 8, 2, 8, 10, 6, 4, 10, 8, 9, 7, 10, 7, 8, 5, 5, 4, 7, 5, 8, 5, 6, 6, 4, 5, 5, 3, 2, 1, 9, 9]
(0.4474803177923921, 0.2879544914557452, 0.6915072398020833)
[6, 9, 4, 3, 10, 2, 7, 4, 7, 7, 7, 7, 6, 10, 7, 9, 5, 9, 8, 6, 2, 2, 6, 3, 4, 7, 3, 1, 5, 1, 9, 4, 8, 2, 8, 10, 6, 4, 10, 8, 9, 7, 10, 7, 8, 5, 5, 4, 7, 5, 8, 5, 6, 6, 4, 5, 5, 3, 2, 1, 9, 9]
(0.4474803177923921, 0.2879544914557452, 0.6915072398020833)
[6, 3, 4, 3, 8, 2, 7, 4, 7, 7, 4, 7, 6, 2, 7, 8, 5, 9, 8, 6, 2, 2, 6, 3, 9, 4, 5, 7, 1, 7, 10, 10, 8, 2, 7, 9, 2, 9, 8, 8, 10, 7, 10, 7, 8, 5, 5, 4, 7, 10, 4, 9, 8, 1, 6, 2, 2, 6, 3, 3, 8, 3]
(0.8347419555722121, 0.6027234096847022, 0.0)
[6, 3, 4, 3, 8, 2, 7, 4, 7, 7, 4, 7, 6, 2, 7, 8, 5, 9, 8, 6, 2, 2, 6, 3, 9, 4, 5, 7, 1, 7, 10, 10, 8, 2, 7, 9, 2, 9, 8, 8, 10, 7, 10, 7, 8, 5, 5, 4, 7, 10, 4, 9, 8, 1, 6, 2, 2, 6, 3, 3, 8, 3]
(0.8347419555722121, 0.6027234096847022, 0.0)
[6, 9, 9, 3, 10, 5, 7, 4, 7, 7, 2, 7, 6, 10, 6, 7, 5, 9, 8, 6, 2, 4, 6, 3, 9, 9, 5, 4, 4, 2, 9, 7, 10, 2, 8, 10, 9, 4, 10, 8, 9, 3, 10, 7, 8, 5, 5, 4, 7, 5, 8, 5, 6, 6, 4, 5, 5, 3, 2, 1, 9, 9]
(0.1888202639458264, 1.0241156613454212, 0.24935718019790803)
[6, 3, 4, 3, 10, 2, 7, 4, 7, 7, 7, 7, 6, 2, 7, 8, 1, 9, 8, 6, 2, 2, 6, 2, 9, 4, 5, 1, 5, 1, 9, 6, 8, 5, 1, 6, 5, 9, 10, 8, 10, 7, 10, 7, 8, 5, 5, 4, 7, 4, 8, 9, 8, 8, 6, 1, 3, 6, 3, 3, 8, 3]
(0.838188684696282, 0.6380048135295502, 0.0)
[6, 3, 4, 3, 10, 2, 7, 4, 7, 7, 7, 7, 6, 2, 7, 8, 1, 9, 8, 6, 2, 2, 6, 2, 9, 4, 5, 1, 5, 1, 9, 6, 8, 5, 1, 6, 5, 9, 10, 8, 10, 7, 10, 7, 8, 5, 5, 4, 7, 4, 8, 9, 8, 8, 6, 1, 3, 6, 3, 3, 8, 3]
(0.838188684696282, 0.6380048135295502, 0.0)
[6, 3, 4, 3, 10, 2, 7, 4, 7, 7, 7, 7, 6, 2, 7, 8, 1, 9, 8, 6, 2, 2, 6, 2, 9, 4, 5, 1, 5, 1, 9, 6, 8, 5, 1, 6, 5, 9, 10, 8, 10, 7, 10, 7, 8, 5, 5, 4, 7, 4, 8, 9, 8, 8, 6, 1, 3, 6, 3, 3, 8, 3]
(0.838188684696282, 0.6380048135295502, 0.0)
[6, 9, 4, 3, 10, 2, 7, 4, 7, 7, 7, 7, 5, 10, 7, 9, 5, 9, 8, 6, 2, 2, 6, 3, 9, 7, 5, 1, 7, 1, 9, 1, 4, 2, 8, 7, 9, 4, 10, 8, 9, 3, 10, 7, 8, 5, 5, 4, 7, 5, 8, 5, 4, 6, 4, 5, 5, 2, 2, 1, 9, 9]
(0.44254386693836695, 0.6263387849992685, 0.4300084857231071)
[6, 9, 9, 3, 10, 2, 7, 4, 7, 7, 7, 7, 6, 10, 7, 7, 5, 9, 8, 6, 2, 2, 6, 3, 9, 7, 3, 1, 5, 1, 9, 7, 9, 4, 10, 7, 4, 9, 10, 8, 4, 3, 10, 7, 8, 5, 5, 4, 7, 5, 8, 5, 6, 6, 4, 5, 5, 3, 2, 1, 9, 9]
(0.4416905818708093, 0.6094470916900256, 0.4679765768472908)
[6, 9, 4, 3, 10, 2, 7, 4, 7, 7, 7, 7, 6, 10, 7, 9, 5, 9, 8, 6, 2, 2, 6, 3, 9, 7, 5, 1, 7, 1, 9, 10, 8, 2, 7, 7, 9, 4, 10, 8, 9, 3, 10, 7, 8, 5, 5, 4, 7, 5, 4, 5, 6, 6, 4, 5, 5, 2, 2, 1, 9, 9]
(0.4368357288953963, 0.40659164141716964, 0.7013491954002912)
[6, 9, 4, 3, 10, 2, 7, 4, 7, 7, 7, 7, 6, 10, 7, 9, 5, 9, 8, 6, 2, 2, 6, 3, 9, 7, 5, 1, 7, 1, 9, 10, 8, 2, 7, 7, 9, 4, 10, 8, 9, 3, 10, 7, 8, 5, 5, 4, 7, 5, 4, 5, 6, 6, 4, 5, 5, 2, 2, 1, 9, 9]
(0.4368357288953963, 0.40659164141716964, 0.7013491954002912)
[6, 9, 4, 3, 10, 2, 7, 4, 7, 7, 7, 7, 6, 10, 7, 9, 5, 9, 8, 6, 2, 2, 6, 3, 9, 7, 5, 1, 7, 1, 9, 10, 8, 2, 7, 7, 9, 4, 10, 8, 9, 3, 10, 7, 8, 5, 5, 4, 7, 5, 4, 5, 6, 6, 4, 5, 5, 2, 2, 1, 9, 9]
(0.4368357288953963, 0.40659164141716964, 0.7013491954002912)
[6, 9, 4, 3, 10, 2, 7, 4, 7, 7, 7, 7, 6, 10, 7, 9, 5, 9, 8, 6, 2, 2, 6, 3, 9, 7, 5, 1, 7, 1, 9, 10, 8, 2, 7, 7, 9, 4, 10, 8, 9, 3, 10, 7, 8, 5, 5, 4, 7, 5, 4, 5, 6, 6, 4, 5, 5, 2, 2, 1, 9, 9]
(0.4368357288953963, 0.40659164141716964, 0.7013491954002912)
[6, 9, 4, 3, 10, 2, 7, 4, 7, 7, 7, 7, 6, 10, 7, 9, 5, 9, 8, 6, 2, 2, 6, 3, 9, 7, 5, 1, 7, 1, 9, 10, 8, 2, 7, 7, 9, 4, 10, 8, 9, 3, 10, 7, 8, 5, 5, 4, 7, 5, 4, 5, 6, 6, 4, 5, 5, 2, 2, 1, 9, 9]
(0.4368357288953963, 0.40659164141716964, 0.7013491954002912)
[4, 8, 9, 7, 2, 5, 3, 5, 8, 7, 8, 7, 7, 7, 7, 9, 5, 9, 6, 8, 6, 6, 6, 4, 10, 5, 9, 3, 1, 6, 5, 8, 10, 7, 10, 7, 5, 4, 10, 8, 9, 9, 10, 1, 4, 8, 8, 8, 2, 10, 10, 8, 10, 6, 6, 1, 5, 1, 2, 5, 8, 2]
(0.2402173431635913, 0.6428570800442612, 0.696438528629729)
[4, 8, 9, 7, 2, 5, 3, 5, 8, 7, 8, 7, 7, 7, 7, 9, 5, 9, 6, 8, 6, 6, 6, 4, 10, 5, 9, 3, 1, 6, 5, 8, 10, 7, 10, 7, 5, 4, 10, 8, 9, 9, 10, 1, 4, 8, 8, 8, 2, 10, 10, 8, 10, 6, 6, 1, 5, 1, 2, 5, 8, 2]
(0.2402173431635913, 0.6428570800442612, 0.696438528629729)
[4, 8, 9, 7, 2, 5, 3, 5, 8, 7, 8, 7, 7, 7, 7, 9, 5, 9, 6, 8, 6, 6, 6, 4, 10, 5, 9, 3, 1, 6, 5, 8, 10, 7, 10, 7, 5, 4, 10, 8, 9, 9, 10, 1, 4, 8, 8, 8, 2, 10, 10, 8, 10, 6, 6, 1, 5, 1, 2, 5, 8, 2]
(0.2402173431635913, 0.6428570800442612, 0.696438528629729)
[4, 8, 9, 7, 2, 5, 3, 5, 8, 7, 8, 7, 7, 7, 7, 9, 5, 9, 6, 8, 6, 6, 6, 4, 10, 5, 9, 3, 1, 6, 5, 8, 10, 7, 10, 7, 5, 4, 10, 8, 9, 9, 10, 1, 4, 8, 8, 8, 2, 10, 10, 8, 10, 6, 6, 1, 5, 1, 2, 5, 8, 2]
(0.2402173431635913, 0.6428570800442612, 0.696438528629729)
[4, 8, 9, 7, 2, 5, 3, 5, 8, 7, 8, 7, 7, 7, 7, 9, 5, 9, 6, 8, 6, 6, 6, 4, 10, 5, 9, 3, 1, 6, 5, 8, 10, 7, 10, 7, 5, 4, 10, 8, 9, 9, 10, 1, 4, 8, 8, 8, 2, 10, 10, 8, 10, 6, 6, 1, 5, 1, 2, 5, 8, 2]
(0.2402173431635913, 0.6428570800442612, 0.696438528629729)
[3, 2, 1, 6, 7, 1, 6, 9, 3, 10, 4, 3, 9, 7, 1, 10, 10, 9, 1, 6, 3, 6, 5, 2, 10, 4, 5, 10, 4, 1, 5, 1, 10, 4, 10, 3, 4, 9, 10, 8, 6, 9, 9, 7, 8, 8, 5, 10, 9, 8, 10, 8, 9, 8, 6, 2, 2, 6, 3, 3, 9, 2]
(0.8483271492534694, 0.45530498766825594, 0.2859169439716489)
[6, 6, 4, 3, 7, 2, 7, 7, 7, 7, 7, 7, 6, 10, 7, 9, 5, 9, 8, 6, 2, 2, 6, 3, 9, 7, 5, 1, 7, 1, 9, 10, 4, 2, 8, 7, 5, 4, 10, 8, 9, 3, 9, 7, 8, 5, 5, 4, 7, 5, 8, 5, 6, 6, 4, 5, 5, 2, 2, 1, 9, 9]
(0.428236763317401, 0.36452994009500306, 0.834232207201222)
[6, 6, 4, 3, 7, 2, 7, 7, 7, 7, 7, 7, 6, 10, 7, 9, 5, 9, 8, 6, 2, 2, 6, 3, 9, 7, 5, 1, 7, 1, 9, 10, 4, 2, 8, 7, 5, 4, 10, 8, 9, 3, 9, 7, 8, 5, 5, 4, 7, 5, 8, 5, 6, 6, 4, 5, 5, 2, 2, 1, 9, 9]
(0.428236763317401, 0.36452994009500306, 0.834232207201222)
[6, 6, 4, 3, 7, 2, 7, 7, 7, 7, 7, 7, 6, 10, 7, 9, 5, 9, 8, 6, 2, 2, 6, 3, 9, 7, 5, 1, 7, 1, 9, 10, 4, 2, 8, 7, 5, 4, 10, 8, 9, 3, 9, 7, 8, 5, 5, 4, 7, 5, 8, 5, 6, 6, 4, 5, 5, 2, 2, 1, 9, 9]
(0.428236763317401, 0.36452994009500306, 0.834232207201222)
[6, 6, 4, 3, 7, 2, 7, 7, 7, 7, 7, 7, 6, 10, 7, 9, 5, 9, 8, 6, 2, 2, 6, 3, 9, 7, 5, 1, 7, 1, 9, 10, 4, 2, 8, 7, 5, 4, 10, 8, 9, 3, 9, 7, 8, 5, 5, 4, 7, 5, 8, 5, 6, 6, 4, 5, 5, 2, 2, 1, 9, 9]
(0.428236763317401, 0.36452994009500306, 0.834232207201222)
[6, 6, 4, 3, 7, 2, 7, 7, 7, 7, 7, 7, 6, 10, 7, 9, 5, 9, 8, 6, 2, 2, 6, 3, 9, 7, 5, 1, 7, 1, 9, 10, 4, 2, 8, 7, 5, 4, 10, 8, 9, 3, 9, 7, 8, 5, 5, 4, 7, 5, 8, 5, 6, 6, 4, 5, 5, 2, 2, 1, 9, 9]
(0.428236763317401, 0.36452994009500306, 0.834232207201222)
[3, 2, 1, 6, 7, 1, 6, 9, 3, 10, 8, 7, 9, 7, 1, 10, 10, 9, 1, 6, 3, 6, 1, 2, 10, 4, 5, 10, 4, 1, 5, 1, 10, 4, 10, 3, 4, 9, 10, 8, 6, 9, 9, 7, 8, 5, 6, 10, 9, 8, 10, 8, 9, 8, 6, 2, 2, 6, 3, 3, 9, 2]
(0.8495647386922459, 0.24197127109419464, 0.5511012129464712)
[3, 2, 1, 6, 7, 1, 6, 9, 3, 10, 8, 7, 9, 7, 1, 10, 10, 9, 1, 6, 3, 6, 1, 2, 10, 4, 5, 10, 4, 1, 5, 1, 10, 4, 10, 3, 4, 9, 10, 8, 6, 9, 9, 7, 8, 5, 6, 10, 9, 8, 10, 8, 9, 8, 6, 2, 2, 6, 3, 3, 9, 2]
(0.8495647386922459, 0.24197127109419464, 0.5511012129464712)
[3, 2, 1, 6, 7, 1, 6, 9, 3, 10, 8, 7, 9, 7, 1, 10, 10, 9, 1, 6, 3, 6, 1, 2, 10, 4, 5, 10, 4, 1, 5, 1, 10, 4, 10, 3, 4, 9, 10, 8, 6, 9, 9, 7, 8, 5, 6, 10, 9, 8, 10, 8, 9, 8, 6, 2, 2, 6, 3, 3, 9, 2]
(0.8495647386922459, 0.24197127109419464, 0.5511012129464712)
[3, 2, 1, 6, 7, 1, 6, 9, 3, 10, 8, 7, 9, 7, 1, 10, 10, 9, 1, 6, 3, 6, 1, 2, 10, 4, 5, 10, 4, 1, 5, 1, 10, 4, 10, 3, 4, 9, 10, 8, 6, 9, 9, 7, 8, 5, 6, 10, 9, 8, 10, 8, 9, 8, 6, 2, 2, 6, 3, 3, 9, 2]
(0.8495647386922459, 0.24197127109419464, 0.5511012129464712)
[3, 2, 1, 6, 7, 1, 6, 9, 3, 10, 8, 7, 9, 7, 1, 10, 10, 9, 1, 6, 3, 6, 1, 2, 10, 4, 5, 10, 4, 1, 5, 1, 10, 4, 10, 3, 4, 9, 10, 8, 6, 9, 9, 7, 8, 5, 6, 10, 9, 8, 10, 8, 9, 8, 6, 2, 2, 6, 3, 3, 9, 2]
(0.8495647386922459, 0.24197127109419464, 0.5511012129464712)
[5, 5, 7, 3, 4, 1, 1, 9, 4, 10, 1, 8, 7, 9, 10, 3, 7, 4, 6, 4, 2, 2, 1, 7, 4, 4, 9, 8, 3, 4, 8, 10, 7, 10, 7, 5, 9, 4, 6, 6, 2, 3, 10, 4, 8, 5, 5, 4, 1, 9, 1, 3, 6, 10, 4, 2, 2, 4, 3, 3, 9, 5]
(0.30963179187022677, 1.0679369771853087, 0.2844656302228058)
[7, 8, 5, 7, 4, 1, 1, 4, 9, 8, 4, 3, 9, 7, 7, 8, 5, 9, 8, 6, 2, 2, 6, 3, 9, 4, 5, 7, 1, 7, 10, 10, 8, 2, 7, 7, 9, 4, 3, 8, 9, 3, 10, 7, 8, 5, 5, 4, 2, 10, 6, 8, 10, 4, 6, 2, 1, 2, 2, 5, 8, 1]
(0.31753323950730344, 1.0610678834840652, 0.28616579506310535)
[7, 8, 5, 7, 4, 1, 1, 4, 9, 8, 4, 3, 9, 7, 7, 8, 5, 9, 8, 6, 2, 2, 6, 3, 9, 4, 5, 7, 1, 7, 10, 10, 8, 2, 7, 7, 9, 4, 3, 8, 9, 3, 10, 7, 8, 5, 5, 4, 2, 10, 6, 8, 10, 4, 6, 2, 1, 2, 2, 5, 8, 1]
(0.31753323950730344, 1.0610678834840652, 0.28616579506310535)
[7, 8, 5, 7, 4, 1, 1, 4, 9, 8, 4, 3, 9, 7, 7, 8, 5, 9, 8, 6, 2, 2, 6, 3, 9, 4, 5, 7, 1, 7, 10, 10, 8, 2, 7, 7, 9, 4, 3, 8, 9, 3, 10, 7, 8, 5, 5, 4, 2, 10, 6, 8, 10, 4, 6, 2, 1, 2, 2, 5, 8, 1]
(0.31753323950730344, 1.0610678834840652, 0.28616579506310535)
[7, 8, 5, 7, 4, 1, 1, 4, 9, 8, 4, 3, 9, 7, 7, 8, 5, 9, 8, 6, 2, 2, 6, 3, 9, 4, 5, 7, 1, 7, 10, 10, 8, 2, 7, 7, 9, 4, 3, 8, 9, 3, 10, 7, 8, 5, 5, 4, 2, 10, 6, 8, 10, 4, 6, 2, 1, 2, 2, 5, 8, 1]
(0.31753323950730344, 1.0610678834840652, 0.28616579506310535)
[2, 5, 4, 7, 7, 1, 8, 9, 2, 7, 5, 1, 7, 7, 7, 10, 10, 9, 3, 6, 2, 9, 8, 2, 10, 4, 5, 10, 4, 2, 5, 1, 10, 6, 10, 7, 9, 4, 7, 5, 9, 8, 10, 9, 8, 5, 5, 8, 2, 10, 10, 8, 10, 8, 6, 2, 5, 2, 2, 3, 8, 1]
(0.31913835872287366, 0.6415883291257062, 0.7086209080075618)
[2, 5, 4, 7, 7, 1, 8, 9, 2, 7, 5, 1, 7, 7, 7, 10, 10, 9, 3, 6, 2, 9, 8, 2, 10, 4, 5, 10, 4, 2, 5, 1, 10, 6, 10, 7, 9, 4, 7, 5, 9, 8, 10, 9, 8, 5, 5, 8, 2, 10, 10, 8, 10, 8, 6, 2, 5, 2, 2, 3, 8, 1]
(0.31913835872287366, 0.6415883291257062, 0.7086209080075618)
[2, 5, 4, 7, 7, 1, 8, 9, 2, 7, 5, 1, 7, 7, 7, 10, 10, 9, 3, 6, 2, 9, 8, 2, 10, 4, 5, 10, 4, 2, 5, 1, 10, 6, 10, 7, 9, 4, 7, 5, 9, 8, 10, 9, 8, 5, 5, 8, 2, 10, 10, 8, 10, 8, 6, 2, 5, 2, 2, 3, 8, 1]
(0.31913835872287366, 0.6415883291257062, 0.7086209080075618)
[2, 5, 4, 7, 7, 1, 8, 9, 2, 7, 5, 1, 7, 7, 7, 10, 10, 9, 3, 6, 2, 9, 8, 2, 10, 4, 5, 10, 4, 2, 5, 1, 10, 6, 10, 7, 9, 4, 7, 5, 9, 8, 10, 9, 8, 5, 5, 8, 2, 10, 10, 8, 10, 8, 6, 2, 5, 2, 2, 3, 8, 1]
(0.31913835872287366, 0.6415883291257062, 0.7086209080075618)
[2, 5, 4, 7, 7, 1, 8, 9, 2, 7, 5, 1, 7, 7, 7, 10, 10, 9, 3, 6, 2, 9, 8, 2, 10, 4, 5, 10, 4, 2, 5, 1, 10, 6, 10, 7, 9, 4, 7, 5, 9, 8, 10, 9, 8, 5, 5, 8, 2, 10, 10, 8, 10, 8, 6, 2, 5, 2, 2, 3, 8, 1]
(0.31913835872287366, 0.6415883291257062, 0.7086209080075618)
[6, 3, 4, 3, 8, 2, 7, 4, 7, 7, 2, 7, 6, 2, 7, 8, 1, 9, 5, 5, 2, 2, 4, 2, 9, 4, 5, 1, 4, 2, 5, 7, 10, 4, 10, 9, 2, 9, 10, 8, 10, 7, 10, 7, 8, 5, 5, 4, 7, 10, 4, 9, 8, 10, 6, 2, 2, 6, 3, 3, 8, 3]
(0.8400001688330279, 0.36500189648758424, 0.5137686929458034)
[6, 3, 4, 3, 8, 2, 7, 4, 7, 7, 2, 7, 6, 2, 7, 8, 1, 9, 5, 5, 2, 2, 4, 2, 9, 4, 5, 1, 4, 2, 5, 7, 10, 4, 10, 9, 2, 9, 10, 8, 10, 7, 10, 7, 8, 5, 5, 4, 7, 10, 4, 9, 8, 10, 6, 2, 2, 6, 3, 3, 8, 3]
(0.8400001688330279, 0.36500189648758424, 0.5137686929458034)
[6, 3, 4, 3, 8, 2, 7, 4, 7, 7, 2, 7, 6, 2, 7, 8, 1, 9, 5, 5, 2, 2, 4, 2, 9, 4, 5, 1, 4, 2, 5, 7, 10, 4, 10, 9, 2, 9, 10, 8, 10, 7, 10, 7, 8, 5, 5, 4, 7, 10, 4, 9, 8, 10, 6, 2, 2, 6, 3, 3, 8, 3]
(0.8400001688330279, 0.36500189648758424, 0.5137686929458034)
[6, 3, 4, 3, 8, 2, 7, 4, 7, 7, 2, 7, 6, 2, 7, 8, 1, 9, 5, 5, 2, 2, 4, 2, 9, 4, 5, 1, 4, 2, 5, 7, 10, 4, 10, 9, 2, 9, 10, 8, 10, 7, 10, 7, 8, 5, 5, 4, 7, 10, 4, 9, 8, 10, 6, 2, 2, 6, 3, 3, 8, 3]
(0.8400001688330279, 0.36500189648758424, 0.5137686929458034)
[6, 2, 1, 6, 7, 1, 6, 9, 3, 10, 8, 7, 9, 5, 2, 6, 5, 8, 3, 6, 2, 9, 6, 2, 9, 6, 5, 8, 4, 1, 5, 7, 10, 4, 10, 7, 8, 4, 8, 8, 9, 9, 10, 6, 5, 8, 5, 10, 9, 8, 10, 8, 9, 8, 6, 2, 2, 6, 3, 3, 9, 2]
(0.8426549510113416, 0.6356669149160666, 0.28024443090136425)
[6, 2, 1, 6, 7, 1, 6, 9, 3, 10, 8, 7, 9, 5, 2, 6, 5, 8, 3, 6, 2, 9, 6, 2, 9, 6, 5, 8, 4, 1, 5, 7, 10, 4, 10, 7, 8, 4, 8, 8, 9, 9, 10, 6, 5, 8, 5, 10, 9, 8, 10, 8, 9, 8, 6, 2, 2, 6, 3, 3, 9, 2]
(0.8426549510113416, 0.6356669149160666, 0.28024443090136425)
[6, 2, 1, 6, 7, 1, 6, 9, 3, 10, 8, 7, 9, 5, 2, 6, 5, 8, 3, 6, 2, 9, 6, 2, 9, 6, 5, 8, 4, 1, 5, 7, 10, 4, 10, 7, 8, 4, 8, 8, 9, 9, 10, 6, 5, 8, 5, 10, 9, 8, 10, 8, 9, 8, 6, 2, 2, 6, 3, 3, 9, 2]
(0.8426549510113416, 0.6356669149160666, 0.28024443090136425)
[6, 2, 1, 6, 7, 1, 6, 9, 3, 10, 8, 7, 9, 5, 2, 6, 5, 8, 3, 6, 2, 9, 6, 2, 9, 6, 5, 8, 4, 1, 5, 7, 10, 4, 10, 7, 8, 4, 8, 8, 9, 9, 10, 6, 5, 8, 5, 10, 9, 8, 10, 8, 9, 8, 6, 2, 2, 6, 3, 3, 9, 2]
(0.8426549510113416, 0.6356669149160666, 0.28024443090136425)
[3, 2, 1, 6, 7, 1, 6, 9, 3, 10, 8, 7, 9, 7, 1, 10, 10, 9, 1, 6, 3, 6, 1, 2, 10, 4, 5, 10, 4, 1, 5, 1, 10, 4, 10, 3, 4, 9, 10, 8, 6, 9, 9, 7, 8, 8, 5, 10, 9, 8, 10, 8, 9, 8, 6, 2, 2, 6, 3, 3, 9, 2]
(0.849663899025839, 0.24216708023310732, 0.6940062187493018)
[3, 2, 1, 6, 7, 1, 6, 9, 3, 10, 8, 7, 9, 7, 1, 10, 10, 9, 1, 6, 3, 6, 1, 2, 10, 4, 5, 10, 4, 1, 5, 1, 10, 4, 10, 3, 4, 9, 10, 8, 6, 9, 9, 7, 8, 8, 5, 10, 9, 8, 10, 8, 9, 8, 6, 2, 2, 6, 3, 3, 9, 2]
(0.849663899025839, 0.24216708023310732, 0.6940062187493018)
[3, 2, 1, 6, 7, 1, 6, 9, 3, 10, 8, 7, 9, 7, 1, 10, 10, 9, 1, 6, 3, 6, 1, 2, 10, 4, 5, 10, 4, 1, 5, 1, 10, 4, 10, 3, 4, 9, 10, 8, 6, 9, 9, 7, 8, 8, 5, 10, 9, 8, 10, 8, 9, 8, 6, 2, 2, 6, 3, 3, 9, 2]
(0.849663899025839, 0.24216708023310732, 0.6940062187493018)
[3, 2, 1, 6, 7, 1, 6, 9, 3, 10, 8, 7, 9, 7, 1, 10, 10, 9, 1, 6, 3, 6, 1, 2, 10, 4, 5, 10, 4, 1, 5, 1, 10, 4, 10, 3, 4, 9, 10, 8, 6, 9, 9, 7, 8, 8, 5, 10, 9, 8, 10, 8, 9, 8, 6, 2, 2, 6, 3, 3, 9, 2]
(0.849663899025839, 0.24216708023310732, 0.6940062187493018)
[8, 8, 7, 7, 6, 5, 1, 9, 9, 10, 9, 7, 5, 4, 7, 9, 4, 9, 8, 9, 9, 5, 9, 7, 4, 5, 9, 3, 6, 7, 10, 9, 8, 6, 10, 7, 9, 4, 7, 8, 9, 4, 10, 7, 8, 3, 5, 1, 6, 10, 9, 8, 9, 8, 6, 4, 5, 1, 2, 5, 8, 1]
(0.237578303166169, 0.6326669442704785, 0.9381881864368585)
[8, 8, 7, 7, 6, 5, 1, 9, 9, 10, 8, 7, 4, 4, 7, 9, 7, 9, 8, 9, 8, 5, 9, 7, 5, 5, 9, 3, 1, 7, 9, 9, 10, 6, 10, 7, 9, 4, 7, 8, 9, 4, 10, 7, 8, 5, 5, 1, 6, 10, 10, 8, 9, 8, 6, 4, 5, 1, 2, 5, 8, 1]
(0.2372646232480348, 0.6345684336060109, 0.9366104375837634)
[8, 8, 7, 7, 6, 5, 1, 9, 9, 10, 8, 7, 4, 4, 7, 9, 7, 9, 8, 9, 8, 5, 9, 7, 5, 5, 9, 3, 1, 7, 9, 9, 10, 6, 10, 7, 9, 4, 7, 8, 9, 4, 10, 7, 8, 5, 5, 1, 6, 10, 10, 8, 9, 8, 6, 4, 5, 1, 2, 5, 8, 1]
(0.2372646232480348, 0.6345684336060109, 0.9366104375837634)
[8, 8, 7, 7, 6, 5, 1, 9, 9, 10, 8, 7, 4, 4, 7, 9, 7, 9, 8, 9, 8, 5, 9, 7, 5, 5, 9, 3, 1, 7, 9, 9, 10, 6, 10, 7, 9, 4, 7, 8, 9, 4, 10, 7, 8, 5, 5, 1, 6, 10, 10, 8, 9, 8, 6, 4, 5, 1, 2, 5, 8, 1]
(0.2372646232480348, 0.6345684336060109, 0.9366104375837634)
[8, 8, 7, 7, 6, 5, 1, 9, 9, 10, 8, 7, 4, 4, 7, 9, 7, 9, 8, 9, 8, 5, 9, 7, 5, 5, 9, 3, 1, 7, 9, 9, 10, 6, 10, 7, 9, 4, 7, 8, 9, 4, 10, 7, 8, 5, 5, 1, 6, 10, 10, 8, 9, 8, 6, 4, 5, 1, 2, 5, 8, 1]
(0.2372646232480348, 0.6345684336060109, 0.9366104375837634)
[5, 2, 1, 10, 7, 1, 6, 9, 3, 10, 4, 7, 9, 5, 5, 6, 5, 9, 3, 6, 2, 9, 6, 2, 10, 4, 5, 8, 4, 10, 5, 7, 10, 1, 10, 7, 5, 8, 7, 8, 9, 9, 10, 6, 5, 5, 5, 10, 9, 6, 10, 8, 9, 8, 6, 2, 2, 6, 3, 3, 9, 2]
(0.46334099098358117, 0.6459077223514509, 0.7005427255195834)
[5, 2, 1, 10, 7, 1, 6, 9, 3, 10, 4, 7, 9, 5, 5, 6, 5, 9, 3, 6, 2, 9, 6, 2, 10, 4, 5, 8, 4, 10, 5, 7, 10, 1, 10, 7, 5, 8, 7, 8, 9, 9, 10, 6, 5, 5, 5, 10, 9, 6, 10, 8, 9, 8, 6, 2, 2, 6, 3, 3, 9, 2]
(0.46334099098358117, 0.6459077223514509, 0.7005427255195834)
[5, 2, 1, 10, 7, 1, 6, 9, 3, 10, 4, 7, 9, 5, 5, 6, 5, 9, 3, 6, 2, 9, 6, 2, 10, 4, 5, 8, 4, 10, 5, 7, 10, 1, 10, 7, 5, 8, 7, 8, 9, 9, 10, 6, 5, 5, 5, 10, 9, 6, 10, 8, 9, 8, 6, 2, 2, 6, 3, 3, 9, 2]
(0.46334099098358117, 0.6459077223514509, 0.7005427255195834)
[6, 2, 1, 6, 7, 1, 6, 9, 3, 10, 8, 7, 9, 5, 5, 6, 5, 9, 3, 6, 2, 9, 6, 2, 9, 6, 5, 8, 4, 1, 5, 7, 10, 4, 10, 7, 5, 4, 8, 8, 9, 9, 10, 6, 5, 5, 5, 10, 9, 8, 10, 8, 9, 8, 6, 2, 2, 6, 3, 3, 9, 2]
(0.4624492014944095, 0.6521922252743553, 0.7026970570092905)
[6, 2, 1, 6, 7, 1, 6, 9, 3, 10, 8, 7, 9, 5, 5, 6, 5, 9, 3, 6, 2, 9, 6, 2, 9, 6, 5, 8, 4, 1, 5, 7, 10, 4, 10, 7, 5, 4, 8, 8, 9, 9, 10, 6, 5, 5, 5, 10, 9, 8, 10, 8, 9, 8, 6, 2, 2, 6, 3, 3, 9, 2]
(0.4624492014944095, 0.6521922252743553, 0.7026970570092905)
[6, 9, 9, 3, 10, 2, 5, 4, 7, 7, 7, 7, 6, 10, 7, 7, 5, 9, 8, 5, 2, 2, 6, 3, 9, 7, 3, 6, 5, 1, 5, 4, 8, 2, 10, 7, 5, 4, 10, 8, 9, 7, 10, 8, 8, 5, 5, 4, 7, 5, 8, 5, 6, 6, 4, 5, 5, 3, 2, 1, 9, 9]
(0.44428134574602984, 0.6130595568604031, 0.7941883333930632)
[6, 9, 9, 3, 10, 2, 5, 4, 7, 7, 7, 7, 6, 10, 7, 7, 5, 9, 8, 5, 2, 2, 6, 3, 9, 7, 3, 6, 5, 1, 5, 4, 8, 2, 10, 7, 5, 4, 10, 8, 9, 7, 10, 8, 8, 5, 5, 4, 7, 5, 8, 5, 6, 6, 4, 5, 5, 3, 2, 1, 9, 9]
(0.44428134574602984, 0.6130595568604031, 0.7941883333930632)
[6, 9, 9, 3, 10, 2, 5, 4, 7, 7, 7, 7, 6, 10, 7, 7, 5, 9, 8, 5, 2, 2, 6, 3, 9, 7, 3, 6, 5, 1, 5, 4, 8, 2, 10, 7, 5, 4, 10, 8, 9, 7, 10, 8, 8, 5, 5, 4, 7, 5, 8, 5, 6, 6, 4, 5, 5, 3, 2, 1, 9, 9]
(0.44428134574602984, 0.6130595568604031, 0.7941883333930632)
[6, 9, 9, 3, 10, 2, 5, 4, 7, 7, 7, 7, 6, 10, 7, 7, 5, 9, 8, 5, 2, 2, 6, 3, 9, 7, 3, 6, 5, 1, 5, 4, 8, 2, 10, 7, 5, 4, 10, 8, 9, 7, 10, 8, 8, 5, 5, 4, 7, 5, 8, 5, 6, 6, 4, 5, 5, 3, 2, 1, 9, 9]
(0.44428134574602984, 0.6130595568604031, 0.7941883333930632)
[6, 2, 4, 3, 10, 2, 8, 4, 2, 4, 8, 7, 7, 8, 6, 9, 5, 9, 8, 6, 2, 2, 6, 3, 9, 7, 5, 1, 5, 1, 9, 4, 8, 2, 4, 7, 9, 4, 7, 8, 9, 3, 9, 7, 8, 5, 6, 4, 7, 5, 8, 5, 6, 6, 4, 5, 5, 2, 2, 3, 8, 3]
(0.0940726415698138, 1.0654265975579615, 0.6970212758833363)
[3, 2, 1, 6, 7, 1, 6, 9, 3, 10, 8, 7, 9, 7, 1, 9, 10, 9, 1, 6, 3, 6, 1, 2, 10, 4, 5, 10, 4, 1, 5, 1, 10, 4, 10, 4, 5, 9, 7, 8, 9, 9, 10, 5, 5, 5, 5, 2, 9, 8, 10, 9, 9, 8, 6, 2, 2, 6, 3, 3, 9, 2]
(0.8492256366215499, 0.31387887947838083, 0.703124915157345)
[6, 3, 4, 3, 8, 2, 7, 4, 7, 7, 7, 7, 6, 2, 7, 8, 1, 9, 5, 5, 2, 2, 4, 2, 9, 4, 5, 1, 4, 2, 5, 7, 10, 4, 10, 9, 5, 9, 10, 8, 10, 7, 10, 7, 8, 5, 5, 4, 7, 6, 8, 9, 8, 10, 6, 2, 2, 6, 3, 3, 8, 3]
(0.8403924911348793, 0.6004228404814398, 0.4608142613885023)
[7, 8, 5, 7, 4, 1, 1, 4, 9, 8, 4, 3, 9, 7, 7, 8, 5, 9, 8, 6, 2, 2, 6, 3, 9, 4, 5, 9, 1, 7, 10, 8, 10, 10, 10, 7, 9, 4, 9, 8, 10, 9, 10, 5, 7, 8, 8, 8, 2, 10, 6, 8, 10, 8, 6, 2, 1, 2, 2, 5, 8, 1]
(0.3187533931724216, 1.0553290085867042, 0.7073073021506803)
[7, 8, 5, 7, 4, 1, 1, 4, 9, 8, 4, 3, 9, 7, 7, 8, 5, 9, 8, 6, 2, 2, 6, 3, 9, 4, 5, 9, 1, 7, 10, 8, 10, 10, 10, 7, 9, 4, 9, 8, 10, 9, 10, 5, 7, 8, 8, 8, 2, 10, 6, 8, 10, 8, 6, 2, 1, 2, 2, 5, 8, 1]
(0.3187533931724216, 1.0553290085867042, 0.7073073021506803)
[7, 8, 5, 7, 4, 1, 1, 4, 9, 8, 4, 3, 9, 7, 7, 8, 5, 9, 8, 6, 2, 2, 6, 3, 9, 4, 5, 9, 1, 7, 10, 8, 10, 10, 10, 7, 9, 4, 9, 8, 10, 9, 10, 5, 7, 8, 8, 8, 2, 10, 6, 8, 10, 8, 6, 2, 1, 2, 2, 5, 8, 1]
(0.3187533931724216, 1.0553290085867042, 0.7073073021506803)
[7, 8, 5, 7, 4, 1, 1, 4, 9, 8, 4, 3, 9, 7, 7, 8, 5, 9, 8, 6, 2, 2, 6, 3, 9, 4, 5, 9, 1, 7, 10, 8, 10, 10, 10, 7, 9, 4, 9, 8, 10, 9, 10, 5, 7, 8, 8, 8, 2, 10, 6, 8, 10, 8, 6, 2, 1, 2, 2, 5, 8, 1]
(0.3187533931724216, 1.0553290085867042, 0.7073073021506803)
[7, 8, 5, 7, 4, 1, 1, 4, 9, 8, 4, 3, 9, 7, 7, 8, 5, 9, 8, 6, 2, 2, 6, 3, 9, 4, 5, 9, 1, 7, 10, 8, 10, 10, 10, 7, 9, 4, 9, 8, 10, 9, 10, 5, 7, 8, 8, 8, 2, 10, 6, 8, 10, 8, 6, 2, 1, 2, 2, 5, 8, 1]
(0.3187533931724216, 1.0553290085867042, 0.7073073021506803)
[8, 8, 5, 7, 4, 1, 1, 4, 7, 8, 4, 1, 9, 7, 7, 1, 6, 7, 8, 6, 6, 2, 6, 3, 9, 4, 5, 9, 1, 7, 10, 8, 10, 10, 10, 7, 9, 4, 9, 8, 10, 8, 10, 9, 8, 8, 8, 8, 2, 10, 6, 8, 10, 2, 6, 2, 1, 2, 2, 5, 8, 1]
(0.45847582382026764, 1.055581023730337, 0.6852965754601132)
[8, 8, 5, 7, 4, 1, 1, 4, 7, 8, 4, 1, 9, 7, 7, 1, 6, 7, 8, 6, 6, 2, 6, 3, 9, 4, 5, 9, 1, 7, 10, 8, 10, 10, 10, 7, 9, 4, 9, 8, 10, 8, 10, 9, 8, 8, 8, 8, 2, 10, 6, 8, 10, 2, 6, 2, 1, 2, 2, 5, 8, 1]
(0.45847582382026764, 1.055581023730337, 0.6852965754601132)
[8, 8, 5, 7, 4, 1, 1, 4, 7, 8, 4, 1, 9, 7, 7, 1, 6, 7, 8, 6, 6, 2, 6, 3, 9, 4, 5, 9, 1, 7, 10, 8, 10, 10, 10, 7, 9, 4, 9, 8, 10, 9, 10, 1, 8, 8, 8, 8, 2, 10, 6, 8, 10, 2, 6, 2, 1, 2, 2, 5, 8, 1]
(0.45991555818713914, 1.0550512155517933, 0.6950024723915282)
[2, 2, 7, 3, 4, 4, 1, 10, 3, 6, 3, 7, 7, 8, 7, 7, 5, 9, 8, 6, 2, 4, 6, 3, 9, 8, 5, 4, 4, 2, 9, 7, 10, 2, 8, 2, 8, 9, 10, 8, 9, 9, 9, 7, 8, 5, 5, 5, 7, 10, 4, 5, 3, 6, 4, 5, 5, 2, 2, 1, 10, 10]
(0.4515917319559263, 1.0612166872248048, 0.702348573441143)
[2, 2, 7, 3, 4, 4, 1, 10, 3, 6, 3, 7, 7, 8, 7, 7, 5, 9, 8, 6, 2, 4, 6, 3, 9, 8, 5, 4, 4, 2, 9, 7, 10, 2, 8, 2, 8, 9, 10, 8, 9, 9, 9, 7, 8, 5, 5, 5, 7, 10, 4, 5, 3, 6, 4, 5, 5, 2, 2, 1, 10, 10]
(0.4515917319559263, 1.0612166872248048, 0.702348573441143)
[2, 2, 7, 3, 4, 4, 1, 10, 3, 6, 3, 7, 7, 8, 7, 7, 5, 9, 8, 6, 2, 4, 6, 3, 9, 8, 5, 4, 4, 2, 9, 7, 10, 2, 8, 2, 8, 9, 10, 8, 9, 9, 9, 7, 8, 5, 5, 5, 7, 10, 4, 5, 3, 6, 4, 5, 5, 2, 2, 1, 10, 10]
(0.4515917319559263, 1.0612166872248048, 0.702348573441143)
