[1, 8, 8, 4, 3, 3, 8, 2, 2, 10, 10, 7, 1, 8, 10, 10, 6, 1, 2, 10, 3, 6, 4, 10, 1, 8, 3, 8, 8, 7, 3, 5, 10, 8, 2, 8, 5, 5, 3, 5, 2, 7, 8, 2, 6, 6, 9, 6, 8, 6, 4, 10, 10, 5, 3, 1, 2, 6, 3, 5, 9, 1]
(0.16255154656245804, 0.0, 0.9494332776404902, 0.2302541639929694, 0.7680971170775633, 0.0, 0.9712395708076638, 0.5910780669144989, 0.9715850180946273, 0.7883892524015038)
[9, 3, 8, 4, 1, 2, 4, 2, 2, 1, 1, 6, 3, 5, 6, 9, 8, 6, 10, 10, 10, 3, 1, 3, 10, 10, 9, 3, 4, 2, 6, 6, 4, 5, 1, 2, 10, 6, 2, 3, 9, 4, 5, 9, 8, 6, 6, 1, 10, 9, 4, 9, 10, 7, 2, 1, 2, 5, 4, 3, 8, 1]
(0.3647416003979682, 0.0, 0.9803515600971858, 0.20206644957520256, 0.9996434063650642, 1.0, 0.9704612524248641, 0.0, 0.9867353080771841, 0.45793687161379026)
[9, 8, 8, 4, 7, 3, 8, 2, 2, 10, 5, 6, 3, 5, 6, 9, 6, 6, 6, 9, 10, 10, 2, 3, 10, 10, 9, 2, 4, 2, 6, 6, 4, 5, 1, 2, 10, 6, 9, 3, 9, 6, 5, 4, 8, 8, 3, 1, 10, 4, 4, 9, 10, 7, 2, 1, 2, 5, 4, 3, 9, 1]
(0.9796495896764077, 0.0, 0.9654680951498431, 0.20206644957520256, 0.9974347953684604, 1.0, 0.9667860343120974, 0.0, 0.9828809888102092, 0.45793687161379026)
[3, 4, 8, 9, 7, 7, 6, 2, 7, 10, 4, 6, 8, 8, 10, 4, 1, 7, 5, 9, 5, 6, 7, 10, 1, 8, 3, 8, 9, 7, 3, 5, 10, 8, 2, 8, 4, 4, 3, 10, 7, 7, 7, 2, 9, 6, 10, 4, 4, 4, 4, 1, 8, 5, 4, 1, 2, 1, 1, 6, 10, 1]
(0.9935958220623409, 0.0, 0.9853575688786781, 0.20206644957520256, 0.9690246115438622, 0.6774193548387104, 0.9634980193339272, 0.0, 0.7883892524015038, 0.7883892524015038)
[9, 8, 8, 10, 7, 3, 8, 4, 2, 10, 9, 6, 2, 8, 10, 9, 3, 10, 5, 9, 10, 10, 2, 3, 10, 4, 6, 2, 10, 2, 6, 6, 4, 5, 1, 2, 10, 6, 2, 3, 9, 4, 5, 9, 8, 8, 5, 1, 10, 4, 4, 9, 10, 1, 2, 1, 2, 5, 4, 3, 9, 1]
(0.981056308839468, 0.2974013474494705, 0.9774868941865841, 0.20206644957520256, 1.0, 1.0, 0.9839978146366753, 0.18951132300357565, 0.9720380931161324, 0.0)
[9, 8, 8, 6, 7, 3, 8, 4, 2, 10, 9, 6, 2, 8, 10, 9, 3, 10, 5, 9, 10, 10, 2, 3, 10, 4, 6, 2, 10, 2, 6, 6, 4, 5, 1, 2, 10, 6, 2, 3, 9, 4, 5, 9, 8, 8, 5, 1, 10, 4, 4, 9, 10, 1, 2, 1, 2, 5, 4, 3, 9, 1]
(0.9816564294509568, 0.2974013474494705, 0.9747802850790301, 0.20206644957520256, 1.0, 1.0, 0.985802795458583, 0.18951132300357565, 0.9720516500063221, 0.0)
[9, 8, 8, 10, 4, 3, 8, 2, 2, 10, 5, 6, 2, 5, 6, 9, 6, 6, 5, 9, 10, 10, 2, 3, 1, 8, 3, 4, 10, 7, 6, 4, 4, 3, 5, 6, 5, 7, 10, 7, 8, 4, 8, 3, 4, 5, 3, 1, 10, 4, 4, 1, 10, 7, 2, 1, 2, 5, 4, 3, 9, 1]
(0.9792168269865194, 0.9516058073031223, 0.9802382404915967, 0.0, 0.9776637223549165, 0.0, 0.9778975437395255, 0.0, 0.9755234991200248, 0.7883892524015038)
[9, 8, 3, 3, 7, 3, 8, 9, 2, 10, 10, 7, 8, 8, 10, 10, 6, 1, 2, 10, 10, 10, 5, 3, 10, 10, 9, 3, 4, 2, 6, 4, 4, 10, 1, 10, 10, 6, 2, 3, 9, 9, 5, 9, 8, 8, 5, 1, 10, 4, 4, 9, 10, 7, 2, 1, 2, 5, 4, 3, 9, 1]
(0.9651074199937266, 0.20393475596341798, 0.9810889254324116, 0.20206644957520256, 0.9220070726238169, 0.9726363054476658, 0.0, 0.22084793967855018, 0.962230333592741, 0.25319304311539675)
[1, 8, 8, 4, 7, 3, 8, 2, 2, 10, 5, 6, 2, 5, 6, 9, 6, 6, 5, 9, 10, 10, 2, 3, 1, 8, 3, 4, 10, 7, 6, 4, 4, 5, 5, 6, 5, 7, 10, 7, 8, 4, 8, 3, 4, 5, 3, 1, 10, 4, 4, 1, 10, 7, 2, 1, 2, 5, 4, 3, 9, 1]
(0.9770168527029435, 0.9516058073031223, 0.9811671194620409, 0.20206644957520256, 0.9737698300741593, 0.0, 0.9731153161264936, 0.0, 0.9787538778968133, 0.7883892524015038)
[1, 8, 8, 4, 7, 3, 8, 2, 2, 7, 5, 6, 3, 5, 6, 9, 6, 6, 5, 9, 10, 10, 2, 3, 1, 8, 3, 4, 10, 7, 6, 4, 4, 3, 5, 6, 5, 7, 10, 7, 8, 4, 8, 3, 4, 5, 3, 1, 10, 2, 4, 1, 10, 7, 2, 1, 2, 5, 4, 3, 9, 1]
(0.9792871276847998, 0.9516058073031223, 0.9795842749066631, 0.20206644957520256, 0.9715376320295017, 0.0, 0.9690885267220418, 0.0, 0.9765855771489421, 0.7883892524015038)
[9, 8, 8, 4, 4, 3, 8, 2, 2, 10, 5, 6, 9, 5, 6, 9, 6, 6, 5, 9, 10, 10, 2, 3, 10, 6, 9, 5, 10, 4, 6, 6, 4, 5, 1, 1, 10, 6, 9, 3, 9, 4, 5, 9, 8, 8, 2, 1, 10, 4, 4, 9, 10, 7, 2, 1, 2, 5, 4, 3, 9, 1]
(0.9790989820845404, 0.3858136631190906, 0.9665628737770002, 0.20206644957520256, 0.9996428034268295, 1.0, 0.040969458874313004, 0.0, 0.4754713517613718, 0.45793687161379026)
[9, 8, 8, 4, 4, 3, 8, 2, 2, 10, 5, 6, 9, 5, 6, 8, 6, 6, 5, 9, 10, 10, 2, 3, 10, 6, 9, 5, 10, 4, 6, 6, 4, 5, 1, 1, 10, 6, 9, 3, 9, 4, 5, 9, 8, 8, 2, 1, 10, 4, 4, 9, 10, 7, 2, 1, 2, 5, 4, 3, 9, 1]
(0.9790989720262566, 0.3858136631190906, 0.9662135726772231, 0.20206644957520256, 0.9998768239282046, 1.0, 0.5510858523659437, 0.0, 0.9739764467813057, 0.45793687161379026)
[9, 8, 8, 3, 7, 3, 8, 9, 9, 10, 10, 7, 8, 8, 10, 10, 6, 1, 2, 10, 10, 10, 5, 3, 10, 10, 9, 3, 4, 2, 6, 4, 4, 10, 1, 10, 10, 6, 7, 3, 9, 9, 5, 5, 8, 8, 5, 1, 10, 7, 4, 9, 10, 7, 2, 1, 2, 5, 4, 3, 8, 1]
(0.9797889181412737, 0.20393475596341798, 0.47461641365662016, 0.20206644957520256, 0.9753435215912739, 0.6774193548387104, 0.9581749112345264, 0.0, 0.9706437111832183, 0.9693570959381742)
[9, 8, 8, 4, 4, 3, 8, 2, 2, 10, 5, 6, 1, 4, 6, 9, 8, 6, 7, 10, 10, 10, 1, 3, 10, 10, 9, 3, 10, 2, 6, 3, 4, 5, 1, 2, 10, 6, 9, 3, 9, 6, 5, 4, 8, 8, 3, 1, 10, 4, 4, 9, 10, 7, 2, 1, 2, 5, 4, 3, 9, 1]
(0.9758539256639759, 0.40157187944798584, 0.9781047509051838, 0.20206644957520256, 0.996811634395269, 1.0, 0.9694091918878239, 0.0, 0.982709712255744, 0.5292688245739744)
[9, 8, 8, 4, 4, 3, 8, 2, 2, 10, 5, 6, 1, 4, 6, 9, 8, 6, 7, 10, 10, 10, 1, 3, 10, 10, 9, 3, 10, 2, 6, 3, 4, 5, 1, 2, 10, 6, 9, 3, 9, 6, 5, 4, 8, 8, 3, 1, 10, 4, 4, 9, 10, 7, 2, 1, 2, 5, 4, 3, 9, 1]
(0.9758539256639759, 0.40157187944798584, 0.9781047509051838, 0.20206644957520256, 0.996811634395269, 1.0, 0.9694091918878239, 0.0, 0.982709712255744, 0.5292688245739744)
[9, 8, 8, 4, 4, 3, 8, 2, 2, 10, 5, 6, 1, 4, 6, 9, 8, 6, 7, 10, 10, 10, 1, 3, 10, 10, 9, 3, 10, 2, 6, 3, 4, 5, 1, 2, 10, 6, 9, 3, 9, 6, 5, 4, 8, 8, 3, 1, 10, 4, 4, 9, 10, 7, 2, 1, 2, 5, 4, 3, 9, 1]
(0.9758539256639759, 0.40157187944798584, 0.9781047509051838, 0.20206644957520256, 0.996811634395269, 1.0, 0.9694091918878239, 0.0, 0.982709712255744, 0.5292688245739744)
[9, 8, 8, 4, 4, 3, 8, 2, 2, 10, 5, 6, 1, 4, 6, 9, 8, 6, 7, 10, 10, 10, 1, 3, 10, 10, 9, 3, 10, 2, 6, 3, 4, 5, 1, 2, 10, 6, 9, 3, 9, 6, 5, 4, 8, 8, 3, 1, 10, 4, 4, 9, 10, 7, 2, 1, 2, 5, 4, 3, 9, 1]
(0.9758539256639759, 0.40157187944798584, 0.9781047509051838, 0.20206644957520256, 0.996811634395269, 1.0, 0.9694091918878239, 0.0, 0.982709712255744, 0.5292688245739744)
[9, 8, 8, 3, 4, 3, 8, 2, 2, 10, 5, 6, 9, 5, 6, 9, 8, 6, 7, 10, 10, 3, 1, 3, 10, 10, 9, 3, 10, 2, 6, 3, 4, 5, 1, 2, 10, 6, 9, 3, 9, 6, 5, 4, 8, 8, 3, 1, 10, 4, 4, 9, 10, 7, 2, 1, 2, 5, 4, 3, 9, 1]
(0.9745382393710296, 0.9516058073031223, 0.9641219642944616, 0.20206644957520256, 0.9984520734287773, 1.0, 0.3253454309888129, 0.0, 0.9786426155827919, 0.0)
[3, 4, 8, 9, 7, 7, 6, 10, 7, 10, 7, 6, 8, 8, 10, 4, 4, 1, 5, 8, 7, 6, 3, 10, 1, 10, 3, 4, 10, 7, 6, 4, 4, 5, 5, 6, 5, 7, 9, 7, 8, 4, 8, 3, 4, 5, 3, 4, 10, 4, 4, 1, 8, 5, 4, 1, 2, 1, 1, 6, 10, 1]
(0.9914581845514453, 0.5872929676893848, 0.971858530584721, 0.1800274851122309, 0.9748514129780212, 0.0, 0.9818972191773334, 0.6522758351240484, 0.984583241958169, 0.7883892524015038)
[3, 4, 8, 9, 7, 7, 6, 10, 7, 10, 7, 6, 8, 8, 10, 4, 4, 1, 5, 8, 7, 6, 3, 10, 1, 10, 3, 4, 10, 7, 6, 4, 4, 5, 5, 6, 5, 7, 9, 7, 8, 4, 8, 3, 4, 5, 3, 4, 10, 4, 4, 1, 8, 5, 4, 1, 2, 1, 1, 6, 10, 1]
(0.9914581845514453, 0.5872929676893848, 0.971858530584721, 0.1800274851122309, 0.9748514129780212, 0.0, 0.9818972191773334, 0.6522758351240484, 0.984583241958169, 0.7883892524015038)
[3, 4, 8, 9, 7, 7, 6, 10, 7, 10, 7, 6, 8, 8, 10, 4, 4, 1, 5, 8, 7, 6, 3, 10, 1, 10, 3, 4, 10, 7, 6, 4, 4, 5, 5, 6, 5, 7, 9, 7, 8, 4, 8, 3, 4, 5, 3, 4, 10, 4, 4, 1, 8, 5, 4, 1, 2, 1, 1, 6, 10, 1]
(0.9914581845514453, 0.5872929676893848, 0.971858530584721, 0.1800274851122309, 0.9748514129780212, 0.0, 0.6522758351240484, 0.6522758351240484, 0.984583241958169, 0.7883892524015038)
[3, 4, 8, 9, 7, 7, 6, 10, 7, 10, 4, 6, 8, 8, 9, 7, 4, 7, 5, 9, 5, 6, 7, 10, 1, 8, 3, 8, 9, 7, 3, 10, 10, 7, 2, 8, 4, 4, 3, 10, 7, 7, 10, 2, 9, 6, 10, 4, 4, 4, 4, 2, 8, 5, 4, 1, 2, 1, 1, 6, 10, 1]
(0.9925163029693044, 0.5872929676893848, 0.984583674650637, 0.1800274851122309, 0.976535168569533, 0.6774193548387104, 0.9667027375660819, 0.0, 0.9837315323762574, 0.7883892524015038)
[3, 4, 8, 9, 7, 7, 6, 10, 7, 2, 4, 6, 8, 8, 9, 4, 4, 7, 5, 9, 7, 6, 10, 10, 1, 8, 3, 8, 9, 7, 3, 5, 10, 8, 2, 8, 1, 4, 3, 10, 7, 7, 8, 2, 9, 6, 10, 4, 4, 4, 9, 1, 8, 5, 4, 1, 2, 1, 1, 6, 10, 1]
(0.9933305806480323, 0.5872929676893848, 0.985219096485523, 0.1800274851122309, 0.9749282066710274, 0.6774193548387104, 0.9413187437690781, 0.0, 0.7883892524015038, 0.7883892524015038)
[3, 4, 8, 9, 7, 7, 6, 10, 7, 10, 4, 6, 8, 10, 9, 7, 4, 7, 5, 9, 5, 6, 7, 10, 1, 8, 3, 8, 9, 7, 3, 5, 7, 8, 8, 8, 4, 4, 3, 10, 7, 7, 8, 2, 9, 5, 5, 1, 10, 4, 4, 1, 8, 7, 4, 1, 2, 1, 1, 6, 10, 1]
(0.9924969478510296, 0.5872929676893848, 0.9787421741522826, 0.1800274851122309, 0.9714503708295505, 0.6774193548387104, 0.9538735107518717, 0.0, 0.9838917582295811, 0.7883892524015038)
[3, 4, 8, 9, 7, 7, 6, 10, 7, 10, 4, 6, 8, 8, 9, 7, 4, 7, 5, 9, 5, 6, 7, 10, 1, 8, 3, 8, 9, 7, 3, 10, 10, 7, 2, 8, 4, 4, 3, 10, 7, 7, 10, 2, 9, 6, 10, 4, 4, 4, 4, 2, 8, 5, 4, 1, 2, 1, 1, 6, 10, 1]
(0.9925163029693044, 0.5872929676893848, 0.984583674650637, 0.1800274851122309, 0.976535168569533, 0.6774193548387104, 0.9667027375660819, 0.0, 0.9837315323762574, 0.7883892524015038)
[3, 8, 8, 9, 7, 7, 6, 10, 7, 10, 4, 6, 8, 8, 10, 4, 1, 7, 5, 9, 10, 6, 7, 10, 1, 8, 3, 8, 9, 7, 3, 5, 10, 8, 2, 6, 4, 4, 3, 10, 7, 7, 8, 2, 9, 6, 10, 4, 4, 4, 4, 1, 8, 5, 4, 1, 2, 1, 1, 6, 10, 1]
(0.9933314182795561, 0.5872929676893848, 0.9628932551480813, 0.1800274851122309, 0.9685123222880047, 0.6774193548387104, 0.9610468163155003, 0.0, 0.9836147042922655, 0.7883892524015038)
[3, 4, 8, 9, 7, 6, 6, 2, 3, 10, 4, 6, 8, 10, 9, 4, 10, 7, 5, 9, 5, 6, 7, 10, 1, 8, 3, 8, 9, 7, 3, 5, 7, 8, 8, 8, 4, 4, 3, 10, 7, 7, 8, 2, 9, 5, 5, 1, 10, 4, 4, 1, 8, 5, 4, 1, 2, 1, 1, 6, 10, 1]
(0.9927427002228774, 0.5872929676893848, 0.9749164526350776, 0.1800274851122309, 0.9806905102916043, 0.6774193548387104, 0.9615729748271388, 0.0, 0.9845758269540942, 0.7883892524015038)
[3, 8, 8, 9, 7, 7, 6, 1, 7, 10, 4, 6, 9, 1, 10, 4, 1, 3, 5, 9, 7, 2, 4, 10, 10, 8, 3, 6, 10, 7, 6, 9, 4, 7, 2, 8, 4, 4, 3, 10, 7, 7, 10, 2, 9, 6, 10, 4, 4, 4, 4, 2, 8, 5, 4, 1, 2, 1, 1, 6, 10, 1]
(0.9944033219478999, 0.5872929676893848, 0.9893370606936491, 0.1800274851122309, 0.9702444589696805, 0.6774193548387125, 0.955333066824822, 0.0, 0.977925134729592, 0.7883892524015038)
[3, 8, 8, 9, 7, 7, 6, 1, 7, 10, 4, 6, 9, 1, 10, 4, 1, 3, 5, 9, 7, 2, 4, 10, 10, 8, 3, 6, 10, 7, 6, 9, 4, 7, 2, 8, 4, 4, 3, 10, 7, 7, 10, 2, 9, 6, 10, 4, 4, 4, 4, 2, 8, 5, 4, 1, 2, 1, 1, 6, 10, 1]
(0.9944033219478999, 0.5872929676893848, 0.9893370606936491, 0.1800274851122309, 0.9702444589696805, 0.6774193548387125, 0.955333066824822, 0.0, 0.977925134729592, 0.7883892524015038)
[3, 8, 8, 9, 7, 7, 6, 1, 7, 10, 4, 6, 9, 1, 10, 4, 1, 3, 5, 9, 7, 2, 4, 10, 10, 8, 3, 6, 10, 7, 6, 9, 4, 7, 2, 8, 4, 4, 3, 10, 7, 7, 10, 2, 9, 6, 10, 4, 4, 4, 4, 2, 8, 5, 4, 1, 2, 1, 1, 6, 10, 1]
(0.9944033219478999, 0.5872929676893848, 0.9893370606936491, 0.1800274851122309, 0.9702444589696805, 0.6774193548387125, 0.955333066824822, 0.0, 0.977925134729592, 0.7883892524015038)
[3, 8, 8, 9, 7, 7, 6, 1, 7, 10, 4, 6, 9, 1, 10, 4, 1, 3, 5, 9, 7, 2, 4, 10, 10, 8, 3, 6, 10, 7, 6, 9, 4, 7, 2, 8, 4, 4, 3, 10, 7, 7, 10, 2, 9, 6, 10, 4, 4, 4, 4, 2, 8, 5, 4, 1, 2, 1, 1, 6, 10, 1]
(0.9944033219478999, 0.5872929676893848, 0.9893370606936491, 0.1800274851122309, 0.9702444589696805, 0.6774193548387125, 0.955333066824822, 0.0, 0.977925134729592, 0.7883892524015038)
[9, 8, 8, 4, 4, 3, 8, 2, 2, 10, 5, 6, 1, 4, 6, 9, 8, 6, 7, 10, 10, 10, 1, 3, 10, 10, 9, 3, 4, 2, 7, 6, 4, 5, 1, 6, 10, 6, 3, 3, 9, 4, 5, 9, 8, 8, 3, 6, 10, 4, 4, 9, 10, 7, 2, 1, 2, 5, 4, 3, 9, 1]
(0.9782729764468948, 0.9516058073031223, 0.9686177997849863, 0.20206644957520256, 0.9850783511064926, 0.6774193548387104, 0.9855106073431649, 0.40874035989717267, 0.9733771410770694, 0.0)
[3, 4, 8, 9, 7, 7, 6, 2, 7, 10, 1, 6, 8, 8, 10, 4, 1, 7, 5, 9, 5, 6, 7, 10, 1, 8, 3, 8, 9, 7, 3, 5, 10, 8, 2, 8, 4, 4, 3, 10, 7, 7, 7, 2, 9, 6, 10, 4, 4, 4, 4, 1, 8, 5, 4, 1, 2, 1, 1, 6, 10, 1]
(0.9935958220623409, 0.5872929676893848, 0.9860175835899985, 0.20206644957520256, 0.9749054157175103, 0.6774193548387104, 0.9619767659343761, 0.0, 0.9805052551440874, 0.7883892524015038)
[3, 4, 8, 9, 7, 7, 6, 10, 7, 2, 4, 6, 8, 8, 9, 4, 4, 7, 5, 9, 7, 6, 10, 10, 1, 8, 3, 8, 9, 7, 3, 5, 10, 8, 2, 8, 1, 4, 3, 10, 7, 7, 8, 2, 9, 6, 8, 4, 4, 4, 9, 1, 8, 5, 4, 1, 2, 1, 1, 6, 10, 1]
(0.9932921892963326, 0.5872929676893848, 0.9846303173340835, 0.20206644957520256, 0.9753795756958406, 0.6774193548387104, 0.6727306415326936, 0.0, 0.9840405448339857, 0.7883892524015038)
[3, 4, 8, 9, 7, 7, 6, 10, 7, 2, 4, 6, 8, 8, 9, 4, 3, 7, 5, 9, 7, 6, 10, 10, 1, 8, 3, 8, 9, 7, 6, 5, 10, 8, 2, 8, 1, 4, 3, 10, 7, 7, 8, 2, 9, 6, 8, 4, 4, 4, 9, 1, 8, 5, 4, 1, 2, 1, 1, 6, 10, 1]
(0.9934094230644381, 0.5872929676893848, 0.9701926696114223, 0.20206644957520256, 0.9728451079688946, 0.6774193548387104, 0.9603046624921246, 0.0, 0.9795415316708364, 0.7883892524015038)
[3, 4, 8, 9, 7, 7, 6, 10, 7, 2, 4, 6, 8, 8, 9, 4, 4, 7, 5, 9, 7, 6, 4, 10, 1, 8, 3, 8, 9, 7, 6, 5, 10, 8, 2, 8, 1, 4, 3, 10, 7, 7, 8, 2, 9, 6, 8, 4, 4, 4, 9, 1, 8, 5, 4, 1, 2, 1, 1, 6, 10, 1]
(0.9934084088541545, 0.5872929676893848, 0.9876866674981988, 0.20206644957520256, 0.9712873992510122, 0.6774193548387104, 0.9592006984166784, 0.0, 0.9777970767579953, 0.7883892524015038)
[9, 8, 8, 4, 4, 3, 8, 2, 2, 10, 5, 6, 1, 4, 6, 9, 6, 6, 5, 9, 10, 10, 2, 3, 10, 6, 9, 5, 10, 4, 6, 6, 4, 5, 1, 1, 10, 6, 9, 3, 9, 4, 5, 9, 8, 8, 2, 1, 10, 4, 4, 9, 10, 7, 2, 1, 2, 5, 4, 3, 9, 1]
(0.9782255821861308, 0.5490312209154733, 0.9692659280262869, 0.20206644957520256, 0.9979061140678798, 1.0, 0.9753463475964943, 0.0, 0.9868243007920658, 0.5292688245739744)
[9, 8, 8, 1, 1, 3, 4, 2, 2, 10, 5, 6, 3, 5, 6, 9, 8, 6, 7, 9, 10, 10, 2, 3, 10, 6, 9, 3, 10, 2, 6, 6, 4, 5, 1, 2, 10, 6, 9, 2, 9, 6, 5, 4, 8, 8, 3, 1, 10, 4, 4, 9, 10, 7, 2, 1, 2, 5, 4, 3, 9, 1]
(0.9768825490958969, 0.5815037189712344, 0.9562387562356874, 0.20206644957520256, 0.9967181210406099, 1.0, 0.9721061379648727, 0.0, 0.9842620407231131, 0.5292688245739744)
[3, 8, 8, 9, 7, 7, 6, 10, 7, 10, 4, 6, 9, 8, 10, 4, 1, 3, 5, 9, 7, 2, 4, 10, 10, 8, 3, 4, 10, 7, 6, 4, 4, 5, 5, 6, 5, 7, 10, 7, 8, 4, 8, 3, 4, 5, 5, 1, 10, 4, 4, 1, 8, 5, 4, 1, 2, 1, 1, 6, 10, 1]
(0.9933983485214387, 0.5872929676893848, 0.9733627342618981, 0.0, 0.9822548613883533, 0.6774193548387104, 0.9672643539495747, 0.5910780669144989, 0.7468256308697208, 0.5118919401429592)
[9, 8, 8, 4, 7, 3, 8, 2, 2, 10, 5, 6, 2, 5, 6, 9, 6, 6, 5, 9, 10, 10, 2, 3, 1, 8, 3, 4, 10, 7, 6, 4, 4, 5, 5, 6, 5, 7, 10, 7, 8, 4, 8, 3, 4, 5, 3, 1, 10, 4, 4, 1, 8, 5, 5, 1, 2, 5, 4, 3, 9, 1]
(0.9819887778721728, 0.9516058073031223, 0.9970513287000333, 0.20206644957520256, 0.9771324302069823, 0.6774193548387125, 0.9782412351109068, 0.1769569134559331, 0.9819442038424292, 0.45793687161379026)
[9, 8, 8, 10, 7, 3, 8, 4, 2, 10, 9, 8, 2, 8, 10, 9, 3, 3, 5, 9, 10, 10, 2, 3, 10, 4, 6, 2, 10, 2, 6, 6, 4, 5, 1, 2, 10, 6, 2, 3, 9, 4, 5, 9, 8, 8, 5, 1, 10, 4, 4, 9, 10, 1, 2, 1, 2, 5, 4, 3, 9, 1]
(0.9796480665914693, 0.2974013474494705, 0.20206644957520256, 0.20206644957520256, 0.9953322823159372, 1.0, 0.978216705378143, 0.18951132300357565, 0.9816205919720211, 0.7883892524015038)
[9, 8, 8, 6, 7, 3, 8, 4, 2, 10, 9, 6, 2, 8, 10, 9, 3, 3, 5, 9, 10, 10, 2, 3, 10, 4, 6, 2, 10, 2, 6, 6, 4, 5, 1, 2, 10, 6, 2, 3, 9, 4, 5, 9, 8, 8, 5, 1, 10, 4, 4, 9, 10, 1, 2, 1, 2, 5, 4, 3, 9, 1]
(0.980496002640573, 0.2974013474494705, 0.9750211228616515, 0.20206644957520256, 0.9957913360558425, 1.0, 0.9798851468600313, 0.18951132300357565, 0.9757581057958284, 0.7883892524015038)
[9, 8, 8, 10, 7, 3, 8, 4, 2, 10, 9, 6, 2, 8, 10, 9, 3, 3, 5, 9, 10, 10, 2, 3, 10, 4, 6, 2, 10, 2, 6, 6, 4, 5, 1, 2, 10, 6, 2, 3, 9, 4, 5, 9, 8, 8, 5, 1, 10, 4, 4, 9, 10, 1, 2, 1, 2, 5, 4, 3, 9, 1]
(0.9807691927067914, 0.2974013474494705, 0.9720583532936853, 0.20206644957520256, 0.9957125014625464, 1.0, 0.0, 0.18951132300357565, 0.977757100481538, 0.7883892524015038)
[1, 3, 7, 2, 7, 7, 6, 4, 2, 10, 5, 6, 10, 5, 9, 4, 3, 4, 2, 9, 9, 9, 10, 1, 8, 4, 10, 8, 8, 5, 2, 1, 9, 8, 7, 10, 10, 8, 4, 3, 6, 7, 3, 9, 7, 8, 5, 7, 4, 4, 8, 9, 9, 7, 1, 2, 2, 1, 4, 4, 6, 2]
(0.9795580248348396, 0.2974013474494705, 0.9845408651046433, 0.20206644957520256, 0.9964153968729054, 1.0, 0.9766039743088165, 0.18951132300357565, 0.9813815179280916, 0.7883892524015038)
[9, 8, 8, 10, 7, 3, 8, 4, 2, 10, 9, 6, 2, 8, 10, 9, 3, 3, 8, 9, 10, 5, 2, 3, 10, 4, 6, 2, 10, 2, 6, 6, 4, 5, 1, 2, 10, 6, 2, 3, 9, 4, 5, 9, 8, 8, 5, 1, 10, 4, 4, 9, 10, 1, 2, 1, 2, 5, 4, 3, 9, 1]
(0.9781032853759805, 0.2974013474494705, 0.9790469343774001, 0.20206644957520256, 0.9953020795248424, 1.0, 0.9805466947145738, 0.18951132300357565, 0.9796546607278268, 0.7883892524015038)
[9, 8, 8, 6, 7, 3, 8, 4, 2, 10, 9, 6, 2, 8, 10, 9, 3, 3, 5, 9, 10, 10, 2, 3, 10, 4, 6, 2, 10, 2, 6, 6, 4, 5, 1, 2, 10, 6, 2, 3, 9, 4, 5, 9, 8, 8, 5, 1, 10, 4, 4, 9, 10, 1, 2, 1, 2, 5, 4, 3, 9, 1]
(0.980496002640573, 0.2974013474494705, 0.9750211228616515, 0.20206644957520256, 0.9957913360558425, 1.0, 0.9798851468600313, 0.18951132300357565, 0.9757581057958284, 0.7883892524015038)
[9, 8, 8, 6, 7, 3, 8, 4, 2, 10, 9, 6, 2, 8, 10, 9, 3, 3, 5, 9, 10, 10, 2, 3, 10, 4, 6, 2, 10, 2, 6, 6, 4, 5, 1, 2, 10, 6, 2, 3, 9, 4, 5, 9, 8, 8, 5, 1, 10, 4, 4, 9, 10, 1, 2, 1, 2, 5, 4, 3, 9, 1]
(0.980496002640573, 0.2974013474494705, 0.9750211228616515, 0.20206644957520256, 0.9957913360558425, 1.0, 0.9798851468600313, 0.18951132300357565, 0.9757581057958284, 0.7883892524015038)
[9, 8, 8, 10, 7, 3, 8, 4, 2, 10, 9, 6, 2, 8, 10, 9, 3, 3, 5, 9, 10, 10, 2, 3, 10, 4, 6, 2, 10, 2, 6, 6, 4, 5, 1, 2, 10, 6, 2, 3, 9, 4, 5, 9, 8, 8, 5, 1, 10, 4, 4, 9, 10, 1, 2, 1, 2, 5, 4, 3, 9, 1]
(0.9807691927067914, 0.2974013474494705, 0.9720583532936853, 0.20206644957520256, 0.0, 1.0, 0.9799047387205045, 0.2039831388600403, 0.977757100481538, 0.7883892524015038)
[9, 8, 8, 10, 7, 3, 8, 4, 2, 10, 9, 6, 2, 8, 10, 9, 3, 3, 5, 9, 10, 10, 2, 3, 10, 4, 6, 2, 10, 2, 6, 6, 4, 5, 1, 2, 10, 6, 2, 3, 9, 4, 5, 9, 8, 8, 5, 1, 10, 4, 4, 9, 10, 1, 2, 1, 2, 5, 4, 3, 9, 1]
(0.9807691927067914, 0.2974013474494705, 0.9720583532936853, 0.20206644957520256, 0.9957125014625464, 1.0, 0.9799047387205045, 0.2039831388600403, 0.977757100481538, 0.7883892524015038)
[9, 8, 8, 10, 7, 3, 8, 4, 2, 10, 9, 6, 1, 8, 10, 9, 3, 3, 8, 9, 10, 10, 2, 3, 10, 4, 6, 2, 10, 2, 6, 6, 4, 5, 1, 2, 10, 6, 2, 3, 9, 4, 5, 9, 8, 8, 5, 1, 10, 4, 4, 9, 10, 1, 2, 1, 2, 5, 4, 3, 9, 1]
(0.9765862097032348, 0.2974013474494705, 0.9728188109584133, 0.20206644957520256, 0.9949562680907522, 1.0, 0.97966302661225, 0.2039831388600403, 0.9784470713697354, 0.7883892524015038)
[1, 9, 8, 2, 10, 8, 4, 2, 7, 7, 6, 8, 9, 9, 4, 4, 4, 4, 3, 7, 10, 8, 4, 10, 2, 8, 3, 1, 7, 7, 2, 8, 6, 10, 9, 9, 1, 4, 3, 4, 7, 9, 8, 2, 6, 6, 9, 2, 4, 4, 4, 9, 10, 1, 4, 5, 6, 5, 3, 5, 10, 1]
(0.9672543643973749, 0.5872929676893848, 0.9833200803957859, 0.0, 0.9851322860456981, 1.0, 0.9815525024197974, 0.2039831388600403, 0.9744151250459234, 0.7574568638815794)
[9, 8, 8, 4, 1, 3, 4, 2, 2, 10, 5, 6, 2, 5, 6, 9, 6, 6, 5, 9, 10, 10, 2, 3, 1, 8, 3, 4, 10, 7, 6, 4, 4, 5, 5, 2, 5, 7, 10, 7, 8, 4, 8, 3, 4, 5, 3, 1, 10, 4, 4, 1, 7, 5, 5, 1, 2, 5, 4, 3, 9, 1]
(0.9822534873150268, 0.9516058073031223, 0.9903037273325003, 0.20206644957520256, 0.9807672399096171, 0.6774193548387125, 0.9791658339090623, 0.19135767092670072, 0.9833391566760816, 0.5292688245739744)
[9, 8, 8, 10, 7, 3, 8, 4, 2, 10, 9, 6, 2, 8, 10, 9, 3, 3, 8, 9, 10, 10, 2, 3, 10, 4, 6, 2, 10, 2, 6, 6, 4, 5, 1, 2, 10, 6, 2, 3, 9, 1, 5, 9, 8, 8, 5, 1, 10, 4, 4, 9, 10, 1, 2, 1, 2, 5, 4, 3, 9, 1]
(0.9793191687203924, 0.2974013474494705, 0.9734856114722769, 0.20206644957520256, 0.995378187578169, 1.0, 0.0, 0.29369337672618534, 0.9739366649650019, 0.7883892524015038)
[7, 8, 8, 2, 7, 3, 8, 2, 2, 10, 5, 6, 3, 5, 6, 9, 6, 6, 6, 9, 10, 10, 2, 3, 10, 10, 9, 2, 4, 2, 6, 2, 4, 5, 1, 2, 10, 6, 7, 3, 9, 4, 5, 9, 8, 8, 2, 1, 10, 4, 7, 9, 10, 7, 2, 1, 2, 5, 4, 3, 9, 1]
(0.9780005744658389, 0.9516058073031223, 0.9640819617547078, 0.20206644957520256, 0.9959280989132796, 1.0, 0.9781020299531499, 0.0, 0.9809639631770531, 0.45793687161379026)
[10, 8, 8, 4, 7, 3, 8, 2, 2, 3, 5, 6, 3, 5, 6, 9, 6, 6, 6, 9, 10, 10, 2, 3, 10, 6, 9, 3, 10, 2, 6, 6, 4, 5, 1, 2, 10, 6, 9, 3, 9, 6, 5, 4, 8, 8, 3, 1, 10, 4, 4, 10, 10, 7, 2, 1, 2, 5, 4, 3, 9, 1]
(0.9774698671884815, 0.9516058073031223, 0.9495553749613451, 0.20206644957520256, 0.9978504178114209, 1.0, 0.9727909152396004, 0.0, 0.986364641319958, 0.45793687161379026)
[9, 8, 8, 4, 7, 3, 8, 2, 2, 10, 5, 6, 3, 5, 6, 9, 6, 6, 6, 9, 10, 10, 2, 3, 10, 10, 9, 2, 4, 2, 6, 6, 4, 5, 1, 2, 10, 6, 9, 3, 9, 6, 5, 4, 8, 8, 3, 1, 10, 4, 4, 9, 10, 7, 2, 1, 2, 5, 4, 3, 9, 1]
(0.9796495896764077, 0.9516058073031223, 0.9654680951498431, 0.20206644957520256, 0.9974347953684604, 1.0, 0.9667860343120974, 0.0, 0.9828809888102092, 0.45793687161379026)
[9, 8, 8, 4, 7, 3, 8, 2, 2, 10, 5, 6, 3, 5, 6, 7, 6, 6, 6, 9, 10, 10, 2, 3, 10, 6, 9, 3, 10, 2, 6, 6, 4, 5, 1, 2, 10, 6, 9, 3, 9, 6, 5, 4, 8, 8, 3, 1, 10, 4, 4, 9, 10, 7, 2, 1, 2, 5, 4, 3, 9, 1]
(0.9755234335549157, 0.9516058073031223, 0.9676725764758867, 0.20206644957520256, 0.9996415342204246, 1.0, 0.955213604401795, 0.0, 0.9822498220019021, 0.45793687161379026)
[9, 8, 8, 4, 7, 3, 8, 2, 2, 10, 5, 6, 3, 5, 6, 9, 6, 6, 6, 9, 10, 10, 2, 3, 10, 6, 9, 3, 10, 2, 6, 6, 4, 5, 1, 2, 10, 6, 9, 3, 9, 6, 5, 4, 8, 8, 3, 1, 10, 4, 4, 9, 10, 7, 2, 1, 2, 5, 4, 3, 9, 1]
(0.9761329059489051, 0.9516058073031223, 0.965973967779426, 0.20206644957520256, 0.999180553387848, 1.0, 0.9723663725890199, 0.0, 0.9810152084566631, 0.45793687161379026)
[9, 8, 8, 4, 1, 3, 4, 2, 2, 10, 5, 6, 3, 5, 6, 5, 8, 6, 4, 9, 9, 6, 4, 3, 10, 10, 9, 2, 4, 2, 6, 6, 4, 10, 8, 2, 10, 6, 9, 5, 9, 6, 5, 6, 8, 8, 5, 1, 10, 9, 4, 9, 10, 7, 2, 1, 2, 5, 4, 3, 8, 1]
(0.9793883868493117, 0.9516058073031223, 0.9503239086829111, 0.20206644957520256, 0.9783935192041079, 0.6774193548387125, 0.9794553189538397, 0.1769569134559331, 0.9792408742941895, 0.6269235027122774)
[9, 8, 8, 4, 1, 3, 4, 2, 2, 10, 5, 6, 3, 5, 6, 5, 8, 6, 4, 9, 9, 6, 4, 3, 10, 10, 9, 2, 4, 2, 6, 6, 4, 10, 8, 2, 10, 6, 9, 5, 9, 6, 5, 6, 8, 8, 5, 1, 10, 9, 4, 9, 10, 7, 2, 1, 2, 5, 4, 3, 8, 1]
(0.9793883868493117, 0.9516058073031223, 0.9503239086829111, 0.20206644957520256, 0.9783935192041079, 0.6774193548387125, 0.9794553189538397, 0.1769569134559331, 0.9792408742941895, 0.6269235027122774)
[9, 8, 8, 4, 4, 3, 8, 2, 2, 10, 5, 6, 1, 4, 6, 9, 8, 6, 7, 9, 10, 10, 1, 3, 8, 10, 9, 3, 4, 2, 6, 6, 4, 5, 1, 6, 10, 6, 3, 3, 9, 4, 5, 9, 8, 8, 3, 1, 10, 4, 4, 9, 10, 7, 2, 1, 2, 5, 4, 3, 9, 1]
(0.9804587122984211, 0.9516058073031223, 0.9726743933744709, 0.20206644957520256, 0.9797999708913244, 0.6774193548387125, 0.9816625201143303, 0.1769569134559331, 0.9775288571603576, 0.6269235027122774)
[9, 8, 8, 4, 1, 3, 4, 2, 2, 10, 5, 6, 3, 5, 6, 5, 8, 6, 4, 9, 9, 6, 4, 3, 10, 10, 9, 2, 4, 2, 6, 6, 4, 10, 8, 2, 10, 6, 9, 5, 9, 6, 5, 6, 8, 8, 5, 1, 10, 9, 4, 9, 10, 7, 2, 1, 2, 5, 4, 3, 8, 1]
(0.9793883868493117, 0.9516058073031223, 0.9503239086829111, 0.20206644957520256, 0.9783935192041079, 0.6774193548387125, 0.9794553189538397, 0.1769569134559331, 0.9792408742941895, 0.6269235027122774)
[3, 4, 8, 5, 7, 7, 6, 10, 7, 10, 4, 5, 8, 8, 10, 4, 9, 1, 5, 9, 10, 6, 4, 10, 1, 9, 3, 4, 10, 7, 6, 4, 4, 5, 5, 6, 5, 7, 9, 7, 8, 4, 8, 3, 4, 5, 3, 4, 10, 4, 4, 1, 5, 5, 4, 1, 2, 1, 1, 6, 10, 1]
(0.9930439795367396, 0.5872929676893848, 0.9769064758904258, 0.0, 0.9747416391037385, 0.6774193548387104, 0.6522758351240484, 0.6522758351240484, 0.979553182888774, 0.7883892524015038)
[3, 4, 8, 5, 7, 7, 6, 10, 7, 10, 4, 5, 8, 8, 10, 4, 9, 1, 5, 9, 10, 6, 4, 10, 1, 9, 3, 4, 10, 7, 6, 4, 4, 5, 5, 6, 5, 7, 9, 7, 8, 4, 8, 3, 4, 5, 3, 4, 10, 4, 4, 1, 5, 5, 4, 1, 2, 1, 1, 6, 10, 1]
(0.9930439795367396, 0.5872929676893848, 0.9769064758904258, 0.0, 0.9747416391037385, 0.6774193548387104, 0.6522758351240484, 0.6522758351240484, 0.979553182888774, 0.7883892524015038)
[3, 4, 8, 5, 7, 8, 6, 10, 7, 10, 4, 6, 8, 8, 9, 7, 4, 3, 5, 9, 7, 6, 4, 10, 1, 10, 3, 4, 10, 7, 6, 4, 4, 5, 5, 6, 5, 7, 9, 7, 8, 4, 8, 3, 4, 5, 3, 4, 10, 4, 4, 1, 8, 5, 4, 1, 2, 1, 1, 6, 10, 1]
(0.9905083370394981, 0.5872929676893848, 0.0, 0.0, 0.9874990540556586, 0.6774193548387104, 0.9723505449481288, 0.6522758351240484, 0.9832340444438138, 0.7883892524015038)
[9, 8, 8, 4, 1, 3, 4, 2, 2, 10, 5, 6, 3, 5, 6, 9, 6, 6, 5, 9, 10, 10, 1, 3, 10, 8, 7, 3, 4, 2, 6, 6, 4, 5, 1, 2, 10, 6, 7, 3, 9, 4, 5, 9, 8, 8, 5, 1, 10, 4, 4, 9, 10, 7, 2, 1, 2, 5, 4, 3, 9, 1]
(0.9778572839684763, 0.9516058073031223, 0.9671765967272203, 0.20206644957520256, 0.9964495607651744, 1.0, 0.981537780445067, 0.0, 0.983025878947226, 0.6269235027122774)
[3, 8, 8, 8, 5, 7, 6, 10, 7, 10, 4, 5, 8, 8, 10, 4, 9, 4, 5, 9, 7, 6, 4, 10, 7, 8, 3, 4, 10, 5, 6, 4, 4, 5, 5, 6, 5, 7, 10, 7, 8, 4, 8, 3, 4, 5, 3, 1, 10, 4, 4, 1, 8, 5, 4, 1, 2, 1, 1, 6, 10, 1]
(0.9931325674988306, 0.5872929676893848, 0.9738878573290983, 0.1800274851122309, 0.980049385782329, 0.6774193548387104, 0.9737068521790189, 0.5910780669144989, 0.9847137861885108, 0.7883892524015038)
[3, 8, 8, 9, 7, 7, 6, 5, 7, 10, 4, 6, 9, 8, 10, 4, 1, 3, 5, 9, 7, 2, 4, 10, 10, 8, 3, 4, 10, 7, 6, 4, 4, 5, 5, 6, 5, 10, 10, 7, 8, 4, 8, 3, 4, 5, 5, 1, 10, 4, 4, 3, 8, 1, 4, 1, 2, 1, 1, 6, 10, 1]
(0.9932694203220285, 0.5872929676893848, 0.9752951576374452, 0.1800274851122309, 0.9801126771606485, 0.6774193548387104, 0.9580836801789686, 0.5910780669144989, 0.9571024917997403, 0.7883892524015038)
[7, 3, 8, 1, 4, 6, 1, 2, 1, 8, 10, 7, 8, 6, 7, 7, 4, 7, 2, 9, 3, 6, 4, 10, 1, 8, 3, 8, 8, 7, 3, 5, 10, 8, 2, 8, 5, 5, 3, 5, 7, 7, 8, 2, 9, 6, 10, 4, 4, 4, 9, 9, 10, 7, 1, 2, 6, 1, 4, 2, 10, 1]
(0.9903455984778679, 0.5872929676893848, 0.9809439265169181, 0.1800274851122309, 0.9716590042225999, 0.6774193548387104, 0.9637330795638247, 0.5910780669144989, 0.9677519985474627, 0.7883892524015038)
[3, 4, 8, 5, 7, 8, 6, 10, 7, 2, 4, 6, 8, 8, 9, 4, 4, 7, 5, 9, 7, 6, 4, 10, 1, 8, 7, 8, 9, 7, 6, 5, 4, 5, 5, 6, 5, 7, 9, 7, 8, 4, 8, 3, 4, 5, 3, 3, 10, 4, 4, 1, 8, 5, 4, 1, 2, 1, 1, 6, 10, 1]
(0.9928642624057806, 0.5872929676893848, 0.9824108085595049, 0.1800274851122309, 0.9874167752452173, 0.6774193548387104, 0.9501747812144443, 0.5910780669144989, 0.9807221355847993, 0.7883892524015038)
[3, 4, 8, 9, 5, 7, 6, 10, 7, 10, 4, 5, 8, 8, 10, 4, 9, 4, 5, 9, 7, 6, 4, 10, 7, 8, 3, 4, 10, 5, 6, 4, 4, 5, 5, 6, 5, 7, 10, 7, 8, 4, 8, 3, 4, 5, 3, 1, 10, 4, 4, 1, 8, 5, 4, 1, 2, 1, 1, 6, 10, 1]
(0.9930058850906766, 0.5872929676893848, 0.9729532414115946, 0.1800274851122309, 0.9797792398370783, 0.6774193548387104, 0.5910780669144989, 0.5910780669144989, 0.9859534992836392, 0.7883892524015038)
[3, 8, 8, 8, 5, 7, 6, 10, 7, 10, 4, 5, 8, 8, 10, 4, 9, 4, 5, 9, 7, 6, 4, 10, 7, 8, 8, 4, 10, 5, 6, 4, 4, 5, 5, 6, 5, 7, 10, 9, 8, 4, 8, 3, 4, 5, 3, 4, 10, 4, 4, 1, 8, 5, 4, 1, 2, 1, 1, 6, 10, 1]
(0.9929053350351728, 0.5872929676893848, 0.9720614065416139, 0.1800274851122309, 0.9853261717595138, 0.6774193548387104, 0.8835488327778871, 0.5910780669144989, 0.9829159467481055, 0.7883892524015038)
[3, 4, 8, 9, 7, 7, 6, 10, 7, 10, 7, 2, 8, 8, 10, 4, 4, 1, 5, 8, 10, 6, 3, 10, 1, 9, 3, 4, 10, 7, 10, 4, 4, 5, 5, 6, 5, 7, 9, 8, 8, 4, 8, 3, 4, 5, 5, 1, 10, 4, 4, 1, 8, 5, 4, 1, 2, 1, 1, 6, 10, 1]
(0.9917536926455772, 0.0, 0.967980240005998, 0.1800274851122309, 0.9867490594275272, 1.0, 0.8630136986301374, 0.8630136986301374, 0.9781225054524819, 0.7883892524015038)
[3, 4, 8, 9, 7, 7, 6, 1, 7, 10, 4, 6, 8, 8, 9, 4, 4, 7, 5, 9, 7, 6, 4, 10, 1, 8, 6, 8, 9, 7, 6, 5, 4, 5, 5, 6, 7, 7, 9, 7, 8, 4, 8, 3, 4, 5, 3, 3, 10, 4, 4, 4, 8, 5, 4, 1, 2, 1, 1, 6, 10, 1]
(0.9935059451498066, 0.5872929676893848, 0.9758808515034596, 0.20206644957520256, 0.9741660838015357, 0.6774193548387104, 0.5910780669144989, 0.5910780669144989, 0.9784529278986137, 0.7883892524015038)
[3, 4, 8, 9, 7, 7, 6, 10, 7, 10, 4, 6, 8, 8, 9, 7, 4, 7, 5, 9, 5, 6, 4, 10, 1, 10, 3, 4, 10, 7, 6, 4, 4, 5, 5, 6, 5, 7, 9, 7, 8, 4, 8, 3, 4, 5, 3, 4, 10, 4, 1, 1, 8, 7, 4, 1, 2, 1, 1, 6, 10, 1]
(0.9909963815472996, 0.5872929676893848, 0.9670646307058614, 0.1800274851122309, 0.9791874810121932, 0.6774193548387104, 0.9821897349320331, 0.6522758351240484, 0.9821974362246672, 0.7883892524015038)
[3, 4, 8, 5, 7, 8, 6, 10, 7, 3, 4, 6, 8, 8, 9, 7, 4, 3, 5, 9, 7, 6, 4, 6, 1, 10, 3, 4, 10, 7, 6, 4, 4, 5, 5, 6, 5, 7, 9, 7, 8, 4, 8, 3, 4, 5, 3, 4, 10, 5, 4, 1, 8, 5, 4, 1, 2, 1, 1, 6, 10, 1]
(0.9878188434056914, 0.5872929676893848, 0.0, 0.1800274851122309, 0.9882533413358009, 0.6774193548387104, 0.8706932694651206, 0.6522758351240484, 0.9841017398051894, 0.7883892524015038)
[3, 4, 8, 9, 7, 7, 6, 2, 2, 10, 4, 6, 8, 10, 9, 4, 10, 7, 5, 9, 5, 6, 7, 10, 1, 8, 3, 8, 9, 7, 3, 5, 10, 8, 2, 8, 4, 4, 3, 10, 7, 7, 7, 2, 9, 6, 10, 4, 4, 4, 4, 1, 8, 5, 4, 1, 2, 1, 1, 6, 10, 1]
(0.9934922275133408, 0.5872929676893848, 0.9811407427303471, 0.1800274851122309, 0.9665679375641031, 0.6774193548387104, 0.0, 0.6522758351240484, 0.9798794099129715, 0.7883892524015038)
[9, 8, 8, 4, 7, 3, 8, 2, 2, 1, 5, 6, 3, 5, 6, 9, 8, 6, 10, 10, 10, 3, 1, 3, 10, 10, 9, 3, 4, 2, 6, 6, 4, 5, 1, 2, 10, 6, 2, 3, 9, 4, 5, 9, 8, 6, 6, 1, 10, 4, 4, 9, 10, 7, 2, 1, 2, 5, 4, 3, 9, 1]
(0.9707012074999494, 0.9516058073031223, 0.9748779534362236, 0.20206644957520256, 0.994034888502208, 1.0, 0.9773205314762871, 0.1769569134559331, 0.9821938219480194, 0.6269235027122774)
[9, 8, 8, 4, 1, 3, 4, 2, 2, 10, 5, 6, 3, 5, 6, 9, 6, 6, 5, 9, 10, 10, 1, 3, 10, 8, 9, 3, 4, 2, 6, 6, 4, 5, 1, 2, 10, 6, 2, 3, 9, 4, 5, 9, 8, 6, 6, 1, 10, 4, 4, 9, 10, 7, 2, 1, 2, 5, 4, 3, 9, 1]
(0.9787132295779863, 0.9516058073031223, 0.9689298343844693, 0.20206644957520256, 0.9946825665421758, 1.0, 0.975770986918358, 0.1769569134559331, 0.9781087928451576, 0.6269235027122774)
[9, 8, 8, 4, 7, 3, 8, 2, 2, 1, 5, 6, 3, 5, 6, 9, 8, 6, 10, 10, 10, 3, 1, 3, 10, 10, 9, 3, 4, 2, 6, 6, 4, 5, 1, 2, 10, 6, 2, 3, 9, 4, 5, 9, 8, 6, 6, 1, 10, 4, 4, 9, 10, 7, 2, 1, 2, 5, 4, 3, 9, 1]
(0.9707012074999494, 0.9516058073031223, 0.9748779534362236, 0.20206644957520256, 0.994034888502208, 1.0, 0.9773205314762871, 0.1769569134559331, 0.9821938219480194, 0.6269235027122774)
[9, 8, 8, 4, 7, 3, 8, 2, 2, 1, 5, 6, 3, 5, 6, 9, 8, 6, 10, 10, 10, 3, 1, 3, 10, 10, 9, 3, 4, 2, 6, 6, 4, 5, 1, 2, 10, 6, 2, 3, 9, 4, 5, 9, 8, 6, 6, 1, 10, 4, 4, 9, 10, 7, 2, 1, 2, 5, 4, 3, 9, 1]
(0.9707012074999494, 0.9516058073031223, 0.9748779534362236, 0.20206644957520256, 0.994034888502208, 1.0, 0.9773205314762871, 0.1769569134559331, 0.9821938219480194, 0.6269235027122774)
[9, 8, 8, 4, 7, 3, 8, 2, 2, 1, 5, 6, 3, 5, 6, 9, 8, 6, 10, 10, 10, 3, 1, 3, 10, 10, 9, 3, 4, 2, 6, 6, 4, 5, 1, 2, 10, 6, 2, 3, 9, 4, 5, 9, 8, 6, 6, 1, 10, 4, 4, 9, 10, 7, 2, 1, 2, 5, 4, 3, 9, 1]
(0.9707012074999494, 0.9516058073031223, 0.9748779534362236, 0.20206644957520256, 0.994034888502208, 1.0, 0.9773205314762871, 0.1769569134559331, 0.9821938219480194, 0.6269235027122774)
[9, 8, 8, 4, 7, 3, 8, 2, 2, 1, 5, 6, 3, 5, 6, 9, 8, 6, 10, 10, 10, 3, 1, 3, 10, 10, 9, 3, 4, 2, 6, 6, 4, 5, 1, 2, 10, 6, 2, 3, 9, 4, 5, 9, 8, 6, 6, 1, 10, 4, 4, 9, 10, 7, 2, 1, 2, 5, 4, 3, 9, 1]
(0.9707012074999494, 0.9516058073031223, 0.9748779534362236, 0.20206644957520256, 0.994034888502208, 1.0, 0.0, 0.1769569134559331, 0.9821938219480194, 0.6269235027122774)
[3, 4, 8, 2, 7, 7, 6, 10, 7, 10, 4, 6, 8, 8, 10, 4, 9, 1, 5, 9, 10, 6, 4, 10, 1, 9, 3, 4, 10, 7, 6, 4, 4, 5, 5, 6, 5, 7, 9, 7, 8, 4, 8, 3, 4, 5, 3, 4, 10, 4, 1, 1, 8, 7, 4, 1, 3, 1, 1, 6, 10, 1]
(0.990499830525366, 0.5872929676893848, 0.9789811394177357, 0.17124893656755122, 0.9938929953612361, 0.9898109246976651, 0.9764375350438038, 0.6522758351240484, 0.9874836617149391, 0.7883892524015038)
[9, 8, 8, 4, 1, 3, 8, 2, 2, 10, 5, 6, 3, 5, 6, 9, 6, 6, 5, 9, 10, 10, 2, 3, 10, 10, 9, 2, 4, 2, 6, 6, 4, 5, 1, 2, 10, 6, 2, 3, 9, 4, 5, 9, 8, 6, 5, 1, 10, 4, 4, 9, 10, 7, 2, 1, 2, 5, 4, 3, 9, 1]
(0.9798701901920118, 0.9516058073031223, 0.9644975715316815, 0.20206644957520256, 0.9924370923079526, 1.0, 0.9819856534711996, 0.40874035989717267, 0.9782324732281246, 0.6269235027122774)
[3, 4, 8, 9, 7, 7, 6, 10, 7, 10, 4, 5, 8, 8, 10, 4, 9, 1, 5, 9, 10, 6, 4, 10, 1, 9, 3, 4, 10, 7, 6, 4, 4, 5, 5, 6, 5, 7, 9, 7, 8, 4, 8, 3, 4, 5, 3, 4, 10, 4, 4, 1, 5, 5, 4, 1, 2, 1, 1, 6, 10, 1]
(0.9925969689153111, 0.5872929676893848, 0.9723143179900924, 0.1800274851122309, 0.9887005540542282, 0.987572648655621, 0.8266409941948962, 0.6522758351240484, 0.9794639932922999, 0.7883892524015038)
[3, 4, 8, 9, 7, 7, 6, 10, 7, 10, 4, 6, 8, 8, 10, 4, 9, 1, 5, 9, 10, 6, 4, 10, 1, 9, 3, 4, 10, 7, 6, 4, 4, 5, 5, 6, 5, 7, 9, 7, 8, 4, 8, 3, 4, 5, 3, 4, 10, 4, 1, 1, 8, 7, 4, 1, 2, 1, 1, 6, 10, 1]
(0.9919018791057146, 0.5872929676893848, 0.9712112539447826, 0.1800274851122309, 0.9902637367136753, 0.9882688318379199, 0.8337302996777003, 0.6522758351240484, 0.9795928322710075, 0.7883892524015038)
[3, 4, 8, 9, 7, 7, 6, 10, 6, 10, 4, 6, 8, 8, 10, 4, 4, 3, 5, 9, 7, 6, 4, 10, 1, 8, 3, 4, 10, 7, 6, 4, 4, 5, 5, 6, 5, 7, 10, 7, 8, 4, 8, 3, 4, 5, 5, 1, 10, 4, 4, 1, 9, 5, 4, 1, 2, 1, 1, 6, 10, 1]
(0.9920749035663879, 0.5872929676893848, 0.9754622316919248, 0.1800274851122309, 0.9900776158086932, 1.0, 0.6522758351240484, 0.6522758351240484, 0.9652221000753325, 0.7883892524015038)
[3, 4, 8, 9, 7, 7, 6, 10, 7, 10, 4, 5, 8, 8, 10, 4, 9, 1, 5, 9, 10, 6, 4, 10, 1, 9, 3, 4, 10, 7, 6, 4, 4, 5, 5, 6, 5, 7, 9, 7, 8, 4, 8, 3, 4, 5, 3, 4, 10, 4, 1, 1, 8, 7, 4, 1, 2, 1, 1, 6, 10, 1]
(0.9931282927282129, 0.5872929676893848, 0.9697618975304049, 0.1800274851122309, 0.9883955224417126, 1.0, 0.8279516779817653, 0.6522758351240484, 0.9804664249531904, 0.7883892524015038)
[3, 8, 8, 4, 7, 3, 5, 2, 2, 10, 5, 6, 3, 5, 6, 9, 3, 6, 7, 9, 10, 10, 1, 3, 10, 10, 9, 3, 4, 2, 6, 6, 4, 5, 1, 6, 10, 6, 3, 3, 9, 4, 5, 9, 8, 8, 5, 1, 10, 4, 4, 9, 10, 7, 3, 1, 2, 5, 4, 3, 9, 1]
(0.9768387700431028, 0.9516058073031223, 0.9632394225336595, 0.20206644957520256, 0.9932328571565425, 1.0, 0.9873787538148441, 0.48258418846654066, 0.9828226287849225, 0.6269235027122774)
[3, 4, 8, 9, 7, 7, 6, 10, 7, 10, 7, 2, 8, 8, 10, 4, 4, 1, 5, 8, 10, 6, 3, 10, 1, 9, 3, 4, 10, 7, 6, 4, 4, 5, 5, 6, 5, 7, 9, 9, 8, 4, 8, 3, 4, 5, 3, 4, 10, 4, 4, 1, 8, 5, 4, 1, 2, 1, 1, 6, 10, 1]
(0.9913094027899183, 0.5872929676893848, 0.9665492269210499, 0.1800274851122309, 0.9952001332305346, 1.0, 0.968978833872823, 0.8630136986301374, 0.9806742086075224, 0.7883892524015038)
[3, 4, 8, 9, 7, 7, 6, 10, 7, 10, 7, 6, 8, 8, 10, 4, 4, 1, 5, 8, 8, 6, 4, 8, 1, 4, 3, 4, 9, 7, 6, 4, 4, 5, 5, 6, 5, 7, 10, 7, 8, 4, 8, 3, 4, 5, 5, 1, 10, 4, 4, 1, 8, 7, 4, 1, 2, 1, 1, 6, 10, 1]
(0.9902946350164689, 0.5872929676893848, 0.9752253203652779, 0.1800274851122309, 0.9947454868815814, 1.0, 0.8630136986301374, 0.8630136986301374, 0.979185230191795, 0.7883892524015038)
