[1, 2, 10, 2, 5, 9, 7, 3, 9, 9, 2, 8, 9, 4, 9, 5, 7, 2, 1, 9, 6, 5, 7, 9, 7, 8, 4, 9, 4, 5, 5, 1, 3, 6, 5, 9, 10, 8, 8, 8, 7, 7, 8, 8, 10, 8, 5, 7, 5, 9, 4, 5, 2, 4, 3, 1, 1, 2, 5, 4, 5, 2]
(1.080705357249822, 0.265626918825986, 1.0589839451946277, 0.5199395199395184, 0.9999999999999956, 0.0, 1.0591182419098872, 0.0, 0.7586499716155279, 0.0)
[3, 2, 2, 4, 9, 10, 9, 9, 1, 6, 1, 3, 9, 2, 10, 6, 4, 9, 1, 7, 5, 5, 10, 7, 7, 10, 5, 4, 4, 1, 6, 8, 1, 10, 7, 7, 4, 8, 8, 8, 7, 6, 8, 8, 10, 9, 6, 10, 7, 6, 8, 6, 10, 5, 1, 1, 1, 2, 1, 4, 4, 2]
(1.0786709346808452, 0.38330675172780576, 1.0560077886097095, 0.5199395199395184, 0.9762428359128494, 0.259259259259259, 0.6771035707555761, 0.2485484591335417, 0.8065644417889376, 0.0)
[3, 2, 2, 4, 9, 10, 9, 9, 1, 6, 1, 3, 9, 2, 10, 6, 4, 9, 1, 7, 5, 5, 10, 7, 7, 10, 5, 4, 4, 1, 6, 8, 1, 10, 7, 7, 4, 8, 8, 8, 7, 6, 8, 8, 10, 9, 6, 10, 7, 6, 8, 6, 10, 5, 1, 1, 1, 2, 1, 4, 4, 2]
(1.0786709346808452, 0.38330675172780576, 1.0560077886097095, 0.5199395199395184, 0.9762428359128494, 0.259259259259259, 0.6771035707555761, 0.2485484591335417, 0.8065644417889376, 0.0)
[3, 2, 2, 4, 9, 10, 9, 9, 1, 6, 1, 3, 9, 2, 10, 6, 4, 9, 1, 7, 5, 5, 10, 7, 7, 10, 5, 4, 4, 1, 6, 8, 1, 10, 7, 7, 4, 8, 8, 8, 7, 6, 8, 8, 10, 9, 6, 10, 7, 6, 8, 6, 10, 5, 1, 1, 1, 2, 1, 4, 4, 2]
(1.0786709346808452, 0.38330675172780576, 1.0560077886097095, 0.5199395199395184, 0.9762428359128494, 0.259259259259259, 0.6771035707555761, 0.2485484591335417, 0.8065644417889376, 0.0)
[3, 2, 2, 4, 9, 10, 9, 9, 1, 6, 1, 3, 9, 2, 10, 6, 4, 9, 1, 7, 5, 5, 10, 7, 7, 10, 5, 4, 4, 1, 6, 8, 1, 10, 7, 7, 4, 8, 8, 8, 7, 6, 8, 8, 10, 9, 6, 10, 7, 6, 8, 6, 10, 5, 1, 1, 1, 2, 1, 4, 4, 2]
(1.0786709346808452, 0.38330675172780576, 1.0560077886097095, 0.5199395199395184, 0.9762428359128494, 0.259259259259259, 0.6771035707555761, 0.2485484591335417, 0.8065644417889376, 0.0)
[7, 6, 8, 4, 5, 8, 7, 3, 9, 5, 8, 4, 10, 8, 7, 7, 4, 1, 9, 9, 6, 7, 3, 3, 10, 8, 4, 9, 9, 4, 2, 5, 10, 8, 3, 4, 8, 2, 10, 8, 8, 6, 4, 8, 5, 7, 8, 5, 10, 8, 7, 5, 9, 10, 2, 6, 5, 2, 2, 6, 8, 2]
(1.0669429226778409, 0.20323217138025013, 1.0712644587270874, 0.35309973045822063, 0.9999999999999956, 0.0, 1.0530152472667358, 0.2888658188424607, 1.051181691978123, 0.6346520228622644)
[6, 9, 6, 3, 5, 4, 7, 10, 7, 5, 1, 9, 3, 4, 7, 1, 7, 5, 5, 10, 6, 10, 8, 7, 6, 4, 4, 7, 8, 8, 6, 9, 8, 8, 9, 10, 8, 2, 10, 7, 4, 3, 8, 8, 8, 6, 8, 10, 7, 2, 2, 7, 6, 10, 2, 6, 5, 2, 2, 6, 8, 2]
(1.0778145386837379, 0.20323217138025013, 1.0754797286353963, 0.21507309827222257, 0.5833333333333327, 0.44931313013657775, 0.0, 0.0, 1.08831418594345, 0.6346520228622644)
[6, 7, 6, 2, 5, 4, 7, 10, 7, 5, 1, 9, 3, 7, 7, 1, 7, 5, 7, 10, 6, 10, 8, 7, 6, 4, 4, 7, 8, 8, 6, 9, 8, 8, 9, 10, 8, 2, 10, 7, 4, 6, 8, 8, 8, 6, 8, 10, 7, 2, 2, 7, 6, 10, 2, 6, 5, 2, 2, 6, 8, 2]
(1.0708245317451615, 0.20323217138025013, 0.0, 0.26732096006219025, 0.9999999999999956, 0.6312985920347319, 0.17707766061648167, 0.0, 0.0, 0.495754180162829)
[6, 7, 6, 2, 5, 4, 7, 10, 7, 5, 1, 2, 3, 7, 7, 1, 7, 5, 7, 10, 6, 10, 8, 7, 6, 4, 4, 7, 8, 8, 6, 9, 8, 8, 9, 10, 9, 2, 10, 7, 6, 6, 8, 8, 8, 6, 8, 10, 7, 2, 2, 7, 6, 10, 2, 6, 5, 2, 2, 6, 8, 2]
(1.0719914319924968, 0.20323217138025013, 1.037883004453029, 0.21507309827222257, 0.5833333333333327, 0.5833333333333327, 0.05434390315785766, 0.1832924547605159, 1.0563166196458003, 0.6346520228622644)
[8, 6, 2, 7, 5, 1, 7, 9, 4, 9, 1, 10, 3, 5, 7, 7, 7, 9, 1, 8, 9, 5, 7, 9, 7, 8, 4, 9, 10, 7, 7, 9, 8, 8, 9, 3, 10, 5, 8, 8, 8, 3, 6, 6, 8, 4, 4, 4, 7, 8, 5, 6, 9, 3, 3, 2, 4, 5, 2, 3, 10, 4]
(1.0689280402846595, 0.20323217138025013, 1.0806512433104174, 0.5199395199395184, 0.7180732953362216, 0.4889192721806499, 0.11097953775897294, 0.0, 1.091870844829823, 0.6346520228622644)
[3, 2, 2, 4, 9, 10, 9, 9, 6, 7, 7, 1, 10, 8, 9, 5, 8, 9, 1, 8, 9, 4, 5, 7, 9, 10, 6, 3, 2, 2, 10, 8, 10, 8, 10, 9, 7, 3, 8, 8, 8, 8, 8, 10, 10, 9, 6, 10, 7, 10, 9, 7, 10, 10, 1, 1, 1, 2, 1, 4, 4, 2]
(1.080558681953694, 0.6881959910913156, 1.0610608681105038, 0.5199395199395184, 1.0638604435138366, 0.0, 1.0553173341788311, 0.2485484591335417, 0.40673705379587677, 0.40673705379587677)
[10, 5, 2, 6, 5, 1, 7, 9, 4, 5, 1, 9, 7, 1, 7, 7, 7, 9, 1, 6, 9, 5, 7, 9, 7, 8, 4, 9, 9, 7, 6, 5, 6, 2, 7, 3, 10, 6, 8, 8, 8, 3, 6, 6, 8, 3, 4, 4, 7, 8, 5, 2, 9, 3, 3, 2, 4, 5, 2, 3, 10, 4]
(1.0606157734058757, 0.20323217138025013, 1.0895075089298143, 0.5199395199395184, 1.077788396645333, 0.41176470588235303, 1.0590909828431865, 0.2888658188424607, 1.0821712800301568, 0.495754180162829)
[8, 5, 2, 6, 7, 1, 7, 9, 4, 5, 2, 2, 7, 1, 7, 5, 7, 9, 3, 6, 9, 5, 7, 9, 7, 8, 4, 9, 9, 7, 6, 5, 6, 7, 3, 7, 10, 4, 8, 8, 8, 3, 6, 6, 8, 3, 5, 6, 7, 8, 5, 6, 9, 3, 3, 2, 4, 5, 2, 3, 10, 4]
(1.0784338497556702, 0.20323217138025013, 1.0801856319419996, 0.1799097508338237, 1.0768976430408612, 0.31818181818181807, 1.0594107578508518, 0.4275835574337311, 1.091230436507608, 0.8816752296434672)
[8, 5, 2, 6, 7, 1, 7, 9, 4, 5, 2, 2, 7, 1, 7, 5, 7, 9, 1, 6, 9, 5, 7, 9, 7, 8, 4, 9, 9, 8, 6, 5, 6, 7, 3, 7, 10, 4, 8, 8, 8, 3, 6, 6, 8, 3, 4, 4, 7, 8, 5, 6, 9, 4, 3, 2, 4, 5, 2, 3, 10, 4]
(0.20323217138025013, 0.20323217138025013, 1.0741325569339055, 0.1799097508338237, 1.0731198527850168, 0.31818181818181807, 0.4275835574337311, 0.4275835574337311, 1.091066372673954, 0.8816752296434672)
[8, 5, 2, 6, 7, 1, 7, 9, 4, 5, 2, 2, 7, 1, 7, 5, 7, 9, 3, 6, 9, 5, 7, 9, 7, 8, 4, 9, 9, 7, 6, 5, 6, 7, 3, 7, 10, 4, 8, 8, 8, 3, 6, 6, 8, 3, 5, 6, 7, 8, 5, 6, 9, 3, 3, 2, 4, 5, 2, 3, 10, 4]
(1.0784338497556702, 0.20323217138025013, 1.0801856319419996, 0.1799097508338237, 1.0768976430408612, 0.31818181818181807, 1.0594107578508518, 0.4275835574337311, 1.091230436507608, 0.8816752296434672)
[3, 2, 2, 4, 9, 10, 9, 9, 6, 4, 7, 1, 10, 1, 7, 10, 7, 6, 1, 6, 9, 4, 5, 9, 9, 10, 6, 3, 7, 5, 10, 8, 10, 8, 8, 9, 3, 8, 8, 10, 8, 4, 8, 8, 9, 9, 6, 10, 7, 2, 8, 8, 10, 4, 1, 1, 1, 2, 5, 4, 4, 2]
(1.080257657449688, 0.6881959910913156, 1.0732341862283605, 0.5199395199395184, 1.0509095524437688, 0.1891891891891891, 0.4374116915278109, 0.0, 1.0545225051231644, 0.6346520228622644)
[8, 5, 2, 6, 5, 1, 7, 9, 4, 5, 2, 2, 7, 1, 7, 5, 7, 9, 1, 6, 9, 5, 7, 9, 7, 8, 4, 9, 9, 8, 6, 5, 6, 7, 3, 7, 10, 4, 8, 8, 8, 3, 6, 6, 8, 3, 4, 4, 7, 8, 5, 6, 9, 3, 3, 2, 4, 5, 2, 3, 10, 4]
(1.0777220108546275, 0.20323217138025013, 1.083073100354518, 0.21507309827222257, 1.0702687113545795, 0.31818181818181807, 0.4275835574337311, 0.4275835574337311, 1.0887300257570998, 0.8816752296434672)
[6, 9, 6, 3, 5, 4, 7, 10, 7, 5, 1, 9, 3, 4, 7, 1, 7, 5, 5, 10, 6, 10, 8, 7, 7, 8, 4, 7, 8, 8, 6, 9, 8, 8, 9, 10, 8, 2, 10, 7, 4, 3, 8, 8, 8, 6, 8, 10, 7, 2, 2, 7, 6, 10, 2, 6, 5, 2, 2, 6, 8, 2]
(1.078670947719361, 0.20323217138025013, 1.0719094921834726, 0.21507309827222257, 1.0679353910498282, 0.9999999999999956, 0.11027942700311315, 0.0, 1.0786118139512795, 0.6346520228622644)
[7, 9, 6, 3, 5, 4, 7, 10, 4, 5, 1, 9, 3, 4, 7, 1, 7, 5, 5, 10, 6, 10, 8, 7, 7, 8, 4, 7, 8, 8, 6, 9, 8, 8, 9, 10, 9, 2, 10, 7, 4, 3, 8, 5, 8, 6, 8, 10, 7, 2, 2, 7, 6, 10, 2, 6, 5, 2, 2, 6, 8, 2]
(1.0691602115519303, 0.20323217138025013, 1.0767227028496522, 0.21507309827222257, 0.9999999999999956, 0.9999999999999956, 1.0603292248211764, 0.0, 1.0772904072888154, 0.6346520228622644)
[6, 9, 6, 3, 5, 4, 7, 10, 4, 5, 1, 9, 3, 4, 7, 1, 7, 5, 5, 10, 6, 10, 8, 7, 7, 8, 4, 7, 8, 8, 6, 9, 8, 8, 9, 10, 9, 2, 10, 7, 4, 3, 8, 5, 8, 6, 8, 10, 7, 2, 2, 7, 6, 10, 2, 6, 5, 2, 2, 6, 8, 2]
(1.0783527963794726, 0.20323217138025013, 1.076351372245695, 0.21507309827222257, 1.0699965375475544, 0.9999999999999956, 1.0643329246900937, 0.0, 1.0783174660988109, 0.6346520228622644)
[6, 9, 6, 1, 4, 4, 7, 10, 4, 5, 1, 9, 3, 4, 7, 1, 7, 5, 5, 10, 6, 10, 8, 7, 7, 8, 4, 7, 8, 8, 6, 9, 8, 8, 9, 10, 8, 2, 10, 7, 6, 6, 8, 8, 8, 6, 8, 10, 7, 2, 2, 7, 6, 10, 2, 6, 5, 2, 2, 6, 8, 2]
(1.0825686433352486, 0.20323217138025013, 1.0829502216540234, 0.21507309827222257, 0.5833333333333327, 0.9999999999999956, 1.0642222288064618, 0.0, 1.067868947144594, 0.6346520228622644)
[6, 9, 6, 1, 5, 4, 7, 10, 4, 5, 1, 9, 3, 4, 7, 1, 7, 5, 5, 10, 6, 10, 8, 7, 7, 8, 4, 7, 8, 8, 6, 9, 8, 8, 9, 10, 9, 2, 10, 7, 4, 3, 8, 5, 8, 6, 8, 10, 7, 2, 2, 7, 6, 10, 2, 6, 5, 2, 2, 6, 8, 2]
(1.0781205044127957, 0.20323217138025013, 1.0759735521860379, 0.21507309827222257, 1.0650849577970762, 0.9999999999999956, 1.0640403953380844, 0.0, 1.0781196239404338, 0.6346520228622644)
[6, 9, 6, 3, 5, 4, 7, 10, 4, 5, 1, 9, 3, 4, 7, 1, 7, 5, 5, 10, 6, 10, 8, 7, 7, 8, 4, 7, 8, 8, 6, 9, 8, 8, 9, 10, 9, 2, 10, 7, 4, 3, 8, 5, 8, 6, 8, 10, 7, 2, 2, 7, 6, 10, 2, 6, 5, 2, 2, 6, 8, 2]
(1.0783527963794726, 0.20323217138025013, 1.076351372245695, 0.21507309827222257, 1.0699965375475544, 0.9999999999999956, 1.0643329246900937, 0.0, 1.0783174660988109, 0.6346520228622644)
[8, 5, 2, 7, 5, 1, 3, 9, 4, 5, 1, 7, 3, 5, 7, 7, 7, 9, 1, 8, 9, 5, 7, 9, 7, 8, 4, 9, 10, 7, 7, 9, 6, 7, 3, 9, 8, 4, 8, 8, 1, 3, 6, 6, 8, 6, 8, 10, 7, 8, 5, 6, 9, 3, 3, 2, 4, 5, 2, 3, 10, 4]
(1.075049780961122, 0.20323217138025013, 1.0806402335874692, 0.21507309827222257, 0.41176470588235303, 0.41176470588235303, 0.6608031504787554, 0.3447955390334577, 0.8816752296434672, 0.8816752296434672)
[3, 2, 2, 4, 9, 10, 9, 5, 6, 4, 7, 1, 10, 1, 9, 5, 6, 9, 1, 8, 9, 5, 7, 3, 9, 10, 8, 3, 7, 1, 10, 8, 7, 8, 8, 9, 3, 8, 8, 10, 8, 4, 1, 8, 10, 9, 6, 10, 7, 8, 8, 6, 10, 4, 1, 1, 1, 2, 1, 4, 4, 2]
(1.0792623284272806, 0.6881959910913156, 1.0661318133585114, 0.5199395199395184, 1.0683710091747303, 0.21874999999999997, 0.0, 0.0, 1.074551317747678, 0.6346520228622644)
[3, 2, 2, 4, 9, 10, 9, 5, 6, 4, 7, 1, 10, 1, 7, 5, 7, 9, 1, 8, 9, 5, 7, 3, 9, 10, 8, 3, 7, 1, 10, 8, 7, 8, 8, 9, 3, 8, 8, 10, 8, 4, 5, 8, 10, 9, 6, 10, 7, 8, 8, 6, 10, 4, 1, 1, 1, 2, 1, 4, 4, 2]
(1.0798727891407862, 0.6881959910913156, 1.0781236140988726, 0.5199395199395184, 1.073395433556284, 0.21874999999999997, 0.36964932000263906, 0.0, 1.078879658039655, 0.6346520228622644)
[3, 2, 2, 4, 9, 10, 9, 5, 6, 4, 7, 1, 10, 1, 7, 5, 7, 9, 1, 8, 9, 5, 7, 3, 9, 10, 8, 3, 7, 1, 10, 8, 7, 8, 8, 9, 3, 8, 8, 10, 8, 4, 5, 8, 10, 9, 6, 10, 7, 8, 8, 9, 10, 4, 1, 1, 1, 2, 1, 4, 4, 2]
(1.0805780190043108, 0.6881959910913156, 1.0743848214857237, 0.5199395199395184, 1.075564807374026, 0.21874999999999997, 1.0701917749829548, 0.0, 1.0827971321530598, 0.6346520228622644)
[1, 2, 10, 2, 5, 9, 7, 3, 9, 9, 2, 8, 9, 4, 9, 5, 7, 2, 1, 8, 9, 4, 7, 9, 7, 1, 4, 9, 4, 5, 6, 5, 6, 10, 7, 3, 10, 7, 8, 8, 8, 7, 8, 9, 10, 8, 5, 7, 5, 9, 4, 5, 2, 4, 3, 1, 1, 2, 5, 4, 5, 2]
(1.0801786188967484, 0.265626918825986, 1.0852058031596201, 0.5199395199395184, 1.0749964595772283, 0.9999999999999956, 1.084204733278598, 0.0, 0.8542670303024349, 0.3448212872191438)
[1, 7, 2, 4, 7, 10, 9, 5, 6, 4, 7, 10, 10, 1, 7, 6, 7, 6, 1, 6, 9, 4, 5, 7, 9, 10, 6, 5, 4, 4, 6, 8, 9, 6, 7, 8, 4, 10, 6, 7, 3, 6, 8, 8, 8, 8, 8, 10, 10, 9, 7, 3, 2, 4, 1, 1, 1, 2, 5, 4, 4, 2]
(1.0814807084388989, 0.6881959910913156, 1.0730625848285813, 0.5199395199395184, 1.0646045980043668, 0.31818181818181807, 0.1580319835804351, 0.0, 1.0851567848585502, 0.6346520228622644)
[1, 7, 2, 4, 9, 10, 9, 5, 6, 4, 7, 10, 10, 1, 7, 6, 7, 6, 1, 6, 9, 4, 5, 7, 9, 10, 6, 3, 7, 2, 6, 8, 9, 6, 6, 8, 4, 10, 6, 7, 3, 6, 8, 8, 8, 8, 8, 10, 10, 9, 7, 3, 2, 4, 1, 1, 1, 2, 5, 4, 4, 2]
(1.0814825338311451, 0.6881959910913156, 1.0733817725442307, 0.5199395199395184, 0.61178664742038, 0.31818181818181807, 1.079104321170594, 0.0, 1.060042283590879, 0.6346520228622644)
[8, 5, 2, 6, 5, 1, 7, 9, 4, 5, 2, 5, 7, 1, 7, 5, 7, 9, 7, 6, 9, 5, 7, 9, 7, 3, 4, 9, 9, 8, 4, 5, 6, 7, 9, 10, 8, 2, 10, 7, 4, 5, 8, 1, 8, 3, 4, 1, 7, 8, 5, 6, 9, 3, 3, 2, 4, 5, 2, 3, 10, 7]
(1.0752916137687818, 0.20323217138025013, 1.0639258378185292, 0.26732096006219025, 0.9879252803511877, 0.5833333333333327, 0.2888658188424607, 0.2888658188424607, 1.0864838032983197, 0.8816752296434672)
[3, 4, 2, 4, 9, 10, 9, 5, 6, 4, 7, 1, 10, 8, 9, 6, 4, 1, 1, 7, 6, 5, 3, 7, 7, 5, 5, 5, 4, 1, 6, 8, 9, 4, 4, 9, 4, 8, 8, 8, 7, 6, 3, 8, 2, 6, 10, 10, 10, 9, 8, 6, 10, 4, 1, 1, 1, 2, 1, 4, 4, 2]
(0.8017184070311535, 0.6881959910913156, 1.0615278498269578, 0.5199395199395184, 1.0593625427223703, 0.21874999999999997, 1.0840723100118295, 0.21704368174726982, 1.080653791222717, 0.5848394092739833)
[6, 9, 6, 3, 5, 4, 7, 10, 7, 5, 1, 9, 7, 4, 7, 1, 7, 8, 5, 10, 6, 6, 8, 7, 6, 4, 4, 7, 8, 8, 6, 10, 8, 8, 9, 10, 8, 2, 10, 7, 4, 3, 8, 8, 8, 6, 8, 10, 7, 2, 2, 7, 6, 10, 2, 6, 5, 2, 2, 6, 8, 2]
(1.069856616016473, 0.20323217138025013, 1.0768907611258285, 0.21507309827222257, 0.5833333333333341, 0.9999999999999956, 0.7620696128346073, 0.19346427950634446, 1.096776327956463, 0.6346520228622644)
[3, 7, 10, 2, 5, 9, 7, 3, 9, 9, 2, 9, 9, 4, 9, 6, 5, 9, 1, 7, 6, 5, 7, 9, 7, 8, 4, 9, 4, 5, 5, 8, 3, 6, 5, 9, 10, 8, 8, 8, 7, 7, 8, 8, 10, 8, 5, 7, 5, 9, 4, 5, 2, 4, 1, 2, 1, 2, 5, 4, 4, 2]
(1.0805675107054369, 0.6881959910913156, 1.0830774406902448, 0.5199395199395184, 0.914582781586792, 0.41176470588235303, 0.16494242390617198, 0.0, 1.0678898199461362, 0.6346520228622644)
[3, 2, 8, 4, 3, 8, 7, 3, 9, 9, 8, 10, 10, 1, 7, 7, 2, 9, 1, 6, 9, 5, 9, 7, 7, 10, 8, 3, 7, 1, 10, 8, 7, 8, 6, 9, 3, 8, 8, 10, 7, 7, 8, 8, 10, 8, 5, 10, 5, 9, 4, 5, 2, 4, 1, 1, 1, 2, 5, 4, 5, 2]
(0.7061617582105149, 0.6881959910913156, 1.0849707740358965, 0.5199395199395184, 0.4657142360694756, 0.41176470588235303, 0.13181630400940328, 0.0, 1.060274982545521, 0.6346520228622644)
[3, 8, 8, 4, 3, 8, 10, 3, 9, 9, 8, 10, 5, 4, 1, 6, 7, 9, 1, 6, 9, 5, 7, 9, 7, 8, 4, 9, 7, 7, 6, 8, 3, 10, 7, 3, 10, 4, 8, 8, 8, 7, 8, 10, 10, 9, 5, 10, 3, 9, 7, 3, 2, 4, 1, 1, 1, 2, 5, 4, 5, 2]
(1.0643154808320063, 0.6881959910913156, 1.0489449462853335, 0.5199395199395184, 0.918375157099213, 0.41176470588235303, 0.0, 0.0, 1.0812207366339819, 0.6346520228622644)
[3, 2, 2, 4, 9, 10, 9, 5, 6, 3, 7, 1, 10, 1, 9, 5, 6, 9, 1, 8, 9, 5, 7, 3, 9, 10, 8, 3, 7, 4, 6, 8, 9, 8, 7, 9, 10, 8, 8, 8, 7, 7, 8, 8, 10, 8, 5, 10, 7, 8, 8, 6, 10, 4, 1, 1, 1, 2, 1, 4, 4, 2]
(1.0843660772778048, 0.6881959910913156, 1.0638334968127268, 0.5199395199395184, 1.0582258217968008, 0.21874999999999997, 0.8994113177992359, 0.19346427950634446, 1.0937288965098515, 0.6346520228622644)
[3, 2, 10, 2, 5, 9, 7, 3, 9, 9, 2, 9, 9, 4, 9, 6, 5, 9, 1, 7, 6, 5, 7, 9, 7, 8, 4, 9, 4, 5, 5, 8, 3, 6, 5, 9, 10, 8, 8, 8, 7, 7, 8, 8, 10, 8, 5, 7, 5, 9, 4, 5, 2, 4, 1, 1, 1, 2, 5, 4, 5, 2]
(1.0784142308868423, 0.265626918825986, 1.0883246243931308, 0.5199395199395184, 1.0792734050191894, 0.9999999999999956, 0.04638503743335371, 0.0, 1.0632799440063496, 0.495754180162829)
[1, 2, 10, 2, 5, 9, 7, 3, 9, 9, 2, 8, 9, 4, 9, 6, 5, 9, 1, 7, 6, 5, 7, 9, 7, 1, 4, 9, 4, 5, 6, 5, 6, 10, 7, 3, 10, 4, 8, 8, 8, 7, 8, 9, 10, 8, 5, 7, 5, 9, 4, 5, 2, 4, 1, 1, 1, 2, 5, 4, 5, 2]
(1.0838810156099454, 0.6881959910913156, 1.0913206723518625, 0.5199395199395184, 1.0815154834650413, 0.5833333333333327, 0.47818323625252157, 0.0, 1.0601980869658252, 0.495754180162829)
[8, 5, 2, 7, 5, 1, 7, 9, 4, 5, 1, 9, 3, 5, 7, 7, 7, 9, 1, 6, 9, 5, 7, 9, 7, 8, 4, 9, 10, 7, 6, 9, 8, 8, 9, 3, 10, 5, 8, 8, 8, 3, 6, 6, 8, 3, 4, 4, 7, 8, 5, 4, 9, 3, 3, 2, 4, 5, 2, 3, 10, 4]
(1.067790365498509, 0.20323217138025013, 1.0914716071449175, 0.5199395199395184, 1.075678102765228, 0.41176470588235303, 0.7006985378451693, 0.2888658188424607, 1.0822794455103533, 0.8816752296434672)
[8, 5, 2, 6, 5, 1, 7, 9, 4, 5, 1, 9, 7, 1, 7, 7, 7, 9, 1, 6, 9, 5, 7, 9, 7, 8, 4, 9, 10, 7, 6, 5, 6, 7, 3, 3, 10, 4, 8, 8, 8, 3, 6, 6, 8, 3, 4, 4, 7, 8, 5, 6, 9, 3, 3, 2, 4, 5, 2, 3, 10, 4]
(1.0650725244544406, 0.20323217138025013, 1.0874965255148665, 0.5199395199395184, 0.43464819630608065, 0.41176470588235303, 0.9689632122404834, 0.2888658188424607, 1.0783586894161956, 0.8816752296434672)
[3, 8, 8, 4, 3, 8, 10, 3, 9, 9, 8, 10, 5, 4, 1, 6, 7, 9, 1, 6, 9, 4, 5, 7, 9, 10, 6, 3, 2, 2, 10, 8, 3, 10, 7, 3, 10, 4, 8, 8, 8, 7, 8, 10, 10, 9, 5, 10, 3, 9, 7, 3, 2, 4, 3, 1, 1, 2, 5, 4, 5, 2]
(1.0182659604586621, 0.6881959910913156, 1.0637834670953412, 0.5199395199395184, 1.0103858961723704, 0.5833333333333327, 0.7192169602029075, 0.0, 1.0731562505476135, 0.5786083773709885)
[3, 2, 2, 4, 9, 10, 9, 9, 6, 7, 7, 1, 10, 8, 9, 5, 1, 9, 1, 8, 9, 4, 5, 7, 9, 10, 6, 3, 2, 2, 10, 8, 10, 8, 10, 9, 7, 3, 8, 10, 8, 4, 5, 8, 10, 9, 6, 10, 7, 8, 8, 7, 10, 10, 1, 1, 1, 2, 1, 4, 4, 2]
(1.0814913743175523, 0.6881959910913156, 1.0776888211257711, 0.5199395199395184, 1.0685785512439867, 0.259259259259259, 1.071004148107018, 0.2888658188424607, 1.0819415218196766, 0.6346520228622644)
[3, 2, 2, 2, 10, 10, 9, 5, 6, 4, 7, 10, 10, 1, 7, 6, 4, 6, 1, 6, 9, 4, 5, 7, 9, 10, 6, 3, 2, 2, 10, 8, 10, 4, 10, 9, 7, 10, 8, 9, 8, 4, 5, 8, 10, 9, 6, 10, 7, 8, 8, 7, 10, 10, 1, 1, 1, 2, 1, 4, 4, 2]
(1.081693159881975, 0.6881959910913156, 1.0765131994150536, 0.5199395199395184, 1.0825897137634413, 0.21874999999999997, 1.0726487671025056, 0.3447955390334577, 0.6346520228622644, 0.6346520228622644)
[7, 6, 2, 4, 3, 8, 7, 3, 9, 9, 8, 10, 1, 1, 8, 7, 7, 9, 1, 6, 9, 5, 7, 7, 7, 8, 6, 9, 9, 6, 6, 5, 6, 10, 7, 3, 10, 4, 8, 8, 8, 7, 8, 7, 5, 8, 8, 3, 10, 4, 7, 6, 10, 10, 2, 6, 5, 2, 2, 6, 8, 2]
(1.0570253578014632, 0.38330675172780576, 0.5199395199395184, 0.5199395199395184, 1.058909066114571, 0.5833333333333327, 0.7440611929632771, 0.2888658188424607, 0.7983895604498733, 0.6346520228622644)
[1, 7, 2, 4, 9, 10, 9, 5, 6, 4, 7, 10, 10, 1, 7, 6, 7, 6, 1, 6, 9, 4, 5, 7, 9, 10, 6, 3, 7, 2, 6, 8, 9, 6, 6, 8, 7, 3, 6, 7, 10, 10, 8, 5, 10, 7, 5, 5, 10, 4, 7, 4, 6, 4, 1, 1, 1, 2, 5, 4, 4, 2]
(1.0825585252605334, 0.6881959910913156, 1.0737590904347556, 0.5199395199395184, 1.0645763549022336, 0.5833333333333327, 1.0649258616380353, 0.0, 1.0516903323121332, 0.6346520228622644)
[1, 8, 2, 4, 9, 10, 9, 5, 6, 6, 9, 10, 10, 1, 7, 5, 7, 9, 1, 8, 9, 5, 7, 3, 8, 10, 5, 4, 1, 2, 4, 9, 10, 8, 5, 8, 4, 8, 6, 1, 3, 6, 8, 8, 10, 7, 5, 5, 10, 9, 7, 8, 6, 4, 1, 1, 1, 2, 5, 4, 4, 2]
(1.0827737913466946, 0.6881959910913156, 1.0775277777574914, 0.5199395199395184, 1.0687721555121201, 0.5833333333333327, 1.0691488015465396, 0.0, 1.0657141690142413, 0.6346520228622644)
[3, 2, 2, 2, 5, 1, 9, 9, 6, 7, 7, 1, 10, 8, 9, 5, 1, 9, 1, 8, 9, 4, 5, 7, 9, 10, 6, 3, 2, 2, 10, 8, 10, 4, 10, 9, 7, 3, 8, 9, 8, 4, 5, 8, 10, 9, 6, 10, 7, 8, 8, 7, 10, 10, 1, 1, 1, 2, 1, 4, 4, 2]
(0.6881959910913156, 0.6881959910913156, 1.074117841105904, 0.5199395199395184, 0.4277118078432944, 0.259259259259259, 0.4278024072758902, 0.3447955390334577, 1.0722549791447777, 0.6346520228622644)
[3, 6, 2, 2, 3, 8, 7, 3, 9, 9, 8, 10, 5, 1, 7, 7, 7, 9, 1, 6, 9, 5, 7, 9, 7, 8, 4, 9, 9, 7, 6, 8, 6, 10, 7, 3, 10, 4, 8, 8, 8, 7, 1, 10, 6, 8, 8, 3, 10, 4, 7, 5, 10, 10, 2, 6, 5, 2, 2, 6, 8, 2]
(0.4494033898226907, 0.34983017952450224, 0.35309973045822063, 0.5199395199395184, 0.8577479477040467, 0.9999999999999956, 0.6554521300829969, 0.0, 0.5848394092739833, 0.5848394092739833)
[8, 5, 2, 7, 5, 1, 7, 9, 4, 5, 1, 9, 3, 5, 7, 7, 7, 9, 1, 6, 9, 5, 7, 9, 7, 8, 4, 9, 10, 7, 6, 9, 8, 8, 9, 3, 10, 2, 10, 7, 4, 3, 8, 8, 8, 6, 8, 10, 7, 2, 5, 6, 9, 3, 3, 2, 4, 5, 2, 3, 10, 4]
(1.0749563696794169, 0.20323217138025013, 1.084249161276962, 0.5199395199395184, 0.5833333333333327, 0.5833333333333327, 0.7182252640835991, 0.2888658188424607, 1.076831649895753, 0.8816752296434672)
[3, 2, 2, 4, 9, 10, 9, 9, 6, 7, 7, 1, 10, 8, 8, 5, 1, 9, 1, 8, 5, 4, 5, 7, 8, 7, 5, 5, 2, 4, 6, 10, 7, 8, 8, 7, 9, 8, 8, 6, 8, 4, 5, 8, 10, 9, 6, 5, 7, 8, 8, 7, 10, 10, 1, 1, 1, 2, 1, 4, 4, 2]
(1.082880844455208, 0.6881959910913156, 1.0764245235361116, 0.5199395199395184, 1.0714276215992826, 0.259259259259259, 0.5040895733050991, 0.4275835574337311, 1.0768020668066995, 0.6346520228622644)
[3, 7, 5, 1, 5, 9, 10, 1, 6, 2, 7, 1, 8, 1, 7, 7, 4, 8, 1, 6, 2, 5, 3, 7, 10, 10, 5, 2, 4, 4, 6, 8, 9, 8, 7, 7, 4, 8, 8, 8, 7, 6, 8, 6, 2, 3, 10, 10, 10, 9, 7, 5, 2, 4, 1, 1, 1, 2, 5, 4, 4, 2]
(1.0653850638307591, 0.38330675172780576, 1.0791792062111156, 0.5199395199395184, 1.0757042062468785, 0.9999999999999956, 1.075224405620243, 0.0, 1.0515347464941405, 0.6346520228622644)
[1, 8, 2, 4, 9, 10, 9, 5, 6, 6, 7, 10, 10, 1, 7, 5, 7, 9, 1, 8, 9, 5, 7, 3, 8, 10, 5, 4, 1, 2, 10, 9, 10, 8, 5, 8, 4, 8, 9, 7, 3, 6, 5, 8, 10, 9, 6, 10, 5, 9, 4, 8, 2, 4, 1, 1, 1, 2, 5, 4, 3, 2]
(0.34983017952450224, 0.34983017952450224, 1.074697595555331, 0.5199395199395184, 0.5033757698722172, 0.0, 0.8226164079822621, 0.8226164079822621, 0.8816752296434672, 0.8816752296434672)
[1, 8, 2, 4, 9, 10, 9, 5, 6, 6, 7, 10, 10, 1, 7, 5, 7, 9, 1, 8, 9, 5, 7, 3, 8, 10, 5, 4, 1, 2, 10, 9, 10, 8, 5, 8, 4, 8, 9, 7, 3, 6, 5, 8, 10, 9, 6, 10, 5, 9, 4, 8, 2, 4, 1, 1, 1, 2, 5, 4, 3, 2]
(0.34983017952450224, 0.34983017952450224, 1.074697595555331, 0.5199395199395184, 0.5033757698722172, 0.0, 0.8226164079822621, 0.8226164079822621, 0.8816752296434672, 0.8816752296434672)
[1, 8, 2, 4, 9, 10, 9, 5, 6, 6, 7, 10, 10, 1, 7, 5, 7, 9, 1, 8, 9, 5, 7, 3, 8, 10, 5, 4, 1, 2, 10, 9, 10, 8, 5, 8, 4, 8, 9, 7, 3, 6, 5, 8, 10, 9, 6, 10, 5, 9, 4, 8, 2, 4, 1, 1, 1, 2, 5, 4, 3, 2]
(0.34983017952450224, 0.34983017952450224, 1.074697595555331, 0.5199395199395184, 0.5033757698722172, 0.0, 0.8226164079822621, 0.8226164079822621, 0.8816752296434672, 0.8816752296434672)
[1, 8, 2, 4, 9, 10, 9, 5, 6, 6, 7, 10, 10, 1, 7, 5, 7, 9, 1, 8, 9, 5, 7, 3, 8, 10, 5, 4, 1, 2, 10, 9, 10, 8, 5, 8, 4, 8, 9, 7, 3, 6, 5, 8, 10, 9, 6, 10, 5, 9, 4, 8, 2, 4, 1, 1, 1, 2, 5, 4, 3, 2]
(0.34983017952450224, 0.34983017952450224, 1.074697595555331, 0.5199395199395184, 0.5033757698722172, 0.0, 0.8226164079822621, 0.8226164079822621, 0.8816752296434672, 0.8816752296434672)
[7, 6, 2, 4, 3, 9, 7, 3, 9, 9, 8, 7, 5, 1, 7, 7, 7, 9, 1, 6, 9, 5, 7, 9, 7, 3, 4, 9, 9, 7, 6, 8, 6, 10, 7, 3, 10, 4, 8, 8, 8, 6, 8, 10, 3, 8, 8, 3, 10, 4, 7, 5, 10, 10, 2, 6, 5, 2, 2, 6, 8, 2]
(0.9627716415561693, 0.5872929676893832, 1.0682945202104706, 0.5199395199395184, 1.0726522534154315, 0.9999999999999956, 0.0, 0.0, 0.982150213699784, 0.5848394092739833)
[1, 2, 10, 2, 5, 9, 7, 3, 9, 9, 2, 8, 9, 4, 9, 6, 5, 9, 1, 7, 6, 5, 7, 9, 7, 1, 4, 9, 4, 5, 6, 5, 6, 10, 7, 3, 10, 4, 8, 8, 8, 7, 8, 9, 10, 8, 5, 7, 5, 9, 4, 5, 2, 4, 1, 1, 1, 2, 5, 4, 5, 2]
(1.0838810156099454, 0.6881959910913156, 1.0913206723518625, 0.5199395199395184, 1.0815154834650413, 0.9999999999999956, 0.47818323625252157, 0.0, 1.0601980869658252, 0.495754180162829)
[1, 2, 10, 2, 5, 10, 9, 5, 6, 6, 7, 10, 10, 1, 7, 5, 7, 9, 1, 8, 9, 5, 7, 3, 8, 10, 5, 10, 1, 2, 10, 8, 10, 8, 5, 8, 4, 8, 9, 7, 3, 6, 8, 8, 8, 8, 8, 10, 10, 9, 7, 3, 2, 4, 1, 1, 1, 2, 5, 4, 4, 2]
(1.0804789532907264, 0.6881959910913156, 1.0703331141732593, 0.5199395199395184, 1.0600464784540198, 0.31818181818181807, 1.0594730095006486, 0.5626895854398397, 1.0780544224195139, 0.6346520228622644)
[1, 2, 10, 2, 5, 9, 7, 3, 9, 9, 2, 8, 9, 4, 9, 6, 5, 9, 1, 7, 6, 5, 7, 9, 7, 10, 5, 5, 4, 5, 6, 5, 6, 10, 7, 3, 10, 4, 8, 8, 8, 7, 8, 9, 10, 8, 5, 7, 5, 9, 4, 5, 2, 4, 1, 1, 1, 2, 5, 4, 5, 2]
(1.080543750617649, 0.6881959910913156, 1.0912169781513466, 0.5199395199395184, 1.0741940225474493, 0.9999999999999956, 0.5072747427038884, 0.0, 0.7583900625817527, 0.5848394092739833)
[3, 8, 8, 4, 3, 8, 10, 3, 9, 9, 8, 10, 5, 4, 1, 6, 7, 9, 1, 8, 9, 5, 7, 9, 7, 8, 4, 9, 7, 7, 6, 8, 3, 10, 7, 3, 10, 4, 8, 8, 8, 7, 8, 10, 5, 9, 2, 7, 3, 9, 6, 3, 2, 4, 1, 1, 1, 2, 5, 4, 5, 2]
(1.0575376051478047, 0.6881959910913156, 0.9251493246294518, 0.5199395199395184, 0.9999999999999956, 0.9999999999999956, 1.03891017856076, 0.0, 1.059129910822954, 0.6346520228622644)
[7, 6, 7, 4, 3, 4, 7, 3, 9, 9, 8, 10, 5, 4, 9, 6, 7, 9, 1, 6, 9, 5, 7, 9, 7, 8, 4, 9, 9, 6, 6, 5, 6, 10, 7, 3, 9, 4, 8, 8, 8, 7, 8, 7, 10, 8, 8, 3, 10, 4, 7, 6, 10, 10, 2, 6, 5, 2, 2, 6, 8, 2]
(0.38330675172780576, 0.6881959910913156, 0.7483085461892236, 0.5199395199395184, 1.0538998886011504, 0.9999999999999956, 1.0619413007982035, 0.0, 0.6346520228622644, 0.6346520228622644)
[1, 7, 3, 2, 6, 8, 10, 1, 4, 7, 7, 7, 9, 4, 10, 5, 7, 9, 1, 7, 5, 5, 10, 7, 7, 10, 5, 5, 4, 4, 6, 10, 7, 8, 7, 7, 9, 8, 8, 8, 7, 7, 8, 8, 8, 2, 8, 8, 10, 9, 7, 5, 2, 4, 1, 1, 1, 2, 5, 4, 4, 2]
(1.0736288703046697, 0.6881959910913156, 1.0569505917839666, 0.5199395199395184, 1.066015088651325, 0.9999999999999956, 1.0735223296098368, 0.0, 0.6808232613839258, 0.6346520228622644)
[1, 7, 2, 4, 9, 10, 9, 5, 6, 4, 7, 5, 10, 7, 7, 5, 7, 9, 1, 8, 9, 4, 7, 3, 8, 7, 5, 4, 4, 4, 6, 8, 5, 3, 6, 9, 4, 2, 6, 7, 10, 6, 8, 6, 10, 7, 5, 5, 10, 9, 7, 8, 6, 4, 1, 1, 1, 2, 5, 4, 4, 2]
(1.0812032415531534, 0.6881959910913156, 1.0640429004095455, 0.5199395199395184, 1.06167355375364, 0.31818181818181807, 0.7710798482410659, 0.71272459449247, 1.0812980561517136, 0.6346520228622644)
[1, 8, 9, 4, 9, 10, 9, 5, 6, 6, 7, 10, 10, 1, 7, 5, 7, 9, 1, 8, 9, 5, 7, 3, 8, 10, 5, 4, 1, 2, 10, 8, 10, 8, 5, 9, 4, 2, 6, 7, 3, 6, 8, 8, 8, 8, 8, 10, 10, 9, 7, 3, 2, 4, 1, 1, 1, 2, 5, 4, 4, 2]
(1.0781552239321128, 0.6881959910913156, 1.0624960773624441, 0.5199395199395184, 1.0586896411143203, 0.31818181818181807, 0.7429906542056057, 0.7429906542056057, 1.0664717552252074, 0.6346520228622644)
[1, 8, 9, 4, 9, 10, 9, 5, 6, 6, 7, 10, 10, 1, 7, 5, 7, 9, 1, 8, 9, 8, 7, 3, 8, 10, 5, 9, 4, 2, 10, 8, 10, 8, 5, 9, 4, 2, 6, 7, 3, 6, 8, 8, 8, 8, 8, 10, 10, 9, 7, 3, 2, 4, 1, 1, 1, 2, 5, 4, 4, 2]
(1.0825254448689476, 0.6881959910913156, 1.0664511769078633, 0.5199395199395184, 0.0, 0.31818181818181807, 0.7429906542056057, 0.7429906542056057, 1.0712949999608057, 0.6346520228622644)
[1, 7, 2, 4, 9, 10, 9, 5, 2, 5, 7, 5, 10, 7, 7, 6, 7, 9, 1, 8, 9, 9, 7, 3, 8, 7, 5, 5, 4, 4, 6, 8, 9, 8, 6, 9, 4, 2, 6, 7, 10, 6, 8, 6, 10, 7, 5, 5, 10, 9, 7, 8, 6, 4, 1, 1, 1, 2, 5, 4, 4, 2]
(1.08511934401467, 0.6881959910913156, 1.0654558219946881, 0.5199395199395184, 0.6554404995404232, 0.1891891891891891, 0.8847376788553176, 0.8847376788553176, 1.0676215763203758, 0.6346520228622644)
[3, 2, 2, 2, 5, 1, 9, 9, 6, 7, 7, 1, 10, 8, 9, 5, 1, 9, 1, 8, 9, 4, 5, 7, 7, 10, 6, 3, 7, 2, 6, 8, 9, 6, 6, 8, 7, 3, 8, 9, 8, 4, 5, 8, 10, 9, 6, 10, 7, 8, 8, 7, 10, 10, 1, 1, 1, 2, 1, 4, 4, 2]
(1.0816990735940593, 0.6881959910913156, 1.0774803397245662, 0.5199395199395184, 1.0707137272693175, 0.259259259259259, 1.0358777566812898, 0.8226164079822621, 1.0685551623813767, 0.6346520228622644)
[7, 6, 2, 4, 3, 8, 7, 3, 9, 9, 8, 10, 1, 1, 8, 7, 7, 9, 1, 6, 9, 5, 7, 9, 7, 8, 6, 9, 9, 6, 6, 5, 6, 10, 7, 3, 10, 4, 8, 8, 8, 7, 8, 9, 5, 9, 8, 3, 10, 4, 7, 5, 10, 10, 2, 6, 5, 2, 2, 6, 8, 2]
(1.0548683873377702, 0.6881959910913156, 1.0651656013913413, 0.36579037932678443, 1.0580906114540956, 0.9999999999999956, 1.0555638696066998, 0.0, 0.8816752296434672, 0.8816752296434672)
[7, 6, 7, 4, 3, 4, 7, 3, 9, 9, 8, 10, 5, 4, 9, 6, 7, 9, 1, 6, 9, 5, 7, 9, 7, 8, 4, 9, 9, 6, 6, 5, 6, 10, 7, 3, 9, 4, 8, 8, 8, 7, 8, 7, 5, 8, 8, 3, 10, 4, 7, 6, 10, 10, 2, 6, 5, 2, 2, 6, 8, 2]
(0.6881959910913156, 0.38330675172780576, 1.0618909201584716, 0.5199395199395184, 1.0442757408134606, 0.9999999999999956, 0.5262389761395747, 0.4275835574337311, 1.063596518803384, 0.6346520228622644)
[3, 2, 8, 2, 3, 8, 7, 3, 8, 9, 8, 10, 10, 1, 7, 6, 7, 9, 1, 6, 9, 5, 9, 7, 7, 10, 5, 5, 4, 4, 6, 8, 9, 8, 7, 7, 4, 7, 8, 10, 8, 4, 5, 8, 10, 9, 6, 10, 5, 9, 4, 8, 2, 4, 1, 1, 1, 2, 5, 4, 5, 2]
(1.08141805240884, 0.5872929676893832, 1.0903910265304102, 0.5199395199395184, 1.068146314378824, 0.41176470588235303, 0.9932678856886882, 0.8226164079822621, 1.0685431462712547, 0.6346520228622644)
[1, 7, 2, 9, 9, 10, 9, 5, 6, 4, 2, 10, 10, 1, 7, 5, 7, 9, 1, 8, 9, 5, 7, 9, 10, 10, 5, 8, 1, 4, 4, 8, 9, 6, 6, 8, 4, 8, 9, 7, 3, 6, 5, 8, 10, 9, 6, 10, 5, 9, 4, 8, 2, 4, 1, 1, 1, 2, 5, 4, 3, 1]
(1.079363734181966, 0.6881959910913156, 1.0868768333457368, 0.5199395199395184, 0.8911136175505788, 0.31818181818181807, 0.5626895854398397, 0.8226164079822621, 1.0674669082276482, 0.6346520228622644)
[1, 7, 2, 4, 9, 10, 9, 5, 6, 4, 7, 10, 10, 1, 7, 5, 7, 9, 1, 8, 9, 5, 7, 3, 8, 10, 5, 4, 1, 4, 6, 8, 9, 6, 6, 8, 4, 8, 6, 7, 3, 6, 8, 8, 8, 8, 8, 10, 10, 9, 7, 3, 2, 4, 1, 1, 1, 2, 5, 4, 4, 2]
(1.078462851513173, 0.6881959910913156, 1.074721963983025, 0.5199395199395184, 1.0617122112773318, 0.31818181818181807, 1.0550051177851818, 0.8226164079822621, 1.066527456510808, 0.6346520228622644)
[7, 6, 2, 4, 3, 8, 7, 3, 9, 9, 8, 10, 1, 1, 7, 1, 7, 9, 1, 6, 9, 5, 7, 9, 7, 8, 10, 9, 9, 6, 6, 5, 2, 10, 9, 3, 9, 4, 8, 8, 8, 7, 8, 7, 5, 8, 8, 3, 10, 4, 7, 5, 10, 10, 2, 6, 5, 2, 2, 6, 8, 2]
(0.42516675824299094, 0.5872929676893832, 1.0580386065877936, 0.5199395199395184, 1.0614646279253028, 0.9999999999999956, 1.044084115419533, 0.0, 0.883550130669025, 0.8816752296434672)
[7, 6, 7, 4, 3, 4, 7, 3, 9, 9, 8, 10, 5, 4, 9, 6, 8, 9, 1, 6, 9, 5, 7, 9, 7, 8, 2, 9, 7, 7, 6, 8, 3, 10, 7, 3, 9, 4, 8, 8, 8, 7, 10, 7, 5, 8, 8, 3, 9, 4, 7, 6, 10, 10, 2, 6, 5, 2, 2, 6, 8, 2]
(0.7325439455919017, 0.5872929676893832, 1.0640361725352665, 0.5199395199395184, 0.9999999999999956, 0.9999999999999956, 0.4963596166111515, 0.36955104181542825, 1.0673007142730018, 0.5848394092739833)
[7, 6, 7, 4, 3, 4, 7, 3, 9, 9, 8, 10, 5, 4, 9, 6, 7, 9, 1, 6, 9, 5, 7, 9, 7, 8, 4, 9, 9, 6, 6, 8, 3, 10, 7, 3, 9, 4, 8, 8, 7, 7, 10, 7, 5, 8, 8, 3, 10, 4, 7, 6, 10, 10, 2, 6, 5, 2, 2, 6, 8, 2]
(0.6881959910913156, 0.4877017081715157, 0.5199395199395184, 0.5199395199395184, 0.9999999999999956, 0.9999999999999956, 0.4275835574337311, 0.4275835574337311, 0.6346520228622644, 0.6346520228622644)
[1, 8, 2, 4, 9, 10, 9, 5, 6, 6, 7, 10, 10, 1, 7, 5, 7, 9, 1, 8, 9, 5, 7, 3, 8, 10, 5, 4, 1, 2, 10, 8, 10, 8, 5, 8, 4, 8, 9, 7, 3, 6, 8, 8, 8, 8, 8, 10, 10, 9, 7, 3, 2, 4, 1, 1, 1, 2, 5, 4, 4, 2]
(1.0810547710396305, 0.6881959910913156, 1.0759723576717037, 0.5199395199395184, 1.063690238352861, 0.41176470588235303, 0.8226164079822621, 0.8226164079822621, 0.6346520228622644, 0.6346520228622644)
[1, 8, 2, 4, 9, 10, 9, 5, 6, 6, 7, 10, 10, 1, 7, 5, 7, 9, 1, 8, 9, 5, 7, 3, 8, 10, 5, 4, 1, 2, 10, 8, 10, 8, 5, 8, 4, 8, 9, 7, 3, 6, 8, 8, 8, 8, 8, 10, 10, 9, 7, 3, 2, 4, 1, 1, 1, 2, 5, 4, 4, 2]
(1.0810547710396305, 0.6881959910913156, 1.0759723576717037, 0.5199395199395184, 1.063690238352861, 0.41176470588235303, 0.8226164079822621, 0.8226164079822621, 0.6346520228622644, 0.6346520228622644)
[3, 10, 2, 4, 9, 10, 9, 5, 6, 6, 7, 10, 10, 1, 7, 5, 7, 9, 1, 8, 9, 5, 7, 3, 8, 10, 5, 4, 1, 2, 10, 8, 10, 8, 5, 8, 4, 8, 9, 7, 3, 7, 8, 8, 10, 8, 5, 10, 5, 9, 4, 5, 2, 4, 1, 1, 1, 2, 5, 4, 5, 2]
(1.0840580810792702, 0.34983017952450224, 1.0778762414120096, 0.5199395199395184, 0.8613159154541751, 0.5833333333333327, 1.061833496671166, 0.7429906542056057, 0.8816752296434672, 0.8816752296434672)
[7, 6, 7, 4, 3, 4, 7, 3, 9, 9, 8, 10, 5, 4, 9, 6, 7, 9, 1, 6, 9, 5, 7, 9, 7, 8, 4, 9, 9, 6, 6, 5, 6, 10, 7, 3, 9, 4, 8, 8, 8, 7, 8, 7, 5, 8, 8, 3, 10, 4, 7, 6, 10, 10, 2, 6, 5, 2, 2, 6, 8, 2]
(0.6881959910913156, 0.38330675172780576, 1.0618909201584716, 0.5199395199395184, 1.0442757408134606, 0.9999999999999956, 0.5262389761395747, 0.5626895854398397, 1.063596518803384, 0.6346520228622644)
[7, 6, 7, 4, 3, 4, 7, 3, 9, 9, 8, 10, 5, 4, 9, 6, 7, 9, 1, 6, 9, 5, 7, 9, 7, 8, 4, 9, 9, 6, 6, 5, 6, 10, 7, 3, 9, 4, 8, 8, 8, 7, 8, 7, 5, 8, 8, 3, 10, 4, 7, 6, 10, 10, 2, 6, 5, 2, 2, 6, 8, 2]
(0.6881959910913156, 0.38330675172780576, 1.0618909201584716, 0.5199395199395184, 1.0442757408134606, 0.9999999999999956, 0.5262389761395747, 0.5626895854398397, 1.063596518803384, 0.6346520228622644)
[7, 6, 2, 4, 3, 8, 7, 3, 9, 9, 8, 10, 1, 1, 7, 1, 7, 9, 1, 6, 9, 5, 7, 9, 7, 7, 6, 9, 9, 6, 6, 5, 6, 10, 7, 3, 10, 4, 8, 8, 8, 7, 8, 9, 5, 9, 8, 3, 10, 4, 7, 5, 10, 10, 2, 6, 5, 2, 2, 6, 8, 2]
(0.6881959910913156, 0.6881959910913156, 0.5199395199395184, 0.35309973045822063, 1.0644631552509922, 0.9999999999999956, 1.0466789771802687, 0.4275835574337311, 1.0488291976042057, 0.6346520228622644)
[7, 6, 2, 4, 3, 8, 7, 3, 9, 9, 8, 10, 1, 1, 7, 1, 7, 9, 1, 6, 9, 5, 7, 9, 7, 7, 6, 9, 9, 6, 6, 5, 6, 10, 7, 3, 10, 4, 8, 8, 8, 7, 8, 9, 5, 9, 8, 3, 10, 4, 7, 5, 10, 10, 2, 6, 5, 2, 2, 6, 8, 2]
(0.6881959910913156, 0.6881959910913156, 0.5199395199395184, 0.35309973045822063, 1.0644631552509922, 0.9999999999999956, 1.0466789771802687, 0.4275835574337311, 1.0488291976042057, 0.6346520228622644)
[3, 7, 8, 2, 5, 9, 7, 4, 7, 8, 2, 9, 9, 4, 9, 6, 5, 9, 1, 7, 5, 5, 10, 7, 3, 10, 5, 5, 4, 4, 6, 8, 9, 8, 7, 9, 10, 8, 8, 8, 7, 7, 8, 8, 8, 8, 6, 10, 5, 9, 4, 5, 2, 4, 1, 1, 1, 2, 5, 4, 4, 2]
(1.0738447950221557, 0.6881959910913156, 1.0737800889648457, 0.5199395199395184, 1.0625418110750577, 0.41176470588235303, 1.0787297409959093, 0.8847376788553176, 1.0663479414768477, 0.6346520228622644)
[1, 2, 10, 2, 5, 9, 7, 3, 9, 9, 2, 8, 9, 4, 9, 6, 5, 9, 1, 6, 9, 4, 5, 7, 9, 10, 6, 5, 4, 4, 6, 8, 9, 6, 7, 8, 4, 10, 6, 7, 8, 7, 8, 9, 10, 8, 5, 7, 5, 9, 4, 5, 2, 4, 1, 1, 1, 2, 5, 4, 5, 2]
(1.0836909609846725, 0.6881959910913156, 1.0842580418102399, 0.5199395199395184, 1.0748976460657973, 0.5833333333333327, 1.0478548160754109, 0.7429906542056057, 1.0508709481917284, 0.6346520228622644)
[7, 6, 2, 4, 3, 8, 7, 3, 9, 9, 8, 10, 1, 1, 7, 7, 7, 9, 1, 6, 9, 5, 7, 9, 7, 8, 6, 9, 9, 6, 6, 5, 6, 10, 7, 3, 10, 4, 8, 8, 8, 7, 8, 9, 5, 9, 8, 3, 10, 4, 7, 5, 10, 10, 2, 6, 5, 2, 2, 6, 8, 2]
(1.0548683873377702, 0.6881959910913156, 0.5199395199395184, 0.5199395199395184, 1.0552816436625978, 0.9999999999999956, 1.0504141804762146, 0.3447955390334577, 0.8795741542242433, 0.6346520228622644)
[7, 6, 7, 4, 3, 4, 7, 3, 9, 9, 8, 10, 5, 4, 9, 6, 7, 9, 1, 6, 9, 5, 7, 9, 7, 8, 4, 9, 9, 6, 6, 5, 2, 10, 7, 3, 9, 4, 8, 8, 8, 7, 8, 7, 5, 8, 8, 3, 10, 4, 7, 6, 10, 10, 2, 6, 5, 2, 2, 6, 8, 2]
(0.6881959910913156, 0.6881959910913156, 1.0755710511468308, 0.3065717198885932, 0.9028344058431645, 0.9999999999999956, 0.5626895854398397, 0.5626895854398397, 1.069374491367485, 0.6346520228622644)
[3, 2, 8, 4, 3, 8, 7, 3, 9, 9, 8, 10, 10, 1, 7, 7, 2, 9, 1, 6, 9, 5, 9, 7, 7, 10, 8, 3, 7, 1, 10, 8, 7, 8, 8, 9, 3, 8, 8, 10, 8, 7, 8, 8, 10, 8, 5, 10, 5, 9, 4, 5, 2, 4, 1, 1, 1, 2, 5, 4, 5, 2]
(0.9277989375404968, 0.6881959910913156, 1.086415504571046, 0.5199395199395184, 1.0597547949291728, 0.5833333333333327, 1.0617495563812513, 0.8226164079822621, 1.0557156036607884, 0.6346520228622644)
[3, 2, 8, 4, 3, 8, 7, 3, 9, 9, 8, 10, 10, 1, 7, 7, 7, 9, 1, 6, 9, 5, 9, 7, 7, 10, 5, 5, 4, 4, 6, 8, 9, 8, 7, 7, 4, 8, 8, 8, 7, 7, 8, 8, 10, 8, 5, 10, 5, 9, 4, 8, 2, 4, 1, 1, 1, 2, 5, 4, 5, 2]
(0.6881959910913156, 0.6881959910913156, 1.0887487080879465, 0.5199395199395184, 0.9999999999999956, 0.5833333333333327, 0.8226164079822621, 0.8226164079822621, 1.0598714307881851, 0.6346520228622644)
[3, 2, 8, 4, 3, 8, 7, 3, 9, 9, 8, 10, 10, 1, 7, 7, 7, 9, 1, 6, 9, 5, 9, 7, 7, 10, 5, 5, 4, 4, 6, 8, 9, 8, 7, 7, 4, 8, 8, 8, 7, 7, 8, 8, 10, 8, 5, 10, 5, 9, 4, 8, 2, 4, 1, 1, 1, 2, 5, 4, 5, 2]
(0.6881959910913156, 0.6881959910913156, 1.0887487080879465, 0.5199395199395184, 0.9999999999999956, 0.5833333333333327, 0.8226164079822621, 0.8226164079822621, 1.0598714307881851, 0.6346520228622644)
[1, 7, 2, 4, 9, 10, 9, 5, 6, 4, 7, 10, 10, 1, 7, 5, 7, 9, 1, 8, 9, 5, 7, 3, 10, 10, 5, 4, 1, 4, 4, 8, 9, 6, 6, 8, 4, 8, 6, 1, 3, 6, 8, 8, 8, 7, 5, 5, 10, 9, 7, 8, 6, 4, 1, 1, 1, 2, 5, 4, 4, 2]
(1.0808193382807034, 0.6881959910913156, 1.074693948868658, 0.5199395199395184, 1.0592445808462758, 0.5833333333333327, 1.0674994624219794, 0.8226164079822621, 1.0543769941665193, 0.6346520228622644)
[1, 2, 10, 2, 5, 9, 7, 3, 9, 9, 2, 4, 9, 4, 9, 6, 5, 9, 1, 7, 6, 5, 7, 8, 7, 1, 5, 5, 2, 4, 6, 10, 7, 8, 8, 7, 9, 8, 8, 6, 8, 7, 8, 9, 9, 8, 5, 7, 5, 9, 4, 5, 2, 4, 1, 1, 1, 2, 5, 4, 5, 2]
(1.0858790737576738, 0.6881959910913156, 1.0944788833148733, 0.5199395199395184, 1.074349712859835, 0.5833333333333327, 1.0735435883514541, 0.8847376788553176, 1.0825365162454503, 0.5848394092739833)
