Matsuoka quadruped, body parameters:[2, 7, 5, 2, 3, 3, 4, 4, 10, 10, 3, 3, 10, 8, 10, 10, 10, 10, 1, 4, 10, 8, 3, 7, 7, 10, 4, 7, 4, 8, 9, 2]
{'b': 0.04000000000000001, 'gam': 0.06999999999999999, 'x0': 0.5, 'c': 1.0, 'a': 0.6}
Inter-module:
[[ 0.  -1.6 -1.4 -0.2]
 [-1.4  0.  -0.2 -1.6]
 [-1.4 -0.2  0.  -1.6]
 [-0.2 -1.6 -1.4  0. ]]
Intra-module:
[[ 0.  -0.2 -1.8]
 [-1.4  0.   1.8]
 [ 1.  -1.   0. ]]
Bias:[1.3 2.  1.8]
Drive coeff:[0.9 0.9 0.9]
Base period:4.16
gen	evals	std                               	min                                  	avg                               	max                               
0  	92   	[0.01546411 0.04607308 0.04725473]	[ 0.         -0.01816718  0.        ]	[0.00234933 0.00779479 0.00610881]	[0.13960784 0.41551396 0.45006385]
1  	92   	[0.01546411 0.05404439 0.06284636]	[ 0.         -0.01816718  0.        ]	[0.00234933 0.01406193 0.01303374]	[0.13960784 0.41551396 0.45006385]
2  	92   	[0.02676795 0.0660853  0.06700321]	[ 0.         -0.01816718  0.        ]	[0.00523654 0.02226575 0.01817441]	[0.20580653 0.41551396 0.45006385]
3  	92   	[0.04019616 0.0777024  0.07162859]	[ 0.         -0.01816718  0.        ]	[0.01131277 0.03310857 0.02294661]	[0.26301707 0.41551396 0.45006385]
4  	92   	[0.05740844 0.10911293 0.09947867]	[ 0.         -0.01816718  0.        ]	[0.02063639 0.05742    0.04480208]	[0.2895713  0.54338103 0.50110235]
5  	92   	[0.07716301 0.14201765 0.11274554]	[ 0.         -0.01816718  0.        ]	[0.04270238 0.09829416 0.07114223]	[0.2895713  0.58260062 0.50110235]
6  	92   	[0.08478717 0.15945043 0.12855432]	[ 0.         -0.01816718 -0.03214055]	[0.06490664 0.15298482 0.11417081]	[0.2895713  0.58260062 0.50689203]
7  	92   	[0.09101805 0.18658    0.14867486]	[ 0.         -0.02241038 -0.03214055]	[0.10050323 0.22496805 0.16966825]	[0.2895713  0.96875289 0.62994424]
8  	92   	[0.09476814 0.1799535  0.15478299]	[0. 0. 0.]                           	[0.13132865 0.30997009 0.19676253]	[0.2896877  0.96875289 0.62994424]
9  	92   	[0.09934949 0.1795895  0.15610365]	[0. 0. 0.]                           	[0.15543914 0.3623301  0.25243918]	[0.40783407 0.97193692 0.63529288]
10 	92   	[0.09641847 0.19028203 0.17307673]	[0. 0. 0.]                           	[0.17780545 0.40059002 0.25226025]	[0.40783407 0.97193692 0.68128106]
11 	92   	[0.09410117 0.20185883 0.18690203]	[0. 0. 0.]                           	[0.19298789 0.45606981 0.28243674]	[0.40783407 0.97193692 0.90760957]
12 	92   	[0.09527099 0.19987554 0.2047278 ]	[0. 0. 0.]                           	[0.20209602 0.49929338 0.31494584]	[0.40783407 0.97193692 0.90760957]
13 	92   	[0.08887626 0.17770266 0.23274409]	[0. 0. 0.]                           	[0.21863377 0.532949   0.34477793]	[0.40783407 0.97193692 0.90760957]
14 	92   	[0.07297329 0.2051088  0.2302012 ]	[0. 0. 0.]                           	[0.23419307 0.54367734 0.38489096]	[0.40783407 0.97193692 0.90760957]
15 	92   	[0.06961958 0.22362498 0.24060192]	[0. 0. 0.]                           	[0.24178782 0.56421558 0.37051549]	[0.40783407 0.97193692 0.90760957]
16 	92   	[0.07517974 0.21273231 0.23377843]	[0. 0. 0.]                           	[0.24755928 0.60641884 0.3680439 ]	[0.40834709 0.97193692 0.90760957]
17 	92   	[0.08087822 0.23844392 0.23533945]	[0. 0. 0.]                           	[0.24389239 0.62236019 0.42372971]	[0.40834709 0.97193692 0.90760957]
18 	92   	[0.08208646 0.2482614  0.23862751]	[0. 0. 0.]                           	[0.24597163 0.63347869 0.42780371]	[0.40834709 0.97193692 0.90760957]
19 	92   	[0.07974026 0.23951527 0.24713747]	[0. 0. 0.]                           	[0.25704812 0.63293606 0.41662429]	[0.40834709 0.97193692 0.90760957]
20 	92   	[0.08450487 0.25211006 0.25787808]	[0. 0. 0.]                           	[0.25842184 0.6380338  0.42284984]	[0.40920163 0.97193692 0.91176623]
21 	92   	[0.08738779 0.23730817 0.25685036]	[0. 0. 0.]                           	[0.26064736 0.64451616 0.44340186]	[0.41252674 0.97204869 0.91176623]
22 	92   	[0.08696078 0.23880264 0.25605472]	[0. 0. 0.]                           	[0.26649016 0.65444983 0.46377355]	[0.41252674 0.97204869 0.91176623]
23 	92   	[0.08765618 0.23973125 0.23689082]	[0. 0. 0.]                           	[0.26794709 0.64946607 0.49015942]	[0.41252674 0.97204869 0.91176623]
24 	92   	[0.09903345 0.2205964  0.25683989]	[0.         0.23620932 0.        ]   	[0.2713931  0.6743947  0.47129475]	[0.41290764 0.9731198  0.91176623]
25 	92   	[0.09954199 0.22224422 0.25756788]	[0.         0.23620932 0.        ]   	[0.27078461 0.67258951 0.47776421]	[0.41343549 0.9731198  0.91176623]
26 	92   	[0.10488565 0.22179208 0.26286898]	[0.         0.23620932 0.        ]   	[0.27384391 0.66082339 0.48658011]	[0.41508272 0.97355562 0.91176623]
27 	92   	[0.10414755 0.23194362 0.25340926]	[0.         0.20314498 0.        ]   	[0.26192982 0.66514136 0.50863725]	[0.41508272 0.97355562 0.91176623]
28 	92   	[0.10119775 0.22221424 0.2666349 ]	[0.         0.20314498 0.        ]   	[0.27992518 0.65524007 0.49304089]	[0.41508272 0.97355562 0.91176623]
29 	92   	[0.10545737 0.23866616 0.27473005]	[0. 0. 0.]                           	[0.28686189 0.67544117 0.50357192]	[0.41508272 0.97355562 0.91176623]
30 	92   	[0.10185522 0.22347907 0.26886916]	[0.         0.20314498 0.        ]   	[0.28873238 0.68855531 0.53432636]	[0.41508272 0.97355562 0.91812227]
31 	92   	[0.10449766 0.22739089 0.2349294 ]	[0.         0.20314498 0.        ]   	[0.28472175 0.70240585 0.55502863]	[0.41508272 0.97355562 0.91812227]
32 	92   	[0.11005952 0.22937952 0.24178613]	[0.         0.20314498 0.        ]   	[0.29350401 0.70374132 0.57038056]	[0.41508272 0.97439355 0.91812227]
33 	92   	[0.11024703 0.2271749  0.24113947]	[0.         0.20314498 0.        ]   	[0.29050825 0.72616317 0.57337378]	[0.41508272 0.97439355 0.91812227]
34 	92   	[0.1132882  0.22097508 0.24601727]	[0.         0.20314498 0.        ]   	[0.30666583 0.6941127  0.57004336]	[0.41508272 0.97439355 0.91812227]
35 	92   	[0.11435716 0.22118856 0.23793261]	[0.         0.20314498 0.        ]   	[0.30552262 0.68794741 0.58100774]	[0.41519515 0.97439355 0.91812227]
36 	92   	[0.10479496 0.22197103 0.24363466]	[0.         0.20314498 0.        ]   	[0.30679148 0.69905237 0.58357143]	[0.41519515 0.97439355 0.91812227]
37 	92   	[0.10301035 0.22690034 0.24488855]	[0.         0.20314498 0.        ]   	[0.30277664 0.71115992 0.5865116 ]	[0.41519515 0.97439355 0.91812227]
38 	92   	[0.10054085 0.22516365 0.2457376 ]	[0.         0.20314498 0.        ]   	[0.29445639 0.73304627 0.59661076]	[0.41519515 0.97510328 0.91812227]
39 	92   	[0.10318604 0.23381882 0.26630607]	[0.         0.20314498 0.        ]   	[0.29926742 0.71734953 0.57887609]	[0.41519515 0.97510328 0.92246884]
40 	92   	[0.10588916 0.23286374 0.26962842]	[0.         0.23620932 0.        ]   	[0.29977218 0.73719226 0.57426908]	[0.41519515 0.97510328 0.92246884]
41 	92   	[0.10671594 0.23326292 0.26410155]	[0.         0.23620932 0.        ]   	[0.29507129 0.74588402 0.6007769 ]	[0.41519515 0.97510328 0.92246884]
42 	92   	[0.10508219 0.24303992 0.26545288]	[0. 0. 0.]                           	[0.2931021  0.74239283 0.59554743]	[0.41542382 0.97510328 0.92246884]
43 	92   	[0.1011231  0.21843559 0.25624072]	[0.         0.37992815 0.        ]   	[0.29452548 0.76660512 0.59652581]	[0.4178797  0.97510328 0.92246884]
44 	92   	[0.10121018 0.21862439 0.25466016]	[0.         0.37992815 0.        ]   	[0.29458512 0.76201002 0.60645451]	[0.4178797  0.97510328 0.92246884]
45 	92   	[0.09889256 0.21765559 0.25552325]	[0.         0.37992815 0.        ]   	[0.309312   0.78027091 0.57395147]	[0.4178797  0.97510328 0.92246884]
46 	92   	[0.09838543 0.21668846 0.2557993 ]	[0.         0.37992815 0.        ]   	[0.31461774 0.78939401 0.55972388]	[0.4178797  0.97510328 0.92246884]
47 	92   	[0.09543332 0.21096501 0.2563056 ]	[0.         0.37992815 0.        ]   	[0.30562862 0.81708827 0.57063245]	[0.4178797  0.97510328 0.92246884]
48 	92   	[0.09552752 0.21081125 0.25479896]	[0.         0.37992815 0.        ]   	[0.30420578 0.81050432 0.57171802]	[0.4178797  0.97510328 0.92246884]
49 	92   	[0.08596603 0.21489818 0.23482252]	[0.16530231 0.37992815 0.        ]   	[0.31451339 0.79225649 0.59281034]	[0.4178797  0.97739946 0.92246884]
50 	92   	[0.08895008 0.21720753 0.22718935]	[0.16530231 0.37992815 0.        ]   	[0.32258284 0.76459467 0.60305403]	[0.4178797  0.97739946 0.92246884]
51 	92   	[0.09495706 0.23008066 0.21122317]	[0. 0. 0.]                           	[0.31943031 0.76764379 0.63011792]	[0.4178797  0.97739946 0.92246884]
52 	92   	[0.09905359 0.23048314 0.2358544 ]	[0. 0. 0.]                           	[0.31182032 0.78854721 0.613247  ]	[0.4178797  0.97739946 0.92396211]
53 	92   	[0.09556583 0.24383443 0.25221134]	[0.16530231 0.         0.        ]   	[0.30706064 0.76092074 0.63016394]	[0.4178797  0.97739946 0.92601393]
54 	92   	[0.09313578 0.23956446 0.23902968]	[0.16540881 0.         0.08550459]   	[0.29819055 0.76959502 0.64175851]	[0.4178797  0.97739946 0.92601393]
55 	92   	[0.09337303 0.25575761 0.23939731]	[0.16554188 0.         0.        ]   	[0.29543224 0.7646717  0.65054222]	[0.4178797  0.97739946 0.92601393]
56 	92   	[0.09019062 0.25552381 0.23019495]	[0.16554188 0.         0.        ]   	[0.29654013 0.77891136 0.65825466]	[0.4178797  0.97739946 0.92601393]
57 	92   	[0.08750481 0.23605735 0.21899476]	[0.16554188 0.         0.        ]   	[0.31432216 0.81730778 0.63939206]	[0.4178797  0.97739946 0.92601393]
58 	92   	[0.08723426 0.22094879 0.19652664]	[0.16554188 0.         0.08550459]   	[0.30783006 0.8279684  0.66472759]	[0.41850967 0.97739946 0.92601393]
59 	92   	[0.08086746 0.21800307 0.19087518]	[0.16713952 0.         0.24980059]   	[0.31658399 0.83725378 0.66216266]	[0.41850967 0.97739946 0.92601393]
60 	92   	[0.0821296  0.21944489 0.18064708]	[0.16713952 0.         0.24980059]   	[0.31703907 0.83285191 0.67399227]	[0.41864215 0.97739946 0.92601393]
61 	92   	[0.08056959 0.22398299 0.18576501]	[0.16713952 0.         0.24980059]   	[0.31010135 0.81918637 0.68216892]	[0.41864215 0.97739946 0.92601393]
62 	92   	[0.08182756 0.22930879 0.16994857]	[0.16713952 0.         0.24980059]   	[0.30559917 0.80389082 0.69082827]	[0.41904872 0.97739946 0.92601393]
63 	92   	[0.08184549 0.23331154 0.18311895]	[0.16713952 0.         0.        ]   	[0.3086621  0.79281195 0.68583123]	[0.41904872 0.97739946 0.92601393]
64 	92   	[0.08370119 0.25345779 0.17247965]	[0.16713952 0.         0.        ]   	[0.31373223 0.77229735 0.68334943]	[0.41904872 0.97739946 0.92601393]
65 	92   	[0.08456314 0.2663576  0.1560769 ]	[0.16713952 0.         0.24980059]   	[0.31094236 0.77295339 0.68869448]	[0.41904872 0.97739946 0.92601393]
66 	92   	[0.08689882 0.26460207 0.1582413 ]	[0.16713952 0.         0.24723859]   	[0.31729257 0.75187545 0.69267812]	[0.41904872 0.97739946 0.92601393]
67 	92   	[0.08395977 0.26636955 0.17297803]	[0.16708563 0.         0.        ]   	[0.32795936 0.74526286 0.67052065]	[0.41904872 0.9777601  0.92601393]
68 	92   	[0.08472613 0.25755468 0.17300964]	[0.16702986 0.         0.        ]   	[0.32988071 0.76341514 0.65749301]	[0.41904872 0.9777601  0.92601393]
69 	92   	[0.08340301 0.26662629 0.15886844]	[0.16715521 0.         0.        ]   	[0.33390995 0.75928305 0.66480277]	[0.41904872 0.9777601  0.92601393]
70 	92   	[0.08192223 0.25520177 0.16357488]	[0.16715521 0.         0.        ]   	[0.3341165  0.77449288 0.65612887]	[0.41904872 0.9777601  0.92601393]
71 	92   	[0.08420177 0.25321372 0.18205386]	[0.16715521 0.         0.        ]   	[0.33885266 0.75337588 0.64591447]	[0.41904872 0.9777601  0.92601393]
72 	92   	[0.08268185 0.25666607 0.17528283]	[0.16740289 0.         0.        ]   	[0.34336115 0.74107237 0.64633117]	[0.41904872 0.9777601  0.92763569]
73 	92   	[0.08260756 0.26671837 0.17470722]	[0.16740289 0.         0.        ]   	[0.33648534 0.76421285 0.65475443]	[0.41904872 0.9777601  0.92763569]
74 	92   	[0.08796951 0.25755558 0.1767158 ]	[0.16732516 0.         0.        ]   	[0.33298691 0.76396823 0.66190477]	[0.41904872 0.9777601  0.92763569]
75 	92   	[0.08752185 0.27040313 0.18276202]	[0.16732516 0.         0.        ]   	[0.33149221 0.75626655 0.66201477]	[0.41904872 0.9777601  0.92763569]
76 	92   	[0.09005345 0.27006818 0.17296452]	[0.16732516 0.         0.        ]   	[0.32960495 0.74734701 0.67138929]	[0.41904872 0.9777601  0.92763569]
77 	92   	[0.09077594 0.26839827 0.17092617]	[0.16737585 0.         0.        ]   	[0.3277501  0.76307963 0.67100518]	[0.41904872 0.9777601  0.92763569]
78 	92   	[0.09160343 0.25935822 0.15109567]	[0.16737585 0.         0.22473092]   	[0.32670263 0.76716449 0.68716636]	[0.41904872 0.9777601  0.92763569]
79 	92   	[0.09061872 0.23564769 0.17159634]	[0.16737585 0.         0.22473092]   	[0.32017933 0.7957669  0.67555327]	[0.41904872 0.9777601  0.92763569]
80 	92   	[0.09053362 0.21708238 0.17337973]	[0.16737585 0.29634125 0.22473092]   	[0.31856403 0.81292693 0.6753617 ]	[0.41904872 0.97869251 0.92763569]
81 	92   	[0.092216   0.23682246 0.1643387 ]	[0.16737585 0.         0.22473092]   	[0.3164219  0.79173226 0.68741812]	[0.41904872 0.97869251 0.92763569]
82 	92   	[0.0884084  0.22806458 0.16808799]	[0.16737585 0.2390178  0.18238735]   	[0.32574089 0.77746664 0.67634704]	[0.41904872 0.97952042 0.92841342]
83 	92   	[0.08856676 0.22188182 0.17834131]	[0.16737585 0.29634125 0.        ]   	[0.33122674 0.78551422 0.65347758]	[0.41904872 0.97952042 0.92841342]
84 	92   	[0.09192351 0.22544083 0.17978975]	[0.16670517 0.29634125 0.14571857]   	[0.33478176 0.76054252 0.66825562]	[0.41904872 0.97952042 0.92841342]
85 	92   	[0.09188134 0.22778532 0.18694661]	[0.16670517 0.29634125 0.        ]   	[0.33507973 0.76331259 0.66545069]	[0.41904872 0.97952042 0.92841342]
86 	92   	[0.09177398 0.23803081 0.16154107]	[0.16670517 0.         0.14571857]   	[0.33495883 0.76366866 0.68099915]	[0.41904872 0.97952042 0.92841342]
87 	92   	[0.09174961 0.24991853 0.15711634]	[0.16709103 0.         0.14571857]   	[0.33636935 0.7576853  0.68969319]	[0.41904872 0.97952042 0.92841342]
88 	92   	[0.09427966 0.2519598  0.16169576]	[0.16709103 0.         0.14571857]   	[0.33107828 0.76516353 0.69199119]	[0.41904872 0.97952042 0.92841342]
89 	92   	[0.08937891 0.26100708 0.18605407]	[0.16709103 0.         0.        ]   	[0.3424179  0.75189199 0.66742799]	[0.4195567  0.97952042 0.92841342]
90 	92   	[0.08909031 0.26047386 0.18038041]	[0.16709103 0.         0.        ]   	[0.33937948 0.76644726 0.67012946]	[0.4195567  0.97952042 0.92841342]
91 	92   	[0.09087535 0.26163588 0.16558414]	[0.16709103 0.         0.        ]   	[0.34128707 0.76769593 0.67723028]	[0.4195567  0.97952042 0.92841342]
92 	92   	[0.09185989 0.26246437 0.17240715]	[0.16709103 0.         0.        ]   	[0.34177952 0.74656965 0.68960896]	[0.4195567  0.97952042 0.92841342]
93 	92   	[0.09439084 0.26434845 0.16605735]	[0.16709103 0.         0.        ]   	[0.3393094  0.74473271 0.69939924]	[0.42006328 0.97952042 0.92841342]
94 	92   	[0.09524536 0.26102792 0.19750205]	[0.16709103 0.         0.        ]   	[0.3298546  0.76701738 0.69217658]	[0.42006328 0.97952042 0.92841342]
95 	92   	[0.0977476  0.27992219 0.24674965]	[0.16709103 0.         0.        ]   	[0.33819555 0.72445497 0.64471841]	[0.42006328 0.97952042 0.92841342]
96 	92   	[0.099166   0.28762765 0.23745302]	[0.16709103 0.         0.        ]   	[0.33359611 0.71600136 0.66368366]	[0.42006328 0.97952042 0.92841342]
97 	92   	[0.10432131 0.28378969 0.23228627]	[0.16709103 0.         0.        ]   	[0.33704652 0.69314139 0.66724591]	[0.5947795  0.97952042 0.92841342]
98 	92   	[0.1055072  0.29090162 0.20457195]	[0.16735006 0.         0.        ]   	[0.32838967 0.70852418 0.70490573]	[0.5947795  0.97952042 0.92841342]
99 	92   	[0.10743401 0.28231858 0.2219326 ]	[0.16773613 0.         0.        ]   	[0.32606604 0.69712088 0.69765643]	[0.5947795  0.97952042 0.92841342]
100	92   	[0.1050417  0.29003277 0.22560156]	[0.16773613 0.         0.        ]   	[0.33641125 0.71600502 0.66323842]	[0.5947795  0.97963052 0.92841342]
101	92   	[0.10258211 0.30826094 0.2318145 ]	[0.1660611 0.        0.       ]      	[0.34058979 0.70875596 0.65084047]	[0.5947795  0.97963052 0.92936872]
102	92   	[0.10237973 0.31718443 0.22907756]	[0.16657198 0.         0.        ]   	[0.34070069 0.68995083 0.65833273]	[0.5947795  0.97963052 0.92936872]
103	92   	[0.10296387 0.30477913 0.22207134]	[0.16775221 0.         0.        ]   	[0.35104579 0.70232844 0.6573398 ]	[0.59885933 0.97963052 0.92936872]
104	92   	[0.10218265 0.30631932 0.2144205 ]	[0.16775221 0.         0.        ]   	[0.35475371 0.71152976 0.65669122]	[0.59885933 0.97963052 0.92936872]
105	92   	[0.09972646 0.29325703 0.21718704]	[0.16772055 0.         0.        ]   	[0.35707424 0.71836542 0.64750676]	[0.59885933 0.97963052 0.92936872]
106	92   	[0.09943518 0.29163079 0.2054647 ]	[0.16772055 0.         0.        ]   	[0.36117664 0.72006425 0.6612156 ]	[0.59885933 0.98134535 0.92936872]
107	92   	[0.10038948 0.29507014 0.20931495]	[0.16772055 0.         0.        ]   	[0.36365095 0.7167301  0.65940016]	[0.59885933 0.98134535 0.92936872]
108	92   	[0.10166926 0.28486047 0.20158965]	[0.16772055 0.         0.        ]   	[0.3600591  0.72235231 0.66658129]	[0.60039681 0.98134535 0.92936872]
109	92   	[0.10317503 0.27362648 0.20539512]	[0.16772055 0.         0.        ]   	[0.36568875 0.74002782 0.65833205]	[0.60039681 0.98134535 0.92936872]
110	92   	[0.10678011 0.263402   0.19852389]	[0.16750781 0.         0.        ]   	[0.36403315 0.76309756 0.66206794]	[0.60039681 0.98134535 0.92936872]
111	92   	[0.11399076 0.26627917 0.21785429]	[0.16772055 0.         0.        ]   	[0.36461202 0.77430095 0.6522805 ]	[0.60039681 0.98134535 0.92950324]
112	92   	[0.11998191 0.28295969 0.22780805]	[0.16772055 0.         0.        ]   	[0.37349517 0.75516936 0.64576476]	[0.79676613 0.98134535 0.92950324]
113	92   	[0.1336452  0.27787198 0.2188245 ]	[0.16772055 0.         0.        ]   	[0.37846635 0.76729091 0.65523946]	[0.81063997 0.98134535 0.92950324]
114	92   	[0.13557441 0.2778905  0.22910927]	[0.16753608 0.         0.        ]   	[0.37435592 0.75365757 0.64867537]	[0.81063997 0.98134535 0.92950324]
115	92   	[0.14526871 0.28978961 0.23120115]	[0.16772055 0.         0.        ]   	[0.38481161 0.72399858 0.65128998]	[0.81063997 0.98134535 0.92950324]
116	92   	[0.16079243 0.30087708 0.26135837]	[0.16772055 0.         0.        ]   	[0.39905732 0.69103912 0.62993907]	[0.81063997 0.98134535 0.92950324]
117	92   	[0.17143779 0.3013307  0.25927629]	[0.16772055 0.         0.        ]   	[0.40318706 0.68601412 0.63753932]	[0.81063997 0.98134535 0.92950324]
118	92   	[0.12982955 0.26149314 0.18631841]	[0.16772055 0.         0.22707796]   	[0.36536801 0.755573   0.68779544]	[0.81344803 0.98134535 0.92950324]
119	92   	[0.14364588 0.26478158 0.19612623]	[0.16772055 0.         0.22707796]   	[0.37551716 0.74101108 0.68411817]	[0.81344803 0.98134535 0.92950324]
120	92   	[0.15628406 0.27071813 0.18504131]	[0.16772055 0.         0.25158344]   	[0.38512107 0.73660183 0.67925993]	[0.81344803 0.98134535 0.92950324]
121	92   	[0.16758384 0.28969477 0.19607984]	[0.16772055 0.         0.25158344]   	[0.39549884 0.72328988 0.67462183]	[0.81344803 0.98134535 0.92950324]
122	92   	[0.15342647 0.2719701  0.15843212]	[0.16716055 0.         0.25158344]   	[0.37361442 0.7198842  0.72044107]	[0.81344803 0.98134535 0.92950324]
123	92   	[0.15872474 0.26948597 0.16520363]	[0.16772055 0.         0.22483383]   	[0.38176251 0.7266712  0.70376324]	[0.81344803 0.98134535 0.92950324]
124	92   	[0.15189178 0.26966079 0.1644676 ]	[0.16772055 0.         0.22483383]   	[0.378915  0.7316904 0.7046241]   	[0.81344803 0.98134535 0.92950324]
125	92   	[0.1609026  0.27690191 0.17603728]	[0.16772055 0.         0.22483383]   	[0.39458464 0.72559908 0.69816612]	[0.81344803 0.98134535 0.92950324]
126	92   	[0.15667374 0.27346488 0.16919861]	[0.16730861 0.         0.22483383]   	[0.38740858 0.72857099 0.71119453]	[0.81344803 0.98134535 0.92950324]
127	92   	[0.158953   0.28623522 0.16933439]	[0.16730861 0.         0.25158344]   	[0.38260615 0.71984738 0.72134793]	[0.81344803 0.98134535 0.93014947]
128	92   	[0.16547115 0.29881959 0.18895522]	[0.16730861 0.         0.22616166]   	[0.38650252 0.72625212 0.70479724]	[0.81344803 0.98134535 0.93014947]
129	92   	[0.14600364 0.29271344 0.16711244]	[0.16730861 0.         0.25209627]   	[0.37350994 0.7421456  0.72157048]	[0.81344803 0.98134535 0.93014947]
130	92   	[0.1538177  0.29272472 0.16831395]	[0.16730861 0.         0.25209627]   	[0.37535896 0.74221    0.72405312]	[0.81344803 0.98134535 0.93014947]
131	92   	[0.15898323 0.2929638  0.16145424]	[0.         0.         0.25209627]   	[0.37055715 0.74688892 0.72428603]	[0.81344803 0.98134535 0.93014947]
132	92   	[0.14739339 0.29893107 0.16151266]	[0.16730861 0.         0.25209627]   	[0.37084645 0.74386891 0.72504534]	[0.81344803 0.98134535 0.93014947]
133	92   	[0.15758363 0.28630463 0.17344681]	[0.16730861 0.         0.        ]   	[0.36772868 0.76669495 0.72143799]	[0.81346815 0.98134535 0.93014947]
134	92   	[0.15668399 0.2844715  0.1632169 ]	[0.16730861 0.         0.25209627]   	[0.37012576 0.76861813 0.72158142]	[0.81346815 0.98134535 0.93014947]
135	92   	[0.17835143 0.27969701 0.1650027 ]	[0.16730861 0.         0.2535425 ]   	[0.39295532 0.70000677 0.71985891]	[0.81346815 0.98134535 0.93014947]
136	92   	[0.16706135 0.28170668 0.19970022]	[0.16730861 0.         0.2535425 ]   	[0.39966502 0.6546834  0.70734709]	[0.81344803 0.98134535 0.92950324]
137	92   	[0.16120933 0.27586489 0.19319774]	[0.16730861 0.         0.2535425 ]   	[0.40938405 0.64076224 0.70808873]	[0.81344803 0.98134535 0.92950324]
138	92   	[0.15700423 0.27293463 0.19467867]	[0.16730861 0.         0.2535425 ]   	[0.41232563 0.62592566 0.7103533 ]	[0.81344803 0.98134535 0.92950324]
139	92   	[0.15958935 0.26886004 0.21187175]	[0.16730861 0.         0.05212317]   	[0.40750828 0.59802111 0.72466716]	[0.81344803 0.98134535 0.92950324]
140	92   	[0.16586702 0.26404128 0.21248738]	[0.16730861 0.         0.05212317]   	[0.41077092 0.59564216 0.72313477]	[0.81140755 0.9764304  0.9278814 ]
141	92   	[0.16156911 0.26399575 0.21380308]	[0.16730861 0.         0.05212317]   	[0.41525257 0.58681735 0.72539309]	[0.81140755 0.9764304  0.9278814 ]
142	92   	[0.16671339 0.26239023 0.23295   ]	[0.16730861 0.         0.        ]   	[0.41945693 0.59002757 0.71267541]	[0.81155451 0.9764304  0.9278814 ]
143	92   	[0.17297888 0.27126934 0.22081404]	[0.16730861 0.         0.05212317]   	[0.42781125 0.59434538 0.70036352]	[0.81155451 0.9764304  0.9278814 ]
144	92   	[0.18745058 0.28045112 0.24797656]	[0.16730861 0.         0.        ]   	[0.44205126 0.59003867 0.66412708]	[0.81271027 0.9764304  0.9278814 ]
145	92   	[0.19598826 0.29215695 0.24214503]	[0.16730861 0.         0.        ]   	[0.44059842 0.62542001 0.650477  ]	[0.81271027 0.97675929 0.9278814 ]
146	92   	[0.17050691 0.29448866 0.25443316]	[ 0.16730861  0.         -0.06828524]	[0.40585502 0.64486016 0.64623323]	[0.81271027 0.97675929 0.9278814 ]
147	92   	[0.17438947 0.30751031 0.28049486]	[ 0.16730861  0.         -0.06828524]	[0.41115211 0.65116479 0.62814933]	[0.81271027 0.9768094  0.9278814 ]
148	92   	[0.17488306 0.29993289 0.26663905]	[0.16724764 0.         0.        ]   	[0.409823   0.65139231 0.65373084]	[0.81271027 0.9768094  0.92964851]
149	92   	[0.17578976 0.30162159 0.25302358]	[0.16724764 0.         0.        ]   	[0.40905251 0.6570871  0.66287336]	[0.81322402 0.9768094  0.92964851]
[9, 5, 2, 4, 10, 4, 8, 10, 10, 10, 6, 1, 10, 8, 9, 4, 10, 6, 6, 7, 4, 7, 10, 8, 8, 1, 4, 3, 7, 3, 5, 9, 9, 10, 9, 6, 9, 6, 4, 9, 7, 9, 3, 10, 7, 9, 6, 9, 2, 7, 7, 6, 8, 9, 2, 1, 1, 5, 6, 4, 8, 2]
(0.4205212406341077, 0.0, 0.64187520668623)
[9, 5, 2, 4, 10, 4, 8, 10, 10, 10, 6, 2, 10, 8, 9, 4, 10, 6, 6, 7, 4, 7, 10, 8, 8, 1, 4, 3, 4, 6, 3, 9, 9, 10, 9, 4, 9, 6, 4, 9, 7, 8, 3, 10, 7, 9, 6, 9, 2, 7, 7, 6, 8, 9, 1, 1, 1, 5, 6, 4, 8, 2]
(0.4201936246054379, 0.5559118196165739, 0.25354250457686833)
[9, 5, 2, 4, 10, 4, 8, 10, 10, 10, 6, 2, 10, 8, 9, 4, 10, 6, 6, 7, 4, 7, 10, 8, 8, 1, 4, 3, 4, 6, 3, 9, 9, 10, 9, 4, 9, 6, 4, 9, 7, 8, 3, 10, 7, 9, 6, 9, 2, 7, 7, 6, 8, 9, 1, 1, 1, 5, 6, 4, 8, 2]
(0.4201936246054379, 0.5559118196165739, 0.25354250457686833)
[9, 5, 2, 4, 10, 4, 8, 10, 10, 10, 6, 2, 10, 8, 9, 4, 10, 6, 6, 7, 4, 7, 10, 8, 8, 1, 4, 3, 4, 6, 3, 9, 9, 10, 9, 4, 9, 6, 4, 9, 7, 8, 3, 10, 7, 9, 6, 9, 2, 7, 7, 6, 8, 9, 1, 1, 1, 5, 6, 4, 8, 2]
(0.4201936246054379, 0.5559118196165739, 0.25354250457686833)
[9, 5, 2, 4, 10, 4, 8, 10, 10, 10, 6, 2, 10, 8, 9, 4, 10, 6, 6, 7, 4, 7, 10, 8, 8, 1, 4, 3, 4, 6, 3, 9, 9, 10, 9, 4, 9, 6, 4, 9, 7, 8, 3, 10, 7, 9, 6, 9, 2, 7, 7, 6, 8, 9, 1, 1, 1, 5, 6, 4, 8, 2]
(0.4201936246054379, 0.5559118196165739, 0.25354250457686833)
[9, 5, 2, 4, 10, 4, 8, 10, 10, 10, 6, 2, 10, 8, 9, 4, 10, 6, 6, 7, 4, 7, 10, 8, 8, 1, 4, 3, 4, 6, 3, 9, 9, 10, 9, 4, 9, 6, 4, 9, 7, 8, 3, 10, 7, 9, 6, 9, 2, 7, 7, 6, 8, 9, 1, 1, 1, 5, 6, 4, 8, 2]
(0.4201936246054379, 0.5559118196165739, 0.25354250457686833)
[9, 5, 2, 4, 10, 4, 8, 10, 10, 10, 6, 2, 10, 8, 9, 4, 10, 6, 6, 7, 4, 7, 10, 8, 8, 1, 4, 3, 4, 6, 3, 9, 9, 10, 9, 4, 9, 6, 4, 9, 7, 8, 3, 10, 7, 9, 6, 9, 2, 7, 7, 6, 8, 9, 1, 1, 1, 5, 6, 4, 8, 2]
(0.4201936246054379, 0.5559118196165739, 0.25354250457686833)
[9, 5, 2, 4, 10, 4, 8, 10, 10, 10, 6, 2, 10, 8, 9, 4, 10, 6, 6, 7, 4, 7, 10, 8, 8, 1, 4, 3, 4, 6, 3, 9, 9, 10, 9, 4, 9, 6, 4, 9, 7, 8, 3, 10, 7, 9, 6, 9, 2, 7, 7, 6, 8, 9, 1, 1, 1, 5, 6, 4, 8, 2]
(0.4201936246054379, 0.5559118196165739, 0.25354250457686833)
[9, 5, 2, 4, 10, 4, 8, 10, 10, 10, 6, 2, 10, 8, 9, 4, 10, 6, 6, 7, 4, 7, 10, 8, 8, 1, 4, 3, 4, 6, 3, 9, 9, 10, 9, 4, 9, 6, 4, 9, 7, 8, 3, 10, 7, 9, 6, 9, 2, 7, 7, 6, 8, 9, 1, 1, 1, 5, 6, 4, 8, 2]
(0.4201936246054379, 0.5559118196165739, 0.25354250457686833)
[10, 5, 7, 4, 2, 3, 1, 10, 10, 2, 6, 5, 7, 8, 6, 4, 4, 5, 7, 7, 4, 2, 8, 1, 8, 10, 5, 2, 8, 3, 1, 9, 9, 10, 9, 10, 9, 6, 4, 10, 6, 2, 10, 9, 10, 9, 8, 9, 3, 6, 7, 6, 8, 9, 3, 1, 1, 1, 2, 4, 9, 1]
(0.2889079719538957, 0.9733679660595934, 0.0)
[9, 5, 7, 4, 2, 3, 9, 10, 10, 9, 6, 5, 7, 8, 6, 4, 9, 4, 7, 9, 1, 2, 8, 1, 8, 10, 5, 2, 5, 9, 3, 9, 9, 10, 9, 9, 9, 7, 1, 10, 4, 2, 1, 4, 10, 8, 10, 10, 6, 6, 7, 6, 7, 8, 9, 1, 1, 1, 6, 4, 9, 1]
(0.8122450336993291, 0.2716633369604688, 0.20374958250675854)
[9, 5, 2, 4, 2, 3, 1, 10, 10, 9, 6, 5, 7, 8, 6, 4, 9, 4, 10, 9, 1, 2, 8, 4, 8, 10, 5, 2, 5, 9, 3, 9, 9, 10, 9, 9, 9, 8, 1, 10, 4, 2, 1, 4, 10, 8, 10, 10, 6, 6, 7, 6, 7, 8, 10, 1, 1, 1, 6, 4, 9, 1]
(0.8132240150365613, 0.2716572336397718, 0.2598109396835599)
[9, 5, 7, 9, 2, 3, 1, 10, 10, 9, 6, 5, 7, 8, 6, 4, 9, 4, 7, 9, 1, 2, 8, 1, 8, 10, 5, 2, 5, 4, 3, 9, 9, 10, 9, 9, 9, 8, 1, 10, 4, 8, 1, 7, 10, 8, 10, 10, 6, 6, 7, 6, 7, 8, 10, 1, 1, 1, 6, 4, 9, 1]
(0.812640133873849, 0.2715586168323318, 0.26617947393318997)
[9, 5, 7, 4, 2, 3, 1, 10, 10, 9, 6, 7, 7, 8, 6, 4, 9, 5, 7, 5, 1, 4, 6, 1, 8, 9, 5, 2, 2, 3, 1, 9, 9, 10, 9, 10, 9, 6, 4, 7, 6, 2, 10, 9, 10, 8, 10, 9, 1, 6, 7, 6, 8, 9, 2, 1, 1, 1, 6, 5, 9, 1]
(0.21238575912593788, 0.9744801382534186, 0.2020631052916216)
[9, 5, 7, 9, 2, 3, 1, 10, 10, 9, 6, 5, 7, 8, 6, 4, 9, 4, 7, 9, 1, 7, 8, 3, 8, 10, 1, 3, 2, 7, 3, 4, 2, 7, 1, 9, 9, 6, 1, 10, 8, 2, 1, 4, 10, 8, 10, 10, 6, 6, 7, 6, 7, 6, 10, 1, 1, 1, 6, 4, 9, 1]
(0.8096341150144211, 0.0, 0.5824032303291382)
[9, 5, 2, 4, 6, 9, 5, 10, 10, 8, 1, 1, 10, 8, 6, 4, 4, 4, 1, 7, 6, 5, 10, 7, 8, 1, 5, 3, 5, 7, 3, 5, 10, 8, 9, 7, 9, 10, 5, 10, 7, 2, 1, 9, 10, 6, 6, 9, 2, 7, 9, 7, 7, 8, 2, 3, 1, 4, 6, 4, 8, 2]
(0.4168903696700527, 0.9768094032071512, 0.0)
[9, 6, 2, 9, 2, 3, 9, 10, 10, 5, 6, 1, 10, 8, 10, 8, 4, 6, 6, 7, 4, 7, 10, 8, 8, 1, 6, 3, 5, 9, 3, 9, 9, 10, 9, 6, 9, 6, 4, 9, 7, 1, 3, 10, 7, 9, 6, 9, 2, 7, 7, 6, 8, 9, 2, 1, 1, 5, 6, 4, 8, 2]
(0.42089144967551384, 0.38880309281080366, 0.6273650510970723)
[9, 5, 2, 4, 10, 4, 8, 10, 10, 9, 1, 1, 10, 8, 9, 4, 10, 6, 2, 7, 4, 7, 5, 8, 8, 1, 4, 3, 4, 6, 3, 9, 9, 5, 9, 4, 9, 6, 4, 9, 7, 8, 3, 10, 7, 9, 6, 9, 2, 7, 7, 6, 8, 9, 1, 1, 1, 5, 6, 4, 8, 2]
(0.42056985455128504, 0.3853971385284116, 0.636294768739852)
[9, 5, 2, 4, 10, 4, 8, 10, 10, 10, 6, 2, 10, 8, 9, 4, 10, 6, 6, 7, 4, 7, 10, 8, 8, 1, 4, 5, 4, 6, 3, 9, 9, 10, 9, 4, 9, 6, 4, 9, 7, 8, 3, 10, 7, 9, 6, 9, 2, 7, 7, 6, 8, 9, 1, 1, 1, 5, 5, 4, 8, 2]
(0.21116739735023837, 0.9767592915333787, 0.2556400014602)
[9, 5, 2, 4, 10, 4, 8, 10, 10, 10, 6, 2, 10, 8, 9, 4, 10, 6, 6, 7, 4, 7, 10, 8, 8, 1, 4, 9, 4, 6, 3, 9, 9, 6, 9, 4, 9, 6, 4, 9, 7, 8, 3, 10, 7, 9, 6, 9, 2, 7, 7, 6, 8, 9, 1, 1, 1, 5, 6, 4, 8, 2]
(0.4205803049265817, 0.38830811229223866, 0.6357272312332654)
[9, 5, 2, 7, 10, 4, 8, 10, 10, 1, 6, 1, 10, 8, 6, 2, 4, 6, 6, 7, 4, 7, 10, 8, 8, 1, 6, 3, 5, 9, 3, 9, 9, 8, 9, 9, 9, 2, 3, 10, 10, 2, 1, 9, 10, 9, 6, 9, 2, 7, 7, 6, 8, 9, 2, 1, 1, 5, 6, 4, 8, 2]
(0.41995485154300916, 0.9764304007403533, 0.05212316726328301)
[9, 5, 2, 4, 6, 9, 5, 10, 10, 2, 6, 1, 10, 8, 10, 4, 4, 4, 1, 7, 4, 5, 10, 7, 8, 1, 5, 3, 5, 7, 3, 5, 5, 8, 9, 9, 9, 4, 1, 10, 7, 2, 1, 8, 10, 6, 6, 9, 2, 7, 9, 7, 8, 8, 2, 1, 6, 5, 6, 4, 8, 2]
(0.4124370940543724, 0.20368429378177627, 0.9278577372068975)
[9, 5, 2, 4, 6, 9, 5, 10, 10, 2, 6, 1, 10, 8, 10, 4, 4, 4, 1, 7, 4, 5, 10, 7, 8, 1, 5, 3, 5, 7, 3, 5, 5, 8, 9, 9, 9, 4, 1, 10, 7, 2, 1, 8, 10, 6, 6, 9, 2, 7, 9, 7, 8, 8, 2, 1, 6, 5, 6, 4, 8, 2]
(0.4124370940543724, 0.20368429378177627, 0.9278577372068975)
[9, 5, 2, 4, 6, 9, 5, 10, 10, 2, 6, 1, 10, 8, 10, 4, 4, 4, 1, 7, 4, 5, 10, 7, 8, 1, 5, 3, 5, 7, 3, 5, 5, 8, 9, 9, 9, 4, 1, 10, 7, 2, 1, 8, 10, 6, 6, 9, 2, 7, 9, 7, 8, 8, 2, 1, 6, 5, 6, 4, 8, 2]
(0.4124370940543724, 0.20368429378177627, 0.9278577372068975)
[9, 5, 2, 4, 6, 9, 5, 10, 10, 2, 6, 1, 10, 8, 10, 4, 4, 4, 1, 7, 4, 5, 10, 7, 8, 1, 5, 3, 5, 7, 3, 5, 5, 8, 9, 9, 9, 4, 1, 10, 7, 2, 1, 8, 10, 6, 6, 9, 2, 7, 9, 7, 8, 8, 2, 1, 6, 5, 6, 4, 8, 2]
(0.4124370940543724, 0.20368429378177627, 0.9278577372068975)
[9, 5, 2, 4, 6, 9, 5, 10, 10, 2, 6, 1, 10, 8, 10, 4, 4, 4, 1, 7, 4, 5, 10, 7, 8, 1, 5, 3, 5, 7, 3, 5, 5, 8, 9, 9, 9, 4, 1, 10, 7, 2, 1, 8, 10, 6, 6, 9, 2, 7, 9, 7, 8, 8, 2, 1, 6, 5, 6, 4, 8, 2]
(0.4124370940543724, 0.20368429378177627, 0.9278577372068975)
[9, 5, 2, 4, 6, 9, 5, 10, 10, 2, 6, 1, 10, 8, 10, 4, 4, 4, 1, 7, 4, 5, 10, 7, 8, 1, 5, 3, 5, 7, 3, 5, 5, 8, 9, 9, 9, 4, 1, 10, 7, 2, 1, 8, 10, 6, 6, 9, 2, 7, 9, 7, 8, 8, 2, 1, 6, 5, 6, 4, 8, 2]
(0.4124370940543724, 0.20368429378177627, 0.9278577372068975)
[9, 5, 2, 4, 6, 9, 5, 10, 10, 2, 6, 1, 10, 8, 10, 4, 4, 4, 1, 7, 4, 5, 10, 7, 8, 1, 5, 3, 5, 7, 3, 5, 5, 8, 9, 9, 9, 4, 1, 10, 7, 2, 1, 8, 10, 6, 6, 9, 2, 7, 9, 7, 8, 8, 2, 1, 6, 5, 6, 4, 8, 2]
(0.4124370940543724, 0.20368429378177627, 0.9278577372068975)
[9, 5, 2, 4, 6, 9, 5, 10, 10, 2, 6, 1, 10, 8, 10, 4, 4, 4, 1, 7, 4, 5, 10, 7, 8, 1, 5, 3, 5, 7, 3, 5, 5, 8, 9, 9, 9, 4, 1, 10, 7, 2, 1, 8, 10, 6, 6, 9, 2, 7, 9, 7, 8, 8, 2, 1, 6, 5, 6, 4, 8, 2]
(0.4124370940543724, 0.20368429378177627, 0.9278577372068975)
[5, 5, 2, 4, 2, 2, 8, 10, 10, 9, 6, 1, 10, 8, 6, 4, 4, 6, 6, 7, 4, 2, 10, 8, 8, 1, 6, 3, 5, 9, 3, 9, 9, 10, 9, 9, 6, 4, 6, 10, 7, 2, 1, 9, 10, 6, 6, 9, 2, 7, 7, 6, 8, 9, 2, 1, 3, 4, 6, 4, 8, 2]
(0.41882620923628394, 0.3850368685879252, 0.754846858803412)
[5, 5, 2, 4, 2, 2, 8, 10, 10, 9, 6, 1, 10, 8, 6, 4, 4, 6, 6, 7, 4, 2, 10, 8, 8, 1, 6, 3, 5, 9, 3, 9, 9, 10, 9, 9, 6, 4, 6, 10, 7, 2, 1, 9, 10, 6, 6, 9, 2, 7, 7, 6, 8, 9, 2, 1, 3, 4, 6, 4, 8, 2]
(0.41882620923628394, 0.3850368685879252, 0.754846858803412)
[9, 5, 2, 4, 2, 3, 1, 10, 10, 9, 6, 5, 7, 8, 6, 4, 9, 4, 7, 9, 1, 2, 8, 1, 8, 10, 5, 2, 5, 9, 3, 9, 9, 10, 9, 9, 9, 7, 1, 10, 4, 2, 1, 4, 10, 8, 10, 10, 6, 6, 7, 6, 7, 8, 10, 1, 1, 1, 6, 4, 9, 1]
(0.8115545103591305, 0.5061317583991454, 0.2537484497511344)
[9, 6, 2, 9, 2, 3, 9, 10, 10, 5, 6, 1, 9, 8, 9, 4, 10, 7, 6, 7, 4, 1, 10, 8, 10, 1, 2, 3, 7, 3, 5, 9, 9, 10, 9, 6, 9, 6, 4, 9, 7, 1, 3, 10, 7, 9, 6, 9, 2, 7, 7, 6, 8, 9, 2, 1, 1, 5, 6, 4, 8, 2]
(0.42042941827271374, 0.554350597229177, 0.6258113001722456)
[9, 6, 2, 9, 2, 3, 9, 10, 10, 5, 6, 1, 9, 8, 9, 4, 10, 7, 6, 7, 4, 1, 10, 8, 10, 1, 2, 3, 7, 3, 5, 9, 9, 10, 9, 6, 9, 6, 4, 9, 7, 1, 3, 10, 7, 9, 6, 9, 2, 7, 7, 6, 8, 9, 2, 1, 1, 5, 6, 4, 8, 2]
(0.42042941827271374, 0.554350597229177, 0.6258113001722456)
[9, 5, 2, 4, 10, 4, 8, 10, 10, 10, 6, 2, 10, 8, 9, 4, 10, 6, 6, 7, 4, 7, 10, 2, 8, 4, 4, 3, 4, 6, 3, 9, 9, 10, 9, 4, 10, 6, 4, 10, 7, 8, 3, 10, 7, 9, 6, 9, 2, 7, 7, 6, 8, 9, 1, 1, 1, 5, 6, 4, 8, 2]
(0.42051711725862334, 0.5537661264650507, 0.6316881444608495)
[9, 5, 3, 4, 10, 4, 8, 10, 10, 9, 6, 1, 10, 8, 9, 4, 10, 6, 2, 7, 4, 7, 10, 5, 8, 1, 4, 3, 4, 6, 3, 9, 9, 5, 9, 4, 9, 6, 4, 9, 7, 8, 3, 10, 7, 9, 6, 9, 2, 7, 7, 6, 8, 9, 1, 1, 1, 5, 6, 4, 8, 2]
(0.42015163838221486, 0.5571499942882859, 0.6341258852403711)
[9, 5, 3, 4, 10, 4, 8, 10, 10, 9, 6, 6, 10, 8, 9, 4, 10, 6, 6, 7, 4, 7, 5, 8, 8, 1, 4, 3, 4, 6, 3, 9, 9, 10, 9, 6, 9, 6, 4, 9, 7, 9, 3, 10, 10, 9, 6, 9, 2, 7, 7, 6, 8, 9, 2, 1, 1, 5, 6, 4, 8, 2]
(0.4203825033507418, 0.5540375258409117, 0.6402406223849183)
[9, 5, 2, 4, 10, 4, 8, 10, 10, 10, 6, 6, 10, 8, 9, 4, 10, 6, 6, 7, 4, 7, 5, 8, 8, 1, 4, 3, 4, 6, 3, 9, 9, 10, 9, 6, 9, 6, 4, 9, 7, 9, 3, 10, 7, 9, 6, 9, 2, 7, 7, 6, 8, 9, 2, 1, 1, 5, 6, 4, 8, 2]
(0.419960906166552, 0.5560036108829063, 0.6397182730227332)
[9, 5, 2, 4, 6, 9, 5, 10, 10, 8, 1, 1, 10, 8, 6, 4, 4, 4, 1, 7, 6, 5, 10, 3, 8, 1, 5, 3, 5, 9, 3, 9, 9, 8, 9, 9, 9, 2, 3, 10, 10, 2, 1, 9, 10, 6, 6, 9, 2, 6, 7, 6, 8, 8, 2, 1, 1, 5, 6, 4, 8, 2]
(0.417575340123422, 0.5552698452633019, 0.6450579236607694)
[9, 5, 2, 4, 10, 4, 8, 10, 10, 10, 6, 2, 10, 8, 7, 4, 3, 6, 6, 7, 5, 7, 10, 8, 8, 1, 4, 3, 4, 6, 3, 9, 9, 10, 9, 4, 9, 6, 4, 9, 7, 8, 3, 10, 7, 9, 6, 9, 2, 7, 7, 6, 8, 9, 1, 1, 1, 5, 6, 4, 8, 2]
(0.4197241616514667, 0.5543838811673854, 0.643850886455675)
[9, 5, 7, 9, 3, 3, 1, 10, 10, 9, 6, 5, 7, 8, 6, 4, 9, 3, 7, 9, 1, 7, 8, 3, 8, 10, 1, 3, 8, 7, 3, 4, 2, 7, 1, 9, 9, 6, 1, 10, 8, 2, 1, 4, 10, 8, 10, 10, 6, 6, 7, 6, 7, 6, 10, 1, 1, 1, 6, 5, 9, 1]
(0.8129946631731715, 0.27124147959876543, 0.5772966241094829)
[9, 5, 10, 9, 2, 3, 1, 10, 10, 9, 6, 5, 7, 8, 6, 4, 9, 4, 7, 9, 1, 2, 8, 1, 8, 10, 5, 2, 5, 9, 3, 4, 2, 7, 1, 9, 9, 8, 1, 10, 4, 2, 1, 4, 10, 8, 10, 10, 6, 6, 7, 6, 7, 8, 10, 1, 1, 1, 6, 4, 9, 1]
(0.812710274130152, 0.2715055604638575, 0.5774263223541244)
[9, 5, 7, 9, 2, 3, 1, 10, 10, 9, 10, 5, 7, 9, 6, 4, 9, 4, 7, 5, 1, 4, 6, 1, 8, 9, 5, 2, 5, 9, 1, 9, 9, 10, 9, 9, 9, 3, 1, 10, 4, 1, 1, 4, 10, 8, 10, 10, 6, 6, 5, 6, 7, 6, 10, 1, 2, 1, 6, 4, 9, 1]
(0.8130708079444197, 0.2707005735551722, 0.5784880630559351)
[9, 5, 7, 9, 2, 3, 1, 10, 10, 9, 6, 5, 7, 8, 6, 4, 9, 4, 7, 9, 1, 2, 8, 1, 8, 10, 5, 2, 5, 9, 3, 9, 9, 10, 9, 9, 9, 8, 1, 10, 4, 2, 1, 4, 10, 8, 10, 10, 6, 6, 7, 6, 7, 8, 10, 1, 1, 1, 6, 4, 9, 1]
(0.8125890098897592, 0.27142415130077746, 0.5810666598481918)
[8, 5, 2, 4, 7, 2, 8, 10, 10, 9, 6, 5, 10, 8, 10, 8, 4, 6, 6, 7, 4, 7, 10, 8, 8, 1, 6, 3, 5, 9, 3, 9, 9, 8, 9, 9, 9, 2, 4, 5, 7, 1, 8, 9, 10, 6, 6, 9, 2, 7, 7, 6, 8, 9, 3, 1, 3, 4, 6, 4, 8, 2]
(0.4186689913387807, 0.38628013581319603, 0.9225902430717872)
[9, 5, 2, 4, 10, 2, 8, 10, 10, 9, 6, 5, 10, 8, 10, 8, 4, 6, 6, 7, 4, 7, 10, 8, 8, 1, 6, 3, 5, 9, 3, 9, 9, 8, 9, 9, 9, 2, 4, 6, 7, 1, 8, 9, 10, 6, 6, 9, 2, 7, 7, 6, 8, 9, 2, 1, 3, 4, 6, 4, 8, 2]
(0.418475388369831, 0.38682453723511323, 0.925663697291204)
[9, 5, 2, 4, 2, 3, 1, 10, 10, 4, 6, 3, 1, 8, 6, 4, 8, 3, 1, 3, 4, 5, 10, 10, 8, 10, 6, 3, 2, 7, 3, 10, 2, 10, 9, 9, 9, 6, 4, 5, 4, 4, 1, 6, 10, 8, 6, 9, 2, 6, 7, 6, 8, 9, 2, 1, 1, 1, 6, 4, 9, 1]
(0.2688344996766801, 0.54178512164027, 0.9260139283637578)
[9, 5, 2, 4, 2, 3, 1, 10, 10, 4, 6, 3, 1, 8, 6, 4, 8, 3, 1, 3, 4, 5, 10, 10, 8, 10, 6, 3, 2, 7, 3, 10, 2, 10, 9, 9, 9, 6, 4, 5, 4, 4, 1, 6, 10, 8, 6, 9, 2, 6, 7, 6, 8, 9, 2, 1, 1, 1, 6, 4, 9, 1]
(0.2688344996766801, 0.54178512164027, 0.9260139283637578)
[9, 5, 7, 4, 2, 3, 1, 10, 10, 9, 6, 5, 7, 8, 6, 4, 9, 5, 7, 5, 1, 4, 6, 1, 8, 9, 5, 2, 2, 3, 1, 9, 9, 10, 9, 10, 9, 6, 4, 7, 6, 2, 10, 9, 10, 8, 10, 9, 1, 6, 7, 6, 8, 9, 2, 1, 1, 1, 6, 4, 9, 1]
(0.16822238748783108, 0.9746309324167649, 0.6904636560090087)
[9, 5, 7, 4, 2, 3, 1, 10, 10, 9, 6, 5, 7, 8, 6, 4, 9, 5, 7, 5, 1, 4, 6, 1, 8, 9, 5, 2, 2, 3, 1, 9, 9, 10, 9, 10, 9, 6, 4, 7, 6, 2, 10, 9, 10, 8, 10, 9, 1, 6, 7, 6, 8, 9, 2, 1, 1, 1, 6, 4, 9, 1]
(0.16822238748783108, 0.9746309324167649, 0.6904636560090087)
[9, 5, 1, 4, 2, 3, 1, 10, 10, 9, 6, 7, 7, 8, 6, 4, 9, 5, 7, 5, 1, 4, 6, 1, 1, 9, 5, 2, 2, 3, 1, 9, 9, 10, 9, 10, 9, 6, 4, 7, 6, 2, 10, 9, 10, 8, 10, 9, 1, 6, 7, 6, 8, 9, 2, 1, 1, 1, 6, 4, 9, 1]
(0.16772937068740837, 0.9760419298894683, 0.6923601518914634)
[9, 5, 2, 4, 2, 3, 1, 10, 10, 9, 6, 5, 7, 8, 6, 4, 8, 5, 7, 5, 1, 4, 10, 1, 8, 9, 5, 2, 5, 3, 3, 9, 4, 10, 9, 10, 9, 6, 4, 7, 7, 2, 10, 9, 10, 8, 10, 9, 2, 6, 7, 6, 8, 9, 2, 1, 1, 1, 6, 4, 9, 1]
(0.1673086114923832, 0.9763721386902015, 0.6946984452752104)
[9, 5, 2, 4, 2, 1, 1, 10, 10, 4, 6, 3, 2, 8, 6, 4, 4, 5, 1, 5, 6, 2, 10, 1, 8, 10, 6, 6, 2, 7, 5, 4, 2, 7, 1, 9, 9, 8, 1, 10, 3, 2, 1, 9, 10, 8, 8, 9, 2, 6, 7, 6, 8, 9, 2, 1, 1, 1, 6, 4, 9, 1]
(0.20022237139847135, 0.9737492182292025, 0.6914990994652244)
[9, 5, 2, 4, 2, 1, 1, 10, 10, 4, 6, 3, 2, 8, 6, 4, 4, 5, 1, 5, 6, 2, 10, 1, 8, 10, 6, 6, 2, 7, 5, 4, 2, 7, 1, 9, 9, 8, 1, 10, 3, 2, 1, 9, 10, 8, 8, 9, 2, 6, 7, 6, 8, 9, 2, 1, 1, 1, 6, 4, 9, 1]
(0.20022237139847135, 0.9737492182292025, 0.6914990994652244)
[9, 5, 2, 4, 2, 1, 1, 10, 10, 4, 6, 3, 2, 8, 6, 4, 4, 5, 1, 5, 6, 2, 10, 1, 8, 10, 6, 6, 2, 7, 5, 4, 2, 7, 1, 9, 9, 8, 1, 10, 3, 2, 1, 9, 10, 8, 8, 9, 2, 6, 7, 6, 8, 9, 2, 1, 1, 1, 6, 4, 9, 1]
(0.20022237139847135, 0.9737492182292025, 0.6914990994652244)
[9, 5, 7, 4, 2, 3, 1, 10, 10, 9, 6, 5, 7, 8, 6, 4, 8, 5, 1, 5, 1, 4, 6, 1, 8, 9, 5, 2, 2, 8, 1, 9, 9, 10, 9, 10, 9, 6, 4, 7, 6, 2, 10, 9, 10, 8, 10, 9, 1, 6, 9, 6, 8, 9, 2, 1, 1, 1, 6, 4, 8, 1]
(0.20020719247227003, 0.9717477490194122, 0.6940486975012002)
[9, 5, 2, 4, 2, 1, 1, 10, 10, 4, 6, 3, 2, 8, 6, 4, 4, 5, 1, 5, 6, 5, 10, 1, 8, 10, 6, 6, 2, 7, 5, 4, 2, 7, 1, 9, 9, 8, 1, 10, 3, 2, 1, 4, 10, 7, 8, 9, 2, 6, 7, 6, 8, 9, 2, 1, 1, 1, 6, 4, 9, 1]
(0.2006199390749427, 0.9704701974056643, 0.69665547618154)
[9, 5, 2, 4, 2, 3, 1, 10, 10, 9, 6, 5, 7, 8, 6, 4, 8, 5, 7, 1, 1, 4, 10, 1, 8, 9, 5, 2, 5, 3, 3, 9, 4, 10, 9, 9, 9, 8, 1, 10, 3, 2, 9, 9, 10, 8, 8, 9, 2, 6, 7, 6, 8, 9, 2, 1, 1, 1, 6, 4, 9, 1]
(0.4091352926669087, 0.5428158648190601, 0.9232956899654607)
[9, 5, 2, 4, 10, 3, 1, 10, 10, 4, 6, 3, 2, 9, 6, 4, 8, 5, 1, 3, 4, 7, 10, 10, 8, 10, 6, 3, 2, 7, 5, 4, 5, 7, 1, 3, 9, 6, 1, 9, 3, 2, 5, 4, 10, 8, 8, 9, 2, 6, 7, 6, 8, 9, 2, 1, 1, 1, 6, 4, 9, 1]
(0.40891943694255223, 0.5430879504095911, 0.9269223435049565)
[9, 5, 2, 4, 10, 2, 8, 10, 10, 9, 6, 1, 10, 8, 6, 4, 4, 6, 6, 7, 4, 7, 10, 8, 8, 1, 6, 3, 2, 9, 3, 9, 9, 10, 9, 10, 6, 6, 4, 9, 7, 1, 8, 9, 10, 6, 6, 9, 2, 7, 7, 6, 8, 9, 2, 1, 3, 4, 6, 4, 8, 2]
(0.41722468947284735, 0.5534385492903688, 0.9092211670116278)
[9, 5, 7, 4, 2, 3, 2, 10, 10, 9, 6, 5, 7, 8, 8, 4, 8, 5, 1, 5, 1, 4, 6, 1, 8, 5, 5, 4, 2, 8, 1, 9, 9, 10, 9, 10, 9, 6, 4, 7, 6, 2, 10, 9, 10, 8, 10, 9, 1, 6, 9, 6, 8, 9, 2, 1, 1, 1, 6, 4, 8, 1]
(0.26906297926225, 0.9707103314809482, 0.6410978491980756)
[9, 5, 2, 4, 10, 3, 1, 10, 10, 5, 6, 3, 2, 8, 6, 4, 8, 5, 1, 3, 4, 7, 10, 10, 8, 10, 6, 3, 2, 7, 5, 4, 5, 7, 1, 3, 9, 6, 1, 9, 3, 2, 2, 4, 10, 8, 8, 9, 2, 6, 7, 6, 8, 9, 2, 1, 1, 1, 6, 4, 9, 1]
(0.4078143410627728, 0.5460249988888577, 0.9271005340950442)
[9, 5, 2, 4, 10, 2, 8, 10, 10, 9, 6, 1, 3, 8, 6, 4, 4, 6, 6, 7, 4, 7, 10, 8, 8, 1, 6, 3, 2, 9, 3, 9, 9, 10, 9, 10, 6, 6, 4, 9, 7, 1, 8, 9, 10, 6, 6, 9, 2, 7, 7, 6, 8, 9, 2, 1, 3, 4, 6, 4, 8, 2]
(0.41327567909096613, 0.552351525138414, 0.9179983218046082)
[9, 5, 2, 4, 10, 2, 8, 10, 10, 8, 1, 6, 10, 8, 6, 4, 4, 2, 6, 7, 4, 7, 10, 1, 8, 1, 6, 10, 5, 9, 3, 9, 9, 10, 9, 10, 6, 6, 4, 9, 7, 1, 8, 9, 10, 6, 6, 9, 2, 7, 7, 6, 8, 9, 2, 1, 3, 4, 6, 4, 8, 2]
(0.41751873570501824, 0.5534167615008401, 0.9156702139865616)
[9, 5, 2, 4, 10, 4, 8, 10, 10, 10, 6, 2, 10, 8, 6, 4, 4, 4, 1, 7, 6, 5, 6, 7, 8, 1, 5, 3, 7, 7, 3, 5, 10, 8, 9, 7, 9, 10, 5, 10, 7, 2, 1, 9, 10, 6, 6, 9, 2, 7, 9, 7, 7, 9, 2, 1, 3, 4, 6, 4, 8, 2]
(0.4179193667837421, 0.5532224277803738, 0.9178084884710281)
[9, 5, 7, 9, 2, 3, 1, 10, 10, 9, 6, 5, 7, 8, 6, 4, 9, 4, 7, 9, 1, 2, 8, 1, 8, 10, 5, 2, 5, 9, 3, 9, 9, 10, 9, 9, 9, 8, 1, 10, 4, 2, 1, 4, 10, 8, 10, 10, 6, 6, 7, 6, 7, 8, 10, 1, 1, 1, 6, 4, 9, 1]
(0.8110563554321835, 0.5079857720993455, 0.5801612738801384)
[9, 5, 7, 9, 2, 3, 1, 10, 10, 9, 6, 5, 7, 9, 6, 4, 9, 4, 7, 9, 1, 2, 8, 1, 8, 10, 5, 2, 5, 9, 6, 9, 9, 10, 9, 9, 9, 8, 1, 10, 4, 2, 1, 4, 10, 8, 10, 10, 1, 6, 7, 6, 7, 8, 10, 1, 1, 1, 6, 4, 9, 1]
(0.8109214728866381, 0.5087518825600648, 0.5820205645402118)
[9, 5, 2, 7, 10, 4, 8, 10, 10, 1, 6, 1, 10, 8, 6, 2, 6, 6, 6, 7, 4, 7, 10, 8, 8, 1, 6, 3, 5, 9, 3, 9, 9, 8, 9, 9, 9, 2, 3, 10, 10, 2, 1, 9, 10, 9, 6, 9, 2, 7, 7, 6, 8, 9, 2, 1, 1, 5, 6, 4, 8, 2]
(0.41938030729035597, 0.9734157686121742, 0.6319130003074588)
[9, 5, 2, 4, 10, 4, 8, 10, 10, 10, 6, 2, 10, 8, 6, 4, 4, 4, 1, 7, 6, 5, 6, 7, 8, 1, 5, 3, 7, 7, 3, 5, 10, 8, 9, 7, 9, 10, 5, 10, 7, 2, 1, 9, 10, 6, 6, 9, 2, 7, 9, 7, 7, 8, 2, 1, 1, 4, 6, 4, 8, 2]
(0.4191922750719788, 0.9741536329500358, 0.6409186808771962)
[9, 5, 2, 4, 6, 9, 5, 10, 10, 8, 1, 1, 10, 8, 6, 4, 4, 4, 1, 7, 6, 5, 10, 7, 8, 1, 5, 3, 5, 7, 3, 5, 10, 8, 9, 7, 9, 10, 5, 10, 7, 2, 1, 9, 10, 6, 6, 9, 2, 7, 9, 7, 7, 8, 2, 1, 1, 4, 6, 4, 8, 2]
(0.41705166549555506, 0.9689604303799552, 0.6482650412608889)
[9, 5, 2, 4, 6, 9, 5, 10, 10, 8, 1, 1, 10, 8, 6, 4, 4, 4, 1, 7, 6, 5, 10, 7, 8, 1, 5, 3, 5, 7, 3, 5, 10, 8, 9, 7, 9, 10, 5, 10, 7, 2, 1, 9, 10, 6, 6, 9, 2, 7, 9, 7, 7, 8, 2, 1, 1, 4, 6, 4, 8, 2]
(0.41705166549555506, 0.9689604303799552, 0.6482650412608889)
[9, 5, 2, 4, 6, 9, 5, 10, 10, 8, 1, 1, 10, 8, 6, 4, 4, 4, 1, 7, 6, 5, 10, 7, 8, 1, 5, 3, 5, 7, 3, 5, 10, 8, 9, 7, 9, 10, 5, 10, 7, 2, 1, 9, 10, 6, 6, 9, 2, 7, 9, 7, 7, 8, 2, 1, 1, 4, 6, 4, 8, 2]
(0.41705166549555506, 0.9689604303799552, 0.6482650412608889)
[9, 5, 2, 4, 6, 9, 5, 10, 10, 8, 1, 1, 10, 8, 6, 4, 4, 4, 1, 7, 6, 5, 10, 7, 8, 1, 5, 3, 5, 7, 3, 5, 10, 8, 9, 7, 9, 10, 5, 10, 7, 2, 1, 9, 10, 6, 6, 9, 2, 7, 9, 7, 7, 8, 2, 1, 1, 4, 6, 4, 8, 2]
(0.41705166549555506, 0.9689604303799552, 0.6482650412608889)
[9, 5, 2, 4, 6, 10, 5, 10, 10, 8, 1, 1, 10, 8, 6, 4, 4, 4, 1, 7, 6, 5, 10, 7, 8, 1, 5, 3, 5, 7, 3, 5, 10, 8, 9, 7, 9, 10, 5, 10, 7, 2, 1, 9, 10, 6, 6, 9, 2, 7, 9, 7, 7, 8, 2, 1, 1, 4, 6, 4, 8, 2]
(0.4169947096886157, 0.9699795355088991, 0.6476806327928946)
[9, 5, 7, 4, 2, 3, 1, 10, 10, 2, 6, 5, 7, 8, 6, 4, 9, 5, 7, 5, 1, 4, 4, 1, 5, 9, 5, 2, 2, 3, 1, 9, 2, 7, 1, 9, 9, 8, 1, 10, 3, 2, 1, 9, 10, 8, 9, 9, 2, 6, 7, 6, 8, 9, 2, 1, 1, 1, 6, 4, 9, 1]
(0.16828469702011647, 0.9727896763943117, 0.9133554015139642)
[3, 5, 6, 4, 2, 2, 8, 10, 10, 2, 6, 1, 10, 8, 6, 4, 4, 3, 6, 7, 4, 7, 10, 8, 8, 1, 6, 3, 5, 9, 3, 9, 9, 10, 9, 10, 6, 6, 4, 9, 7, 1, 8, 10, 7, 8, 4, 9, 6, 5, 7, 6, 5, 9, 2, 1, 3, 4, 6, 4, 8, 2]
(0.4147550728969299, 0.9684545115567725, 0.6795594443038435)
[3, 5, 6, 4, 2, 2, 8, 10, 10, 2, 6, 1, 10, 8, 6, 4, 4, 3, 6, 7, 4, 7, 10, 8, 8, 1, 6, 3, 5, 9, 3, 9, 9, 10, 9, 10, 6, 6, 4, 9, 7, 1, 8, 10, 7, 8, 4, 9, 6, 5, 7, 6, 5, 9, 2, 1, 3, 4, 6, 4, 8, 2]
(0.4147550728969299, 0.9684545115567725, 0.6795594443038435)
[3, 5, 6, 4, 2, 2, 8, 10, 10, 2, 6, 1, 10, 8, 6, 4, 4, 3, 6, 7, 4, 7, 10, 8, 8, 1, 6, 3, 5, 9, 3, 9, 9, 10, 9, 10, 6, 6, 4, 9, 7, 1, 8, 10, 7, 8, 4, 9, 6, 5, 7, 6, 5, 9, 2, 1, 3, 4, 6, 4, 8, 2]
(0.4147550728969299, 0.9684545115567725, 0.6795594443038435)
[9, 5, 7, 4, 2, 4, 1, 10, 10, 9, 6, 5, 10, 8, 6, 4, 8, 5, 1, 5, 1, 4, 6, 1, 8, 9, 5, 2, 2, 8, 1, 9, 9, 10, 9, 10, 9, 6, 4, 7, 6, 2, 10, 9, 10, 8, 10, 9, 1, 6, 9, 6, 8, 9, 2, 1, 1, 1, 6, 4, 8, 1]
(0.40819025465091335, 0.9699861901812237, 0.6896131124579503)
[9, 5, 7, 4, 2, 3, 1, 10, 10, 2, 6, 5, 7, 8, 6, 4, 9, 5, 7, 5, 1, 4, 6, 1, 6, 9, 5, 2, 2, 3, 1, 9, 2, 7, 1, 9, 9, 8, 1, 10, 3, 2, 1, 9, 10, 8, 8, 9, 2, 6, 7, 6, 8, 9, 2, 1, 1, 1, 6, 4, 9, 1]
(0.16724763875062498, 0.9738203533925096, 0.9296485074295345)
[9, 5, 1, 4, 2, 3, 1, 10, 10, 4, 4, 9, 9, 8, 6, 4, 8, 4, 1, 3, 4, 5, 10, 10, 8, 1, 6, 3, 5, 6, 3, 4, 7, 10, 9, 7, 7, 10, 4, 8, 7, 5, 1, 6, 10, 8, 6, 9, 2, 10, 5, 4, 3, 6, 5, 5, 1, 2, 6, 4, 9, 1]
(0.408996470507085, 0.9687146569602173, 0.6937550543582719)
[9, 5, 7, 4, 2, 3, 1, 10, 10, 2, 6, 5, 7, 8, 6, 4, 9, 5, 7, 5, 1, 4, 6, 1, 6, 9, 5, 2, 2, 3, 1, 9, 2, 7, 1, 9, 9, 8, 1, 10, 3, 2, 1, 9, 10, 8, 8, 9, 2, 6, 7, 6, 8, 9, 2, 1, 1, 1, 6, 4, 9, 1]
(0.16807121232411598, 0.9758787999860922, 0.9278814032157181)
[9, 5, 7, 4, 2, 3, 1, 10, 10, 2, 6, 5, 7, 8, 6, 4, 9, 5, 7, 5, 1, 4, 6, 1, 6, 9, 5, 2, 2, 3, 1, 9, 2, 7, 1, 9, 9, 8, 1, 10, 3, 2, 1, 9, 10, 8, 8, 9, 2, 6, 7, 6, 8, 9, 2, 1, 1, 1, 6, 4, 9, 1]
(0.16807121232411598, 0.9758787999860922, 0.9278814032157181)
[9, 5, 7, 4, 2, 3, 1, 10, 10, 2, 6, 5, 7, 8, 6, 4, 9, 5, 7, 5, 1, 4, 6, 1, 6, 9, 5, 2, 2, 3, 1, 9, 2, 7, 1, 9, 9, 8, 1, 10, 3, 2, 1, 9, 10, 8, 8, 9, 2, 6, 7, 6, 8, 9, 2, 1, 1, 1, 6, 4, 9, 1]
(0.16807121232411598, 0.9758787999860922, 0.9278814032157181)
[9, 5, 7, 4, 2, 3, 1, 10, 10, 2, 6, 5, 7, 8, 6, 4, 9, 5, 7, 5, 1, 4, 6, 1, 6, 9, 5, 2, 2, 3, 1, 9, 2, 7, 1, 9, 9, 8, 1, 10, 3, 2, 1, 9, 10, 8, 8, 9, 2, 6, 7, 6, 8, 9, 2, 1, 1, 1, 6, 4, 9, 1]
(0.16807121232411598, 0.9758787999860922, 0.9278814032157181)
[9, 5, 7, 4, 2, 3, 1, 10, 10, 2, 6, 5, 7, 8, 6, 4, 9, 5, 7, 5, 1, 4, 6, 1, 6, 9, 5, 2, 2, 3, 1, 9, 2, 7, 1, 9, 9, 8, 1, 10, 3, 2, 1, 9, 10, 8, 8, 9, 2, 6, 7, 6, 8, 9, 2, 1, 1, 1, 6, 4, 9, 1]
(0.16807121232411598, 0.9758787999860922, 0.9278814032157181)
[9, 5, 7, 4, 2, 3, 1, 10, 10, 9, 6, 5, 10, 8, 6, 4, 8, 5, 1, 5, 1, 4, 6, 1, 8, 9, 5, 2, 2, 8, 1, 9, 9, 10, 9, 10, 9, 3, 4, 7, 6, 2, 10, 9, 10, 8, 10, 9, 1, 6, 7, 6, 7, 9, 2, 1, 1, 1, 6, 4, 9, 1]
(0.19959392579103633, 0.9737650088034551, 0.9093643487181037)
[7, 5, 2, 4, 2, 3, 3, 10, 10, 9, 9, 5, 7, 8, 3, 9, 4, 4, 1, 3, 4, 5, 10, 10, 8, 1, 5, 6, 5, 3, 3, 4, 3, 8, 9, 9, 9, 6, 1, 10, 7, 2, 1, 6, 4, 8, 6, 9, 2, 7, 8, 6, 8, 9, 2, 1, 2, 4, 6, 4, 9, 2]
(0.4107977112888763, 0.9574107698164864, 0.8320366340468915)
[9, 5, 1, 4, 2, 3, 1, 10, 10, 4, 4, 9, 9, 8, 6, 4, 8, 3, 1, 3, 4, 5, 10, 10, 8, 1, 6, 3, 5, 2, 3, 4, 7, 10, 9, 7, 7, 10, 4, 8, 7, 4, 1, 6, 10, 8, 6, 9, 2, 10, 5, 4, 3, 6, 5, 5, 1, 2, 6, 4, 9, 1]
(0.4073704526201284, 0.9680330947972816, 0.9176092631587421)
[9, 5, 1, 4, 2, 3, 1, 10, 10, 4, 4, 9, 9, 8, 6, 4, 8, 3, 1, 3, 4, 5, 10, 10, 8, 1, 6, 3, 5, 2, 3, 4, 7, 10, 9, 7, 7, 10, 4, 8, 7, 4, 1, 6, 10, 8, 6, 9, 2, 10, 5, 4, 3, 6, 5, 5, 1, 2, 6, 4, 9, 1]
(0.4073704526201284, 0.9680330947972816, 0.9176092631587421)
[9, 5, 1, 4, 2, 3, 1, 10, 10, 4, 4, 9, 9, 8, 6, 4, 8, 3, 1, 3, 4, 5, 10, 10, 8, 1, 6, 3, 5, 2, 3, 4, 7, 10, 9, 7, 7, 10, 4, 8, 7, 4, 1, 6, 10, 8, 6, 9, 2, 10, 5, 4, 3, 6, 5, 5, 1, 2, 6, 4, 9, 1]
(0.4073704526201284, 0.9680330947972816, 0.9176092631587421)
[9, 5, 1, 4, 2, 3, 1, 10, 10, 4, 4, 9, 9, 8, 6, 4, 8, 3, 1, 3, 4, 5, 10, 10, 8, 1, 6, 3, 5, 2, 3, 4, 7, 10, 9, 7, 7, 10, 4, 8, 7, 4, 1, 6, 10, 8, 6, 9, 2, 10, 5, 4, 3, 6, 5, 5, 1, 2, 6, 4, 9, 1]
(0.40817413514551354, 0.9672637769021076, 0.9188668423367827)
