Matsuoka quadruped, body parameters:[3, 9, 4, 1, 7, 7, 4, 4, 10, 10, 3, 10, 1, 1, 8, 2, 1, 10, 2, 10, 10, 9, 5, 7, 9, 8, 9, 9, 6, 8, 9, 1]
{'b': 0.06, 'gam': 0.09000000000000001, 'x0': 0.4, 'c': 0.5, 'a': 1.4}
Inter-module:
[[ 0.  -0.8 -1.4 -0.2]
 [-1.4  0.  -0.2 -1.6]
 [-1.4 -0.2  0.  -0.8]
 [-0.2 -1.6 -1.4  0. ]]
Intra-module:
[[ 0.  -0.2 -1.4]
 [-0.2  0.   1.8]
 [ 1.4 -0.2  0. ]]
Bias:[2.  1.1 1.1]
Drive coeff:[ 0.5 -0.7 -0.9]
gen	evals	std                               	min       	avg                               	max                               
0  	92   	[0.01945923 0.01423517 0.01871831]	[0. 0. 0.]	[0.00261396 0.00149225 0.00196221]	[0.17746596 0.13728715 0.18052355]
1  	92   	[0.02586921 0.01423517 0.02693284]	[0. 0. 0.]	[0.00442979 0.00149225 0.00401389]	[0.17746596 0.13728715 0.18875445]
2  	92   	[0.02637385 0.01479565 0.03166239]	[0. 0. 0.]	[0.00501891 0.00193182 0.00580366]	[0.17746596 0.13728715 0.18875445]
3  	92   	[0.04644227 0.06565268 0.04741006]	[0. 0. 0.]	[0.01220376 0.00928116 0.01234831]	[0.23038455 0.61682112 0.24327878]
4  	92   	[0.05442023 0.07079201 0.05847645]	[0. 0. 0.]	[0.01921664 0.01472414 0.01989442]	[0.23038455 0.61682112 0.24327878]
5  	92   	[0.06444868 0.1023266  0.06766517]	[ 0.          0.         -0.02446671]	[0.02861583 0.03236592 0.02935501]	[0.23093711 0.61682112 0.24327878]
6  	92   	[0.07685948 0.13095398 0.11449211]	[ 0.          0.         -0.02446671]	[0.04711251 0.060994   0.05823124]	[0.23093711 0.61682112 0.80957467]
7  	92   	[0.08015864 0.14967554 0.14612506]	[ 0.          0.         -0.02446671]	[0.07220574 0.10988676 0.10472494]	[0.23093711 0.61682112 0.80957467]
8  	92   	[0.08349734 0.19909681 0.18131597]	[ 0.          0.         -0.02446671]	[0.11986321 0.21256777 0.18563177]	[0.2994397  1.00269649 0.82418616]
9  	92   	[0.08455756 0.23350189 0.2157321 ]	[ 0.          0.         -0.00410185]	[0.14973243 0.27442755 0.23882048]	[0.33167163 1.00269649 0.82418616]
10 	92   	[0.09814314 0.24322915 0.24085738]	[ 0.          0.         -0.01929357]	[0.17754673 0.34302069 0.28216569]	[0.64623306 1.00269649 0.82418616]
11 	92   	[0.10377239 0.24453762 0.26562541]	[0. 0. 0.]                           	[0.21058125 0.43823412 0.33524627]	[0.6467407  1.00269649 0.82418616]
12 	92   	[0.09897914 0.26082802 0.28835391]	[0. 0. 0.]                           	[0.22998969 0.50099519 0.36054688]	[0.6467407  1.00269649 0.82418616]
13 	92   	[0.12532883 0.24590644 0.29145037]	[0. 0. 0.]                           	[0.24978922 0.57046079 0.44727855]	[0.6494443  1.00560526 0.83232684]
14 	92   	[0.1391059  0.23851668 0.29484681]	[0. 0. 0.]                           	[0.26690828 0.63718256 0.48700913]	[0.6494443  1.00937633 0.83232684]
15 	92   	[0.16121965 0.23403159 0.29038062]	[0. 0. 0.]                           	[0.29225827 0.6322312  0.56268098]	[0.65172915 1.00937633 0.83265756]
16 	92   	[0.1769681  0.22100342 0.28593082]	[0. 0. 0.]                           	[0.2997672  0.68899538 0.56137096]	[0.65172915 1.00937633 0.83265756]
17 	92   	[0.18922771 0.24393999 0.2938606 ]	[0. 0. 0.]                           	[0.3333743  0.65245202 0.58288952]	[0.65172915 1.01045498 0.83426451]
18 	92   	[0.19967996 0.23142677 0.29577295]	[0. 0. 0.]                           	[0.37933108 0.69794629 0.60962246]	[0.65172915 1.01112961 0.83426451]
19 	92   	[0.20657536 0.22758298 0.28559899]	[0. 0. 0.]                           	[0.37373284 0.69119444 0.6331692 ]	[0.65172915 1.01127324 0.83426451]
20 	92   	[0.20769846 0.22750677 0.29052587]	[0. 0. 0.]                           	[0.3999298  0.69950341 0.62512968]	[0.65172915 1.01127324 0.83426451]
21 	92   	[0.20882708 0.23763531 0.29185101]	[0. 0. 0.]                           	[0.40593221 0.70059697 0.62967541]	[0.65172915 1.01164705 0.83549783]
22 	92   	[0.20070159 0.262647   0.28695769]	[0. 0. 0.]                           	[0.40269093 0.73762882 0.62818175]	[0.65172915 1.01257761 0.83684301]
23 	92   	[0.20288012 0.26800409 0.27413422]	[0. 0. 0.]                           	[0.40218551 0.73806184 0.64097713]	[0.65172915 1.01257761 0.83684301]
24 	92   	[0.1959487  0.25564965 0.27348219]	[0. 0. 0.]                           	[0.40362896 0.76590147 0.63129251]	[0.65172915 1.01257761 0.83684301]
25 	92   	[0.19508131 0.23003085 0.28119813]	[0. 0. 0.]                           	[0.41016714 0.77974731 0.61745283]	[0.65172915 1.01257761 0.83684301]
26 	92   	[0.19263941 0.22774264 0.26835348]	[0. 0. 0.]                           	[0.4216965  0.7778632  0.64128035]	[0.65172915 1.01257761 0.83684301]
27 	92   	[0.19558587 0.22266367 0.25013222]	[0.         0.         0.04827191]   	[0.41642003 0.75299541 0.676833  ]	[0.65297878 1.01257761 0.83720538]
28 	92   	[0.19250785 0.1907733  0.26293107]	[0.         0.60238704 0.        ]   	[0.39940029 0.78198876 0.65741002]	[0.65297878 1.01257761 0.83852518]
29 	92   	[0.16361014 0.19394146 0.27211095]	[0.         0.60442088 0.        ]   	[0.33774551 0.81537847 0.62632247]	[0.65297878 1.01290418 0.83852518]
30 	92   	[0.168916   0.19290742 0.27247911]	[0.         0.61166771 0.        ]   	[0.34596162 0.82000631 0.6259951 ]	[0.65297878 1.01290418 0.83852518]
31 	92   	[0.17719098 0.19267954 0.2724181 ]	[0.         0.61166771 0.        ]   	[0.35669617 0.80784329 0.62598895]	[0.65297878 1.01290418 0.83852518]
32 	92   	[0.18054717 0.19247203 0.27656486]	[0.         0.61166771 0.        ]   	[0.37358074 0.80359602 0.61291631]	[0.65297878 1.01290418 0.83852518]
33 	92   	[0.1920409  0.213719   0.27105581]	[ 0.         -0.11071476  0.        ]	[0.4116159  0.79487663 0.62299667]	[0.65297878 1.01290418 0.83912067]
34 	92   	[0.18850621 0.21867527 0.27323106]	[ 0.         -0.11071476  0.        ]	[0.38831737 0.82598727 0.60326868]	[0.65345282 1.01290418 0.83912067]
35 	92   	[0.19408293 0.23440588 0.27257569]	[ 0.18596123 -0.11071476  0.        ]	[0.40188809 0.81162236 0.59235836]	[0.65536934 1.01290418 0.83912067]
36 	92   	[0.19511747 0.23320906 0.28556996]	[ 0.18596123 -0.11071476  0.        ]	[0.42216011 0.78716436 0.58177025]	[0.65536934 1.01290418 0.83912067]
37 	92   	[0.19346092 0.23592137 0.28951822]	[ 0.18596123 -0.11071476  0.        ]	[0.42413749 0.78949599 0.58093654]	[0.65536934 1.01709236 0.83912067]
38 	92   	[0.19121868 0.24249079 0.30335966]	[ 0.18596123 -0.11071476  0.        ]	[0.41739211 0.7879468  0.56583199]	[0.65634481 1.01709236 0.83912067]
39 	92   	[0.19108461 0.24493712 0.31212472]	[ 0.18596123 -0.11071476  0.        ]	[0.41735699 0.79023341 0.55924182]	[0.65634481 1.01709236 0.83912067]
40 	92   	[0.1927183  0.24500736 0.31629957]	[ 0.18596123 -0.11071476  0.        ]	[0.4207007 0.7903851 0.5503331]   	[0.65634481 1.01709236 0.83912067]
41 	92   	[0.19214254 0.24699065 0.3126273 ]	[ 0.1860232  -0.11071476  0.        ]	[0.41610586 0.78850279 0.5535173 ]	[0.65634481 1.01709236 0.83927887]
42 	92   	[0.19066165 0.23678519 0.29243883]	[ 0.1860232  -0.11071476  0.        ]	[0.43268157 0.81156218 0.54270124]	[0.65634481 1.01709236 0.84118489]
43 	92   	[0.19415774 0.23279238 0.28866455]	[ 0.1860232  -0.11071476  0.        ]	[0.46310957 0.7830012  0.57864341]	[0.65634481 1.01709236 0.84118489]
44 	92   	[0.19716874 0.231657   0.28254936]	[ 0.18587949 -0.11071476  0.        ]	[0.45299182 0.79700572 0.59072965]	[0.65634481 1.01709236 0.84118489]
45 	92   	[0.19515621 0.23084662 0.28652356]	[ 0.18587949 -0.11071476  0.        ]	[0.46299657 0.78850791 0.58591387]	[0.65634481 1.01709236 0.84118489]
46 	92   	[0.19601269 0.22851308 0.27416164]	[ 0.18587949 -0.11071476  0.        ]	[0.45844973 0.8048673  0.61509344]	[0.65634481 1.01709236 0.84118489]
47 	92   	[0.19154959 0.22760809 0.28129659]	[ 0.18587949 -0.11071476  0.        ]	[0.47480953 0.81170828 0.58679675]	[0.65634481 1.01709236 0.84118489]
48 	92   	[0.19098677 0.22633846 0.28411523]	[ 0.18587949 -0.11071476  0.        ]	[0.47352835 0.8393269  0.54986061]	[0.72886488 1.01709236 0.84118489]
49 	92   	[0.19109323 0.22982167 0.28729865]	[ 0.18587949 -0.11071476  0.        ]	[0.47742948 0.8293234  0.55010438]	[0.72886488 1.01709236 0.84118489]
50 	92   	[0.18946717 0.22665349 0.28246236]	[ 0.18587949 -0.11071476  0.        ]	[0.47141511 0.83992228 0.56412932]	[0.72886488 1.01709236 0.84118489]
51 	92   	[0.18615238 0.24537698 0.28443177]	[ 0.18587949 -0.11071476  0.        ]	[0.4816564  0.81690442 0.57123585]	[0.72886488 1.01709236 0.84118489]
52 	92   	[0.18636235 0.2432221  0.28299151]	[ 0.18587949 -0.11071476  0.        ]	[0.47417402 0.82618467 0.56292905]	[0.72886488 1.01709236 0.84118489]
53 	92   	[0.18583096 0.24367558 0.28368117]	[ 0.18587949 -0.11071476  0.        ]	[0.47526473 0.81813044 0.56703889]	[0.72886488 1.01709236 0.84118489]
54 	92   	[0.18578217 0.28183334 0.2840024 ]	[ 0.18587949 -0.11071476  0.        ]	[0.47522501 0.79387761 0.56738895]	[0.72886488 1.01709236 0.84118489]
55 	92   	[0.17560903 0.29752746 0.27559516]	[ 0.18587949 -0.11071476  0.        ]	[0.53124516 0.74092634 0.62015703]	[0.72886488 1.01709236 0.84118489]
56 	92   	[0.17951033 0.28126155 0.26223732]	[ 0.18587949 -0.11071476  0.        ]	[0.53160655 0.72481434 0.65124795]	[0.72909204 1.01709236 0.84118489]
57 	92   	[0.18077907 0.27512369 0.26327477]	[ 0.18587949 -0.11071476  0.        ]	[0.52803063 0.73833671 0.64481732]	[0.72909204 1.01709236 0.84118489]
58 	92   	[0.18023386 0.28492878 0.27149285]	[ 0.18587949 -0.11071476  0.        ]	[0.53256909 0.74306798 0.63057912]	[0.72909204 1.01709236 0.84118489]
59 	92   	[0.17628398 0.27581461 0.27014306]	[ 0.18587949 -0.11071476  0.        ]	[0.5397246  0.7531801  0.63239927]	[0.72909204 1.01709236 0.84118489]
60 	92   	[0.17691144 0.25492014 0.27510276]	[ 0.18587949 -0.11071476  0.        ]	[0.54801187 0.77771104 0.62760909]	[0.72909204 1.01709236 0.84118489]
61 	92   	[0.17600362 0.25616805 0.27089573]	[ 0.18587949 -0.11071476  0.        ]	[0.55504298 0.77463561 0.64034758]	[0.72915189 1.01709236 0.84118489]
62 	92   	[0.1687027  0.250782   0.25448896]	[0.18587949 0.         0.        ]   	[0.56653159 0.76723088 0.66592238]	[0.72915189 1.01709236 0.84118489]
63 	92   	[0.16723406 0.24993844 0.26319647]	[0.18587949 0.         0.        ]   	[0.57124869 0.75828862 0.65701321]	[0.73015887 1.01709236 0.84118489]
64 	92   	[0.1661393  0.24841822 0.26172886]	[0.18587949 0.         0.        ]   	[0.57677122 0.74521653 0.66348537]	[0.73015887 1.01709236 0.84118489]
65 	92   	[0.17065289 0.23295739 0.25979018]	[0.18587949 0.         0.        ]   	[0.57795215 0.75028492 0.65355672]	[0.73015887 1.01709236 0.84118489]
66 	92   	[0.16491308 0.23107922 0.26042701]	[0.18587949 0.         0.        ]   	[0.58713981 0.74118469 0.65668526]	[0.73015887 1.01709236 0.84118489]
67 	92   	[0.16897763 0.21720318 0.25924482]	[0.18587949 0.         0.        ]   	[0.58297351 0.74420889 0.65257619]	[0.73015887 1.01709236 0.84118489]
68 	92   	[0.16890025 0.22928858 0.25624796]	[0.18587949 0.         0.        ]   	[0.58289659 0.73378977 0.65897097]	[0.73015887 1.01709236 0.84118489]
69 	92   	[0.16573854 0.23014477 0.25693478]	[0.18587949 0.         0.        ]   	[0.58401966 0.73874045 0.66021372]	[0.73114544 1.01709236 0.84118489]
70 	92   	[0.17574925 0.23107947 0.25204589]	[0.18587949 0.         0.        ]   	[0.57165844 0.76058027 0.65263425]	[0.73114544 1.01709236 0.84118489]
71 	92   	[0.17650796 0.22612769 0.25035971]	[0.18587949 0.         0.        ]   	[0.57278668 0.76359481 0.65427423]	[0.73114544 1.01709236 0.84118489]
72 	92   	[0.17638244 0.22530797 0.24848969]	[0.18587949 0.         0.        ]   	[0.57756843 0.7534691  0.66931182]	[0.73114544 1.01709236 0.84118489]
73 	92   	[0.17757824 0.22777512 0.2563317 ]	[0.18587949 0.         0.        ]   	[0.57958404 0.75657591 0.6584177 ]	[0.73114544 1.01709236 0.84118489]
74 	92   	[0.17872457 0.23934491 0.227629  ]	[0.18587949 0.         0.        ]   	[0.57726793 0.75132359 0.68409634]	[0.73143829 1.01709236 0.84118489]
75 	92   	[0.17961455 0.23894028 0.23596229]	[0.18587949 0.         0.        ]   	[0.57457291 0.76037624 0.66987912]	[0.73143829 1.01709236 0.84118489]
76 	92   	[0.17965626 0.23262977 0.23880715]	[0.18587949 0.         0.        ]   	[0.57465726 0.75853022 0.66429853]	[0.73143829 1.01709236 0.84118489]
77 	92   	[0.1918515  0.22486564 0.23533887]	[0.18587949 0.         0.        ]   	[0.55972358 0.76346457 0.67047005]	[0.73143829 1.01709236 0.84118489]
78 	92   	[0.17967289 0.23149403 0.24169812]	[0.18587949 0.         0.        ]   	[0.57464822 0.76823051 0.66021186]	[0.73143829 1.01709236 0.86326028]
79 	92   	[0.1849501  0.22996297 0.24486733]	[0.18587949 0.         0.        ]   	[0.56904646 0.75080746 0.66243523]	[0.73143829 1.01709236 0.86326028]
80 	92   	[0.1934523  0.23595558 0.25320418]	[0.18587949 0.         0.        ]   	[0.55317524 0.78794326 0.63410907]	[0.73143829 1.01709236 0.86326028]
81 	92   	[0.19906158 0.23618189 0.26074979]	[0.18587949 0.         0.        ]   	[0.54482614 0.77315059 0.62840003]	[0.73143829 1.01709236 0.86326028]
82 	92   	[0.20348539 0.23735535 0.25634038]	[0.18587949 0.         0.        ]   	[0.53884078 0.76709603 0.63923509]	[0.73143829 1.01709236 0.86326028]
83 	92   	[0.19979452 0.2353836  0.24707919]	[0.18587949 0.         0.        ]   	[0.54701815 0.75859661 0.64798847]	[0.73143829 1.01709236 0.86326028]
84 	92   	[0.19837608 0.23886037 0.25835291]	[0.18587949 0.         0.        ]   	[0.54559754 0.75179616 0.648114  ]	[0.73143829 1.01709236 0.86326028]
85 	92   	[0.19701599 0.2609796  0.2438095 ]	[0.18587949 0.         0.        ]   	[0.54259825 0.74449392 0.66736932]	[0.73143829 1.01709236 0.86326028]
86 	92   	[0.20500489 0.2623504  0.24387731]	[0.1778353 0.        0.       ]      	[0.53345297 0.74346876 0.66746157]	[0.73143829 1.01709236 0.86326028]
87 	92   	[0.20130631 0.24505118 0.23033594]	[0.1778353 0.        0.       ]      	[0.5432241  0.74707403 0.67966867]	[0.73143829 1.01709236 0.86326028]
88 	92   	[0.20191912 0.23873523 0.24033273]	[0.1778353 0.        0.       ]      	[0.544058   0.75107771 0.67068188]	[0.73143829 1.01709236 0.86326028]
89 	92   	[0.19941029 0.22795525 0.26030886]	[0.1778353 0.        0.       ]      	[0.560298   0.71122776 0.67544795]	[0.73143829 1.01709236 0.86326028]
90 	92   	[0.20646118 0.23533392 0.25443879]	[0.1778353 0.        0.       ]      	[0.55414081 0.70452155 0.67918194]	[0.73143829 1.01709236 0.86326028]
91 	92   	[0.21157503 0.23394674 0.24070085]	[0.1778353 0.        0.       ]      	[0.543631   0.70610683 0.69465784]	[0.73143829 1.01709236 0.86326028]
92 	92   	[0.21091831 0.2361585  0.24108083]	[0.1778353 0.        0.       ]      	[0.54304421 0.70432856 0.69617695]	[0.73143829 1.01709236 0.86326028]
93 	92   	[0.20347492 0.25682152 0.225687  ]	[0.1778353 0.        0.       ]      	[0.55770085 0.68361104 0.70775372]	[0.73143829 1.01709236 0.86326028]
94 	92   	[0.20453534 0.23024188 0.22601889]	[0.1778353 0.        0.       ]      	[0.56465125 0.68851216 0.70145047]	[0.73143829 1.01709236 0.86326028]
95 	92   	[0.21439563 0.24321155 0.22602112]	[0.1778353 0.        0.       ]      	[0.54938441 0.7067059  0.70145177]	[0.73143829 1.01709236 0.86326028]
96 	92   	[0.22087294 0.24324738 0.25313382]	[0. 0. 0.]                           	[0.54589687 0.68731039 0.67948887]	[0.73143829 1.01921774 0.86326028]
97 	92   	[0.21443772 0.24086683 0.25394171]	[0. 0. 0.]                           	[0.56193953 0.69576287 0.66868593]	[0.73143829 1.01921774 0.86326028]
98 	92   	[0.21774562 0.23981062 0.24056019]	[0. 0. 0.]                           	[0.55680145 0.6894921  0.68340654]	[0.73143829 1.01921774 0.86326028]
99 	92   	[0.21117329 0.25042442 0.2338023 ]	[0. 0. 0.]                           	[0.56568953 0.67083848 0.68633043]	[0.73143829 1.01921774 0.86326028]
100	92   	[0.2100176  0.24138128 0.2336968 ]	[0. 0. 0.]                           	[0.56639504 0.69002995 0.6862296 ]	[0.73143829 1.01921774 0.86326028]
101	92   	[0.2080992  0.23399385 0.21377505]	[0. 0. 0.]                           	[0.56141408 0.69588782 0.70729324]	[0.73143829 1.01921774 0.86326028]
102	92   	[0.21316849 0.23825418 0.19838461]	[0. 0. 0.]                           	[0.55405538 0.70453622 0.72616183]	[0.73143829 1.01921774 0.86326028]
103	92   	[0.21587965 0.24018156 0.2038262 ]	[0. 0. 0.]                           	[0.55186326 0.70879914 0.72041562]	[0.73143829 1.01921774 0.86326028]
104	92   	[0.20626484 0.23664189 0.21659332]	[0. 0. 0.]                           	[0.56789152 0.69955016 0.71114119]	[0.73143829 1.01921774 0.86326028]
105	92   	[0.20193265 0.24448496 0.21342594]	[0. 0. 0.]                           	[0.57175193 0.69730535 0.70823397]	[0.73143829 1.01921774 0.86326028]
106	92   	[0.20041633 0.23316046 0.21291375]	[0. 0. 0.]                           	[0.58120579 0.6960997  0.7063061 ]	[0.73143829 1.01921774 0.86326028]
107	92   	[0.20388632 0.23469683 0.19337383]	[0. 0. 0.]                           	[0.57523769 0.70093544 0.72188704]	[0.73143829 1.01921774 0.86326028]
108	92   	[0.20317258 0.23997792 0.20695354]	[0. 0. 0.]                           	[0.56072121 0.72167696 0.717569  ]	[0.73143829 1.01921774 0.86326028]
109	92   	[0.21262021 0.24631671 0.20143909]	[0. 0. 0.]                           	[0.54629168 0.73345047 0.72866119]	[0.73143829 1.01921774 0.86326028]
110	92   	[0.2131626  0.24541135 0.20117161]	[0. 0. 0.]                           	[0.54708307 0.72859898 0.72747286]	[0.73143829 1.01921774 0.86326028]
111	92   	[0.20508178 0.24311428 0.18801369]	[0. 0. 0.]                           	[0.57112648 0.70504298 0.73178568]	[0.73132052 1.01921774 0.86326028]
112	92   	[0.2072257  0.25169884 0.18767664]	[0. 0. 0.]                           	[0.56021836 0.68229097 0.74121993]	[0.73132052 1.01921774 0.86326028]
113	92   	[0.2057411  0.25474957 0.1943745 ]	[0. 0. 0.]                           	[0.56174385 0.6790574  0.73810495]	[0.73132052 1.01921774 0.86326028]
114	92   	[0.20968896 0.2565274  0.20531387]	[0. 0. 0.]                           	[0.55585527 0.69329064 0.72656292]	[0.73132052 1.01921774 0.86326028]
115	92   	[0.20849283 0.25886827 0.2055584 ]	[0. 0. 0.]                           	[0.55269329 0.68304929 0.72994347]	[0.73132052 1.01921774 0.86326028]
116	92   	[0.20970209 0.26019759 0.21108715]	[0. 0. 0.]                           	[0.55070304 0.68949872 0.72507631]	[0.73132052 1.01921774 0.86326028]
117	92   	[0.19963872 0.27032606 0.21415329]	[0. 0. 0.]                           	[0.55964944 0.68235489 0.72219471]	[0.73132052 1.01921774 0.86326028]
118	92   	[0.19222761 0.29469541 0.20925838]	[0. 0. 0.]                           	[0.56878808 0.67274884 0.72939084]	[0.73132052 1.01921774 0.86326028]
119	92   	[0.19663885 0.26021044 0.20925041]	[0. 0. 0.]                           	[0.56620425 0.70326983 0.72934566]	[0.73132052 1.01921774 0.86326028]
120	92   	[0.20719683 0.24994694 0.17654696]	[0. 0. 0.]                           	[0.53594369 0.69283043 0.76231546]	[0.73132052 1.01921774 0.86326028]
121	92   	[0.20599669 0.24961898 0.15620779]	[0. 0. 0.]                           	[0.53865275 0.68435854 0.77218679]	[0.73132052 1.01921774 0.86326028]
122	92   	[0.20569279 0.24944768 0.15656227]	[0. 0. 0.]                           	[0.53943967 0.69160511 0.77066332]	[0.73132052 1.01921774 0.86326028]
123	92   	[0.20598482 0.24914072 0.15063626]	[0. 0. 0.]                           	[0.53914514 0.68988156 0.77366421]	[0.73132052 1.01921774 0.86326028]
124	92   	[0.20701347 0.25519294 0.15143324]	[0. 0. 0.]                           	[0.54259684 0.68737349 0.77136894]	[0.73132052 1.01921774 0.86326028]
125	92   	[0.20828866 0.26135961 0.15995208]	[0. 0. 0.]                           	[0.54994871 0.69895166 0.76506748]	[0.73132052 1.01921774 0.86326028]
126	92   	[0.21351437 0.26028226 0.15280968]	[0. 0. 0.]                           	[0.54184974 0.69015799 0.77077706]	[0.73132052 1.01921774 0.86326028]
127	92   	[0.2166344  0.26655093 0.15191275]	[0. 0. 0.]                           	[0.52832097 0.71371445 0.77971336]	[0.73132052 1.01921774 0.86326028]
128	92   	[0.21043541 0.26447725 0.13862041]	[0. 0. 0.]                           	[0.52986007 0.70433767 0.79498715]	[0.73132052 1.01921774 0.86326028]
129	92   	[0.20941781 0.26563813 0.13851865]	[0. 0. 0.]                           	[0.53332679 0.69358837 0.79505958]	[0.73132052 1.01921774 0.86326028]
130	92   	[0.21188991 0.26264743 0.14034639]	[0. 0. 0.]                           	[0.525505   0.70107027 0.79201623]	[0.73132052 1.01921774 0.86326028]
131	92   	[0.20586315 0.26695309 0.14291256]	[0. 0. 0.]                           	[0.53735361 0.70265326 0.78851585]	[0.73132052 1.01921774 0.86326028]
132	92   	[0.21080912 0.25690558 0.14676768]	[0. 0. 0.]                           	[0.53800171 0.71940818 0.78052126]	[0.73132052 1.01921774 0.86326028]
133	92   	[0.21538687 0.25988632 0.14651283]	[0. 0. 0.]                           	[0.53432857 0.71388861 0.7826595 ]	[0.73132052 1.01921774 0.86326028]
134	92   	[0.22078601 0.25535138 0.14606769]	[0. 0. 0.]                           	[0.5265229  0.70609545 0.78324776]	[0.73132052 1.01921774 0.86326028]
135	92   	[0.21228266 0.2508328  0.17135049]	[0. 0. 0.]                           	[0.54322407 0.71894284 0.76357256]	[0.73132052 1.01921774 0.86326028]
136	92   	[0.19949508 0.2527735  0.16753164]	[0. 0. 0.]                           	[0.56958343 0.72075284 0.76467918]	[0.73132052 1.01921774 0.86326028]
137	92   	[0.2017453  0.25319779 0.16826274]	[0. 0. 0.]                           	[0.56614241 0.72185992 0.76334597]	[0.73132052 1.01921774 0.86326028]
138	92   	[0.19892215 0.2497138  0.16965001]	[0. 0. 0.]                           	[0.57473776 0.72651287 0.75848105]	[0.73132052 1.01921774 0.86326028]
139	92   	[0.19787666 0.25293731 0.16839497]	[0. 0. 0.]                           	[0.56676258 0.7227057  0.76626933]	[0.73132052 1.01921774 0.86326028]
140	92   	[0.19930626 0.25242513 0.16818365]	[0. 0. 0.]                           	[0.56900445 0.71620072 0.76402594]	[0.73132052 1.01921774 0.86326028]
141	92   	[0.19605679 0.25222144 0.16937933]	[0. 0. 0.]                           	[0.57312479 0.73210824 0.76295354]	[0.73132052 1.01921774 0.86326028]
142	92   	[0.19884912 0.25258905 0.16930575]	[0. 0. 0.]                           	[0.56630417 0.72121947 0.76734654]	[0.73132052 1.01921774 0.86326028]
143	92   	[0.20581296 0.25685057 0.17291769]	[0. 0. 0.]                           	[0.5639684  0.71700265 0.76929695]	[0.74601526 1.01921774 0.86326028]
144	92   	[0.1967644  0.24112435 0.17618107]	[0. 0. 0.]                           	[0.59075599 0.69785232 0.75672543]	[0.74601526 1.01921774 0.86326028]
145	92   	[0.20390538 0.24637084 0.22376977]	[0. 0. 0.]                           	[0.57820824 0.71100777 0.72641714]	[0.74601526 1.01921774 0.86326028]
146	92   	[0.21216335 0.263375   0.18529977]	[0. 0. 0.]                           	[0.55915433 0.71712608 0.75653626]	[0.74601526 1.01921774 0.86326028]
147	92   	[0.20975525 0.26548994 0.18056549]	[0. 0. 0.]                           	[0.55836549 0.72705787 0.75669395]	[0.74601526 1.01921774 0.86326028]
148	92   	[0.21608036 0.26706613 0.21183301]	[0. 0. 0.]                           	[0.55616395 0.72397115 0.73650025]	[0.74601526 1.01921774 0.86326028]
149	92   	[0.2116152  0.267033   0.19293277]	[0. 0. 0.]                           	[0.56177007 0.72395803 0.75559264]	[0.74601526 1.01921774 0.86326028]
[7, 2, 7, 10, 7, 9, 8, 3, 6, 8, 1, 4, 10, 2, 10, 5, 4, 3, 6, 5, 8, 3, 10, 7, 5, 5, 10, 7, 1, 9, 6, 6, 10, 5, 9, 10, 9, 7, 5, 5, 7, 4, 10, 6, 6, 4, 8, 6, 9, 6, 9, 8, 3, 4, 1, 5, 6, 5, 10, 4, 8, 1]
(0.0, 0.0, 0.8589075610892385)
[7, 1, 3, 3, 7, 5, 8, 10, 7, 8, 6, 6, 6, 2, 5, 6, 3, 6, 2, 5, 7, 6, 8, 10, 5, 5, 10, 10, 6, 10, 6, 8, 2, 1, 1, 3, 4, 8, 2, 2, 5, 6, 9, 6, 1, 8, 6, 8, 4, 2, 10, 10, 6, 10, 6, 5, 4, 5, 4, 4, 5, 1]
(0.0, 1.0192177434451848, 0.0)
[7, 2, 6, 4, 7, 9, 8, 3, 8, 5, 5, 4, 10, 2, 5, 6, 4, 3, 8, 5, 10, 3, 10, 10, 5, 5, 10, 7, 1, 6, 6, 3, 10, 5, 9, 10, 9, 9, 5, 5, 7, 4, 10, 6, 6, 4, 8, 6, 9, 6, 9, 8, 3, 4, 1, 5, 6, 5, 10, 4, 3, 1]
(0.746015257154169, 0.221233287032532, 0.3385685085740693)
[7, 1, 3, 3, 7, 5, 8, 10, 7, 8, 6, 6, 6, 2, 5, 6, 3, 6, 2, 5, 7, 6, 8, 10, 5, 5, 10, 10, 6, 10, 6, 8, 2, 1, 1, 3, 4, 10, 2, 2, 5, 6, 9, 6, 6, 7, 1, 8, 7, 2, 6, 10, 6, 10, 6, 5, 4, 5, 4, 4, 5, 1]
(0.38286618256169574, 1.0170923604629905, 0.0)
[5, 1, 8, 6, 6, 7, 8, 3, 6, 8, 5, 8, 10, 2, 9, 5, 9, 5, 1, 5, 7, 7, 2, 10, 5, 5, 9, 7, 10, 10, 6, 9, 10, 10, 9, 9, 9, 1, 5, 5, 9, 4, 3, 6, 6, 4, 8, 6, 9, 5, 6, 1, 6, 4, 6, 5, 6, 5, 4, 4, 9, 1]
(0.21721735938922698, 0.44669556522534837, 0.8622816130521817)
[7, 2, 6, 4, 7, 9, 8, 3, 8, 5, 5, 4, 10, 2, 5, 6, 4, 3, 6, 5, 8, 3, 10, 7, 5, 7, 10, 7, 1, 9, 6, 6, 10, 5, 9, 10, 9, 9, 5, 5, 7, 4, 10, 6, 9, 4, 8, 6, 9, 6, 9, 8, 3, 4, 1, 5, 6, 5, 10, 4, 8, 1]
(0.7293923685894798, 0.0, 0.8419003552030356)
[7, 2, 6, 4, 7, 9, 8, 3, 8, 5, 5, 4, 10, 2, 5, 6, 4, 8, 8, 5, 10, 3, 10, 6, 5, 5, 10, 7, 1, 9, 6, 6, 10, 5, 4, 10, 9, 9, 5, 5, 7, 4, 10, 6, 4, 4, 8, 6, 9, 6, 9, 8, 8, 4, 1, 5, 6, 5, 10, 4, 8, 1]
(0.7302999971712135, 0.8973599466495217, 0.0)
[7, 1, 3, 3, 7, 5, 8, 10, 7, 8, 6, 6, 6, 2, 5, 6, 3, 6, 2, 5, 7, 6, 8, 10, 5, 5, 10, 10, 6, 10, 6, 8, 2, 1, 1, 4, 4, 10, 1, 2, 5, 6, 9, 6, 10, 8, 6, 8, 4, 3, 10, 10, 6, 10, 6, 5, 4, 5, 2, 4, 5, 1]
(0.6408439660491276, 1.0036928226239952, 0.0)
[4, 2, 3, 6, 5, 5, 8, 3, 10, 1, 5, 4, 10, 6, 9, 6, 5, 3, 1, 8, 7, 6, 6, 10, 5, 5, 8, 10, 5, 6, 8, 8, 5, 1, 1, 3, 4, 10, 1, 2, 5, 6, 3, 7, 6, 7, 6, 8, 7, 2, 9, 4, 4, 6, 5, 1, 3, 2, 5, 4, 10, 1]
(0.1869445044884806, 0.6235863657524934, 0.8401126689982091)
[4, 2, 3, 6, 5, 5, 8, 3, 10, 1, 5, 4, 10, 6, 9, 6, 5, 3, 1, 8, 7, 6, 6, 10, 5, 5, 8, 10, 5, 6, 8, 8, 5, 1, 1, 3, 4, 10, 1, 2, 5, 6, 3, 7, 6, 7, 6, 8, 7, 2, 9, 4, 4, 6, 5, 1, 3, 2, 5, 4, 10, 1]
(0.1869445044884806, 0.6235863657524934, 0.8401126689982091)
[4, 2, 3, 6, 5, 5, 8, 3, 10, 1, 5, 4, 10, 6, 9, 6, 5, 3, 1, 8, 7, 6, 6, 10, 5, 5, 8, 10, 5, 6, 8, 8, 5, 1, 1, 3, 4, 10, 1, 2, 5, 6, 3, 7, 6, 7, 6, 8, 7, 2, 9, 4, 4, 6, 5, 1, 3, 2, 5, 4, 10, 1]
(0.1869445044884806, 0.6235863657524934, 0.8401126689982091)
[4, 2, 3, 6, 5, 5, 8, 3, 10, 1, 5, 4, 10, 6, 9, 6, 5, 3, 1, 8, 7, 6, 6, 10, 5, 5, 8, 10, 5, 6, 8, 8, 2, 1, 1, 3, 4, 10, 1, 2, 5, 6, 5, 7, 6, 7, 6, 8, 7, 2, 9, 4, 4, 6, 5, 1, 3, 2, 5, 4, 10, 1]
(0.1868436996653209, 0.6237892621411709, 0.8408384187566385)
[4, 2, 3, 6, 5, 5, 8, 3, 10, 1, 5, 4, 10, 6, 9, 6, 5, 3, 1, 8, 7, 6, 6, 10, 5, 5, 8, 10, 5, 6, 8, 8, 2, 1, 1, 3, 4, 10, 1, 2, 5, 6, 5, 7, 6, 7, 6, 8, 7, 2, 9, 4, 4, 6, 5, 1, 3, 2, 5, 4, 10, 1]
(0.1868436996653209, 0.6237892621411709, 0.8408384187566385)
[5, 1, 8, 6, 6, 7, 8, 3, 6, 8, 5, 8, 10, 2, 9, 5, 9, 5, 1, 5, 7, 7, 2, 10, 5, 5, 9, 7, 10, 10, 6, 9, 10, 10, 9, 9, 9, 1, 5, 5, 9, 4, 3, 6, 6, 4, 8, 6, 9, 5, 9, 1, 6, 8, 6, 5, 6, 5, 4, 4, 9, 1]
(0.624516360271966, 0.28391402903944185, 0.8632602831341866)
[5, 1, 8, 6, 6, 7, 8, 3, 6, 8, 5, 8, 10, 2, 9, 5, 9, 5, 1, 5, 7, 7, 2, 10, 5, 5, 9, 7, 10, 10, 6, 9, 10, 10, 9, 9, 9, 1, 5, 5, 9, 4, 3, 6, 6, 4, 8, 6, 9, 5, 9, 1, 6, 8, 6, 5, 6, 5, 4, 4, 9, 1]
(0.624516360271966, 0.28391402903944185, 0.8632602831341866)
[5, 1, 8, 6, 6, 7, 8, 3, 6, 8, 5, 8, 10, 2, 9, 5, 9, 5, 1, 5, 7, 7, 2, 10, 5, 5, 9, 7, 10, 10, 6, 9, 10, 10, 9, 9, 9, 1, 5, 5, 9, 4, 3, 6, 6, 4, 8, 6, 9, 5, 9, 1, 6, 8, 6, 5, 6, 5, 4, 4, 9, 1]
(0.624516360271966, 0.28391402903944185, 0.8632602831341866)
[5, 1, 8, 6, 6, 7, 8, 3, 6, 8, 5, 8, 10, 2, 9, 5, 9, 5, 1, 5, 7, 7, 2, 10, 5, 5, 9, 7, 10, 10, 6, 9, 10, 10, 9, 9, 9, 1, 5, 5, 9, 4, 3, 6, 6, 4, 8, 6, 9, 5, 9, 1, 6, 8, 6, 5, 6, 5, 4, 4, 9, 1]
(0.624516360271966, 0.28391402903944185, 0.8632602831341866)
[5, 1, 8, 6, 6, 7, 8, 3, 6, 8, 5, 8, 10, 2, 9, 5, 9, 5, 1, 5, 7, 7, 2, 10, 5, 5, 9, 7, 10, 10, 6, 9, 10, 10, 9, 9, 9, 1, 5, 5, 9, 4, 3, 6, 6, 4, 8, 6, 9, 5, 9, 1, 6, 8, 6, 5, 6, 5, 4, 4, 9, 1]
(0.624516360271966, 0.28391402903944185, 0.8632602831341866)
[5, 1, 8, 6, 6, 7, 8, 3, 6, 8, 5, 8, 10, 2, 9, 5, 9, 5, 1, 5, 7, 7, 2, 10, 5, 5, 9, 7, 10, 10, 6, 9, 10, 10, 9, 9, 9, 1, 5, 5, 9, 4, 3, 6, 6, 4, 8, 6, 9, 5, 9, 1, 6, 8, 6, 5, 6, 5, 4, 4, 9, 1]
(0.624516360271966, 0.28391402903944185, 0.8632602831341866)
[5, 1, 8, 6, 6, 7, 8, 3, 6, 8, 5, 8, 10, 2, 9, 5, 9, 5, 1, 5, 7, 7, 2, 10, 5, 5, 9, 7, 10, 10, 6, 9, 10, 10, 9, 9, 9, 1, 5, 5, 9, 4, 3, 6, 6, 4, 8, 6, 9, 5, 9, 1, 6, 8, 6, 5, 6, 5, 4, 4, 9, 1]
(0.624516360271966, 0.28391402903944185, 0.8632602831341866)
[5, 1, 8, 6, 6, 7, 8, 8, 6, 8, 5, 8, 10, 2, 9, 5, 9, 5, 1, 5, 7, 7, 2, 10, 5, 5, 9, 7, 10, 10, 6, 9, 10, 10, 9, 9, 9, 1, 5, 5, 9, 4, 3, 6, 6, 4, 8, 6, 9, 5, 9, 1, 6, 8, 6, 5, 6, 5, 4, 4, 9, 1]
(0.6329059085875425, 0.3465649986072718, 0.8583285593678908)
[2, 2, 3, 6, 5, 5, 8, 3, 10, 1, 5, 4, 10, 6, 9, 6, 5, 3, 1, 8, 7, 6, 6, 10, 5, 5, 8, 10, 5, 6, 8, 8, 2, 1, 1, 3, 4, 10, 1, 2, 5, 6, 5, 7, 6, 7, 6, 8, 7, 2, 9, 4, 4, 6, 5, 1, 3, 2, 5, 4, 10, 1]
(0.3880865938592019, 0.624151609436822, 0.8398126320865951)
[7, 2, 8, 4, 7, 9, 8, 3, 8, 5, 5, 4, 10, 2, 5, 6, 1, 3, 6, 5, 8, 3, 10, 7, 5, 5, 10, 7, 1, 9, 6, 6, 10, 5, 4, 10, 9, 9, 5, 6, 7, 4, 10, 6, 9, 4, 8, 6, 9, 6, 9, 8, 3, 4, 1, 5, 6, 5, 10, 4, 8, 1]
(0.7301336244979764, 0.5517852806701111, 0.5731993976036331)
[7, 2, 9, 10, 7, 9, 8, 3, 3, 8, 1, 4, 10, 2, 10, 5, 4, 3, 6, 5, 8, 3, 10, 7, 5, 7, 10, 7, 1, 9, 6, 6, 10, 5, 1, 10, 9, 9, 5, 5, 7, 4, 10, 6, 9, 4, 8, 6, 9, 6, 9, 8, 3, 4, 1, 5, 6, 5, 10, 4, 8, 1]
(0.7294045251504181, 0.5508788002798192, 0.578555817469497)
[7, 2, 7, 10, 7, 9, 5, 3, 6, 8, 5, 4, 10, 2, 10, 6, 4, 3, 6, 5, 8, 3, 10, 7, 5, 2, 10, 7, 5, 9, 6, 6, 10, 5, 4, 10, 9, 9, 5, 5, 7, 4, 4, 6, 9, 9, 8, 6, 9, 6, 9, 8, 10, 4, 1, 5, 6, 5, 10, 4, 8, 1]
(0.7290036558335764, 0.5511889905310595, 0.5911650406394101)
[7, 2, 7, 10, 7, 9, 8, 3, 6, 8, 5, 4, 10, 2, 5, 6, 4, 3, 8, 5, 1, 3, 10, 7, 5, 5, 3, 7, 5, 9, 6, 6, 10, 5, 4, 10, 9, 9, 5, 5, 7, 4, 4, 6, 9, 4, 8, 10, 9, 6, 9, 1, 6, 4, 1, 5, 6, 5, 10, 4, 8, 1]
(0.730837540857561, 0.5512084015860008, 0.6268243186871371)
[7, 2, 7, 10, 7, 9, 8, 3, 6, 8, 5, 4, 10, 2, 5, 6, 4, 3, 8, 5, 1, 3, 10, 7, 5, 5, 3, 7, 5, 9, 6, 6, 10, 5, 4, 10, 9, 9, 5, 5, 7, 4, 4, 6, 9, 4, 8, 10, 9, 6, 9, 1, 6, 4, 1, 5, 6, 5, 10, 4, 8, 1]
(0.730837540857561, 0.5512084015860008, 0.6268243186871371)
[7, 2, 7, 10, 7, 9, 8, 3, 6, 8, 5, 4, 10, 2, 5, 6, 4, 3, 8, 5, 1, 3, 10, 7, 5, 5, 3, 7, 5, 9, 6, 6, 10, 5, 4, 10, 9, 9, 5, 5, 7, 4, 4, 6, 9, 4, 8, 10, 9, 6, 9, 1, 6, 4, 1, 5, 6, 5, 10, 4, 8, 1]
(0.730837540857561, 0.5512084015860008, 0.6268243186871371)
[7, 2, 7, 10, 7, 9, 8, 3, 6, 8, 5, 4, 10, 2, 5, 6, 4, 3, 8, 5, 1, 3, 10, 7, 5, 5, 3, 7, 5, 9, 6, 6, 10, 5, 4, 10, 9, 9, 5, 5, 7, 4, 4, 6, 9, 4, 8, 10, 9, 6, 9, 1, 6, 4, 1, 5, 6, 5, 10, 4, 8, 1]
(0.730837540857561, 0.5512084015860008, 0.6268243186871371)
[7, 2, 7, 10, 7, 9, 8, 3, 6, 8, 5, 4, 10, 2, 10, 6, 4, 3, 6, 5, 8, 3, 10, 7, 5, 2, 10, 7, 5, 9, 6, 6, 10, 5, 4, 10, 9, 9, 5, 5, 7, 4, 4, 6, 9, 9, 8, 6, 9, 6, 9, 8, 10, 4, 1, 5, 6, 5, 10, 4, 8, 1]
(0.7313205248961273, 0.5506853194764028, 0.6489529971694722)
[7, 2, 7, 10, 7, 9, 8, 3, 6, 8, 5, 4, 10, 2, 10, 6, 4, 3, 6, 5, 8, 3, 10, 7, 5, 2, 10, 7, 5, 9, 6, 6, 10, 5, 4, 10, 9, 9, 5, 5, 7, 4, 4, 6, 9, 9, 8, 6, 9, 6, 9, 8, 10, 4, 1, 5, 6, 5, 10, 4, 8, 1]
(0.7313205248961273, 0.5506853194764028, 0.6489529971694722)
[7, 2, 7, 10, 7, 9, 8, 3, 6, 8, 5, 4, 10, 2, 10, 6, 4, 3, 6, 5, 8, 3, 10, 7, 5, 2, 10, 7, 5, 9, 6, 6, 10, 5, 4, 10, 9, 9, 5, 5, 7, 4, 4, 6, 9, 9, 8, 6, 9, 6, 9, 8, 10, 4, 1, 5, 6, 5, 10, 4, 8, 1]
(0.7313205248961273, 0.5506853194764028, 0.6489529971694722)
[7, 2, 7, 10, 7, 9, 8, 3, 6, 8, 5, 4, 10, 2, 10, 6, 4, 9, 8, 5, 1, 3, 10, 7, 6, 5, 3, 4, 5, 9, 6, 6, 10, 5, 4, 10, 9, 9, 5, 5, 7, 4, 4, 6, 9, 4, 8, 10, 9, 6, 9, 1, 6, 4, 1, 5, 6, 5, 10, 4, 8, 1]
(0.7302055193560973, 0.5510112338914321, 0.7002720810836984)
[4, 2, 3, 3, 5, 5, 9, 3, 10, 1, 5, 3, 10, 5, 10, 5, 4, 3, 1, 8, 7, 6, 6, 10, 5, 5, 8, 10, 5, 6, 8, 8, 2, 1, 1, 3, 4, 10, 1, 2, 5, 6, 5, 7, 6, 7, 6, 8, 7, 2, 9, 4, 4, 6, 5, 1, 3, 2, 5, 4, 10, 1]
(0.1787192073180287, 1.0114251491613657, 0.8410235713883601)
[4, 2, 3, 3, 5, 5, 9, 3, 10, 1, 5, 3, 10, 5, 10, 5, 4, 3, 1, 8, 7, 6, 6, 10, 5, 5, 8, 10, 5, 6, 8, 8, 2, 1, 1, 3, 4, 10, 1, 2, 5, 6, 5, 7, 6, 7, 6, 8, 7, 2, 9, 4, 4, 6, 5, 1, 3, 2, 5, 4, 10, 1]
(0.1787192073180287, 1.0114251491613657, 0.8410235713883601)
[4, 2, 3, 6, 5, 5, 3, 3, 3, 5, 1, 4, 10, 2, 10, 5, 4, 3, 1, 8, 7, 6, 6, 10, 5, 5, 8, 10, 5, 6, 9, 8, 9, 1, 1, 3, 4, 10, 1, 2, 5, 6, 5, 7, 6, 7, 6, 8, 7, 2, 9, 4, 4, 6, 5, 1, 3, 2, 5, 4, 10, 1]
(0.18754151186591198, 1.0073931661434443, 0.8399794648045096)
[4, 2, 3, 6, 5, 5, 8, 3, 10, 6, 5, 4, 10, 6, 9, 6, 5, 3, 1, 8, 7, 6, 6, 10, 5, 5, 8, 10, 5, 6, 8, 8, 9, 1, 1, 3, 4, 10, 1, 2, 5, 6, 5, 7, 6, 7, 6, 8, 7, 2, 9, 4, 4, 6, 5, 1, 3, 2, 5, 4, 10, 1]
(0.18717477232516608, 1.0087543438188702, 0.839533881101349)
[4, 3, 3, 6, 5, 5, 8, 3, 3, 5, 1, 4, 10, 2, 10, 5, 4, 3, 1, 8, 7, 6, 6, 10, 5, 5, 8, 10, 5, 6, 8, 8, 2, 1, 1, 3, 4, 10, 1, 2, 5, 6, 5, 7, 6, 7, 6, 8, 7, 2, 9, 4, 4, 6, 5, 1, 3, 2, 5, 4, 10, 1]
(0.18661937829764064, 1.0092838016338619, 0.8410313494373461)
[4, 3, 3, 6, 5, 5, 8, 3, 3, 5, 1, 4, 10, 2, 10, 5, 4, 3, 1, 8, 7, 6, 6, 10, 5, 5, 8, 10, 5, 6, 8, 8, 2, 1, 1, 3, 4, 10, 1, 2, 5, 6, 5, 7, 6, 7, 6, 8, 7, 2, 9, 4, 4, 6, 5, 1, 3, 2, 5, 4, 10, 1]
(0.18661937829764064, 1.0092838016338619, 0.8410313494373461)
[4, 2, 3, 10, 5, 5, 8, 3, 10, 1, 1, 4, 10, 2, 10, 5, 4, 3, 1, 8, 7, 6, 6, 10, 5, 8, 8, 10, 5, 4, 9, 8, 9, 1, 1, 3, 1, 10, 2, 2, 5, 6, 3, 7, 6, 7, 6, 8, 7, 2, 9, 4, 4, 6, 5, 1, 3, 2, 5, 4, 10, 1]
(0.18740676212983032, 1.0122513889335067, 0.8378808585408763)
[4, 2, 3, 6, 5, 5, 8, 3, 10, 1, 5, 4, 10, 6, 9, 6, 5, 3, 1, 8, 7, 6, 6, 10, 5, 5, 8, 10, 5, 6, 8, 8, 8, 1, 1, 3, 4, 10, 1, 2, 5, 6, 5, 7, 6, 7, 6, 8, 7, 2, 9, 4, 4, 6, 5, 1, 3, 2, 5, 4, 10, 1]
(0.18648250169728492, 1.01342494068667, 0.8394115706592553)
[4, 2, 3, 3, 5, 5, 9, 3, 10, 1, 5, 3, 10, 4, 10, 5, 4, 3, 1, 8, 7, 6, 6, 10, 3, 5, 10, 10, 6, 10, 6, 8, 2, 1, 1, 3, 4, 8, 2, 2, 5, 6, 9, 6, 6, 7, 6, 8, 7, 2, 9, 4, 4, 6, 5, 1, 3, 2, 5, 4, 10, 1]
(0.18682313767141973, 1.0138616743497522, 0.8390318682377381)
[4, 2, 3, 3, 5, 5, 9, 3, 10, 1, 5, 3, 10, 5, 10, 5, 4, 3, 1, 8, 7, 6, 6, 10, 5, 5, 1, 10, 5, 6, 8, 8, 2, 1, 1, 3, 4, 10, 1, 2, 5, 1, 5, 7, 6, 7, 6, 8, 7, 2, 9, 4, 4, 6, 5, 1, 3, 2, 5, 4, 10, 1]
(0.1784677416742933, 1.0054021767340573, 0.856341036510119)
[4, 2, 3, 6, 5, 5, 3, 3, 3, 5, 1, 4, 10, 2, 10, 5, 4, 3, 1, 8, 7, 6, 6, 10, 5, 8, 8, 10, 5, 6, 9, 8, 9, 1, 1, 3, 4, 10, 1, 2, 5, 6, 5, 7, 6, 7, 6, 8, 7, 2, 9, 2, 4, 6, 5, 1, 3, 2, 5, 4, 10, 1]
(0.2299883084115334, 1.0101119085215002, 0.8360893382856388)
[4, 6, 6, 3, 7, 4, 8, 3, 7, 1, 5, 6, 10, 6, 2, 6, 8, 3, 1, 8, 7, 6, 8, 10, 5, 5, 8, 7, 5, 9, 8, 9, 2, 8, 1, 3, 4, 10, 2, 3, 5, 7, 6, 6, 1, 8, 6, 1, 4, 6, 6, 10, 4, 6, 5, 2, 3, 2, 5, 4, 10, 1]
(0.6394331985991737, 0.6204288688416647, 0.838047061639374)
[1, 2, 3, 6, 5, 5, 8, 3, 10, 1, 5, 4, 10, 6, 9, 6, 5, 3, 1, 8, 7, 6, 6, 10, 5, 5, 9, 10, 5, 6, 8, 8, 2, 1, 1, 3, 4, 10, 1, 2, 5, 6, 5, 7, 6, 7, 6, 8, 7, 2, 9, 4, 4, 6, 5, 1, 3, 2, 5, 4, 10, 1]
(0.637399372804875, 0.6253187064367973, 0.8378518420057564)
[4, 2, 6, 4, 7, 9, 8, 3, 8, 5, 5, 4, 10, 6, 9, 8, 5, 3, 1, 8, 7, 6, 6, 10, 5, 5, 8, 10, 5, 6, 8, 8, 7, 1, 1, 3, 4, 10, 1, 2, 5, 6, 3, 7, 6, 7, 6, 8, 7, 2, 9, 4, 4, 6, 5, 1, 3, 2, 5, 4, 10, 1]
(0.6468849169125204, 0.6206084605019809, 0.8376437611558106)
[5, 1, 6, 4, 7, 9, 8, 3, 8, 5, 5, 4, 10, 2, 9, 5, 9, 5, 1, 5, 7, 7, 2, 10, 5, 5, 9, 7, 10, 10, 6, 9, 10, 10, 9, 9, 9, 1, 5, 5, 9, 4, 3, 6, 6, 4, 8, 6, 9, 5, 6, 1, 6, 4, 6, 5, 6, 5, 2, 4, 9, 1]
(0.6312949582267077, 0.6154218267362837, 0.8596848305353013)
[5, 1, 6, 4, 7, 9, 8, 3, 8, 5, 5, 4, 10, 2, 9, 5, 9, 5, 1, 5, 7, 7, 2, 10, 5, 5, 9, 7, 10, 10, 6, 9, 10, 10, 9, 9, 9, 1, 5, 5, 9, 4, 3, 6, 6, 4, 8, 6, 9, 5, 6, 1, 6, 4, 6, 5, 6, 5, 2, 4, 9, 1]
(0.6312949582267077, 0.6154218267362837, 0.8596848305353013)
[5, 1, 6, 4, 7, 9, 8, 3, 8, 5, 5, 4, 10, 2, 9, 5, 9, 5, 1, 5, 7, 7, 2, 10, 5, 5, 9, 7, 10, 10, 6, 9, 10, 10, 9, 9, 9, 1, 5, 5, 9, 4, 3, 6, 6, 4, 8, 6, 9, 5, 6, 1, 6, 4, 6, 5, 6, 5, 2, 4, 9, 1]
(0.6312949582267077, 0.6154218267362837, 0.8596848305353013)
[5, 1, 6, 4, 7, 9, 8, 3, 8, 5, 5, 4, 10, 2, 9, 5, 9, 5, 1, 5, 7, 7, 2, 10, 5, 5, 9, 7, 10, 10, 6, 9, 10, 10, 9, 9, 9, 1, 5, 5, 9, 4, 3, 6, 6, 4, 8, 6, 9, 5, 6, 1, 6, 4, 6, 5, 6, 5, 2, 4, 9, 1]
(0.6312949582267077, 0.6154218267362837, 0.8596848305353013)
[5, 1, 6, 4, 7, 9, 8, 3, 8, 5, 5, 4, 10, 2, 9, 5, 9, 5, 1, 5, 7, 7, 2, 10, 5, 5, 9, 7, 10, 10, 6, 9, 10, 10, 9, 9, 9, 1, 5, 5, 9, 4, 3, 6, 6, 4, 8, 6, 9, 5, 6, 1, 6, 4, 6, 5, 6, 5, 2, 4, 9, 1]
(0.6312949582267077, 0.6154218267362837, 0.8596848305353013)
[5, 1, 6, 4, 7, 9, 8, 3, 8, 5, 5, 4, 10, 2, 9, 5, 9, 5, 1, 5, 7, 7, 2, 10, 5, 5, 9, 7, 10, 10, 6, 9, 10, 10, 9, 9, 9, 1, 5, 5, 9, 4, 3, 6, 6, 4, 8, 6, 9, 5, 6, 1, 6, 4, 6, 5, 6, 5, 2, 4, 9, 1]
(0.6305036000994461, 0.6141271937925067, 0.8619623436221522)
[7, 2, 7, 10, 7, 9, 8, 3, 6, 8, 1, 4, 10, 2, 10, 5, 4, 3, 6, 5, 8, 3, 10, 7, 5, 5, 10, 7, 1, 9, 6, 6, 10, 5, 9, 10, 9, 9, 5, 5, 7, 4, 10, 6, 6, 4, 8, 6, 9, 6, 9, 8, 10, 4, 1, 5, 6, 5, 10, 4, 8, 1]
(0.7291823288811585, 0.5510167858348445, 0.8266767345764059)
[7, 2, 7, 10, 7, 9, 8, 3, 6, 8, 1, 4, 10, 2, 10, 5, 4, 3, 6, 5, 8, 3, 10, 7, 5, 5, 10, 7, 1, 9, 6, 6, 10, 5, 9, 10, 9, 9, 5, 5, 7, 4, 10, 6, 6, 4, 8, 6, 9, 6, 9, 8, 10, 4, 1, 5, 6, 5, 10, 4, 8, 1]
(0.7291823288811585, 0.5510167858348445, 0.8266767345764059)
[7, 2, 7, 10, 7, 9, 8, 3, 6, 8, 1, 4, 10, 2, 10, 5, 4, 3, 6, 5, 8, 3, 10, 7, 5, 5, 10, 7, 1, 9, 6, 6, 10, 5, 9, 10, 9, 9, 5, 5, 7, 4, 10, 6, 6, 4, 8, 6, 9, 6, 9, 8, 10, 4, 1, 5, 6, 5, 10, 4, 8, 1]
(0.7291823288811585, 0.5510167858348445, 0.8266767345764059)
[10, 1, 8, 6, 6, 7, 10, 3, 6, 8, 5, 7, 10, 2, 5, 7, 3, 5, 1, 6, 7, 7, 7, 10, 5, 5, 9, 10, 10, 10, 6, 9, 10, 10, 7, 8, 9, 1, 6, 5, 5, 4, 3, 6, 6, 4, 8, 6, 9, 5, 9, 1, 6, 4, 6, 5, 6, 2, 4, 4, 9, 1]
(0.6614195400941821, 0.6177657482142614, 0.8309686501709193)
[10, 1, 8, 6, 6, 7, 10, 3, 6, 8, 5, 7, 10, 2, 5, 7, 3, 5, 1, 6, 7, 7, 7, 10, 5, 5, 9, 10, 10, 10, 6, 9, 10, 10, 7, 8, 9, 1, 6, 5, 5, 4, 3, 6, 6, 4, 8, 6, 9, 5, 9, 1, 6, 4, 6, 5, 6, 2, 4, 4, 9, 1]
(0.6614195400941821, 0.6177657482142614, 0.8309686501709193)
[10, 1, 8, 6, 6, 7, 10, 3, 6, 8, 5, 7, 10, 2, 5, 7, 3, 5, 1, 6, 7, 7, 7, 10, 5, 5, 9, 10, 10, 10, 6, 9, 10, 10, 7, 8, 9, 1, 6, 5, 5, 4, 3, 6, 6, 4, 8, 6, 9, 5, 9, 1, 6, 4, 6, 5, 6, 2, 4, 4, 9, 1]
(0.6614195400941821, 0.6177657482142614, 0.8309686501709193)
[10, 1, 8, 6, 6, 7, 10, 3, 6, 8, 5, 7, 10, 2, 5, 7, 3, 5, 1, 6, 7, 7, 7, 10, 5, 5, 9, 10, 10, 10, 6, 9, 10, 10, 7, 8, 9, 1, 6, 5, 5, 4, 3, 6, 6, 4, 8, 6, 9, 5, 9, 1, 6, 4, 6, 5, 6, 2, 4, 4, 9, 1]
(0.6614195400941821, 0.6177657482142614, 0.8309686501709193)
[10, 1, 8, 6, 6, 7, 10, 3, 6, 8, 5, 7, 10, 2, 5, 7, 3, 5, 1, 6, 7, 7, 7, 10, 5, 5, 9, 10, 10, 10, 6, 9, 10, 10, 7, 8, 9, 1, 6, 5, 5, 4, 3, 6, 6, 4, 8, 6, 9, 5, 9, 1, 6, 4, 6, 5, 6, 2, 4, 4, 9, 1]
(0.6614195400941821, 0.6177657482142614, 0.8309686501709193)
[10, 1, 8, 6, 6, 7, 10, 3, 6, 8, 5, 7, 10, 2, 5, 7, 3, 5, 1, 6, 7, 7, 7, 10, 5, 5, 9, 10, 10, 10, 6, 9, 10, 10, 7, 8, 9, 1, 6, 5, 5, 4, 3, 6, 6, 4, 8, 6, 9, 5, 9, 1, 6, 4, 6, 5, 6, 2, 4, 4, 9, 1]
(0.6614195400941821, 0.6177657482142614, 0.8309686501709193)
[8, 2, 7, 10, 7, 9, 8, 3, 6, 8, 1, 4, 10, 2, 10, 5, 4, 3, 6, 5, 8, 3, 10, 7, 5, 5, 10, 7, 1, 9, 6, 6, 10, 5, 9, 10, 9, 9, 5, 5, 7, 4, 10, 6, 6, 4, 8, 6, 9, 6, 9, 8, 10, 4, 1, 5, 6, 5, 10, 4, 5, 1]
(0.7299609884243727, 0.5525239852185433, 0.8314613757736599)
[10, 1, 8, 6, 6, 7, 10, 3, 1, 8, 5, 6, 10, 2, 5, 7, 3, 5, 1, 6, 7, 7, 10, 10, 5, 5, 9, 10, 10, 10, 6, 8, 10, 10, 9, 9, 9, 1, 5, 5, 9, 4, 1, 6, 4, 4, 8, 7, 9, 7, 9, 4, 6, 4, 6, 5, 6, 5, 4, 4, 10, 1]
(0.6587934847915324, 0.6230951663966344, 0.8346709419192705)
[10, 1, 8, 6, 6, 7, 10, 3, 1, 8, 5, 6, 10, 2, 5, 7, 3, 5, 1, 6, 7, 7, 10, 10, 5, 5, 9, 10, 10, 10, 6, 8, 10, 10, 9, 9, 9, 1, 5, 5, 9, 4, 1, 6, 4, 4, 8, 6, 9, 7, 9, 4, 6, 4, 6, 5, 6, 5, 4, 4, 10, 1]
(0.6600599741783695, 0.6219513897139275, 0.8354452061490081)
[7, 2, 7, 10, 7, 9, 8, 3, 6, 8, 1, 4, 10, 2, 10, 5, 4, 3, 6, 5, 8, 3, 10, 7, 8, 5, 10, 7, 1, 9, 6, 6, 10, 5, 9, 10, 9, 9, 5, 5, 7, 4, 10, 6, 6, 4, 8, 6, 9, 6, 9, 8, 10, 4, 1, 5, 6, 5, 10, 4, 8, 1]
(0.7292535771104667, 0.5509730509267405, 0.8379089393701702)
[7, 2, 6, 4, 7, 9, 8, 3, 8, 5, 5, 4, 10, 2, 5, 6, 1, 3, 8, 5, 10, 3, 10, 10, 5, 5, 10, 7, 1, 9, 6, 6, 10, 5, 4, 10, 9, 9, 5, 6, 7, 4, 10, 6, 9, 4, 8, 6, 9, 6, 9, 8, 3, 4, 1, 5, 6, 5, 10, 4, 8, 1]
(0.7292608502419222, 0.8969908758066597, 0.5238077195213235)
[7, 2, 6, 4, 7, 9, 8, 3, 8, 5, 5, 4, 10, 2, 5, 6, 1, 3, 8, 5, 10, 3, 10, 10, 5, 5, 10, 7, 1, 9, 6, 6, 10, 5, 4, 10, 9, 9, 5, 6, 7, 4, 10, 6, 9, 4, 8, 6, 9, 6, 9, 8, 3, 4, 1, 5, 6, 5, 10, 4, 8, 1]
(0.7292608502419222, 0.8969908758066597, 0.5238077195213235)
[7, 2, 6, 4, 7, 9, 8, 3, 8, 5, 5, 4, 10, 2, 5, 6, 1, 3, 8, 5, 10, 3, 10, 10, 5, 5, 10, 7, 1, 9, 6, 6, 10, 5, 4, 10, 9, 9, 5, 6, 7, 4, 10, 2, 9, 4, 8, 6, 9, 6, 9, 8, 3, 4, 1, 5, 6, 5, 10, 4, 8, 1]
(0.7293249565486273, 0.8974945177324117, 0.5247849935623979)
[7, 2, 6, 4, 7, 9, 8, 3, 8, 5, 5, 4, 10, 2, 5, 6, 1, 3, 8, 5, 10, 3, 10, 6, 5, 5, 10, 7, 1, 9, 6, 6, 10, 5, 4, 10, 9, 9, 5, 6, 7, 4, 10, 6, 9, 4, 8, 6, 9, 6, 9, 8, 3, 4, 1, 5, 6, 5, 10, 4, 8, 1]
(0.7306857108025449, 0.8952541544102134, 0.5499249560993802)
[7, 2, 6, 4, 7, 9, 8, 3, 8, 5, 5, 4, 10, 2, 5, 6, 1, 3, 8, 5, 10, 3, 10, 6, 5, 5, 10, 7, 1, 9, 6, 6, 10, 5, 4, 10, 9, 9, 5, 6, 7, 4, 10, 6, 9, 4, 8, 6, 9, 6, 9, 8, 3, 4, 1, 5, 6, 5, 10, 4, 8, 1]
(0.7306857108025449, 0.8952541544102134, 0.5499249560993802)
[4, 2, 3, 3, 5, 5, 9, 3, 10, 2, 5, 3, 10, 5, 10, 5, 4, 3, 1, 8, 7, 6, 6, 10, 5, 5, 8, 10, 5, 6, 8, 8, 2, 1, 1, 3, 4, 10, 1, 2, 5, 6, 5, 7, 6, 7, 6, 8, 7, 2, 9, 4, 4, 4, 5, 1, 3, 2, 5, 4, 10, 1]
(0.38895102540202253, 1.0072787701152237, 0.8388064609553912)
[5, 1, 8, 6, 6, 8, 8, 3, 6, 8, 5, 4, 10, 2, 5, 6, 4, 3, 8, 5, 9, 3, 10, 6, 5, 5, 10, 7, 1, 9, 7, 6, 10, 5, 5, 10, 9, 9, 5, 5, 7, 4, 10, 6, 9, 4, 8, 6, 9, 6, 4, 8, 3, 4, 1, 5, 6, 5, 10, 4, 9, 1]
(0.7300233269043959, 0.8953047157265248, 0.7485984847071967)
[7, 2, 6, 4, 7, 9, 8, 3, 8, 5, 5, 4, 10, 2, 10, 5, 9, 5, 1, 5, 8, 3, 10, 7, 5, 5, 10, 7, 1, 9, 6, 6, 10, 5, 9, 10, 9, 9, 5, 5, 7, 4, 10, 6, 6, 4, 8, 6, 9, 6, 9, 8, 10, 4, 5, 5, 6, 5, 10, 4, 8, 1]
(0.7292230699892019, 0.8971584531478585, 0.7475966487536253)
[10, 1, 8, 6, 6, 7, 10, 3, 6, 8, 5, 7, 10, 9, 5, 7, 3, 5, 1, 6, 7, 7, 10, 10, 5, 5, 9, 10, 10, 10, 6, 9, 10, 10, 7, 8, 6, 1, 6, 5, 9, 4, 3, 6, 6, 4, 8, 8, 9, 5, 9, 7, 6, 4, 6, 5, 6, 5, 4, 4, 10, 1]
(0.6339195212639427, 1.0141948535107048, 0.8314812572524899)
[4, 6, 6, 3, 7, 4, 8, 3, 7, 1, 5, 6, 10, 6, 4, 4, 8, 3, 1, 8, 7, 6, 8, 10, 5, 5, 10, 10, 6, 10, 6, 8, 2, 1, 1, 3, 4, 10, 2, 3, 5, 7, 6, 6, 1, 8, 6, 8, 4, 5, 10, 10, 4, 6, 5, 2, 3, 2, 5, 4, 10, 1]
(0.6408371797318908, 1.0064279659651192, 0.8367755884454526)
[4, 6, 6, 3, 7, 4, 8, 3, 7, 1, 5, 6, 10, 6, 4, 4, 8, 3, 1, 8, 7, 6, 8, 10, 5, 5, 10, 10, 6, 10, 6, 6, 2, 1, 1, 3, 4, 10, 2, 3, 5, 7, 6, 6, 1, 8, 6, 8, 4, 5, 10, 10, 4, 7, 5, 2, 3, 2, 5, 4, 10, 1]
(0.6385445653028623, 1.0084031832404405, 0.8371249871508718)
[4, 6, 6, 3, 7, 4, 8, 3, 7, 1, 5, 6, 10, 6, 4, 4, 8, 3, 1, 8, 7, 6, 8, 10, 5, 5, 10, 10, 6, 10, 6, 6, 2, 1, 1, 3, 4, 10, 2, 3, 5, 7, 6, 6, 1, 8, 6, 8, 4, 5, 10, 10, 4, 7, 5, 2, 3, 2, 5, 4, 10, 1]
(0.6385445653028623, 1.0084031832404405, 0.8371249871508718)
[4, 6, 6, 3, 7, 4, 8, 3, 7, 1, 5, 6, 10, 6, 4, 4, 8, 3, 1, 8, 7, 6, 8, 10, 5, 5, 10, 10, 6, 10, 6, 6, 2, 1, 1, 3, 4, 10, 2, 3, 5, 7, 6, 6, 1, 8, 6, 8, 4, 5, 10, 10, 4, 7, 5, 2, 3, 2, 5, 4, 10, 1]
(0.6385445653028623, 1.0084031832404405, 0.8371249871508718)
[4, 6, 6, 3, 7, 4, 8, 3, 7, 1, 5, 6, 10, 6, 4, 4, 8, 3, 1, 8, 7, 6, 8, 10, 5, 5, 10, 10, 6, 10, 6, 8, 2, 1, 1, 3, 4, 10, 2, 3, 5, 7, 6, 6, 1, 8, 6, 8, 4, 5, 10, 10, 4, 6, 5, 2, 3, 2, 5, 4, 10, 1]
(0.639201722939925, 1.0071505296044025, 0.8382259358862072)
[4, 6, 6, 3, 7, 4, 8, 3, 7, 1, 5, 6, 10, 6, 4, 4, 8, 3, 1, 8, 7, 6, 8, 10, 5, 5, 10, 10, 6, 10, 6, 8, 2, 1, 1, 3, 4, 10, 2, 3, 5, 7, 6, 6, 1, 8, 6, 8, 4, 5, 10, 10, 4, 6, 5, 2, 3, 2, 5, 4, 10, 1]
(0.639201722939925, 1.0071505296044025, 0.8382259358862072)
[4, 6, 6, 3, 7, 4, 8, 3, 7, 1, 5, 6, 10, 6, 4, 4, 8, 3, 1, 8, 7, 6, 8, 10, 5, 5, 10, 10, 6, 10, 6, 8, 2, 1, 1, 3, 4, 10, 2, 3, 5, 7, 6, 6, 1, 8, 6, 8, 4, 5, 10, 10, 4, 6, 5, 2, 3, 2, 5, 4, 10, 1]
(0.639201722939925, 1.0071505296044025, 0.8382259358862072)
[4, 2, 3, 3, 5, 5, 9, 1, 10, 1, 5, 3, 10, 5, 10, 5, 5, 3, 1, 8, 8, 6, 6, 10, 3, 5, 8, 10, 5, 6, 9, 8, 8, 1, 1, 3, 4, 10, 1, 2, 5, 6, 5, 7, 6, 7, 6, 8, 5, 2, 9, 4, 4, 6, 5, 1, 3, 2, 5, 4, 10, 1]
(0.6377863755356808, 1.0090442559681805, 0.8394269850506382)
[10, 1, 8, 6, 6, 7, 10, 3, 6, 8, 5, 7, 10, 2, 5, 7, 3, 5, 1, 6, 7, 7, 10, 10, 5, 5, 9, 8, 10, 10, 6, 9, 10, 10, 7, 8, 6, 1, 6, 5, 9, 4, 3, 6, 6, 4, 8, 6, 7, 5, 9, 7, 6, 4, 6, 5, 6, 5, 4, 4, 10, 1]
(0.6486453052708799, 1.0121992097236188, 0.8366699325960701)
[10, 1, 8, 6, 6, 7, 10, 3, 1, 8, 5, 7, 10, 2, 5, 7, 3, 5, 1, 6, 7, 7, 7, 10, 5, 5, 9, 10, 10, 10, 6, 9, 10, 10, 9, 9, 9, 1, 5, 5, 9, 4, 1, 6, 4, 4, 8, 3, 9, 7, 9, 4, 6, 4, 6, 5, 6, 5, 4, 4, 10, 1]
(0.6623290573365725, 1.0116127700544864, 0.8296387703724878)
[10, 1, 8, 6, 6, 7, 10, 3, 6, 8, 5, 7, 10, 2, 5, 7, 3, 5, 1, 6, 7, 7, 10, 10, 5, 5, 9, 10, 10, 10, 6, 9, 10, 10, 7, 8, 6, 1, 6, 5, 9, 4, 3, 6, 6, 4, 8, 6, 9, 5, 9, 7, 6, 4, 6, 5, 6, 5, 4, 4, 10, 1]
(0.6548648393280637, 1.0157281381078034, 0.8339439554906626)
[10, 1, 8, 6, 6, 7, 10, 3, 6, 8, 5, 7, 10, 2, 5, 7, 3, 5, 1, 6, 7, 7, 10, 10, 5, 5, 9, 10, 10, 10, 6, 9, 10, 10, 7, 8, 6, 1, 6, 5, 9, 4, 3, 6, 6, 4, 8, 6, 9, 5, 9, 7, 6, 4, 6, 5, 6, 5, 4, 4, 10, 1]
(0.6548648393280637, 1.0157281381078034, 0.8339439554906626)
[10, 1, 8, 6, 6, 7, 10, 3, 6, 8, 5, 7, 10, 2, 5, 7, 3, 5, 1, 6, 7, 7, 10, 10, 5, 5, 9, 10, 10, 10, 6, 9, 10, 10, 7, 8, 6, 1, 6, 5, 9, 4, 3, 6, 6, 4, 8, 6, 9, 5, 9, 7, 6, 4, 6, 5, 6, 5, 4, 4, 10, 1]
(0.6548648393280637, 1.0157281381078034, 0.8339439554906626)
[10, 1, 8, 6, 6, 7, 10, 3, 6, 8, 5, 7, 10, 2, 5, 7, 3, 5, 1, 6, 7, 7, 10, 10, 5, 5, 9, 10, 10, 10, 6, 9, 10, 10, 7, 8, 6, 1, 6, 5, 9, 4, 3, 6, 6, 4, 8, 6, 9, 5, 9, 7, 6, 4, 6, 5, 6, 5, 4, 4, 10, 1]
(0.6548648393280637, 1.0157281381078034, 0.8339439554906626)
[10, 1, 8, 6, 6, 7, 10, 3, 1, 8, 5, 7, 10, 2, 5, 7, 3, 5, 1, 6, 7, 7, 10, 10, 5, 5, 9, 10, 10, 10, 6, 8, 10, 10, 9, 9, 9, 1, 5, 5, 9, 4, 1, 6, 4, 4, 8, 6, 9, 7, 9, 4, 6, 4, 6, 5, 6, 5, 4, 4, 10, 1]
(0.6612399904660852, 1.0108690493740113, 0.8327335108569687)
[10, 1, 8, 6, 6, 7, 10, 3, 1, 8, 5, 7, 10, 2, 5, 7, 3, 5, 1, 6, 7, 7, 10, 10, 5, 5, 9, 10, 10, 10, 6, 8, 10, 10, 9, 9, 9, 1, 5, 5, 9, 4, 1, 6, 4, 4, 8, 6, 9, 7, 9, 4, 6, 4, 6, 5, 6, 5, 4, 4, 10, 1]
(0.6612399904660852, 1.0108690493740113, 0.8327335108569687)
[10, 1, 8, 6, 6, 7, 10, 3, 6, 8, 5, 7, 10, 2, 5, 7, 3, 5, 1, 6, 7, 7, 10, 10, 5, 5, 9, 10, 10, 10, 6, 9, 10, 10, 6, 8, 6, 1, 6, 5, 9, 4, 3, 6, 6, 4, 8, 6, 9, 5, 4, 7, 6, 4, 6, 5, 6, 5, 4, 4, 10, 1]
(0.6575232656974329, 1.0157254110090406, 0.8323624425580458)
