Matsuoka quadruped, body parameters:[1, 2, 8, 8, 8, 1, 5, 4, 10, 9, 1, 8, 1, 8, 3, 1, 8, 7, 4, 5, 9, 9, 3, 9, 6, 9, 9, 9, 10, 6, 8, 1]
{'b': 0.020000000000000004, 'gam': 0.020000000000000004, 'x0': 0.8, 'c': 4.0, 'a': 1.6}
Inter-module:
[[ 0.  -2.  -1.4 -0.2]
 [-1.2  0.  -0.4 -2. ]
 [-1.4 -0.2  0.  -2. ]
 [-0.4 -2.  -1.2  0. ]]
Intra-module:
[[ 0.  -0.8 -0.6]
 [-1.2  0.   1.4]
 [ 1.4 -1.   0. ]]
Bias:[1.8 1.1 1.8]
Drive coeff:[-0.5 -0.9  0.5]
gen	evals	std                               	min       	avg                               	max                               
0  	92   	[0.0030974  0.00305675 0.        ]	[0. 0. 0.]	[0.0003247  0.00035505 0.        ]	[0.02987198 0.02932716 0.        ]
1  	92   	[0.0151613  0.00305675 0.        ]	[0. 0. 0.]	[0.00252813 0.00035505 0.        ]	[0.1135309  0.02932716 0.        ]
2  	92   	[0.02345879 0.00305675 0.        ]	[0. 0. 0.]	[0.00542495 0.00035505 0.        ]	[0.13292044 0.02932716 0.        ]
3  	92   	[0.03838922 0.01642123 0.        ]	[0. 0. 0.]	[0.01216382 0.00205028 0.        ]	[0.21950138 0.1559613  0.        ]
4  	92   	[0.06978971 0.01661221 0.        ]	[0. 0. 0.]	[0.02199786 0.00233708 0.        ]	[0.55029857 0.1559613  0.        ]
5  	92   	[0.07553107 0.01661221 0.        ]	[0. 0. 0.]	[0.02973448 0.00233708 0.        ]	[0.55029857 0.1559613  0.        ]
6  	92   	[0.07753875 0.02260003 0.01632077]	[0. 0. 0.]	[0.03795598 0.00475928 0.00171088]	[0.55029857 0.1559613  0.15740107]
7  	92   	[0.08984275 0.02381062 0.019755  ]	[0. 0. 0.]	[0.05995638 0.00559908 0.00320577]	[0.55029857 0.1559613  0.15740107]
8  	92   	[0.09161695 0.02942057 0.02033969]	[0. 0. 0.]	[0.08306085 0.00868314 0.00374978]	[0.55029857 0.16145553 0.15740107]
9  	92   	[0.09097787 0.03507982 0.02178368]	[0. 0. 0.]	[0.10678963 0.01340825 0.00494494]	[0.55029857 0.16145553 0.15740107]
10 	92   	[0.09210012 0.04015522 0.02178368]	[0. 0. 0.]	[0.14249043 0.01936825 0.00494494]	[0.55029857 0.16145553 0.15740107]
11 	92   	[0.11632474 0.06757036 0.04457817]	[0. 0. 0.]	[0.14472446 0.0409637  0.01595379]	[0.56770959 0.36450725 0.21270625]
12 	92   	[0.13001113 0.09158338 0.0742388 ]	[0. 0. 0.]	[0.13072095 0.06421891 0.02805805]	[0.56770959 0.55061943 0.54865946]
13 	92   	[0.13181833 0.145985   0.16305065]	[0. 0. 0.]	[0.15264923 0.09633216 0.06190631]	[0.56770959 1.05988085 1.02329073]
14 	92   	[0.12817047 0.15686052 0.19696838]	[0. 0. 0.]	[0.16775114 0.11925592 0.10051362]	[0.56770959 1.05988085 1.02625069]
15 	92   	[0.14312702 0.18684005 0.21725134]	[0. 0. 0.]	[0.19210383 0.15272634 0.13175904]	[0.96452815 1.07445479 1.02625069]
16 	92   	[0.14145875 0.21835279 0.25092485]	[0. 0. 0.]	[0.21114205 0.20646047 0.17828783]	[0.96452815 1.07445479 1.02625069]
17 	92   	[0.15507316 0.25156356 0.28736181]	[0. 0. 0.]	[0.24025783 0.26439232 0.24256073]	[0.96452815 1.07923645 1.0321754 ]
18 	92   	[0.14805667 0.28876612 0.32016249]	[0. 0. 0.]	[0.26595824 0.3414511  0.29133704]	[0.96452815 1.07923645 1.0321754 ]
19 	92   	[0.20395491 0.31549181 0.34195122]	[0. 0. 0.]	[0.31440047 0.44549295 0.36554248]	[0.96452815 1.0796575  1.0321754 ]
20 	92   	[0.21605197 0.32829813 0.34231687]	[0. 0. 0.]	[0.32560164 0.51692274 0.4063677 ]	[0.96452815 1.0796575  1.03410638]
21 	92   	[0.22088422 0.35891626 0.34978192]	[0. 0. 0.]	[0.36236763 0.55591976 0.42333197]	[0.96452815 1.08194226 1.0411655 ]
22 	92   	[0.23520551 0.35132376 0.38037658]	[0. 0. 0.]	[0.37723618 0.61927313 0.50355296]	[0.96452815 1.08194226 1.0411655 ]
23 	92   	[0.25766666 0.34036907 0.39358254]	[0. 0. 0.]	[0.39113913 0.57637191 0.55042685]	[0.96452815 1.08259936 1.0411655 ]
24 	92   	[0.25917235 0.3176976  0.39242176]	[0. 0. 0.]	[0.41846888 0.61841922 0.56341788]	[0.96452815 1.08259936 1.0411655 ]
25 	92   	[0.2502678  0.31777394 0.40233102]	[0.18988642 0.         0.        ]	[0.44342199 0.59746426 0.55253101]	[0.96452815 1.08259936 1.0411655 ]
26 	92   	[0.25893505 0.31261898 0.39264137]	[0.21965481 0.         0.        ]	[0.45911621 0.61672944 0.5272547 ]	[0.96452815 1.08259936 1.0411655 ]
27 	92   	[0.26585284 0.31406008 0.39891228]	[0.21784206 0.         0.        ]	[0.473155   0.58665275 0.55571782]	[0.96452815 1.08259936 1.0411655 ]
28 	92   	[0.27721222 0.3260807  0.39918108]	[0.21784206 0.         0.        ]	[0.50600709 0.61791825 0.5136822 ]	[0.97970244 1.08259936 1.0411655 ]
29 	92   	[0.27927986 0.32211597 0.40395413]	[0. 0. 0.]                        	[0.50113438 0.65425585 0.50738884]	[0.97970244 1.08259936 1.0411655 ]
30 	92   	[0.27150487 0.3043849  0.40886088]	[0. 0. 0.]                        	[0.48061379 0.70937713 0.5013118 ]	[0.97970244 1.08259936 1.0411655 ]
31 	92   	[0.28654165 0.32938102 0.38972166]	[0. 0. 0.]                        	[0.47168986 0.71253925 0.54288759]	[0.97970244 1.08370206 1.0411655 ]
32 	92   	[0.29941686 0.31617452 0.3822727 ]	[0. 0. 0.]                        	[0.49959194 0.70759638 0.55885163]	[0.97970244 1.08370206 1.0411655 ]
33 	92   	[0.29822595 0.31076867 0.38895033]	[0. 0. 0.]                        	[0.50680452 0.72287821 0.58156744]	[0.97970244 1.08370206 1.0411655 ]
34 	92   	[0.30070406 0.30756044 0.38906589]	[0. 0. 0.]                        	[0.50410531 0.73400776 0.56964118]	[0.97970244 1.08370206 1.0411655 ]
35 	92   	[0.31018721 0.31562288 0.39438928]	[0. 0. 0.]                        	[0.53349817 0.73746995 0.57030795]	[0.98845167 1.08370206 1.0411655 ]
36 	92   	[0.31158539 0.32415557 0.39175319]	[0. 0. 0.]                        	[0.5315316  0.75060665 0.58170997]	[0.98845167 1.08370206 1.0411655 ]
37 	92   	[0.32640462 0.32740207 0.42466336]	[0. 0. 0.]                        	[0.56989115 0.67243528 0.63092652]	[0.98845167 1.08370206 1.0411655 ]
38 	92   	[0.3259712  0.33175194 0.43020578]	[0. 0. 0.]                        	[0.58612995 0.66716509 0.62227639]	[0.98845167 1.08370206 1.0411655 ]
39 	92   	[0.32407534 0.329631   0.42728065]	[0. 0. 0.]                        	[0.61059963 0.66120599 0.59766331]	[0.98845167 1.08370206 1.0411655 ]
40 	92   	[0.3275112  0.32633507 0.39978579]	[0. 0. 0.]                        	[0.62398495 0.67143449 0.61581324]	[0.98845167 1.08370206 1.0411655 ]
41 	92   	[0.33466082 0.3359115  0.37195599]	[0. 0. 0.]                        	[0.63146433 0.6688927  0.67820479]	[0.98845167 1.08370206 1.0411655 ]
42 	92   	[0.33409457 0.33209777 0.3713605 ]	[0. 0. 0.]                        	[0.61893803 0.69874958 0.66399902]	[0.98845167 1.08370206 1.0411655 ]
43 	92   	[0.33419405 0.35007782 0.37559232]	[0. 0. 0.]                        	[0.59788815 0.71017252 0.67734814]	[0.98845167 1.08370206 1.0411655 ]
44 	92   	[0.32984142 0.35166639 0.3785206 ]	[0. 0. 0.]                        	[0.56268265 0.7282457  0.66686899]	[0.98845167 1.08370206 1.0411655 ]
45 	92   	[0.32454116 0.3566194  0.38184439]	[0. 0. 0.]                        	[0.54067405 0.75000237 0.65833798]	[0.98845167 1.08370206 1.04271071]
46 	92   	[0.31607531 0.34380872 0.3782445 ]	[0. 0. 0.]                        	[0.50568114 0.79118185 0.66170672]	[0.98845167 1.08370206 1.04271071]
47 	92   	[0.33838035 0.34029437 0.3925978 ]	[0. 0. 0.]                        	[0.58910997 0.73864947 0.67944599]	[0.98845167 1.08370206 1.04271071]
48 	92   	[0.33203279 0.35001597 0.37360932]	[0. 0. 0.]                        	[0.54633118 0.75223444 0.72912395]	[0.99132353 1.08370206 1.04596306]
49 	92   	[0.332106   0.3448393  0.36620643]	[0. 0. 0.]                        	[0.55455167 0.75623645 0.73345525]	[0.99132353 1.08370206 1.04596306]
50 	92   	[0.32156467 0.32426797 0.37626632]	[0. 0. 0.]                        	[0.52107585 0.80849001 0.70706287]	[0.99132353 1.08370206 1.04596306]
51 	92   	[0.30839289 0.30299935 0.37563956]	[0. 0. 0.]                        	[0.49673635 0.83103321 0.70318482]	[0.99132353 1.08370206 1.04596306]
52 	92   	[0.32139808 0.28151949 0.34567623]	[0. 0. 0.]                        	[0.51958491 0.82742307 0.798223  ]	[0.99132353 1.08370206 1.04596306]
53 	92   	[0.33583334 0.28402848 0.33282343]	[0. 0. 0.]                        	[0.5762863  0.79595501 0.8283024 ]	[0.99132353 1.08370206 1.04596306]
54 	92   	[0.3345258  0.28489096 0.33530466]	[0. 0. 0.]                        	[0.56812726 0.81210411 0.81994425]	[0.99132353 1.083751   1.04596306]
55 	92   	[0.33519791 0.27254389 0.34233851]	[0. 0. 0.]                        	[0.57666481 0.82119036 0.80481999]	[0.99132353 1.083751   1.04596306]
56 	92   	[0.32320986 0.2796224  0.35816642]	[0. 0. 0.]                        	[0.52081016 0.85097643 0.76022036]	[0.99132353 1.083751   1.04596306]
57 	92   	[0.32382431 0.29221399 0.36569058]	[0. 0. 0.]                        	[0.52933497 0.83953527 0.73852198]	[0.99132353 1.083751   1.04596306]
58 	92   	[0.33490749 0.29874438 0.36716584]	[0. 0. 0.]                        	[0.59535117 0.8200121  0.73777386]	[0.99132353 1.083751   1.04596306]
59 	92   	[0.32721282 0.30369462 0.3695173 ]	[0.21431491 0.         0.        ]	[0.56461413 0.8399956  0.71174701]	[0.99132353 1.08463046 1.04596306]
60 	92   	[0.33304355 0.30156692 0.3752664 ]	[0.21431491 0.         0.        ]	[0.60893918 0.81597398 0.71953721]	[0.99132353 1.08463046 1.04596306]
61 	92   	[0.33590293 0.30738275 0.36645314]	[0.21431491 0.         0.        ]	[0.65081547 0.78363941 0.76497262]	[0.99132353 1.08463046 1.04596306]
62 	92   	[0.3366131  0.30410394 0.38048685]	[0.21431491 0.         0.        ]	[0.65752859 0.78452024 0.74276491]	[0.99139138 1.08463046 1.04596306]
63 	92   	[0.33836817 0.29603103 0.38286469]	[0.21431491 0.         0.        ]	[0.65666424 0.79637282 0.73463891]	[0.99139138 1.08463046 1.04652861]
64 	92   	[0.33487161 0.28674956 0.38095383]	[0.21431491 0.         0.        ]	[0.6705202  0.80583205 0.72152913]	[0.99139138 1.08463046 1.04652861]
65 	92   	[0.3340743  0.2483075  0.37968294]	[0.19008342 0.         0.        ]	[0.65850454 0.85198019 0.70188455]	[0.99139138 1.08463046 1.04652861]
66 	92   	[0.33551334 0.24656898 0.38003443]	[0.19008342 0.         0.        ]	[0.65780921 0.85418323 0.70164333]	[0.99139138 1.08463046 1.04652861]
67 	92   	[0.33410054 0.24961351 0.37803347]	[0.19008342 0.         0.        ]	[0.65615425 0.85125003 0.71768807]	[0.99139138 1.08463046 1.04652861]
68 	92   	[0.33029445 0.25000951 0.36692626]	[0.19008342 0.         0.        ]	[0.66388126 0.84828743 0.74573018]	[0.99139138 1.08463046 1.04652861]
69 	92   	[0.33665264 0.26146239 0.37655215]	[0.19008342 0.         0.        ]	[0.64617312 0.86003619 0.72531863]	[0.99139138 1.08463046 1.04652861]
70 	92   	[0.34194322 0.24636655 0.38387243]	[0. 0. 0.]                        	[0.64575804 0.87581636 0.69854063]	[0.99139138 1.08463046 1.04652861]
71 	92   	[0.34656842 0.24497782 0.38559108]	[0. 0. 0.]                        	[0.64021398 0.87888128 0.67506731]	[0.99139138 1.08463046 1.04652861]
72 	92   	[0.34626729 0.25714276 0.38128637]	[0. 0. 0.]                        	[0.63169763 0.867958   0.67850291]	[0.99139138 1.08463046 1.04652861]
73 	92   	[0.34040653 0.25543132 0.38094864]	[0.19008342 0.         0.        ]	[0.63638548 0.86941563 0.68613137]	[0.99139138 1.08534184 1.04652861]
74 	92   	[0.33802538 0.25642935 0.38071655]	[0.19008342 0.         0.        ]	[0.65046979 0.88036713 0.67859713]	[0.99139138 1.08534184 1.04652861]
75 	92   	[0.34167519 0.25869492 0.38463584]	[0.19008342 0.         0.        ]	[0.63918838 0.86537357 0.69873173]	[0.99139138 1.08534184 1.04652861]
76 	92   	[0.34182695 0.25721914 0.37554523]	[0.19008342 0.         0.        ]	[0.64638779 0.87162503 0.69773831]	[0.99139138 1.08534184 1.04652861]
77 	92   	[0.34604235 0.25590522 0.38612824]	[0. 0. 0.]                        	[0.64353164 0.87314362 0.69028209]	[0.99139138 1.08534184 1.04652861]
78 	92   	[0.34737698 0.25494765 0.3835867 ]	[0. 0. 0.]                        	[0.65616709 0.85576029 0.72157215]	[0.99139138 1.08534184 1.04652861]
79 	92   	[0.34836254 0.25270493 0.3793476 ]	[0. 0. 0.]                        	[0.64051065 0.86954075 0.73402769]	[0.99139138 1.08534184 1.04652861]
80 	92   	[0.34672232 0.25216423 0.38014444]	[0. 0. 0.]                        	[0.65516117 0.8625309  0.72659633]	[0.99139138 1.08534184 1.04652861]
81 	92   	[0.34309225 0.2480304  0.3755705 ]	[0. 0. 0.]                        	[0.6582212  0.87910034 0.72200034]	[0.99139138 1.08534184 1.04652861]
82 	92   	[0.34315384 0.24803589 0.37526393]	[0. 0. 0.]                        	[0.65830771 0.87910726 0.72227934]	[0.99139138 1.08534184 1.04652861]
83 	92   	[0.34189948 0.24651491 0.37025677]	[0. 0. 0.]                        	[0.65963797 0.88458514 0.72542317]	[0.99139138 1.08534184 1.04652861]
84 	92   	[0.34319098 0.24490496 0.37033616]	[0. 0. 0.]                        	[0.65192891 0.89395892 0.73200595]	[0.99139138 1.08534184 1.04652861]
85 	92   	[0.33936457 0.22974495 0.36567458]	[0. 0. 0.]                        	[0.63543043 0.91958014 0.74821658]	[0.99139138 1.08534184 1.04652861]
86 	92   	[0.33976947 0.22201959 0.36654574]	[0. 0. 0.]                        	[0.62783135 0.92295002 0.75024609]	[0.99139138 1.08534184 1.04652861]
87 	92   	[0.33938068 0.22102948 0.35990288]	[0. 0. 0.]                        	[0.61136841 0.93039594 0.77415779]	[0.99139138 1.08534184 1.04652861]
88 	92   	[0.33854964 0.2250719  0.34048977]	[0. 0. 0.]                        	[0.58739298 0.92488431 0.80760863]	[0.99139138 1.08534184 1.04652861]
89 	92   	[0.33728938 0.22213558 0.34073803]	[0. 0. 0.]                        	[0.57201669 0.93073308 0.80804827]	[0.99139138 1.08534184 1.04652861]
90 	92   	[0.33648734 0.21736618 0.34054049]	[0. 0. 0.]                        	[0.57133418 0.9437758  0.80872104]	[0.99139138 1.08534184 1.04652861]
91 	92   	[0.33669829 0.21832141 0.3406311 ]	[0. 0. 0.]                        	[0.57151837 0.9401934  0.80885984]	[0.99139138 1.08534184 1.04652861]
92 	92   	[0.33616789 0.21266871 0.34050049]	[0. 0. 0.]                        	[0.57203213 0.94996517 0.80866196]	[0.99139138 1.08534184 1.04652861]
93 	92   	[0.33714266 0.20898121 0.34334234]	[0. 0. 0.]                        	[0.57977327 0.95562202 0.80084558]	[0.99139138 1.08534184 1.04652861]
94 	92   	[0.33422296 0.20882133 0.34035361]	[0. 0. 0.]                        	[0.56462256 0.95581225 0.80850288]	[0.99139138 1.08534184 1.04652861]
95 	92   	[0.33598107 0.22518358 0.34863283]	[0. 0. 0.]                        	[0.57244546 0.94572585 0.78561787]	[0.99139138 1.08534184 1.04652861]
96 	92   	[0.33751863 0.22704119 0.34357051]	[0. 0. 0.]                        	[0.57912477 0.93435344 0.80122759]	[0.99139138 1.08534184 1.04652861]
97 	92   	[0.33762679 0.22649533 0.34963409]	[0. 0. 0.]                        	[0.60813456 0.93788037 0.79720554]	[0.99139138 1.08534184 1.04652861]
98 	92   	[0.33394205 0.21427135 0.34970083]	[0. 0. 0.]                        	[0.60420295 0.94252772 0.79730828]	[0.99139138 1.08534184 1.04652861]
99 	92   	[0.33410156 0.21078597 0.35223805]	[0. 0. 0.]                        	[0.61147786 0.94826337 0.78955884]	[0.99139138 1.08534184 1.04652861]
100	92   	[0.33317573 0.22380894 0.34328833]	[0. 0. 0.]                        	[0.60431747 0.93882618 0.80089958]	[0.99139138 1.08534184 1.04652861]
101	92   	[0.33315491 0.22451813 0.34047432]	[0. 0. 0.]                        	[0.60425622 0.93527495 0.80876772]	[0.99139138 1.08534184 1.04652861]
102	92   	[0.33330514 0.22452304 0.3404707 ]	[0. 0. 0.]                        	[0.6043989  0.93526984 0.80876232]	[0.99139138 1.08534184 1.04652861]
103	92   	[0.3322569  0.21999441 0.3400001 ]	[0. 0. 0.]                        	[0.58277603 0.9487372  0.79739901]	[0.99139138 1.08534184 1.04652861]
104	92   	[0.33439047 0.25013658 0.36609555]	[0. 0. 0.]                        	[0.58606079 0.91430449 0.75617772]	[0.99139138 1.08534184 1.04652861]
105	92   	[0.33388579 0.25055989 0.36884288]	[0. 0. 0.]                        	[0.59156902 0.91059066 0.75264298]	[0.99139138 1.08534184 1.04652861]
106	92   	[0.33607356 0.24125962 0.3656899 ]	[0. 0. 0.]                        	[0.58176971 0.89750894 0.76860938]	[0.99139138 1.08534184 1.04652861]
107	92   	[0.33877454 0.23690021 0.36553031]	[0. 0. 0.]                        	[0.59150712 0.90812806 0.76861204]	[0.99139138 1.08534184 1.04652861]
108	92   	[0.33505306 0.2385581  0.39638507]	[0. 0. 0.]                        	[0.5740105  0.91785049 0.72806428]	[0.99770203 1.08581461 1.04652861]
109	92   	[0.3380897  0.23754563 0.40607509]	[0. 0. 0.]                        	[0.59186879 0.90656388 0.7209313 ]	[0.99770203 1.08675467 1.04652861]
110	92   	[0.33036432 0.22481577 0.40025507]	[0.21890897 0.20940761 0.        ]	[0.59027414 0.91041055 0.73219989]	[0.99770203 1.08675467 1.04652861]
111	92   	[0.33104159 0.21482863 0.40702789]	[0.21890897 0.20940761 0.        ]	[0.59345003 0.93800536 0.71211599]	[0.99770203 1.08675467 1.04652861]
112	92   	[0.32987653 0.21426081 0.39779828]	[0.21890897 0.20940761 0.        ]	[0.58478441 0.94193259 0.7186542 ]	[0.99770203 1.08675467 1.04652861]
113	92   	[0.33455701 0.20777791 0.39255974]	[0.21890897 0.20940761 0.        ]	[0.5881557  0.94998712 0.72239616]	[0.99770203 1.08675467 1.04652861]
114	92   	[0.33262756 0.20440625 0.39872264]	[0.21890897 0.20940761 0.        ]	[0.59099564 0.95514736 0.70330342]	[0.99770203 1.08675467 1.04652861]
115	92   	[0.33233068 0.2044368  0.39889683]	[0.21890897 0.20940761 0.        ]	[0.58248222 0.95527134 0.70351424]	[0.99770203 1.08675467 1.04652861]
116	92   	[0.3329081  0.20439617 0.39404116]	[0.21890897 0.20940761 0.        ]	[0.58891028 0.95514355 0.7069485 ]	[0.99770203 1.08675467 1.04652861]
117	92   	[0.33406563 0.20709046 0.39400617]	[0.21890897 0.20940761 0.        ]	[0.58739609 0.95390858 0.706907  ]	[0.99770203 1.08675467 1.04652861]
118	92   	[0.33541941 0.1994057  0.39476065]	[0.21890897 0.20940761 0.        ]	[0.59981862 0.96448022 0.69130419]	[0.99770203 1.08675467 1.04652861]
119	92   	[0.33631609 0.1994885  0.39776916]	[0.21890897 0.20940761 0.        ]	[0.59270626 0.96468407 0.69315187]	[0.99770203 1.08675467 1.04652861]
120	92   	[0.33732441 0.19428176 0.39192655]	[0.19270462 0.20940761 0.        ]	[0.60004909 0.97333535 0.68651178]	[0.99770203 1.08675467 1.04652861]
121	92   	[0.3390189  0.19326341 0.39058602]	[0.19270462 0.20940761 0.        ]	[0.59805625 0.97706953 0.68422561]	[0.99770203 1.08675467 1.04828161]
122	92   	[0.33877248 0.19454078 0.39077559]	[0.19270462 0.20940761 0.        ]	[0.62714446 0.97314386 0.67660342]	[0.99770203 1.08675467 1.04828161]
123	92   	[0.33828715 0.21616844 0.39040477]	[0.19270462 0.         0.        ]	[0.61970099 0.96365006 0.6772843 ]	[0.99770203 1.08675467 1.04828161]
124	92   	[0.33870193 0.21515981 0.3840243 ]	[0.19270462 0.         0.        ]	[0.62580882 0.96724305 0.68600092]	[0.99770203 1.08675467 1.04828161]
125	92   	[0.33583036 0.21882388 0.3810352 ]	[0.19270462 0.20940761 0.        ]	[0.61972228 0.96427181 0.68436216]	[0.99770203 1.08675467 1.04828161]
126	92   	[0.33649968 0.23213491 0.37569427]	[0.1913114  0.20940761 0.        ]	[0.63543717 0.95428914 0.69537097]	[0.99770203 1.08675467 1.04828161]
127	92   	[0.33461065 0.23097839 0.37251757]	[0.1913114  0.20940761 0.        ]	[0.63573058 0.95839806 0.69354934]	[0.99770203 1.08675467 1.04828161]
128	92   	[0.33689479 0.22206308 0.36715175]	[0.19229369 0.20940761 0.        ]	[0.61971758 0.95899161 0.7050215 ]	[0.99770203 1.08675467 1.04828161]
129	92   	[0.33050725 0.217155   0.36950117]	[0.19270462 0.1594618  0.        ]	[0.64609188 0.97119886 0.66850962]	[0.99770203 1.08675467 1.04909717]
130	92   	[0.32922384 0.19362651 0.37883285]	[0.19270462 0.32887754 0.        ]	[0.64570805 0.97945063 0.66144529]	[0.99770203 1.08675467 1.04909717]
131	92   	[0.32977141 0.19364202 0.36968375]	[0.19270462 0.32887754 0.        ]	[0.65214441 0.9794783  0.66509087]	[0.99770203 1.08675467 1.04909717]
132	92   	[0.33088607 0.19364338 0.37062689]	[0.19270462 0.32887754 0.        ]	[0.65609565 0.97948014 0.66823053]	[0.99770203 1.08675467 1.04909717]
133	92   	[0.33275519 0.2154113  0.37095339]	[0.19270462 0.         0.        ]	[0.64110244 0.96989457 0.66856186]	[0.99770203 1.08675467 1.04909717]
134	92   	[0.33260942 0.21039843 0.37087375]	[0.19270462 0.         0.        ]	[0.6341014  0.97607675 0.660484  ]	[0.99770203 1.08675467 1.04909717]
135	92   	[0.33371311 0.23322219 0.37559433]	[0.19270462 0.         0.        ]	[0.63524495 0.96445527 0.65705329]	[1.00011496 1.08675467 1.04909717]
136	92   	[0.33597836 0.25338162 0.37627338]	[0.19270462 0.         0.        ]	[0.62858013 0.95264217 0.6645936 ]	[1.00011496 1.08675467 1.04909717]
137	92   	[0.33701164 0.25138624 0.38020301]	[0.19270462 0.         0.        ]	[0.64160633 0.9541196  0.65358793]	[1.00011496 1.08675467 1.04909717]
138	92   	[0.3374253  0.2556333  0.37603881]	[0.19270462 0.         0.        ]	[0.62616943 0.95148659 0.66490619]	[1.00011496 1.08675467 1.04909717]
139	92   	[0.33807261 0.25101806 0.37614561]	[0.19270462 0.         0.        ]	[0.6268862  0.95453212 0.67256902]	[1.00011496 1.08675467 1.04909717]
140	92   	[0.33987553 0.25350878 0.37772234]	[0.19270462 0.         0.        ]	[0.61999687 0.95257867 0.67190751]	[1.00011496 1.08675467 1.04909717]
141	92   	[0.33926673 0.25476288 0.38128163]	[0.19270462 0.         0.        ]	[0.61291274 0.94527569 0.67715508]	[1.00011496 1.08675467 1.04909717]
142	92   	[0.34289255 0.25625528 0.37661772]	[0. 0. 0.]                        	[0.59372359 0.93436922 0.68927825]	[1.00011496 1.08675467 1.04940593]
143	92   	[0.33991964 0.23875637 0.38462607]	[0. 0. 0.]                        	[0.61320978 0.93496072 0.66749273]	[1.00011496 1.08675467 1.04940593]
144	92   	[0.34374674 0.24325235 0.38750375]	[0. 0. 0.]                        	[0.63367037 0.93460205 0.64011888]	[1.00011496 1.08675467 1.04940593]
145	92   	[0.33926513 0.24304173 0.39980975]	[0. 0. 0.]                        	[0.64250548 0.93790621 0.62980651]	[1.00011496 1.08675467 1.04940593]
146	92   	[0.34048828 0.24791696 0.40033415]	[0. 0. 0.]                        	[0.64388482 0.93114273 0.62940486]	[1.00011496 1.08675467 1.04940593]
147	92   	[0.34499102 0.24627541 0.40076435]	[0. 0. 0.]                        	[0.64394994 0.92849143 0.64646404]	[1.00011496 1.08675467 1.04940593]
148	92   	[0.34563251 0.24639761 0.39654659]	[0. 0. 0.]                        	[0.63639696 0.92870115 0.65828121]	[1.00011496 1.08675467 1.04940593]
149	92   	[0.34362301 0.24365104 0.39225687]	[0. 0. 0.]                        	[0.63173068 0.93438119 0.6694067 ]	[1.00011496 1.08675467 1.04940593]
[8, 8, 4, 6, 9, 5, 6, 9, 3, 3, 7, 1, 10, 9, 7, 7, 1, 4, 3, 5, 4, 8, 2, 8, 4, 9, 8, 8, 9, 10, 2, 4, 8, 7, 7, 9, 9, 10, 9, 10, 8, 4, 8, 10, 8, 10, 3, 8, 9, 6, 9, 9, 6, 10, 6, 1, 5, 5, 4, 3, 4, 1]
(0.9984980496671102, 0.0, 0.0)
[8, 8, 4, 6, 9, 5, 6, 9, 3, 3, 7, 1, 10, 9, 7, 7, 1, 4, 3, 5, 4, 8, 2, 8, 4, 9, 8, 8, 9, 8, 10, 4, 8, 7, 7, 9, 9, 10, 9, 10, 8, 4, 8, 10, 8, 10, 3, 8, 9, 6, 9, 9, 6, 10, 6, 1, 5, 5, 4, 3, 4, 1]
(1.0001149617838008, 0.0, 0.0)
[4, 5, 4, 3, 2, 4, 6, 5, 5, 5, 1, 3, 7, 5, 9, 7, 10, 2, 6, 7, 5, 3, 8, 7, 7, 1, 7, 2, 9, 8, 6, 8, 5, 9, 9, 9, 8, 8, 4, 7, 7, 2, 9, 6, 8, 5, 2, 2, 8, 3, 5, 5, 2, 8, 4, 4, 5, 5, 5, 5, 10, 1]
(0.3218076188897105, 1.083488495834172, 0.0)
[8, 8, 4, 6, 9, 5, 6, 9, 3, 3, 7, 1, 10, 9, 7, 7, 1, 4, 3, 5, 4, 8, 2, 8, 4, 9, 8, 8, 8, 8, 10, 4, 8, 7, 7, 9, 9, 10, 9, 10, 8, 4, 8, 10, 8, 3, 3, 8, 9, 6, 9, 9, 6, 10, 6, 1, 5, 5, 4, 3, 4, 1]
(0.997124260988978, 0.5517783837392848, 0.0)
[8, 8, 10, 6, 9, 5, 6, 9, 3, 3, 7, 1, 10, 9, 7, 7, 1, 4, 3, 5, 4, 8, 2, 8, 4, 9, 8, 8, 9, 10, 2, 4, 8, 7, 7, 9, 9, 10, 9, 10, 8, 4, 8, 10, 8, 10, 3, 8, 9, 5, 9, 9, 6, 10, 6, 1, 5, 5, 4, 3, 4, 1]
(0.9977020269181638, 0.6998244874681969, 0.0)
[8, 8, 10, 6, 9, 5, 6, 9, 3, 3, 7, 1, 10, 5, 7, 7, 1, 4, 3, 5, 4, 8, 2, 8, 4, 9, 8, 8, 9, 9, 10, 3, 8, 7, 7, 9, 9, 10, 9, 10, 8, 4, 8, 10, 8, 10, 3, 8, 9, 6, 9, 9, 6, 10, 6, 1, 5, 5, 4, 3, 4, 1]
(0.9949761224629617, 0.7056334566768426, 0.0)
[8, 8, 10, 6, 9, 5, 6, 9, 3, 3, 7, 1, 10, 9, 7, 7, 1, 4, 3, 5, 2, 8, 2, 8, 4, 9, 8, 8, 9, 10, 2, 4, 8, 7, 7, 9, 9, 10, 9, 10, 8, 4, 8, 10, 8, 10, 3, 8, 9, 5, 9, 9, 6, 10, 6, 1, 5, 5, 4, 3, 4, 1]
(0.9970372455884082, 0.7036883834719885, 0.0)
[4, 5, 4, 3, 2, 4, 6, 5, 5, 5, 1, 3, 7, 6, 10, 7, 8, 2, 6, 7, 5, 3, 8, 7, 7, 1, 5, 2, 9, 5, 6, 8, 5, 9, 9, 9, 8, 8, 4, 7, 7, 2, 9, 6, 8, 5, 3, 2, 8, 3, 5, 5, 2, 8, 4, 4, 5, 3, 5, 5, 10, 1]
(0.3226257936620265, 1.0867546716704966, 0.2974344503609423)
[4, 5, 4, 3, 2, 4, 6, 5, 5, 5, 1, 3, 7, 10, 9, 7, 8, 2, 6, 7, 5, 3, 8, 7, 7, 1, 7, 2, 9, 8, 6, 8, 5, 9, 9, 9, 8, 8, 4, 7, 7, 2, 9, 6, 8, 4, 3, 2, 8, 3, 5, 5, 2, 8, 4, 4, 5, 5, 5, 5, 10, 1]
(0.32174352927687416, 1.0799357408657668, 0.3230371433872292)
[4, 5, 4, 3, 2, 4, 6, 5, 5, 5, 1, 3, 7, 6, 6, 7, 2, 7, 9, 4, 5, 6, 7, 8, 7, 2, 7, 2, 9, 5, 6, 8, 5, 9, 9, 9, 8, 8, 4, 7, 7, 2, 9, 6, 8, 1, 3, 2, 8, 3, 5, 5, 2, 8, 4, 4, 5, 5, 5, 5, 10, 1]
(0.32124076912859056, 1.080248681642115, 0.32331127748831845)
[4, 5, 4, 3, 2, 10, 6, 5, 5, 5, 1, 3, 7, 6, 10, 7, 8, 2, 6, 7, 5, 3, 8, 7, 7, 1, 7, 2, 9, 5, 6, 8, 5, 9, 9, 9, 8, 8, 4, 7, 7, 2, 9, 6, 8, 5, 3, 2, 8, 3, 5, 5, 2, 8, 4, 4, 5, 5, 5, 5, 10, 1]
(0.3213338907627002, 1.0808586670085787, 0.3230285932430151)
[4, 5, 4, 3, 2, 5, 6, 5, 5, 5, 5, 3, 7, 5, 9, 7, 10, 2, 6, 7, 5, 6, 7, 8, 8, 1, 7, 2, 9, 5, 6, 8, 5, 9, 9, 9, 8, 8, 4, 7, 7, 2, 9, 6, 8, 5, 2, 2, 8, 3, 5, 5, 2, 8, 4, 4, 5, 5, 5, 5, 10, 1]
(0.320826266240777, 1.082299523614347, 0.3228944982207815)
[4, 5, 4, 3, 2, 4, 6, 5, 5, 5, 1, 3, 7, 6, 6, 7, 2, 7, 9, 4, 5, 6, 7, 8, 7, 5, 7, 2, 9, 9, 6, 8, 5, 9, 9, 9, 8, 8, 5, 5, 8, 2, 9, 6, 8, 5, 3, 2, 7, 2, 8, 5, 8, 8, 4, 2, 5, 2, 5, 5, 10, 1]
(0.32259856464755426, 1.0808217545971273, 0.3226860150928448)
[4, 5, 4, 3, 2, 1, 6, 5, 5, 5, 1, 3, 7, 6, 6, 7, 2, 7, 9, 4, 5, 6, 7, 8, 7, 5, 2, 8, 9, 9, 6, 6, 5, 9, 9, 9, 8, 8, 5, 7, 8, 2, 9, 6, 8, 5, 3, 2, 8, 2, 8, 5, 8, 8, 4, 2, 5, 2, 5, 5, 10, 1]
(0.3224834548391914, 1.0816023727878927, 0.3229715150255886)
[4, 5, 4, 3, 2, 4, 6, 5, 8, 5, 1, 3, 7, 5, 9, 7, 10, 2, 6, 7, 5, 6, 7, 7, 7, 1, 7, 2, 9, 8, 6, 8, 5, 9, 9, 9, 8, 8, 4, 7, 7, 2, 9, 6, 8, 1, 3, 2, 8, 3, 2, 5, 1, 8, 4, 4, 5, 5, 5, 5, 10, 1]
(0.32229724868583487, 1.0822178108617664, 0.3227674548867329)
[4, 5, 4, 3, 2, 5, 6, 5, 5, 5, 5, 3, 7, 5, 9, 7, 10, 8, 6, 7, 5, 6, 7, 8, 8, 1, 7, 2, 9, 5, 6, 8, 5, 9, 9, 9, 8, 8, 4, 7, 7, 1, 9, 6, 8, 1, 3, 2, 8, 3, 5, 5, 2, 8, 4, 4, 5, 5, 5, 5, 10, 1]
(0.32200493413087317, 1.0832073545083403, 0.32230634175976725)
[4, 5, 4, 3, 2, 4, 6, 5, 5, 5, 1, 3, 7, 6, 10, 7, 2, 3, 9, 4, 5, 6, 7, 8, 7, 2, 5, 2, 9, 5, 6, 8, 5, 9, 9, 9, 8, 8, 4, 7, 7, 2, 9, 6, 8, 5, 3, 2, 8, 3, 5, 5, 2, 8, 4, 4, 5, 5, 5, 5, 10, 1]
(0.32132557138309437, 1.0846304597333074, 0.32190350670129075)
[4, 5, 4, 3, 6, 1, 6, 5, 5, 5, 1, 3, 7, 6, 6, 7, 2, 7, 9, 4, 5, 6, 7, 8, 7, 5, 7, 2, 9, 9, 6, 6, 9, 9, 10, 9, 8, 8, 5, 7, 8, 2, 9, 6, 8, 5, 3, 2, 8, 2, 8, 5, 8, 10, 4, 2, 5, 2, 5, 5, 10, 1]
(0.3217456436053609, 1.0839336330071092, 0.32254495893931473)
[4, 5, 4, 3, 2, 1, 6, 5, 5, 7, 1, 3, 7, 6, 6, 7, 2, 7, 9, 4, 5, 6, 7, 8, 7, 5, 2, 4, 9, 10, 6, 6, 5, 9, 9, 5, 8, 8, 5, 7, 8, 2, 9, 6, 8, 5, 3, 2, 8, 2, 8, 5, 8, 10, 4, 2, 5, 2, 5, 5, 10, 1]
(0.3234469806101387, 1.0825794154778123, 0.3222930674721685)
[4, 5, 4, 3, 2, 5, 6, 5, 5, 5, 5, 3, 7, 6, 6, 7, 2, 7, 9, 4, 5, 6, 7, 8, 7, 5, 7, 2, 9, 9, 6, 6, 9, 9, 10, 9, 8, 8, 5, 7, 8, 2, 9, 9, 8, 1, 3, 5, 8, 3, 5, 5, 2, 8, 4, 4, 5, 5, 5, 5, 10, 1]
(0.3217531669542511, 1.0843982683494688, 0.3222019605918808)
[4, 5, 4, 3, 2, 1, 6, 5, 5, 5, 1, 3, 7, 6, 6, 7, 2, 7, 9, 4, 5, 6, 7, 8, 7, 5, 2, 4, 9, 9, 6, 6, 5, 9, 9, 9, 8, 8, 5, 7, 8, 2, 9, 6, 8, 5, 3, 2, 8, 2, 8, 5, 8, 10, 4, 2, 5, 2, 5, 5, 10, 1]
(0.32265811760545066, 1.0831031357869505, 0.32262923570206636)
[4, 5, 4, 3, 2, 1, 6, 5, 5, 5, 1, 3, 7, 6, 6, 7, 2, 7, 9, 4, 5, 6, 7, 8, 7, 5, 7, 2, 9, 9, 6, 6, 5, 9, 9, 9, 8, 8, 5, 7, 8, 2, 9, 6, 8, 5, 3, 2, 8, 2, 8, 5, 8, 10, 4, 2, 5, 2, 5, 5, 10, 1]
(0.3228338060714128, 1.0833489818498492, 0.3222672288319415)
[4, 5, 4, 3, 2, 1, 6, 5, 5, 5, 1, 7, 7, 6, 6, 7, 2, 7, 9, 4, 5, 6, 7, 1, 7, 5, 2, 8, 9, 9, 6, 6, 5, 9, 9, 9, 8, 8, 5, 7, 8, 2, 9, 6, 8, 5, 3, 2, 8, 2, 8, 5, 8, 10, 4, 2, 5, 2, 5, 5, 10, 1]
(0.32259507108644697, 1.0842481939122082, 0.32173200414693104)
[5, 5, 4, 3, 2, 4, 6, 5, 5, 5, 1, 3, 7, 10, 9, 7, 8, 2, 6, 7, 5, 3, 8, 7, 7, 1, 7, 2, 9, 8, 6, 8, 5, 9, 9, 9, 8, 8, 4, 7, 7, 2, 9, 6, 8, 1, 3, 2, 8, 3, 5, 5, 2, 8, 4, 4, 5, 5, 5, 5, 10, 1]
(0.3214052122342649, 1.084302700124681, 0.3228763327527957)
[4, 5, 4, 3, 2, 1, 6, 5, 5, 5, 1, 3, 7, 6, 6, 7, 2, 7, 9, 4, 5, 6, 7, 8, 7, 5, 7, 2, 9, 9, 6, 6, 5, 9, 9, 9, 8, 8, 5, 7, 8, 2, 9, 6, 8, 5, 3, 2, 8, 2, 8, 5, 8, 10, 4, 2, 5, 2, 5, 5, 10, 1]
(0.3230068388858435, 1.083187843672931, 0.3225497884922477)
[4, 5, 4, 3, 2, 1, 6, 5, 5, 5, 1, 3, 7, 6, 6, 7, 2, 7, 9, 4, 5, 6, 7, 8, 6, 5, 7, 2, 9, 9, 6, 6, 5, 9, 9, 9, 8, 8, 5, 7, 8, 2, 9, 6, 8, 5, 3, 2, 8, 2, 8, 5, 8, 10, 4, 2, 5, 2, 5, 5, 10, 1]
(0.32246065091348924, 1.084234184585512, 0.3220816553775501)
[4, 5, 4, 3, 2, 1, 6, 5, 5, 5, 1, 3, 7, 6, 6, 7, 2, 7, 9, 4, 5, 6, 7, 8, 7, 5, 7, 8, 9, 9, 6, 6, 5, 9, 9, 9, 8, 8, 5, 2, 8, 2, 9, 6, 8, 5, 3, 6, 8, 2, 8, 5, 8, 10, 4, 2, 5, 2, 5, 5, 10, 1]
(0.3225631230556488, 1.0845793755725026, 0.32164515521385534)
[4, 5, 4, 3, 2, 5, 6, 5, 5, 5, 5, 3, 7, 6, 6, 7, 2, 7, 9, 4, 5, 6, 7, 8, 7, 2, 7, 2, 9, 5, 6, 8, 5, 9, 9, 9, 8, 8, 4, 7, 3, 2, 9, 6, 8, 1, 3, 5, 8, 3, 5, 5, 2, 8, 4, 4, 5, 5, 5, 5, 10, 1]
(0.32187212884221766, 1.085739395208657, 0.32134432367844834)
[9, 9, 4, 2, 2, 4, 2, 5, 6, 3, 1, 3, 10, 9, 10, 8, 7, 6, 4, 9, 10, 10, 7, 3, 7, 10, 9, 2, 10, 9, 7, 10, 8, 7, 7, 10, 3, 8, 8, 6, 1, 4, 7, 7, 7, 8, 6, 3, 8, 4, 6, 5, 2, 1, 3, 4, 5, 5, 5, 5, 4, 1]
(0.0, 0.7395395854901932, 1.049405929331062)
[4, 6, 8, 3, 5, 4, 3, 5, 5, 3, 1, 3, 5, 10, 9, 7, 10, 2, 6, 7, 5, 3, 8, 7, 7, 1, 7, 2, 8, 9, 10, 10, 8, 7, 7, 9, 9, 8, 2, 6, 7, 4, 7, 7, 7, 2, 9, 3, 8, 4, 8, 5, 2, 1, 4, 4, 5, 5, 5, 5, 10, 9]
(0.9913913824599514, 0.5530760621652001, 0.25300007969549565)
[2, 5, 2, 8, 7, 1, 6, 5, 6, 3, 6, 3, 10, 10, 8, 7, 9, 8, 6, 5, 10, 6, 5, 6, 5, 8, 5, 2, 5, 9, 10, 10, 6, 7, 7, 9, 5, 4, 6, 8, 1, 4, 7, 7, 7, 2, 8, 3, 8, 4, 6, 10, 9, 3, 4, 3, 3, 5, 6, 3, 8, 1]
(0.2205035275168011, 0.5505110419546079, 1.0482816087365678)
[2, 5, 2, 8, 7, 1, 6, 5, 6, 3, 6, 3, 10, 10, 6, 7, 2, 8, 6, 5, 10, 6, 5, 2, 5, 8, 5, 2, 5, 9, 10, 10, 6, 7, 7, 9, 5, 4, 7, 6, 1, 4, 7, 7, 7, 2, 8, 3, 8, 4, 6, 10, 9, 3, 4, 3, 3, 5, 6, 3, 10, 1]
(0.2612855532796574, 0.5566019432529442, 1.0465286086213552)
[9, 9, 4, 2, 2, 4, 2, 5, 9, 3, 1, 8, 10, 9, 10, 8, 7, 6, 4, 9, 10, 1, 7, 3, 7, 6, 9, 2, 10, 9, 7, 10, 8, 7, 7, 10, 3, 8, 8, 6, 1, 4, 7, 7, 8, 8, 6, 3, 8, 4, 6, 6, 2, 1, 3, 4, 5, 5, 5, 5, 10, 1]
(0.2231112755296539, 0.7370260506424872, 1.0454306755315381)
[9, 10, 4, 3, 2, 4, 8, 5, 9, 3, 1, 3, 10, 8, 10, 8, 7, 6, 4, 9, 10, 1, 7, 3, 7, 6, 9, 2, 10, 9, 7, 10, 8, 7, 7, 10, 3, 8, 8, 6, 1, 4, 7, 7, 7, 8, 6, 3, 5, 4, 6, 5, 2, 1, 3, 4, 5, 5, 5, 5, 10, 1]
(0.22193213157509384, 0.7377993915673517, 1.0461163661696173)
[9, 9, 4, 2, 2, 4, 2, 5, 9, 3, 1, 3, 10, 9, 10, 8, 7, 10, 6, 9, 10, 1, 4, 3, 7, 6, 9, 2, 10, 9, 7, 10, 8, 7, 7, 10, 3, 8, 8, 6, 1, 4, 7, 9, 7, 8, 6, 9, 8, 4, 6, 5, 2, 1, 3, 4, 5, 5, 5, 5, 10, 1]
(0.26146676315291845, 0.7330858776818896, 1.048208528637592)
[9, 9, 4, 2, 2, 4, 2, 5, 9, 3, 1, 3, 10, 9, 10, 8, 7, 6, 1, 9, 10, 1, 7, 7, 7, 6, 5, 2, 9, 9, 7, 10, 8, 7, 9, 10, 3, 6, 10, 6, 1, 4, 7, 7, 8, 8, 6, 3, 8, 4, 6, 5, 1, 1, 3, 4, 5, 5, 5, 5, 10, 1]
(0.260996841745816, 0.7380136491908199, 1.0447598836301377)
[2, 5, 2, 8, 7, 1, 6, 5, 6, 3, 6, 3, 10, 6, 6, 7, 9, 8, 6, 5, 10, 6, 5, 6, 5, 8, 5, 2, 9, 9, 10, 10, 6, 7, 4, 9, 6, 8, 2, 6, 1, 4, 3, 7, 10, 8, 6, 3, 10, 4, 6, 10, 7, 5, 4, 3, 5, 5, 4, 3, 10, 1]
(0.322260281950042, 0.735806591137652, 1.0457577052135913)
[9, 9, 3, 2, 2, 4, 2, 5, 9, 3, 1, 3, 10, 9, 10, 8, 7, 6, 4, 9, 10, 10, 7, 3, 7, 10, 9, 2, 10, 9, 7, 10, 8, 7, 7, 10, 3, 8, 8, 6, 1, 4, 7, 7, 7, 8, 6, 3, 8, 4, 6, 5, 8, 1, 3, 4, 5, 5, 5, 5, 4, 1]
(0.9254591962241127, 0.32887753968286026, 1.0490971683337775)
[9, 8, 5, 8, 7, 4, 6, 8, 7, 2, 3, 5, 7, 6, 6, 8, 8, 7, 6, 10, 7, 6, 10, 8, 2, 9, 8, 8, 9, 8, 4, 9, 3, 8, 8, 10, 9, 10, 9, 10, 5, 6, 8, 10, 1, 10, 3, 10, 9, 9, 8, 5, 2, 6, 4, 4, 5, 5, 4, 5, 9, 6]
(0.9027089634662758, 1.0826866703107951, 0.3211049054528381)
[9, 9, 4, 2, 2, 4, 2, 7, 4, 3, 1, 3, 10, 2, 10, 8, 7, 6, 4, 9, 10, 1, 4, 3, 7, 6, 9, 2, 10, 9, 7, 10, 8, 7, 7, 10, 3, 8, 8, 6, 1, 4, 7, 7, 7, 8, 6, 3, 8, 4, 6, 5, 2, 1, 3, 4, 5, 5, 5, 5, 10, 1]
(0.18985246612366175, 1.081736552529037, 1.041103391330199)
[4, 5, 4, 3, 2, 4, 6, 5, 5, 5, 4, 1, 10, 9, 10, 8, 7, 6, 4, 9, 10, 1, 9, 3, 7, 6, 10, 2, 10, 9, 7, 10, 8, 7, 7, 10, 3, 8, 8, 6, 1, 4, 7, 7, 7, 10, 5, 2, 8, 4, 5, 5, 2, 8, 4, 4, 5, 5, 5, 5, 10, 1]
(0.19270462334509664, 1.0816605715081096, 1.0415062896887806)
[9, 8, 5, 8, 7, 4, 6, 1, 6, 2, 3, 9, 7, 6, 6, 8, 8, 7, 6, 10, 7, 4, 10, 8, 4, 9, 8, 8, 10, 8, 4, 9, 3, 8, 8, 10, 9, 10, 9, 10, 5, 6, 8, 10, 1, 10, 3, 10, 9, 9, 8, 5, 2, 6, 4, 4, 5, 5, 4, 5, 9, 6]
(0.916825373172991, 1.0841258438304064, 0.3209715271268605)
[9, 8, 5, 8, 7, 4, 6, 1, 6, 2, 2, 9, 7, 6, 6, 8, 8, 7, 8, 10, 7, 4, 10, 8, 4, 9, 8, 10, 9, 8, 4, 9, 3, 8, 8, 10, 9, 10, 9, 10, 5, 6, 8, 10, 1, 10, 3, 10, 9, 9, 8, 5, 2, 6, 4, 4, 5, 5, 4, 5, 9, 6]
(0.9363790531342487, 1.0817985443398355, 0.3217929797466267)
[9, 8, 5, 8, 7, 4, 6, 8, 6, 2, 3, 5, 7, 6, 8, 8, 6, 7, 6, 10, 7, 6, 10, 8, 4, 9, 8, 8, 9, 8, 4, 9, 3, 8, 8, 10, 9, 10, 9, 10, 5, 6, 8, 10, 1, 10, 3, 10, 9, 2, 8, 5, 2, 6, 4, 4, 5, 5, 4, 5, 9, 6]
(0.9416423388442692, 1.0773356871679425, 0.3224050931045433)
[9, 9, 4, 2, 2, 4, 2, 5, 9, 3, 1, 3, 10, 9, 10, 8, 7, 6, 4, 9, 10, 1, 7, 3, 7, 6, 9, 2, 10, 9, 7, 10, 8, 7, 7, 10, 3, 8, 8, 6, 1, 4, 7, 7, 7, 8, 6, 3, 8, 4, 6, 5, 2, 1, 3, 4, 5, 5, 5, 5, 10, 1]
(0.21890897172432264, 1.084125847183168, 1.038351500867378)
[9, 9, 4, 2, 2, 4, 2, 5, 9, 3, 1, 3, 1, 1, 10, 7, 7, 6, 6, 9, 10, 1, 4, 3, 7, 6, 9, 2, 10, 9, 7, 10, 8, 7, 7, 10, 3, 8, 8, 6, 1, 4, 7, 7, 7, 8, 6, 3, 8, 4, 6, 5, 2, 1, 3, 4, 5, 5, 5, 5, 10, 1]
(0.22329474405375044, 1.0839924683794377, 1.034443284057711)
[9, 8, 5, 8, 7, 4, 6, 1, 6, 2, 3, 3, 7, 6, 6, 8, 8, 7, 6, 10, 4, 4, 8, 8, 4, 9, 8, 8, 9, 8, 4, 9, 3, 8, 8, 10, 9, 10, 9, 10, 5, 4, 8, 10, 1, 10, 3, 10, 9, 5, 8, 5, 2, 6, 4, 4, 5, 5, 4, 5, 9, 6]
(0.9417172145644004, 1.0785725684836507, 0.3216871589791466)
[9, 8, 5, 8, 7, 4, 6, 1, 6, 2, 3, 3, 7, 6, 6, 8, 8, 7, 6, 10, 4, 4, 10, 8, 4, 9, 8, 8, 9, 8, 4, 9, 3, 8, 8, 10, 9, 10, 9, 10, 5, 4, 8, 10, 1, 10, 3, 10, 9, 5, 8, 5, 2, 6, 4, 4, 5, 5, 4, 5, 9, 6]
(0.943303571168779, 1.0794010521844029, 0.3214692116033733)
[9, 8, 5, 8, 7, 4, 6, 1, 6, 2, 3, 3, 7, 6, 6, 8, 8, 7, 6, 10, 4, 2, 8, 8, 4, 9, 8, 8, 9, 8, 4, 9, 3, 8, 8, 10, 9, 10, 9, 7, 5, 4, 8, 10, 1, 10, 3, 10, 9, 10, 8, 5, 2, 6, 4, 4, 5, 5, 4, 5, 9, 6]
(0.9443690387121689, 1.0793649984523652, 0.32161483029448207)
[8, 3, 5, 8, 7, 4, 6, 1, 6, 2, 3, 3, 7, 6, 6, 8, 8, 7, 6, 10, 4, 4, 10, 8, 4, 9, 8, 8, 9, 8, 4, 9, 3, 8, 8, 10, 9, 10, 9, 10, 5, 4, 4, 10, 1, 10, 3, 10, 9, 5, 8, 5, 2, 6, 4, 4, 5, 5, 4, 5, 9, 6]
(0.946550945574226, 1.0777777595445512, 0.32169761059633795)
[9, 9, 4, 2, 2, 4, 2, 5, 9, 3, 1, 3, 10, 2, 10, 8, 7, 6, 4, 9, 10, 1, 4, 3, 7, 6, 9, 2, 10, 9, 7, 10, 8, 7, 7, 10, 3, 8, 8, 6, 1, 4, 7, 7, 7, 8, 6, 3, 8, 4, 6, 5, 2, 1, 3, 4, 5, 5, 5, 5, 10, 1]
(0.22349400122203839, 1.0821746861562132, 1.0405263312242932)
[9, 9, 4, 2, 2, 4, 2, 5, 9, 3, 1, 3, 10, 9, 10, 8, 7, 6, 4, 9, 10, 1, 7, 3, 7, 6, 9, 2, 10, 9, 7, 10, 8, 7, 7, 10, 3, 8, 8, 6, 1, 4, 7, 7, 7, 8, 6, 3, 8, 4, 6, 5, 2, 1, 3, 4, 5, 5, 5, 5, 10, 1]
(0.2233354904405121, 1.0827182868495582, 1.0406756612673835)
[9, 9, 4, 2, 2, 4, 2, 5, 9, 3, 1, 3, 10, 2, 10, 8, 7, 6, 4, 9, 10, 1, 4, 3, 7, 6, 9, 2, 10, 9, 7, 10, 8, 7, 7, 10, 3, 8, 8, 6, 1, 4, 7, 7, 7, 8, 6, 3, 8, 4, 6, 5, 2, 1, 3, 4, 5, 5, 5, 5, 10, 1]
(0.2234144398604774, 1.0807917108759284, 1.0449017301801893)
[9, 9, 4, 2, 2, 4, 2, 5, 9, 3, 1, 3, 10, 9, 10, 8, 7, 6, 1, 9, 10, 1, 7, 3, 7, 6, 9, 2, 10, 9, 7, 10, 8, 7, 7, 10, 3, 8, 8, 6, 1, 4, 7, 7, 8, 8, 6, 3, 8, 4, 6, 5, 1, 1, 3, 4, 5, 5, 5, 5, 10, 1]
(0.22501636068689806, 1.083889981172979, 1.040358319784097)
[9, 8, 5, 8, 7, 4, 6, 1, 6, 2, 3, 9, 6, 6, 6, 8, 8, 7, 6, 10, 7, 6, 10, 8, 4, 9, 8, 8, 9, 8, 10, 9, 3, 8, 8, 10, 9, 10, 9, 10, 5, 6, 8, 10, 1, 10, 3, 10, 6, 9, 8, 5, 2, 6, 4, 4, 5, 5, 4, 5, 9, 6]
(0.9544054049624048, 1.0822841463610529, 0.3214608609724999)
[9, 8, 5, 8, 7, 4, 6, 1, 6, 2, 3, 3, 7, 3, 4, 5, 10, 2, 6, 10, 4, 4, 8, 8, 4, 9, 8, 6, 9, 8, 4, 9, 3, 8, 8, 10, 9, 10, 9, 10, 5, 4, 8, 10, 1, 10, 3, 10, 9, 5, 8, 5, 2, 6, 4, 4, 5, 5, 4, 5, 9, 6]
(0.9598268018230485, 1.0800954433158039, 0.3203609879292018)
[9, 8, 5, 8, 1, 4, 6, 1, 6, 2, 3, 1, 7, 6, 4, 5, 10, 2, 6, 9, 4, 10, 8, 8, 4, 9, 8, 6, 8, 7, 6, 9, 3, 8, 8, 10, 9, 10, 9, 10, 5, 4, 8, 10, 1, 10, 3, 10, 9, 5, 8, 5, 2, 6, 4, 4, 5, 5, 4, 5, 9, 6]
(0.9607130859803886, 1.0796753590926527, 0.3211840224680779)
[1, 1, 5, 8, 7, 4, 5, 4, 9, 2, 3, 1, 7, 6, 4, 5, 10, 2, 6, 9, 4, 10, 8, 8, 4, 9, 8, 8, 8, 8, 6, 9, 3, 8, 8, 10, 9, 10, 9, 10, 5, 4, 8, 10, 1, 10, 3, 10, 9, 5, 8, 5, 2, 6, 4, 4, 5, 5, 4, 5, 9, 6]
(0.9634860126331942, 1.077528733573854, 0.32102062691663463)
[9, 10, 4, 8, 7, 4, 6, 1, 6, 2, 3, 3, 7, 6, 6, 8, 8, 7, 2, 10, 4, 4, 8, 8, 4, 9, 8, 8, 9, 8, 4, 10, 3, 8, 8, 10, 8, 10, 9, 10, 5, 4, 8, 10, 1, 10, 3, 10, 9, 5, 8, 5, 2, 6, 4, 4, 5, 5, 4, 5, 9, 6]
(0.965781771443159, 1.0774232065305114, 0.3208585042603047)
[9, 9, 4, 2, 7, 1, 6, 5, 6, 3, 8, 3, 10, 10, 6, 3, 2, 8, 6, 5, 10, 1, 7, 7, 7, 6, 5, 2, 9, 9, 7, 10, 8, 1, 9, 10, 3, 6, 10, 6, 1, 4, 7, 6, 8, 8, 6, 3, 8, 4, 6, 5, 1, 1, 3, 4, 5, 5, 5, 5, 10, 1]
(0.26237821825442303, 1.0811530223116277, 1.0344786050871682)
[9, 8, 5, 8, 7, 4, 6, 1, 6, 2, 3, 3, 7, 6, 6, 8, 8, 7, 6, 10, 4, 7, 8, 8, 4, 9, 8, 8, 9, 8, 4, 9, 3, 8, 8, 10, 9, 10, 9, 8, 5, 4, 8, 10, 1, 10, 3, 10, 9, 5, 8, 5, 2, 6, 4, 4, 5, 5, 4, 5, 9, 6]
(0.9798167631351631, 1.0772317888215184, 0.321733051813651)
[9, 8, 5, 8, 7, 4, 6, 1, 6, 2, 3, 3, 7, 6, 6, 8, 8, 7, 6, 10, 4, 4, 8, 8, 4, 9, 8, 8, 9, 8, 4, 9, 3, 8, 8, 10, 8, 10, 9, 10, 5, 4, 8, 10, 1, 10, 3, 10, 9, 5, 8, 5, 2, 6, 4, 4, 5, 5, 4, 5, 9, 6]
(0.9810210930430027, 1.0789264490827917, 0.32075214281167147)
[9, 5, 4, 2, 2, 4, 2, 5, 9, 3, 1, 3, 10, 9, 10, 8, 7, 6, 1, 9, 10, 1, 7, 7, 7, 6, 5, 2, 9, 9, 7, 10, 8, 7, 9, 10, 3, 8, 8, 6, 1, 4, 7, 4, 8, 8, 6, 3, 8, 4, 6, 5, 1, 1, 3, 4, 5, 5, 5, 5, 10, 1]
(0.26192193951317805, 1.0818766413256524, 1.0391909591888122)
[9, 9, 4, 2, 7, 1, 6, 5, 6, 3, 8, 3, 10, 9, 10, 8, 7, 6, 8, 9, 10, 1, 7, 7, 7, 6, 7, 2, 9, 9, 7, 10, 8, 1, 9, 10, 3, 6, 10, 6, 1, 4, 7, 6, 8, 8, 6, 3, 8, 4, 6, 5, 1, 1, 3, 4, 5, 5, 5, 5, 10, 1]
(0.26316189525945444, 1.0800589485093952, 1.0413148626300557)
[9, 5, 4, 2, 2, 4, 2, 5, 9, 3, 1, 3, 10, 9, 10, 8, 7, 6, 1, 9, 10, 1, 7, 7, 7, 6, 5, 2, 9, 9, 7, 10, 8, 1, 9, 10, 3, 6, 10, 6, 1, 4, 7, 6, 8, 8, 6, 3, 8, 4, 6, 5, 1, 1, 3, 4, 5, 5, 5, 5, 10, 1]
(0.2620951616355049, 1.0816008815541862, 1.0438067872001824)
[9, 3, 10, 6, 7, 4, 6, 5, 3, 10, 6, 1, 7, 10, 6, 7, 5, 2, 6, 10, 10, 6, 4, 3, 7, 5, 5, 2, 6, 9, 10, 10, 8, 4, 7, 9, 6, 8, 2, 6, 1, 4, 7, 7, 7, 2, 6, 3, 8, 4, 8, 5, 2, 3, 4, 3, 5, 1, 1, 3, 10, 1]
(0.3183503471442193, 1.0762363424524664, 1.0192118133335124)
[7, 5, 10, 6, 9, 4, 6, 5, 3, 3, 6, 3, 10, 10, 8, 7, 2, 8, 6, 5, 10, 6, 5, 2, 5, 8, 5, 2, 9, 9, 2, 10, 6, 8, 4, 9, 6, 8, 2, 2, 1, 4, 3, 7, 7, 8, 6, 3, 10, 4, 6, 10, 7, 5, 4, 3, 5, 5, 4, 3, 10, 1]
(0.32018553297464775, 1.0731518642976878, 1.0369910087650185)
[4, 6, 8, 3, 5, 4, 3, 5, 5, 3, 1, 3, 5, 10, 9, 7, 10, 2, 6, 7, 5, 6, 9, 7, 7, 1, 7, 2, 8, 9, 10, 5, 8, 7, 7, 9, 5, 8, 2, 6, 1, 7, 7, 7, 7, 2, 6, 3, 8, 6, 4, 10, 2, 1, 4, 4, 5, 5, 5, 5, 10, 9]
(0.9674215517587126, 0.5487837138866258, 1.0392528313785747)
[4, 6, 8, 3, 5, 4, 3, 5, 5, 3, 1, 3, 5, 10, 9, 7, 10, 2, 6, 7, 5, 3, 9, 7, 7, 1, 7, 2, 8, 9, 10, 5, 8, 7, 7, 9, 5, 8, 2, 6, 1, 7, 7, 7, 7, 2, 6, 3, 6, 6, 6, 10, 2, 1, 4, 4, 5, 5, 5, 5, 10, 9]
(0.9652708419681347, 0.5520207140258092, 1.0407904735514348)
[4, 6, 8, 3, 5, 4, 3, 5, 5, 3, 1, 3, 6, 10, 9, 7, 10, 2, 6, 7, 5, 3, 9, 7, 7, 1, 7, 2, 8, 9, 10, 5, 8, 7, 7, 9, 5, 8, 2, 6, 1, 7, 7, 7, 7, 2, 6, 3, 6, 6, 6, 10, 2, 1, 4, 4, 5, 5, 5, 5, 10, 9]
(0.9650913532213736, 0.5517796488478773, 1.0420049744713709)
[4, 6, 8, 3, 5, 4, 3, 5, 5, 3, 1, 3, 6, 10, 9, 7, 10, 2, 6, 7, 5, 3, 9, 7, 7, 1, 7, 2, 8, 9, 10, 5, 8, 7, 7, 9, 5, 8, 2, 6, 1, 7, 7, 7, 7, 2, 6, 3, 6, 6, 6, 10, 4, 1, 4, 4, 5, 5, 5, 5, 10, 9]
(0.9856615823423106, 0.5527317287490126, 1.032588742772016)
[4, 6, 8, 3, 5, 4, 3, 5, 5, 3, 1, 3, 6, 10, 9, 7, 10, 2, 6, 7, 5, 3, 9, 7, 7, 1, 7, 2, 8, 9, 10, 5, 8, 7, 7, 9, 5, 8, 2, 6, 1, 7, 7, 7, 7, 2, 6, 3, 6, 6, 6, 10, 4, 1, 4, 4, 5, 5, 5, 5, 10, 9]
(0.9856615823423106, 0.5527317287490126, 1.032588742772016)
[9, 4, 7, 6, 2, 4, 2, 5, 1, 3, 10, 4, 6, 10, 8, 7, 9, 2, 6, 9, 10, 1, 4, 3, 7, 6, 9, 2, 10, 9, 2, 10, 8, 7, 6, 10, 3, 8, 8, 6, 1, 4, 7, 7, 7, 8, 6, 3, 8, 4, 6, 5, 3, 1, 3, 4, 5, 5, 5, 5, 10, 1]
(0.5678267357166554, 1.0743417596444487, 1.0235447600910368)
[8, 5, 10, 6, 9, 5, 6, 9, 3, 3, 6, 1, 10, 10, 7, 7, 1, 4, 9, 5, 4, 8, 2, 8, 4, 9, 8, 8, 9, 8, 10, 4, 3, 8, 8, 10, 9, 10, 9, 10, 5, 4, 8, 10, 8, 10, 3, 8, 9, 5, 9, 9, 6, 10, 6, 1, 5, 5, 4, 3, 4, 1]
(0.991323532047336, 0.6990369928350276, 1.0098718226451049)
[9, 9, 4, 2, 2, 4, 2, 5, 9, 3, 1, 3, 10, 9, 10, 8, 7, 10, 6, 9, 10, 1, 4, 3, 7, 6, 9, 2, 10, 9, 7, 10, 8, 7, 7, 10, 3, 8, 8, 6, 1, 4, 7, 7, 7, 8, 6, 9, 8, 4, 6, 5, 2, 1, 3, 4, 5, 5, 5, 5, 10, 1]
(0.9317229904386671, 0.7305911887644061, 1.0459476947470097)
[9, 9, 4, 2, 2, 4, 2, 5, 9, 3, 1, 3, 10, 9, 10, 8, 7, 10, 6, 9, 10, 1, 4, 3, 7, 6, 9, 2, 10, 9, 7, 10, 8, 7, 7, 10, 3, 8, 8, 6, 1, 4, 7, 7, 7, 8, 6, 9, 8, 4, 6, 5, 2, 1, 3, 4, 5, 5, 5, 5, 10, 1]
(0.9567708155115078, 0.7320827615432554, 1.0459581294012488)
[9, 9, 4, 2, 2, 5, 2, 5, 9, 3, 1, 3, 10, 9, 10, 8, 7, 6, 4, 9, 10, 10, 7, 3, 7, 10, 9, 2, 10, 9, 7, 10, 8, 7, 7, 10, 3, 8, 8, 6, 1, 4, 7, 7, 7, 8, 6, 3, 8, 4, 6, 5, 2, 1, 3, 4, 5, 5, 5, 5, 4, 1]
(0.9549678837500342, 0.7409719346682464, 1.0408675024677518)
[9, 5, 10, 8, 3, 4, 6, 1, 6, 2, 5, 7, 1, 5, 7, 8, 8, 7, 6, 10, 10, 9, 8, 7, 5, 1, 5, 10, 9, 9, 2, 5, 4, 10, 10, 9, 3, 8, 5, 1, 4, 4, 2, 8, 2, 7, 3, 6, 9, 5, 8, 10, 4, 5, 6, 1, 5, 5, 4, 3, 10, 1]
(0.9893053447831258, 0.7296492886537355, 1.018178851885237)
[4, 6, 5, 8, 5, 4, 3, 5, 5, 5, 1, 3, 6, 10, 9, 7, 10, 1, 6, 7, 5, 3, 9, 7, 7, 1, 7, 2, 10, 9, 10, 5, 8, 7, 7, 9, 5, 8, 2, 10, 1, 7, 5, 7, 7, 2, 6, 3, 6, 6, 6, 10, 2, 4, 4, 4, 5, 5, 5, 5, 10, 9]
(0.9784062778760133, 0.7243929700748544, 1.0390738110601356)
[9, 9, 4, 6, 2, 4, 2, 5, 1, 3, 10, 4, 6, 10, 8, 7, 9, 2, 6, 9, 10, 1, 4, 3, 7, 6, 9, 2, 10, 9, 7, 10, 8, 7, 7, 10, 3, 8, 8, 6, 1, 4, 7, 7, 7, 8, 6, 3, 8, 4, 6, 5, 3, 1, 3, 4, 5, 5, 5, 5, 10, 1]
(0.9823628627567209, 0.732850007715797, 1.0377065000923955)
[8, 8, 5, 4, 7, 4, 6, 1, 6, 2, 3, 1, 10, 6, 6, 8, 8, 7, 10, 10, 4, 3, 6, 8, 4, 9, 8, 8, 9, 8, 4, 9, 2, 8, 8, 8, 9, 10, 9, 6, 5, 4, 8, 10, 8, 10, 6, 10, 9, 5, 1, 5, 2, 8, 4, 4, 5, 5, 4, 5, 9, 9]
(0.8830768145172415, 1.069748076237738, 1.0261257837160167)
[7, 5, 10, 6, 9, 4, 6, 5, 3, 3, 6, 3, 10, 10, 8, 7, 10, 2, 6, 7, 10, 6, 4, 3, 7, 6, 5, 2, 9, 9, 10, 10, 8, 7, 7, 9, 6, 8, 10, 6, 1, 4, 7, 7, 7, 8, 6, 3, 8, 4, 10, 10, 6, 5, 4, 3, 3, 5, 4, 2, 4, 1]
(0.9204116034435339, 1.0687774272635577, 1.0287096484455738)
[8, 8, 5, 4, 7, 4, 6, 1, 6, 2, 3, 1, 10, 6, 6, 8, 8, 7, 10, 10, 4, 3, 6, 8, 4, 9, 8, 8, 9, 8, 4, 9, 2, 8, 8, 8, 9, 10, 9, 6, 5, 4, 8, 10, 8, 10, 6, 10, 9, 5, 1, 5, 2, 8, 4, 4, 5, 5, 4, 5, 9, 9]
(0.9345611684185176, 1.074164274521172, 1.0234149400856642)
[4, 6, 8, 3, 5, 4, 3, 5, 5, 3, 1, 3, 5, 10, 1, 7, 6, 2, 6, 7, 3, 5, 8, 7, 7, 1, 7, 2, 8, 9, 10, 10, 8, 7, 7, 9, 6, 8, 2, 6, 9, 4, 7, 7, 7, 2, 6, 10, 8, 4, 8, 5, 2, 1, 4, 3, 5, 5, 5, 5, 10, 9]
(0.9515476329477173, 1.0627063786610957, 1.0349013232857152)
[6, 8, 5, 2, 6, 3, 5, 2, 5, 5, 4, 4, 8, 8, 3, 2, 3, 5, 5, 9, 1, 2, 5, 2, 3, 5, 9, 5, 9, 8, 4, 2, 7, 8, 8, 10, 1, 10, 9, 10, 5, 7, 2, 7, 2, 5, 1, 6, 9, 9, 3, 4, 6, 4, 6, 1, 6, 5, 4, 5, 10, 1]
(0.9598901526064786, 1.0662048706784841, 1.0284826909639464)
[6, 8, 5, 2, 6, 3, 5, 2, 5, 5, 4, 4, 8, 8, 3, 2, 3, 5, 5, 9, 1, 2, 5, 2, 3, 5, 9, 5, 9, 8, 4, 2, 7, 8, 8, 10, 1, 10, 9, 10, 5, 7, 2, 7, 2, 5, 1, 6, 9, 9, 2, 4, 6, 4, 6, 1, 6, 5, 4, 5, 10, 1]
(0.9698382572090267, 1.061698354966938, 1.03246463927916)
[4, 6, 4, 3, 5, 4, 3, 5, 5, 5, 1, 3, 6, 9, 7, 7, 10, 2, 6, 7, 5, 3, 7, 9, 7, 1, 7, 2, 9, 9, 10, 10, 8, 7, 7, 9, 9, 8, 3, 6, 9, 4, 7, 7, 7, 2, 6, 3, 8, 3, 8, 5, 2, 1, 4, 4, 5, 5, 5, 5, 10, 9]
(0.978506256190728, 1.053352892957627, 1.0329859967980737)
[4, 6, 4, 8, 3, 4, 6, 1, 6, 2, 3, 7, 10, 10, 1, 7, 9, 2, 6, 9, 9, 1, 1, 3, 7, 1, 9, 2, 9, 10, 10, 10, 8, 7, 7, 9, 6, 8, 2, 6, 2, 4, 7, 7, 7, 3, 6, 3, 8, 4, 8, 5, 2, 1, 4, 4, 5, 5, 5, 5, 10, 8]
(0.9734598965847452, 1.0653170185163614, 1.0262759616953623)
[4, 6, 4, 8, 3, 4, 6, 1, 6, 2, 3, 7, 10, 10, 1, 7, 9, 2, 6, 9, 9, 1, 1, 3, 7, 1, 9, 2, 9, 10, 10, 10, 8, 7, 7, 9, 6, 8, 2, 6, 2, 4, 7, 7, 7, 2, 6, 3, 8, 4, 8, 5, 2, 1, 4, 4, 5, 5, 5, 5, 10, 8]
(0.9854734791386021, 1.0620322229340668, 1.0225545481369465)
[9, 9, 7, 6, 2, 4, 2, 5, 1, 3, 10, 4, 6, 10, 8, 7, 9, 2, 6, 9, 10, 1, 4, 3, 7, 6, 9, 2, 10, 9, 7, 10, 8, 7, 7, 10, 3, 8, 8, 6, 1, 4, 7, 7, 4, 8, 6, 4, 9, 5, 9, 9, 6, 10, 3, 4, 5, 5, 5, 5, 10, 1]
(0.9596725913119386, 1.0756033321842549, 1.0349150278365689)
[9, 9, 7, 6, 2, 4, 2, 5, 1, 3, 10, 4, 6, 10, 8, 7, 9, 2, 6, 9, 10, 1, 4, 3, 7, 6, 9, 2, 10, 9, 7, 10, 8, 7, 7, 10, 3, 8, 8, 6, 1, 4, 7, 7, 7, 8, 6, 3, 8, 4, 6, 5, 3, 1, 3, 4, 5, 5, 5, 5, 10, 1]
(0.983549090908413, 1.0749669799581167, 1.0331352160698883)
[9, 9, 7, 6, 2, 4, 2, 5, 1, 3, 10, 4, 6, 10, 8, 7, 9, 2, 6, 9, 10, 1, 4, 3, 7, 6, 9, 2, 10, 9, 7, 10, 8, 7, 7, 10, 3, 8, 8, 6, 1, 4, 7, 7, 7, 8, 6, 3, 8, 4, 6, 5, 3, 1, 3, 4, 5, 5, 5, 5, 10, 1]
(0.9902925116055639, 1.0761536752805112, 1.0330084987322354)
