[5, 2, 3, 7, 1, 3, 5, 6, 1, 9, 9, 10, 9, 8, 9, 5, 10, 10, 9, 10, 5, 7, 2, 5, 9, 7, 3, 4, 6, 10, 5, 6, 2, 10, 8, 8, 9, 4, 5, 5, 6, 4, 8, 8, 2, 10, 6, 3, 3, 1, 1, 5, 10, 7, 4, 4, 1, 2, 2, 3, 10, 8]
(0.6916190002486917, 0.6916190002486917, 0.5744680851063834, 0.0, 0.8544771740405982, 0.8544771740405982)
[10, 4, 6, 2, 1, 3, 5, 6, 7, 9, 9, 10, 9, 3, 2, 5, 10, 9, 9, 10, 5, 7, 2, 5, 9, 7, 4, 10, 5, 10, 5, 2, 2, 9, 9, 8, 10, 9, 7, 10, 6, 4, 6, 2, 8, 9, 6, 8, 3, 8, 4, 5, 10, 7, 4, 4, 2, 2, 2, 1, 8, 8]
(0.8447856171056575, 0.6916190002486917, 0.7528291685506633, 0.0, 0.5844382090493966, 0.8544771740405982)
[5, 2, 3, 6, 1, 3, 5, 3, 1, 9, 9, 10, 5, 3, 4, 5, 10, 9, 9, 10, 5, 7, 2, 5, 9, 7, 4, 4, 5, 10, 5, 6, 2, 10, 3, 8, 3, 4, 7, 5, 6, 4, 3, 4, 2, 9, 6, 3, 3, 8, 4, 5, 10, 7, 4, 4, 2, 2, 2, 3, 10, 8]
(0.6916190002486917, 0.6916190002486917, 0.43201125469058677, 0.0, 0.7091034414246609, 0.8544771740405982)
[5, 10, 3, 7, 1, 3, 5, 7, 7, 9, 9, 10, 9, 3, 4, 5, 10, 9, 9, 10, 5, 7, 2, 5, 9, 7, 4, 4, 5, 10, 5, 6, 2, 10, 2, 8, 8, 4, 4, 8, 10, 6, 4, 10, 3, 9, 6, 3, 1, 9, 4, 5, 10, 7, 4, 4, 1, 2, 2, 3, 1, 3]
(0.566847490333014, 0.3781444046593849, 0.8896386684849817, 1.0, 0.5054496644064731, 0.2618656564324506)
[5, 2, 3, 7, 1, 3, 5, 6, 7, 9, 10, 10, 9, 8, 4, 5, 10, 9, 9, 10, 7, 7, 2, 5, 9, 7, 4, 4, 5, 10, 5, 6, 7, 10, 9, 8, 10, 9, 2, 10, 6, 4, 8, 7, 4, 9, 6, 3, 3, 8, 4, 5, 10, 7, 4, 4, 2, 2, 2, 3, 10, 8]
(0.6916190002486917, 0.6916190002486917, 0.6670884648337906, 1.0, 0.5260131528600981, 0.0)
[5, 2, 4, 9, 1, 4, 5, 6, 7, 9, 9, 9, 9, 3, 4, 5, 10, 6, 9, 10, 5, 7, 2, 4, 9, 7, 4, 4, 5, 10, 7, 6, 2, 10, 8, 8, 10, 4, 4, 5, 6, 8, 8, 8, 2, 9, 6, 3, 3, 2, 1, 5, 10, 7, 4, 4, 1, 2, 2, 3, 10, 8]
(0.3781444046593849, 0.3781444046593849, 0.8540766762569494, 1.0, 0.0, 0.41966956052929244)
[10, 4, 6, 2, 1, 3, 5, 6, 10, 9, 9, 10, 9, 3, 2, 5, 10, 9, 9, 10, 4, 7, 2, 5, 9, 4, 1, 10, 5, 10, 5, 2, 2, 9, 9, 8, 10, 9, 7, 10, 6, 4, 6, 2, 8, 9, 6, 8, 3, 8, 4, 5, 10, 7, 4, 4, 2, 2, 2, 1, 8, 8]
(0.9175184944644535, 0.6916190002486917, 0.33340785261243777, 0.25233644859813087, 0.7880293665453726, 0.8544771740405982)
[5, 2, 4, 6, 1, 3, 5, 3, 7, 9, 9, 9, 9, 3, 4, 5, 10, 6, 9, 10, 5, 7, 2, 4, 9, 7, 4, 4, 5, 10, 5, 6, 2, 10, 3, 8, 3, 4, 3, 5, 6, 8, 8, 8, 2, 9, 6, 3, 3, 8, 4, 7, 10, 7, 4, 4, 1, 2, 2, 3, 10, 8]
(0.3781444046593849, 0.3781444046593849, 0.6043229082599207, 0.5744680851063826, 0.5314413825049925, 0.8544771740405982)
[5, 2, 3, 7, 2, 3, 5, 6, 7, 4, 9, 5, 9, 3, 4, 4, 10, 9, 9, 10, 5, 7, 2, 5, 9, 7, 4, 4, 5, 10, 5, 6, 2, 9, 2, 8, 10, 4, 4, 5, 6, 4, 3, 8, 2, 9, 6, 3, 3, 5, 4, 4, 10, 7, 4, 4, 2, 2, 2, 3, 10, 8]
(0.3730129128322025, 0.6916190002486917, 0.8580799737945145, 0.289712250046434, 0.3039015347138067, 0.8544771740405982)
[10, 4, 6, 2, 1, 3, 5, 6, 10, 9, 9, 10, 9, 3, 2, 5, 10, 9, 9, 10, 5, 7, 2, 5, 9, 2, 4, 10, 5, 10, 5, 2, 2, 9, 9, 5, 10, 9, 7, 10, 6, 4, 6, 2, 5, 9, 6, 8, 3, 8, 4, 5, 10, 7, 4, 4, 2, 2, 2, 1, 8, 8]
(0.7039439653977675, 0.6916190002486917, 0.40298507462686606, 0.38423322085291345, 0.8032639535143895, 0.8544771740405982)
[5, 4, 6, 2, 1, 3, 5, 6, 7, 9, 9, 10, 9, 3, 4, 4, 10, 9, 9, 10, 5, 7, 2, 5, 9, 7, 4, 4, 5, 2, 4, 2, 3, 9, 9, 8, 10, 9, 4, 10, 6, 4, 8, 2, 8, 9, 6, 3, 5, 8, 4, 5, 10, 7, 4, 4, 2, 2, 2, 1, 8, 8]
(0.9137770937755668, 0.6916190002486917, 0.40298507462686606, 0.40298507462686606, 0.8343399031087698, 0.8544771740405982)
[5, 4, 6, 2, 1, 3, 5, 6, 7, 9, 9, 10, 9, 3, 2, 5, 10, 9, 9, 10, 5, 7, 2, 5, 9, 7, 4, 10, 5, 10, 5, 2, 2, 9, 9, 8, 8, 9, 7, 10, 6, 4, 8, 2, 8, 5, 6, 3, 3, 8, 4, 5, 10, 7, 4, 4, 2, 2, 2, 1, 8, 8]
(0.6916190002486917, 0.6916190002486917, 0.40298507462686606, 0.40298507462686606, 0.766172218509012, 0.8544771740405982)
[5, 4, 3, 7, 1, 3, 5, 6, 7, 1, 9, 10, 9, 3, 4, 1, 10, 9, 9, 10, 5, 7, 2, 5, 9, 7, 4, 4, 5, 10, 5, 6, 2, 10, 7, 8, 10, 5, 4, 5, 6, 4, 8, 8, 2, 9, 6, 3, 3, 1, 5, 5, 10, 7, 4, 4, 1, 2, 2, 3, 10, 8]
(0.5767715746536786, 0.6916190002486917, 0.0, 0.40899768527597313, 0.7773400345817141, 0.8544771740405982)
[5, 4, 3, 7, 1, 3, 5, 6, 7, 9, 9, 10, 9, 3, 4, 5, 10, 9, 9, 10, 5, 7, 2, 5, 9, 7, 4, 4, 5, 10, 5, 6, 2, 10, 8, 8, 10, 4, 4, 5, 6, 2, 8, 8, 2, 9, 6, 3, 3, 1, 1, 5, 10, 7, 4, 4, 1, 2, 2, 3, 10, 8]
(0.4653060061857087, 0.6916190002486917, 0.0, 0.41811474915593905, 0.6655212165787758, 0.8544771740405982)
[5, 9, 6, 2, 1, 3, 5, 6, 7, 9, 9, 10, 9, 3, 4, 5, 10, 9, 9, 10, 4, 7, 2, 5, 9, 7, 4, 4, 5, 10, 5, 6, 2, 9, 10, 8, 10, 4, 4, 5, 8, 4, 8, 8, 2, 9, 6, 3, 3, 8, 4, 5, 10, 7, 4, 4, 1, 2, 2, 3, 8, 8]
(0.8427886789664565, 0.6916190002486917, 0.0, 0.5009920002892556, 0.7201957935467291, 0.8544771740405982)
[5, 2, 3, 7, 1, 3, 5, 6, 7, 9, 9, 10, 7, 3, 4, 5, 10, 9, 9, 10, 5, 7, 2, 3, 9, 7, 4, 3, 5, 10, 5, 6, 2, 10, 7, 8, 10, 9, 4, 5, 6, 8, 8, 8, 2, 9, 6, 3, 3, 8, 4, 5, 10, 7, 4, 4, 1, 3, 3, 1, 7, 8]
(0.6916190002486917, 0.6916190002486917, 0.9011054461821874, 1.0, 0.31227130871266323, 0.38411358129233325)
[5, 2, 3, 7, 1, 3, 5, 6, 1, 9, 9, 10, 9, 3, 4, 5, 10, 9, 9, 10, 5, 7, 2, 5, 9, 7, 4, 3, 5, 10, 5, 6, 2, 10, 7, 8, 9, 9, 4, 4, 6, 4, 8, 8, 8, 9, 3, 3, 3, 5, 4, 5, 3, 7, 4, 4, 1, 2, 1, 1, 7, 9]
(0.6916190002486917, 0.6916190002486917, 0.7704156065359641, 0.5557346275076201, 0.7299190798774285, 0.8544771740405982)
[6, 2, 6, 2, 1, 3, 5, 6, 7, 9, 10, 10, 9, 8, 4, 5, 10, 9, 7, 10, 7, 7, 2, 7, 9, 7, 4, 4, 6, 9, 1, 6, 2, 4, 9, 8, 10, 9, 9, 10, 6, 4, 8, 2, 4, 9, 6, 3, 3, 8, 4, 5, 10, 7, 4, 4, 2, 2, 2, 1, 8, 8]
(0.8915073094889481, 0.6916190002486917, 0.651484354026608, 0.5744680851063826, 0.738755926676087, 0.8544771740405982)
[5, 2, 3, 7, 1, 3, 5, 6, 7, 9, 10, 10, 9, 3, 4, 5, 9, 9, 4, 10, 5, 10, 2, 5, 9, 7, 4, 4, 5, 10, 5, 6, 1, 10, 8, 8, 10, 4, 4, 8, 6, 4, 8, 8, 3, 9, 6, 3, 3, 5, 4, 10, 10, 7, 4, 4, 2, 2, 2, 3, 10, 8]
(0.6916190002486917, 0.6916190002486917, 0.5744680851063826, 0.5744680851063826, 0.6352853519841956, 0.8544771740405982)
[5, 9, 6, 2, 1, 3, 5, 6, 7, 9, 9, 10, 9, 3, 4, 5, 10, 9, 9, 10, 7, 7, 2, 5, 9, 7, 4, 4, 5, 10, 5, 6, 2, 9, 9, 8, 10, 4, 4, 5, 8, 4, 8, 8, 2, 9, 6, 3, 3, 8, 4, 5, 10, 7, 4, 4, 2, 2, 2, 3, 8, 8]
(0.6916190002486917, 0.6916190002486917, 0.6707098240032728, 0.5744680851063826, 0.8099807599559362, 0.8544771740405982)
[5, 2, 3, 7, 1, 3, 5, 6, 7, 9, 10, 10, 9, 3, 4, 5, 9, 9, 4, 10, 5, 10, 2, 5, 9, 7, 4, 4, 5, 10, 5, 6, 2, 10, 8, 8, 10, 4, 4, 8, 6, 4, 8, 8, 2, 9, 6, 3, 3, 1, 1, 10, 10, 7, 4, 4, 2, 2, 2, 3, 10, 8]
(0.6916190002486917, 0.6916190002486917, 0.5744680851063826, 0.5744680851063826, 0.8544771740405982, 0.8544771740405982)
[9, 4, 6, 2, 1, 2, 5, 6, 7, 9, 10, 10, 9, 3, 4, 5, 9, 9, 4, 10, 5, 10, 2, 5, 9, 7, 7, 10, 5, 10, 5, 2, 2, 9, 9, 8, 3, 9, 7, 10, 6, 4, 6, 2, 8, 9, 6, 8, 3, 8, 5, 5, 10, 7, 4, 4, 2, 2, 2, 1, 8, 8]
(0.9054800493642648, 0.6916190002486917, 0.0, 0.5744680851063826, 0.8487216031178776, 0.8544771740405982)
[5, 2, 3, 7, 1, 3, 5, 6, 3, 9, 9, 10, 9, 8, 9, 5, 10, 10, 9, 10, 5, 7, 2, 5, 9, 7, 3, 4, 6, 10, 5, 6, 2, 10, 8, 8, 9, 4, 5, 5, 6, 4, 8, 8, 2, 10, 6, 3, 3, 1, 4, 5, 10, 7, 4, 4, 1, 2, 2, 3, 10, 8]
(0.6916190002486917, 0.6916190002486917, 0.5744680851063834, 0.5744680851063834, 0.8388932252302709, 0.8544771740405982)
[5, 4, 6, 2, 1, 3, 5, 6, 7, 9, 9, 10, 9, 3, 2, 5, 10, 9, 9, 10, 5, 7, 2, 5, 9, 7, 4, 10, 5, 10, 5, 4, 2, 9, 9, 8, 10, 9, 7, 10, 6, 4, 6, 2, 8, 9, 6, 8, 3, 8, 4, 5, 10, 7, 4, 4, 2, 2, 2, 1, 8, 8]
(0.9156589245423641, 0.6916190002486917, 0.5044027617201156, 0.5744680851063834, 0.7141602119430831, 0.8544771740405982)
[10, 4, 6, 2, 1, 3, 5, 6, 7, 9, 9, 10, 9, 3, 2, 5, 10, 9, 9, 10, 5, 7, 2, 5, 9, 7, 4, 10, 5, 10, 5, 2, 2, 9, 9, 8, 10, 9, 7, 10, 6, 4, 6, 2, 8, 9, 6, 8, 3, 8, 4, 5, 10, 7, 4, 4, 2, 2, 2, 1, 8, 8]
(0.8447856171056575, 0.6916190002486917, 0.7528291685506633, 0.5744680851063834, 0.0, 0.8544771740405982)
[5, 2, 3, 7, 1, 3, 5, 6, 7, 3, 9, 10, 9, 3, 4, 5, 10, 9, 9, 10, 5, 7, 2, 5, 9, 7, 4, 4, 5, 10, 5, 6, 2, 10, 7, 8, 10, 9, 7, 2, 6, 4, 8, 8, 2, 9, 6, 3, 3, 8, 4, 5, 10, 7, 4, 4, 1, 2, 3, 1, 7, 8]
(0.6916190002486917, 0.6916190002486917, 0.0, 0.5744680851063834, 0.763939247839145, 0.8544771740405982)
[5, 2, 3, 7, 1, 3, 5, 6, 7, 9, 10, 10, 9, 8, 4, 5, 10, 9, 9, 10, 7, 7, 2, 5, 9, 7, 4, 4, 5, 10, 5, 8, 2, 10, 9, 8, 10, 4, 4, 5, 8, 4, 8, 8, 2, 9, 6, 3, 3, 1, 1, 5, 7, 6, 4, 4, 1, 2, 2, 3, 10, 8]
(0.6916190002486917, 0.6916190002486917, 0.5242450779303837, 0.5744680851063834, 0.7518473761156125, 0.8544771740405982)
[5, 9, 2, 2, 1, 3, 5, 6, 7, 9, 9, 10, 9, 3, 4, 5, 10, 9, 9, 10, 5, 7, 2, 5, 9, 7, 4, 4, 5, 10, 5, 6, 2, 9, 9, 8, 10, 4, 4, 5, 8, 4, 8, 8, 2, 9, 6, 3, 3, 8, 4, 5, 10, 7, 4, 4, 2, 2, 2, 3, 8, 8]
(0.8935221651568971, 0.6916190002486917, 0.6504267169162555, 0.5744680851063834, 0.8544771740405982, 0.8544771740405982)
[5, 4, 6, 2, 1, 3, 5, 6, 7, 9, 9, 10, 9, 3, 4, 4, 10, 9, 9, 10, 5, 7, 2, 5, 9, 7, 4, 4, 5, 2, 4, 2, 3, 9, 9, 8, 10, 9, 7, 10, 6, 4, 8, 2, 8, 9, 6, 3, 5, 8, 4, 5, 10, 7, 4, 4, 2, 2, 2, 1, 8, 8]
(0.9137028364464606, 0.6916190002486917, 0.5744680851063834, 0.5744680851063834, 0.37195780742913687, 0.8544771740405982)
[10, 4, 6, 2, 1, 3, 5, 6, 7, 9, 9, 10, 9, 3, 2, 5, 10, 9, 9, 10, 5, 7, 2, 5, 9, 7, 4, 10, 5, 10, 5, 2, 2, 9, 9, 8, 10, 9, 7, 10, 6, 4, 6, 2, 8, 9, 6, 8, 3, 8, 4, 5, 10, 7, 4, 4, 2, 2, 2, 1, 8, 8]
(0.8447856171056575, 0.6916190002486917, 0.6554943738505179, 0.5744680851063834, 0.5844382090493966, 0.8544771740405982)
[5, 4, 6, 2, 1, 3, 5, 6, 7, 9, 9, 10, 9, 3, 2, 5, 10, 9, 9, 10, 5, 7, 2, 5, 9, 7, 4, 10, 5, 10, 5, 4, 2, 9, 9, 8, 10, 9, 7, 10, 6, 4, 6, 2, 8, 9, 6, 8, 3, 8, 4, 5, 10, 7, 4, 4, 2, 2, 2, 1, 8, 8]
(0.9156589245423641, 0.6916190002486917, 0.5044027617201156, 0.5744680851063834, 0.7141602119430831, 0.8544771740405982)
[5, 2, 3, 7, 1, 3, 5, 6, 7, 9, 9, 10, 9, 3, 4, 5, 10, 9, 10, 10, 5, 7, 2, 5, 9, 6, 4, 4, 5, 10, 5, 6, 2, 10, 8, 8, 10, 4, 4, 5, 9, 3, 8, 8, 4, 9, 6, 3, 3, 9, 1, 5, 10, 7, 4, 4, 1, 2, 1, 3, 10, 8]
(0.6916190002486917, 0.6916190002486917, 0.5362184254452516, 0.5744680851063834, 0.38857327308505973, 0.8544771740405982)
[5, 2, 9, 7, 3, 3, 5, 4, 3, 9, 9, 10, 9, 8, 9, 5, 10, 10, 4, 10, 5, 7, 2, 5, 9, 7, 3, 4, 6, 10, 5, 6, 2, 10, 8, 8, 9, 4, 5, 5, 6, 4, 8, 8, 2, 10, 6, 3, 3, 1, 4, 5, 10, 7, 4, 4, 1, 2, 2, 3, 10, 8]
(0.6576856905594398, 0.6916190002486917, 0.6626186260953472, 0.5744680851063834, 0.7875252129509969, 0.8544771740405982)
[5, 2, 3, 7, 1, 3, 5, 6, 7, 9, 9, 10, 9, 3, 4, 5, 10, 9, 10, 10, 5, 7, 2, 5, 9, 6, 4, 4, 5, 10, 4, 6, 2, 10, 8, 8, 10, 4, 4, 5, 4, 1, 8, 8, 2, 9, 6, 3, 3, 6, 4, 5, 10, 7, 4, 4, 1, 3, 3, 1, 7, 8]
(0.6916190002486917, 0.6916190002486917, 0.5744680851063834, 0.5744680851063834, 0.7183543851599026, 0.8544771740405982)
[5, 2, 3, 8, 2, 3, 5, 6, 7, 1, 9, 5, 9, 3, 8, 4, 10, 9, 9, 10, 5, 7, 2, 5, 9, 7, 4, 4, 5, 10, 5, 6, 2, 10, 2, 8, 10, 4, 4, 5, 6, 4, 3, 8, 2, 9, 6, 3, 3, 5, 4, 4, 10, 7, 4, 4, 1, 2, 2, 3, 10, 8]
(0.6916190002486917, 0.6916190002486917, 0.5744680851063834, 0.5744680851063834, 0.4918838834389995, 0.8544771740405982)
[10, 4, 6, 2, 1, 3, 5, 6, 7, 9, 9, 10, 9, 3, 2, 5, 10, 9, 9, 10, 5, 7, 2, 5, 9, 7, 4, 10, 5, 10, 5, 2, 2, 9, 9, 8, 10, 9, 7, 10, 5, 4, 6, 2, 8, 9, 6, 3, 3, 8, 4, 5, 8, 7, 4, 4, 2, 2, 2, 1, 8, 8]
(0.876527951098974, 0.6916190002486917, 0.7571727400645547, 0.5744680851063834, 0.8504184870049304, 0.8544771740405982)
[5, 4, 6, 2, 1, 3, 5, 6, 7, 9, 9, 10, 9, 3, 2, 5, 10, 9, 9, 10, 5, 7, 2, 5, 9, 7, 4, 10, 5, 10, 5, 2, 2, 9, 9, 8, 10, 9, 7, 10, 6, 4, 8, 2, 8, 9, 6, 3, 3, 8, 4, 5, 10, 7, 4, 4, 2, 2, 2, 1, 8, 8]
(0.915490199439224, 0.6916190002486917, 0.5322375549003406, 0.5744680851063834, 0.5618704838678173, 0.8544771740405982)
[5, 4, 6, 2, 1, 3, 5, 6, 7, 9, 9, 10, 9, 3, 2, 5, 10, 9, 9, 10, 5, 7, 2, 5, 9, 7, 4, 10, 5, 10, 5, 2, 2, 9, 9, 8, 10, 9, 7, 10, 6, 4, 8, 2, 8, 9, 6, 3, 3, 8, 4, 5, 10, 7, 4, 4, 2, 2, 2, 1, 8, 8]
(0.915490199439224, 0.6916190002486917, 0.5322375549003406, 0.5744680851063834, 0.5618704838678173, 0.8544771740405982)
[5, 2, 3, 6, 1, 3, 5, 3, 1, 9, 9, 10, 5, 3, 4, 5, 10, 9, 9, 10, 5, 7, 2, 5, 9, 7, 4, 4, 5, 10, 5, 6, 2, 10, 3, 8, 3, 4, 7, 5, 6, 4, 3, 8, 2, 9, 6, 3, 3, 8, 4, 5, 10, 7, 4, 4, 2, 2, 2, 3, 10, 8]
(0.3781444046593849, 0.6916190002486917, 0.4809433897957158, 0.5744680851063834, 0.6183558685705003, 0.8544771740405982)
[5, 4, 6, 2, 1, 3, 5, 6, 7, 9, 9, 10, 9, 3, 2, 5, 10, 9, 9, 10, 5, 7, 2, 5, 9, 7, 4, 10, 5, 10, 5, 2, 2, 9, 9, 8, 10, 9, 7, 10, 6, 4, 8, 2, 8, 9, 6, 3, 3, 8, 4, 5, 10, 7, 4, 4, 2, 2, 2, 1, 8, 8]
(0.915490199439224, 0.6916190002486917, 0.0, 0.5744680851063834, 0.5618704838678173, 0.8544771740405982)
[5, 2, 3, 7, 2, 3, 5, 6, 7, 4, 9, 5, 9, 3, 4, 4, 10, 9, 9, 10, 5, 7, 2, 5, 9, 7, 4, 4, 5, 10, 5, 6, 2, 10, 2, 8, 8, 4, 7, 8, 10, 6, 4, 10, 3, 9, 6, 3, 1, 5, 4, 4, 10, 7, 4, 4, 2, 2, 2, 3, 10, 8]
(0.6592124668881234, 0.3461769258603473, 0.6956370910629561, 1.0, 0.36836049165576895, 0.8544771740405982)
[5, 2, 3, 7, 1, 3, 5, 6, 7, 9, 9, 10, 9, 3, 8, 5, 10, 9, 9, 10, 5, 7, 2, 5, 9, 7, 4, 4, 5, 10, 5, 6, 2, 10, 8, 8, 10, 4, 7, 5, 9, 3, 9, 8, 4, 9, 6, 3, 3, 5, 4, 8, 10, 7, 4, 4, 1, 2, 1, 3, 10, 8]
(0.6916190002486917, 0.6916190002486917, 0.8601631531491823, 0.6604119753464983, 0.8544771740405982, 0.8544771740405982)
[5, 2, 3, 7, 1, 7, 5, 5, 7, 9, 9, 10, 9, 3, 4, 5, 9, 9, 9, 10, 5, 7, 2, 5, 9, 7, 4, 4, 5, 10, 5, 6, 2, 10, 8, 8, 10, 4, 4, 4, 6, 4, 8, 8, 2, 9, 6, 3, 3, 1, 1, 10, 10, 7, 4, 4, 1, 2, 2, 3, 10, 8]
(0.3781444046593849, 0.3781444046593849, 0.8746864190325093, 1.0, 0.6081969933584258, 0.8544771740405982)
[5, 2, 4, 9, 1, 4, 5, 6, 7, 9, 9, 9, 9, 3, 4, 5, 10, 6, 9, 10, 5, 7, 2, 4, 9, 7, 4, 4, 5, 10, 7, 6, 2, 10, 8, 8, 10, 4, 4, 5, 6, 8, 8, 8, 2, 9, 6, 3, 3, 2, 1, 5, 10, 7, 4, 4, 1, 2, 2, 3, 10, 8]
(0.3781444046593849, 0.3781444046593849, 0.8540766762569494, 1.0, 0.5726384906098175, 0.8544771740405982)
[5, 2, 3, 7, 1, 3, 5, 6, 7, 9, 9, 10, 9, 3, 4, 5, 10, 9, 9, 10, 5, 7, 2, 5, 9, 7, 4, 4, 5, 10, 5, 6, 2, 10, 3, 8, 5, 4, 4, 5, 8, 4, 8, 8, 2, 9, 6, 3, 3, 1, 1, 5, 10, 7, 4, 4, 1, 2, 2, 3, 10, 8]
(0.5689705004915536, 0.6916190002486917, 0.5676927218213607, 0.7202184451743887, 0.7848656727000997, 0.8544771740405982)
[5, 2, 3, 7, 1, 1, 7, 6, 7, 9, 9, 10, 9, 3, 9, 5, 6, 10, 9, 10, 5, 7, 2, 5, 9, 7, 4, 4, 5, 10, 5, 6, 2, 10, 8, 8, 10, 4, 4, 9, 8, 4, 8, 7, 2, 7, 6, 3, 3, 1, 1, 5, 10, 7, 4, 4, 2, 2, 2, 3, 10, 8]
(0.6916190002486917, 0.4389777248725299, 0.8722720315679862, 1.0, 0.5731435110792453, 0.8544771740405982)
[5, 2, 3, 7, 2, 3, 5, 6, 7, 4, 9, 5, 9, 3, 4, 4, 10, 9, 9, 10, 5, 7, 2, 5, 9, 7, 6, 4, 5, 10, 5, 6, 2, 10, 2, 8, 8, 4, 7, 5, 6, 4, 3, 8, 2, 9, 6, 3, 1, 5, 4, 4, 10, 7, 4, 4, 2, 2, 2, 3, 10, 8]
(0.357182983122768, 0.5068854177370602, 0.8133855933323434, 1.0, 0.43381659816950485, 0.8544771740405982)
[5, 2, 3, 7, 1, 3, 5, 6, 7, 9, 9, 10, 9, 3, 4, 5, 10, 9, 9, 10, 5, 7, 2, 5, 9, 7, 4, 4, 5, 10, 5, 6, 2, 10, 8, 8, 10, 4, 4, 5, 6, 4, 8, 8, 2, 9, 6, 3, 3, 1, 1, 5, 10, 7, 4, 4, 1, 2, 2, 3, 10, 8]
(0.49033927563577606, 0.6916190002486917, 0.5927208451554108, 0.8401445565745175, 0.6022675989195638, 0.8544771740405982)
[5, 2, 3, 7, 1, 3, 5, 6, 1, 9, 9, 10, 9, 3, 9, 5, 10, 10, 9, 10, 5, 7, 2, 5, 9, 7, 4, 4, 5, 10, 5, 6, 2, 10, 8, 8, 9, 4, 5, 5, 6, 4, 8, 8, 2, 10, 6, 3, 3, 1, 1, 5, 10, 7, 4, 4, 1, 2, 2, 3, 10, 8]
(0.6916190002486917, 0.6916190002486917, 0.8675713187083554, 0.854017684049899, 0.5256963560357624, 0.8544771740405982)
[5, 9, 2, 2, 1, 3, 5, 6, 7, 9, 9, 10, 9, 3, 4, 5, 10, 9, 9, 10, 5, 7, 2, 5, 9, 6, 5, 4, 5, 10, 5, 6, 2, 9, 9, 8, 10, 4, 4, 5, 8, 4, 8, 8, 2, 9, 6, 3, 3, 8, 3, 7, 10, 7, 4, 4, 2, 2, 2, 3, 8, 8]
(0.8665868232026649, 0.6916190002486917, 0.5744680851063834, 0.8544266121461933, 0.617222713865334, 0.8544771740405982)
[5, 2, 3, 7, 1, 3, 5, 6, 7, 9, 9, 10, 9, 3, 4, 5, 10, 9, 9, 10, 5, 7, 2, 3, 9, 7, 4, 3, 5, 10, 5, 6, 2, 10, 7, 8, 10, 9, 4, 5, 6, 4, 8, 8, 2, 9, 6, 3, 3, 8, 4, 5, 10, 7, 4, 4, 1, 2, 3, 1, 7, 8]
(0.6468302601948311, 0.6916190002486917, 0.5744680851063826, 0.8679829875007223, 0.4473607866093508, 0.8544771740405982)
[5, 2, 3, 7, 1, 3, 5, 6, 7, 9, 9, 10, 7, 3, 4, 5, 10, 9, 9, 6, 5, 7, 2, 5, 9, 6, 4, 4, 5, 10, 5, 6, 4, 10, 7, 8, 10, 9, 4, 10, 6, 8, 8, 8, 5, 9, 6, 3, 3, 8, 4, 5, 10, 7, 4, 4, 1, 3, 3, 1, 7, 8]
(0.6916190002486917, 0.6916190002486917, 0.8747082250192715, 0.8729183005168987, 0.6618600899353563, 0.8544771740405982)
[5, 2, 3, 7, 1, 3, 5, 5, 7, 9, 9, 10, 9, 3, 8, 5, 10, 8, 9, 10, 5, 7, 2, 5, 9, 7, 4, 4, 5, 10, 5, 6, 2, 10, 9, 8, 10, 9, 4, 6, 6, 4, 9, 8, 4, 9, 6, 3, 3, 8, 4, 8, 10, 7, 4, 4, 1, 2, 1, 3, 10, 8]
(0.6916190002486917, 0.607363188453012, 0.8752540407702281, 1.0, 0.7360281387343939, 0.8544771740405982)
[5, 4, 8, 2, 1, 3, 5, 6, 7, 9, 9, 10, 9, 3, 2, 5, 10, 9, 9, 10, 5, 7, 2, 5, 9, 7, 4, 10, 5, 10, 9, 2, 2, 9, 9, 8, 10, 9, 7, 10, 6, 4, 8, 2, 8, 9, 7, 3, 3, 8, 4, 5, 10, 7, 4, 4, 2, 2, 2, 2, 8, 8]
(0.7259208338335079, 0.6916190002486917, 0.8520247275009699, 1.0, 0.3665066434070488, 0.8544771740405982)
[5, 2, 3, 7, 1, 3, 5, 6, 7, 9, 10, 10, 9, 3, 4, 5, 9, 9, 9, 10, 5, 7, 2, 5, 9, 7, 4, 3, 5, 10, 5, 6, 2, 10, 8, 8, 10, 4, 4, 8, 6, 4, 8, 8, 2, 9, 6, 3, 3, 1, 1, 10, 10, 7, 4, 4, 2, 2, 2, 3, 10, 8]
(0.6916190002486917, 0.6916190002486917, 0.6329993316903646, 1.0, 0.8162405440583755, 0.8544771740405982)
[5, 2, 3, 7, 1, 3, 5, 6, 7, 9, 9, 10, 9, 3, 4, 5, 10, 9, 9, 10, 5, 7, 2, 5, 9, 7, 4, 4, 5, 10, 5, 2, 2, 10, 9, 8, 10, 9, 4, 10, 6, 4, 8, 8, 4, 9, 6, 3, 3, 8, 4, 5, 10, 7, 4, 4, 1, 2, 1, 3, 10, 8]
(0.8553460558876347, 0.6916190002486917, 0.3299265181645771, 1.0, 0.39085382204503016, 0.8544771740405982)
[5, 2, 3, 7, 1, 3, 5, 6, 7, 7, 9, 10, 9, 3, 8, 5, 10, 9, 9, 10, 4, 7, 2, 5, 9, 7, 4, 4, 5, 10, 6, 6, 2, 10, 8, 8, 10, 4, 4, 5, 6, 4, 8, 8, 2, 9, 6, 3, 3, 4, 4, 5, 10, 7, 4, 4, 1, 2, 2, 1, 10, 8]
(0.6916190002486917, 0.6916190002486917, 0.8703919658437322, 1.0, 0.0, 0.8544771740405982)
[5, 2, 6, 2, 1, 3, 5, 6, 7, 9, 9, 10, 9, 3, 4, 5, 10, 9, 9, 10, 5, 7, 2, 5, 9, 6, 5, 4, 5, 10, 5, 6, 2, 10, 8, 8, 10, 4, 4, 5, 8, 4, 8, 8, 2, 9, 6, 3, 3, 8, 4, 5, 10, 7, 4, 4, 2, 2, 2, 3, 8, 8]
(0.7660229856148306, 0.6916190002486917, 0.8641357792541335, 1.0, 0.8001720720902012, 0.8544771740405982)
[5, 2, 6, 2, 1, 3, 5, 6, 7, 9, 9, 10, 9, 3, 4, 5, 10, 9, 9, 10, 5, 7, 2, 5, 9, 6, 5, 4, 5, 10, 5, 6, 2, 10, 8, 8, 10, 4, 4, 5, 8, 4, 8, 8, 2, 9, 6, 3, 3, 8, 4, 5, 10, 7, 4, 4, 2, 2, 2, 3, 8, 8]
(0.7660229856148306, 0.6916190002486917, 0.8641357792541335, 1.0, 0.8001720720902012, 0.8544771740405982)
[5, 2, 3, 7, 1, 3, 5, 6, 7, 9, 9, 10, 9, 3, 9, 5, 10, 10, 9, 10, 5, 7, 2, 5, 9, 7, 4, 4, 5, 10, 5, 6, 2, 10, 8, 8, 10, 4, 4, 5, 6, 4, 8, 8, 2, 10, 6, 3, 3, 1, 1, 5, 10, 7, 4, 4, 1, 2, 2, 3, 10, 8]
(0.6747268477454746, 0.6916190002486917, 0.6846754265949053, 1.0, 0.47996924836188104, 0.8544771740405982)
[5, 4, 3, 6, 1, 3, 5, 6, 7, 1, 9, 10, 9, 3, 8, 5, 10, 9, 9, 10, 4, 7, 2, 5, 9, 7, 4, 4, 5, 10, 5, 6, 2, 10, 7, 8, 10, 4, 4, 5, 6, 4, 8, 8, 2, 9, 6, 3, 3, 1, 5, 5, 10, 7, 4, 4, 1, 2, 2, 3, 10, 8]
(0.6916190002486917, 0.6916190002486917, 0.870184192247684, 1.0, 0.6064182842150253, 0.8544771740405982)
[5, 2, 3, 7, 1, 3, 5, 6, 7, 9, 9, 9, 9, 3, 4, 5, 10, 6, 9, 10, 5, 7, 2, 4, 9, 7, 4, 4, 5, 10, 5, 6, 2, 10, 8, 8, 10, 4, 4, 5, 6, 8, 8, 8, 2, 9, 6, 3, 3, 2, 1, 5, 10, 7, 4, 4, 1, 2, 2, 3, 10, 8]
(0.5555317161604689, 0.6916190002486917, 0.7402545006945654, 1.0, 0.4688403969630575, 0.8544771740405982)
[5, 2, 3, 7, 1, 3, 5, 6, 7, 9, 9, 10, 9, 5, 4, 5, 7, 9, 9, 10, 5, 7, 4, 1, 9, 7, 4, 4, 6, 10, 5, 6, 2, 10, 3, 8, 10, 4, 4, 5, 6, 4, 3, 8, 2, 9, 6, 3, 3, 5, 4, 5, 10, 7, 4, 4, 1, 2, 2, 3, 10, 8]
(0.6916190002486917, 0.6916190002486917, 0.854157939366991, 1.0, 0.7013577831908986, 0.8544771740405982)
[5, 2, 3, 7, 1, 3, 5, 6, 7, 9, 10, 10, 9, 3, 4, 5, 9, 9, 9, 10, 5, 7, 2, 5, 9, 7, 4, 4, 5, 10, 5, 6, 2, 10, 8, 8, 10, 4, 4, 8, 6, 4, 8, 8, 2, 9, 6, 3, 3, 1, 1, 10, 10, 7, 4, 4, 2, 2, 2, 3, 10, 8]
(0.6916190002486917, 0.6916190002486917, 0.8172199798747828, 1.0, 0.8544771740405982, 0.8544771740405982)
[5, 2, 3, 7, 1, 3, 5, 6, 7, 9, 9, 10, 9, 3, 4, 5, 10, 7, 9, 10, 5, 7, 2, 3, 9, 7, 4, 4, 5, 10, 5, 6, 2, 10, 8, 8, 10, 5, 4, 5, 6, 4, 8, 8, 2, 9, 6, 3, 3, 1, 1, 5, 10, 7, 4, 4, 1, 2, 2, 3, 10, 8]
(0.6916190002486917, 0.6916190002486917, 0.7985471239313409, 1.0, 0.6457078369334266, 0.8544771740405982)
[5, 2, 3, 7, 1, 3, 5, 6, 7, 9, 10, 10, 9, 8, 4, 5, 10, 9, 9, 10, 7, 7, 2, 5, 6, 7, 4, 4, 5, 10, 5, 2, 2, 9, 9, 8, 8, 9, 7, 10, 6, 4, 8, 2, 8, 5, 6, 3, 3, 8, 4, 10, 10, 7, 4, 4, 2, 2, 2, 5, 10, 8]
(0.6916190002486917, 0.6916190002486917, 0.8560051450505799, 1.0, 0.5975863715633678, 0.8544771740405982)
[5, 2, 3, 7, 1, 1, 5, 6, 7, 9, 9, 10, 9, 3, 4, 5, 10, 9, 9, 10, 5, 7, 2, 1, 9, 7, 4, 4, 6, 10, 5, 6, 2, 10, 8, 8, 10, 4, 4, 5, 6, 4, 8, 8, 2, 9, 6, 3, 3, 5, 4, 5, 10, 7, 4, 4, 2, 2, 2, 3, 10, 8]
(0.6916190002486917, 0.6916190002486917, 0.6889480179175658, 1.0, 0.5850280312821191, 0.8544771740405982)
[5, 2, 1, 7, 1, 3, 5, 6, 7, 1, 9, 5, 9, 3, 4, 5, 10, 9, 9, 10, 5, 7, 2, 5, 9, 6, 4, 4, 6, 10, 5, 6, 2, 10, 9, 8, 10, 9, 2, 10, 6, 4, 8, 1, 4, 9, 6, 3, 3, 8, 4, 5, 10, 7, 4, 4, 1, 2, 2, 3, 10, 8]
(0.6722546478733357, 0.6916190002486917, 0.7801977625116643, 1.0, 0.4083347963169232, 0.8544771740405982)
[5, 2, 3, 7, 1, 3, 5, 5, 7, 9, 9, 10, 9, 3, 8, 5, 10, 9, 9, 10, 5, 7, 2, 5, 9, 7, 3, 4, 6, 10, 5, 6, 2, 10, 9, 8, 10, 9, 4, 5, 6, 4, 9, 8, 4, 9, 6, 3, 3, 5, 4, 8, 10, 7, 4, 4, 1, 2, 1, 3, 10, 8]
(0.6916190002486917, 0.6916190002486917, 0.0, 1.0, 0.41161818075925255, 0.8544771740405982)
[5, 2, 6, 4, 1, 3, 5, 6, 7, 9, 9, 10, 9, 3, 2, 5, 10, 9, 9, 10, 5, 7, 2, 5, 9, 7, 4, 4, 5, 10, 5, 6, 2, 10, 2, 8, 10, 9, 9, 10, 6, 4, 8, 2, 4, 9, 6, 3, 3, 7, 4, 5, 10, 7, 4, 4, 1, 2, 2, 1, 5, 8]
(0.6916190002486917, 0.6916190002486917, 0.5744680851063826, 1.0, 0.7609308855608041, 0.8544771740405982)
[5, 2, 6, 2, 1, 3, 5, 6, 7, 9, 9, 10, 9, 3, 4, 5, 6, 7, 9, 10, 5, 7, 2, 5, 9, 7, 4, 4, 5, 10, 5, 6, 2, 9, 9, 8, 10, 4, 4, 5, 8, 4, 8, 8, 2, 9, 6, 3, 3, 8, 4, 5, 10, 7, 4, 4, 2, 2, 2, 3, 8, 8]
(0.6916190002486917, 0.6916190002486917, 0.852323429472739, 1.0, 0.8544771740405982, 0.8544771740405982)
[5, 2, 3, 7, 1, 3, 5, 6, 7, 9, 9, 10, 9, 3, 8, 5, 10, 9, 9, 10, 5, 7, 6, 5, 9, 7, 4, 4, 5, 10, 5, 6, 2, 10, 8, 8, 10, 4, 7, 5, 9, 3, 9, 8, 4, 9, 6, 3, 3, 5, 4, 8, 10, 7, 4, 4, 1, 2, 1, 3, 10, 8]
(0.8445868084207127, 0.6916190002486917, 0.5426153523847397, 1.0, 0.8502507006749461, 0.8544771740405982)
[1, 2, 9, 7, 3, 1, 6, 6, 7, 9, 10, 10, 9, 3, 4, 5, 10, 9, 9, 10, 5, 7, 2, 5, 9, 7, 4, 4, 6, 10, 5, 6, 2, 10, 9, 8, 10, 9, 4, 5, 6, 4, 6, 8, 2, 9, 6, 3, 3, 8, 1, 5, 9, 7, 4, 4, 1, 2, 3, 3, 7, 8]
(0.570892520435152, 0.6916190002486917, 0.8335098309442338, 1.0, 0.47164076101034547, 0.8544771740405982)
[5, 2, 3, 7, 1, 3, 5, 6, 7, 9, 9, 10, 9, 3, 9, 5, 10, 10, 9, 10, 5, 7, 4, 5, 9, 7, 4, 4, 5, 10, 5, 6, 2, 10, 8, 8, 10, 4, 4, 5, 6, 4, 8, 8, 2, 9, 6, 3, 3, 1, 1, 5, 10, 7, 4, 4, 1, 2, 2, 3, 10, 8]
(0.767303259856991, 0.6916190002486917, 0.506650678627187, 1.0, 0.5424262931570347, 0.8544771740405982)
[5, 2, 3, 7, 1, 3, 5, 6, 3, 9, 9, 10, 9, 3, 4, 5, 10, 9, 9, 10, 5, 7, 2, 6, 9, 7, 4, 4, 5, 10, 5, 6, 2, 9, 9, 8, 10, 4, 2, 5, 8, 4, 8, 8, 2, 9, 6, 3, 3, 1, 1, 8, 10, 7, 4, 4, 1, 2, 2, 3, 10, 8]
(0.6916190002486917, 0.6916190002486917, 0.8736188052222086, 1.0, 0.6362124925479218, 0.8544771740405982)
[5, 9, 2, 2, 1, 3, 5, 6, 7, 9, 9, 10, 9, 3, 4, 5, 10, 9, 7, 10, 7, 7, 2, 5, 9, 6, 5, 4, 5, 10, 5, 6, 2, 9, 9, 8, 10, 4, 4, 5, 8, 4, 8, 8, 2, 9, 6, 3, 3, 8, 3, 7, 10, 7, 4, 4, 2, 2, 2, 3, 8, 8]
(0.9081474835053049, 0.6916190002486917, 0.8695406598970243, 1.0, 0.8513838252052613, 0.8544771740405982)
[5, 2, 3, 7, 1, 3, 5, 6, 7, 7, 9, 10, 9, 3, 8, 5, 10, 9, 9, 10, 5, 7, 2, 5, 9, 7, 4, 4, 5, 10, 7, 6, 2, 10, 8, 8, 10, 4, 4, 5, 6, 4, 8, 8, 2, 9, 6, 3, 3, 4, 4, 5, 10, 7, 4, 4, 1, 2, 2, 3, 10, 8]
(0.6916190002486917, 0.6916190002486917, 0.8755683312192514, 1.0, 0.7950877277180479, 0.8544771740405982)
[5, 4, 6, 2, 1, 3, 5, 6, 7, 9, 9, 10, 9, 3, 4, 5, 9, 9, 9, 10, 5, 7, 2, 5, 9, 7, 4, 3, 5, 10, 5, 6, 2, 10, 8, 8, 10, 4, 7, 10, 6, 4, 4, 2, 8, 9, 6, 8, 3, 8, 4, 5, 10, 7, 4, 4, 2, 2, 2, 1, 8, 8]
(0.6916190002486917, 0.6916190002486917, 0.8579137330874749, 1.0, 0.5506769182160435, 0.8544771740405982)
[5, 2, 3, 7, 1, 3, 5, 6, 7, 9, 9, 10, 9, 6, 9, 5, 10, 10, 9, 10, 5, 7, 2, 5, 9, 7, 4, 4, 5, 10, 5, 6, 2, 10, 8, 8, 10, 4, 4, 5, 6, 4, 8, 8, 2, 10, 6, 3, 3, 2, 1, 5, 10, 7, 4, 4, 2, 2, 2, 3, 10, 8]
(0.6916190002486917, 0.6916190002486917, 0.8807599635794714, 1.0, 0.7492568423971464, 0.8544771740405982)
[5, 2, 3, 7, 1, 3, 5, 6, 1, 9, 9, 10, 9, 3, 4, 5, 10, 9, 9, 10, 5, 7, 2, 3, 9, 7, 4, 3, 5, 10, 5, 6, 2, 10, 7, 8, 10, 9, 4, 5, 6, 4, 8, 8, 10, 9, 3, 3, 3, 8, 4, 5, 3, 7, 4, 4, 1, 2, 1, 1, 7, 9]
(0.6916190002486917, 0.6916190002486917, 0.7126949390396399, 1.0, 0.8020083645358607, 0.8544771740405982)
[5, 2, 3, 7, 1, 3, 5, 6, 7, 9, 10, 10, 9, 8, 4, 7, 10, 9, 9, 10, 7, 7, 2, 5, 9, 7, 4, 4, 5, 10, 5, 6, 7, 10, 9, 8, 10, 9, 2, 10, 6, 4, 8, 7, 4, 9, 6, 4, 3, 8, 4, 5, 10, 7, 4, 4, 2, 2, 2, 3, 10, 10]
(0.8937002731487115, 0.6916190002486917, 0.44383544716983886, 1.0, 0.32076590377837616, 0.8544771740405982)
[5, 2, 3, 7, 1, 3, 5, 6, 7, 9, 9, 10, 9, 3, 4, 5, 10, 9, 9, 10, 5, 7, 2, 5, 9, 7, 4, 4, 5, 10, 5, 6, 2, 10, 8, 8, 10, 4, 4, 5, 6, 4, 8, 8, 2, 9, 6, 3, 3, 1, 1, 5, 10, 7, 4, 4, 1, 2, 2, 3, 10, 8]
(0.49033927563577606, 0.6916190002486917, 0.5927208451554108, 1.0, 0.6594177173450513, 0.8544771740405982)
[5, 2, 3, 7, 1, 3, 5, 6, 7, 9, 9, 10, 9, 3, 4, 4, 10, 9, 9, 8, 5, 7, 3, 5, 9, 7, 4, 4, 5, 10, 5, 6, 2, 10, 8, 8, 10, 4, 4, 5, 6, 4, 8, 8, 2, 10, 6, 3, 3, 2, 1, 5, 10, 7, 4, 4, 1, 2, 2, 3, 10, 8]
(0.6916190002486917, 0.6916190002486917, 0.842121862806374, 1.0, 0.8252166392281588, 0.8544771740405982)
[5, 2, 6, 2, 1, 3, 5, 6, 7, 9, 9, 10, 9, 3, 4, 5, 10, 9, 9, 10, 5, 7, 2, 5, 9, 6, 5, 4, 5, 10, 4, 6, 2, 10, 8, 8, 10, 4, 4, 5, 8, 4, 8, 8, 2, 9, 6, 3, 3, 8, 4, 5, 10, 7, 4, 4, 2, 2, 2, 3, 8, 8]
(0.8891891641542271, 0.6916190002486917, 0.8576203970238513, 1.0, 0.7979893608018679, 0.8544771740405982)
[5, 2, 3, 7, 1, 3, 5, 6, 7, 9, 9, 10, 9, 3, 4, 5, 10, 9, 9, 10, 5, 7, 2, 5, 9, 7, 4, 4, 5, 10, 5, 6, 2, 10, 8, 8, 10, 5, 4, 5, 6, 4, 8, 8, 2, 9, 6, 3, 3, 1, 1, 5, 10, 7, 4, 4, 1, 2, 2, 3, 10, 8]
(0.6916190002486917, 0.6916190002486917, 0.37366502974182564, 1.0, 0.503194522298866, 0.8544771740405982)
[5, 2, 3, 7, 1, 3, 5, 6, 7, 9, 9, 10, 9, 3, 4, 5, 10, 9, 9, 10, 5, 7, 2, 5, 9, 7, 4, 4, 5, 10, 5, 6, 2, 10, 9, 8, 10, 4, 4, 5, 6, 4, 8, 8, 2, 9, 6, 3, 3, 1, 1, 5, 10, 7, 4, 4, 1, 2, 2, 3, 10, 8]
(0.45908950064331167, 0.6916190002486917, 0.820059057883912, 1.0, 0.48502216842025025, 0.8544771740405982)
[10, 4, 6, 2, 1, 3, 8, 6, 7, 9, 9, 10, 9, 3, 2, 5, 10, 9, 9, 10, 5, 7, 2, 5, 9, 7, 4, 10, 5, 10, 5, 2, 2, 9, 9, 8, 10, 9, 7, 10, 6, 4, 6, 2, 8, 9, 6, 8, 3, 8, 4, 5, 10, 7, 4, 4, 2, 2, 2, 1, 8, 8]
(0.9128821587189996, 0.6916190002486917, 0.7978271948173578, 1.0, 0.7191800186410475, 0.8544771740405982)
[5, 2, 3, 7, 1, 3, 5, 5, 7, 9, 9, 10, 9, 3, 8, 5, 10, 9, 9, 10, 5, 7, 2, 5, 9, 6, 3, 4, 6, 10, 5, 6, 2, 10, 9, 8, 10, 9, 4, 5, 6, 4, 9, 8, 4, 9, 6, 3, 3, 5, 4, 8, 10, 7, 4, 4, 1, 2, 1, 3, 10, 8]
(0.6916190002486917, 0.6916190002486917, 0.8461612330749572, 1.0, 0.6182631710544159, 0.8544771740405982)
[5, 2, 3, 7, 1, 3, 5, 6, 7, 9, 10, 10, 9, 8, 4, 5, 10, 9, 9, 10, 7, 7, 2, 5, 9, 7, 4, 4, 5, 10, 5, 6, 7, 10, 9, 8, 10, 9, 2, 10, 6, 4, 8, 7, 4, 9, 6, 3, 3, 8, 4, 5, 10, 7, 4, 4, 2, 2, 2, 3, 10, 8]
(0.6916190002486917, 0.6916190002486917, 0.6670884648337906, 1.0, 0.5260131528600981, 0.8544771740405982)
[5, 2, 3, 7, 1, 3, 5, 6, 7, 9, 9, 10, 9, 3, 9, 5, 10, 10, 9, 10, 5, 7, 2, 5, 9, 7, 4, 4, 5, 10, 5, 6, 2, 10, 8, 8, 10, 4, 4, 5, 6, 4, 8, 8, 2, 10, 6, 3, 3, 1, 1, 5, 10, 7, 4, 4, 1, 2, 2, 3, 10, 8]
(0.6747268477454746, 0.6916190002486917, 0.6846754265949053, 1.0, 0.47996924836188104, 0.8544771740405982)
[5, 2, 3, 7, 1, 3, 5, 6, 7, 9, 9, 10, 9, 3, 4, 4, 10, 9, 9, 10, 5, 7, 3, 5, 9, 7, 4, 4, 5, 10, 5, 6, 2, 10, 8, 8, 10, 4, 4, 5, 6, 4, 8, 8, 2, 10, 6, 3, 3, 2, 1, 5, 10, 7, 4, 4, 1, 2, 2, 3, 10, 8]
(0.5091183511540244, 0.6916190002486917, 0.3903499463573118, 1.0, 0.6388109771534728, 0.8544771740405982)
[5, 2, 3, 7, 1, 3, 5, 6, 7, 9, 9, 10, 9, 6, 9, 5, 10, 10, 9, 10, 5, 7, 2, 5, 9, 7, 4, 4, 5, 10, 5, 6, 2, 10, 8, 8, 10, 4, 4, 5, 6, 4, 8, 8, 2, 10, 6, 3, 3, 2, 1, 5, 10, 7, 4, 4, 1, 2, 2, 3, 10, 8]
(0.6916190002486917, 0.6916190002486917, 0.8778568157926157, 1.0, 0.6957158954813998, 0.8544771740405982)
