[1, 2, 10, 2, 5, 9, 7, 3, 9, 9, 2, 8, 9, 4, 9, 5, 7, 2, 1, 9, 6, 5, 7, 9, 7, 8, 4, 9, 4, 5, 5, 1, 3, 6, 5, 9, 10, 8, 8, 8, 7, 7, 8, 8, 10, 8, 5, 7, 5, 9, 4, 5, 2, 4, 3, 1, 1, 2, 5, 4, 5, 2]
(1.080705357249822, 0.265626918825986, 0.5833333333333341, 0.35601655831560763, 0.601670046802615, 0.0)
[3, 2, 2, 4, 9, 10, 9, 9, 1, 6, 1, 3, 9, 2, 10, 6, 4, 9, 1, 7, 5, 5, 10, 7, 7, 10, 5, 4, 4, 1, 6, 8, 1, 10, 7, 7, 4, 8, 8, 8, 7, 6, 8, 8, 10, 9, 6, 10, 7, 6, 8, 6, 10, 5, 1, 1, 1, 2, 1, 4, 4, 2]
(1.0786709346808452, 0.38330675172780576, 1.0755594586022157, 0.259259259259259, 0.2307009045965908, 0.0)
[3, 2, 2, 4, 9, 10, 9, 9, 1, 6, 1, 3, 9, 2, 10, 6, 4, 9, 1, 7, 5, 5, 10, 7, 7, 10, 5, 4, 4, 1, 6, 8, 1, 10, 7, 7, 4, 8, 8, 8, 7, 6, 8, 8, 10, 9, 6, 10, 7, 6, 8, 6, 10, 5, 1, 1, 1, 2, 1, 4, 4, 2]
(1.0786709346808452, 0.38330675172780576, 1.0755594586022157, 0.259259259259259, 0.2307009045965908, 0.0)
[3, 2, 2, 4, 9, 10, 9, 9, 1, 6, 1, 3, 9, 2, 10, 6, 4, 9, 1, 7, 5, 5, 10, 7, 7, 10, 5, 4, 4, 1, 6, 8, 1, 10, 7, 7, 4, 8, 8, 8, 7, 6, 8, 8, 10, 9, 6, 10, 7, 6, 8, 6, 10, 5, 1, 1, 1, 2, 1, 4, 4, 2]
(1.0786709346808452, 0.38330675172780576, 1.0755594586022157, 0.259259259259259, 0.2307009045965908, 0.0)
[3, 2, 2, 4, 9, 10, 9, 9, 1, 6, 1, 3, 9, 2, 10, 6, 4, 9, 1, 7, 5, 5, 10, 7, 7, 10, 5, 4, 4, 1, 6, 8, 1, 10, 7, 7, 4, 8, 8, 8, 7, 6, 8, 8, 10, 9, 6, 10, 7, 6, 8, 6, 10, 5, 1, 1, 1, 2, 1, 4, 4, 2]
(1.0786709346808452, 0.38330675172780576, 1.0755594586022157, 0.259259259259259, 0.2307009045965908, 0.0)
[10, 5, 2, 6, 5, 1, 7, 9, 4, 5, 1, 9, 7, 1, 7, 7, 7, 9, 1, 6, 9, 5, 7, 9, 7, 8, 4, 9, 9, 7, 6, 5, 6, 2, 7, 3, 10, 6, 8, 8, 8, 3, 6, 6, 8, 3, 4, 4, 7, 8, 5, 2, 9, 3, 3, 2, 4, 5, 2, 3, 10, 4]
(1.0606157734058757, 0.20323217138025013, 0.8803056863136546, 0.41176470588235303, 0.6346520228622644, 0.495754180162829)
[3, 2, 2, 4, 9, 10, 9, 9, 6, 7, 7, 1, 10, 8, 9, 5, 8, 9, 1, 8, 9, 4, 5, 7, 9, 10, 6, 3, 2, 2, 10, 8, 10, 8, 10, 9, 7, 3, 8, 8, 8, 8, 8, 10, 10, 9, 6, 10, 7, 10, 9, 7, 10, 10, 1, 1, 1, 2, 1, 4, 4, 2]
(1.080558681953694, 0.6881959910913156, 0.5968940819613685, 0.0, 1.0527610543183945, 0.495754180162829)
[1, 8, 2, 4, 9, 10, 9, 5, 6, 6, 7, 10, 10, 1, 7, 5, 7, 9, 1, 8, 9, 5, 7, 3, 8, 10, 5, 4, 1, 2, 10, 9, 10, 8, 5, 8, 4, 8, 9, 7, 3, 6, 5, 8, 10, 9, 6, 10, 5, 9, 4, 8, 2, 4, 1, 1, 1, 2, 5, 4, 3, 2]
(0.34983017952450224, 0.34983017952450224, 0.7591062379069675, 0.0, 1.0600385622121355, 0.8816752296434672)
[1, 8, 2, 4, 9, 10, 9, 5, 6, 6, 7, 10, 10, 1, 7, 5, 7, 9, 1, 8, 9, 5, 7, 3, 8, 10, 5, 4, 1, 2, 10, 9, 10, 8, 5, 8, 4, 8, 9, 7, 3, 6, 5, 8, 10, 9, 6, 10, 5, 9, 4, 8, 2, 4, 1, 1, 1, 2, 5, 4, 3, 2]
(0.34983017952450224, 0.34983017952450224, 0.7591062379069675, 0.0, 1.0600385622121355, 0.8816752296434672)
[1, 8, 2, 4, 9, 10, 9, 5, 6, 6, 7, 10, 10, 1, 7, 5, 7, 9, 1, 8, 9, 5, 7, 3, 8, 10, 5, 4, 1, 2, 10, 9, 10, 8, 5, 8, 4, 8, 9, 7, 3, 6, 5, 8, 10, 9, 6, 10, 5, 9, 4, 8, 2, 4, 1, 1, 1, 2, 5, 4, 3, 2]
(0.34983017952450224, 0.34983017952450224, 0.7591062379069675, 0.0, 0.0, 0.8816752296434672)
[1, 8, 2, 4, 9, 10, 9, 5, 6, 6, 7, 10, 10, 1, 7, 5, 7, 9, 1, 8, 9, 5, 7, 3, 8, 10, 5, 4, 1, 2, 10, 9, 10, 8, 5, 8, 4, 8, 9, 7, 3, 6, 5, 8, 10, 9, 6, 10, 5, 9, 4, 8, 2, 4, 1, 1, 1, 2, 5, 4, 3, 2]
(0.34983017952450224, 0.34983017952450224, 0.7591062379069675, 0.0, 1.0600385622121355, 0.8816752296434672)
[8, 6, 2, 7, 5, 1, 7, 9, 4, 9, 1, 10, 3, 5, 7, 7, 7, 9, 1, 8, 9, 5, 7, 9, 7, 8, 4, 9, 10, 7, 7, 9, 8, 8, 9, 3, 10, 5, 8, 8, 8, 3, 6, 6, 8, 4, 4, 4, 7, 8, 5, 6, 9, 3, 3, 2, 4, 5, 2, 3, 10, 4]
(1.0689280402846595, 0.20323217138025013, 0.964450514782216, 0.41176470588235303, 1.0687977825291415, 0.6346520228622644)
[1, 7, 3, 2, 6, 8, 10, 1, 4, 7, 7, 7, 9, 4, 10, 5, 7, 9, 1, 7, 5, 5, 10, 7, 7, 10, 5, 5, 4, 4, 6, 10, 7, 8, 7, 7, 9, 8, 8, 8, 7, 7, 8, 8, 8, 2, 8, 8, 10, 9, 7, 5, 2, 4, 1, 1, 1, 2, 5, 4, 4, 2]
(1.0736288703046697, 0.6881959910913156, 1.0708887048996945, 0.0, 1.0548166164196988, 0.6346520228622644)
[8, 5, 2, 6, 5, 1, 7, 9, 4, 5, 2, 2, 7, 1, 7, 5, 7, 9, 1, 6, 9, 5, 7, 9, 7, 8, 4, 9, 9, 8, 6, 5, 6, 7, 3, 7, 10, 4, 8, 8, 8, 3, 6, 6, 8, 3, 4, 4, 7, 8, 5, 6, 9, 3, 3, 2, 4, 5, 2, 3, 10, 4]
(1.0777220108546275, 0.20323217138025013, 1.0735051999799865, 0.31818181818181807, 0.8816752296434672, 0.8816752296434672)
[8, 5, 2, 6, 7, 1, 7, 9, 4, 5, 2, 2, 7, 1, 7, 5, 7, 9, 3, 6, 9, 5, 7, 9, 7, 8, 4, 9, 9, 7, 6, 5, 6, 7, 3, 7, 10, 4, 8, 8, 8, 3, 6, 6, 8, 3, 5, 6, 7, 8, 5, 6, 9, 3, 3, 2, 4, 5, 2, 3, 10, 4]
(1.0784338497556702, 0.20323217138025013, 1.0583419374190233, 0.31818181818181807, 1.0719564885832327, 0.8816752296434672)
[8, 5, 2, 6, 7, 1, 7, 9, 4, 5, 2, 2, 7, 1, 7, 5, 7, 9, 3, 6, 9, 5, 7, 9, 7, 8, 4, 9, 9, 7, 6, 5, 6, 7, 3, 7, 10, 4, 8, 8, 8, 3, 6, 6, 8, 3, 5, 6, 7, 8, 5, 6, 9, 3, 3, 2, 4, 5, 2, 3, 10, 4]
(1.0784338497556702, 0.20323217138025013, 1.0583419374190233, 0.31818181818181807, 1.0719564885832327, 0.8816752296434672)
[8, 5, 2, 6, 7, 1, 7, 9, 4, 5, 2, 2, 7, 1, 7, 5, 7, 9, 1, 6, 9, 5, 7, 9, 7, 8, 4, 9, 9, 8, 6, 5, 6, 7, 3, 7, 10, 4, 8, 8, 8, 3, 6, 6, 8, 3, 4, 4, 7, 8, 5, 6, 9, 4, 3, 2, 4, 5, 2, 3, 10, 4]
(1.0738813440315382, 0.20323217138025013, 1.0735688208602328, 0.31818181818181807, 1.07628097152337, 0.8816752296434672)
[3, 4, 2, 4, 9, 10, 9, 5, 6, 4, 7, 1, 10, 8, 9, 6, 4, 1, 1, 7, 6, 5, 3, 7, 7, 5, 5, 5, 4, 1, 6, 8, 9, 4, 4, 9, 4, 8, 8, 8, 7, 6, 3, 8, 2, 6, 10, 10, 10, 9, 8, 6, 10, 4, 1, 1, 1, 2, 1, 4, 4, 2]
(0.8017184070311535, 0.6881959910913156, 1.0486495637334847, 0.21874999999999997, 1.0802538652904288, 0.5848394092739833)
[8, 5, 2, 7, 5, 1, 7, 9, 4, 5, 1, 9, 3, 5, 7, 7, 7, 9, 1, 6, 9, 5, 7, 9, 7, 8, 4, 9, 10, 7, 6, 9, 8, 8, 9, 3, 10, 5, 8, 8, 8, 3, 6, 6, 8, 3, 4, 4, 7, 8, 5, 4, 9, 3, 3, 2, 4, 5, 2, 3, 10, 4]
(1.067790365498509, 0.20323217138025013, 1.076053017657246, 0.41176470588235303, 1.079409065749492, 0.8816752296434672)
[8, 5, 2, 6, 5, 1, 7, 9, 4, 5, 1, 9, 7, 1, 7, 7, 7, 9, 1, 6, 9, 5, 7, 9, 7, 8, 4, 9, 10, 7, 6, 5, 6, 7, 3, 3, 10, 4, 8, 8, 8, 3, 6, 6, 8, 3, 4, 4, 7, 8, 5, 6, 9, 3, 3, 2, 4, 5, 2, 3, 10, 4]
(1.0650725244544406, 0.20323217138025013, 0.41176470588235303, 0.41176470588235303, 1.079527841787781, 0.8816752296434672)
[8, 5, 2, 7, 5, 1, 3, 9, 4, 5, 1, 7, 3, 5, 7, 7, 7, 9, 1, 8, 9, 5, 7, 9, 7, 8, 4, 9, 10, 7, 7, 9, 6, 7, 3, 9, 8, 4, 8, 8, 1, 3, 6, 6, 8, 6, 8, 10, 7, 8, 5, 6, 9, 3, 3, 2, 4, 5, 2, 3, 10, 4]
(1.075049780961122, 0.20323217138025013, 1.0724352699704427, 0.41176470588235303, 0.8816752296434672, 0.8816752296434672)
[1, 7, 2, 4, 9, 10, 9, 5, 2, 5, 7, 5, 10, 7, 7, 6, 7, 9, 1, 8, 9, 9, 7, 3, 8, 7, 5, 5, 4, 4, 6, 8, 9, 8, 6, 9, 4, 2, 6, 7, 10, 6, 8, 6, 10, 7, 5, 5, 10, 9, 7, 8, 6, 4, 1, 1, 1, 2, 5, 4, 4, 2]
(1.08511934401467, 0.6881959910913156, 0.26457629175856495, 0.1891891891891891, 1.0744114232249518, 0.6346520228622644)
[3, 2, 2, 4, 9, 10, 9, 9, 6, 4, 7, 1, 10, 1, 7, 10, 7, 6, 1, 6, 9, 4, 5, 9, 9, 10, 6, 3, 7, 5, 10, 8, 10, 8, 8, 9, 3, 8, 8, 10, 8, 4, 8, 8, 9, 9, 6, 10, 7, 2, 8, 8, 10, 4, 1, 1, 1, 2, 5, 4, 4, 2]
(1.080257657449688, 0.6881959910913156, 1.0488425343297385, 0.1891891891891891, 0.6346520228622644, 0.6346520228622644)
[3, 2, 2, 2, 10, 10, 9, 5, 6, 4, 7, 10, 10, 1, 7, 6, 4, 6, 1, 6, 9, 4, 5, 7, 9, 10, 6, 3, 2, 2, 10, 8, 10, 4, 10, 9, 7, 10, 8, 9, 8, 4, 5, 8, 10, 9, 6, 10, 7, 8, 8, 7, 10, 10, 1, 1, 1, 2, 1, 4, 4, 2]
(1.081693159881975, 0.6881959910913156, 1.0795264898799317, 0.21874999999999997, 0.6346520228622644, 0.6346520228622644)
[3, 2, 2, 4, 9, 10, 9, 5, 6, 4, 7, 1, 10, 1, 7, 5, 7, 9, 1, 8, 9, 5, 7, 3, 9, 10, 8, 3, 7, 1, 10, 8, 7, 8, 8, 9, 3, 8, 8, 10, 8, 4, 5, 8, 10, 9, 6, 10, 7, 8, 8, 9, 10, 4, 1, 1, 1, 2, 1, 4, 4, 2]
(1.0805780190043108, 0.6881959910913156, 1.0745711733587044, 0.21874999999999997, 1.0858570174314037, 0.6346520228622644)
[3, 2, 2, 4, 9, 10, 9, 5, 6, 4, 7, 1, 10, 1, 7, 5, 7, 9, 1, 8, 9, 5, 7, 3, 9, 10, 8, 3, 7, 1, 10, 8, 7, 8, 8, 9, 3, 8, 8, 10, 8, 4, 5, 8, 10, 9, 6, 10, 7, 8, 8, 6, 10, 4, 1, 1, 1, 2, 1, 4, 4, 2]
(1.0798727891407862, 0.6881959910913156, 1.0731416455469984, 0.21874999999999997, 1.0789686084724919, 0.6346520228622644)
[3, 2, 2, 4, 9, 10, 9, 5, 6, 4, 7, 1, 10, 1, 9, 5, 6, 9, 1, 8, 9, 5, 7, 3, 9, 10, 8, 3, 7, 1, 10, 8, 7, 8, 8, 9, 3, 8, 8, 10, 8, 4, 1, 8, 10, 9, 6, 10, 7, 8, 8, 6, 10, 4, 1, 1, 1, 2, 1, 4, 4, 2]
(1.0792623284272806, 0.6881959910913156, 1.0706073812209032, 0.21874999999999997, 1.0744730758480685, 0.6346520228622644)
[3, 2, 2, 4, 9, 10, 9, 5, 6, 3, 7, 1, 10, 1, 9, 5, 6, 9, 1, 8, 9, 5, 7, 3, 9, 10, 8, 3, 7, 4, 6, 8, 9, 8, 7, 9, 10, 8, 8, 8, 7, 7, 8, 8, 10, 8, 5, 10, 7, 8, 8, 6, 10, 4, 1, 1, 1, 2, 1, 4, 4, 2]
(1.0843660772778048, 0.6881959910913156, 1.0648010979406497, 0.21874999999999997, 1.0828823317773597, 0.6346520228622644)
[3, 10, 2, 4, 9, 10, 9, 5, 6, 6, 7, 10, 10, 1, 7, 5, 7, 9, 1, 8, 9, 5, 7, 3, 8, 10, 5, 4, 1, 2, 10, 8, 10, 8, 5, 8, 4, 8, 9, 7, 3, 7, 8, 8, 10, 8, 5, 10, 5, 9, 4, 5, 2, 4, 1, 1, 1, 2, 5, 4, 5, 2]
(1.0840580810792702, 0.34983017952450224, 0.6047564296983232, 0.5731101301498728, 0.7200710530392875, 0.6346520228622644)
[3, 2, 2, 4, 9, 10, 9, 9, 6, 7, 7, 1, 10, 8, 8, 5, 1, 9, 1, 8, 5, 4, 5, 7, 8, 7, 5, 5, 2, 4, 6, 10, 7, 8, 8, 7, 9, 8, 8, 6, 8, 4, 5, 8, 10, 9, 6, 5, 7, 8, 8, 7, 10, 10, 1, 1, 1, 2, 1, 4, 4, 2]
(1.082880844455208, 0.6881959910913156, 1.0710876564495224, 0.259259259259259, 1.0732526184059636, 0.6346520228622644)
[3, 2, 2, 2, 5, 1, 9, 9, 6, 7, 7, 1, 10, 8, 9, 5, 1, 9, 1, 8, 9, 4, 5, 7, 9, 10, 6, 3, 2, 2, 10, 8, 10, 4, 10, 9, 7, 3, 8, 9, 8, 4, 5, 8, 10, 9, 6, 10, 7, 8, 8, 7, 10, 10, 1, 1, 1, 2, 1, 4, 4, 2]
(0.6881959910913156, 0.6881959910913156, 0.6906266243197073, 0.259259259259259, 1.0651732380501886, 0.6346520228622644)
[3, 2, 2, 4, 9, 10, 9, 9, 6, 7, 7, 1, 10, 8, 9, 5, 1, 9, 1, 8, 9, 4, 5, 7, 9, 10, 6, 3, 2, 2, 10, 8, 10, 8, 10, 9, 7, 3, 8, 10, 8, 4, 5, 8, 10, 9, 6, 10, 7, 8, 8, 7, 10, 10, 1, 1, 1, 2, 1, 4, 4, 2]
(1.0814913743175523, 0.6881959910913156, 1.062753493990745, 0.259259259259259, 1.070870022382583, 0.6346520228622644)
[3, 2, 2, 2, 5, 1, 9, 9, 6, 7, 7, 1, 10, 8, 9, 5, 1, 9, 1, 8, 9, 4, 5, 7, 7, 10, 6, 3, 7, 2, 6, 8, 9, 6, 6, 8, 7, 3, 8, 9, 8, 4, 5, 8, 10, 9, 6, 10, 7, 8, 8, 7, 10, 10, 1, 1, 1, 2, 1, 4, 4, 2]
(1.0816990735940593, 0.6881959910913156, 0.31818181818181807, 0.259259259259259, 0.7848623261787042, 0.6346520228622644)
[1, 2, 10, 2, 5, 9, 7, 3, 9, 9, 2, 8, 9, 4, 9, 5, 7, 2, 1, 8, 9, 4, 7, 9, 7, 1, 4, 9, 4, 5, 6, 5, 6, 10, 7, 3, 10, 7, 8, 8, 8, 7, 8, 9, 10, 8, 5, 7, 5, 9, 4, 5, 2, 4, 3, 1, 1, 2, 5, 4, 5, 2]
(0.265626918825986, 0.265626918825986, 1.0725271248258608, 0.9999999999999956, 0.3448212872191438, 0.3448212872191438)
[1, 7, 2, 4, 9, 10, 9, 5, 6, 4, 7, 10, 10, 1, 7, 5, 7, 9, 1, 8, 9, 5, 7, 3, 8, 10, 5, 4, 1, 4, 6, 8, 9, 6, 6, 8, 4, 8, 6, 7, 3, 6, 8, 8, 8, 8, 8, 10, 10, 9, 7, 3, 2, 4, 1, 1, 1, 2, 5, 4, 4, 2]
(1.078462851513173, 0.6881959910913156, 0.7643304211087573, 0.31818181818181807, 1.0682070822454948, 0.6346520228622644)
[1, 7, 2, 9, 9, 10, 9, 5, 6, 4, 2, 10, 10, 1, 7, 5, 7, 9, 1, 8, 9, 5, 7, 9, 10, 10, 5, 8, 1, 4, 4, 8, 9, 6, 6, 8, 4, 8, 9, 7, 3, 6, 5, 8, 10, 9, 6, 10, 5, 9, 4, 8, 2, 4, 1, 1, 1, 2, 5, 4, 3, 1]
(1.079363734181966, 0.6881959910913156, 0.5896696382202257, 0.31818181818181807, 1.0416988861747052, 0.6346520228622644)
[1, 7, 2, 4, 9, 10, 9, 5, 6, 4, 7, 5, 10, 7, 7, 5, 7, 9, 1, 8, 9, 4, 7, 3, 8, 7, 5, 4, 4, 4, 6, 8, 5, 3, 6, 9, 4, 2, 6, 7, 10, 6, 8, 6, 10, 7, 5, 5, 10, 9, 7, 8, 6, 4, 1, 1, 1, 2, 5, 4, 4, 2]
(1.0812032415531534, 0.6881959910913156, 1.0669985220767515, 0.31818181818181807, 1.0672309179790278, 0.6346520228622644)
[1, 7, 2, 4, 7, 10, 9, 5, 6, 4, 7, 10, 10, 1, 7, 6, 7, 6, 1, 6, 9, 4, 5, 7, 9, 10, 6, 5, 4, 4, 6, 8, 9, 6, 7, 8, 4, 10, 6, 7, 3, 6, 8, 8, 8, 8, 8, 10, 10, 9, 7, 3, 2, 4, 1, 1, 1, 2, 5, 4, 4, 2]
(1.0814807084388989, 0.6881959910913156, 1.058892331365492, 0.31818181818181807, 0.6346520228622644, 0.6346520228622644)
[1, 2, 10, 2, 5, 10, 9, 5, 6, 6, 7, 10, 10, 1, 7, 5, 7, 9, 1, 8, 9, 5, 7, 3, 8, 10, 5, 10, 1, 2, 10, 8, 10, 8, 5, 8, 4, 8, 9, 7, 3, 6, 8, 8, 8, 8, 8, 10, 10, 9, 7, 3, 2, 4, 1, 1, 1, 2, 5, 4, 4, 2]
(1.0804789532907264, 0.6881959910913156, 0.5428286020644009, 0.31818181818181807, 1.077104497980322, 0.6346520228622644)
[8, 5, 2, 6, 5, 1, 7, 9, 4, 5, 2, 5, 7, 1, 7, 5, 7, 9, 7, 6, 9, 5, 7, 9, 7, 3, 4, 9, 9, 8, 4, 5, 6, 7, 9, 10, 8, 2, 10, 7, 4, 5, 8, 1, 8, 3, 4, 1, 7, 8, 5, 6, 9, 3, 3, 2, 4, 5, 2, 3, 10, 7]
(1.0752916137687818, 0.20323217138025013, 1.0739320878870744, 0.5833333333333327, 0.8816752296434672, 0.8816752296434672)
[8, 5, 2, 7, 5, 1, 7, 9, 4, 5, 1, 9, 3, 5, 7, 7, 7, 9, 1, 6, 9, 5, 7, 9, 7, 8, 4, 9, 10, 7, 6, 9, 8, 8, 9, 3, 10, 2, 10, 7, 4, 3, 8, 8, 8, 6, 8, 10, 7, 2, 5, 6, 9, 3, 3, 2, 4, 5, 2, 3, 10, 4]
(1.0749563696794169, 0.20323217138025013, 1.0750563575886147, 0.5833333333333327, 1.0755688860081096, 0.8816752296434672)
[3, 8, 8, 4, 3, 8, 10, 3, 9, 9, 8, 10, 5, 4, 1, 6, 7, 9, 1, 6, 9, 4, 5, 7, 9, 10, 6, 3, 2, 2, 10, 8, 3, 10, 7, 3, 10, 4, 8, 8, 8, 7, 8, 10, 10, 9, 5, 10, 3, 9, 7, 3, 2, 4, 3, 1, 1, 2, 5, 4, 5, 2]
(1.0182659604586621, 0.6881959910913156, 0.5833333333333327, 0.5833333333333327, 1.066454021539535, 0.40673705379587677)
[1, 8, 9, 4, 9, 10, 9, 5, 6, 6, 7, 10, 10, 1, 7, 5, 7, 9, 1, 8, 9, 8, 7, 3, 8, 10, 5, 9, 4, 2, 10, 8, 10, 8, 5, 9, 4, 2, 6, 7, 3, 6, 8, 8, 8, 8, 8, 10, 10, 9, 7, 3, 2, 4, 1, 1, 1, 2, 5, 4, 4, 2]
(1.0825254448689476, 0.6881959910913156, 1.064562733937051, 0.41176470588235303, 1.0714499101974029, 0.6346520228622644)
[1, 8, 2, 4, 9, 10, 9, 5, 6, 6, 7, 10, 10, 1, 7, 5, 7, 9, 1, 8, 9, 5, 7, 3, 8, 10, 5, 4, 1, 2, 10, 8, 10, 8, 5, 8, 4, 8, 9, 7, 3, 6, 8, 8, 8, 8, 8, 10, 10, 9, 7, 3, 2, 4, 1, 1, 1, 2, 5, 4, 4, 2]
(1.0810547710396305, 0.6881959910913156, 1.063466161955144, 0.41176470588235303, 0.48798185130581084, 0.6346520228622644)
[1, 7, 2, 4, 9, 10, 9, 5, 6, 4, 7, 10, 10, 1, 7, 6, 7, 6, 1, 6, 9, 4, 5, 7, 9, 10, 6, 3, 7, 2, 6, 8, 9, 6, 6, 8, 4, 10, 6, 7, 3, 6, 8, 8, 8, 8, 8, 10, 10, 9, 7, 3, 2, 4, 1, 1, 1, 2, 5, 4, 4, 2]
(1.0814825338311451, 0.6881959910913156, 0.5139102057553823, 0.41176470588235303, 1.0594243646599313, 0.6346520228622644)
[1, 8, 9, 4, 9, 10, 9, 5, 6, 6, 7, 10, 10, 1, 7, 5, 7, 9, 1, 8, 9, 5, 7, 3, 8, 10, 5, 4, 1, 2, 10, 8, 10, 8, 5, 9, 4, 2, 6, 7, 3, 6, 8, 8, 8, 8, 8, 10, 10, 9, 7, 3, 2, 4, 1, 1, 1, 2, 5, 4, 4, 2]
(1.0781552239321128, 0.6881959910913156, 1.0647031628526706, 0.41176470588235303, 1.0744040596298832, 0.6346520228622644)
[3, 8, 8, 4, 3, 8, 10, 3, 9, 9, 8, 10, 5, 4, 1, 6, 7, 9, 1, 6, 9, 5, 7, 9, 7, 8, 4, 9, 7, 7, 6, 8, 3, 10, 7, 3, 10, 4, 8, 8, 8, 7, 8, 10, 10, 9, 5, 10, 3, 9, 7, 3, 2, 4, 1, 1, 1, 2, 5, 4, 5, 2]
(1.0643154808320063, 0.6881959910913156, 0.6619239068590155, 0.41176470588235303, 1.0696213795803444, 0.6346520228622644)
[1, 8, 2, 4, 9, 10, 9, 5, 6, 6, 7, 10, 10, 1, 7, 5, 7, 9, 1, 8, 9, 5, 7, 3, 8, 10, 5, 4, 1, 2, 10, 8, 10, 8, 5, 8, 4, 8, 9, 7, 3, 6, 8, 8, 8, 8, 8, 10, 10, 9, 7, 3, 2, 4, 1, 1, 1, 2, 5, 4, 4, 2]
(1.0810547710396305, 0.6881959910913156, 1.063466161955144, 0.41176470588235303, 0.6346520228622644, 0.6346520228622644)
[7, 6, 7, 4, 3, 4, 7, 3, 9, 9, 8, 10, 5, 4, 9, 6, 8, 9, 1, 6, 9, 5, 7, 9, 7, 8, 2, 9, 7, 7, 6, 8, 3, 10, 7, 3, 9, 4, 8, 8, 8, 7, 10, 7, 5, 8, 8, 3, 9, 4, 7, 6, 10, 10, 2, 6, 5, 2, 2, 6, 8, 2]
(0.7325439455919017, 0.5872929676893832, 0.9999999999999956, 0.5833333333333327, 0.5848394092739833, 0.5848394092739833)
[1, 7, 2, 4, 9, 10, 9, 5, 6, 4, 7, 10, 10, 1, 7, 5, 7, 9, 1, 8, 9, 5, 7, 3, 10, 10, 5, 4, 1, 4, 4, 8, 9, 6, 6, 8, 4, 8, 6, 1, 3, 6, 8, 8, 8, 7, 5, 5, 10, 9, 7, 8, 6, 4, 1, 1, 1, 2, 5, 4, 4, 2]
(1.0808193382807034, 0.6881959910913156, 0.7520016484893907, 0.5833333333333327, 0.5298830411396918, 0.5325552654452619)
[3, 2, 8, 2, 3, 8, 7, 3, 8, 9, 8, 10, 10, 1, 7, 6, 7, 9, 1, 6, 9, 5, 9, 7, 7, 10, 5, 5, 4, 4, 6, 8, 9, 8, 7, 7, 4, 7, 8, 10, 8, 4, 5, 8, 10, 9, 6, 10, 5, 9, 4, 8, 2, 4, 1, 1, 1, 2, 5, 4, 5, 2]
(1.08141805240884, 0.5872929676893832, 0.8787316453643119, 0.5833333333333327, 1.0647565505467316, 0.6346520228622644)
[7, 9, 6, 3, 5, 4, 7, 10, 4, 5, 1, 9, 3, 4, 7, 1, 7, 5, 5, 10, 6, 10, 8, 7, 7, 8, 4, 7, 8, 8, 6, 9, 8, 8, 9, 10, 9, 2, 10, 7, 4, 3, 8, 5, 8, 6, 8, 10, 7, 2, 2, 7, 6, 10, 2, 6, 5, 2, 2, 6, 8, 2]
(1.0691602115519303, 0.20323217138025013, 1.0662912775762339, 0.9999999999999956, 1.0769837564788716, 0.6346520228622644)
[6, 9, 6, 1, 5, 4, 7, 10, 4, 5, 1, 9, 3, 4, 7, 1, 7, 5, 5, 10, 6, 10, 8, 7, 7, 8, 4, 7, 8, 8, 6, 9, 8, 8, 9, 10, 9, 2, 10, 7, 4, 3, 8, 5, 8, 6, 8, 10, 7, 2, 2, 7, 6, 10, 2, 6, 5, 2, 2, 6, 8, 2]
(1.0781205044127957, 0.20323217138025013, 1.066615564096715, 0.9999999999999956, 1.0745616680942434, 0.6346520228622644)
[6, 9, 6, 3, 5, 4, 7, 10, 7, 5, 1, 9, 3, 4, 7, 1, 7, 5, 5, 10, 6, 10, 8, 7, 6, 4, 4, 7, 8, 8, 6, 9, 8, 8, 9, 10, 8, 2, 10, 7, 4, 3, 8, 8, 8, 6, 8, 10, 7, 2, 2, 7, 6, 10, 2, 6, 5, 2, 2, 6, 8, 2]
(1.0778145386837379, 0.20323217138025013, 1.0639082814566752, 0.9999999999999956, 1.0804930248297706, 0.6346520228622644)
[6, 9, 6, 3, 5, 4, 7, 10, 7, 5, 1, 9, 3, 4, 7, 1, 7, 5, 5, 10, 6, 10, 8, 7, 7, 8, 4, 7, 8, 8, 6, 9, 8, 8, 9, 10, 8, 2, 10, 7, 4, 3, 8, 8, 8, 6, 8, 10, 7, 2, 2, 7, 6, 10, 2, 6, 5, 2, 2, 6, 8, 2]
(1.078670947719361, 0.20323217138025013, 0.9999999999999956, 0.9999999999999956, 1.0779965129680888, 0.6346520228622644)
[6, 9, 6, 3, 5, 4, 7, 10, 4, 5, 1, 9, 3, 4, 7, 1, 7, 5, 5, 10, 6, 10, 8, 7, 7, 8, 4, 7, 8, 8, 6, 9, 8, 8, 9, 10, 9, 2, 10, 7, 4, 3, 8, 5, 8, 6, 8, 10, 7, 2, 2, 7, 6, 10, 2, 6, 5, 2, 2, 6, 8, 2]
(1.0783527963794726, 0.20323217138025013, 0.9999999999999956, 0.9999999999999956, 0.6346520228622644, 0.6346520228622644)
[6, 9, 6, 1, 4, 4, 7, 10, 4, 5, 1, 9, 3, 4, 7, 1, 7, 5, 5, 10, 6, 10, 8, 7, 7, 8, 4, 7, 8, 8, 6, 9, 8, 8, 9, 10, 8, 2, 10, 7, 6, 6, 8, 8, 8, 6, 8, 10, 7, 2, 2, 7, 6, 10, 2, 6, 5, 2, 2, 6, 8, 2]
(1.0825686433352486, 0.20323217138025013, 0.9999999999999956, 0.9999999999999956, 0.6346520228622644, 0.6346520228622644)
[6, 7, 6, 2, 5, 4, 7, 10, 7, 5, 1, 9, 3, 7, 7, 1, 7, 5, 7, 10, 6, 10, 8, 7, 6, 4, 4, 7, 8, 8, 6, 9, 8, 8, 9, 10, 8, 2, 10, 7, 4, 6, 8, 8, 8, 6, 8, 10, 7, 2, 2, 7, 6, 10, 2, 6, 5, 2, 2, 6, 8, 2]
(1.0708245317451615, 0.20323217138025013, 1.0732405404560226, 0.9999999999999956, 1.077139595057811, 0.6346520228622644)
[6, 9, 6, 3, 5, 4, 7, 10, 7, 5, 1, 9, 7, 4, 7, 1, 7, 8, 5, 10, 6, 6, 8, 7, 6, 4, 4, 7, 8, 8, 6, 10, 8, 8, 9, 10, 8, 2, 10, 7, 4, 3, 8, 8, 8, 6, 8, 10, 7, 2, 2, 7, 6, 10, 2, 6, 5, 2, 2, 6, 8, 2]
(1.069856616016473, 0.20323217138025013, 0.49656747048721206, 0.9999999999999956, 1.0973428665660274, 0.6346520228622644)
[7, 6, 8, 4, 5, 8, 7, 3, 9, 5, 8, 4, 10, 8, 7, 7, 4, 1, 9, 9, 6, 7, 3, 3, 10, 8, 4, 9, 9, 4, 2, 5, 10, 8, 3, 4, 8, 2, 10, 8, 8, 6, 4, 8, 5, 7, 8, 5, 10, 8, 7, 5, 9, 10, 2, 6, 5, 2, 2, 6, 8, 2]
(1.0669429226778409, 0.20323217138025013, 1.0632588378153702, 0.9999999999999956, 1.058313021901991, 0.6346520228622644)
[6, 7, 6, 2, 5, 4, 7, 10, 7, 5, 1, 2, 3, 7, 7, 1, 7, 5, 7, 10, 6, 10, 8, 7, 6, 4, 4, 7, 8, 8, 6, 9, 8, 8, 9, 10, 9, 2, 10, 7, 6, 6, 8, 8, 8, 6, 8, 10, 7, 2, 2, 7, 6, 10, 2, 6, 5, 2, 2, 6, 8, 2]
(1.0719914319924968, 0.20323217138025013, 0.7458812526427259, 0.9999999999999956, 1.0636116261593958, 0.6346520228622644)
[6, 9, 6, 3, 5, 4, 7, 10, 4, 5, 1, 9, 3, 4, 7, 1, 7, 5, 5, 10, 6, 10, 8, 7, 7, 8, 4, 7, 8, 8, 6, 9, 8, 8, 9, 10, 9, 2, 10, 7, 4, 3, 8, 5, 8, 6, 8, 10, 7, 2, 2, 7, 6, 10, 2, 6, 5, 2, 2, 6, 8, 2]
(1.0783527963794726, 0.20323217138025013, 0.9999999999999956, 0.9999999999999956, 0.6346520228622644, 0.6346520228622644)
[1, 7, 2, 4, 9, 10, 9, 5, 6, 4, 7, 10, 10, 1, 7, 6, 7, 6, 1, 6, 9, 4, 5, 7, 9, 10, 6, 3, 7, 2, 6, 8, 9, 6, 6, 8, 7, 3, 6, 7, 10, 10, 8, 5, 10, 7, 5, 5, 10, 4, 7, 4, 6, 4, 1, 1, 1, 2, 5, 4, 4, 2]
(1.0825585252605334, 0.6881959910913156, 1.0683185820467729, 0.5833333333333327, 1.0505335547961259, 0.5848394092739833)
[1, 2, 10, 2, 5, 9, 7, 3, 9, 9, 2, 4, 9, 4, 9, 6, 5, 9, 1, 7, 6, 5, 7, 8, 7, 1, 5, 5, 2, 4, 6, 10, 7, 8, 8, 7, 9, 8, 8, 6, 8, 7, 8, 9, 9, 8, 5, 7, 5, 9, 4, 5, 2, 4, 1, 1, 1, 2, 5, 4, 5, 2]
(1.0858790737576738, 0.6881959910913156, 1.0717311558313627, 0.5833333333333327, 1.0559545143507383, 0.5848394092739833)
[3, 2, 10, 2, 5, 9, 7, 3, 9, 9, 2, 9, 9, 4, 9, 6, 5, 9, 1, 7, 6, 5, 7, 9, 7, 8, 4, 9, 4, 5, 5, 8, 3, 6, 5, 9, 10, 8, 8, 8, 7, 7, 8, 8, 10, 8, 5, 7, 5, 9, 4, 5, 2, 4, 1, 1, 1, 2, 5, 4, 5, 2]
(1.0784142308868423, 0.265626918825986, 1.0804580810479776, 0.9999999999999956, 1.059604189079251, 0.6346520228622644)
[3, 7, 10, 2, 5, 9, 7, 3, 9, 9, 2, 9, 9, 4, 9, 6, 5, 9, 1, 7, 6, 5, 7, 9, 7, 8, 4, 9, 4, 5, 5, 8, 3, 6, 5, 9, 10, 8, 8, 8, 7, 7, 8, 8, 10, 8, 5, 7, 5, 9, 4, 5, 2, 4, 1, 2, 1, 2, 5, 4, 4, 2]
(1.0805675107054369, 0.6881959910913156, 1.0413976213894747, 0.5833333333333327, 1.0472290405072235, 0.6346520228622644)
[3, 2, 8, 4, 3, 8, 7, 3, 9, 9, 8, 10, 10, 1, 7, 7, 7, 9, 1, 6, 9, 5, 9, 7, 7, 10, 5, 5, 4, 4, 6, 8, 9, 8, 7, 7, 4, 8, 8, 8, 7, 7, 8, 8, 10, 8, 5, 10, 5, 9, 4, 8, 2, 4, 1, 1, 1, 2, 5, 4, 5, 2]
(0.6881959910913156, 0.6881959910913156, 0.9999999999999956, 0.5833333333333327, 1.063062816206362, 0.6346520228622644)
[3, 7, 8, 2, 5, 9, 7, 4, 7, 8, 2, 9, 9, 4, 9, 6, 5, 9, 1, 7, 5, 5, 10, 7, 3, 10, 5, 5, 4, 4, 6, 8, 9, 8, 7, 9, 10, 8, 8, 8, 7, 7, 8, 8, 8, 8, 6, 10, 5, 9, 4, 5, 2, 4, 1, 1, 1, 2, 5, 4, 4, 2]
(1.0738447950221557, 0.6881959910913156, 1.061141100060191, 0.5833333333333327, 1.0690254394896286, 0.6346520228622644)
[1, 2, 10, 2, 5, 9, 7, 3, 9, 9, 2, 8, 9, 4, 9, 6, 5, 9, 1, 6, 9, 4, 5, 7, 9, 10, 6, 5, 4, 4, 6, 8, 9, 6, 7, 8, 4, 10, 6, 7, 8, 7, 8, 9, 10, 8, 5, 7, 5, 9, 4, 5, 2, 4, 1, 1, 1, 2, 5, 4, 5, 2]
(1.0836909609846725, 0.6881959910913156, 1.072928068693723, 0.5833333333333327, 1.0460997541435029, 0.6346520228622644)
[3, 2, 8, 4, 3, 8, 7, 3, 9, 9, 8, 10, 10, 1, 7, 7, 2, 9, 1, 6, 9, 5, 9, 7, 7, 10, 8, 3, 7, 1, 10, 8, 7, 8, 8, 9, 3, 8, 8, 10, 8, 7, 8, 8, 10, 8, 5, 10, 5, 9, 4, 5, 2, 4, 1, 1, 1, 2, 5, 4, 5, 2]
(0.9277989375404968, 0.6881959910913156, 0.5833333333333327, 0.5833333333333327, 0.7393667832948316, 0.6346520228622644)
[3, 2, 8, 4, 3, 8, 7, 3, 9, 9, 8, 10, 10, 1, 7, 7, 2, 9, 1, 6, 9, 5, 9, 7, 7, 10, 8, 3, 7, 1, 10, 8, 7, 8, 6, 9, 3, 8, 8, 10, 7, 7, 8, 8, 10, 8, 5, 10, 5, 9, 4, 5, 2, 4, 1, 1, 1, 2, 5, 4, 5, 2]
(0.7061617582105149, 0.6881959910913156, 0.41176470588235303, 0.5833333333333327, 1.0549808771349451, 0.6346520228622644)
[1, 8, 2, 4, 9, 10, 9, 5, 6, 6, 9, 10, 10, 1, 7, 5, 7, 9, 1, 8, 9, 5, 7, 3, 8, 10, 5, 4, 1, 2, 4, 9, 10, 8, 5, 8, 4, 8, 6, 1, 3, 6, 8, 8, 10, 7, 5, 5, 10, 9, 7, 8, 6, 4, 1, 1, 1, 2, 5, 4, 4, 2]
(1.0827737913466946, 0.6881959910913156, 1.0695467040874023, 0.5833333333333327, 1.051322995219376, 0.6346520228622644)
[3, 2, 8, 4, 3, 8, 7, 3, 9, 9, 8, 10, 10, 1, 7, 7, 7, 9, 1, 6, 9, 5, 9, 7, 7, 10, 5, 5, 4, 4, 6, 8, 9, 8, 7, 7, 4, 8, 8, 8, 7, 7, 8, 8, 10, 8, 5, 10, 5, 9, 4, 8, 2, 4, 1, 1, 1, 2, 5, 4, 5, 2]
(0.6881959910913156, 0.6881959910913156, 0.9999999999999956, 0.5833333333333327, 1.063062816206362, 0.6346520228622644)
[7, 6, 2, 4, 3, 8, 7, 3, 9, 9, 8, 10, 1, 1, 7, 7, 7, 9, 1, 6, 9, 5, 7, 9, 7, 8, 6, 9, 9, 6, 6, 5, 6, 10, 7, 3, 10, 4, 8, 8, 8, 7, 8, 9, 5, 9, 8, 3, 10, 4, 7, 5, 10, 10, 2, 6, 5, 2, 2, 6, 8, 2]
(1.0548683873377702, 0.6881959910913156, 0.7822046176530401, 0.5833333333333327, 0.6346520228622644, 0.6346520228622644)
[3, 6, 2, 2, 3, 8, 7, 3, 9, 9, 8, 10, 5, 1, 7, 7, 7, 9, 1, 6, 9, 5, 7, 9, 7, 8, 4, 9, 9, 7, 6, 8, 6, 10, 7, 3, 10, 4, 8, 8, 8, 7, 1, 10, 6, 8, 8, 3, 10, 4, 7, 5, 10, 10, 2, 6, 5, 2, 2, 6, 8, 2]
(0.4494033898226907, 0.34983017952450224, 0.8486653954721948, 0.9999999999999956, 0.6869189529679762, 0.5848394092739833)
[7, 6, 7, 4, 3, 4, 7, 3, 9, 9, 8, 10, 5, 4, 9, 6, 7, 9, 1, 6, 9, 5, 7, 9, 7, 8, 4, 9, 9, 6, 6, 5, 6, 10, 7, 3, 9, 4, 8, 8, 8, 7, 8, 7, 5, 8, 8, 3, 10, 4, 7, 6, 10, 10, 2, 6, 5, 2, 2, 6, 8, 2]
(0.6881959910913156, 0.38330675172780576, 1.0638081909157298, 0.9999999999999956, 0.6346520228622644, 0.6346520228622644)
[3, 7, 5, 1, 5, 9, 10, 1, 6, 2, 7, 1, 8, 1, 7, 7, 4, 8, 1, 6, 2, 5, 3, 7, 10, 10, 5, 2, 4, 4, 6, 8, 9, 8, 7, 7, 4, 8, 8, 8, 7, 6, 8, 6, 2, 3, 10, 10, 10, 9, 7, 5, 2, 4, 1, 1, 1, 2, 5, 4, 4, 2]
(1.0653850638307591, 0.38330675172780576, 1.0795075763948219, 0.9999999999999956, 1.0521603138186002, 0.6346520228622644)
[7, 6, 7, 4, 3, 4, 7, 3, 9, 9, 8, 10, 5, 4, 9, 6, 7, 9, 1, 6, 9, 5, 7, 9, 7, 8, 4, 9, 9, 6, 6, 5, 6, 10, 7, 3, 9, 4, 8, 8, 8, 7, 8, 7, 5, 8, 8, 3, 10, 4, 7, 6, 10, 10, 2, 6, 5, 2, 2, 6, 8, 2]
(0.6881959910913156, 0.38330675172780576, 1.0638081909157298, 0.9999999999999956, 0.6346520228622644, 0.6346520228622644)
[7, 6, 7, 4, 3, 4, 7, 3, 9, 9, 8, 10, 5, 4, 9, 6, 7, 9, 1, 6, 9, 5, 7, 9, 7, 8, 4, 9, 9, 6, 6, 5, 6, 10, 7, 3, 9, 4, 8, 8, 8, 7, 8, 7, 5, 8, 8, 3, 10, 4, 7, 6, 10, 10, 2, 6, 5, 2, 2, 6, 8, 2]
(0.6881959910913156, 0.38330675172780576, 1.0638081909157298, 0.9999999999999956, 0.6346520228622644, 0.6346520228622644)
[7, 6, 7, 4, 3, 4, 7, 3, 9, 9, 8, 10, 5, 4, 9, 6, 7, 9, 1, 6, 9, 5, 7, 9, 7, 8, 4, 9, 9, 6, 6, 8, 3, 10, 7, 3, 9, 4, 8, 8, 7, 7, 10, 7, 5, 8, 8, 3, 10, 4, 7, 6, 10, 10, 2, 6, 5, 2, 2, 6, 8, 2]
(0.6881959910913156, 0.4877017081715157, 1.0516498838551307, 0.9999999999999956, 0.8722988639958181, 0.6346520228622644)
[7, 6, 2, 4, 3, 8, 7, 3, 9, 9, 8, 10, 1, 1, 8, 7, 7, 9, 1, 6, 9, 5, 7, 7, 7, 8, 6, 9, 9, 6, 6, 5, 6, 10, 7, 3, 10, 4, 8, 8, 8, 7, 8, 7, 5, 8, 8, 3, 10, 4, 7, 6, 10, 10, 2, 6, 5, 2, 2, 6, 8, 2]
(1.0570253578014632, 0.38330675172780576, 1.0538308334536812, 0.8657795290462664, 1.0313672675751118, 0.8816752296434672)
[7, 6, 2, 4, 3, 9, 7, 3, 9, 9, 8, 7, 5, 1, 7, 7, 7, 9, 1, 6, 9, 5, 7, 9, 7, 3, 4, 9, 9, 7, 6, 8, 6, 10, 7, 3, 10, 4, 8, 8, 8, 6, 8, 10, 3, 8, 8, 3, 10, 4, 7, 5, 10, 10, 2, 6, 5, 2, 2, 6, 8, 2]
(0.9627716415561693, 0.5872929676893832, 1.0607781120575925, 0.9999999999999956, 0.5908633985556686, 0.5848394092739833)
[1, 2, 10, 2, 5, 9, 7, 3, 9, 9, 2, 8, 9, 4, 9, 6, 5, 9, 1, 7, 6, 5, 7, 9, 7, 1, 4, 9, 4, 5, 6, 5, 6, 10, 7, 3, 10, 4, 8, 8, 8, 7, 8, 9, 10, 8, 5, 7, 5, 9, 4, 5, 2, 4, 1, 1, 1, 2, 5, 4, 5, 2]
(1.0838810156099454, 0.6881959910913156, 1.083533890638496, 0.9999999999999956, 1.0458512463606855, 0.495754180162829)
[1, 2, 10, 2, 5, 9, 7, 3, 9, 9, 2, 8, 9, 4, 9, 6, 5, 9, 1, 7, 6, 5, 7, 9, 7, 1, 4, 9, 4, 5, 6, 5, 6, 10, 7, 3, 10, 4, 8, 8, 8, 7, 8, 9, 10, 8, 5, 7, 5, 9, 4, 5, 2, 4, 1, 1, 1, 2, 5, 4, 5, 2]
(1.0838810156099454, 0.6881959910913156, 1.083533890638496, 0.9999999999999956, 1.0458512463606855, 0.495754180162829)
[1, 2, 10, 2, 5, 9, 7, 3, 9, 9, 2, 8, 9, 4, 9, 6, 5, 9, 1, 7, 6, 5, 7, 9, 7, 10, 5, 5, 4, 5, 6, 5, 6, 10, 7, 3, 10, 4, 8, 8, 8, 7, 8, 9, 10, 8, 5, 7, 5, 9, 4, 5, 2, 4, 1, 1, 1, 2, 5, 4, 5, 2]
(1.080543750617649, 0.6881959910913156, 1.0729767619632142, 0.9999999999999956, 1.060508912522342, 0.5848394092739833)
[7, 6, 7, 4, 3, 4, 7, 3, 9, 9, 8, 10, 5, 4, 9, 6, 7, 9, 1, 6, 9, 5, 7, 9, 7, 8, 4, 9, 9, 6, 6, 5, 2, 10, 7, 3, 9, 4, 8, 8, 8, 7, 8, 7, 5, 8, 8, 3, 10, 4, 7, 6, 10, 10, 2, 6, 5, 2, 2, 6, 8, 2]
(0.6881959910913156, 0.6881959910913156, 0.9999999999999956, 0.9999999999999956, 0.6346520228622644, 0.6346520228622644)
[3, 8, 8, 4, 3, 8, 10, 3, 9, 9, 8, 10, 5, 4, 1, 6, 7, 9, 1, 8, 9, 5, 7, 9, 7, 8, 4, 9, 7, 7, 6, 8, 3, 10, 7, 3, 10, 4, 8, 8, 8, 7, 8, 10, 5, 9, 2, 7, 3, 9, 6, 3, 2, 4, 1, 1, 1, 2, 5, 4, 5, 2]
(1.0575376051478047, 0.6881959910913156, 0.7544090758077849, 0.9999999999999956, 1.060723540838804, 0.6346520228622644)
[7, 6, 7, 4, 3, 4, 7, 3, 9, 9, 8, 10, 5, 4, 9, 6, 7, 9, 1, 6, 9, 5, 7, 9, 7, 8, 4, 9, 9, 6, 6, 5, 6, 10, 7, 3, 9, 4, 8, 8, 8, 7, 8, 7, 10, 8, 8, 3, 10, 4, 7, 6, 10, 10, 2, 6, 5, 2, 2, 6, 8, 2]
(0.38330675172780576, 0.6881959910913156, 0.9999999999999956, 0.9999999999999956, 0.6346520228622644, 0.6346520228622644)
[7, 6, 2, 4, 3, 8, 7, 3, 9, 9, 8, 10, 1, 1, 7, 1, 7, 9, 1, 6, 9, 5, 7, 9, 7, 8, 10, 9, 9, 6, 6, 5, 2, 10, 9, 3, 9, 4, 8, 8, 8, 7, 8, 7, 5, 8, 8, 3, 10, 4, 7, 5, 10, 10, 2, 6, 5, 2, 2, 6, 8, 2]
(0.42516675824299094, 0.5872929676893832, 1.0519922467879912, 0.9999999999999956, 1.0170685405842932, 0.8816752296434672)
[7, 6, 2, 4, 3, 8, 7, 3, 9, 9, 8, 10, 1, 1, 7, 1, 7, 9, 1, 6, 9, 5, 7, 9, 7, 7, 6, 9, 9, 6, 6, 5, 6, 10, 7, 3, 10, 4, 8, 8, 8, 7, 8, 9, 5, 9, 8, 3, 10, 4, 7, 5, 10, 10, 2, 6, 5, 2, 2, 6, 8, 2]
(0.6881959910913156, 0.6881959910913156, 1.0531193193979522, 0.9999999999999956, 0.6346520228622644, 0.8816752296434672)
[7, 6, 2, 4, 3, 8, 7, 3, 9, 9, 8, 10, 1, 1, 7, 1, 7, 9, 1, 6, 9, 5, 7, 9, 7, 7, 6, 9, 9, 6, 6, 5, 6, 10, 7, 3, 10, 4, 8, 8, 8, 7, 8, 9, 5, 9, 8, 3, 10, 4, 7, 5, 10, 10, 2, 6, 5, 2, 2, 6, 8, 2]
(0.6881959910913156, 0.6881959910913156, 1.0531193193979522, 0.9999999999999956, 0.6346520228622644, 0.8816752296434672)
[7, 6, 2, 4, 3, 8, 7, 3, 9, 9, 8, 10, 1, 1, 8, 7, 7, 9, 1, 6, 9, 5, 7, 9, 7, 8, 6, 9, 9, 6, 6, 5, 6, 10, 7, 3, 10, 4, 8, 8, 8, 7, 8, 9, 5, 9, 8, 3, 10, 4, 7, 5, 10, 10, 2, 6, 5, 2, 2, 6, 8, 2]
(1.0548683873377702, 0.6881959910913156, 1.0634301611222288, 0.9999999999999956, 0.6346520228622644, 0.8816752296434672)
