[1, 10, 5, 3, 4, 10, 5, 6, 1, 5, 8, 6, 6, 10, 8, 2, 4, 6, 7, 9, 8, 1, 10, 10, 8, 10, 10, 8, 10, 7, 3, 2, 5, 2, 9, 6, 10, 3, 1, 8, 10, 7, 7, 7, 3, 5, 9, 10, 4, 9, 9, 4, 1, 10, 4, 5, 10, 8, 5, 1, 6, 1]
(0.9131333724595603, 0.9887069452286836, 0.7813429727219086, 0.2537313432835819, 0.8490007846616202, 0.0)
[6, 4, 10, 7, 3, 8, 7, 3, 6, 1, 6, 8, 3, 6, 2, 2, 5, 8, 8, 2, 5, 6, 2, 2, 4, 8, 1, 9, 6, 6, 8, 10, 3, 8, 1, 1, 8, 4, 5, 10, 6, 10, 6, 7, 1, 4, 8, 7, 1, 8, 8, 6, 7, 9, 3, 4, 1, 5, 6, 5, 10, 1]
(0.9872972928918877, 0.2974013474494709, 0.988516685646025, 1.0, 0.9871820316649952, 0.24461519307045165)
[6, 4, 10, 7, 3, 8, 7, 3, 6, 1, 6, 8, 3, 6, 2, 2, 5, 8, 8, 2, 5, 6, 2, 2, 4, 8, 1, 9, 6, 6, 8, 10, 3, 8, 1, 1, 8, 4, 5, 10, 6, 10, 6, 7, 1, 4, 8, 7, 1, 8, 8, 6, 7, 9, 3, 4, 1, 5, 6, 5, 10, 1]
(0.9872972928918877, 0.2974013474494709, 0.988516685646025, 1.0, 0.9871820316649952, 0.24461519307045165)
[6, 4, 10, 7, 3, 8, 7, 3, 6, 1, 6, 8, 3, 6, 2, 2, 5, 8, 8, 2, 5, 6, 2, 2, 4, 8, 1, 9, 6, 6, 8, 10, 3, 8, 1, 1, 8, 4, 5, 10, 6, 10, 6, 7, 1, 4, 8, 7, 1, 8, 8, 6, 7, 9, 3, 4, 1, 5, 6, 5, 10, 1]
(0.9872972928918877, 0.2974013474494709, 0.988516685646025, 1.0, 0.9871820316649952, 0.24461519307045165)
[6, 4, 10, 7, 3, 8, 7, 3, 6, 1, 6, 8, 3, 6, 2, 2, 5, 8, 8, 2, 5, 6, 2, 2, 4, 8, 1, 9, 6, 6, 8, 10, 3, 8, 1, 1, 10, 3, 5, 10, 6, 10, 6, 7, 1, 4, 8, 7, 1, 8, 8, 6, 7, 9, 3, 4, 1, 5, 6, 5, 10, 1]
(0.9871847125701585, 0.2974013474494709, 0.9876862597651759, 1.0, 0.9863703842274821, 0.24461519307045165)
[6, 4, 10, 7, 3, 8, 7, 3, 6, 1, 6, 8, 3, 6, 2, 2, 5, 8, 8, 2, 5, 6, 2, 2, 4, 8, 1, 9, 6, 6, 8, 10, 3, 8, 1, 1, 10, 3, 5, 10, 6, 10, 6, 7, 1, 4, 8, 7, 1, 8, 8, 6, 7, 9, 3, 4, 1, 5, 6, 5, 10, 1]
(0.9871847125701585, 0.2974013474494709, 0.9876862597651759, 1.0, 0.9863703842274821, 0.24461519307045165)
[1, 10, 10, 2, 5, 10, 6, 9, 1, 5, 6, 8, 9, 10, 8, 2, 4, 5, 7, 10, 8, 1, 10, 10, 5, 10, 9, 8, 10, 7, 3, 2, 5, 2, 2, 6, 10, 3, 8, 8, 9, 4, 7, 7, 5, 5, 9, 10, 1, 4, 9, 4, 9, 6, 4, 5, 10, 1, 6, 1, 6, 1]
(0.8993082384578883, 0.9887069452286836, 0.909531988110393, 0.6296296296296287, 0.9121630796231325, 0.0)
[5, 10, 4, 8, 5, 5, 8, 5, 7, 7, 8, 1, 8, 1, 10, 10, 2, 4, 9, 10, 8, 2, 9, 10, 5, 10, 9, 8, 10, 7, 3, 7, 5, 4, 2, 8, 10, 5, 8, 1, 7, 1, 2, 7, 6, 5, 8, 10, 2, 3, 6, 3, 7, 3, 2, 2, 1, 5, 3, 5, 10, 7]
(1.0083716454915674, 0.5064108743854241, 0.4594594594594603, 0.4594594594594603, 0.9835416118614354, 0.7287129762093962)
[5, 10, 4, 8, 5, 5, 8, 5, 7, 7, 8, 1, 8, 1, 10, 10, 2, 4, 9, 10, 8, 2, 9, 10, 5, 10, 9, 8, 10, 7, 3, 7, 5, 4, 2, 8, 10, 5, 8, 1, 7, 1, 2, 7, 6, 5, 8, 10, 2, 3, 6, 3, 7, 3, 2, 2, 1, 5, 3, 5, 10, 7]
(1.0083716454915674, 0.5064108743854241, 0.4594594594594603, 0.4594594594594603, 0.9835416118614354, 0.7287129762093962)
[5, 10, 4, 8, 5, 5, 8, 5, 7, 7, 8, 1, 8, 1, 10, 10, 2, 4, 9, 10, 8, 2, 9, 10, 5, 10, 9, 8, 10, 7, 3, 7, 5, 4, 2, 8, 10, 5, 8, 1, 7, 1, 2, 7, 6, 5, 8, 10, 2, 3, 6, 3, 7, 3, 2, 2, 1, 5, 3, 5, 10, 7]
(1.0083716454915674, 0.5064108743854241, 0.4594594594594603, 0.4594594594594603, 0.9835416118614354, 0.7287129762093962)
[5, 10, 4, 8, 5, 5, 8, 5, 7, 7, 8, 1, 8, 1, 10, 10, 2, 4, 9, 10, 8, 2, 9, 10, 5, 10, 9, 8, 10, 7, 3, 7, 5, 4, 2, 8, 10, 5, 8, 1, 7, 1, 2, 7, 6, 5, 8, 10, 2, 3, 6, 3, 7, 3, 2, 2, 1, 5, 3, 5, 10, 7]
(1.0083716454915674, 0.5064108743854241, 0.4594594594594603, 0.4594594594594603, 0.9835416118614354, 0.7287129762093962)
[5, 10, 4, 8, 5, 5, 8, 5, 7, 7, 8, 1, 8, 1, 10, 10, 2, 4, 9, 10, 8, 2, 9, 10, 5, 10, 9, 8, 10, 7, 3, 7, 5, 4, 2, 8, 10, 5, 8, 1, 7, 1, 2, 7, 6, 5, 8, 10, 2, 3, 6, 3, 7, 3, 2, 2, 1, 5, 3, 5, 10, 7]
(1.0083716454915674, 0.5064108743854241, 0.4594594594594603, 0.4594594594594603, 0.9835416118614354, 0.7287129762093962)
[5, 10, 4, 8, 5, 5, 8, 5, 7, 7, 8, 1, 8, 1, 10, 10, 2, 4, 9, 10, 8, 2, 9, 10, 5, 10, 9, 8, 10, 7, 3, 7, 5, 4, 2, 8, 10, 5, 8, 1, 7, 1, 2, 7, 6, 5, 8, 10, 2, 3, 6, 3, 7, 3, 2, 2, 1, 5, 3, 5, 10, 7]
(1.0083716454915674, 0.5064108743854241, 0.4594594594594603, 0.4594594594594603, 0.9835416118614354, 0.7287129762093962)
[6, 4, 10, 7, 6, 8, 10, 3, 2, 9, 3, 7, 8, 3, 5, 5, 4, 2, 2, 2, 7, 1, 10, 3, 5, 10, 5, 6, 5, 9, 3, 3, 6, 8, 1, 3, 8, 4, 5, 10, 6, 6, 6, 7, 3, 4, 8, 7, 2, 8, 8, 6, 7, 9, 3, 4, 1, 5, 6, 5, 10, 1]
(0.9854868792928734, 0.2974013474494709, 0.9854514678008831, 1.0, 0.9822022589854874, 0.40601659138546903)
[6, 4, 10, 7, 6, 8, 10, 3, 2, 9, 3, 7, 8, 3, 5, 5, 4, 2, 2, 2, 7, 1, 10, 3, 5, 10, 5, 6, 5, 9, 3, 3, 6, 8, 1, 3, 8, 4, 5, 10, 6, 6, 6, 7, 3, 4, 8, 7, 2, 8, 8, 6, 7, 9, 3, 4, 1, 5, 6, 5, 10, 1]
(0.9854868792928734, 0.2974013474494709, 0.9854514678008831, 1.0, 0.9822022589854874, 0.40601659138546903)
[6, 4, 10, 7, 6, 8, 10, 3, 2, 9, 3, 7, 8, 3, 5, 5, 4, 2, 2, 2, 7, 1, 10, 3, 5, 10, 5, 6, 5, 9, 3, 3, 6, 8, 1, 3, 8, 4, 5, 10, 6, 6, 6, 7, 3, 4, 8, 7, 2, 8, 8, 6, 7, 9, 3, 4, 1, 5, 6, 5, 10, 1]
(0.9854868792928734, 0.2974013474494709, 0.9854514678008831, 1.0, 0.9822022589854874, 0.40601659138546903)
[6, 4, 10, 7, 6, 8, 10, 3, 2, 9, 3, 7, 8, 3, 5, 5, 4, 2, 2, 2, 7, 1, 10, 3, 5, 10, 5, 6, 5, 9, 3, 3, 6, 8, 1, 3, 8, 4, 5, 10, 6, 6, 6, 7, 3, 4, 8, 7, 2, 8, 8, 6, 7, 9, 3, 4, 1, 5, 6, 5, 10, 1]
(0.9854868792928734, 0.2974013474494709, 0.9854514678008831, 1.0, 0.9822022589854874, 0.40601659138546903)
[6, 4, 10, 7, 6, 8, 10, 3, 2, 9, 3, 7, 8, 3, 5, 5, 4, 2, 2, 2, 7, 1, 10, 3, 5, 10, 5, 6, 5, 9, 3, 3, 6, 8, 1, 3, 8, 4, 5, 10, 6, 6, 6, 7, 3, 4, 8, 7, 2, 8, 8, 6, 7, 9, 3, 4, 1, 5, 6, 5, 10, 1]
(0.9854868792928734, 0.2974013474494709, 0.9854514678008831, 1.0, 0.9822022589854874, 0.40601659138546903)
[6, 4, 10, 7, 6, 8, 10, 3, 2, 9, 3, 7, 8, 3, 5, 5, 4, 2, 2, 2, 7, 1, 10, 3, 5, 10, 5, 6, 5, 9, 3, 3, 6, 8, 1, 3, 8, 4, 5, 10, 6, 6, 6, 7, 3, 4, 8, 7, 2, 8, 8, 6, 7, 9, 3, 4, 1, 5, 6, 5, 10, 1]
(0.9854868792928734, 0.2974013474494709, 0.9854514678008831, 1.0, 0.9822022589854874, 0.40601659138546903)
[1, 10, 5, 3, 4, 10, 5, 6, 1, 5, 8, 6, 6, 10, 8, 2, 4, 6, 7, 9, 8, 1, 10, 10, 8, 10, 10, 8, 10, 7, 3, 2, 5, 2, 9, 6, 10, 3, 1, 8, 10, 7, 7, 7, 3, 5, 9, 10, 4, 9, 9, 4, 1, 10, 4, 5, 10, 8, 5, 1, 6, 1]
(0.9131333724595603, 0.9887069452286836, 0.7813429727219086, 0.0, 0.8490007846616202, 0.7287129762093962)
[5, 10, 3, 5, 5, 5, 5, 5, 5, 7, 8, 1, 8, 1, 10, 10, 4, 4, 7, 10, 7, 1, 10, 10, 3, 7, 9, 6, 8, 7, 3, 3, 5, 4, 2, 8, 10, 5, 8, 1, 6, 6, 4, 7, 8, 5, 9, 10, 4, 7, 9, 3, 7, 8, 2, 2, 1, 5, 3, 5, 10, 7]
(1.0041218199767146, 0.5064108743854241, 0.6296296296296287, 0.9813298690132777, 0.9850237245671429, 0.24461519307045165)
[5, 10, 3, 5, 5, 5, 5, 5, 5, 7, 8, 1, 8, 1, 10, 10, 4, 4, 7, 10, 7, 1, 10, 10, 3, 7, 9, 6, 8, 7, 3, 3, 5, 4, 2, 8, 10, 5, 8, 1, 6, 6, 4, 7, 8, 5, 9, 10, 4, 7, 9, 3, 7, 8, 2, 2, 1, 5, 3, 5, 10, 7]
(1.0041218199767146, 0.5064108743854241, 0.6296296296296287, 0.9813298690132777, 0.9850237245671429, 0.24461519307045165)
[5, 10, 3, 5, 5, 5, 5, 5, 5, 7, 8, 1, 8, 1, 10, 10, 4, 4, 7, 10, 7, 1, 10, 10, 3, 7, 9, 6, 8, 7, 3, 3, 5, 4, 2, 8, 10, 5, 8, 1, 6, 6, 4, 7, 8, 5, 9, 10, 4, 7, 9, 3, 7, 8, 2, 2, 1, 5, 3, 5, 10, 7]
(1.0041218199767146, 0.5064108743854241, 0.6296296296296287, 0.9813298690132777, 0.9850237245671429, 0.24461519307045165)
[5, 10, 3, 5, 5, 5, 5, 5, 5, 7, 8, 1, 8, 1, 10, 10, 4, 4, 7, 10, 7, 1, 10, 10, 3, 7, 9, 6, 8, 7, 3, 3, 5, 4, 2, 8, 10, 5, 8, 1, 6, 6, 4, 7, 8, 5, 9, 10, 4, 7, 9, 3, 7, 8, 2, 2, 1, 5, 3, 5, 10, 7]
(1.0041218199767146, 0.5064108743854241, 0.6296296296296287, 0.9813298690132777, 0.9850237245671429, 0.24461519307045165)
[2, 1, 1, 4, 5, 7, 4, 10, 7, 4, 4, 8, 1, 10, 9, 6, 1, 4, 7, 2, 10, 4, 4, 6, 7, 5, 4, 9, 9, 4, 1, 2, 5, 2, 9, 6, 10, 3, 8, 7, 10, 10, 8, 7, 5, 4, 8, 3, 3, 7, 10, 6, 10, 9, 4, 8, 3, 3, 3, 3, 9, 1]
(0.9117665844969448, 0.9061952357180415, 0.8366844817064718, 0.6559367031790355, 0.26849266930870896, 0.26849266930870896)
[2, 1, 1, 4, 5, 7, 4, 2, 7, 4, 4, 8, 1, 10, 9, 10, 1, 4, 7, 2, 10, 4, 4, 6, 7, 5, 4, 9, 5, 4, 1, 2, 5, 2, 9, 6, 10, 3, 4, 7, 10, 10, 8, 7, 5, 4, 8, 3, 3, 4, 10, 6, 10, 9, 4, 8, 3, 3, 3, 3, 9, 1]
(0.9120490265078838, 0.9887069452286836, 0.7625774323008984, 0.6296296296296287, 0.26849266930870896, 0.26849266930870896)
[2, 1, 1, 4, 5, 7, 4, 2, 7, 4, 4, 8, 1, 10, 9, 10, 1, 4, 7, 2, 10, 4, 4, 6, 7, 5, 4, 9, 5, 4, 1, 2, 5, 2, 9, 6, 10, 3, 4, 7, 10, 10, 8, 7, 5, 4, 8, 3, 3, 4, 10, 6, 10, 9, 4, 8, 3, 3, 3, 3, 9, 1]
(0.9120490265078838, 0.9887069452286836, 0.7625774323008984, 0.6296296296296287, 0.26849266930870896, 0.26849266930870896)
[2, 1, 1, 4, 5, 7, 4, 2, 7, 4, 4, 8, 1, 10, 9, 10, 1, 4, 7, 2, 10, 4, 4, 6, 7, 5, 4, 9, 5, 4, 1, 2, 5, 2, 9, 6, 10, 3, 4, 7, 10, 10, 8, 7, 5, 4, 8, 3, 3, 4, 10, 6, 10, 9, 4, 8, 3, 3, 3, 3, 9, 1]
(0.9120490265078838, 0.9887069452286836, 0.7625774323008984, 0.6296296296296287, 0.26849266930870896, 0.26849266930870896)
[2, 1, 1, 4, 5, 7, 4, 2, 7, 4, 4, 8, 1, 10, 9, 5, 1, 4, 7, 2, 10, 4, 4, 6, 7, 5, 4, 9, 6, 4, 1, 2, 5, 1, 9, 8, 6, 3, 8, 7, 10, 10, 5, 7, 5, 4, 8, 3, 3, 7, 10, 6, 10, 9, 4, 8, 3, 3, 3, 3, 9, 1]
(0.912027765344828, 0.9887069452286836, 0.5924474685452914, 0.6296296296296287, 0.2975358587716073, 0.26849266930870896)
[2, 1, 1, 4, 5, 7, 4, 2, 7, 4, 4, 8, 1, 10, 9, 10, 1, 4, 7, 2, 10, 4, 4, 6, 7, 5, 4, 9, 5, 4, 1, 2, 5, 2, 9, 6, 10, 3, 4, 7, 10, 10, 8, 7, 5, 4, 8, 3, 3, 4, 10, 6, 10, 9, 4, 8, 3, 3, 3, 3, 9, 1]
(0.9120490265078838, 0.9887069452286836, 0.7625774323008984, 0.6296296296296287, 0.26849266930870896, 0.26849266930870896)
[2, 1, 1, 4, 5, 7, 4, 10, 7, 4, 4, 8, 1, 10, 9, 6, 1, 4, 7, 2, 10, 4, 4, 6, 7, 5, 4, 9, 9, 4, 1, 2, 5, 2, 9, 6, 10, 3, 8, 7, 10, 10, 8, 7, 5, 4, 8, 3, 3, 7, 10, 6, 10, 9, 4, 8, 3, 3, 3, 3, 9, 1]
(0.9117665844969448, 0.9887069452286836, 0.8366844817064718, 0.6559367031790355, 0.26849266930870896, 0.26849266930870896)
[2, 1, 1, 4, 5, 7, 4, 10, 7, 4, 4, 8, 1, 10, 9, 6, 1, 4, 7, 2, 10, 4, 4, 6, 7, 5, 4, 9, 9, 4, 1, 2, 5, 2, 9, 6, 10, 3, 8, 7, 10, 10, 8, 7, 5, 4, 8, 3, 3, 7, 10, 6, 10, 9, 4, 8, 3, 3, 3, 3, 9, 1]
(0.9117665844969448, 0.9887069452286836, 0.8366844817064718, 0.6559367031790355, 0.26849266930870896, 0.26849266930870896)
[2, 1, 1, 4, 5, 7, 4, 10, 7, 4, 4, 8, 1, 10, 9, 6, 1, 4, 7, 2, 10, 4, 4, 6, 7, 5, 4, 9, 9, 4, 1, 2, 5, 2, 9, 6, 10, 3, 8, 7, 10, 10, 8, 7, 5, 4, 8, 3, 3, 7, 10, 6, 10, 9, 4, 8, 3, 3, 3, 3, 9, 1]
(0.9117665844969448, 0.9887069452286836, 0.8366844817064718, 0.6559367031790355, 0.26849266930870896, 0.26849266930870896)
[2, 1, 1, 4, 5, 7, 4, 10, 7, 4, 4, 8, 1, 10, 9, 6, 1, 4, 7, 2, 10, 4, 4, 6, 7, 5, 4, 9, 9, 4, 1, 2, 5, 2, 9, 6, 10, 3, 8, 7, 10, 10, 8, 7, 5, 4, 8, 3, 3, 7, 10, 6, 10, 9, 4, 8, 3, 3, 3, 3, 9, 1]
(0.9117665844969448, 0.9887069452286836, 0.8366844817064718, 0.6559367031790355, 0.26849266930870896, 0.26849266930870896)
[6, 8, 10, 7, 5, 5, 8, 1, 7, 7, 7, 1, 8, 1, 10, 4, 4, 4, 7, 10, 6, 1, 10, 10, 5, 10, 9, 6, 8, 7, 3, 4, 5, 4, 2, 8, 10, 5, 8, 1, 6, 6, 2, 7, 6, 5, 8, 10, 4, 4, 9, 4, 7, 8, 2, 2, 1, 5, 3, 5, 10, 7]
(1.0008565670810614, 0.5064108743854241, 0.9822299302555599, 0.4594594594594603, 0.9868973855860508, 0.9871768695302287)
[6, 8, 10, 7, 5, 5, 8, 1, 7, 7, 7, 1, 8, 1, 10, 4, 4, 4, 7, 10, 6, 1, 10, 10, 5, 10, 9, 6, 8, 7, 3, 4, 5, 4, 2, 8, 10, 5, 8, 1, 6, 6, 2, 7, 6, 5, 8, 10, 4, 4, 9, 4, 7, 8, 2, 2, 1, 5, 3, 5, 10, 7]
(1.0008565670810614, 0.5064108743854241, 0.9822299302555599, 0.4594594594594603, 0.9868973855860508, 0.9871768695302287)
[6, 8, 10, 7, 5, 5, 8, 1, 7, 7, 7, 1, 8, 1, 10, 4, 4, 4, 7, 10, 6, 1, 10, 10, 5, 10, 9, 6, 8, 7, 3, 4, 5, 4, 2, 8, 10, 5, 8, 1, 6, 6, 2, 7, 6, 5, 8, 10, 4, 4, 9, 4, 7, 8, 2, 2, 1, 5, 3, 5, 10, 7]
(1.0008565670810614, 0.5064108743854241, 0.9822299302555599, 0.4594594594594603, 0.9868973855860508, 0.9871768695302287)
[6, 8, 4, 5, 5, 5, 8, 1, 7, 7, 8, 1, 8, 6, 10, 4, 4, 4, 7, 10, 6, 1, 10, 10, 5, 10, 9, 6, 8, 7, 3, 4, 5, 4, 2, 8, 10, 1, 8, 1, 6, 6, 2, 3, 6, 5, 8, 10, 4, 4, 9, 4, 10, 8, 2, 2, 1, 5, 3, 5, 10, 7]
(0.9825125322677173, 0.5064108743854241, 0.9832486157305517, 0.4594594594594603, 0.9876262844540157, 0.9874004366807616)
[6, 8, 4, 5, 5, 5, 8, 1, 7, 7, 8, 1, 8, 6, 10, 4, 4, 4, 7, 10, 6, 1, 10, 10, 5, 10, 9, 6, 8, 7, 3, 4, 5, 4, 2, 8, 10, 1, 8, 1, 6, 6, 2, 3, 6, 5, 8, 10, 4, 4, 9, 4, 10, 8, 2, 2, 1, 5, 3, 5, 10, 7]
(0.9825125322677173, 0.5064108743854241, 0.9832486157305517, 0.4594594594594603, 0.9876262844540157, 0.9874004366807616)
[1, 10, 5, 3, 4, 10, 5, 6, 1, 5, 8, 6, 6, 10, 8, 2, 4, 6, 7, 9, 8, 1, 10, 10, 8, 10, 10, 8, 10, 7, 3, 2, 5, 2, 9, 6, 10, 3, 1, 8, 10, 7, 7, 7, 3, 5, 9, 10, 4, 9, 9, 4, 1, 10, 4, 5, 10, 8, 5, 1, 6, 1]
(0.9131333724595603, 0.9887069452286836, 0.7813429727219086, 0.2537313432835819, 0.8490007846616202, 0.7287129762093962)
[1, 1, 8, 3, 5, 10, 6, 6, 1, 5, 8, 6, 9, 10, 8, 2, 4, 6, 7, 9, 1, 1, 10, 10, 8, 10, 10, 8, 10, 7, 3, 2, 5, 2, 9, 3, 10, 3, 1, 8, 10, 7, 7, 7, 8, 5, 9, 10, 4, 7, 9, 4, 2, 10, 4, 5, 10, 8, 5, 1, 6, 1]
(0.8599626214243468, 0.9887069452286836, 0.8411814075894649, 0.2537313432835819, 0.9167776218615467, 0.7287129762093962)
[1, 1, 8, 3, 5, 10, 4, 6, 1, 5, 8, 6, 9, 10, 1, 2, 4, 6, 7, 9, 1, 1, 4, 10, 8, 10, 10, 8, 10, 7, 3, 2, 3, 2, 9, 6, 10, 3, 1, 8, 10, 7, 7, 10, 6, 5, 9, 10, 4, 9, 9, 4, 1, 10, 4, 5, 10, 8, 5, 1, 6, 1]
(0.9141035201959308, 0.9887069452286836, 0.7212035850621801, 0.2537313432835819, 0.8810055260546499, 0.7287129762093962)
[1, 1, 8, 3, 5, 10, 4, 6, 1, 5, 8, 6, 9, 10, 1, 2, 4, 6, 7, 9, 1, 1, 4, 10, 8, 10, 10, 8, 10, 7, 3, 2, 3, 2, 9, 6, 10, 3, 1, 8, 10, 7, 7, 10, 6, 5, 9, 10, 4, 9, 9, 4, 1, 10, 4, 5, 10, 8, 5, 1, 6, 1]
(0.9141035201959308, 0.9887069452286836, 0.7212035850621801, 0.2537313432835819, 0.8810055260546499, 0.7287129762093962)
[1, 1, 8, 3, 5, 10, 4, 6, 1, 5, 8, 6, 9, 10, 1, 2, 4, 6, 7, 9, 1, 1, 4, 10, 8, 10, 10, 8, 10, 7, 3, 2, 3, 2, 9, 6, 10, 3, 1, 8, 10, 7, 7, 10, 6, 5, 9, 10, 4, 9, 9, 4, 1, 10, 4, 5, 10, 8, 5, 1, 6, 1]
(0.9141035201959308, 0.9887069452286836, 0.7212035850621801, 0.2537313432835819, 0.8810055260546499, 0.7287129762093962)
[1, 1, 8, 3, 5, 10, 4, 6, 1, 5, 8, 6, 9, 10, 1, 2, 4, 6, 7, 9, 1, 1, 4, 10, 8, 10, 10, 8, 10, 7, 3, 2, 3, 2, 9, 6, 10, 3, 1, 8, 10, 7, 7, 10, 6, 5, 9, 10, 4, 9, 9, 4, 1, 10, 4, 5, 10, 8, 5, 1, 6, 1]
(0.9141035201959308, 0.9887069452286836, 0.7212035850621801, 0.2537313432835819, 0.8810055260546499, 0.7287129762093962)
[1, 10, 5, 3, 4, 10, 5, 6, 1, 5, 8, 6, 6, 10, 8, 2, 4, 6, 7, 9, 8, 1, 10, 10, 8, 10, 10, 8, 10, 7, 3, 2, 5, 2, 9, 6, 10, 3, 1, 8, 10, 7, 7, 7, 3, 5, 9, 10, 4, 9, 9, 4, 1, 10, 4, 5, 10, 8, 5, 1, 6, 1]
(0.9131333724595603, 0.9887069452286836, 0.7813429727219086, 0.2537313432835819, 0.8490007846616202, 0.7287129762093962)
[1, 10, 5, 3, 4, 10, 5, 6, 1, 5, 8, 6, 6, 10, 8, 2, 4, 6, 7, 9, 8, 1, 10, 10, 8, 10, 10, 8, 10, 7, 3, 2, 5, 2, 9, 6, 10, 3, 1, 8, 10, 7, 7, 7, 3, 5, 9, 10, 4, 9, 9, 4, 1, 10, 4, 5, 10, 8, 5, 1, 6, 1]
(0.9131333724595603, 0.9887069452286836, 0.7813429727219086, 0.2537313432835819, 0.8490007846616202, 0.7287129762093962)
[6, 4, 10, 1, 1, 8, 7, 3, 6, 1, 6, 8, 3, 6, 2, 2, 5, 8, 8, 4, 5, 6, 2, 2, 4, 8, 1, 9, 8, 6, 8, 10, 2, 4, 1, 1, 8, 4, 5, 10, 6, 10, 6, 7, 1, 4, 8, 7, 1, 8, 8, 6, 7, 9, 3, 4, 1, 5, 6, 5, 10, 1]
(0.9879135997034588, 0.2974013474494709, 0.8910509378649271, 0.9927377893589413, 0.9867820945568359, 0.7287129762093962)
[6, 4, 10, 1, 1, 8, 7, 3, 6, 1, 6, 8, 3, 6, 2, 2, 5, 8, 8, 4, 5, 6, 2, 2, 4, 8, 1, 9, 8, 6, 8, 10, 2, 4, 1, 1, 8, 4, 5, 10, 6, 10, 6, 7, 1, 4, 8, 7, 1, 8, 8, 6, 7, 9, 3, 4, 1, 5, 6, 5, 10, 1]
(0.9879135997034588, 0.2974013474494709, 0.8910509378649271, 1.0, 0.9867820945568359, 0.7287129762093962)
[6, 4, 10, 1, 1, 8, 7, 3, 6, 1, 6, 8, 3, 6, 2, 2, 5, 8, 8, 4, 5, 6, 2, 2, 4, 8, 1, 9, 8, 6, 8, 10, 2, 4, 1, 1, 8, 4, 5, 10, 6, 10, 6, 7, 1, 4, 8, 7, 1, 8, 8, 6, 7, 9, 3, 4, 1, 5, 6, 5, 10, 1]
(0.9879135997034588, 0.2974013474494709, 0.8910509378649271, 1.0, 0.9867820945568359, 0.7287129762093962)
[6, 4, 10, 1, 1, 8, 7, 3, 6, 1, 6, 8, 3, 6, 2, 2, 5, 8, 8, 4, 5, 6, 2, 2, 4, 8, 1, 9, 8, 6, 8, 10, 2, 4, 1, 1, 8, 4, 5, 10, 6, 10, 6, 7, 1, 4, 8, 7, 1, 8, 8, 6, 7, 9, 3, 4, 1, 5, 6, 5, 10, 1]
(0.9879135997034588, 0.2974013474494709, 0.8910509378649271, 1.0, 0.9867820945568359, 0.7287129762093962)
[6, 4, 10, 7, 3, 8, 7, 3, 6, 1, 6, 8, 3, 6, 2, 2, 1, 4, 7, 2, 9, 4, 4, 6, 7, 5, 4, 9, 9, 4, 1, 2, 5, 2, 7, 6, 4, 3, 8, 7, 6, 10, 6, 7, 1, 4, 8, 7, 1, 8, 8, 6, 7, 9, 3, 4, 1, 5, 6, 5, 10, 1]
(0.9859397416003025, 0.2974013474494709, 0.9870209048502123, 1.0, 0.9891180842183507, 0.7287129762093962)
[6, 4, 10, 1, 1, 8, 7, 3, 6, 1, 6, 8, 3, 6, 2, 2, 5, 8, 8, 4, 5, 6, 2, 2, 4, 8, 1, 9, 8, 6, 8, 10, 2, 4, 1, 1, 8, 4, 5, 10, 6, 10, 6, 7, 1, 4, 8, 7, 1, 8, 8, 6, 7, 9, 3, 4, 1, 5, 6, 5, 10, 1]
(0.9879135997034588, 0.2974013474494709, 0.8910509378649271, 1.0, 0.9867820945568359, 0.7287129762093962)
[6, 8, 4, 5, 5, 5, 8, 1, 7, 7, 8, 1, 5, 1, 10, 4, 4, 4, 8, 10, 6, 1, 10, 10, 5, 10, 9, 6, 8, 7, 3, 4, 5, 4, 2, 9, 10, 5, 8, 1, 2, 3, 2, 10, 6, 5, 8, 10, 4, 4, 9, 1, 7, 2, 2, 2, 1, 5, 3, 5, 10, 7]
(1.0025178347714219, 0.5064108743854241, 0.9804438327439108, 0.6296296296296295, 0.9881951074115909, 0.9887498584575928)
[2, 2, 1, 4, 5, 7, 4, 10, 2, 4, 1, 8, 9, 9, 5, 5, 1, 4, 7, 2, 10, 8, 2, 6, 7, 5, 4, 9, 6, 4, 1, 2, 3, 1, 9, 8, 10, 10, 8, 8, 10, 10, 4, 6, 5, 3, 7, 3, 10, 8, 10, 6, 10, 9, 4, 8, 3, 3, 3, 3, 8, 1]
(0.9124982059933241, 0.9887069452286836, 0.6296296296296287, 0.9097269562073046, 0.2975358587716073, 0.26849266930870896)
[2, 1, 1, 4, 5, 7, 1, 10, 7, 6, 4, 8, 1, 10, 9, 5, 1, 4, 7, 2, 10, 5, 4, 6, 7, 5, 4, 9, 9, 4, 1, 2, 5, 2, 9, 6, 4, 3, 8, 7, 10, 10, 8, 7, 5, 4, 8, 3, 3, 7, 10, 6, 10, 9, 4, 8, 3, 3, 3, 3, 9, 1]
(0.9119703303091223, 0.9887069452286836, 0.9177067489363248, 0.8932977826334539, 0.18026807131245187, 0.2975358587716073)
[2, 1, 1, 4, 5, 7, 1, 10, 7, 6, 4, 8, 1, 10, 9, 5, 1, 4, 7, 2, 10, 5, 4, 6, 7, 5, 4, 9, 9, 4, 1, 2, 5, 2, 9, 6, 4, 3, 8, 7, 10, 10, 8, 7, 5, 4, 8, 3, 3, 7, 10, 6, 10, 9, 4, 8, 3, 3, 3, 3, 9, 1]
(0.9119703303091223, 0.9887069452286836, 0.9177067489363248, 0.8932977826334539, 0.18026807131245187, 0.2975358587716073)
[5, 10, 3, 5, 5, 8, 5, 5, 5, 7, 8, 1, 8, 1, 10, 10, 4, 4, 7, 10, 7, 1, 10, 10, 3, 7, 9, 6, 8, 9, 3, 3, 5, 4, 2, 8, 10, 5, 8, 1, 6, 3, 4, 7, 6, 5, 8, 1, 2, 3, 9, 3, 7, 8, 2, 2, 1, 5, 3, 5, 10, 7]
(1.0110080755315691, 0.5064108743854241, 0.978230747114865, 1.0, 0.7668261059559928, 0.7287129762093962)
[5, 10, 3, 5, 5, 8, 5, 5, 5, 7, 8, 1, 8, 1, 10, 10, 4, 4, 7, 10, 7, 1, 10, 10, 3, 7, 9, 6, 8, 9, 3, 3, 5, 4, 2, 8, 10, 5, 8, 1, 6, 3, 4, 7, 6, 5, 8, 1, 2, 3, 9, 3, 7, 8, 2, 2, 1, 5, 3, 5, 10, 7]
(1.0110080755315691, 0.5064108743854241, 0.978230747114865, 1.0, 0.7668261059559928, 0.7287129762093962)
[5, 10, 3, 3, 5, 10, 6, 6, 7, 5, 6, 3, 9, 1, 7, 2, 4, 4, 7, 10, 4, 1, 10, 10, 3, 7, 9, 6, 8, 7, 3, 3, 5, 4, 2, 8, 10, 5, 8, 1, 6, 6, 4, 7, 8, 5, 8, 10, 4, 7, 9, 3, 7, 8, 2, 2, 1, 3, 3, 5, 10, 7]
(1.0077775376848848, 0.5064108743854241, 0.9700933889485878, 1.0, 0.9820151592604794, 0.7287129762093962)
[6, 8, 4, 5, 5, 5, 8, 1, 7, 7, 8, 1, 8, 1, 10, 4, 4, 4, 7, 10, 6, 1, 10, 10, 5, 10, 9, 6, 8, 7, 3, 4, 5, 4, 2, 8, 10, 5, 8, 1, 6, 6, 2, 7, 6, 5, 8, 10, 4, 4, 9, 4, 7, 8, 2, 2, 1, 5, 3, 5, 10, 7]
(1.0008153039030705, 0.5064108743854241, 0.9841342932544628, 1.0, 0.9895625979639566, 0.7287129762093962)
[6, 8, 4, 5, 5, 5, 8, 1, 7, 7, 8, 1, 8, 1, 10, 4, 4, 4, 7, 10, 6, 1, 10, 10, 5, 10, 9, 6, 8, 7, 3, 4, 5, 4, 2, 8, 10, 5, 8, 1, 6, 6, 2, 7, 6, 5, 8, 10, 4, 4, 9, 4, 7, 8, 2, 2, 1, 5, 3, 5, 10, 7]
(1.0008153039030705, 0.5064108743854241, 0.9841342932544628, 1.0, 0.9895625979639566, 0.7287129762093962)
[5, 10, 3, 3, 5, 10, 6, 6, 7, 5, 6, 3, 9, 1, 7, 2, 4, 4, 7, 10, 4, 1, 10, 10, 3, 7, 9, 6, 8, 7, 3, 3, 5, 4, 2, 8, 10, 5, 8, 1, 6, 6, 4, 7, 8, 5, 8, 10, 4, 7, 9, 3, 7, 8, 2, 2, 1, 3, 3, 5, 10, 7]
(1.0077775376848848, 0.5064108743854241, 0.9700933889485878, 1.0, 0.9820151592604794, 0.7287129762093962)
[6, 8, 4, 5, 5, 5, 8, 1, 7, 7, 8, 1, 8, 1, 10, 4, 4, 4, 7, 10, 6, 1, 10, 10, 5, 10, 9, 6, 8, 7, 3, 4, 5, 4, 2, 8, 10, 5, 8, 1, 6, 6, 2, 7, 6, 5, 8, 10, 4, 4, 9, 4, 7, 8, 2, 2, 1, 5, 3, 5, 10, 7]
(1.0008153039030705, 0.5064108743854241, 0.9841342932544628, 1.0, 0.9895625979639566, 0.7287129762093962)
[2, 1, 1, 4, 5, 7, 4, 2, 7, 4, 4, 8, 1, 10, 9, 10, 1, 4, 7, 2, 10, 4, 4, 6, 7, 5, 4, 9, 9, 4, 1, 2, 5, 2, 9, 6, 4, 3, 8, 7, 10, 10, 8, 7, 5, 4, 8, 3, 3, 7, 10, 6, 10, 9, 4, 8, 3, 3, 3, 3, 9, 1]
(0.9119703303091223, 0.9887069452286836, 0.73705796664581, 1.0, 0.26849266930870896, 0.26849266930870896)
[2, 1, 1, 4, 5, 7, 4, 2, 7, 4, 4, 8, 1, 10, 9, 10, 1, 4, 7, 2, 10, 4, 4, 6, 7, 5, 4, 9, 9, 4, 1, 2, 5, 2, 9, 6, 4, 3, 8, 7, 10, 10, 8, 7, 5, 4, 8, 3, 3, 7, 10, 6, 10, 9, 4, 8, 3, 3, 3, 3, 9, 1]
(0.9119703303091223, 0.9887069452286836, 0.73705796664581, 1.0, 0.26849266930870896, 0.26849266930870896)
[2, 1, 1, 4, 5, 7, 4, 10, 7, 4, 4, 8, 8, 10, 9, 5, 1, 4, 7, 2, 10, 4, 4, 6, 7, 5, 7, 8, 10, 7, 3, 2, 5, 2, 9, 6, 10, 3, 8, 7, 10, 10, 8, 7, 5, 4, 8, 3, 3, 7, 10, 6, 10, 9, 4, 8, 3, 3, 3, 3, 9, 1]
(0.9114873397164043, 0.9887069452286836, 0.8861275346018367, 1.0, 0.43584646089002227, 0.26849266930870896)
[2, 1, 1, 4, 5, 7, 4, 10, 7, 4, 4, 8, 8, 10, 9, 5, 1, 4, 7, 2, 10, 4, 4, 6, 7, 5, 7, 8, 10, 7, 3, 2, 5, 2, 9, 6, 10, 3, 8, 7, 10, 10, 8, 7, 5, 4, 8, 3, 3, 7, 10, 6, 10, 9, 4, 8, 3, 3, 3, 3, 9, 1]
(0.9114873397164043, 0.9887069452286836, 0.8861275346018367, 1.0, 0.43584646089002227, 0.26849266930870896)
[2, 1, 1, 4, 5, 7, 4, 2, 7, 4, 4, 8, 1, 10, 9, 10, 1, 4, 7, 2, 10, 4, 4, 6, 7, 5, 4, 9, 9, 4, 1, 2, 5, 2, 9, 6, 4, 3, 8, 7, 10, 10, 8, 7, 5, 4, 8, 3, 3, 7, 10, 6, 10, 9, 4, 8, 3, 3, 3, 3, 9, 1]
(0.9119703303091223, 0.9887069452286836, 0.73705796664581, 1.0, 0.26849266930870896, 0.26849266930870896)
[2, 1, 1, 4, 5, 7, 4, 10, 7, 4, 4, 8, 8, 10, 9, 5, 1, 4, 7, 2, 10, 4, 4, 6, 7, 5, 7, 8, 10, 7, 3, 2, 5, 2, 9, 6, 10, 3, 8, 7, 10, 10, 8, 7, 5, 4, 8, 3, 3, 7, 10, 6, 10, 9, 4, 8, 3, 3, 3, 3, 9, 1]
(0.9114873397164043, 0.9887069452286836, 0.8861275346018367, 1.0, 0.43584646089002227, 0.26849266930870896)
[2, 1, 1, 4, 5, 7, 4, 10, 7, 4, 4, 8, 8, 10, 9, 5, 1, 4, 7, 2, 10, 4, 4, 6, 7, 5, 7, 8, 10, 7, 3, 2, 5, 2, 9, 6, 10, 3, 8, 7, 10, 10, 8, 7, 5, 4, 8, 3, 3, 7, 10, 6, 10, 9, 4, 8, 3, 3, 3, 3, 9, 1]
(0.9114873397164043, 0.9887069452286836, 0.8861275346018367, 1.0, 0.43584646089002227, 0.26849266930870896)
[2, 1, 1, 4, 5, 7, 4, 10, 7, 4, 4, 8, 8, 10, 9, 5, 1, 4, 7, 2, 10, 4, 4, 6, 7, 5, 7, 8, 10, 7, 3, 2, 5, 2, 9, 6, 10, 3, 8, 7, 10, 10, 8, 7, 5, 4, 8, 3, 3, 7, 10, 6, 10, 9, 4, 8, 3, 3, 3, 3, 9, 1]
(0.9114873397164043, 0.9887069452286836, 0.8861275346018367, 1.0, 0.43584646089002227, 0.26849266930870896)
[2, 1, 1, 4, 5, 7, 4, 10, 7, 4, 4, 8, 8, 10, 9, 5, 1, 4, 7, 2, 10, 4, 4, 6, 7, 5, 7, 8, 10, 7, 3, 2, 5, 2, 9, 6, 10, 3, 8, 7, 10, 10, 8, 7, 5, 4, 8, 3, 3, 7, 10, 6, 10, 9, 4, 8, 3, 3, 3, 3, 9, 1]
(0.9114873397164043, 0.9887069452286836, 0.8861275346018367, 1.0, 0.43584646089002227, 0.26849266930870896)
[2, 1, 1, 4, 5, 7, 4, 2, 7, 4, 4, 8, 1, 10, 9, 10, 1, 4, 7, 2, 10, 4, 4, 6, 7, 5, 4, 9, 9, 4, 1, 2, 5, 2, 9, 6, 4, 3, 8, 7, 10, 10, 8, 7, 5, 4, 8, 3, 3, 7, 10, 6, 10, 9, 4, 8, 3, 3, 3, 3, 9, 1]
(0.9119703303091223, 0.9887069452286836, 0.73705796664581, 1.0, 0.26849266930870896, 0.26849266930870896)
[2, 1, 1, 4, 5, 7, 4, 10, 7, 4, 4, 8, 1, 10, 9, 5, 1, 4, 7, 2, 10, 4, 4, 6, 7, 5, 4, 9, 6, 4, 1, 2, 5, 1, 9, 8, 6, 3, 8, 7, 10, 10, 5, 7, 5, 4, 8, 3, 3, 7, 10, 6, 10, 9, 4, 8, 3, 3, 3, 3, 9, 1]
(0.912027765344828, 0.9887069452286836, 0.7133637516759367, 1.0, 0.2975358587716073, 0.2975358587716073)
[2, 1, 1, 4, 5, 7, 4, 10, 7, 4, 4, 9, 8, 10, 9, 5, 1, 4, 7, 10, 10, 4, 4, 6, 7, 5, 7, 8, 6, 4, 1, 3, 5, 1, 9, 8, 6, 3, 8, 7, 10, 3, 8, 7, 5, 4, 8, 3, 3, 7, 10, 6, 10, 9, 4, 8, 3, 3, 3, 2, 9, 1]
(0.91169108049944, 0.9887069452286836, 0.6296296296296287, 1.0, 0.2975358587716073, 0.2975358587716073)
[2, 1, 1, 4, 5, 7, 4, 10, 7, 4, 4, 9, 8, 10, 9, 5, 1, 4, 7, 10, 10, 4, 4, 6, 7, 5, 7, 8, 6, 4, 1, 3, 5, 1, 9, 8, 6, 3, 8, 7, 10, 3, 8, 7, 5, 4, 8, 3, 3, 7, 10, 6, 10, 9, 4, 8, 3, 3, 3, 2, 9, 1]
(0.91169108049944, 0.9887069452286836, 0.6296296296296287, 1.0, 0.2975358587716073, 0.2975358587716073)
[2, 1, 1, 4, 5, 7, 4, 10, 7, 4, 4, 8, 1, 10, 9, 5, 1, 4, 7, 2, 10, 4, 4, 6, 7, 5, 4, 9, 6, 4, 1, 2, 5, 1, 9, 8, 6, 3, 8, 7, 10, 10, 5, 7, 5, 4, 8, 3, 3, 7, 10, 6, 10, 9, 4, 8, 3, 3, 3, 3, 9, 1]
(0.912027765344828, 0.9887069452286836, 0.7133637516759367, 1.0, 0.2975358587716073, 0.2975358587716073)
[2, 1, 1, 4, 5, 7, 4, 10, 7, 4, 4, 8, 1, 10, 9, 5, 1, 4, 7, 2, 10, 4, 4, 6, 7, 5, 4, 9, 6, 4, 1, 2, 5, 1, 9, 8, 6, 3, 8, 7, 10, 10, 5, 7, 5, 4, 8, 3, 3, 7, 10, 6, 10, 9, 4, 8, 3, 3, 3, 3, 9, 1]
(0.912027765344828, 0.9887069452286836, 0.7133637516759367, 1.0, 0.2975358587716073, 0.2975358587716073)
[2, 1, 1, 4, 5, 7, 4, 10, 7, 4, 4, 8, 1, 10, 9, 5, 1, 4, 7, 2, 10, 4, 4, 6, 7, 5, 4, 9, 6, 4, 1, 2, 5, 1, 9, 8, 6, 3, 8, 7, 10, 10, 5, 7, 5, 4, 8, 3, 3, 7, 10, 6, 10, 9, 4, 8, 3, 3, 3, 3, 9, 1]
(0.912027765344828, 0.9887069452286836, 0.7133637516759367, 1.0, 0.2975358587716073, 0.2975358587716073)
[2, 1, 1, 4, 5, 7, 4, 10, 7, 4, 4, 8, 1, 10, 9, 5, 1, 4, 7, 2, 10, 4, 4, 6, 7, 5, 4, 9, 6, 4, 1, 2, 5, 1, 9, 8, 6, 3, 8, 7, 10, 10, 5, 7, 5, 4, 8, 3, 3, 7, 10, 6, 10, 9, 4, 8, 3, 3, 3, 3, 9, 1]
(0.912027765344828, 0.9887069452286836, 0.7133637516759367, 1.0, 0.2975358587716073, 0.2975358587716073)
[2, 1, 1, 4, 5, 7, 4, 10, 7, 4, 4, 8, 1, 10, 9, 5, 1, 4, 7, 2, 10, 4, 4, 6, 7, 5, 4, 9, 6, 4, 1, 2, 5, 1, 9, 8, 6, 3, 8, 7, 10, 10, 5, 7, 5, 4, 8, 3, 3, 7, 10, 6, 10, 9, 4, 8, 3, 3, 3, 3, 9, 1]
(0.912027765344828, 0.9887069452286836, 0.7133637516759367, 1.0, 0.2975358587716073, 0.2975358587716073)
[1, 6, 10, 3, 5, 10, 6, 6, 7, 5, 6, 3, 9, 1, 7, 2, 4, 4, 7, 10, 4, 1, 10, 10, 5, 10, 9, 8, 10, 7, 3, 2, 5, 7, 8, 8, 10, 3, 8, 8, 10, 7, 7, 7, 8, 5, 9, 10, 4, 7, 9, 4, 2, 10, 4, 5, 10, 8, 3, 1, 6, 1]
(0.9016709310002625, 0.9887069452286836, 0.9091298392973838, 0.6296296296296287, 0.7287129762093962, 0.7287129762093962)
[6, 8, 4, 5, 5, 5, 8, 1, 7, 7, 8, 1, 8, 1, 10, 4, 4, 4, 8, 10, 6, 1, 10, 10, 5, 10, 9, 6, 8, 7, 3, 4, 5, 4, 2, 8, 10, 5, 8, 1, 6, 3, 2, 10, 6, 5, 8, 10, 4, 4, 9, 4, 7, 2, 2, 2, 1, 5, 3, 5, 10, 7]
(0.9960642167367015, 0.5064108743854241, 0.9836568423546829, 0.9833387142978587, 0.9874309782870092, 0.9886776781640924)
[6, 8, 4, 5, 5, 5, 8, 1, 7, 7, 8, 1, 8, 1, 10, 4, 4, 4, 8, 10, 6, 1, 10, 10, 5, 10, 9, 6, 8, 7, 3, 4, 5, 4, 2, 8, 10, 5, 8, 1, 6, 3, 2, 10, 6, 5, 8, 10, 4, 4, 9, 4, 7, 2, 2, 2, 1, 5, 3, 5, 10, 7]
(0.9960642167367015, 0.5064108743854241, 0.9836568423546829, 0.9833387142978587, 0.9874309782870092, 0.9886776781640924)
[6, 8, 4, 5, 5, 5, 8, 1, 7, 7, 8, 1, 8, 1, 10, 4, 4, 4, 8, 10, 6, 1, 10, 10, 5, 10, 9, 6, 8, 7, 3, 4, 5, 4, 2, 8, 10, 5, 8, 1, 6, 3, 2, 10, 6, 5, 8, 10, 4, 4, 9, 4, 7, 2, 2, 2, 1, 5, 3, 5, 10, 7]
(0.9960642167367015, 0.5064108743854241, 0.9836568423546829, 0.9833387142978587, 0.9874309782870092, 0.9886776781640924)
[6, 8, 4, 5, 5, 5, 8, 1, 7, 7, 8, 1, 8, 1, 10, 4, 4, 4, 8, 10, 6, 1, 10, 10, 5, 10, 9, 6, 8, 7, 3, 4, 5, 4, 2, 8, 10, 5, 8, 1, 6, 3, 2, 10, 6, 5, 8, 10, 4, 4, 9, 4, 7, 2, 2, 2, 1, 5, 3, 5, 10, 7]
(0.9960642167367015, 0.5064108743854241, 0.9836568423546829, 0.9833387142978587, 0.9874309782870092, 0.9886776781640924)
[6, 8, 4, 5, 5, 3, 8, 1, 7, 7, 8, 1, 8, 1, 10, 4, 4, 4, 8, 10, 6, 1, 10, 10, 5, 10, 9, 6, 8, 7, 3, 4, 5, 4, 2, 8, 10, 5, 8, 1, 6, 3, 2, 9, 6, 5, 8, 10, 4, 4, 9, 4, 7, 2, 2, 2, 1, 5, 3, 5, 10, 7]
(1.0018566067330512, 0.5064108743854241, 0.9814699844457189, 0.9828247225843348, 0.9885974201373733, 0.9913501045195654)
[1, 10, 10, 2, 5, 10, 6, 9, 1, 5, 6, 8, 9, 10, 8, 2, 4, 5, 7, 10, 8, 1, 10, 10, 5, 10, 9, 8, 10, 7, 3, 2, 5, 2, 2, 6, 10, 3, 8, 8, 9, 4, 7, 7, 5, 5, 9, 10, 1, 4, 9, 4, 9, 6, 4, 5, 10, 1, 6, 1, 6, 1]
(0.8993082384578883, 0.9887069452286836, 0.909531988110393, 0.6296296296296287, 0.9121630796231325, 0.9956562658365283)
[1, 10, 10, 2, 5, 10, 6, 9, 1, 5, 6, 8, 9, 10, 8, 2, 4, 5, 7, 10, 8, 1, 10, 10, 5, 10, 9, 8, 10, 7, 3, 2, 5, 2, 2, 6, 10, 3, 8, 8, 9, 4, 7, 7, 5, 5, 9, 10, 1, 4, 9, 4, 9, 6, 4, 5, 10, 1, 6, 1, 6, 1]
(0.8993082384578883, 0.9887069452286836, 0.909531988110393, 0.6296296296296287, 0.9121630796231325, 0.9956562658365283)
[1, 10, 10, 2, 5, 10, 6, 9, 1, 5, 6, 8, 9, 10, 8, 2, 4, 5, 7, 10, 8, 1, 10, 10, 5, 10, 9, 8, 10, 7, 3, 2, 5, 2, 2, 6, 10, 3, 8, 8, 9, 4, 7, 7, 5, 5, 9, 10, 1, 4, 9, 4, 9, 6, 4, 5, 10, 1, 6, 1, 6, 1]
(0.8993082384578883, 0.9887069452286836, 0.909531988110393, 0.6296296296296287, 0.9121630796231325, 0.9956562658365283)
[1, 10, 10, 2, 5, 10, 6, 9, 1, 5, 6, 8, 9, 10, 8, 2, 4, 5, 7, 10, 8, 1, 10, 10, 5, 10, 9, 8, 10, 7, 3, 2, 5, 2, 2, 6, 10, 3, 8, 8, 9, 4, 7, 7, 5, 5, 9, 10, 1, 4, 9, 4, 9, 6, 4, 5, 10, 1, 6, 1, 6, 1]
(0.8993082384578883, 0.9887069452286836, 0.909531988110393, 0.6296296296296287, 0.9121630796231325, 0.9956562658365283)
