[3, 3, 8, 4, 6, 8, 9, 4, 5, 8, 4, 4, 10, 2, 5, 6, 8, 8, 7, 1, 3, 3, 9, 10, 5, 5, 8, 3, 1, 8, 2, 3, 7, 2, 7, 10, 5, 1, 5, 6, 3, 6, 5, 8, 7, 5, 10, 6, 4, 9, 7, 10, 6, 5, 5, 3, 5, 5, 4, 5, 8, 5]
(0.7205119756981674, 0.0, 0.7607533143833218, 0.0, 0.6940713407471724, 0.0, 0.0, 0.0, 0.7681143654510314, 0.0)
[7, 9, 5, 6, 3, 2, 6, 7, 2, 3, 6, 6, 6, 2, 5, 9, 6, 7, 9, 3, 6, 10, 4, 1, 8, 9, 2, 10, 8, 3, 7, 8, 6, 7, 1, 1, 9, 10, 7, 9, 3, 8, 1, 1, 4, 7, 7, 8, 8, 9, 6, 9, 10, 1, 6, 2, 5, 4, 3, 3, 6, 1]
(0.669406772116212, 0.0, 0.6901840204372945, 0.5467800034305973, 0.5125933548435557, 0.5527307646349033, 0.37908273246139473, 0.0, 0.5971906496211827, 0.0)
[9, 3, 8, 4, 6, 8, 9, 4, 9, 3, 3, 7, 3, 2, 7, 4, 1, 10, 7, 5, 3, 4, 5, 9, 7, 8, 1, 9, 9, 5, 2, 7, 2, 3, 3, 10, 8, 3, 7, 10, 5, 4, 5, 10, 7, 8, 5, 8, 8, 5, 10, 2, 9, 5, 5, 5, 5, 5, 4, 3, 8, 1]
(0.683252460695799, 0.0, 0.7491494862362685, 0.0, 0.7656127071008026, 0.7849462365591391, 0.7588998837396445, 0.0, 0.3505136894834617, 0.37262993179251275)
[7, 3, 8, 4, 5, 2, 9, 4, 5, 7, 4, 4, 10, 2, 7, 3, 5, 2, 9, 3, 8, 4, 5, 7, 7, 8, 1, 9, 9, 5, 2, 8, 2, 3, 3, 10, 8, 3, 10, 10, 5, 4, 5, 10, 7, 8, 5, 8, 8, 5, 10, 2, 9, 5, 5, 5, 5, 5, 4, 3, 8, 1]
(0.3206080505624432, 0.2974013474494705, 0.2058639915613631, 0.0, 0.7735986603423892, 0.747158869169647, 0.3093901945278067, 0.19757604643641374, 0.33231745716184563, 0.0)
[7, 3, 10, 6, 9, 2, 9, 4, 3, 7, 5, 3, 1, 2, 6, 9, 1, 4, 8, 3, 6, 10, 4, 7, 1, 9, 2, 6, 3, 3, 7, 9, 6, 7, 3, 10, 8, 8, 7, 10, 5, 5, 4, 10, 7, 8, 5, 8, 9, 5, 6, 2, 4, 5, 5, 5, 5, 5, 4, 3, 8, 1]
(0.7269540591165371, 0.0, 0.7268356421962326, 0.0, 0.791332593373948, 0.7849462365591391, 0.7245110297575543, 0.18951132300357565, 0.7294250132515975, 0.2975358587716073)
[7, 7, 1, 6, 9, 2, 7, 7, 2, 3, 3, 7, 3, 2, 7, 4, 10, 10, 7, 5, 10, 4, 5, 7, 9, 8, 1, 6, 8, 5, 2, 7, 2, 7, 7, 6, 8, 7, 8, 10, 5, 7, 5, 10, 10, 6, 4, 8, 10, 7, 7, 9, 2, 5, 5, 5, 5, 5, 4, 5, 8, 1]
(0.7422276580706183, 0.0, 0.5516532989218773, 0.0, 0.7815333800390302, 0.7849462365591391, 0.7471574021503274, 0.19757604643641374, 0.7297806294634887, 0.3133213431165014)
[7, 3, 10, 6, 9, 2, 9, 4, 3, 7, 5, 3, 1, 2, 6, 9, 1, 4, 8, 2, 6, 10, 4, 2, 1, 9, 2, 6, 3, 3, 4, 9, 5, 7, 3, 10, 8, 8, 7, 10, 5, 5, 4, 10, 7, 8, 5, 8, 9, 7, 6, 9, 4, 5, 5, 5, 5, 5, 4, 3, 8, 1]
(0.746087011881167, 0.0, 0.7441279435530248, 0.0, 0.7849462365591391, 0.7849462365591391, 0.7358377391472406, 0.19757604643641374, 0.7265953706577369, 0.3133213431165014)
[7, 3, 8, 6, 1, 4, 9, 4, 5, 7, 4, 4, 1, 2, 6, 10, 1, 4, 8, 3, 8, 4, 5, 7, 7, 8, 1, 9, 9, 5, 2, 7, 2, 7, 7, 6, 8, 7, 8, 10, 5, 2, 5, 10, 10, 6, 4, 8, 10, 4, 7, 9, 6, 5, 5, 5, 5, 5, 4, 3, 8, 1]
(0.7273939406499214, 0.0, 0.7063748272135807, 0.0, 0.7272917067632024, 0.7849462365591391, 0.3063363006338496, 0.18951132300357565, 0.7362851345911567, 0.3308756380016472)
[9, 3, 8, 4, 6, 8, 9, 4, 5, 7, 4, 4, 1, 2, 6, 10, 6, 4, 8, 3, 6, 10, 4, 1, 6, 9, 7, 6, 6, 3, 7, 9, 6, 7, 3, 4, 9, 3, 10, 9, 3, 10, 5, 1, 7, 7, 9, 8, 8, 5, 6, 9, 4, 5, 5, 5, 5, 5, 4, 3, 8, 1]
(0.7355942687019649, 0.0, 0.7503812460228743, 0.0, 0.7807793730869824, 1.0, 0.7166569987311908, 0.0, 0.7348983226343936, 0.3505136894834617)
[7, 3, 10, 6, 9, 2, 9, 4, 3, 7, 10, 3, 1, 2, 6, 9, 1, 4, 8, 3, 6, 10, 4, 2, 1, 9, 2, 6, 3, 3, 7, 9, 6, 7, 3, 10, 8, 8, 7, 10, 5, 5, 4, 10, 7, 8, 5, 8, 9, 5, 6, 2, 4, 5, 5, 5, 5, 5, 4, 3, 8, 1]
(0.40390710333589963, 0.0, 0.7304802680388041, 0.17396867363212445, 0.7849462365591391, 0.7849462365591391, 0.18951132300357565, 0.18951132300357565, 0.7574531992897334, 0.2975358587716073)
[7, 10, 1, 6, 4, 2, 9, 4, 5, 7, 4, 4, 10, 2, 7, 7, 1, 2, 9, 8, 8, 4, 5, 7, 7, 8, 1, 6, 9, 5, 2, 7, 8, 7, 7, 6, 9, 7, 8, 10, 5, 3, 7, 3, 4, 6, 4, 8, 5, 2, 7, 9, 5, 10, 5, 5, 5, 5, 4, 5, 8, 1]
(0.7188680252060244, 0.0, 0.7499724680557791, 0.19208082539384974, 0.7600777862593474, 0.7849462365591391, 0.7287796331569502, 0.18951132300357565, 0.7357464307919093, 0.2975358587716073)
[7, 3, 10, 6, 9, 2, 9, 4, 3, 7, 10, 3, 1, 3, 6, 9, 1, 4, 8, 3, 6, 10, 4, 2, 1, 9, 2, 6, 3, 3, 7, 9, 6, 7, 3, 10, 8, 8, 7, 10, 6, 5, 4, 10, 7, 8, 5, 8, 9, 5, 6, 2, 4, 5, 5, 5, 5, 5, 4, 3, 8, 1]
(0.49200602002312005, 0.0, 0.73019455056637, 0.18002748511223077, 0.7849462365591391, 0.7849462365591391, 0.7290164826437779, 0.19757604643641374, 0.7369848294183559, 0.3133213431165014)
[7, 3, 10, 6, 9, 2, 9, 4, 3, 7, 10, 3, 1, 2, 6, 2, 1, 4, 8, 3, 6, 10, 4, 1, 6, 9, 2, 6, 3, 3, 6, 9, 6, 7, 3, 10, 8, 8, 7, 10, 5, 5, 4, 10, 7, 8, 5, 8, 9, 5, 6, 2, 4, 5, 5, 5, 5, 5, 4, 3, 8, 1]
(0.40390710333589963, 0.0, 0.7323091538622922, 0.19208082539384974, 0.0, 0.7849462365591391, 0.7406594706699199, 0.18951132300357565, 0.3357285348698515, 0.3133213431165014)
[7, 3, 10, 6, 9, 2, 9, 4, 3, 7, 5, 3, 1, 2, 6, 10, 1, 4, 8, 3, 6, 4, 5, 7, 7, 6, 6, 5, 9, 5, 2, 7, 7, 7, 7, 10, 8, 8, 7, 10, 5, 5, 4, 10, 7, 8, 5, 8, 9, 5, 6, 9, 4, 5, 5, 5, 5, 5, 4, 3, 8, 1]
(0.49200602002312005, 0.0, 0.7622232465073409, 0.2058639915613631, 0.7584805453196111, 0.7849462365591391, 0.34971687402576396, 0.18951132300357565, 0.32304475288838325, 0.3133213431165014)
[7, 9, 3, 6, 5, 2, 6, 7, 2, 3, 3, 6, 10, 2, 7, 4, 10, 8, 7, 5, 3, 4, 10, 7, 5, 8, 5, 9, 8, 8, 2, 7, 7, 2, 3, 10, 8, 8, 8, 10, 1, 4, 2, 3, 5, 6, 4, 8, 8, 5, 7, 9, 4, 5, 5, 5, 5, 5, 4, 3, 6, 1]
(0.6475012199672779, 0.42865668702870685, 0.6518755508586727, 0.0, 0.7402877127751651, 0.7849462365591391, 0.7195474127307483, 0.0, 0.7418751509860103, 0.2832646639838456)
[7, 7, 1, 6, 1, 2, 9, 4, 5, 7, 4, 4, 5, 2, 9, 10, 1, 9, 9, 3, 6, 7, 5, 7, 7, 8, 1, 4, 9, 10, 2, 7, 2, 7, 7, 6, 4, 7, 8, 10, 5, 3, 5, 10, 10, 6, 4, 8, 10, 4, 7, 9, 4, 5, 5, 5, 5, 5, 4, 5, 8, 1]
(0.7166644575074266, 0.40390710333589963, 0.700179165042932, 0.0, 0.7432091860100571, 0.7849462365591391, 0.7347248284146137, 0.0, 0.7276425501331636, 0.3308756380016472)
[10, 3, 7, 9, 9, 5, 9, 2, 9, 3, 9, 7, 3, 5, 10, 6, 8, 3, 9, 3, 6, 10, 4, 1, 10, 9, 5, 6, 8, 8, 2, 6, 7, 2, 9, 5, 8, 8, 8, 9, 3, 4, 3, 1, 6, 6, 9, 8, 8, 5, 7, 6, 4, 4, 5, 5, 5, 5, 3, 3, 9, 8]
(0.7725407505407864, 0.0, 0.6755280322117319, 0.0, 0.7849462365591391, 0.7849462365591391, 0.3082586785778422, 0.0, 0.7966255592182211, 0.7734559377655323)
[7, 7, 1, 3, 9, 5, 9, 2, 5, 3, 9, 7, 3, 5, 1, 6, 10, 10, 7, 7, 3, 4, 5, 1, 7, 8, 2, 10, 9, 5, 2, 7, 2, 3, 3, 10, 3, 3, 7, 10, 1, 7, 2, 8, 5, 6, 4, 8, 8, 5, 7, 6, 4, 4, 5, 5, 5, 4, 4, 3, 8, 1]
(0.45733054559677866, 0.598318205960092, 0.7114352660253593, 0.0, 0.7034432122483797, 1.0, 0.6698721351101952, 0.0, 0.29437021669000574, 0.0)
[8, 7, 6, 2, 5, 1, 6, 6, 9, 7, 4, 1, 10, 10, 3, 6, 8, 3, 7, 3, 5, 4, 5, 7, 7, 8, 3, 9, 9, 5, 9, 7, 5, 10, 6, 2, 3, 3, 5, 3, 7, 4, 5, 10, 7, 8, 5, 8, 8, 5, 6, 9, 4, 5, 5, 4, 4, 5, 4, 3, 8, 1]
(0.0, 0.0, 0.7870677271857791, 0.6203161149430272, 0.773046450130635, 0.18114143920595532, 0.7853547891601854, 0.0, 0.780054550059133, 0.8413037594199172)
[7, 7, 6, 2, 5, 1, 6, 6, 9, 7, 4, 1, 10, 10, 7, 4, 10, 7, 7, 5, 3, 4, 5, 7, 7, 8, 3, 9, 9, 5, 9, 7, 5, 10, 6, 2, 3, 3, 5, 3, 7, 4, 5, 10, 7, 8, 5, 8, 8, 5, 6, 9, 4, 5, 5, 4, 4, 5, 4, 3, 8, 1]
(0.7784885482862526, 0.0, 0.7980311760678819, 0.6203161149430272, 0.765103879757219, 0.18114143920595532, 0.7886893054470353, 0.0, 0.7887498585507208, 0.8413037594199172)
[7, 5, 6, 2, 5, 1, 6, 6, 9, 7, 4, 1, 10, 2, 7, 4, 10, 2, 9, 3, 6, 1, 7, 7, 7, 8, 3, 5, 9, 5, 2, 7, 7, 2, 7, 3, 7, 1, 5, 4, 3, 6, 5, 10, 10, 8, 10, 6, 7, 9, 7, 7, 3, 8, 5, 5, 5, 5, 5, 6, 8, 1]
(0.702855640836054, 0.6475012199672779, 0.7084282552823369, 0.0, 0.6776425136253187, 1.0, 0.6136313976719938, 0.0, 0.0, 0.0)
[7, 10, 1, 6, 4, 2, 9, 4, 5, 7, 4, 4, 10, 2, 7, 7, 1, 2, 9, 8, 8, 4, 5, 7, 7, 8, 1, 6, 9, 5, 2, 7, 8, 7, 7, 6, 9, 7, 8, 10, 5, 3, 5, 3, 4, 6, 4, 8, 5, 5, 7, 9, 5, 10, 5, 5, 5, 5, 4, 5, 8, 1]
(0.7283438095822878, 0.0, 0.7421311078593081, 0.18002748511223077, 0.7469097776338404, 1.0, 0.3317888451740164, 0.18951132300357565, 0.7228848123922894, 0.2975358587716073)
[9, 7, 1, 10, 1, 9, 9, 4, 5, 7, 4, 4, 10, 2, 7, 10, 1, 2, 10, 3, 8, 4, 5, 7, 7, 8, 1, 6, 3, 3, 7, 9, 6, 7, 3, 10, 8, 8, 7, 10, 5, 5, 4, 10, 10, 6, 4, 8, 10, 7, 7, 2, 4, 5, 5, 5, 5, 5, 4, 5, 8, 1]
(0.40390710333589963, 0.40390710333589963, 0.7235993085429021, 0.1693975519458665, 0.7802038853987989, 0.7849462365591391, 0.18951132300357565, 0.0, 0.3133213431165014, 0.3133213431165014)
[9, 3, 8, 4, 1, 2, 9, 4, 5, 7, 4, 4, 5, 2, 9, 10, 1, 9, 9, 3, 6, 5, 4, 7, 9, 8, 1, 6, 8, 4, 2, 7, 2, 3, 3, 10, 2, 8, 7, 10, 5, 4, 5, 10, 7, 8, 5, 8, 8, 5, 6, 9, 4, 5, 5, 5, 5, 5, 4, 3, 8, 1]
(0.7014535585418297, 0.40390710333589963, 0.7069244923070023, 0.17396867363212445, 0.7564047446474376, 0.7849462365591391, 0.25097844184487655, 0.0, 0.7374881478026455, 0.3133213431165014)
[7, 3, 10, 6, 9, 2, 9, 4, 3, 7, 5, 3, 1, 2, 6, 9, 1, 4, 8, 3, 6, 10, 4, 2, 1, 9, 2, 6, 3, 3, 4, 9, 6, 7, 3, 10, 8, 8, 7, 10, 5, 5, 4, 10, 7, 8, 5, 8, 9, 5, 6, 9, 4, 5, 5, 5, 5, 5, 4, 3, 8, 1]
(0.7257523668929883, 0.40390710333589963, 0.7155797811225006, 0.0, 0.7849462365591391, 0.7849462365591391, 0.7292298780754156, 0.18951132300357565, 0.7317987477406807, 0.3133213431165014)
[7, 7, 1, 6, 1, 2, 9, 4, 5, 7, 4, 4, 1, 2, 6, 10, 6, 4, 8, 3, 6, 6, 4, 7, 9, 4, 1, 2, 9, 5, 2, 7, 2, 7, 4, 10, 8, 9, 7, 10, 5, 3, 5, 10, 10, 6, 4, 8, 10, 4, 7, 9, 2, 5, 5, 5, 5, 5, 4, 5, 8, 1]
(0.739634956605727, 0.40390710333589963, 0.7019920451566527, 0.0, 0.0, 0.7849462365591391, 0.7362774318084068, 0.18951132300357565, 0.3376272162422556, 0.3133213431165014)
[7, 3, 10, 6, 9, 2, 9, 4, 3, 7, 10, 3, 1, 3, 6, 9, 1, 4, 8, 3, 6, 10, 4, 2, 1, 9, 2, 6, 3, 3, 4, 9, 6, 7, 3, 10, 8, 8, 7, 10, 5, 5, 4, 10, 7, 8, 5, 8, 9, 4, 6, 2, 4, 5, 5, 5, 5, 5, 4, 3, 8, 1]
(0.7463467864319625, 0.40390710333589963, 0.7293850136920756, 0.0, 0.7750332524999914, 0.7849462365591391, 0.7306828876957245, 0.18951132300357565, 0.324158096872272, 0.3133213431165014)
[7, 4, 3, 6, 1, 2, 9, 4, 5, 7, 4, 4, 10, 2, 7, 10, 1, 3, 9, 3, 8, 4, 5, 7, 7, 8, 1, 9, 9, 5, 2, 7, 2, 7, 7, 6, 8, 7, 3, 10, 5, 2, 5, 10, 10, 6, 4, 8, 10, 4, 7, 9, 4, 5, 5, 5, 5, 5, 4, 5, 8, 1]
(0.6922684533521489, 0.2974013474494705, 0.0, 0.0, 0.7389532936736884, 0.7164039926603385, 0.7312056159600563, 0.1820791566661961, 0.7249019736424036, 0.4984259876610937)
[7, 4, 3, 6, 1, 2, 9, 4, 5, 7, 4, 4, 10, 2, 7, 10, 1, 3, 9, 3, 8, 4, 5, 7, 7, 8, 1, 9, 9, 5, 2, 7, 2, 7, 7, 6, 8, 7, 3, 10, 5, 2, 5, 10, 10, 6, 4, 8, 10, 4, 7, 9, 4, 7, 5, 5, 5, 5, 4, 5, 8, 1]
(0.7043131062760901, 0.40390710333589963, 0.0, 0.0, 0.747763656638557, 0.7231943091377564, 0.7300856327637978, 0.2063576724091952, 0.7292331805452652, 0.37262993179251275)
[7, 4, 1, 6, 1, 2, 9, 4, 5, 7, 4, 4, 10, 2, 7, 10, 1, 2, 9, 3, 8, 4, 5, 7, 7, 8, 1, 9, 9, 5, 2, 7, 2, 7, 7, 6, 8, 7, 8, 10, 5, 2, 5, 10, 10, 6, 4, 8, 10, 4, 7, 9, 4, 5, 5, 5, 5, 5, 4, 5, 8, 1]
(0.7267025502398559, 0.40390710333589963, 0.7073035689070772, 0.0, 0.7438212284818235, 0.7849462365591391, 0.72831327002495, 0.18951132300357565, 0.7331704286858387, 0.3308756380016472)
[7, 7, 1, 6, 9, 2, 9, 7, 2, 3, 3, 7, 3, 2, 7, 4, 10, 10, 7, 7, 3, 4, 5, 1, 7, 8, 1, 9, 9, 5, 2, 7, 2, 3, 3, 10, 3, 3, 7, 10, 1, 7, 2, 8, 5, 6, 4, 8, 8, 8, 7, 9, 4, 5, 5, 5, 5, 5, 4, 3, 1, 1]
(0.5295124484226088, 0.0, 0.6910088902339281, 0.8835812621269549, 0.2986465739086289, 0.0, 0.4245741898193957, 0.0, 0.8095208143815333, 0.8413037594199172)
[7, 9, 3, 6, 5, 2, 6, 7, 2, 3, 3, 6, 10, 2, 7, 4, 10, 8, 7, 5, 3, 4, 10, 7, 5, 8, 4, 9, 8, 8, 2, 7, 7, 2, 3, 10, 8, 10, 7, 9, 1, 4, 2, 3, 5, 6, 4, 8, 8, 5, 7, 9, 4, 5, 5, 5, 5, 5, 4, 3, 6, 1]
(0.5076794797554603, 0.6475012199672779, 0.6703538583591537, 0.0, 0.7849462365591391, 0.7849462365591391, 0.7261221276596136, 0.0, 0.7267668003216334, 0.2975358587716073)
[7, 9, 1, 6, 1, 2, 9, 4, 5, 7, 4, 4, 10, 2, 7, 10, 1, 2, 9, 3, 8, 4, 5, 7, 7, 8, 1, 9, 9, 5, 2, 7, 2, 7, 7, 6, 8, 7, 3, 10, 5, 2, 5, 10, 10, 6, 4, 8, 10, 4, 7, 9, 4, 5, 5, 5, 5, 5, 4, 5, 8, 1]
(0.6686322538182099, 0.40390710333589963, 0.6703909846022683, 0.0, 0.7060602409765077, 0.6460176991150443, 0.7258724028244563, 0.1820791566661961, 0.426444359398355, 0.4984259876610937)
[7, 7, 1, 10, 1, 9, 9, 4, 5, 7, 4, 4, 10, 2, 7, 10, 1, 2, 10, 3, 8, 4, 5, 7, 7, 8, 1, 9, 6, 5, 2, 7, 2, 7, 7, 6, 8, 7, 8, 10, 5, 7, 5, 10, 10, 6, 4, 8, 10, 7, 7, 2, 4, 5, 5, 5, 5, 5, 4, 5, 8, 1]
(0.7183039719238826, 0.40390710333589963, 0.7312684366479463, 0.0, 0.7249188208952492, 0.6934745101258112, 0.7289843803271598, 0.18951132300357565, 0.7258276341482945, 0.45963404858079027)
[7, 3, 8, 6, 9, 2, 9, 4, 3, 7, 5, 3, 1, 2, 6, 10, 1, 4, 8, 3, 6, 4, 5, 7, 7, 6, 6, 5, 9, 5, 2, 7, 7, 7, 7, 10, 7, 7, 6, 4, 5, 2, 5, 10, 7, 6, 4, 6, 6, 7, 6, 7, 4, 5, 5, 3, 5, 5, 4, 3, 6, 1]
(0.7508400281891171, 0.49200602002312005, 0.318155047111215, 0.0, 0.7702201576903401, 0.7849462365591391, 0.7213283805176566, 0.19757604643641374, 0.7359116429462976, 0.3133213431165014)
[7, 3, 10, 6, 9, 2, 9, 4, 3, 7, 5, 3, 1, 2, 6, 10, 1, 4, 8, 3, 6, 4, 5, 7, 2, 9, 2, 6, 3, 3, 7, 9, 6, 7, 3, 10, 8, 8, 7, 10, 5, 5, 4, 10, 7, 8, 5, 8, 9, 5, 6, 2, 4, 5, 5, 5, 5, 5, 4, 3, 8, 1]
(0.7317404361441677, 0.3425668595380203, 0.7244409365579435, 0.17396867363212445, 0.7849462365591391, 0.7849462365591391, 0.32309469077736325, 0.18951132300357565, 0.7240974316373416, 0.2975358587716073)
[9, 2, 4, 6, 1, 2, 1, 7, 5, 3, 3, 6, 7, 2, 6, 10, 6, 4, 9, 3, 6, 10, 4, 1, 2, 8, 2, 10, 8, 3, 7, 8, 6, 7, 1, 4, 9, 10, 7, 9, 3, 8, 1, 1, 4, 7, 9, 8, 8, 9, 6, 9, 10, 8, 6, 2, 5, 4, 3, 3, 1, 1]
(0.7737391000613505, 0.9518926446385618, 0.6203161149430272, 0.0, 0.569345046021041, 0.0, 0.6014970498159491, 0.0, 0.7171150499954763, 0.8413037594199172)
[7, 7, 1, 6, 9, 8, 4, 6, 7, 4, 4, 4, 10, 2, 7, 4, 10, 7, 7, 5, 1, 4, 5, 10, 5, 8, 1, 9, 9, 5, 2, 7, 7, 2, 1, 10, 7, 7, 8, 10, 5, 3, 5, 10, 7, 6, 2, 8, 7, 8, 7, 2, 4, 5, 5, 5, 5, 5, 4, 5, 8, 1]
(0.7359812358394213, 0.3425668595380203, 0.7307794494554348, 0.1693975519458665, 0.7468698875978533, 0.7849462365591391, 0.0, 0.18951132300357565, 0.7481231866404359, 0.3133213431165014)
[7, 7, 6, 2, 5, 1, 6, 6, 9, 7, 4, 4, 10, 2, 7, 8, 10, 6, 7, 5, 3, 4, 5, 7, 7, 8, 3, 9, 9, 5, 9, 7, 5, 10, 6, 2, 3, 3, 5, 3, 7, 4, 5, 10, 7, 8, 5, 8, 8, 5, 6, 9, 4, 5, 5, 5, 4, 5, 4, 3, 8, 1]
(0.7683994757011468, 0.0, 0.7607986537739572, 0.6755280322117319, 0.706199648044998, 0.0, 0.0, 0.41398865784499045, 0.7671602608635956, 0.7662392741069133)
[10, 3, 7, 9, 9, 5, 9, 2, 9, 4, 9, 7, 3, 5, 3, 6, 8, 3, 7, 3, 5, 10, 4, 5, 10, 9, 5, 6, 8, 8, 2, 6, 7, 2, 9, 5, 8, 8, 8, 9, 3, 4, 3, 1, 6, 6, 9, 8, 8, 5, 7, 6, 4, 4, 5, 5, 5, 5, 3, 3, 6, 8]
(0.7772584328427845, 0.2064392726074661, 0.8053775949403575, 0.6755280322117319, 0.0, 0.0, 0.3233086237683911, 0.0, 0.7828251482918793, 0.9810621791783634)
[7, 3, 10, 6, 9, 2, 9, 4, 3, 7, 10, 3, 1, 2, 6, 2, 1, 4, 8, 3, 6, 10, 4, 1, 6, 9, 2, 6, 3, 3, 6, 9, 6, 7, 3, 10, 8, 8, 7, 10, 5, 5, 4, 10, 7, 8, 5, 8, 9, 5, 6, 9, 4, 5, 5, 5, 5, 5, 4, 3, 8, 1]
(0.7521909540519062, 0.40390710333589963, 0.7313185563310928, 0.18002748511223077, 0.7849462365591391, 0.7849462365591391, 0.0, 0.1820791566661961, 0.7259077554568597, 0.3133213431165014)
[7, 3, 10, 6, 9, 2, 9, 4, 3, 7, 10, 3, 1, 2, 6, 2, 1, 4, 8, 3, 6, 10, 4, 1, 6, 9, 2, 6, 3, 3, 6, 9, 6, 7, 3, 10, 8, 8, 7, 10, 5, 5, 4, 10, 7, 8, 5, 8, 9, 5, 6, 9, 4, 5, 5, 5, 5, 5, 4, 3, 8, 1]
(0.7521909540519062, 0.40390710333589963, 0.7313185563310928, 0.18002748511223077, 0.7849462365591391, 0.7849462365591391, 0.7482439277693573, 0.1820791566661961, 0.7259077554568597, 0.3133213431165014)
[7, 2, 8, 4, 6, 6, 9, 4, 10, 3, 1, 7, 3, 2, 7, 4, 1, 10, 7, 5, 3, 4, 5, 9, 1, 8, 1, 9, 9, 5, 2, 7, 2, 3, 5, 10, 8, 3, 7, 10, 5, 4, 8, 10, 7, 8, 5, 8, 8, 5, 9, 2, 6, 5, 5, 5, 5, 5, 4, 3, 9, 1]
(0.7330952318385188, 0.0, 0.8136901350691851, 0.6203161149430272, 0.0, 0.7849462365591391, 0.0, 0.0, 0.7786917289718923, 0.45963404858079027)
[7, 2, 8, 4, 6, 6, 9, 4, 10, 3, 1, 7, 3, 2, 7, 4, 1, 10, 7, 5, 3, 4, 5, 9, 1, 8, 1, 9, 9, 5, 2, 7, 2, 3, 5, 10, 8, 3, 7, 10, 5, 4, 8, 10, 7, 8, 5, 8, 8, 5, 9, 2, 6, 5, 5, 5, 5, 5, 4, 3, 9, 1]
(0.7330952318385188, 0.0, 0.8136901350691851, 0.6203161149430272, 0.8183437583967981, 0.7849462365591391, 0.301358795352282, 0.0, 0.45963404858079027, 0.45963404858079027)
[8, 7, 6, 2, 5, 1, 6, 6, 9, 7, 4, 1, 10, 10, 5, 6, 8, 3, 7, 3, 5, 4, 6, 7, 7, 8, 3, 9, 9, 5, 9, 7, 5, 10, 6, 2, 3, 3, 4, 3, 7, 4, 5, 10, 7, 8, 5, 8, 8, 5, 6, 9, 4, 5, 5, 4, 4, 5, 4, 3, 8, 1]
(0.0, 0.2224183322322686, 0.7928586842492156, 0.6203161149430272, 0.77914724517613, 0.18114143920595532, 0.7869608556851677, 0.0, 0.7702828103676375, 0.8413037594199172)
[8, 7, 6, 4, 5, 1, 6, 6, 9, 7, 4, 1, 10, 10, 3, 6, 8, 3, 7, 3, 5, 4, 6, 7, 7, 8, 3, 9, 9, 5, 9, 7, 5, 10, 6, 2, 3, 3, 5, 3, 7, 4, 5, 10, 7, 8, 5, 8, 8, 5, 6, 9, 4, 5, 5, 4, 4, 5, 4, 3, 8, 1]
(0.7784681232646041, 0.2224183322322686, 0.7880890073254637, 0.6203161149430272, 0.780936051718884, 0.18114143920595532, 0.7903591366484694, 0.0, 0.786466261558228, 0.8413037594199172)
[8, 7, 6, 2, 5, 1, 6, 6, 9, 7, 4, 1, 10, 10, 3, 6, 7, 3, 7, 3, 5, 4, 5, 7, 7, 8, 3, 9, 9, 5, 9, 7, 5, 10, 6, 2, 3, 3, 5, 3, 7, 4, 5, 10, 7, 8, 5, 8, 8, 5, 6, 9, 4, 5, 5, 4, 4, 5, 4, 3, 8, 1]
(0.7757945911958748, 0.2224183322322686, 0.7870012795552546, 0.6203161149430272, 0.7725488243624503, 0.18114143920595532, 0.786195173673325, 0.0, 0.7800225375220113, 0.8413037594199172)
[9, 3, 8, 4, 1, 2, 9, 4, 5, 7, 4, 4, 5, 2, 9, 10, 1, 9, 9, 3, 6, 6, 4, 7, 9, 8, 1, 6, 8, 4, 2, 7, 2, 3, 3, 10, 2, 8, 7, 10, 5, 4, 5, 10, 7, 8, 5, 8, 8, 5, 6, 9, 4, 5, 5, 5, 5, 5, 4, 3, 8, 1]
(0.6980961555615021, 0.40390710333589963, 0.706905368529255, 0.18519905234686163, 0.7598369406536163, 0.7849462365591391, 0.7233441894873927, 0.18951132300357565, 0.7374881478026455, 0.3133213431165014)
[7, 3, 10, 6, 9, 2, 9, 4, 5, 7, 4, 4, 6, 2, 6, 10, 6, 4, 8, 3, 6, 10, 4, 1, 6, 9, 2, 6, 3, 3, 7, 9, 6, 7, 3, 10, 8, 8, 7, 10, 5, 5, 4, 9, 7, 8, 5, 8, 9, 5, 6, 5, 4, 5, 5, 5, 5, 5, 4, 3, 8, 1]
(0.7423402329906765, 0.40390710333589963, 0.7505937961861434, 0.19208082539384974, 0.7849462365591391, 0.7849462365591391, 0.7419287657365149, 0.18951132300357565, 0.7370843427255697, 0.3133213431165014)
[7, 3, 10, 6, 9, 2, 9, 4, 3, 7, 5, 3, 1, 2, 6, 9, 1, 4, 8, 2, 6, 10, 4, 2, 4, 9, 2, 6, 6, 3, 4, 9, 5, 7, 3, 10, 8, 8, 7, 10, 5, 5, 4, 10, 7, 8, 5, 8, 9, 7, 6, 9, 4, 5, 5, 5, 5, 5, 4, 3, 8, 1]
(0.40390710333589963, 0.40390710333589963, 0.2786416454240698, 0.19208082539384974, 0.778172388486558, 0.7849462365591391, 0.7457472430542057, 0.18951132300357565, 0.7438871258869713, 0.3133213431165014)
[7, 2, 8, 4, 6, 8, 5, 4, 10, 3, 4, 7, 3, 2, 10, 4, 10, 10, 7, 5, 3, 10, 4, 7, 7, 8, 3, 9, 9, 5, 9, 7, 5, 10, 6, 2, 3, 3, 7, 3, 7, 4, 5, 10, 7, 8, 5, 8, 8, 5, 6, 9, 4, 5, 5, 5, 5, 5, 4, 3, 9, 1]
(0.8062146140262418, 0.20245563962411467, 0.8160401279106674, 0.6755280322117319, 0.7819885494187409, 0.16859122401847582, 0.794001857005053, 0.0, 0.8222648764029085, 0.8481910753012474)
[7, 3, 8, 6, 1, 4, 9, 4, 5, 7, 4, 4, 6, 2, 6, 10, 6, 4, 8, 3, 6, 10, 4, 1, 6, 9, 2, 6, 3, 3, 7, 9, 6, 7, 3, 10, 8, 8, 7, 10, 5, 5, 4, 10, 7, 8, 5, 8, 9, 5, 6, 5, 4, 5, 5, 5, 5, 5, 4, 3, 8, 1]
(0.40390710333589963, 0.40390710333589963, 0.7411240832880085, 0.2058639915613631, 0.7849462365591391, 0.7849462365591391, 0.7380464574322051, 0.18951132300357565, 0.733095717988903, 0.3133213431165014)
[7, 3, 8, 6, 1, 4, 9, 4, 5, 7, 4, 4, 6, 2, 6, 10, 6, 4, 8, 3, 6, 10, 4, 1, 6, 9, 2, 6, 3, 3, 7, 9, 6, 7, 3, 10, 8, 8, 7, 10, 5, 5, 4, 10, 7, 8, 5, 8, 9, 5, 6, 5, 4, 5, 5, 5, 5, 5, 4, 3, 8, 1]
(0.40390710333589963, 0.40390710333589963, 0.7411240832880085, 0.2058639915613631, 0.7849462365591391, 0.7849462365591391, 0.18951132300357565, 0.18951132300357565, 0.733095717988903, 0.3133213431165014)
[7, 6, 8, 4, 5, 2, 9, 4, 5, 7, 4, 4, 10, 2, 7, 3, 5, 2, 8, 3, 8, 4, 5, 7, 7, 8, 1, 9, 9, 5, 2, 8, 2, 3, 3, 10, 8, 3, 10, 10, 5, 4, 5, 10, 7, 8, 5, 8, 8, 5, 10, 2, 9, 5, 5, 5, 5, 5, 4, 3, 8, 1]
(0.3237742433324474, 0.2974013474494705, 0.7385881504043881, 0.0, 0.7472299417480771, 0.7849462365591391, 0.7275994887575454, 0.18951132300357565, 0.7236679723486252, 0.6465835313180853)
[7, 2, 8, 4, 6, 8, 5, 4, 10, 3, 4, 7, 3, 2, 10, 4, 10, 10, 7, 3, 5, 4, 5, 7, 7, 8, 3, 9, 9, 5, 9, 7, 5, 10, 6, 2, 3, 3, 7, 3, 7, 4, 5, 10, 7, 8, 5, 8, 8, 5, 6, 9, 4, 5, 5, 5, 5, 5, 4, 3, 9, 1]
(0.8087751096114452, 0.2224183322322686, 0.8255103791132509, 0.6755280322117319, 0.8042186422273451, 0.1725768321513002, 0.7849258786067301, 0.0, 0.8033618656918341, 0.8481910753012474)
[7, 2, 8, 4, 6, 8, 5, 4, 10, 3, 4, 7, 3, 2, 7, 4, 10, 10, 7, 3, 6, 5, 4, 7, 1, 8, 1, 9, 9, 5, 2, 7, 2, 3, 5, 10, 8, 3, 7, 10, 5, 4, 8, 10, 7, 8, 5, 8, 8, 5, 9, 2, 6, 5, 5, 5, 5, 5, 4, 3, 9, 1]
(0.7409758897498193, 0.0, 0.8171238673850831, 0.6755280322117319, 0.7971589734777743, 0.7849462365591391, 0.6692148124799088, 0.0, 0.8014062108471923, 0.45963404858079027)
[7, 7, 1, 6, 9, 2, 7, 7, 2, 3, 3, 7, 3, 2, 7, 4, 10, 10, 7, 5, 3, 4, 5, 7, 9, 8, 3, 6, 9, 5, 2, 7, 2, 7, 7, 10, 7, 7, 8, 10, 1, 7, 3, 3, 5, 6, 10, 8, 8, 8, 7, 9, 4, 5, 5, 5, 5, 5, 4, 3, 8, 1]
(0.7351981354877298, 0.40390710333589963, 0.720157620869572, 0.2058639915613631, 0.7661029553040802, 0.7849462365591391, 0.7369748843833751, 0.25097844184487655, 0.7423471571877545, 0.3133213431165014)
[10, 2, 1, 6, 9, 2, 9, 4, 5, 7, 4, 1, 1, 2, 6, 10, 8, 4, 9, 3, 6, 4, 7, 7, 7, 8, 1, 5, 9, 5, 2, 7, 7, 2, 7, 3, 7, 1, 5, 6, 3, 6, 5, 10, 10, 8, 10, 6, 7, 9, 6, 7, 3, 4, 5, 5, 5, 5, 5, 5, 2, 10]
(0.806251709349447, 0.2974013474494705, 0.8229736873879968, 0.18002748511223077, 0.8326368877664151, 1.0, 0.8247727708890974, 0.18951132300357565, 0.8172097133472501, 0.2975358587716073)
[10, 2, 1, 6, 9, 2, 9, 4, 9, 4, 4, 1, 10, 5, 7, 4, 10, 4, 9, 3, 6, 1, 7, 7, 7, 8, 1, 5, 9, 5, 2, 7, 7, 2, 7, 3, 7, 1, 5, 6, 3, 6, 5, 10, 10, 8, 10, 6, 7, 9, 7, 7, 3, 4, 5, 5, 5, 5, 5, 5, 2, 10]
(0.8285204289480985, 0.2974013474494705, 0.8280005371197999, 0.18002748511223077, 0.8313492780551255, 1.0, 0.8233851375058233, 0.18951132300357565, 0.8284611677750886, 0.2975358587716073)
[7, 4, 1, 6, 1, 3, 9, 4, 5, 7, 4, 4, 10, 2, 7, 10, 1, 3, 9, 3, 8, 4, 5, 5, 7, 8, 1, 5, 9, 5, 2, 7, 2, 7, 1, 6, 8, 7, 3, 10, 5, 2, 5, 10, 10, 6, 4, 8, 10, 4, 7, 9, 4, 5, 5, 5, 5, 5, 4, 5, 8, 1]
(0.7229317734017917, 0.49200602002312005, 0.7078188104554962, 0.18002748511223077, 0.7460482737049404, 0.7849462365591391, 0.7235681565478393, 0.23810696042833404, 0.7412417834624594, 0.3133213431165014)
[7, 5, 6, 2, 5, 1, 6, 6, 9, 7, 4, 1, 10, 2, 7, 4, 10, 7, 7, 5, 3, 4, 5, 7, 7, 8, 3, 9, 9, 5, 9, 7, 5, 8, 6, 2, 3, 3, 5, 3, 7, 4, 5, 10, 7, 8, 5, 8, 8, 5, 6, 9, 4, 5, 5, 5, 4, 5, 4, 3, 8, 1]
(0.7673118757083948, 0.31584916756514525, 0.7445936961099444, 0.6755280322117319, 0.750731666199857, 0.1725768321513002, 0.7669545413926182, 0.0, 0.7795155754312806, 0.8481910753012474)
[7, 3, 8, 6, 1, 4, 9, 4, 5, 7, 4, 4, 6, 2, 6, 10, 6, 4, 8, 3, 6, 10, 4, 1, 6, 9, 2, 6, 3, 3, 7, 9, 6, 7, 3, 10, 8, 8, 7, 10, 5, 5, 4, 10, 7, 8, 5, 8, 9, 5, 6, 2, 4, 5, 5, 5, 5, 5, 4, 3, 8, 1]
(0.7560626974329294, 0.49200602002312005, 0.7333632050082035, 0.2058639915613631, 0.7849462365591391, 0.7849462365591391, 0.7476108221337143, 0.23810696042833404, 0.7309325551614113, 0.3133213431165014)
[7, 9, 5, 6, 3, 2, 6, 7, 2, 3, 6, 6, 10, 2, 9, 6, 4, 4, 7, 3, 6, 10, 4, 1, 8, 9, 2, 10, 8, 3, 7, 8, 6, 7, 1, 1, 9, 10, 7, 9, 3, 8, 1, 1, 4, 7, 9, 8, 8, 9, 6, 9, 10, 1, 6, 2, 5, 4, 3, 3, 1, 1]
(0.0, 0.669406772116212, 0.6357068048790055, 0.5467800034305973, 0.5488721804511288, 0.0, 0.2887464689090867, 0.0, 0.6392992457374874, 0.8413037594199172)
[7, 9, 5, 6, 3, 2, 6, 7, 2, 3, 6, 6, 10, 2, 5, 9, 6, 4, 9, 3, 6, 10, 4, 1, 8, 9, 2, 10, 8, 3, 7, 8, 6, 7, 1, 1, 9, 10, 7, 9, 3, 8, 1, 1, 4, 7, 9, 8, 8, 9, 6, 9, 10, 1, 6, 2, 5, 4, 3, 3, 1, 1]
(0.7492374578490791, 0.669406772116212, 0.5918511731550044, 0.5467800034305973, 0.6466389102861236, 0.0, 0.3390717605128903, 0.0, 0.5997094998136115, 0.8413037594199172)
[7, 9, 5, 6, 3, 2, 6, 7, 2, 3, 6, 6, 10, 2, 9, 6, 4, 7, 9, 3, 6, 10, 4, 1, 8, 9, 2, 10, 8, 3, 7, 8, 6, 7, 1, 1, 9, 10, 7, 9, 3, 8, 1, 1, 4, 7, 9, 8, 8, 9, 6, 9, 10, 1, 6, 2, 5, 4, 3, 3, 1, 1]
(0.7558927493169838, 0.669406772116212, 0.6695546185597728, 0.5467800034305973, 0.5028017727658111, 0.0, 0.549167344160373, 0.0, 0.7275992406532106, 0.8413037594199172)
[7, 9, 5, 6, 3, 2, 6, 7, 2, 3, 6, 6, 10, 2, 5, 9, 6, 4, 9, 3, 6, 10, 4, 1, 8, 9, 2, 10, 8, 3, 7, 8, 6, 7, 1, 1, 9, 10, 7, 9, 3, 8, 1, 1, 5, 7, 9, 8, 8, 9, 6, 9, 10, 1, 6, 2, 5, 4, 3, 3, 1, 1]
(0.7529590209945974, 0.669406772116212, 0.6418614501133516, 0.5467800034305973, 0.6436209576204369, 0.0, 0.43448053207248416, 0.0, 0.5529306424781644, 0.8413037594199172)
[7, 5, 8, 4, 6, 3, 9, 7, 2, 3, 3, 6, 7, 2, 6, 2, 6, 4, 9, 3, 6, 7, 4, 1, 2, 8, 1, 9, 9, 10, 2, 7, 2, 3, 4, 10, 3, 3, 10, 9, 3, 8, 1, 1, 10, 8, 7, 6, 8, 6, 7, 9, 10, 8, 6, 1, 5, 4, 3, 3, 8, 1]
(0.7895163374021581, 0.669406772116212, 0.7709742022678192, 0.6755280322117319, 0.7219699619337858, 0.0, 0.7864104224368863, 0.0, 0.7416705388875637, 0.7416705388875637)
[7, 7, 6, 2, 5, 1, 6, 6, 9, 7, 4, 4, 10, 2, 7, 4, 10, 7, 7, 5, 3, 4, 5, 7, 7, 8, 3, 9, 9, 5, 9, 7, 5, 10, 6, 2, 3, 3, 5, 3, 7, 4, 5, 10, 7, 8, 5, 8, 8, 5, 6, 9, 4, 5, 5, 5, 4, 5, 4, 3, 8, 1]
(0.771310831420117, 0.0, 0.7617636403068836, 0.6755280322117319, 0.7036373274400778, 0.16859122401847582, 0.7530234927311478, 0.41398865784499045, 0.7750703671947055, 0.8481910753012474)
[7, 7, 1, 6, 9, 2, 9, 7, 2, 3, 3, 7, 3, 2, 7, 4, 10, 10, 9, 3, 6, 10, 5, 1, 7, 8, 1, 9, 9, 5, 2, 7, 2, 3, 3, 10, 3, 3, 7, 10, 1, 7, 2, 8, 5, 6, 4, 8, 8, 8, 7, 9, 4, 5, 5, 5, 5, 5, 4, 3, 1, 1]
(0.6330567484721492, 0.6180458394810515, 0.6536208575591398, 0.6755280322117319, 0.600356211699542, 0.0, 0.6135008255019739, 0.0, 0.7686014378443295, 0.8413037594199172)
[9, 2, 6, 6, 1, 2, 1, 7, 2, 3, 3, 6, 10, 2, 5, 8, 6, 4, 4, 3, 6, 10, 4, 1, 8, 9, 2, 10, 8, 3, 7, 8, 6, 7, 1, 1, 9, 10, 7, 9, 3, 8, 1, 1, 4, 7, 9, 8, 8, 9, 6, 9, 10, 8, 6, 2, 5, 4, 3, 3, 1, 1]
(0.6537925148382742, 0.7458346934989032, 0.2775086270645279, 0.0, 0.0, 0.5488721804511288, 0.27583691719919634, 0.0, 0.5557093309238506, 0.8413037594199172)
[9, 2, 6, 6, 1, 2, 1, 7, 2, 3, 3, 6, 10, 2, 6, 2, 6, 4, 4, 3, 6, 10, 4, 1, 8, 9, 2, 10, 8, 3, 7, 8, 6, 7, 1, 1, 9, 10, 7, 9, 3, 8, 1, 1, 4, 7, 9, 8, 8, 9, 6, 9, 10, 8, 6, 2, 5, 4, 3, 3, 1, 1]
(0.7460835320874987, 0.7594807213172252, 0.5520439350977487, 0.0, 0.5488721804511288, 0.5488721804511288, 0.6519640797749116, 0.0, 0.5977462934330072, 0.8413037594199172)
[9, 5, 4, 6, 1, 2, 1, 7, 2, 3, 6, 6, 7, 2, 9, 6, 4, 4, 7, 3, 6, 10, 4, 1, 5, 9, 2, 10, 8, 3, 7, 8, 6, 7, 1, 1, 9, 10, 7, 9, 3, 8, 1, 1, 4, 7, 9, 8, 8, 9, 6, 9, 10, 1, 6, 2, 5, 4, 3, 3, 1, 1]
(0.7709817582741314, 0.647342472038235, 0.6753552460216126, 0.6753552460216126, 0.5346999650821072, 0.0, 0.2700124917551894, 0.0, 0.6612925006076631, 0.8275998318068258)
[1, 9, 5, 6, 3, 2, 6, 7, 2, 3, 3, 6, 10, 2, 1, 6, 4, 4, 7, 3, 6, 10, 4, 1, 8, 9, 2, 10, 8, 3, 7, 7, 2, 3, 3, 10, 5, 1, 7, 9, 3, 8, 8, 1, 3, 7, 9, 8, 6, 8, 6, 9, 10, 9, 6, 1, 5, 4, 3, 3, 8, 1]
(0.7800889758393104, 0.7946285990998082, 0.7431424381211338, 0.6755280322117319, 0.715240226499731, 0.74705389272421, 0.6965740634128401, 0.0, 0.43683812189847127, 0.0)
[7, 3, 8, 4, 6, 2, 9, 7, 2, 3, 3, 6, 7, 2, 6, 10, 6, 4, 9, 3, 6, 10, 4, 1, 2, 8, 1, 9, 9, 10, 2, 7, 2, 3, 4, 10, 3, 3, 10, 9, 6, 8, 1, 1, 10, 8, 7, 6, 8, 6, 7, 9, 10, 8, 6, 1, 5, 4, 3, 3, 8, 1]
(0.7816649889573387, 0.9518926446385618, 0.7426863467320739, 0.6203161149430272, 0.6914872163906635, 0.0, 0.7674107858911092, 0.0, 0.7474919436499413, 0.7416705388875637)
[7, 6, 8, 6, 5, 1, 6, 10, 9, 7, 4, 4, 10, 2, 7, 4, 10, 7, 7, 5, 3, 4, 5, 7, 7, 8, 3, 9, 9, 5, 9, 7, 5, 10, 6, 2, 3, 3, 5, 3, 7, 4, 5, 10, 7, 8, 5, 8, 8, 5, 6, 9, 4, 5, 5, 5, 4, 5, 4, 3, 8, 1]
(0.7682684758678016, 0.2770551604701718, 0.7674772674217754, 0.6755280322117319, 0.1725768321513002, 0.1725768321513002, 0.7822623057290846, 0.41398865784499045, 0.7944218700751594, 0.8481910753012474)
[7, 6, 8, 6, 5, 1, 6, 10, 9, 7, 4, 4, 10, 2, 7, 4, 10, 7, 7, 5, 3, 4, 5, 7, 7, 8, 3, 9, 9, 5, 9, 7, 5, 10, 6, 2, 3, 3, 5, 3, 7, 4, 5, 10, 7, 8, 5, 8, 8, 5, 6, 9, 4, 5, 5, 5, 4, 5, 4, 3, 8, 1]
(0.7682684758678016, 0.2770551604701718, 0.7674772674217754, 0.6755280322117319, 0.7713411534205015, 0.1725768321513002, 0.7822623057290846, 0.41398865784499045, 0.7944218700751594, 0.8481910753012474)
[7, 3, 1, 6, 1, 1, 9, 4, 5, 7, 4, 4, 10, 2, 7, 10, 1, 3, 9, 3, 8, 4, 5, 7, 7, 8, 1, 9, 9, 5, 2, 7, 2, 7, 7, 4, 8, 7, 8, 10, 5, 7, 4, 10, 7, 8, 5, 8, 10, 4, 7, 9, 4, 5, 5, 5, 5, 5, 4, 5, 8, 1]
(0.7219978982582638, 0.3425668595380203, 0.7499284664168895, 0.6755280322117319, 0.7327795227989503, 0.7849462365591391, 0.7241303389891931, 0.1820791566661961, 0.754406542889768, 0.426444359398355)
[7, 9, 5, 6, 4, 8, 9, 4, 5, 7, 3, 6, 10, 2, 6, 10, 6, 7, 7, 5, 1, 4, 5, 10, 5, 8, 1, 9, 6, 3, 7, 9, 10, 7, 1, 1, 9, 3, 10, 9, 3, 10, 3, 1, 7, 7, 9, 8, 8, 8, 6, 9, 10, 8, 6, 1, 5, 4, 4, 4, 6, 1]
(0.7036215221509284, 0.6475012199672779, 0.5933895306661685, 0.6203161149430272, 0.666856653429563, 0.6460176991150443, 0.0, 0.0, 0.0, 0.5118383010849337)
[7, 7, 6, 6, 9, 1, 6, 6, 9, 7, 4, 1, 10, 2, 7, 4, 10, 7, 7, 5, 3, 4, 5, 7, 7, 8, 3, 9, 9, 5, 9, 7, 5, 8, 6, 2, 3, 3, 5, 3, 7, 4, 5, 10, 7, 8, 5, 8, 8, 5, 6, 9, 4, 5, 5, 5, 4, 5, 4, 3, 8, 1]
(0.7667281450703676, 0.31584916756514525, 0.7576761996373471, 0.6755280322117319, 0.7650285227224168, 0.1725768321513002, 0.7933223845437101, 0.41398865784499045, 0.7944606510922244, 0.8481910753012474)
[7, 5, 6, 2, 5, 1, 6, 6, 9, 7, 4, 1, 10, 2, 7, 4, 10, 7, 7, 5, 3, 4, 5, 7, 7, 8, 3, 9, 9, 5, 9, 7, 5, 8, 6, 2, 3, 3, 5, 3, 7, 4, 5, 10, 7, 8, 5, 8, 8, 5, 6, 9, 4, 5, 5, 5, 4, 5, 4, 3, 8, 1]
(0.7673118757083948, 0.31584916756514525, 0.0, 0.6755280322117319, 0.0, 0.1725768321513002, 0.7669545413926182, 0.41398865784499045, 0.7795155754312806, 0.8481910753012474)
[7, 7, 6, 2, 5, 1, 6, 6, 9, 7, 4, 1, 10, 10, 7, 4, 10, 7, 7, 5, 3, 4, 5, 7, 7, 8, 3, 9, 9, 5, 9, 7, 5, 8, 6, 2, 3, 3, 5, 3, 7, 4, 5, 10, 7, 8, 5, 8, 8, 5, 6, 9, 4, 5, 5, 5, 4, 5, 4, 3, 8, 1]
(0.7650094801559979, 0.31584916756514525, 0.74914758857339, 0.6755280322117319, 0.7503455990925371, 0.1725768321513002, 0.7581097973510562, 0.41398865784499045, 0.7731288446113401, 0.8481910753012474)
[7, 9, 1, 6, 1, 2, 9, 4, 5, 7, 4, 4, 10, 2, 7, 10, 1, 2, 9, 3, 8, 4, 5, 7, 7, 8, 1, 9, 9, 5, 2, 7, 2, 7, 7, 4, 8, 7, 8, 10, 5, 5, 4, 10, 7, 8, 5, 8, 10, 4, 7, 9, 4, 5, 5, 5, 5, 5, 4, 5, 8, 1]
(0.7405894400551861, 0.40390710333589963, 0.7542396156117261, 0.6755280322117319, 0.7662177106365503, 0.7849462365591391, 0.7280402572825498, 0.18951132300357565, 0.748422922380263, 0.37262993179251275)
[7, 2, 8, 4, 6, 8, 5, 4, 10, 3, 1, 7, 3, 2, 7, 4, 1, 10, 7, 5, 3, 4, 5, 9, 7, 1, 3, 9, 9, 5, 2, 7, 2, 3, 5, 10, 8, 3, 7, 10, 5, 4, 8, 10, 7, 8, 5, 8, 8, 5, 9, 2, 6, 5, 5, 5, 5, 5, 4, 3, 9, 1]
(0.7865233538672262, 0.0, 0.8338546751066985, 0.6755280322117319, 0.8186336351558505, 0.7849462365591391, 0.7655999107286273, 0.0, 0.8117098955437476, 0.990440572223992)
[7, 6, 8, 6, 5, 1, 6, 10, 9, 7, 4, 4, 10, 2, 7, 4, 10, 7, 7, 5, 3, 4, 5, 7, 7, 8, 3, 9, 9, 5, 9, 8, 5, 10, 6, 4, 3, 3, 5, 3, 7, 4, 5, 10, 7, 8, 5, 8, 8, 5, 6, 9, 4, 5, 5, 5, 4, 5, 4, 3, 8, 1]
(0.7561705099418695, 0.31584916756514525, 0.7334930995479164, 0.6859999528154678, 0.7664618605747753, 0.1725768321513002, 0.773460463620716, 0.45451697536907226, 0.7939520044252208, 0.8481910753012474)
[9, 7, 6, 6, 7, 4, 1, 7, 2, 3, 10, 6, 10, 2, 9, 10, 1, 4, 8, 3, 5, 10, 4, 1, 8, 9, 2, 10, 3, 3, 7, 8, 6, 7, 1, 1, 3, 1, 10, 9, 6, 8, 3, 1, 4, 7, 9, 8, 8, 8, 9, 9, 10, 8, 6, 2, 5, 4, 3, 3, 1, 1]
(0.6475012199672779, 0.6475012199672779, 0.644533950276668, 0.6203161149430272, 0.5632525840774146, 0.6460176991150443, 0.5340118275955295, 0.0, 0.6863548358902283, 0.6768355822190592)
[7, 9, 5, 6, 3, 2, 6, 7, 2, 3, 6, 6, 10, 2, 9, 6, 4, 4, 7, 3, 6, 10, 4, 1, 8, 9, 2, 10, 8, 3, 7, 8, 6, 7, 1, 1, 9, 10, 7, 9, 3, 8, 1, 1, 4, 7, 9, 8, 8, 9, 6, 9, 10, 1, 6, 2, 5, 4, 3, 3, 1, 1]
(0.7622303640469844, 0.669406772116212, 0.6357068048790055, 0.5467800034305973, 0.5488721804511288, 0.5488721804511288, 0.0, 0.0, 0.6392992457374874, 0.8413037594199172)
[9, 2, 6, 6, 1, 2, 1, 7, 2, 3, 3, 6, 10, 2, 6, 8, 6, 4, 9, 3, 6, 10, 4, 1, 8, 9, 2, 10, 8, 3, 7, 8, 6, 7, 1, 1, 9, 10, 7, 9, 3, 8, 1, 1, 4, 7, 9, 8, 8, 9, 6, 9, 10, 8, 6, 2, 5, 4, 3, 3, 1, 1]
(0.6944605560973238, 0.669406772116212, 0.33711170461028994, 0.5607893856242274, 0.0, 0.5488721804511288, 0.6192903479561171, 0.0, 0.7356731416657506, 0.8278593156426567)
[7, 9, 5, 6, 6, 8, 9, 4, 5, 3, 3, 6, 10, 2, 6, 10, 6, 7, 8, 3, 6, 10, 2, 1, 6, 9, 7, 2, 6, 3, 7, 9, 6, 7, 1, 1, 9, 3, 10, 9, 3, 10, 3, 1, 7, 7, 9, 8, 8, 8, 6, 9, 10, 8, 6, 1, 5, 4, 4, 4, 6, 1]
(0.5246864443644855, 0.6475012199672779, 0.6789687363430804, 0.6203161149430272, 0.4622840097174042, 0.4987614965066303, 0.4637664882466194, 0.0, 0.6937955012544935, 0.8413037594199172)
[7, 3, 8, 4, 1, 2, 6, 7, 2, 3, 6, 6, 7, 2, 9, 6, 4, 4, 7, 3, 6, 10, 4, 1, 8, 9, 2, 10, 8, 3, 7, 8, 6, 7, 1, 1, 9, 10, 10, 9, 3, 8, 1, 1, 4, 7, 9, 8, 8, 9, 6, 9, 10, 7, 6, 2, 5, 4, 3, 3, 8, 1]
(0.7481481825932798, 0.774729374237352, 0.6748775085434268, 0.6755280322117319, 0.4906869823113068, 0.5488721804511288, 0.37232694532722416, 0.0, 0.7343739399686395, 0.7173111198469939)
[7, 9, 5, 6, 3, 2, 6, 7, 2, 3, 6, 6, 6, 2, 9, 9, 6, 7, 9, 3, 6, 10, 4, 1, 8, 9, 2, 10, 8, 3, 7, 8, 6, 7, 1, 1, 9, 10, 7, 9, 3, 4, 3, 1, 6, 6, 9, 8, 8, 5, 6, 9, 10, 1, 6, 2, 5, 4, 3, 3, 6, 1]
(0.800534066744142, 0.669406772116212, 0.70547464769333, 0.6755280322117319, 0.5488721804511288, 0.5488721804511288, 0.4630610050633552, 0.0, 0.7511024674400626, 0.8278593156426567)
[7, 9, 5, 6, 3, 2, 6, 7, 2, 3, 6, 6, 10, 2, 9, 6, 6, 4, 9, 3, 6, 10, 4, 1, 8, 9, 2, 10, 8, 3, 7, 8, 6, 7, 1, 1, 9, 10, 7, 9, 3, 8, 1, 1, 4, 7, 9, 8, 8, 5, 6, 9, 10, 1, 6, 2, 5, 4, 3, 3, 1, 1]
(0.764205614663654, 0.7663126444443996, 0.6642031660303424, 0.6716684835031578, 0.5723085461184346, 0.4771241830065365, 0.333652946166696, 0.0, 0.5673348003998375, 0.8413037594199172)
[7, 9, 5, 6, 3, 2, 6, 7, 2, 3, 6, 6, 7, 2, 9, 6, 4, 4, 7, 3, 6, 10, 4, 1, 8, 9, 2, 10, 8, 3, 7, 8, 6, 7, 1, 1, 9, 10, 10, 9, 3, 8, 1, 1, 4, 7, 9, 8, 8, 9, 6, 9, 10, 7, 6, 2, 5, 4, 3, 3, 7, 1]
(0.7973125675693086, 0.9518926446385618, 0.5243356535211183, 0.6203161149430272, 0.5488721804511288, 0.5488721804511288, 0.3505915446206946, 0.0, 0.42322633359581235, 0.8278593156426567)
