Matsuoka quadruped, body parameters:[1, 10, 6, 7, 1, 2, 4, 4, 8, 7, 6, 10, 1, 5, 9, 2, 3, 7, 2, 8, 9, 10, 3, 1, 7, 3, 5, 9, 10, 1, 1, 1]
{'b': 0.020000000000000004, 'gam': 0.1, 'x0': 0.6, 'c': 3.5, 'a': 0.2}
Inter-module:
[[ 0.  -1.8 -1.4 -0.6]
 [-1.4  0.  -0.8 -1. ]
 [-1.4 -0.6  0.  -1.8]
 [-0.8 -1.  -1.4  0. ]]
Intra-module:
[[ 0.  -0.8 -1.4]
 [-0.6  0.   1.4]
 [ 1.8 -1.   0. ]]
Bias:[2.  1.1 1.5]
Drive coeff:[ 0.7 -0.7 -0.5]
gen	evals	std                               	min       	avg                               	max                               
0  	92   	[0.01667378 0.01798674 0.01276114]	[0. 0. 0.]	[0.00441001 0.00475635 0.00287116]	[0.11271696 0.10553197 0.0820653 ]
1  	92   	[0.02688337 0.02273519 0.01488266]	[0. 0. 0.]	[0.00936858 0.00930466 0.00435698]	[0.18209069 0.10553197 0.0820653 ]
2  	92   	[0.04007962 0.03431948 0.02077143]	[0. 0. 0.]	[0.01999079 0.02042717 0.00951687]	[0.20192132 0.13726143 0.0820653 ]
3  	92   	[0.04252878 0.04466682 0.02474993]	[0. 0. 0.]	[0.03154272 0.0359425  0.01458736]	[0.20192132 0.2618243  0.08957623]
4  	92   	[0.04582497 0.04524216 0.02856365]	[0. 0. 0.]	[0.05228447 0.05556877 0.02832386]	[0.25088561 0.2618243  0.09269549]
5  	92   	[0.04524391 0.05494171 0.03626641]	[0. 0. 0.]	[0.07064554 0.08060033 0.04602326]	[0.25088561 0.27869747 0.15216818]
6  	92   	[0.04631513 0.0681206  0.04049095]	[0. 0. 0.]	[0.08219606 0.10515428 0.05674069]	[0.25088561 0.45196725 0.15355833]
7  	92   	[0.04321214 0.07291103 0.04848305]	[0. 0. 0.]	[0.09050995 0.11698361 0.06285992]	[0.25088561 0.45196725 0.27390374]
8  	92   	[0.04630566 0.07990506 0.0567161 ]	[0. 0. 0.]	[0.10288664 0.13494037 0.06460358]	[0.25088561 0.45196725 0.27390374]
9  	92   	[0.04589763 0.08889629 0.06270975]	[0. 0. 0.]	[0.10958301 0.15119657 0.07562345]	[0.25088561 0.45196725 0.27390374]
10 	92   	[0.04953526 0.09958622 0.07338042]	[0. 0. 0.]	[0.12079497 0.17575912 0.0873261 ]	[0.25088561 0.47356095 0.27390374]
11 	92   	[0.0461644  0.1371331  0.07849432]	[0. 0. 0.]	[0.12749794 0.22304237 0.11247381]	[0.25088561 0.5748872  0.27390374]
12 	92   	[0.04610876 0.14549103 0.07603602]	[0. 0. 0.]	[0.13424753 0.24821723 0.11868035]	[0.25088561 0.5748872  0.27390374]
13 	92   	[0.04469168 0.15019803 0.07535692]	[0.05767421 0.         0.        ]	[0.14237074 0.28685326 0.13911771]	[0.25088561 0.5748872  0.27852288]
14 	92   	[0.04616623 0.15432558 0.07279543]	[0.04645955 0.         0.        ]	[0.14316681 0.33373943 0.14754094]	[0.25088561 0.5929821  0.27852288]
15 	92   	[0.04586474 0.15422397 0.07872656]	[0.04645955 0.         0.        ]	[0.14944185 0.34068539 0.15341228]	[0.25088561 0.5929821  0.29910786]
16 	92   	[0.05165583 0.16009776 0.08474371]	[0.04645955 0.         0.        ]	[0.15297983 0.35888882 0.15972063]	[0.26729167 0.5929821  0.29910786]
17 	92   	[0.06356053 0.15771814 0.08665874]	[0.04645955 0.         0.        ]	[0.16466731 0.36448793 0.15899561]	[0.40881618 0.5978659  0.29910786]
18 	92   	[0.06396914 0.14449678 0.08730821]	[0.04645955 0.         0.        ]	[0.16674336 0.35774153 0.16894577]	[0.40881618 0.5978659  0.29910786]
19 	92   	[0.06505533 0.15538583 0.08827044]	[0.04645955 0.         0.        ]	[0.16956333 0.34976343 0.17924275]	[0.40881618 0.5978659  0.41298679]
20 	92   	[0.07471039 0.16086041 0.09310763]	[0.04645955 0.         0.        ]	[0.17623759 0.35048531 0.18379613]	[0.40881618 0.5978659  0.41298679]
21 	92   	[0.0791127  0.15770977 0.09283784]	[0.04645955 0.         0.        ]	[0.18404015 0.34678815 0.1850297 ]	[0.40881618 0.5978659  0.41298679]
22 	92   	[0.08311075 0.16293632 0.11218332]	[0.04645955 0.         0.        ]	[0.18737116 0.33702419 0.19000272]	[0.40881618 0.5978659  0.65930092]
23 	92   	[0.08314776 0.15781433 0.10886266]	[0.04645955 0.         0.        ]	[0.18983038 0.35238402 0.19693743]	[0.40881618 0.5978659  0.65930092]
24 	92   	[0.09194484 0.16345799 0.12003339]	[0.04645955 0.         0.        ]	[0.20087577 0.33320186 0.19713181]	[0.43852621 0.5978659  0.65930092]
25 	92   	[0.10403028 0.16658435 0.11334307]	[0.04645955 0.         0.        ]	[0.20207248 0.33121148 0.21990614]	[0.46683538 0.5978659  0.65930092]
26 	92   	[0.10689776 0.1623323  0.11131687]	[0.04645955 0.         0.        ]	[0.19874912 0.3418696  0.21953526]	[0.46683538 0.5978659  0.65930092]
27 	92   	[0.11479521 0.16059284 0.11164201]	[0.04645955 0.         0.        ]	[0.21142909 0.33943223 0.22264441]	[0.46683538 0.5978659  0.65930092]
28 	92   	[0.11590052 0.15711082 0.10874232]	[0.08331075 0.         0.        ]	[0.21538361 0.34112345 0.22632524]	[0.46683538 0.5978659  0.65930092]
29 	92   	[0.12205865 0.16472929 0.12114374]	[0.05364222 0.         0.        ]	[0.23648394 0.31029647 0.22664275]	[0.46683538 0.75906957 0.65930092]
30 	92   	[0.11951246 0.16739127 0.13384681]	[0.05601003 0.         0.        ]	[0.24552079 0.30978286 0.22611678]	[0.46683538 0.75906957 0.75715173]
31 	92   	[0.12768516 0.16355248 0.1433918 ]	[0.08331075 0.         0.        ]	[0.26625707 0.31353383 0.22751219]	[0.6913064  0.75906957 0.75715173]
32 	92   	[0.12626366 0.1692094  0.14804358]	[0.07515542 0.         0.        ]	[0.26749607 0.32141531 0.23122226]	[0.6913064  0.75906957 0.76091453]
33 	92   	[0.14153633 0.15587098 0.15072985]	[0.07515542 0.         0.        ]	[0.30195524 0.31601353 0.24359686]	[0.71764642 0.75906957 0.76091453]
34 	92   	[0.14977156 0.17542757 0.16760303]	[0.07515542 0.         0.        ]	[0.33616751 0.31093391 0.26014205]	[0.71764642 0.76268443 0.76091453]
35 	92   	[0.15959715 0.16974785 0.17458606]	[0. 0. 0.]                        	[0.34516361 0.32115901 0.2950286 ]	[0.71770793 0.76268443 0.76091453]
36 	92   	[0.14082727 0.15126731 0.17980631]	[0.07515542 0.         0.        ]	[0.38631083 0.30224219 0.2856817 ]	[0.71770793 0.76268443 0.76091453]
37 	92   	[0.1253603  0.14654306 0.18829559]	[0.07515542 0.         0.        ]	[0.40886347 0.29084846 0.2951816 ]	[0.71770793 0.76268443 0.76091453]
38 	92   	[0.12992391 0.17575    0.1796263 ]	[0.18735382 0.         0.        ]	[0.42216446 0.30233992 0.33269413]	[0.71806364 1.00198981 0.76091453]
39 	92   	[0.14859673 0.18858405 0.20042418]	[0.13690439 0.         0.        ]	[0.41389713 0.35192544 0.36970198]	[0.71806364 1.00198981 0.76091453]
40 	92   	[0.15542387 0.2020732  0.20587477]	[0.13690439 0.         0.        ]	[0.41831497 0.36113598 0.39819091]	[0.71806364 1.00198981 0.76091453]
41 	92   	[0.15303133 0.2013648  0.21424348]	[0.13690439 0.         0.        ]	[0.43794198 0.3752463  0.40182482]	[0.71806364 1.00198981 0.76091453]
42 	92   	[0.16860997 0.2028375  0.22249702]	[0. 0. 0.]                        	[0.43478555 0.39085698 0.45348982]	[0.71806364 1.00198981 0.99251289]
43 	92   	[0.17619259 0.20494367 0.22855152]	[0. 0. 0.]                        	[0.43131871 0.40701093 0.47356384]	[0.71806364 1.00198981 0.99251289]
44 	92   	[0.18649997 0.20499529 0.21242709]	[0. 0. 0.]                        	[0.43691754 0.40545112 0.51372351]	[0.71806364 1.00198981 0.99251289]
45 	92   	[0.20107996 0.2075388  0.21902084]	[0. 0. 0.]                        	[0.4211001  0.44335532 0.508584  ]	[0.71812752 1.00198981 0.99251289]
46 	92   	[0.20782783 0.19669995 0.2109261 ]	[0. 0. 0.]                        	[0.41264415 0.45527574 0.53715129]	[0.71812752 1.00198981 0.99251289]
47 	92   	[0.20386229 0.18278866 0.20755383]	[0. 0. 0.]                        	[0.44611656 0.47406642 0.53238295]	[0.71812752 1.00198981 0.99251289]
48 	92   	[0.20629761 0.17969969 0.21678284]	[0. 0. 0.]                        	[0.4547189  0.47295924 0.52973949]	[0.71812752 1.00198981 0.99251289]
49 	92   	[0.20288157 0.17977004 0.20671292]	[0. 0. 0.]                        	[0.45326086 0.47688111 0.5432102 ]	[0.71812752 1.00198981 0.99251289]
50 	92   	[0.20683139 0.18114959 0.21467106]	[0. 0. 0.]                        	[0.45083672 0.47542741 0.5368047 ]	[0.71812752 1.00198981 0.99251289]
51 	92   	[0.21030456 0.18144061 0.22127919]	[0. 0. 0.]                        	[0.45691632 0.47631319 0.53320001]	[0.71812752 1.00198981 0.99251289]
52 	92   	[0.21827192 0.18559878 0.2240315 ]	[0. 0. 0.]                        	[0.45593287 0.47351205 0.53915549]	[0.92254694 1.00198981 0.99251289]
53 	92   	[0.21537696 0.18884924 0.22503427]	[0. 0. 0.]                        	[0.44488884 0.47265409 0.55631856]	[0.92254694 1.00198981 0.99251289]
54 	92   	[0.21326895 0.18960598 0.19081225]	[0. 0. 0.]                        	[0.44570647 0.46461781 0.59198714]	[0.92254694 1.00198981 0.99251289]
55 	92   	[0.21071498 0.18313554 0.16614434]	[0. 0. 0.]                        	[0.4529846  0.47739815 0.60687212]	[0.92254694 1.00198981 0.99251289]
56 	92   	[0.2251042  0.18831539 0.21735339]	[0. 0. 0.]                        	[0.48063136 0.48899059 0.57563628]	[0.92254694 1.00198981 0.99251289]
57 	92   	[0.23370449 0.19857109 0.21819125]	[0. 0. 0.]                        	[0.48412581 0.50177381 0.58725343]	[0.92254694 1.04771309 0.99251289]
58 	92   	[0.25547601 0.2054839  0.21838698]	[0. 0. 0.]                        	[0.46666616 0.49905618 0.60401522]	[0.92254694 1.04771309 0.99251289]
59 	92   	[0.22772423 0.19850044 0.21633455]	[0. 0. 0.]                        	[0.49969964 0.52662595 0.60561231]	[0.92254694 1.04771309 0.99251289]
60 	92   	[0.2259977  0.18286725 0.20870841]	[0. 0. 0.]                        	[0.50415201 0.54497522 0.61411664]	[0.92254694 1.04771309 0.99251289]
61 	92   	[0.21353626 0.18661492 0.22336923]	[0. 0. 0.]                        	[0.54110478 0.54976891 0.60565927]	[0.92254694 1.04771309 0.99251289]
62 	92   	[0.21257567 0.2015336  0.21715589]	[0. 0. 0.]                        	[0.50450249 0.56396312 0.61816239]	[0.92254694 1.13169442 0.99251289]
63 	92   	[0.21326353 0.22601636 0.25751384]	[0. 0. 0.]                        	[0.49313362 0.56326617 0.59751504]	[0.92254694 1.13201311 0.99251289]
64 	92   	[0.21432783 0.21711742 0.25742494]	[0. 0. 0.]                        	[0.50422133 0.54821686 0.59788852]	[0.92254694 1.13201311 0.99251289]
65 	92   	[0.22011219 0.22799245 0.26298089]	[0. 0. 0.]                        	[0.50250691 0.53559169 0.5854201 ]	[0.92254694 1.13201311 0.99251289]
66 	92   	[0.2217336  0.22963971 0.2673484 ]	[0. 0. 0.]                        	[0.50136151 0.54437312 0.58557447]	[0.92254694 1.13201311 0.99251289]
67 	92   	[0.22106684 0.2323703  0.27678274]	[0. 0. 0.]                        	[0.50699701 0.53539248 0.58205299]	[0.92254694 1.13201311 0.99251289]
68 	92   	[0.22096329 0.2535274  0.27287798]	[0. 0. 0.]                        	[0.50325663 0.54808267 0.58093067]	[0.92254694 1.13201311 0.99251289]
69 	92   	[0.22024354 0.24430492 0.28423977]	[0. 0. 0.]                        	[0.51975006 0.57807671 0.55757672]	[0.92254694 1.13201311 0.99251289]
70 	92   	[0.21963083 0.26073597 0.2863499 ]	[0. 0. 0.]                        	[0.52498867 0.57107235 0.57329838]	[0.92254694 1.13201311 0.99251289]
71 	92   	[0.2191457  0.26387192 0.26620016]	[0. 0. 0.]                        	[0.52446983 0.57898964 0.60061364]	[0.92254694 1.13201311 0.99251289]
72 	92   	[0.21539376 0.2731168  0.27806214]	[0. 0. 0.]                        	[0.52843474 0.59921389 0.57732144]	[0.92254694 1.13201311 0.99251289]
73 	92   	[0.21708876 0.28122073 0.27959427]	[0. 0. 0.]                        	[0.52284039 0.59945422 0.58652173]	[0.92254694 1.13201311 0.99251289]
74 	92   	[0.21540722 0.27632219 0.27220244]	[0. 0. 0.]                        	[0.52843496 0.61025215 0.57755342]	[0.92254694 1.13201311 0.99251289]
75 	92   	[0.21722024 0.28281684 0.25428792]	[0. 0. 0.]                        	[0.50642954 0.59575813 0.60341185]	[0.92254694 1.13201311 0.99251289]
76 	92   	[0.21486243 0.29101493 0.2633144 ]	[0. 0. 0.]                        	[0.51233911 0.58844497 0.62042056]	[0.92254694 1.13201311 0.99251289]
77 	92   	[0.21962359 0.27517311 0.26286008]	[0. 0. 0.]                        	[0.51735713 0.5792831  0.63169636]	[0.92344334 1.13201311 0.99251289]
78 	92   	[0.22244486 0.26954478 0.26571498]	[0. 0. 0.]                        	[0.52061203 0.60530568 0.62284968]	[0.92359334 1.13201311 1.00318796]
79 	92   	[0.22282802 0.28092291 0.27454735]	[0. 0. 0.]                        	[0.52831551 0.5926819  0.63441234]	[0.92359334 1.13201311 1.00318796]
80 	92   	[0.21986143 0.27540122 0.27157648]	[0. 0. 0.]                        	[0.52297086 0.59734047 0.63737061]	[0.92359334 1.13201311 1.00318796]
81 	92   	[0.22219451 0.27662032 0.26868089]	[0. 0. 0.]                        	[0.53037566 0.58415026 0.64440387]	[0.92359334 1.13201311 1.00318796]
82 	92   	[0.22108817 0.26821713 0.27166263]	[0. 0. 0.]                        	[0.52843026 0.61902192 0.64272317]	[0.92378453 1.13201311 1.00318796]
83 	92   	[0.22013643 0.27631804 0.27567891]	[0. 0. 0.]                        	[0.53452714 0.61209915 0.64560877]	[0.92516636 1.13201311 1.00318796]
84 	92   	[0.21925469 0.24485773 0.28511037]	[0. 0. 0.]                        	[0.5314235  0.64643256 0.62697761]	[0.92516636 1.13201311 1.00318796]
85 	92   	[0.22027448 0.25184079 0.28550824]	[0. 0. 0.]                        	[0.53056529 0.65360513 0.62445631]	[0.92516636 1.13201311 1.00318796]
86 	92   	[0.21973246 0.24005534 0.28461664]	[0. 0. 0.]                        	[0.53711055 0.66571126 0.63112026]	[0.92516636 1.13201311 1.00318796]
87 	92   	[0.21685705 0.24228195 0.28554506]	[0. 0. 0.]                        	[0.54359788 0.67121679 0.63391434]	[0.92516636 1.13201311 1.00318796]
88 	92   	[0.226044   0.24240807 0.27570676]	[0. 0. 0.]                        	[0.54125484 0.67141158 0.64654915]	[0.92516636 1.13201311 1.00318796]
89 	92   	[0.2265063  0.27295878 0.29466319]	[0. 0. 0.]                        	[0.49314254 0.68819986 0.59366236]	[0.92516636 1.13201311 1.00318796]
90 	92   	[0.23536089 0.28028381 0.29468904]	[0. 0. 0.]                        	[0.4904954  0.6866588  0.59840006]	[0.92516636 1.13201311 1.00318796]
91 	92   	[0.253424   0.27101231 0.28566651]	[0. 0. 0.]                        	[0.51164033 0.6898454  0.60349567]	[0.92516636 1.13201311 1.00318796]
92 	92   	[0.26480732 0.26764006 0.28961791]	[0. 0. 0.]                        	[0.52028049 0.70929462 0.57752998]	[0.92516636 1.13201311 1.00318796]
93 	92   	[0.26677709 0.26783882 0.28459648]	[0. 0. 0.]                        	[0.54293444 0.70471757 0.58309947]	[0.92516636 1.13201311 1.00318796]
94 	92   	[0.25834583 0.2626995  0.28743089]	[0. 0. 0.]                        	[0.5488949  0.71064017 0.59319515]	[0.92516636 1.13201311 1.00318796]
95 	92   	[0.25630051 0.26681193 0.28648425]	[0. 0. 0.]                        	[0.56966394 0.70110894 0.61478752]	[0.92516636 1.13201311 1.00318796]
96 	92   	[0.25553472 0.2685687  0.29267745]	[0. 0. 0.]                        	[0.5680806  0.69190553 0.62193497]	[0.92516636 1.13201311 1.00318796]
97 	92   	[0.24744875 0.27382415 0.29415436]	[0. 0. 0.]                        	[0.57722644 0.69244805 0.63234843]	[0.92516636 1.13201311 1.00318796]
98 	92   	[0.24251268 0.28690771 0.29401174]	[0. 0. 0.]                        	[0.54996745 0.68409621 0.65836409]	[0.92516636 1.13201311 1.00318796]
99 	92   	[0.24495643 0.28282223 0.29466787]	[0. 0. 0.]                        	[0.55216533 0.68913395 0.66070439]	[0.92516636 1.13201311 1.00318796]
100	92   	[0.24527758 0.27840335 0.29799513]	[0. 0. 0.]                        	[0.55157794 0.69313364 0.65772513]	[0.92516636 1.13201311 1.00318796]
101	92   	[0.2450843  0.26468831 0.29834274]	[0. 0. 0.]                        	[0.55901554 0.70825834 0.65827745]	[0.9263077  1.13201311 1.00318796]
102	92   	[0.23698037 0.2549643  0.29482142]	[0. 0. 0.]                        	[0.58632753 0.72473632 0.64091296]	[0.9263077  1.13201311 1.00318796]
103	92   	[0.22783738 0.25714483 0.2996001 ]	[0. 0. 0.]                        	[0.55904085 0.73240312 0.62318881]	[0.9263077  1.13201311 1.00318796]
104	92   	[0.22768515 0.25989656 0.28983507]	[0. 0. 0.]                        	[0.57445069 0.72057225 0.64042498]	[0.9263077  1.13201311 1.00318796]
105	92   	[0.22452001 0.2544082  0.29008466]	[0. 0. 0.]                        	[0.57737003 0.72288375 0.6385197 ]	[0.9263077  1.13201311 1.01889042]
106	92   	[0.22789067 0.2637302  0.2969501 ]	[0. 0. 0.]                        	[0.57538595 0.72995542 0.6289905 ]	[0.9263077  1.13201311 1.01889042]
107	92   	[0.22990314 0.25909709 0.30465712]	[0. 0. 0.]                        	[0.57826386 0.73479745 0.62633822]	[0.9263077  1.13201311 1.01889042]
108	92   	[0.22596873 0.25624133 0.31131642]	[0. 0. 0.]                        	[0.56978054 0.7405875  0.61740312]	[0.9263077  1.13201311 1.01889042]
109	92   	[0.22738649 0.25622655 0.31723842]	[0. 0. 0.]                        	[0.56812065 0.7406199  0.60800238]	[0.9263077  1.13201311 1.01889042]
110	92   	[0.22564427 0.26427911 0.3183462 ]	[0. 0. 0.]                        	[0.56192706 0.72556641 0.63468151]	[0.9263077  1.13201311 1.01988315]
111	92   	[0.23199986 0.26162685 0.32542757]	[0. 0. 0.]                        	[0.55755595 0.73428784 0.62983005]	[0.9263077  1.13201311 1.01988315]
112	92   	[0.23315959 0.2605816  0.32446595]	[0.14185415 0.         0.        ]	[0.58771655 0.70887002 0.65143864]	[0.9263077  1.13201311 1.01988315]
113	92   	[0.22888051 0.25288254 0.32604575]	[0.14185415 0.19530647 0.        ]	[0.58385691 0.7314143  0.63044698]	[0.9263077  1.13201311 1.01988315]
114	92   	[0.22415227 0.2528488  0.3336168 ]	[0.14185415 0.19530647 0.        ]	[0.57938219 0.73149758 0.62308667]	[0.9263077  1.13201311 1.01988315]
115	92   	[0.22406292 0.25528207 0.33322476]	[0.14185415 0.         0.        ]	[0.57645984 0.73129292 0.63344389]	[0.9263077  1.13201311 1.01988315]
116	92   	[0.22576954 0.25165605 0.33090463]	[0. 0. 0.]                        	[0.54643256 0.74704615 0.64056561]	[0.92634831 1.13201311 1.01988315]
117	92   	[0.21493605 0.2427383  0.36126466]	[0. 0. 0.]                        	[0.53014729 0.74272029 0.61665157]	[0.92652034 1.13201311 1.01988315]
118	92   	[0.22108595 0.25048461 0.34174599]	[0. 0. 0.]                        	[0.52028779 0.74771932 0.63526536]	[0.92659957 1.13201311 1.01988315]
119	92   	[0.21458891 0.24145751 0.33667655]	[0.         0.19530647 0.        ]	[0.51647081 0.75424976 0.64392944]	[0.92659957 1.13212941 1.01988315]
120	92   	[0.21559898 0.23505226 0.331432  ]	[0.         0.19530647 0.        ]	[0.51914673 0.76304549 0.64552768]	[0.92659957 1.13212941 1.01988315]
121	92   	[0.21910744 0.23544717 0.31696664]	[0.         0.19530647 0.        ]	[0.51150596 0.76141577 0.66540224]	[0.92659957 1.13212941 1.01988315]
122	92   	[0.21520481 0.2360253  0.32926118]	[0.         0.19530647 0.        ]	[0.50552383 0.7715723  0.65032186]	[0.92659957 1.13212941 1.01988315]
123	92   	[0.21834104 0.24294829 0.3309451 ]	[0.         0.19530647 0.        ]	[0.50368063 0.76164501 0.67353067]	[0.92659957 1.13403416 1.02081582]
124	92   	[0.2166847  0.23680422 0.32280415]	[0.         0.19530647 0.        ]	[0.50016246 0.76490425 0.69159772]	[0.92659957 1.13403416 1.02083061]
125	92   	[0.22499014 0.23067978 0.32070738]	[0.         0.19530647 0.        ]	[0.50637153 0.7473947  0.72178137]	[0.92659957 1.13403416 1.02083061]
126	92   	[0.22692049 0.2306678  0.32724492]	[0.         0.19530647 0.        ]	[0.51220479 0.74741832 0.708003  ]	[0.92659957 1.13403416 1.02083061]
127	92   	[0.24338249 0.23798796 0.32758171]	[0.         0.19530647 0.        ]	[0.52527177 0.74671748 0.70024052]	[0.92659957 1.13403416 1.02098105]
128	92   	[0.24442074 0.23138562 0.33353375]	[0.         0.21016787 0.        ]	[0.51816379 0.75813396 0.68998025]	[0.92659957 1.13403416 1.02098105]
129	92   	[0.24039924 0.23418355 0.34598634]	[0.         0.21016787 0.        ]	[0.52667111 0.76632365 0.66920431]	[0.92659957 1.13403416 1.02098105]
130	92   	[0.23986428 0.23705638 0.34338882]	[0.         0.21016787 0.        ]	[0.53604393 0.78030107 0.639091  ]	[0.92659957 1.13403416 1.02098105]
131	92   	[0.25194433 0.22844638 0.32862436]	[0.         0.21016787 0.        ]	[0.55187192 0.77706965 0.65056012]	[0.92659957 1.13403416 1.02098105]
132	92   	[0.25634867 0.23062093 0.33094643]	[0.         0.21016787 0.        ]	[0.54469534 0.78547855 0.63115829]	[0.92659957 1.13403416 1.02098105]
133	92   	[0.24296085 0.23496594 0.32703997]	[0.         0.21016787 0.        ]	[0.53424905 0.78511664 0.62479496]	[0.92659957 1.13403416 1.02122958]
134	92   	[0.2431273  0.23094457 0.32141482]	[0.         0.21016787 0.        ]	[0.54579281 0.76836249 0.63589411]	[0.92659957 1.13403416 1.02122958]
135	92   	[0.23703472 0.23901586 0.3191382 ]	[0.         0.21016787 0.        ]	[0.54068807 0.77541132 0.64583933]	[0.92682237 1.13403416 1.02122958]
136	92   	[0.23616819 0.24157148 0.32950495]	[0.         0.21016787 0.        ]	[0.54173477 0.78163636 0.62401919]	[0.92682237 1.13403416 1.02122958]
137	92   	[0.2203806  0.24564841 0.33927405]	[0.         0.21016787 0.        ]	[0.50763174 0.80002484 0.61742627]	[0.92682237 1.13403416 1.02122958]
138	92   	[0.23300435 0.2542202  0.33594377]	[0.         0.21016787 0.        ]	[0.52155293 0.80077023 0.60756521]	[0.92682237 1.13403416 1.02122958]
139	92   	[0.22925304 0.26047658 0.33194857]	[0.         0.21016787 0.        ]	[0.51127488 0.79787299 0.59996436]	[0.92682237 1.13403416 1.02122958]
140	92   	[0.22584117 0.24820641 0.32434233]	[0.         0.21031178 0.        ]	[0.50952451 0.81824658 0.58812358]	[0.92682237 1.13403416 1.02122958]
141	92   	[0.22225493 0.25040737 0.31875783]	[0.         0.21031178 0.        ]	[0.4880132  0.82212478 0.59410614]	[0.92682237 1.13403416 1.02122958]
142	92   	[0.22065631 0.24893287 0.30099661]	[0.         0.21031178 0.        ]	[0.48201668 0.81446491 0.61543405]	[0.92682237 1.13403416 1.02122958]
143	92   	[0.22210674 0.25313407 0.30294108]	[0.         0.21031178 0.        ]	[0.47613498 0.82193249 0.609999  ]	[0.92682237 1.13403416 1.02122958]
144	92   	[0.21182269 0.26131235 0.30537074]	[0.         0.21011921 0.        ]	[0.47426799 0.82220406 0.60853019]	[0.92682237 1.13403416 1.02151624]
145	92   	[0.2141063  0.25660276 0.3044905 ]	[0.         0.21011921 0.        ]	[0.48185263 0.80869014 0.61776345]	[0.92682237 1.13403416 1.02151624]
146	92   	[0.2196586  0.25963704 0.3066526 ]	[0.         0.21011921 0.        ]	[0.49152271 0.79035347 0.6381505 ]	[0.92682237 1.13403416 1.02151624]
147	92   	[0.21830272 0.26975423 0.30917384]	[0.         0.21011921 0.        ]	[0.48371351 0.77284334 0.65928483]	[0.92682237 1.13557505 1.02151624]
148	92   	[0.21596246 0.28591454 0.3136665 ]	[0. 0. 0.]                        	[0.48474664 0.75639578 0.6780273 ]	[0.92682237 1.13557505 1.02151624]
149	92   	[0.2123954  0.28613557 0.31450354]	[0. 0. 0.]                        	[0.48248769 0.75693089 0.67850844]	[0.92682237 1.13557505 1.02151624]
[6, 2, 3, 4, 4, 8, 7, 1, 4, 2, 6, 4, 5, 1, 5, 9, 4, 6, 5, 8, 1, 7, 4, 2, 10, 9, 9, 7, 10, 10, 5, 9, 10, 5, 7, 9, 3, 9, 6, 5, 9, 8, 10, 10, 6, 3, 4, 2, 9, 7, 7, 4, 2, 1, 1, 6, 3, 10, 7, 9, 2, 1]
(0.7162273219706561, 0.6313634828871291, 0.0)
[6, 2, 3, 4, 8, 5, 8, 4, 3, 4, 8, 4, 3, 1, 5, 9, 6, 2, 2, 8, 1, 9, 8, 2, 6, 4, 5, 8, 8, 2, 2, 5, 4, 10, 6, 7, 10, 3, 7, 6, 9, 8, 10, 10, 5, 9, 8, 10, 9, 2, 2, 7, 2, 3, 6, 1, 3, 8, 1, 9, 2, 3]
(0.39456978936420745, 0.7647229035385001, 0.27873946745210004)
[6, 2, 3, 4, 7, 8, 7, 1, 4, 2, 8, 3, 2, 6, 5, 6, 4, 2, 2, 3, 1, 8, 8, 8, 9, 5, 5, 4, 5, 2, 5, 9, 9, 4, 1, 8, 1, 8, 7, 6, 6, 10, 10, 4, 6, 1, 9, 1, 9, 4, 8, 5, 2, 7, 6, 6, 10, 10, 3, 9, 8, 3]
(0.3775398160170533, 1.1331596449948793, 0.0)
[6, 2, 3, 4, 7, 5, 7, 1, 4, 2, 2, 4, 2, 8, 5, 5, 4, 5, 6, 8, 1, 5, 4, 8, 10, 9, 4, 7, 3, 2, 8, 9, 9, 5, 7, 8, 3, 7, 10, 7, 6, 10, 10, 4, 6, 1, 4, 2, 9, 4, 7, 4, 2, 8, 3, 6, 3, 10, 1, 9, 2, 1]
(0.0, 0.6321987397451335, 0.9286250298862521)
[5, 2, 3, 4, 7, 5, 4, 1, 4, 2, 6, 1, 5, 1, 5, 9, 4, 6, 9, 8, 1, 6, 6, 6, 9, 9, 9, 7, 10, 10, 8, 9, 4, 5, 7, 9, 3, 9, 7, 5, 9, 8, 10, 10, 6, 1, 4, 2, 9, 7, 7, 4, 2, 7, 6, 6, 3, 10, 3, 9, 2, 3]
(0.29776476985175254, 0.24660454052702763, 1.0198831522562708)
[6, 2, 3, 4, 8, 5, 4, 1, 4, 2, 6, 3, 2, 1, 5, 9, 4, 5, 6, 1, 1, 3, 8, 3, 9, 8, 7, 5, 10, 4, 8, 9, 9, 10, 3, 9, 1, 9, 6, 6, 9, 8, 10, 10, 6, 4, 4, 2, 9, 2, 7, 5, 2, 7, 6, 6, 3, 10, 9, 9, 6, 1]
(0.3779273324621977, 0.2104075833706658, 1.0202394259388037)
[6, 2, 3, 4, 7, 5, 4, 1, 4, 2, 6, 3, 2, 1, 5, 9, 4, 5, 6, 1, 1, 3, 8, 3, 9, 8, 7, 5, 10, 4, 8, 9, 9, 10, 3, 9, 1, 9, 6, 6, 9, 8, 10, 10, 6, 4, 4, 2, 9, 2, 7, 5, 2, 7, 6, 6, 3, 10, 9, 9, 6, 1]
(0.3779676067316034, 0.21035093277761688, 1.0208306139885082)
[5, 2, 3, 4, 7, 5, 4, 1, 4, 2, 3, 3, 6, 1, 5, 9, 4, 5, 6, 1, 1, 3, 8, 3, 9, 8, 7, 5, 10, 4, 8, 9, 9, 10, 3, 9, 1, 9, 6, 8, 9, 8, 10, 10, 6, 4, 4, 2, 9, 2, 7, 5, 2, 7, 6, 6, 3, 10, 9, 9, 6, 1]
(0.3779897270300101, 0.2103464630501404, 1.0208411096837593)
[6, 2, 3, 4, 7, 5, 4, 1, 4, 2, 6, 3, 6, 1, 5, 9, 4, 5, 6, 1, 1, 3, 8, 3, 9, 8, 7, 5, 10, 4, 8, 9, 9, 10, 3, 9, 4, 9, 6, 6, 9, 8, 10, 10, 6, 4, 4, 2, 9, 2, 5, 5, 2, 7, 6, 6, 3, 10, 9, 9, 6, 1]
(0.3779239628805817, 0.21036254426602316, 1.020921550253018)
[6, 2, 3, 4, 7, 5, 4, 1, 4, 2, 6, 3, 6, 1, 5, 9, 4, 5, 6, 1, 1, 3, 3, 3, 9, 8, 7, 5, 10, 4, 8, 9, 9, 10, 3, 9, 4, 9, 6, 6, 9, 2, 10, 10, 6, 4, 4, 2, 9, 2, 5, 5, 2, 7, 6, 6, 3, 10, 9, 9, 6, 1]
(0.377947037402274, 0.21039262398456435, 1.0209032657150094)
[6, 2, 3, 4, 7, 5, 4, 1, 4, 2, 6, 3, 2, 1, 5, 9, 4, 5, 6, 1, 1, 10, 8, 3, 9, 8, 7, 5, 10, 4, 8, 9, 9, 10, 3, 9, 1, 9, 6, 6, 9, 8, 10, 10, 6, 4, 4, 2, 9, 2, 4, 5, 2, 7, 6, 6, 3, 10, 9, 9, 6, 1]
(0.3779825505918822, 0.21026218901560717, 1.0211521915512298)
[6, 2, 3, 4, 7, 5, 4, 1, 4, 2, 6, 3, 6, 1, 5, 9, 4, 5, 6, 1, 1, 3, 3, 3, 9, 8, 7, 5, 10, 4, 8, 9, 9, 10, 3, 9, 1, 9, 6, 6, 9, 8, 10, 10, 6, 4, 4, 2, 9, 2, 7, 5, 2, 7, 6, 6, 3, 10, 9, 9, 6, 1]
(0.37784201156786895, 0.210318578734855, 1.021326895756901)
[6, 2, 3, 4, 7, 5, 4, 1, 4, 2, 6, 3, 2, 1, 5, 9, 4, 5, 6, 1, 1, 3, 8, 3, 9, 8, 7, 5, 10, 4, 8, 9, 9, 10, 3, 9, 4, 9, 6, 6, 9, 2, 10, 10, 6, 4, 4, 2, 9, 2, 7, 5, 2, 7, 6, 6, 3, 10, 9, 9, 6, 1]
(0.37786992969275923, 0.2101192127533799, 1.0215162445223316)
[9, 7, 3, 4, 8, 5, 4, 1, 4, 6, 8, 8, 1, 1, 5, 9, 4, 5, 6, 1, 1, 3, 8, 3, 9, 8, 7, 5, 10, 4, 8, 9, 9, 10, 3, 9, 4, 9, 6, 6, 9, 8, 10, 10, 6, 4, 4, 2, 9, 2, 7, 5, 2, 7, 6, 6, 3, 10, 9, 9, 6, 1]
(0.37798045268843505, 0.21031178201169232, 1.0212295759534489)
[3, 8, 3, 2, 7, 7, 4, 7, 4, 2, 8, 9, 3, 1, 5, 9, 8, 2, 3, 9, 1, 8, 8, 2, 6, 4, 5, 8, 8, 2, 5, 5, 4, 10, 6, 8, 10, 3, 7, 10, 10, 8, 10, 10, 5, 9, 8, 10, 9, 4, 8, 7, 2, 5, 6, 5, 3, 8, 1, 9, 2, 3]
(0.3944320221050209, 0.8149628761224464, 0.4145394559632282)
[3, 8, 3, 2, 7, 7, 4, 7, 4, 2, 8, 9, 3, 1, 5, 9, 8, 2, 3, 9, 1, 8, 8, 2, 6, 4, 5, 8, 8, 2, 5, 5, 4, 10, 6, 8, 10, 3, 7, 10, 10, 8, 10, 10, 5, 9, 8, 10, 9, 4, 8, 7, 2, 5, 6, 5, 3, 8, 1, 9, 2, 3]
(0.3944320221050209, 0.8149628761224464, 0.4145394559632282)
[4, 10, 3, 4, 8, 5, 4, 1, 4, 2, 8, 8, 3, 1, 5, 9, 8, 2, 2, 9, 1, 8, 8, 2, 6, 4, 5, 8, 8, 2, 9, 5, 4, 10, 6, 7, 10, 3, 7, 6, 9, 8, 10, 10, 5, 9, 8, 10, 9, 4, 8, 5, 2, 5, 6, 1, 3, 8, 1, 9, 2, 3]
(0.3948854061756037, 1.0019898108206653, 0.2635908273789477)
[4, 10, 3, 4, 8, 5, 4, 1, 4, 2, 8, 8, 3, 1, 5, 9, 8, 2, 2, 9, 1, 8, 8, 2, 6, 4, 5, 8, 8, 2, 9, 5, 4, 10, 6, 7, 10, 3, 7, 6, 9, 8, 10, 10, 5, 9, 8, 10, 9, 4, 8, 5, 2, 5, 6, 1, 3, 8, 1, 9, 2, 3]
(0.3948854061756037, 1.0019898108206653, 0.2635908273789477)
[3, 2, 3, 4, 8, 5, 4, 1, 4, 10, 8, 4, 3, 1, 5, 9, 8, 2, 2, 8, 1, 9, 8, 2, 6, 4, 5, 8, 8, 2, 2, 5, 4, 10, 6, 7, 10, 3, 7, 6, 9, 8, 10, 10, 5, 9, 8, 10, 9, 4, 8, 7, 2, 5, 6, 1, 3, 8, 1, 9, 2, 3]
(0.3946395120839075, 1.0318292190320755, 0.2381006292249091)
[3, 2, 3, 4, 8, 5, 4, 1, 4, 10, 8, 4, 3, 1, 5, 9, 8, 2, 2, 8, 1, 9, 8, 2, 6, 4, 5, 8, 8, 2, 2, 5, 4, 10, 6, 7, 10, 3, 7, 6, 9, 8, 10, 10, 5, 9, 8, 10, 9, 4, 8, 7, 2, 5, 6, 1, 3, 8, 1, 9, 2, 3]
(0.3946395120839075, 1.0318292190320755, 0.2381006292249091)
[6, 2, 3, 4, 7, 10, 7, 1, 4, 2, 2, 4, 2, 1, 5, 9, 4, 2, 2, 1, 1, 8, 8, 6, 9, 5, 5, 7, 9, 2, 8, 9, 9, 5, 1, 8, 1, 8, 7, 7, 6, 10, 10, 4, 6, 1, 8, 1, 9, 4, 8, 5, 2, 7, 6, 6, 10, 10, 1, 9, 3, 3]
(0.3771624842110252, 1.1340341621078498, 0.2011231960781487)
[6, 2, 3, 4, 7, 5, 4, 1, 4, 2, 6, 3, 2, 9, 5, 9, 4, 2, 2, 1, 1, 8, 8, 6, 9, 5, 5, 7, 9, 2, 8, 9, 9, 5, 1, 8, 1, 8, 7, 7, 6, 10, 10, 4, 6, 1, 8, 1, 9, 4, 8, 5, 2, 7, 6, 6, 10, 10, 6, 9, 3, 3]
(0.3772796248151943, 1.1313117044977792, 0.22538646366118206)
[6, 7, 3, 4, 7, 8, 7, 1, 4, 2, 2, 4, 3, 4, 5, 9, 4, 3, 6, 8, 1, 5, 4, 2, 10, 9, 9, 9, 10, 1, 8, 9, 10, 5, 3, 7, 1, 10, 5, 10, 9, 10, 10, 2, 3, 10, 3, 2, 9, 7, 9, 4, 2, 1, 1, 6, 3, 10, 7, 9, 5, 1]
(0.7180064290641929, 0.0, 1.018615319303339)
[6, 2, 3, 4, 7, 10, 7, 1, 4, 2, 2, 4, 2, 1, 5, 9, 4, 2, 2, 1, 1, 8, 8, 6, 9, 5, 5, 7, 9, 2, 8, 9, 9, 5, 1, 8, 1, 8, 7, 7, 6, 10, 10, 4, 6, 1, 9, 1, 7, 4, 8, 5, 2, 7, 6, 6, 10, 10, 1, 9, 3, 3]
(0.3772316935885201, 1.1321434323675879, 0.25023473147407427)
[6, 2, 3, 4, 7, 5, 4, 1, 4, 10, 6, 4, 5, 1, 5, 9, 4, 6, 10, 10, 1, 4, 9, 5, 9, 9, 9, 7, 9, 6, 8, 9, 5, 4, 3, 6, 1, 5, 8, 2, 7, 10, 10, 9, 6, 10, 3, 2, 9, 4, 3, 5, 2, 7, 6, 6, 3, 10, 1, 9, 2, 1]
(0.20315842142246646, 0.6316339231303136, 0.9290724778443314)
[6, 2, 3, 4, 7, 5, 4, 1, 4, 2, 6, 4, 5, 1, 5, 9, 4, 6, 10, 10, 1, 4, 9, 5, 9, 9, 9, 7, 9, 6, 8, 9, 5, 4, 3, 6, 1, 5, 8, 2, 7, 10, 10, 9, 6, 10, 3, 2, 9, 4, 3, 5, 2, 7, 6, 6, 3, 10, 1, 9, 2, 1]
(0.20318985261273956, 0.6316130697830651, 0.9291516169230434)
[6, 2, 3, 4, 7, 5, 4, 1, 4, 2, 6, 4, 5, 1, 5, 9, 4, 6, 10, 10, 1, 4, 9, 5, 9, 9, 9, 7, 9, 6, 8, 9, 5, 4, 3, 6, 1, 5, 8, 2, 7, 10, 10, 9, 6, 10, 3, 2, 9, 4, 3, 5, 2, 7, 6, 6, 3, 10, 1, 9, 2, 1]
(0.20318415196517578, 0.6316108505448501, 0.9294321408287153)
[6, 2, 3, 4, 7, 5, 4, 6, 4, 2, 6, 4, 5, 1, 5, 9, 4, 6, 10, 10, 1, 4, 9, 5, 9, 9, 9, 7, 9, 6, 8, 9, 5, 4, 3, 6, 1, 5, 8, 2, 7, 10, 10, 9, 6, 10, 3, 2, 9, 4, 3, 5, 2, 7, 6, 6, 4, 10, 1, 9, 2, 1]
(0.20317502427138312, 0.6314749387092855, 0.9295876819193059)
[6, 2, 3, 4, 7, 5, 4, 1, 4, 2, 6, 4, 5, 1, 5, 9, 4, 6, 10, 10, 1, 4, 3, 8, 9, 9, 9, 7, 9, 6, 8, 9, 5, 4, 3, 6, 1, 5, 8, 2, 7, 10, 10, 9, 6, 10, 3, 2, 9, 4, 3, 5, 2, 7, 6, 6, 3, 10, 1, 9, 2, 1]
(0.20318319595409612, 0.6314366659046015, 0.9298718209655232)
[6, 2, 3, 4, 7, 5, 4, 1, 4, 1, 6, 4, 5, 1, 5, 9, 4, 6, 10, 10, 1, 4, 9, 5, 9, 9, 9, 7, 9, 6, 8, 9, 5, 4, 3, 6, 1, 5, 8, 2, 7, 10, 10, 9, 6, 10, 3, 2, 9, 4, 3, 5, 2, 7, 6, 6, 4, 10, 1, 9, 2, 1]
(0.20314830805758263, 0.6314971310914359, 0.9298558783587458)
[6, 2, 3, 1, 7, 5, 4, 6, 4, 2, 6, 4, 5, 1, 5, 9, 4, 6, 10, 10, 1, 4, 9, 5, 9, 9, 9, 7, 9, 6, 8, 9, 5, 4, 3, 6, 1, 5, 8, 2, 7, 10, 10, 9, 6, 10, 3, 2, 9, 4, 3, 5, 2, 7, 6, 6, 4, 10, 1, 9, 2, 1]
(0.20315575844609762, 0.6315501962995331, 0.9298187880863416)
[6, 2, 3, 4, 7, 5, 4, 1, 4, 2, 6, 4, 5, 1, 5, 9, 4, 6, 10, 10, 1, 4, 9, 5, 9, 9, 9, 7, 9, 6, 8, 9, 5, 4, 3, 6, 1, 5, 8, 2, 7, 10, 10, 9, 6, 10, 3, 2, 9, 4, 3, 5, 2, 7, 6, 6, 3, 10, 1, 9, 2, 1]
(0.20315763135432469, 0.6314567013436689, 0.9299696971590733)
[6, 2, 3, 4, 7, 5, 4, 1, 4, 2, 6, 4, 5, 1, 5, 9, 4, 6, 10, 10, 1, 4, 9, 5, 9, 9, 9, 7, 9, 6, 8, 9, 5, 4, 3, 6, 1, 5, 8, 2, 7, 10, 10, 9, 6, 10, 3, 2, 9, 4, 3, 5, 2, 7, 6, 6, 3, 10, 1, 9, 2, 1]
(0.2031655750444236, 0.6314485814525816, 0.9300359302454588)
[6, 2, 3, 4, 7, 5, 4, 1, 4, 2, 6, 5, 5, 1, 5, 9, 4, 6, 10, 10, 1, 3, 3, 8, 9, 9, 9, 7, 9, 6, 8, 9, 5, 4, 3, 6, 1, 5, 8, 2, 7, 10, 10, 9, 6, 10, 3, 2, 9, 4, 3, 5, 2, 7, 6, 6, 4, 10, 1, 9, 2, 1]
(0.20316258973596513, 0.631377590458009, 0.9319478131765673)
[6, 2, 3, 4, 7, 5, 4, 1, 4, 2, 6, 4, 5, 1, 5, 9, 4, 6, 10, 10, 1, 4, 9, 5, 9, 9, 9, 7, 9, 6, 8, 9, 5, 4, 3, 6, 1, 5, 8, 2, 7, 10, 10, 9, 6, 10, 3, 2, 9, 4, 3, 5, 2, 7, 6, 6, 3, 10, 1, 9, 2, 1]
(0.20315502753153672, 0.6312277887740865, 0.9327899398032582)
[6, 2, 3, 4, 7, 5, 4, 1, 4, 2, 6, 4, 5, 1, 5, 9, 4, 6, 10, 10, 1, 4, 9, 5, 9, 9, 9, 7, 9, 6, 8, 9, 5, 4, 3, 6, 1, 5, 8, 2, 7, 10, 10, 9, 6, 10, 3, 2, 9, 4, 3, 5, 2, 7, 6, 6, 3, 10, 1, 9, 2, 1]
(0.20315502753153672, 0.6312277887740865, 0.9327899398032582)
[6, 2, 3, 4, 8, 5, 4, 4, 3, 4, 8, 4, 3, 1, 5, 9, 9, 2, 10, 9, 1, 8, 8, 2, 6, 4, 6, 8, 8, 2, 9, 9, 4, 10, 10, 7, 10, 3, 7, 10, 9, 8, 10, 10, 5, 9, 8, 10, 9, 4, 8, 7, 2, 5, 6, 1, 3, 8, 1, 9, 2, 3]
(0.7160826659292818, 0.8522415469400552, 0.21213958949176429)
[6, 2, 3, 4, 8, 9, 2, 3, 3, 4, 8, 1, 3, 1, 5, 9, 6, 1, 2, 1, 1, 9, 8, 9, 6, 4, 5, 8, 8, 7, 2, 5, 4, 5, 6, 7, 10, 6, 7, 10, 9, 8, 10, 10, 5, 9, 8, 10, 9, 2, 8, 7, 2, 5, 6, 1, 3, 8, 1, 9, 2, 3]
(0.39450313308976925, 1.0401070625521205, 0.35769457890288964)
[6, 2, 3, 4, 5, 9, 8, 4, 3, 4, 8, 4, 3, 1, 5, 9, 4, 2, 2, 8, 1, 8, 8, 2, 6, 4, 5, 8, 8, 7, 2, 5, 4, 6, 6, 7, 10, 3, 7, 10, 9, 8, 10, 6, 5, 9, 8, 10, 9, 4, 8, 7, 2, 5, 6, 1, 3, 8, 1, 9, 2, 3]
(0.71580900853568, 0.6967456080950846, 0.3940459334636161)
[4, 2, 3, 4, 8, 5, 8, 4, 3, 4, 8, 4, 3, 1, 5, 9, 6, 2, 2, 9, 1, 3, 8, 2, 6, 4, 5, 8, 8, 2, 9, 5, 4, 10, 6, 7, 10, 3, 7, 10, 5, 8, 10, 10, 5, 9, 8, 10, 9, 4, 2, 7, 2, 5, 6, 1, 3, 8, 1, 9, 2, 3]
(0.39437121599231545, 1.035203083325174, 0.3939554805963413)
[6, 2, 3, 4, 8, 9, 2, 3, 3, 4, 8, 1, 3, 1, 5, 9, 6, 2, 2, 1, 1, 9, 8, 2, 6, 4, 5, 8, 8, 7, 2, 5, 4, 5, 6, 7, 10, 3, 7, 10, 9, 8, 10, 10, 5, 9, 8, 10, 9, 2, 8, 7, 2, 5, 6, 1, 3, 8, 1, 9, 2, 3]
(0.39435801306923673, 1.0516664783470293, 0.3912915853530163)
[6, 2, 3, 4, 8, 9, 2, 3, 3, 4, 8, 1, 3, 1, 5, 9, 6, 2, 2, 1, 1, 9, 8, 2, 6, 4, 5, 8, 8, 7, 2, 5, 4, 5, 6, 7, 10, 3, 7, 10, 9, 8, 10, 10, 5, 9, 8, 10, 9, 2, 8, 7, 2, 5, 6, 1, 3, 8, 1, 9, 2, 3]
(0.39435801306923673, 1.0516664783470293, 0.3912915853530163)
[6, 2, 3, 4, 8, 9, 2, 3, 3, 4, 8, 1, 3, 1, 5, 9, 6, 2, 2, 1, 1, 9, 8, 2, 6, 4, 5, 8, 8, 7, 2, 5, 4, 5, 6, 7, 10, 3, 7, 10, 9, 8, 10, 10, 5, 9, 8, 10, 9, 2, 8, 7, 2, 5, 6, 1, 3, 8, 1, 9, 2, 3]
(0.39435801306923673, 1.0516664783470293, 0.3912915853530163)
[6, 2, 3, 4, 8, 9, 2, 4, 3, 4, 8, 4, 3, 1, 5, 9, 6, 2, 2, 8, 1, 9, 8, 2, 6, 4, 5, 8, 8, 7, 2, 5, 4, 5, 6, 7, 10, 3, 7, 10, 9, 8, 10, 10, 5, 9, 8, 10, 9, 4, 8, 7, 2, 5, 6, 1, 3, 8, 1, 9, 2, 3]
(0.39421313408357683, 1.0557893197052142, 0.3913331612214787)
[6, 2, 3, 4, 3, 9, 2, 3, 3, 4, 8, 1, 3, 1, 5, 9, 6, 2, 2, 1, 1, 9, 8, 2, 6, 4, 5, 8, 8, 7, 2, 5, 4, 5, 6, 7, 10, 3, 7, 10, 9, 8, 10, 10, 5, 9, 8, 10, 9, 2, 8, 7, 2, 5, 6, 1, 3, 8, 1, 9, 2, 3]
(0.394212134918605, 1.0575174658559223, 0.39198477434472656)
[6, 2, 3, 4, 8, 5, 8, 4, 3, 4, 8, 4, 3, 4, 5, 9, 8, 2, 10, 9, 1, 3, 8, 8, 6, 4, 5, 8, 8, 2, 9, 5, 4, 10, 6, 7, 10, 3, 7, 10, 9, 6, 10, 10, 5, 9, 8, 10, 5, 4, 5, 7, 2, 5, 6, 1, 3, 8, 1, 9, 2, 3]
(0.39401193075772345, 0.8977830859832422, 0.5569718965606998)
[6, 2, 3, 4, 8, 5, 8, 4, 3, 4, 8, 4, 3, 4, 5, 9, 8, 2, 10, 9, 1, 3, 8, 8, 6, 4, 5, 8, 8, 2, 9, 5, 4, 10, 6, 7, 10, 3, 7, 10, 9, 6, 10, 10, 5, 9, 8, 10, 5, 4, 5, 7, 2, 5, 6, 1, 3, 8, 1, 9, 2, 3]
(0.39401193075772345, 0.8977830859832422, 0.5569718965606998)
[3, 8, 3, 7, 8, 5, 4, 1, 4, 2, 8, 8, 3, 1, 5, 9, 8, 2, 7, 9, 1, 8, 8, 2, 6, 4, 5, 8, 8, 2, 5, 5, 4, 10, 6, 5, 10, 3, 7, 10, 9, 8, 10, 10, 5, 9, 8, 10, 9, 4, 8, 7, 2, 5, 6, 1, 3, 8, 1, 9, 2, 3]
(0.39420931559397404, 1.055423049721863, 0.4000064747154709)
[3, 8, 3, 7, 8, 5, 4, 1, 4, 2, 8, 8, 3, 1, 5, 9, 8, 2, 7, 9, 1, 8, 8, 2, 6, 4, 5, 8, 8, 2, 5, 5, 4, 10, 6, 5, 10, 3, 7, 10, 9, 8, 10, 10, 5, 9, 8, 10, 9, 4, 8, 7, 2, 5, 6, 1, 3, 8, 1, 9, 2, 3]
(0.39420931559397404, 1.055423049721863, 0.4000064747154709)
[6, 3, 3, 4, 2, 5, 8, 4, 3, 4, 3, 4, 3, 4, 5, 9, 8, 2, 10, 9, 1, 3, 8, 2, 6, 4, 5, 8, 8, 2, 9, 5, 4, 10, 6, 7, 10, 3, 7, 10, 9, 6, 10, 10, 5, 9, 8, 10, 5, 4, 8, 7, 2, 5, 6, 1, 3, 8, 1, 9, 2, 3]
(0.39421245830544066, 1.101189898233856, 0.3616637557261576)
[4, 2, 3, 4, 8, 5, 8, 4, 3, 4, 8, 4, 3, 1, 5, 9, 6, 2, 2, 8, 1, 8, 8, 9, 6, 4, 5, 8, 8, 2, 9, 5, 4, 10, 6, 7, 10, 3, 7, 10, 5, 8, 10, 10, 5, 9, 8, 10, 9, 4, 2, 7, 2, 5, 6, 1, 3, 8, 1, 9, 2, 3]
(0.3939696431542334, 1.0537032599560878, 0.42310449624927493)
[6, 2, 3, 4, 3, 9, 2, 3, 3, 4, 8, 1, 3, 1, 5, 9, 8, 2, 9, 9, 1, 3, 8, 2, 6, 4, 5, 8, 8, 2, 9, 5, 4, 10, 6, 7, 10, 3, 7, 10, 9, 6, 10, 10, 5, 9, 8, 10, 5, 4, 8, 7, 2, 5, 6, 1, 3, 8, 1, 9, 2, 3]
(0.3941040592323617, 1.0666273466311353, 0.41256897048704433)
[6, 10, 3, 4, 8, 5, 8, 4, 3, 4, 8, 4, 3, 1, 5, 9, 8, 2, 10, 9, 1, 8, 8, 2, 6, 4, 5, 8, 8, 2, 9, 5, 4, 10, 6, 7, 10, 3, 5, 10, 9, 6, 10, 10, 5, 9, 8, 10, 5, 4, 8, 7, 2, 5, 6, 1, 3, 8, 1, 9, 2, 3]
(0.3942027791658835, 1.0597973686642905, 0.42282263428298555)
[6, 2, 3, 4, 8, 5, 8, 4, 3, 4, 8, 4, 3, 4, 5, 9, 8, 2, 10, 9, 1, 3, 8, 2, 6, 4, 5, 8, 8, 2, 9, 5, 4, 10, 6, 7, 10, 3, 7, 10, 9, 6, 10, 10, 5, 9, 8, 10, 5, 4, 8, 7, 2, 5, 6, 1, 3, 8, 1, 9, 2, 3]
(0.39401945825802226, 1.0779677190817847, 0.4160970730651425)
[6, 2, 3, 4, 8, 5, 8, 4, 3, 4, 8, 4, 3, 4, 5, 9, 8, 2, 10, 9, 1, 3, 8, 2, 6, 4, 5, 8, 8, 2, 9, 5, 4, 10, 6, 7, 10, 3, 7, 10, 9, 6, 10, 10, 5, 9, 8, 10, 5, 4, 8, 7, 2, 5, 6, 1, 3, 8, 1, 9, 2, 3]
(0.39401945825802226, 1.0779677190817847, 0.4160970730651425)
[6, 2, 3, 6, 8, 9, 2, 9, 3, 2, 8, 1, 3, 1, 5, 9, 6, 2, 2, 8, 1, 9, 8, 2, 6, 4, 5, 8, 8, 7, 2, 5, 4, 5, 6, 7, 10, 3, 7, 10, 9, 8, 10, 10, 5, 9, 8, 10, 9, 4, 8, 10, 2, 5, 6, 1, 3, 8, 1, 9, 2, 3]
(0.3941074073057988, 1.0439416821114682, 0.4561214153287625)
[3, 2, 3, 4, 7, 8, 7, 1, 4, 2, 6, 3, 2, 9, 5, 9, 4, 2, 3, 1, 1, 8, 8, 6, 9, 5, 5, 7, 9, 2, 8, 9, 9, 5, 1, 8, 1, 8, 8, 6, 9, 8, 10, 10, 6, 1, 8, 1, 9, 4, 8, 5, 2, 7, 6, 6, 10, 10, 1, 9, 3, 3]
(0.6625261391439066, 1.131001286488021, 0.1045320509818038)
[6, 2, 3, 4, 8, 8, 8, 4, 3, 4, 8, 4, 3, 1, 5, 9, 8, 2, 2, 9, 1, 8, 8, 2, 6, 4, 5, 8, 8, 7, 7, 5, 4, 10, 6, 7, 10, 3, 7, 10, 6, 8, 10, 3, 5, 9, 8, 10, 9, 4, 2, 7, 2, 5, 6, 1, 3, 8, 1, 9, 2, 3]
(0.7159412152362394, 0.9874200739897752, 0.21285141657508472)
[6, 10, 3, 2, 7, 5, 4, 3, 4, 2, 8, 1, 9, 7, 5, 9, 4, 6, 2, 4, 1, 6, 4, 2, 9, 9, 9, 7, 8, 6, 8, 9, 5, 4, 3, 6, 1, 5, 8, 2, 7, 10, 10, 9, 6, 10, 3, 2, 9, 4, 3, 5, 2, 7, 6, 1, 3, 10, 1, 9, 2, 1]
(0.7183481843085024, 0.6312849281045265, 0.584800190064184)
[6, 2, 3, 4, 7, 5, 4, 5, 3, 4, 8, 4, 3, 1, 5, 9, 8, 2, 2, 9, 1, 8, 8, 2, 6, 4, 6, 8, 8, 2, 9, 9, 4, 10, 10, 7, 10, 3, 7, 10, 9, 8, 10, 10, 5, 9, 8, 10, 9, 4, 8, 7, 2, 5, 6, 1, 3, 8, 1, 9, 2, 3]
(0.7166242832872137, 0.9909093963913584, 0.22921828785192747)
[6, 2, 3, 4, 8, 5, 8, 4, 3, 4, 8, 4, 3, 1, 5, 9, 9, 2, 10, 9, 1, 8, 8, 2, 6, 4, 5, 8, 8, 2, 9, 9, 4, 10, 6, 7, 10, 3, 7, 10, 9, 8, 10, 10, 5, 9, 8, 10, 9, 4, 8, 7, 2, 5, 6, 1, 3, 8, 1, 9, 2, 3]
(0.3943497158500012, 1.0122699742205405, 0.5379084655786368)
[3, 2, 3, 4, 7, 5, 4, 1, 4, 2, 6, 3, 2, 9, 5, 9, 4, 2, 3, 1, 1, 8, 8, 6, 9, 5, 5, 7, 9, 2, 8, 9, 9, 5, 1, 8, 1, 8, 8, 6, 9, 8, 10, 10, 6, 1, 8, 1, 9, 4, 8, 5, 2, 7, 6, 6, 10, 10, 1, 9, 3, 3]
(0.6626513752010601, 1.1325024274177795, 0.2199080774259719)
[5, 2, 3, 4, 7, 8, 7, 1, 4, 2, 10, 4, 2, 1, 5, 9, 4, 6, 2, 4, 1, 6, 4, 2, 9, 9, 9, 10, 9, 7, 8, 9, 9, 10, 3, 6, 1, 6, 5, 7, 6, 8, 10, 4, 5, 1, 8, 1, 9, 1, 8, 5, 2, 7, 6, 6, 10, 10, 5, 1, 2, 3]
(0.4507277680160419, 0.6311402054400047, 0.9503635767537514)
[6, 2, 3, 4, 8, 9, 2, 3, 3, 4, 8, 1, 3, 1, 5, 9, 6, 2, 2, 1, 1, 9, 8, 2, 6, 4, 5, 8, 8, 7, 2, 5, 4, 5, 6, 7, 10, 3, 7, 10, 9, 8, 10, 10, 5, 9, 8, 10, 9, 2, 8, 7, 2, 5, 6, 1, 3, 8, 1, 9, 2, 3]
(0.39426179276381046, 1.0438117231242323, 0.5958663573574328)
[6, 2, 3, 1, 7, 5, 4, 1, 4, 5, 6, 8, 2, 9, 5, 9, 4, 2, 2, 1, 1, 8, 8, 1, 9, 5, 5, 7, 9, 2, 8, 9, 9, 1, 1, 6, 1, 6, 5, 7, 6, 10, 10, 4, 6, 1, 8, 1, 8, 4, 8, 5, 2, 7, 6, 6, 10, 10, 6, 9, 3, 3]
(0.37723656141592965, 1.1317500893957861, 0.5351860098201446)
[6, 2, 3, 1, 8, 9, 8, 7, 3, 4, 8, 8, 3, 1, 5, 9, 6, 2, 2, 8, 1, 9, 8, 2, 6, 5, 5, 8, 8, 7, 2, 5, 4, 5, 6, 7, 10, 3, 7, 10, 9, 8, 10, 10, 5, 9, 8, 10, 9, 4, 8, 7, 2, 5, 6, 1, 3, 8, 1, 9, 2, 3]
(0.3945535422024104, 1.0117653585039044, 0.6386991274691933)
[6, 3, 3, 4, 2, 5, 8, 4, 3, 4, 8, 4, 3, 4, 5, 9, 8, 2, 10, 9, 1, 3, 7, 2, 6, 4, 5, 8, 8, 2, 9, 5, 4, 10, 6, 7, 10, 3, 7, 10, 9, 6, 10, 10, 5, 9, 8, 10, 5, 4, 8, 7, 2, 5, 6, 1, 3, 8, 1, 9, 2, 3]
(0.3938134062661238, 1.1074408791027914, 0.5447104933584969)
[6, 7, 3, 4, 7, 8, 7, 1, 4, 2, 2, 4, 7, 1, 5, 9, 4, 3, 6, 8, 1, 5, 4, 2, 10, 9, 9, 7, 10, 1, 8, 9, 10, 5, 3, 7, 1, 10, 5, 10, 9, 10, 10, 4, 3, 10, 3, 2, 9, 7, 9, 4, 2, 1, 1, 6, 3, 10, 7, 5, 5, 1]
(0.7179681420240495, 0.6307304840431412, 0.7046405309583926)
[1, 10, 3, 4, 5, 5, 4, 1, 4, 2, 2, 1, 5, 1, 5, 9, 4, 6, 4, 4, 1, 6, 4, 2, 9, 9, 9, 9, 9, 7, 8, 9, 9, 10, 3, 7, 1, 8, 9, 10, 9, 10, 10, 4, 6, 7, 7, 6, 8, 1, 3, 5, 2, 7, 6, 6, 10, 10, 1, 1, 1, 3]
(0.4508147331802283, 0.6307510145318972, 0.9856254500239523)
[5, 2, 3, 10, 7, 5, 4, 1, 4, 6, 3, 3, 6, 1, 5, 9, 4, 5, 6, 10, 1, 3, 8, 3, 9, 8, 7, 5, 10, 4, 8, 9, 9, 10, 3, 9, 4, 9, 6, 6, 9, 8, 10, 10, 6, 4, 4, 2, 9, 2, 7, 5, 4, 7, 6, 6, 3, 10, 9, 9, 6, 1]
(0.26399291462451946, 1.1355750511400347, 0.7057962210911269)
[6, 2, 3, 4, 8, 2, 8, 4, 3, 4, 8, 4, 3, 1, 5, 9, 8, 2, 10, 9, 1, 8, 8, 2, 6, 4, 5, 8, 8, 2, 9, 5, 4, 10, 6, 7, 10, 3, 7, 10, 9, 6, 10, 10, 5, 9, 8, 10, 5, 4, 8, 7, 2, 5, 6, 1, 3, 8, 1, 9, 2, 3]
(0.39403655114599234, 0.929848815593865, 0.882052922307127)
[1, 10, 3, 4, 5, 5, 4, 1, 4, 2, 2, 1, 5, 1, 5, 9, 4, 6, 2, 4, 1, 6, 4, 2, 9, 9, 9, 9, 9, 7, 8, 9, 6, 10, 3, 7, 1, 8, 9, 10, 9, 10, 10, 4, 6, 1, 7, 6, 5, 1, 3, 5, 2, 7, 6, 6, 10, 10, 1, 1, 1, 3]
(0.9268223710134496, 0.6306124255578518, 0.6817771481987406)
[1, 10, 3, 2, 7, 5, 4, 7, 4, 2, 6, 1, 5, 7, 5, 9, 4, 6, 2, 4, 1, 5, 4, 8, 9, 9, 9, 9, 9, 7, 8, 9, 9, 10, 3, 7, 1, 8, 10, 10, 9, 10, 10, 4, 6, 7, 7, 6, 3, 1, 3, 5, 2, 7, 6, 6, 10, 10, 1, 1, 1, 3]
(0.9267040980780725, 0.6304118722780679, 0.7033525120595248)
[6, 7, 3, 4, 7, 8, 7, 1, 4, 2, 2, 3, 2, 1, 5, 9, 4, 5, 2, 2, 1, 5, 4, 8, 10, 9, 9, 7, 10, 10, 8, 9, 10, 5, 3, 9, 1, 9, 6, 6, 9, 8, 10, 10, 6, 1, 4, 2, 9, 7, 7, 4, 2, 5, 1, 6, 3, 10, 5, 9, 2, 1]
(0.7142094446157582, 0.6312511332022616, 0.9284664214036835)
[6, 7, 3, 4, 7, 8, 7, 1, 4, 2, 2, 2, 2, 1, 5, 9, 4, 5, 2, 2, 1, 5, 4, 8, 10, 9, 9, 7, 10, 10, 8, 9, 10, 5, 3, 9, 1, 9, 6, 6, 9, 8, 10, 10, 6, 1, 4, 2, 9, 7, 7, 4, 2, 4, 1, 6, 4, 10, 5, 9, 2, 1]
(0.7145127203789696, 0.6312007461674478, 0.9284300828952379)
[6, 2, 3, 4, 7, 8, 7, 1, 4, 2, 6, 4, 5, 1, 5, 9, 4, 6, 9, 8, 1, 7, 4, 2, 10, 9, 9, 7, 10, 10, 5, 9, 10, 5, 7, 9, 3, 9, 6, 5, 9, 8, 10, 10, 6, 3, 4, 2, 9, 7, 7, 4, 2, 1, 1, 6, 3, 10, 7, 9, 2, 1]
(0.7162817713438838, 0.6313510965038472, 0.9273077148457247)
[6, 2, 3, 4, 7, 8, 7, 1, 4, 2, 6, 4, 5, 1, 5, 9, 4, 6, 9, 8, 1, 7, 4, 2, 10, 9, 9, 7, 10, 10, 5, 9, 10, 5, 7, 9, 3, 9, 6, 5, 9, 8, 10, 10, 6, 3, 4, 2, 9, 7, 7, 4, 2, 1, 1, 6, 3, 10, 7, 9, 2, 1]
(0.7162817713438838, 0.6313510965038472, 0.9273077148457247)
[6, 7, 2, 4, 7, 8, 7, 1, 4, 2, 2, 3, 2, 1, 5, 9, 4, 5, 2, 2, 1, 5, 4, 8, 10, 9, 9, 7, 10, 10, 8, 9, 10, 5, 3, 9, 1, 9, 6, 6, 9, 8, 10, 10, 6, 1, 4, 2, 9, 7, 7, 4, 2, 5, 1, 6, 3, 10, 5, 9, 2, 1]
(0.715595745234147, 0.6312626905014913, 0.9283669290852222)
[6, 7, 2, 4, 5, 9, 7, 1, 4, 2, 2, 3, 2, 1, 5, 9, 4, 5, 2, 2, 1, 5, 4, 8, 10, 9, 9, 7, 10, 10, 8, 9, 10, 5, 3, 9, 1, 9, 6, 6, 9, 8, 10, 10, 6, 1, 4, 2, 9, 7, 5, 4, 2, 1, 1, 6, 3, 10, 5, 9, 2, 1]
(0.7160426291477109, 0.631058515411695, 0.9287257097297023)
[6, 7, 2, 4, 5, 9, 7, 1, 4, 2, 2, 3, 2, 1, 5, 9, 4, 5, 2, 2, 1, 5, 4, 8, 10, 9, 9, 7, 10, 10, 8, 9, 10, 5, 3, 9, 1, 9, 6, 6, 9, 8, 10, 10, 6, 1, 4, 2, 9, 7, 7, 4, 2, 5, 1, 6, 3, 10, 5, 9, 2, 1]
(0.716498760820186, 0.6311947577632933, 0.9281823448267043)
[6, 5, 3, 4, 7, 8, 7, 1, 4, 2, 6, 4, 5, 1, 5, 9, 4, 6, 9, 8, 1, 7, 4, 2, 10, 9, 9, 7, 10, 10, 5, 9, 10, 5, 7, 9, 3, 9, 6, 5, 9, 8, 10, 10, 6, 3, 4, 2, 9, 7, 7, 4, 2, 1, 1, 6, 3, 10, 7, 9, 2, 1]
(0.7170216949273759, 0.6312526297341585, 0.928176336657229)
[6, 2, 3, 4, 7, 5, 10, 1, 4, 2, 2, 4, 2, 8, 5, 5, 4, 5, 6, 8, 1, 5, 4, 8, 10, 9, 4, 7, 3, 2, 8, 9, 9, 7, 7, 2, 3, 7, 10, 7, 6, 10, 10, 4, 6, 1, 4, 2, 9, 4, 7, 4, 2, 8, 3, 6, 9, 10, 1, 9, 2, 1]
(0.7179907550721001, 0.6311351477375429, 0.9274121457384056)
[6, 10, 3, 2, 7, 5, 4, 1, 2, 2, 2, 4, 3, 4, 5, 9, 4, 3, 6, 8, 1, 5, 4, 2, 10, 9, 9, 9, 10, 1, 8, 9, 10, 5, 3, 7, 1, 10, 5, 10, 9, 10, 10, 2, 3, 10, 3, 2, 9, 7, 9, 4, 2, 1, 1, 6, 3, 10, 7, 9, 5, 1]
(0.7179849615989026, 0.6293671811516883, 1.0158297297352044)
[6, 2, 3, 1, 5, 5, 7, 1, 4, 2, 2, 4, 3, 4, 5, 9, 4, 3, 9, 8, 1, 7, 2, 2, 10, 9, 9, 7, 10, 1, 8, 9, 10, 5, 3, 7, 1, 10, 5, 10, 9, 10, 10, 4, 8, 10, 3, 2, 9, 7, 9, 3, 2, 1, 1, 6, 3, 10, 7, 9, 5, 1]
(0.7179830746182373, 0.629986227645225, 1.0176311542335912)
[6, 7, 3, 4, 7, 8, 7, 1, 4, 2, 2, 4, 3, 4, 5, 9, 4, 3, 9, 8, 1, 7, 2, 2, 10, 9, 9, 7, 10, 1, 8, 9, 10, 5, 3, 7, 1, 10, 5, 10, 9, 10, 10, 4, 3, 10, 3, 2, 9, 7, 9, 4, 2, 1, 1, 6, 3, 10, 7, 9, 5, 1]
(0.7179821525494666, 0.6300319112940762, 1.018036778485118)
[6, 2, 3, 1, 5, 5, 7, 1, 4, 2, 2, 4, 3, 1, 5, 9, 4, 3, 6, 8, 1, 5, 2, 2, 10, 9, 9, 7, 10, 1, 8, 9, 10, 5, 3, 7, 1, 10, 5, 10, 9, 10, 10, 4, 8, 10, 3, 2, 9, 7, 9, 3, 2, 1, 1, 6, 3, 10, 7, 9, 5, 1]
(0.7178885839908048, 0.6301468831693928, 1.0185067369552847)
[6, 7, 3, 4, 7, 8, 7, 1, 4, 2, 2, 4, 7, 1, 5, 9, 4, 3, 6, 8, 1, 5, 4, 2, 10, 9, 9, 7, 10, 1, 8, 9, 10, 5, 3, 7, 1, 10, 5, 10, 9, 10, 10, 4, 3, 10, 3, 2, 9, 7, 9, 4, 2, 1, 1, 6, 3, 10, 7, 9, 5, 1]
(0.7179820834590442, 0.630669487174597, 1.0182801340617509)
[6, 2, 3, 1, 5, 5, 7, 1, 4, 2, 5, 8, 3, 1, 5, 9, 4, 3, 6, 8, 1, 5, 8, 2, 10, 9, 9, 7, 10, 1, 8, 9, 10, 5, 3, 7, 1, 10, 5, 10, 9, 10, 10, 4, 8, 10, 3, 2, 9, 7, 9, 3, 2, 1, 1, 6, 3, 10, 7, 9, 5, 1]
(0.7179809211627575, 0.6309208876660268, 1.018283259622371)
[6, 2, 3, 4, 7, 5, 4, 1, 4, 2, 6, 4, 5, 1, 5, 9, 4, 6, 10, 10, 1, 4, 9, 5, 9, 9, 9, 7, 9, 6, 8, 9, 5, 4, 3, 6, 1, 5, 8, 2, 7, 10, 10, 9, 6, 10, 3, 2, 9, 4, 3, 5, 2, 7, 6, 6, 3, 10, 1, 9, 2, 2]
(0.9263132815765269, 0.6310052822550933, 0.9278841881404416)
[1, 10, 3, 4, 5, 5, 4, 1, 4, 2, 2, 6, 5, 1, 5, 9, 4, 6, 2, 4, 1, 6, 4, 2, 9, 9, 9, 9, 9, 7, 8, 9, 6, 10, 3, 7, 1, 8, 9, 10, 9, 10, 10, 4, 6, 7, 7, 6, 3, 1, 3, 5, 2, 7, 6, 6, 10, 10, 1, 1, 1, 3]
(0.9264639439638722, 0.6307224346221288, 0.9887130010646163)
[1, 10, 3, 4, 5, 5, 4, 1, 4, 2, 2, 1, 5, 1, 5, 9, 4, 6, 2, 4, 1, 6, 4, 2, 9, 9, 9, 9, 9, 7, 8, 9, 9, 10, 3, 7, 1, 8, 9, 10, 9, 10, 10, 4, 10, 1, 7, 6, 5, 1, 3, 5, 2, 7, 6, 6, 10, 10, 1, 1, 1, 3]
(0.9266337950384621, 0.6309668751329979, 0.9886837166383846)
[1, 10, 3, 4, 7, 5, 4, 7, 4, 2, 8, 1, 9, 7, 5, 9, 4, 6, 2, 4, 1, 6, 4, 2, 9, 9, 9, 7, 8, 6, 8, 9, 9, 10, 3, 7, 1, 8, 5, 10, 9, 10, 10, 4, 6, 1, 7, 6, 5, 1, 3, 5, 2, 7, 6, 6, 10, 10, 1, 1, 1, 3]
(0.9253869405470874, 0.6298004638714062, 0.9954493476980186)
