[1, 8, 8, 4, 3, 3, 8, 2, 2, 10, 10, 7, 1, 8, 10, 10, 6, 1, 2, 10, 3, 6, 4, 10, 1, 8, 3, 8, 8, 7, 3, 5, 10, 8, 2, 8, 5, 5, 3, 5, 2, 7, 8, 2, 6, 6, 9, 6, 8, 6, 4, 10, 10, 5, 3, 1, 2, 6, 3, 5, 9, 1]
(0.0, 0.0, 0.769959965959456)
[9, 8, 8, 3, 7, 3, 8, 9, 9, 10, 10, 7, 8, 8, 10, 10, 6, 1, 2, 10, 10, 10, 5, 3, 10, 10, 9, 3, 4, 2, 6, 4, 4, 10, 1, 10, 10, 6, 7, 3, 9, 9, 5, 5, 8, 8, 5, 1, 10, 7, 4, 9, 10, 7, 2, 1, 2, 5, 4, 3, 8, 1]
(0.20001389335568037, 0.6720024444012624, 0.22972441152376674)
[3, 8, 8, 9, 7, 7, 6, 10, 7, 10, 4, 6, 9, 8, 10, 4, 1, 3, 5, 9, 7, 2, 4, 10, 10, 8, 3, 4, 10, 7, 6, 4, 4, 5, 5, 6, 5, 7, 10, 7, 8, 4, 8, 3, 4, 5, 5, 1, 10, 4, 4, 1, 8, 5, 4, 1, 2, 1, 1, 6, 10, 1]
(0.5834158642008895, 0.6688260266947882, 0.0)
[9, 8, 8, 6, 7, 3, 8, 4, 2, 10, 9, 6, 2, 8, 10, 9, 3, 10, 5, 9, 10, 10, 2, 3, 10, 4, 6, 2, 10, 2, 6, 6, 4, 5, 1, 2, 10, 6, 2, 3, 9, 4, 5, 9, 8, 8, 5, 1, 10, 4, 4, 9, 10, 1, 2, 1, 2, 5, 4, 3, 9, 1]
(0.2920408631769952, 0.971519312169401, 0.0)
[9, 8, 8, 10, 7, 3, 8, 4, 2, 10, 9, 6, 2, 8, 10, 9, 3, 10, 5, 9, 10, 10, 2, 3, 10, 4, 6, 2, 10, 2, 6, 6, 4, 5, 1, 2, 10, 6, 2, 3, 9, 4, 5, 9, 8, 8, 5, 1, 10, 4, 4, 9, 10, 1, 2, 1, 2, 5, 4, 3, 9, 1]
(0.2920850133006135, 0.9715258625335973, 0.0)
[3, 4, 8, 9, 7, 7, 6, 10, 7, 10, 7, 6, 8, 8, 10, 4, 4, 1, 5, 8, 7, 6, 3, 10, 1, 10, 3, 4, 10, 7, 6, 4, 4, 5, 5, 6, 5, 7, 9, 7, 8, 4, 8, 3, 4, 5, 3, 4, 10, 4, 4, 1, 8, 5, 4, 1, 2, 1, 1, 6, 10, 1]
(0.5822764195451481, 0.0, 0.7770520905188716)
[3, 4, 8, 9, 7, 7, 6, 10, 7, 10, 7, 6, 8, 8, 10, 4, 4, 1, 5, 8, 7, 6, 3, 10, 1, 10, 3, 4, 10, 7, 6, 4, 4, 5, 5, 6, 5, 7, 9, 7, 8, 4, 8, 3, 4, 5, 3, 4, 10, 4, 4, 1, 8, 5, 4, 1, 2, 1, 1, 6, 10, 1]
(0.5822764195451481, 0.0, 0.7770520905188716)
[3, 4, 8, 9, 7, 7, 6, 10, 7, 10, 7, 6, 8, 8, 10, 4, 4, 1, 5, 8, 7, 6, 3, 10, 1, 10, 3, 4, 10, 7, 6, 4, 4, 5, 5, 6, 5, 7, 9, 7, 8, 4, 8, 3, 4, 5, 3, 4, 10, 4, 4, 1, 8, 5, 4, 1, 2, 1, 1, 6, 10, 1]
(0.5822764195451481, 0.0, 0.7770520905188716)
[9, 8, 8, 4, 4, 3, 8, 2, 2, 10, 5, 6, 9, 5, 6, 8, 6, 6, 5, 9, 10, 10, 2, 3, 10, 6, 9, 5, 10, 4, 6, 6, 4, 5, 1, 1, 10, 6, 9, 3, 9, 4, 5, 9, 8, 8, 2, 1, 10, 4, 4, 9, 10, 7, 2, 1, 2, 5, 4, 3, 9, 1]
(0.37788943874395536, 0.9980000277049814, 0.0)
[9, 8, 8, 4, 4, 3, 8, 2, 2, 10, 5, 6, 9, 5, 6, 9, 6, 6, 5, 9, 10, 10, 2, 3, 10, 6, 9, 5, 10, 4, 6, 6, 4, 5, 1, 1, 10, 6, 9, 3, 9, 4, 5, 9, 8, 8, 2, 1, 10, 4, 4, 9, 10, 7, 2, 1, 2, 5, 4, 3, 9, 1]
(0.3778888894201654, 0.9987343677319561, 0.0)
[9, 3, 8, 4, 1, 2, 4, 2, 2, 1, 1, 6, 3, 5, 6, 9, 8, 6, 10, 10, 10, 3, 1, 3, 10, 10, 9, 3, 4, 2, 6, 6, 4, 5, 1, 2, 10, 6, 2, 3, 9, 4, 5, 9, 8, 6, 6, 1, 10, 9, 4, 9, 10, 7, 2, 1, 2, 5, 4, 3, 8, 1]
(0.0, 0.9650936433114093, 0.45193067944872056)
[9, 8, 8, 3, 4, 3, 8, 2, 2, 10, 5, 6, 9, 5, 6, 9, 8, 6, 7, 10, 10, 3, 1, 3, 10, 10, 9, 3, 10, 2, 6, 3, 4, 5, 1, 2, 10, 6, 9, 3, 9, 6, 5, 4, 8, 8, 3, 1, 10, 4, 4, 9, 10, 7, 2, 1, 2, 5, 4, 3, 9, 1]
(0.5678495170510577, 0.9930104118771828, 0.0)
[9, 8, 8, 4, 4, 3, 8, 2, 2, 10, 5, 6, 1, 4, 6, 9, 8, 6, 7, 10, 10, 10, 1, 3, 10, 10, 9, 3, 4, 2, 7, 6, 4, 5, 1, 6, 10, 6, 3, 3, 9, 4, 5, 9, 8, 8, 3, 6, 10, 4, 4, 9, 10, 7, 2, 1, 2, 5, 4, 3, 9, 1]
(0.9312819647123318, 0.6685265388790391, 0.0)
[9, 8, 8, 4, 7, 3, 8, 2, 2, 1, 5, 6, 3, 5, 6, 9, 8, 6, 10, 10, 10, 3, 1, 3, 10, 10, 9, 3, 4, 2, 6, 6, 4, 5, 1, 2, 10, 6, 2, 3, 9, 4, 5, 9, 8, 6, 6, 1, 10, 4, 4, 9, 10, 7, 2, 1, 2, 5, 4, 3, 9, 1]
(0.0, 0.9921697326935804, 0.6151575592711666)
[9, 8, 8, 4, 7, 3, 8, 2, 2, 1, 5, 6, 3, 5, 6, 9, 8, 6, 10, 10, 10, 3, 1, 3, 10, 10, 9, 3, 4, 2, 6, 6, 4, 5, 1, 2, 10, 6, 2, 3, 9, 4, 5, 9, 8, 6, 6, 1, 10, 4, 4, 9, 10, 7, 2, 1, 2, 5, 4, 3, 9, 1]
(0.0, 0.9921697326935804, 0.6151575592711666)
[9, 8, 8, 4, 7, 3, 8, 2, 2, 1, 5, 6, 3, 5, 6, 9, 8, 6, 10, 10, 10, 3, 1, 3, 10, 10, 9, 3, 4, 2, 6, 6, 4, 5, 1, 2, 10, 6, 2, 3, 9, 4, 5, 9, 8, 6, 6, 1, 10, 4, 4, 9, 10, 7, 2, 1, 2, 5, 4, 3, 9, 1]
(0.0, 0.9921697326935804, 0.6151575592711666)
[9, 8, 8, 4, 7, 3, 8, 2, 2, 1, 5, 6, 3, 5, 6, 9, 8, 6, 10, 10, 10, 3, 1, 3, 10, 10, 9, 3, 4, 2, 6, 6, 4, 5, 1, 2, 10, 6, 2, 3, 9, 4, 5, 9, 8, 6, 6, 1, 10, 4, 4, 9, 10, 7, 2, 1, 2, 5, 4, 3, 9, 1]
(0.0, 0.9921697326935804, 0.6151575592711666)
[9, 8, 8, 4, 7, 3, 8, 2, 2, 1, 5, 6, 3, 5, 6, 9, 8, 6, 10, 10, 10, 3, 1, 3, 10, 10, 9, 3, 4, 2, 6, 6, 4, 5, 1, 2, 10, 6, 2, 3, 9, 4, 5, 9, 8, 6, 6, 1, 10, 4, 4, 9, 10, 7, 2, 1, 2, 5, 4, 3, 9, 1]
(0.0, 0.9921697326935804, 0.6151575592711666)
[9, 8, 8, 10, 4, 3, 8, 2, 2, 10, 5, 6, 2, 5, 6, 9, 6, 6, 5, 9, 10, 10, 2, 3, 1, 8, 3, 4, 10, 7, 6, 4, 4, 3, 5, 6, 5, 7, 10, 7, 8, 4, 8, 3, 4, 5, 3, 1, 10, 4, 4, 1, 10, 7, 2, 1, 2, 5, 4, 3, 9, 1]
(0.9325917602217573, 0.0, 0.7699578304821463)
[1, 8, 8, 4, 7, 3, 8, 2, 2, 7, 5, 6, 3, 5, 6, 9, 6, 6, 5, 9, 10, 10, 2, 3, 1, 8, 3, 4, 10, 7, 6, 4, 4, 3, 5, 6, 5, 7, 10, 7, 8, 4, 8, 3, 4, 5, 3, 1, 10, 2, 4, 1, 10, 7, 2, 1, 2, 5, 4, 3, 9, 1]
(0.9318953177220497, 0.0, 0.7707348158686627)
[1, 8, 8, 4, 7, 3, 8, 2, 2, 10, 5, 6, 2, 5, 6, 9, 6, 6, 5, 9, 10, 10, 2, 3, 1, 8, 3, 4, 10, 7, 6, 4, 4, 5, 5, 6, 5, 7, 10, 7, 8, 4, 8, 3, 4, 5, 3, 1, 10, 4, 4, 1, 10, 7, 2, 1, 2, 5, 4, 3, 9, 1]
(0.9317086797925823, 0.0, 0.7724845161626355)
[1, 9, 8, 2, 10, 8, 4, 2, 7, 7, 6, 8, 9, 9, 4, 4, 4, 4, 3, 7, 10, 8, 4, 10, 2, 8, 3, 1, 7, 7, 2, 8, 6, 10, 9, 9, 1, 4, 3, 4, 7, 9, 8, 2, 6, 6, 9, 2, 4, 4, 4, 9, 10, 1, 4, 5, 6, 5, 3, 5, 10, 1]
(0.5680616861774439, 0.9802821018733063, 0.22994719929099877)
[9, 8, 8, 4, 4, 3, 8, 2, 2, 10, 5, 6, 1, 4, 6, 9, 8, 6, 7, 10, 10, 10, 1, 3, 10, 10, 9, 3, 10, 2, 6, 3, 4, 5, 1, 2, 10, 6, 9, 3, 9, 6, 5, 4, 8, 8, 3, 1, 10, 4, 4, 9, 10, 7, 2, 1, 2, 5, 4, 3, 9, 1]
(0.39195165821241024, 0.9967093889601504, 0.519902627045954)
[9, 8, 8, 4, 4, 3, 8, 2, 2, 10, 5, 6, 1, 4, 6, 9, 8, 6, 7, 10, 10, 10, 1, 3, 10, 10, 9, 3, 10, 2, 6, 3, 4, 5, 1, 2, 10, 6, 9, 3, 9, 6, 5, 4, 8, 8, 3, 1, 10, 4, 4, 9, 10, 7, 2, 1, 2, 5, 4, 3, 9, 1]
(0.39195165821241024, 0.9967093889601504, 0.519902627045954)
[9, 8, 8, 4, 4, 3, 8, 2, 2, 10, 5, 6, 1, 4, 6, 9, 8, 6, 7, 10, 10, 10, 1, 3, 10, 10, 9, 3, 10, 2, 6, 3, 4, 5, 1, 2, 10, 6, 9, 3, 9, 6, 5, 4, 8, 8, 3, 1, 10, 4, 4, 9, 10, 7, 2, 1, 2, 5, 4, 3, 9, 1]
(0.39195165821241024, 0.9967093889601504, 0.519902627045954)
[9, 8, 8, 4, 4, 3, 8, 2, 2, 10, 5, 6, 1, 4, 6, 9, 8, 6, 7, 10, 10, 10, 1, 3, 10, 10, 9, 3, 10, 2, 6, 3, 4, 5, 1, 2, 10, 6, 9, 3, 9, 6, 5, 4, 8, 8, 3, 1, 10, 4, 4, 9, 10, 7, 2, 1, 2, 5, 4, 3, 9, 1]
(0.39195165821241024, 0.9967093889601504, 0.519902627045954)
[9, 8, 3, 3, 7, 3, 8, 9, 2, 10, 10, 7, 8, 8, 10, 10, 6, 1, 2, 10, 10, 10, 5, 3, 10, 10, 9, 3, 4, 2, 6, 4, 4, 10, 1, 10, 10, 6, 2, 3, 9, 9, 5, 9, 8, 8, 5, 1, 10, 4, 4, 9, 10, 7, 2, 1, 2, 5, 4, 3, 9, 1]
(0.1968996018217288, 0.9754213676787893, 0.7610796142582783)
[3, 8, 8, 9, 7, 7, 6, 5, 7, 10, 4, 6, 9, 8, 10, 4, 1, 3, 5, 9, 7, 2, 4, 10, 10, 8, 3, 4, 10, 7, 6, 4, 4, 5, 5, 6, 5, 10, 10, 7, 8, 4, 8, 3, 4, 5, 5, 1, 10, 4, 4, 3, 8, 1, 4, 1, 2, 1, 1, 6, 10, 1]
(0.5834205654245944, 0.6645246814065155, 0.7582919716939384)
[7, 3, 8, 1, 4, 6, 1, 2, 1, 8, 10, 7, 8, 6, 7, 7, 4, 7, 2, 9, 3, 6, 4, 10, 1, 8, 3, 8, 8, 7, 3, 5, 10, 8, 2, 8, 5, 5, 3, 5, 7, 7, 8, 2, 9, 6, 10, 4, 4, 4, 9, 9, 10, 7, 1, 2, 6, 1, 4, 2, 10, 1]
(0.5819156007351922, 0.6592077272823996, 0.7684792773606332)
[3, 4, 8, 9, 7, 7, 6, 2, 2, 10, 4, 6, 8, 10, 9, 4, 10, 7, 5, 9, 5, 6, 7, 10, 1, 8, 3, 8, 9, 7, 3, 5, 10, 8, 2, 8, 4, 4, 3, 10, 7, 7, 7, 2, 9, 6, 10, 4, 4, 4, 4, 1, 8, 5, 4, 1, 2, 1, 1, 6, 10, 1]
(0.5834709986726474, 0.6556299535167068, 0.776221993394528)
[3, 8, 8, 9, 7, 7, 6, 1, 7, 10, 4, 6, 9, 1, 10, 4, 1, 3, 5, 9, 7, 2, 4, 10, 10, 8, 3, 6, 10, 7, 6, 9, 4, 7, 2, 8, 4, 4, 3, 10, 7, 7, 10, 2, 9, 6, 10, 4, 4, 4, 4, 2, 8, 5, 4, 1, 2, 1, 1, 6, 10, 1]
(0.5840060780269649, 0.6599914893057331, 0.7715889960725911)
[3, 8, 8, 9, 7, 7, 6, 1, 7, 10, 4, 6, 9, 1, 10, 4, 1, 3, 5, 9, 7, 2, 4, 10, 10, 8, 3, 6, 10, 7, 6, 9, 4, 7, 2, 8, 4, 4, 3, 10, 7, 7, 10, 2, 9, 6, 10, 4, 4, 4, 4, 2, 8, 5, 4, 1, 2, 1, 1, 6, 10, 1]
(0.5840060780269649, 0.6599914893057331, 0.7715889960725911)
[3, 8, 8, 9, 7, 7, 6, 1, 7, 10, 4, 6, 9, 1, 10, 4, 1, 3, 5, 9, 7, 2, 4, 10, 10, 8, 3, 6, 10, 7, 6, 9, 4, 7, 2, 8, 4, 4, 3, 10, 7, 7, 10, 2, 9, 6, 10, 4, 4, 4, 4, 2, 8, 5, 4, 1, 2, 1, 1, 6, 10, 1]
(0.5840060780269649, 0.6599914893057331, 0.7715889960725911)
[3, 8, 8, 9, 7, 7, 6, 1, 7, 10, 4, 6, 9, 1, 10, 4, 1, 3, 5, 9, 7, 2, 4, 10, 10, 8, 3, 6, 10, 7, 6, 9, 4, 7, 2, 8, 4, 4, 3, 10, 7, 7, 10, 2, 9, 6, 10, 4, 4, 4, 4, 2, 8, 5, 4, 1, 2, 1, 1, 6, 10, 1]
(0.5840060780269649, 0.6599914893057331, 0.7715889960725911)
[3, 8, 8, 9, 7, 7, 6, 10, 7, 10, 4, 6, 8, 8, 10, 4, 1, 7, 5, 9, 10, 6, 7, 10, 1, 8, 3, 8, 9, 7, 3, 5, 10, 8, 2, 6, 4, 4, 3, 10, 7, 7, 8, 2, 9, 6, 10, 4, 4, 4, 4, 1, 8, 5, 4, 1, 2, 1, 1, 6, 10, 1]
(0.5833765565405061, 0.6567973830436743, 0.7774453204121391)
[3, 4, 8, 9, 7, 7, 6, 10, 7, 2, 4, 6, 8, 8, 9, 4, 4, 7, 5, 9, 7, 6, 4, 10, 1, 8, 3, 8, 9, 7, 6, 5, 10, 8, 2, 8, 1, 4, 3, 10, 7, 7, 8, 2, 9, 6, 8, 4, 4, 4, 9, 1, 8, 5, 4, 1, 2, 1, 1, 6, 10, 1]
(0.5834217725635461, 0.659634220254637, 0.7754588649678453)
[3, 4, 8, 9, 7, 7, 6, 2, 7, 10, 4, 6, 8, 8, 10, 4, 1, 7, 5, 9, 5, 6, 7, 10, 1, 8, 3, 8, 9, 7, 3, 5, 10, 8, 2, 8, 4, 4, 3, 10, 7, 7, 7, 2, 9, 6, 10, 4, 4, 4, 4, 1, 8, 5, 4, 1, 2, 1, 1, 6, 10, 1]
(0.5835318390227661, 0.6591762151659251, 0.7771272898060152)
[3, 4, 8, 9, 7, 7, 6, 10, 7, 10, 4, 6, 8, 8, 9, 7, 4, 7, 5, 9, 5, 6, 7, 10, 1, 8, 3, 8, 9, 7, 3, 10, 10, 7, 2, 8, 4, 4, 3, 10, 7, 7, 10, 2, 9, 6, 10, 4, 4, 4, 4, 2, 8, 5, 4, 1, 2, 1, 1, 6, 10, 1]
(0.5828978450509393, 0.6622103976356161, 0.7753942336647889)
[3, 4, 8, 9, 7, 7, 6, 10, 7, 10, 4, 6, 8, 8, 9, 7, 4, 7, 5, 9, 5, 6, 7, 10, 1, 8, 3, 8, 9, 7, 3, 10, 10, 7, 2, 8, 4, 4, 3, 10, 7, 7, 10, 2, 9, 6, 10, 4, 4, 4, 4, 2, 8, 5, 4, 1, 2, 1, 1, 6, 10, 1]
(0.5828978450509393, 0.6622103976356161, 0.7753942336647889)
[3, 4, 8, 9, 7, 7, 6, 10, 7, 2, 4, 6, 8, 8, 9, 4, 4, 7, 5, 9, 7, 6, 10, 10, 1, 8, 3, 8, 9, 7, 3, 5, 10, 8, 2, 8, 1, 4, 3, 10, 7, 7, 8, 2, 9, 6, 10, 4, 4, 4, 9, 1, 8, 5, 4, 1, 2, 1, 1, 6, 10, 1]
(0.5833760646054026, 0.6614318880733216, 0.776349886046864)
[3, 4, 8, 9, 7, 7, 6, 10, 7, 2, 4, 6, 8, 8, 9, 4, 4, 7, 5, 9, 7, 6, 10, 10, 1, 8, 3, 8, 9, 7, 3, 5, 10, 8, 2, 8, 1, 4, 3, 10, 7, 7, 8, 2, 9, 6, 8, 4, 4, 4, 9, 1, 8, 5, 4, 1, 2, 1, 1, 6, 10, 1]
(0.5833535176345294, 0.6611378089284459, 0.7767750169636727)
[3, 4, 8, 9, 7, 7, 6, 10, 7, 2, 4, 6, 8, 8, 9, 4, 3, 7, 5, 9, 7, 6, 10, 10, 1, 8, 3, 8, 9, 7, 6, 5, 10, 8, 2, 8, 1, 4, 3, 10, 7, 7, 8, 2, 9, 6, 8, 4, 4, 4, 9, 1, 8, 5, 4, 1, 2, 1, 1, 6, 10, 1]
(0.5834223682021135, 0.6602914309880179, 0.7777433703107126)
[3, 4, 8, 9, 7, 7, 6, 2, 7, 10, 1, 6, 8, 8, 10, 4, 1, 7, 5, 9, 5, 6, 7, 10, 1, 8, 3, 8, 9, 7, 3, 5, 10, 8, 2, 8, 4, 4, 3, 10, 7, 7, 7, 2, 9, 6, 10, 4, 4, 4, 4, 1, 8, 5, 4, 1, 2, 1, 1, 6, 10, 1]
(0.5835318390227661, 0.6609058948624272, 0.7771093649836482)
[3, 4, 8, 9, 7, 7, 6, 10, 7, 10, 4, 6, 8, 10, 9, 7, 4, 7, 5, 9, 5, 6, 7, 10, 1, 8, 3, 8, 9, 7, 3, 5, 7, 8, 8, 8, 4, 4, 3, 10, 7, 7, 8, 2, 9, 5, 5, 1, 10, 4, 4, 1, 8, 7, 4, 1, 2, 1, 1, 6, 10, 1]
(0.5828864779260877, 0.662337484051503, 0.7766092882409689)
[3, 4, 8, 9, 7, 7, 6, 10, 7, 10, 4, 6, 8, 8, 9, 7, 4, 7, 5, 9, 5, 6, 4, 10, 1, 10, 3, 4, 10, 7, 6, 4, 4, 5, 5, 6, 5, 7, 9, 7, 8, 4, 8, 3, 4, 5, 3, 4, 10, 4, 1, 1, 8, 7, 4, 1, 2, 1, 1, 6, 10, 1]
(0.5820052058883555, 0.6635834194930084, 0.7765525994097718)
[3, 4, 8, 9, 7, 7, 6, 1, 7, 10, 4, 6, 8, 8, 9, 4, 4, 7, 5, 9, 7, 6, 4, 10, 1, 8, 6, 8, 9, 7, 6, 5, 4, 5, 5, 6, 7, 7, 9, 7, 8, 4, 8, 3, 4, 5, 3, 3, 10, 4, 4, 4, 8, 5, 4, 1, 2, 1, 1, 6, 10, 1]
(0.583479054944077, 0.6617770925014004, 0.776924260130487)
[3, 8, 8, 8, 5, 7, 6, 10, 7, 10, 4, 5, 8, 8, 10, 4, 9, 4, 5, 9, 7, 6, 4, 10, 7, 8, 3, 4, 10, 5, 6, 4, 4, 5, 5, 6, 5, 7, 10, 7, 8, 4, 8, 3, 4, 5, 3, 1, 10, 4, 4, 1, 8, 5, 4, 1, 2, 1, 1, 6, 10, 1]
(0.5832597728753665, 0.6656747538506257, 0.775020024821238)
[3, 4, 8, 9, 5, 7, 6, 10, 7, 10, 4, 5, 8, 8, 10, 4, 9, 4, 5, 9, 7, 6, 4, 10, 7, 8, 3, 4, 10, 5, 6, 4, 4, 5, 5, 6, 5, 7, 10, 7, 8, 4, 8, 3, 4, 5, 3, 1, 10, 4, 4, 1, 8, 5, 4, 1, 2, 1, 1, 6, 10, 1]
(0.5831853731879276, 0.6650679672227023, 0.7759557298304725)
[3, 4, 8, 5, 7, 8, 6, 10, 7, 2, 4, 6, 8, 8, 9, 4, 4, 7, 5, 9, 7, 6, 4, 10, 1, 8, 7, 8, 9, 7, 6, 5, 4, 5, 5, 6, 5, 7, 9, 7, 8, 4, 8, 3, 4, 5, 3, 3, 10, 4, 4, 1, 8, 5, 4, 1, 2, 1, 1, 6, 10, 1]
(0.583102199181023, 0.6694798331136897, 0.774157626656836)
[3, 4, 8, 5, 7, 7, 6, 10, 7, 10, 4, 5, 8, 8, 10, 4, 9, 1, 5, 9, 10, 6, 4, 10, 1, 9, 3, 4, 10, 7, 6, 4, 4, 5, 5, 6, 5, 7, 9, 7, 8, 4, 8, 3, 4, 5, 3, 4, 10, 4, 4, 1, 5, 5, 4, 1, 2, 1, 1, 6, 10, 1]
(0.5832077457882086, 0.6673402511154204, 0.7768110403307048)
[3, 4, 8, 5, 7, 7, 6, 10, 7, 10, 4, 5, 8, 8, 10, 4, 9, 1, 5, 9, 10, 6, 4, 10, 1, 9, 3, 4, 10, 7, 6, 4, 4, 5, 5, 6, 5, 7, 9, 7, 8, 4, 8, 3, 4, 5, 3, 4, 10, 4, 4, 1, 5, 5, 4, 1, 2, 1, 1, 6, 10, 1]
(0.5832077457882086, 0.6673402511154204, 0.7768110403307048)
[3, 4, 8, 5, 7, 8, 6, 10, 7, 3, 4, 6, 8, 8, 9, 7, 4, 3, 5, 9, 7, 6, 4, 6, 1, 10, 3, 4, 10, 7, 6, 4, 4, 5, 5, 6, 5, 7, 9, 7, 8, 4, 8, 3, 4, 5, 3, 4, 10, 5, 4, 1, 8, 5, 4, 1, 2, 1, 1, 6, 10, 1]
(0.5805020444140396, 0.6706962784602029, 0.7766440761678547)
[3, 8, 8, 8, 5, 7, 6, 10, 7, 10, 4, 5, 8, 8, 10, 4, 9, 4, 5, 9, 7, 6, 4, 10, 7, 8, 8, 4, 10, 5, 6, 4, 4, 5, 5, 6, 5, 7, 10, 9, 8, 4, 8, 3, 4, 5, 3, 4, 10, 4, 4, 1, 8, 5, 4, 1, 2, 1, 1, 6, 10, 1]
(0.5831263208474294, 0.6680497476019919, 0.7767743665697102)
[3, 4, 8, 9, 7, 6, 6, 2, 3, 10, 4, 6, 8, 10, 9, 4, 10, 7, 5, 9, 5, 6, 7, 10, 1, 8, 3, 8, 9, 7, 3, 5, 7, 8, 8, 8, 4, 4, 3, 10, 7, 7, 8, 2, 9, 5, 5, 1, 10, 4, 4, 1, 8, 5, 4, 1, 2, 1, 1, 6, 10, 1]
(0.5830308065658669, 0.6677385244909065, 0.77753168154049)
[3, 4, 8, 5, 7, 8, 6, 10, 7, 10, 4, 6, 8, 8, 9, 7, 4, 3, 5, 9, 7, 6, 4, 10, 1, 10, 3, 4, 10, 7, 6, 4, 4, 5, 5, 6, 5, 7, 9, 7, 8, 4, 8, 3, 4, 5, 3, 4, 10, 4, 4, 1, 8, 5, 4, 1, 2, 1, 1, 6, 10, 1]
(0.5817185807810042, 0.670002389329695, 0.7776341218937088)
[3, 4, 8, 2, 7, 7, 6, 10, 7, 10, 4, 6, 8, 8, 10, 4, 9, 1, 5, 9, 10, 6, 4, 10, 1, 9, 3, 4, 10, 7, 6, 4, 4, 5, 5, 6, 5, 7, 9, 7, 8, 4, 8, 3, 4, 5, 3, 4, 10, 4, 1, 1, 8, 7, 4, 1, 3, 1, 1, 6, 10, 1]
(0.5820838681382218, 0.6734377326594015, 0.7782749972548114)
[9, 8, 8, 10, 7, 3, 8, 4, 2, 10, 9, 6, 2, 8, 10, 9, 3, 3, 8, 9, 10, 10, 2, 3, 10, 4, 6, 2, 10, 2, 6, 6, 4, 5, 1, 2, 10, 6, 2, 3, 9, 1, 5, 9, 8, 8, 5, 1, 10, 4, 4, 9, 10, 1, 2, 1, 2, 5, 4, 3, 9, 1]
(0.29196008317651106, 0.9953616377897535, 0.7692174993257151)
[9, 8, 8, 4, 4, 3, 8, 2, 2, 10, 5, 6, 1, 4, 6, 9, 6, 6, 5, 9, 10, 10, 2, 3, 10, 6, 9, 5, 10, 4, 6, 6, 4, 5, 1, 1, 10, 6, 9, 3, 9, 4, 5, 9, 8, 8, 2, 1, 10, 4, 4, 9, 10, 7, 2, 1, 2, 5, 4, 3, 9, 1]
(0.5375406754156462, 0.996138542797414, 0.5229039730826578)
[9, 8, 8, 10, 7, 3, 8, 4, 2, 10, 9, 6, 2, 8, 10, 9, 3, 3, 5, 9, 10, 10, 2, 3, 10, 4, 6, 2, 10, 2, 6, 6, 4, 5, 1, 2, 10, 6, 2, 3, 9, 4, 5, 9, 8, 8, 5, 1, 10, 4, 4, 9, 10, 1, 2, 1, 2, 5, 4, 3, 9, 1]
(0.29182662355836264, 0.9951849701814328, 0.7715203726810554)
[9, 8, 8, 10, 7, 3, 8, 4, 2, 10, 9, 6, 2, 8, 10, 9, 3, 3, 5, 9, 10, 10, 2, 3, 10, 4, 6, 2, 10, 2, 6, 6, 4, 5, 1, 2, 10, 6, 2, 3, 9, 4, 5, 9, 8, 8, 5, 1, 10, 4, 4, 9, 10, 1, 2, 1, 2, 5, 4, 3, 9, 1]
(0.29182662355836264, 0.9951849701814328, 0.7715203726810554)
[9, 8, 8, 10, 7, 3, 8, 4, 2, 10, 9, 6, 2, 8, 10, 9, 3, 3, 5, 9, 10, 10, 2, 3, 10, 4, 6, 2, 10, 2, 6, 6, 4, 5, 1, 2, 10, 6, 2, 3, 9, 4, 5, 9, 8, 8, 5, 1, 10, 4, 4, 9, 10, 1, 2, 1, 2, 5, 4, 3, 9, 1]
(0.29182662355836264, 0.9951849701814328, 0.7715203726810554)
[9, 8, 8, 4, 7, 3, 8, 2, 2, 10, 5, 6, 2, 5, 6, 9, 6, 6, 5, 9, 10, 10, 2, 3, 1, 8, 3, 4, 10, 7, 6, 4, 4, 5, 5, 6, 5, 7, 10, 7, 8, 4, 8, 3, 4, 5, 3, 1, 10, 4, 4, 1, 8, 5, 5, 1, 2, 5, 4, 3, 9, 1]
(0.9347894288337638, 0.6731771797031898, 0.4506207568650316)
[9, 8, 8, 10, 7, 3, 8, 4, 2, 10, 9, 6, 2, 8, 10, 9, 3, 3, 8, 9, 10, 5, 2, 3, 10, 4, 6, 2, 10, 2, 6, 6, 4, 5, 1, 2, 10, 6, 2, 3, 9, 4, 5, 9, 8, 8, 5, 1, 10, 4, 4, 9, 10, 1, 2, 1, 2, 5, 4, 3, 9, 1]
(0.2915559297959071, 0.994909914862362, 0.7723966852232274)
[9, 8, 8, 10, 7, 3, 8, 4, 2, 10, 9, 6, 1, 8, 10, 9, 3, 3, 8, 9, 10, 10, 2, 3, 10, 4, 6, 2, 10, 2, 6, 6, 4, 5, 1, 2, 10, 6, 2, 3, 9, 4, 5, 9, 8, 8, 5, 1, 10, 4, 4, 9, 10, 1, 2, 1, 2, 5, 4, 3, 9, 1]
(0.29168027400373403, 0.993927243445066, 0.77359405507506)
[1, 3, 7, 2, 7, 7, 6, 4, 2, 10, 5, 6, 10, 5, 9, 4, 3, 4, 2, 9, 9, 9, 10, 1, 8, 4, 10, 8, 8, 5, 2, 1, 9, 8, 7, 10, 10, 8, 4, 3, 6, 7, 3, 9, 7, 8, 5, 7, 4, 4, 8, 9, 9, 7, 1, 2, 2, 1, 4, 4, 6, 2]
(0.29153547330218876, 0.9944099965505276, 0.7738954864642135)
[9, 8, 8, 6, 7, 3, 8, 4, 2, 10, 9, 6, 2, 8, 10, 9, 3, 3, 5, 9, 10, 10, 2, 3, 10, 4, 6, 2, 10, 2, 6, 6, 4, 5, 1, 2, 10, 6, 2, 3, 9, 4, 5, 9, 8, 8, 5, 1, 10, 4, 4, 9, 10, 1, 2, 1, 2, 5, 4, 3, 9, 1]
(0.2920599553394334, 0.9957373254932439, 0.7722717308713654)
[9, 8, 8, 6, 7, 3, 8, 4, 2, 10, 9, 6, 2, 8, 10, 9, 3, 3, 5, 9, 10, 10, 2, 3, 10, 4, 6, 2, 10, 2, 6, 6, 4, 5, 1, 2, 10, 6, 2, 3, 9, 4, 5, 9, 8, 8, 5, 1, 10, 4, 4, 9, 10, 1, 2, 1, 2, 5, 4, 3, 9, 1]
(0.2920599553394334, 0.9957373254932439, 0.7722717308713654)
[9, 8, 8, 6, 7, 3, 8, 4, 2, 10, 9, 6, 2, 8, 10, 9, 3, 3, 5, 9, 10, 10, 2, 3, 10, 4, 6, 2, 10, 2, 6, 6, 4, 5, 1, 2, 10, 6, 2, 3, 9, 4, 5, 9, 8, 8, 5, 1, 10, 4, 4, 9, 10, 1, 2, 1, 2, 5, 4, 3, 9, 1]
(0.2920599553394334, 0.9957373254932439, 0.7722717308713654)
[9, 8, 8, 10, 7, 3, 8, 4, 2, 10, 9, 8, 2, 8, 10, 9, 3, 3, 5, 9, 10, 10, 2, 3, 10, 4, 6, 2, 10, 2, 6, 6, 4, 5, 1, 2, 10, 6, 2, 3, 9, 4, 5, 9, 8, 8, 5, 1, 10, 4, 4, 9, 10, 1, 2, 1, 2, 5, 4, 3, 9, 1]
(0.29203084404746044, 0.994971580523995, 0.773297604948857)
[9, 8, 8, 1, 1, 3, 4, 2, 2, 10, 5, 6, 3, 5, 6, 9, 8, 6, 7, 9, 10, 10, 2, 3, 10, 6, 9, 3, 10, 2, 6, 6, 4, 5, 1, 2, 10, 6, 9, 2, 9, 6, 5, 4, 8, 8, 3, 1, 10, 4, 4, 9, 10, 7, 2, 1, 2, 5, 4, 3, 9, 1]
(0.5692174369401257, 0.9961166712455427, 0.5213280896892437)
[9, 8, 8, 4, 1, 3, 4, 2, 2, 10, 5, 6, 3, 5, 6, 5, 8, 6, 4, 9, 9, 6, 4, 3, 10, 10, 9, 2, 4, 2, 6, 6, 4, 10, 8, 2, 10, 6, 9, 5, 9, 6, 5, 6, 8, 8, 5, 1, 10, 9, 4, 9, 10, 7, 2, 1, 2, 5, 4, 3, 8, 1]
(0.9320379248811198, 0.669888288771074, 0.5203201429084041)
[9, 8, 8, 4, 1, 3, 4, 2, 2, 10, 5, 6, 3, 5, 6, 5, 8, 6, 4, 9, 9, 6, 4, 3, 10, 10, 9, 2, 4, 2, 6, 6, 4, 10, 8, 2, 10, 6, 9, 5, 9, 6, 5, 6, 8, 8, 5, 1, 10, 9, 4, 9, 10, 7, 2, 1, 2, 5, 4, 3, 8, 1]
(0.9320379248811198, 0.669888288771074, 0.5203201429084041)
[9, 8, 8, 4, 1, 3, 4, 2, 2, 10, 5, 6, 3, 5, 6, 5, 8, 6, 4, 9, 9, 6, 4, 3, 10, 10, 9, 2, 4, 2, 6, 6, 4, 10, 8, 2, 10, 6, 9, 5, 9, 6, 5, 6, 8, 8, 5, 1, 10, 9, 4, 9, 10, 7, 2, 1, 2, 5, 4, 3, 8, 1]
(0.9320379248811198, 0.669888288771074, 0.5203201429084041)
[9, 8, 8, 4, 1, 3, 4, 2, 2, 10, 5, 6, 2, 5, 6, 9, 6, 6, 5, 9, 10, 10, 2, 3, 1, 8, 3, 4, 10, 7, 6, 4, 4, 5, 5, 2, 5, 7, 10, 7, 8, 4, 8, 3, 4, 5, 3, 1, 10, 4, 4, 1, 7, 5, 5, 1, 2, 5, 4, 3, 9, 1]
(0.9348546748810808, 0.6692084624371956, 0.5213315763096025)
[9, 8, 8, 4, 4, 3, 8, 2, 2, 10, 5, 6, 1, 4, 6, 9, 8, 6, 7, 9, 10, 10, 1, 3, 8, 10, 9, 3, 4, 2, 6, 6, 4, 5, 1, 6, 10, 6, 3, 3, 9, 4, 5, 9, 8, 8, 3, 1, 10, 4, 4, 9, 10, 7, 2, 1, 2, 5, 4, 3, 9, 1]
(0.9329777775480214, 0.6700156318354282, 0.6136624093371822)
[3, 4, 8, 9, 7, 7, 6, 10, 7, 10, 7, 2, 8, 8, 10, 4, 4, 1, 5, 8, 10, 6, 3, 10, 1, 9, 3, 4, 10, 7, 10, 4, 4, 5, 5, 6, 5, 7, 9, 8, 8, 4, 8, 3, 4, 5, 5, 1, 10, 4, 4, 1, 8, 5, 4, 1, 2, 1, 1, 6, 10, 1]
(0.582449969370727, 0.9683961627073568, 0.7745396280394766)
[3, 4, 8, 9, 7, 7, 6, 10, 7, 10, 4, 5, 8, 8, 10, 4, 9, 1, 5, 9, 10, 6, 4, 10, 1, 9, 3, 4, 10, 7, 6, 4, 4, 5, 5, 6, 5, 7, 9, 7, 8, 4, 8, 3, 4, 5, 3, 4, 10, 4, 4, 1, 5, 5, 4, 1, 2, 1, 1, 6, 10, 1]
(0.5829452195937611, 0.9820460853166857, 0.7762573958842346)
[3, 4, 8, 9, 7, 7, 6, 10, 6, 10, 4, 6, 8, 8, 10, 4, 4, 3, 5, 9, 7, 6, 4, 10, 1, 8, 3, 4, 10, 7, 6, 4, 4, 5, 5, 6, 5, 7, 10, 7, 8, 4, 8, 3, 4, 5, 5, 1, 10, 4, 4, 1, 9, 5, 4, 1, 2, 1, 1, 6, 10, 1]
(0.5826386142856642, 0.988368096668271, 0.7722566205558145)
[3, 4, 8, 9, 7, 7, 6, 10, 7, 10, 4, 5, 8, 8, 10, 4, 9, 1, 5, 9, 10, 6, 4, 10, 1, 9, 3, 4, 10, 7, 6, 4, 4, 5, 5, 6, 5, 7, 9, 7, 8, 4, 8, 3, 4, 5, 3, 4, 10, 4, 1, 1, 8, 7, 4, 1, 2, 1, 1, 6, 10, 1]
(0.5832572623326442, 0.9867741492576874, 0.7759318078441766)
[3, 4, 8, 9, 7, 7, 6, 10, 7, 10, 4, 6, 8, 8, 10, 4, 9, 1, 5, 9, 10, 6, 4, 10, 1, 9, 3, 4, 10, 7, 6, 4, 4, 5, 5, 6, 5, 7, 9, 7, 8, 4, 8, 3, 4, 5, 3, 4, 10, 4, 1, 1, 8, 7, 4, 1, 2, 1, 1, 6, 10, 1]
(0.5825369982366725, 0.9893654915504133, 0.7768271258700772)
[3, 4, 8, 9, 7, 7, 6, 10, 7, 10, 7, 6, 8, 8, 10, 4, 4, 1, 5, 8, 8, 6, 4, 8, 1, 4, 3, 4, 9, 7, 6, 4, 4, 5, 5, 6, 5, 7, 10, 7, 8, 4, 8, 3, 4, 5, 5, 1, 10, 4, 4, 1, 8, 7, 4, 1, 2, 1, 1, 6, 10, 1]
(0.5817313200077017, 0.9941256468184267, 0.7729084424775757)
[3, 4, 8, 9, 7, 7, 6, 10, 7, 10, 7, 2, 8, 8, 10, 4, 4, 1, 5, 8, 10, 6, 3, 10, 1, 9, 3, 4, 10, 7, 6, 4, 4, 5, 5, 6, 5, 7, 9, 9, 8, 4, 8, 3, 4, 5, 3, 4, 10, 4, 4, 1, 8, 5, 4, 1, 2, 1, 1, 6, 10, 1]
(0.5821890410628828, 0.9935665265656982, 0.7763452216839296)
[7, 8, 8, 2, 7, 3, 8, 2, 2, 10, 5, 6, 3, 5, 6, 9, 6, 6, 6, 9, 10, 10, 2, 3, 10, 10, 9, 2, 4, 2, 6, 2, 4, 5, 1, 2, 10, 6, 7, 3, 9, 4, 5, 9, 8, 8, 2, 1, 10, 4, 7, 9, 10, 7, 2, 1, 2, 5, 4, 3, 9, 1]
(0.930671026207482, 0.9953248121775662, 0.450383325014137)
[9, 8, 8, 4, 7, 3, 8, 2, 2, 10, 5, 6, 3, 5, 6, 9, 6, 6, 6, 9, 10, 10, 2, 3, 10, 6, 9, 3, 10, 2, 6, 6, 4, 5, 1, 2, 10, 6, 9, 3, 9, 6, 5, 4, 8, 8, 3, 1, 10, 4, 4, 9, 10, 7, 2, 1, 2, 5, 4, 3, 9, 1]
(0.9288937420006506, 0.9988025014288698, 0.4499358838259122)
[9, 8, 8, 4, 7, 3, 8, 2, 2, 10, 5, 6, 3, 5, 6, 7, 6, 6, 6, 9, 10, 10, 2, 3, 10, 6, 9, 3, 10, 2, 6, 6, 4, 5, 1, 2, 10, 6, 9, 3, 9, 6, 5, 4, 8, 8, 3, 1, 10, 4, 4, 9, 10, 7, 2, 1, 2, 5, 4, 3, 9, 1]
(0.9283137645311393, 0.9988351817242775, 0.45074837088618)
[10, 8, 8, 4, 7, 3, 8, 2, 2, 3, 5, 6, 3, 5, 6, 9, 6, 6, 6, 9, 10, 10, 2, 3, 10, 6, 9, 3, 10, 2, 6, 6, 4, 5, 1, 2, 10, 6, 9, 3, 9, 6, 5, 4, 8, 8, 3, 1, 10, 4, 4, 10, 10, 7, 2, 1, 2, 5, 4, 3, 9, 1]
(0.9301660020803707, 0.9963374978862678, 0.4520846496807702)
[9, 8, 8, 4, 7, 3, 8, 2, 2, 10, 5, 6, 3, 5, 6, 9, 6, 6, 6, 9, 10, 10, 2, 3, 10, 10, 9, 2, 4, 2, 6, 6, 4, 5, 1, 2, 10, 6, 9, 3, 9, 6, 5, 4, 8, 8, 3, 1, 10, 4, 4, 9, 10, 7, 2, 1, 2, 5, 4, 3, 9, 1]
(0.9322402386581905, 0.9968802628107344, 0.45045976205178717)
[9, 8, 8, 4, 7, 3, 8, 2, 2, 10, 5, 6, 3, 5, 6, 9, 6, 6, 6, 9, 10, 10, 2, 3, 10, 10, 9, 2, 4, 2, 6, 6, 4, 5, 1, 2, 10, 6, 9, 3, 9, 6, 5, 4, 8, 8, 3, 1, 10, 4, 4, 9, 10, 7, 2, 1, 2, 5, 4, 3, 9, 1]
(0.9322402386581905, 0.9968802628107344, 0.45045976205178717)
[9, 8, 8, 4, 1, 3, 8, 2, 2, 10, 5, 6, 3, 5, 6, 9, 6, 6, 5, 9, 10, 10, 2, 3, 10, 10, 9, 2, 4, 2, 6, 6, 4, 5, 1, 2, 10, 6, 2, 3, 9, 4, 5, 9, 8, 6, 5, 1, 10, 4, 4, 9, 10, 7, 2, 1, 2, 5, 4, 3, 9, 1]
(0.9324625207556587, 0.9915100716985739, 0.6136168789593922)
[9, 8, 8, 4, 1, 3, 4, 2, 2, 10, 5, 6, 3, 5, 6, 9, 6, 6, 5, 9, 10, 10, 1, 3, 10, 8, 9, 3, 4, 2, 6, 6, 4, 5, 1, 2, 10, 6, 2, 3, 9, 4, 5, 9, 8, 6, 6, 1, 10, 4, 4, 9, 10, 7, 2, 1, 2, 5, 4, 3, 9, 1]
(0.9318975594077838, 0.9936000500805653, 0.6126388320793454)
[3, 8, 8, 4, 7, 3, 5, 2, 2, 10, 5, 6, 3, 5, 6, 9, 3, 6, 7, 9, 10, 10, 1, 3, 10, 10, 9, 3, 4, 2, 6, 6, 4, 5, 1, 6, 10, 6, 3, 3, 9, 4, 5, 9, 8, 8, 5, 1, 10, 4, 4, 9, 10, 7, 3, 1, 2, 5, 4, 3, 9, 1]
(0.9304034800313747, 0.9913842703215754, 0.6175678668443572)
[9, 8, 8, 4, 1, 3, 4, 2, 2, 10, 5, 6, 3, 5, 6, 9, 6, 6, 5, 9, 10, 10, 1, 3, 10, 8, 7, 3, 4, 2, 6, 6, 4, 5, 1, 2, 10, 6, 7, 3, 9, 4, 5, 9, 8, 8, 5, 1, 10, 4, 4, 9, 10, 7, 2, 1, 2, 5, 4, 3, 9, 1]
(0.932788455870337, 0.994221119675783, 0.6167270737878724)
