[8, 9, 6, 9, 6, 9, 8, 9, 1, 1, 2, 9, 6, 10, 1, 2, 6, 9, 4, 9, 5, 8, 6, 8, 6, 5, 9, 8, 8, 6, 7, 7, 5, 7, 9, 4, 5, 10, 10, 8, 1, 9, 5, 9, 5, 3, 8, 4, 6, 1, 6, 8, 6, 6, 6, 5, 6, 2, 1, 3, 10, 2]
(0.9637156968004985, 0.34983017952450224, 0.9632504631765171, 0.1800274851122309, 0.9559490130282923, 0.5833333333333341, 0.9587034621275945, 0.24075275794938336, 0.9642419635318203, 0.5848394092739833)
[3, 2, 6, 7, 2, 2, 5, 9, 7, 6, 5, 4, 8, 10, 8, 3, 4, 9, 5, 5, 3, 8, 7, 8, 4, 2, 3, 8, 7, 4, 5, 10, 9, 7, 8, 7, 3, 6, 7, 9, 2, 10, 7, 9, 5, 9, 8, 4, 6, 1, 6, 8, 6, 8, 6, 5, 6, 2, 1, 3, 9, 1]
(0.9534546756185577, 0.34983017952450224, 0.9609391099773332, 0.1800274851122309, 0.9695514467544836, 1.0, 0.9598939857445643, 0.21208079268292668, 0.9603730578906817, 0.26299168717782034)
[8, 9, 6, 9, 6, 9, 8, 9, 1, 1, 2, 9, 6, 10, 1, 2, 6, 9, 4, 9, 5, 8, 6, 8, 6, 5, 9, 8, 8, 6, 7, 7, 5, 7, 9, 4, 5, 10, 10, 8, 1, 9, 5, 9, 5, 3, 8, 4, 6, 1, 6, 8, 6, 6, 6, 5, 6, 2, 1, 3, 10, 2]
(0.9637156968004985, 0.34983017952450224, 0.9632504631765171, 0.1800274851122309, 0.9559490130282923, 0.5833333333333341, 0.9587034621275945, 0.24075275794938336, 0.9642419635318203, 0.788389252401501)
[8, 9, 6, 9, 6, 9, 8, 9, 1, 1, 2, 9, 6, 10, 1, 2, 6, 9, 4, 9, 5, 8, 6, 8, 6, 5, 9, 8, 8, 6, 7, 7, 5, 7, 9, 4, 5, 10, 10, 8, 1, 9, 5, 9, 5, 3, 8, 4, 6, 1, 6, 8, 6, 6, 6, 5, 6, 2, 1, 3, 10, 2]
(0.9637156968004985, 0.34983017952450224, 0.9632504631765171, 0.1800274851122309, 0.9559490130282923, 0.5833333333333341, 0.9587034621275945, 0.24075275794938336, 0.9642419635318203, 0.788389252401501)
[8, 9, 6, 9, 6, 9, 8, 9, 1, 1, 7, 9, 6, 10, 1, 2, 6, 9, 4, 9, 5, 8, 6, 8, 6, 5, 9, 8, 8, 6, 7, 7, 5, 7, 9, 4, 5, 10, 10, 8, 1, 9, 5, 9, 5, 3, 8, 4, 6, 1, 6, 8, 6, 8, 6, 5, 6, 2, 1, 3, 9, 2]
(0.9569203359074875, 0.34983017952450224, 0.9579527615569517, 0.1800274851122309, 0.9551051103509948, 0.5833333333333341, 0.953765753190963, 0.27838919459729844, 0.9603463540785001, 0.788389252401501)
[8, 9, 6, 9, 6, 9, 8, 9, 1, 1, 7, 9, 6, 10, 1, 2, 6, 9, 4, 9, 5, 8, 6, 8, 6, 5, 9, 8, 8, 6, 7, 7, 5, 7, 9, 4, 5, 10, 10, 8, 1, 9, 5, 9, 5, 3, 8, 4, 6, 1, 6, 8, 6, 8, 6, 5, 6, 2, 1, 3, 9, 2]
(0.9569203359074875, 0.34983017952450224, 0.9579527615569517, 0.1800274851122309, 0.9551051103509948, 0.5833333333333341, 0.953765753190963, 0.27838919459729844, 0.9603463540785001, 0.788389252401501)
[8, 9, 6, 9, 6, 9, 8, 9, 1, 1, 7, 9, 6, 10, 1, 2, 6, 9, 4, 9, 5, 8, 6, 8, 6, 5, 9, 8, 8, 6, 7, 7, 5, 7, 9, 4, 5, 10, 10, 8, 1, 9, 5, 9, 5, 3, 8, 4, 6, 1, 6, 8, 6, 8, 6, 5, 6, 2, 1, 3, 9, 2]
(0.9569203359074875, 0.34983017952450224, 0.9579527615569517, 0.1800274851122309, 0.9551051103509948, 0.5833333333333341, 0.953765753190963, 0.27838919459729844, 0.9603463540785001, 0.788389252401501)
[8, 9, 6, 9, 6, 9, 8, 9, 1, 1, 7, 9, 6, 10, 1, 2, 6, 9, 4, 9, 5, 8, 6, 8, 6, 5, 9, 8, 8, 6, 7, 7, 5, 7, 9, 4, 5, 10, 10, 8, 1, 9, 5, 9, 5, 3, 8, 4, 6, 1, 6, 8, 6, 8, 6, 5, 6, 2, 1, 3, 9, 2]
(0.9569203359074875, 0.34983017952450224, 0.9579527615569517, 0.1800274851122309, 0.9551051103509948, 0.5833333333333341, 0.953765753190963, 0.27838919459729844, 0.9603463540785001, 0.788389252401501)
[8, 9, 6, 9, 6, 9, 8, 9, 1, 1, 7, 9, 6, 10, 1, 2, 6, 9, 4, 9, 5, 8, 6, 8, 6, 5, 9, 8, 8, 6, 7, 7, 5, 7, 9, 4, 5, 10, 10, 8, 1, 9, 5, 9, 5, 3, 8, 4, 6, 1, 6, 8, 6, 8, 6, 5, 6, 2, 1, 3, 9, 2]
(0.9569203359074875, 0.34983017952450224, 0.9579527615569517, 0.1800274851122309, 0.9551051103509948, 0.5833333333333341, 0.953765753190963, 0.27838919459729844, 0.9603463540785001, 0.788389252401501)
[8, 9, 6, 9, 6, 9, 8, 9, 1, 1, 7, 9, 6, 10, 1, 2, 6, 9, 4, 9, 5, 8, 6, 8, 6, 5, 9, 8, 8, 6, 7, 7, 5, 7, 9, 4, 5, 10, 10, 8, 1, 9, 5, 9, 5, 3, 8, 4, 6, 1, 6, 8, 6, 8, 6, 5, 6, 2, 1, 3, 9, 2]
(0.9569203359074875, 0.34983017952450224, 0.9579527615569517, 0.1800274851122309, 0.9551051103509948, 0.5833333333333341, 0.953765753190963, 0.27838919459729844, 0.9603463540785001, 0.788389252401501)
[6, 3, 6, 4, 1, 2, 10, 3, 5, 7, 5, 4, 8, 2, 6, 2, 6, 5, 4, 5, 1, 9, 2, 10, 3, 8, 3, 6, 6, 9, 10, 10, 8, 10, 3, 3, 1, 7, 7, 7, 6, 10, 7, 4, 4, 3, 8, 7, 10, 4, 3, 7, 10, 6, 1, 5, 1, 2, 6, 3, 8, 3]
(0.8222412410192216, 0.5541890853189869, 0.9611010191030784, 0.1800274851122309, 0.9666920241899771, 1.0, 0.9547295010648654, 0.18951132300357565, 0.9406198090873648, 0.26299168717782034)
[6, 3, 6, 4, 1, 2, 10, 3, 5, 7, 5, 4, 8, 2, 6, 2, 6, 5, 4, 5, 1, 9, 2, 10, 3, 8, 3, 6, 6, 9, 10, 10, 8, 10, 3, 3, 1, 7, 7, 7, 6, 10, 7, 4, 4, 3, 8, 7, 10, 4, 3, 7, 10, 6, 1, 5, 1, 2, 6, 3, 8, 3]
(0.8222412410192216, 0.5541890853189869, 0.9611010191030784, 0.1800274851122309, 0.9666920241899771, 1.0, 0.9547295010648654, 0.18951132300357565, 0.9406198090873648, 0.26299168717782034)
[6, 3, 6, 4, 1, 2, 10, 3, 5, 7, 5, 4, 8, 2, 6, 2, 6, 5, 4, 5, 1, 9, 2, 10, 3, 8, 3, 6, 6, 9, 10, 10, 8, 10, 3, 3, 1, 7, 7, 7, 6, 10, 7, 4, 4, 3, 8, 7, 10, 4, 3, 7, 10, 6, 1, 5, 1, 2, 6, 3, 8, 3]
(0.8222412410192216, 0.5541890853189869, 0.9611010191030784, 0.1800274851122309, 0.9666920241899771, 1.0, 0.9547295010648654, 0.18951132300357565, 0.9406198090873648, 0.26299168717782034)
[6, 3, 6, 4, 1, 2, 10, 3, 5, 7, 5, 4, 8, 2, 6, 2, 6, 5, 4, 5, 1, 9, 2, 10, 3, 8, 3, 6, 6, 9, 10, 10, 8, 10, 3, 3, 1, 7, 7, 7, 6, 10, 7, 4, 4, 3, 8, 7, 10, 4, 3, 7, 10, 6, 1, 5, 1, 2, 6, 3, 8, 3]
(0.8222412410192216, 0.5541890853189869, 0.9611010191030784, 0.1800274851122309, 0.9666920241899771, 1.0, 0.9547295010648654, 0.18951132300357565, 0.9406198090873648, 0.26299168717782034)
[8, 9, 10, 9, 6, 9, 8, 9, 1, 1, 7, 9, 6, 10, 1, 2, 6, 9, 4, 9, 5, 8, 6, 8, 6, 5, 9, 8, 8, 6, 7, 7, 5, 7, 9, 4, 5, 6, 7, 9, 2, 10, 7, 4, 6, 4, 9, 4, 5, 2, 6, 8, 6, 8, 6, 5, 6, 2, 1, 3, 9, 2]
(0.9675553570501488, 0.34983017952450224, 0.9589575861580654, 0.1800274851122309, 0.954596075508742, 0.5833333333333341, 0.9571781762875603, 0.24075275794938336, 0.9562675385735914, 0.85247629083246)
[8, 9, 6, 9, 6, 9, 8, 9, 1, 1, 7, 9, 6, 10, 1, 2, 6, 9, 4, 9, 5, 8, 6, 8, 6, 5, 9, 8, 8, 6, 7, 7, 5, 7, 9, 4, 5, 10, 10, 8, 1, 9, 5, 9, 5, 9, 8, 4, 6, 1, 6, 8, 6, 8, 6, 5, 6, 2, 1, 3, 9, 2]
(0.9564629192464039, 0.34983017952450224, 0.9596632148139163, 0.1800274851122309, 0.9544698006473468, 0.5833333333333341, 0.9570497180335209, 0.24075275794938336, 0.9554557220078992, 0.85247629083246)
[8, 9, 6, 9, 6, 9, 8, 9, 1, 1, 7, 9, 6, 10, 1, 2, 6, 9, 4, 9, 5, 8, 6, 8, 6, 5, 9, 8, 8, 6, 7, 7, 5, 7, 9, 4, 5, 10, 10, 8, 1, 9, 5, 9, 5, 9, 8, 4, 6, 1, 6, 8, 6, 8, 6, 5, 6, 2, 1, 3, 9, 2]
(0.9564629192464039, 0.34983017952450224, 0.9596632148139163, 0.1800274851122309, 0.9544698006473468, 0.5833333333333341, 0.9570497180335209, 0.24075275794938336, 0.9554557220078992, 0.85247629083246)
[8, 9, 6, 9, 6, 9, 8, 9, 1, 1, 7, 9, 6, 10, 1, 2, 6, 9, 4, 9, 5, 8, 6, 8, 6, 5, 9, 8, 8, 6, 7, 7, 5, 7, 9, 4, 5, 10, 10, 8, 1, 9, 5, 9, 5, 9, 8, 4, 6, 1, 6, 8, 6, 8, 6, 5, 6, 2, 1, 3, 9, 2]
(0.9564629192464039, 0.34983017952450224, 0.9596632148139163, 0.1800274851122309, 0.9544698006473468, 0.5833333333333341, 0.9570497180335209, 0.24075275794938336, 0.9554557220078992, 0.85247629083246)
[8, 9, 6, 9, 6, 9, 8, 9, 1, 1, 7, 9, 6, 10, 1, 2, 6, 9, 4, 9, 5, 8, 6, 8, 6, 5, 9, 8, 8, 6, 7, 7, 5, 7, 9, 4, 5, 10, 10, 8, 1, 9, 5, 9, 5, 9, 8, 4, 6, 1, 6, 8, 6, 8, 6, 5, 6, 2, 1, 3, 9, 2]
(0.9564629192464039, 0.34983017952450224, 0.9596632148139163, 0.1800274851122309, 0.9544698006473468, 0.5833333333333341, 0.9570497180335209, 0.24075275794938336, 0.9554557220078992, 0.85247629083246)
[8, 9, 10, 9, 6, 9, 8, 9, 1, 1, 7, 9, 6, 10, 1, 2, 6, 9, 4, 9, 5, 8, 6, 8, 6, 5, 9, 8, 8, 6, 7, 7, 5, 7, 9, 4, 5, 6, 7, 9, 2, 10, 7, 4, 6, 4, 9, 4, 5, 2, 6, 8, 6, 8, 6, 5, 6, 2, 1, 3, 9, 2]
(0.9675553570501488, 0.34983017952450224, 0.9589575861580654, 0.1800274851122309, 0.954596075508742, 0.5833333333333341, 0.9571781762875603, 0.24075275794938336, 0.9562675385735914, 0.85247629083246)
[8, 9, 10, 9, 6, 9, 8, 9, 1, 1, 7, 9, 6, 10, 1, 2, 6, 9, 4, 9, 5, 8, 6, 8, 6, 5, 9, 8, 8, 6, 7, 7, 5, 7, 9, 4, 5, 6, 7, 9, 2, 10, 7, 4, 6, 4, 9, 4, 5, 2, 6, 8, 6, 8, 6, 5, 6, 2, 1, 3, 9, 2]
(0.9675553570501488, 0.34983017952450224, 0.9589575861580654, 0.1800274851122309, 0.954596075508742, 0.5833333333333341, 0.9571781762875603, 0.24075275794938336, 0.9562675385735914, 0.85247629083246)
[8, 9, 10, 9, 6, 9, 8, 9, 1, 1, 7, 9, 6, 10, 1, 2, 6, 9, 4, 9, 5, 8, 6, 8, 6, 5, 9, 8, 8, 6, 7, 7, 5, 7, 9, 4, 5, 6, 7, 9, 2, 10, 7, 4, 6, 4, 9, 4, 5, 2, 6, 8, 6, 8, 6, 5, 6, 2, 1, 3, 9, 2]
(0.9675553570501488, 0.34983017952450224, 0.9589575861580654, 0.1800274851122309, 0.954596075508742, 0.5833333333333341, 0.9571781762875603, 0.24075275794938336, 0.9562675385735914, 0.85247629083246)
[8, 9, 6, 9, 6, 9, 8, 9, 1, 1, 7, 9, 6, 10, 1, 2, 6, 9, 4, 9, 5, 8, 6, 8, 6, 5, 9, 8, 8, 6, 7, 7, 5, 7, 9, 4, 5, 10, 10, 8, 1, 9, 5, 9, 5, 9, 8, 4, 6, 1, 6, 8, 6, 8, 6, 5, 6, 2, 1, 3, 9, 2]
(0.9564629192464039, 0.34983017952450224, 0.9596632148139163, 0.1800274851122309, 0.9544698006473468, 0.5833333333333341, 0.9570497180335209, 0.24075275794938336, 0.9554557220078992, 0.85247629083246)
[8, 9, 5, 9, 3, 1, 1, 9, 9, 4, 5, 4, 3, 10, 4, 5, 4, 10, 4, 7, 8, 6, 2, 9, 6, 10, 9, 4, 8, 5, 7, 7, 5, 5, 7, 7, 7, 7, 7, 4, 6, 10, 10, 2, 9, 9, 8, 8, 3, 4, 3, 7, 10, 6, 7, 10, 3, 4, 1, 10, 3, 1]
(0.8449787727557138, 0.7399931577146763, 0.8519185456447317, 0.35400849311542903, 0.8399129225872474, 0.21874999999999997, 0.35675624320282956, 0.362715333234513, 0.7522358686663246, 0.5848394092739833)
[8, 9, 5, 9, 3, 1, 1, 9, 9, 4, 5, 4, 3, 10, 4, 5, 4, 10, 4, 7, 8, 6, 2, 9, 6, 10, 9, 4, 8, 5, 7, 7, 5, 5, 7, 7, 7, 7, 7, 4, 6, 10, 10, 2, 9, 9, 8, 8, 3, 4, 3, 7, 10, 6, 7, 10, 3, 4, 1, 10, 3, 1]
(0.8449787727557138, 0.7399931577146763, 0.8519185456447317, 0.35400849311542903, 0.8399129225872474, 0.21874999999999997, 0.35675624320282956, 0.362715333234513, 0.7522358686663246, 0.5848394092739833)
[8, 9, 10, 9, 2, 9, 4, 6, 2, 8, 3, 5, 10, 2, 8, 6, 5, 1, 3, 5, 8, 6, 9, 9, 2, 6, 10, 6, 4, 9, 8, 10, 9, 6, 6, 7, 3, 6, 7, 4, 6, 10, 5, 2, 5, 3, 2, 7, 3, 7, 10, 8, 9, 8, 2, 5, 5, 3, 6, 2, 9, 1]
(0.9595620430074616, 0.2974013474494705, 0.9573099336586877, 0.1800274851122309, 0.9657488535158317, 1.0, 0.9600227369926854, 0.21208079268292668, 0.9634277288801952, 0.5848394092739833)
[8, 9, 10, 9, 2, 9, 4, 6, 2, 8, 3, 5, 10, 2, 8, 6, 5, 1, 3, 5, 8, 6, 9, 9, 2, 6, 10, 6, 4, 9, 8, 10, 9, 6, 6, 7, 3, 6, 7, 4, 6, 10, 5, 2, 5, 3, 2, 7, 3, 7, 10, 8, 9, 8, 2, 5, 5, 3, 6, 2, 9, 1]
(0.9595620430074616, 0.2974013474494705, 0.9573099336586877, 0.1800274851122309, 0.9657488535158317, 1.0, 0.9600227369926854, 0.21208079268292668, 0.9634277288801952, 0.5848394092739833)
[8, 9, 10, 9, 2, 9, 4, 6, 2, 8, 3, 5, 10, 2, 8, 6, 5, 1, 3, 5, 8, 6, 9, 9, 2, 6, 10, 6, 4, 9, 8, 10, 9, 6, 6, 7, 3, 6, 7, 4, 6, 10, 5, 2, 5, 3, 2, 7, 3, 7, 10, 8, 9, 8, 2, 5, 5, 3, 6, 2, 9, 1]
(0.9595620430074616, 0.2974013474494705, 0.9573099336586877, 0.1800274851122309, 0.9657488535158317, 1.0, 0.9600227369926854, 0.21208079268292668, 0.9634277288801952, 0.5848394092739833)
[8, 9, 10, 9, 2, 9, 4, 6, 2, 8, 3, 5, 10, 2, 8, 6, 5, 1, 3, 5, 8, 6, 9, 9, 2, 6, 10, 6, 4, 9, 8, 10, 9, 6, 6, 7, 3, 6, 7, 4, 6, 10, 5, 2, 5, 3, 2, 7, 3, 7, 10, 8, 9, 8, 2, 5, 5, 3, 6, 2, 9, 1]
(0.9595620430074616, 0.2974013474494705, 0.9573099336586877, 0.1800274851122309, 0.9657488535158317, 1.0, 0.9600227369926854, 0.21208079268292668, 0.9634277288801952, 0.5848394092739833)
[8, 9, 10, 9, 2, 9, 4, 6, 2, 8, 3, 5, 10, 2, 8, 6, 5, 1, 3, 5, 8, 6, 9, 9, 2, 6, 10, 6, 4, 9, 8, 10, 9, 6, 6, 7, 3, 6, 7, 4, 6, 10, 5, 2, 5, 3, 2, 7, 3, 7, 10, 8, 9, 8, 2, 5, 5, 3, 6, 2, 9, 1]
(0.9595620430074616, 0.2974013474494705, 0.9573099336586877, 0.1800274851122309, 0.9657488535158317, 1.0, 0.9600227369926854, 0.21208079268292668, 0.9634277288801952, 0.5848394092739833)
[3, 2, 6, 7, 2, 2, 5, 9, 7, 6, 5, 4, 8, 10, 8, 3, 6, 9, 5, 5, 3, 8, 7, 8, 4, 2, 3, 8, 7, 4, 5, 10, 9, 7, 8, 7, 3, 6, 7, 9, 2, 10, 7, 4, 8, 4, 9, 4, 5, 2, 6, 8, 6, 8, 6, 5, 6, 2, 1, 3, 9, 1]
(0.9642739501781745, 0.34983017952450224, 0.9651221315376443, 0.1800274851122309, 0.9645718765445038, 1.0, 0.9605494792573138, 0.21208079268292668, 0.9606311406008883, 0.5848394092739833)
[3, 2, 6, 7, 2, 2, 5, 9, 7, 6, 5, 4, 8, 10, 8, 3, 6, 9, 5, 5, 3, 8, 7, 8, 4, 2, 3, 8, 7, 4, 5, 10, 9, 7, 8, 7, 3, 6, 7, 9, 2, 10, 7, 4, 8, 4, 9, 4, 5, 2, 6, 8, 6, 8, 6, 5, 6, 2, 1, 3, 9, 1]
(0.9642739501781745, 0.34983017952450224, 0.9651221315376443, 0.1800274851122309, 0.9642358782701177, 1.0, 0.9605494792573138, 0.21208079268292668, 0.9606311406008883, 0.5848394092739833)
[3, 2, 6, 7, 2, 2, 5, 9, 7, 6, 5, 4, 8, 10, 8, 3, 6, 9, 5, 5, 3, 8, 7, 8, 4, 2, 3, 8, 7, 4, 5, 10, 9, 7, 8, 7, 3, 6, 7, 9, 2, 10, 7, 4, 8, 4, 9, 4, 5, 2, 6, 8, 6, 8, 6, 5, 6, 2, 1, 3, 9, 1]
(0.9642739501781745, 0.34983017952450224, 0.9651221315376443, 0.1800274851122309, 0.9642358782701177, 1.0, 0.9605494792573138, 0.21208079268292668, 0.9606311406008883, 0.5848394092739833)
[3, 2, 6, 7, 2, 2, 5, 9, 7, 6, 5, 4, 8, 10, 8, 3, 6, 9, 5, 5, 3, 8, 7, 8, 4, 2, 3, 8, 7, 4, 5, 10, 9, 7, 8, 7, 3, 6, 7, 9, 2, 10, 7, 4, 8, 4, 9, 4, 5, 2, 6, 8, 6, 8, 6, 5, 6, 2, 1, 3, 9, 1]
(0.9642739501781745, 0.34983017952450224, 0.9651221315376443, 0.1800274851122309, 0.9645718765445038, 1.0, 0.9605494792573138, 0.21208079268292668, 0.9606311406008883, 0.5848394092739833)
[3, 2, 6, 7, 2, 2, 5, 9, 7, 6, 5, 4, 8, 10, 8, 3, 6, 9, 5, 5, 3, 8, 7, 8, 4, 2, 3, 8, 7, 4, 5, 10, 9, 7, 8, 7, 3, 6, 7, 9, 2, 10, 7, 4, 8, 4, 9, 4, 5, 2, 6, 8, 6, 8, 6, 5, 6, 2, 1, 3, 9, 1]
(0.9642739501781745, 0.34983017952450224, 0.9651221315376443, 0.1800274851122309, 0.9645718765445038, 1.0, 0.9605494792573138, 0.21208079268292668, 0.9606311406008883, 0.5848394092739833)
[8, 9, 10, 9, 2, 9, 4, 6, 2, 8, 3, 5, 9, 10, 1, 2, 7, 10, 7, 10, 8, 6, 9, 9, 2, 6, 10, 6, 4, 9, 8, 10, 9, 6, 6, 7, 3, 6, 7, 4, 6, 10, 5, 2, 5, 5, 3, 7, 5, 7, 10, 8, 9, 8, 2, 5, 5, 3, 6, 2, 9, 1]
(0.9699272473342698, 0.221324056072854, 0.9657294857315701, 0.1800274851122309, 0.9656795979477447, 0.9679062348790447, 0.9632154398597761, 0.21208079268292668, 0.9578419457189724, 0.788389252401501)
[6, 2, 4, 4, 9, 2, 10, 2, 3, 7, 5, 1, 2, 2, 6, 6, 5, 5, 3, 5, 10, 9, 8, 1, 8, 6, 4, 8, 10, 10, 5, 10, 3, 5, 7, 7, 7, 7, 7, 8, 6, 10, 10, 2, 9, 3, 8, 8, 3, 4, 3, 7, 10, 6, 1, 5, 1, 2, 6, 5, 9, 3]
(0.8219568694941723, 0.5541890853189869, 0.9427807050757099, 0.1800274851122309, 0.9483947805128979, 0.5833333333333341, 0.9452519658021615, 0.24075275794938336, 0.9513748786412166, 0.85247629083246)
[8, 7, 7, 9, 3, 4, 1, 9, 2, 6, 5, 4, 8, 8, 5, 9, 1, 7, 9, 7, 8, 2, 2, 9, 4, 6, 4, 10, 9, 10, 5, 10, 9, 5, 7, 7, 7, 7, 7, 8, 6, 10, 10, 2, 9, 3, 8, 8, 10, 4, 3, 7, 10, 6, 10, 10, 2, 4, 5, 10, 3, 1]
(0.8459681370295602, 0.7399931577146763, 0.8555845080874874, 0.5219123505976091, 0.849938961025329, 0.5833333333333327, 0.8544756383635117, 0.0, 0.8523793037049485, 0.5848394092739833)
[6, 2, 6, 4, 1, 2, 10, 2, 3, 7, 5, 8, 2, 2, 6, 6, 5, 5, 3, 5, 10, 9, 8, 1, 8, 6, 4, 8, 10, 4, 8, 10, 8, 10, 3, 3, 1, 7, 7, 7, 6, 10, 7, 4, 5, 3, 8, 4, 10, 4, 3, 7, 10, 6, 1, 5, 1, 2, 6, 5, 9, 3]
(0.8219885106198513, 0.5541890853189869, 0.1800274851122309, 0.1800274851122309, 0.9609463124535962, 1.0, 0.946066406648605, 0.21208079268292668, 0.9646634181030078, 0.5848394092739833)
[6, 2, 6, 4, 1, 2, 10, 2, 3, 7, 5, 8, 2, 2, 6, 6, 5, 5, 3, 5, 10, 9, 8, 1, 8, 6, 4, 8, 10, 4, 8, 10, 8, 10, 3, 3, 1, 7, 7, 7, 6, 10, 7, 4, 5, 3, 8, 4, 10, 4, 3, 7, 10, 6, 1, 5, 1, 2, 6, 5, 9, 3]
(0.8219885106198513, 0.5541890853189869, 0.9520424404181524, 0.1800274851122309, 0.9609463124535962, 1.0, 0.946066406648605, 0.21208079268292668, 0.9646634181030078, 0.5848394092739833)
[6, 2, 6, 4, 1, 2, 10, 2, 3, 7, 5, 8, 2, 2, 6, 6, 5, 5, 3, 5, 10, 9, 8, 1, 8, 6, 4, 8, 10, 4, 8, 10, 8, 10, 3, 3, 1, 7, 7, 7, 6, 10, 7, 4, 5, 3, 8, 4, 10, 4, 3, 7, 10, 6, 1, 5, 1, 2, 6, 5, 9, 3]
(0.8219885106198513, 0.5541890853189869, 0.9520424404181524, 0.1800274851122309, 0.9609463124535962, 1.0, 0.946066406648605, 0.21208079268292668, 0.9646634181030078, 0.5848394092739833)
[6, 2, 6, 4, 1, 2, 10, 2, 3, 7, 5, 8, 2, 2, 6, 6, 5, 5, 3, 5, 10, 9, 8, 1, 8, 6, 4, 8, 10, 4, 8, 10, 8, 10, 3, 3, 1, 7, 7, 7, 6, 10, 7, 4, 5, 3, 8, 4, 10, 4, 3, 7, 10, 6, 1, 5, 1, 2, 6, 5, 9, 3]
(0.8219885106198513, 0.5541890853189869, 0.9520424404181524, 0.1800274851122309, 0.9609463124535962, 1.0, 0.946066406648605, 0.21208079268292668, 0.9646634181030078, 0.5848394092739833)
[8, 9, 6, 9, 8, 9, 8, 9, 1, 1, 7, 9, 6, 10, 1, 2, 6, 9, 4, 9, 5, 9, 6, 8, 6, 5, 9, 8, 8, 6, 7, 7, 5, 7, 9, 4, 5, 10, 10, 8, 1, 9, 5, 9, 5, 3, 8, 4, 6, 1, 6, 8, 6, 8, 6, 5, 6, 2, 1, 3, 9, 2]
(0.9603654534555955, 0.34983017952450224, 0.9635130827315136, 0.1800274851122309, 0.9602065586484951, 0.9590057616122051, 0.9597815458662793, 0.27838919459729844, 0.9587395624257609, 0.788389252401501)
[8, 9, 6, 9, 8, 9, 8, 9, 1, 1, 7, 9, 6, 10, 1, 2, 6, 9, 4, 9, 5, 9, 6, 8, 6, 5, 9, 8, 8, 6, 7, 7, 5, 7, 9, 4, 5, 10, 10, 8, 1, 9, 5, 9, 5, 3, 8, 4, 6, 1, 6, 8, 6, 8, 6, 5, 6, 2, 1, 3, 9, 2]
(0.9603654534555955, 0.34983017952450224, 0.9635130827315136, 0.1800274851122309, 0.9602065586484951, 0.9590057616122051, 0.9597815458662793, 0.27838919459729844, 0.9587395624257609, 0.788389252401501)
[5, 1, 3, 9, 3, 9, 1, 9, 9, 8, 5, 4, 7, 9, 4, 3, 4, 3, 9, 10, 8, 2, 4, 1, 4, 6, 7, 6, 4, 9, 8, 10, 9, 6, 6, 7, 3, 6, 7, 6, 2, 10, 9, 4, 3, 3, 8, 4, 10, 4, 3, 7, 10, 3, 8, 10, 3, 4, 1, 10, 3, 1]
(0.844078604225071, 0.7399931577146763, 0.8516032821498826, 0.35400849311542903, 0.8420115376822668, 0.16666666666666674, 0.8487395207397656, 0.8226164079822621, 0.8454128236509878, 0.495754180162829)
[5, 1, 3, 9, 3, 9, 1, 9, 9, 8, 5, 4, 7, 9, 4, 3, 4, 3, 9, 10, 8, 2, 4, 1, 4, 6, 7, 6, 4, 9, 8, 10, 9, 6, 6, 7, 3, 6, 7, 6, 2, 10, 9, 4, 3, 3, 8, 4, 10, 4, 3, 7, 10, 3, 8, 10, 3, 4, 1, 10, 3, 1]
(0.844078604225071, 0.7399931577146763, 0.8516032821498826, 0.35400849311542903, 0.8420115376822668, 0.16666666666666674, 0.8487395207397656, 0.8226164079822621, 0.8454128236509878, 0.495754180162829)
[8, 9, 5, 9, 3, 4, 1, 6, 9, 4, 5, 4, 3, 10, 4, 5, 4, 10, 3, 7, 7, 6, 2, 9, 6, 10, 9, 8, 8, 5, 7, 7, 5, 5, 7, 7, 7, 7, 7, 4, 6, 10, 10, 2, 9, 9, 8, 8, 3, 4, 3, 7, 10, 6, 7, 10, 3, 4, 1, 10, 3, 1]
(0.8454595928080395, 0.7399931577146763, 0.851867779064925, 0.35400849311542903, 0.8411065450869518, 0.1891891891891892, 0.7205321359448166, 0.7429906542056057, 0.7089763996191351, 0.5848394092739833)
[8, 9, 5, 9, 3, 4, 1, 6, 9, 4, 5, 4, 3, 10, 4, 5, 4, 10, 3, 7, 7, 6, 2, 9, 6, 10, 9, 8, 8, 5, 7, 7, 5, 5, 7, 7, 7, 7, 7, 4, 6, 10, 10, 2, 9, 9, 8, 8, 3, 4, 3, 7, 10, 6, 7, 10, 3, 4, 1, 10, 3, 1]
(0.8454595928080395, 0.7399931577146763, 0.851867779064925, 0.35400849311542903, 0.8411065450869518, 0.1891891891891892, 0.7205321359448166, 0.7429906542056057, 0.7089763996191351, 0.5848394092739833)
[8, 9, 5, 9, 3, 4, 1, 6, 9, 4, 5, 4, 3, 10, 4, 5, 4, 10, 3, 7, 7, 6, 2, 9, 6, 10, 9, 8, 8, 5, 7, 7, 5, 5, 7, 7, 7, 7, 7, 4, 6, 10, 10, 2, 9, 9, 8, 8, 3, 4, 3, 7, 10, 6, 7, 10, 3, 4, 1, 10, 3, 1]
(0.8454595928080395, 0.7399931577146763, 0.851867779064925, 0.35400849311542903, 0.8411065450869518, 0.1891891891891892, 0.7205321359448166, 0.7429906542056057, 0.7089763996191351, 0.5848394092739833)
[8, 9, 5, 9, 3, 4, 1, 6, 9, 4, 5, 4, 3, 10, 4, 5, 4, 10, 3, 7, 7, 6, 2, 9, 6, 10, 9, 8, 8, 5, 7, 7, 5, 5, 7, 7, 7, 7, 7, 4, 6, 10, 10, 2, 9, 9, 8, 8, 3, 4, 3, 7, 10, 6, 7, 10, 3, 4, 1, 10, 3, 1]
(0.8454595928080395, 0.7399931577146763, 0.851867779064925, 0.35400849311542903, 0.8411065450869518, 0.1891891891891892, 0.7205321359448166, 0.7429906542056057, 0.7089763996191351, 0.5848394092739833)
[8, 9, 5, 9, 3, 4, 1, 6, 9, 4, 5, 4, 3, 10, 4, 5, 4, 10, 3, 7, 7, 6, 2, 9, 6, 10, 9, 8, 8, 5, 7, 7, 5, 5, 7, 7, 7, 7, 7, 4, 6, 10, 10, 2, 9, 9, 8, 8, 3, 4, 3, 7, 10, 6, 7, 10, 3, 4, 1, 10, 3, 1]
(0.8454595928080395, 0.7399931577146763, 0.851867779064925, 0.35400849311542903, 0.8411065450869518, 0.1891891891891892, 0.7205321359448166, 0.7429906542056057, 0.7089763996191351, 0.5848394092739833)
[8, 9, 5, 9, 3, 9, 1, 9, 9, 1, 5, 4, 7, 5, 5, 9, 1, 7, 9, 10, 8, 2, 2, 9, 4, 6, 4, 10, 9, 10, 5, 10, 7, 7, 7, 7, 7, 8, 7, 4, 6, 10, 10, 2, 9, 9, 8, 8, 3, 4, 3, 7, 10, 6, 7, 10, 3, 4, 1, 10, 3, 1]
(0.8441316061653215, 0.7399931577146763, 0.8452950571663693, 0.35400849311542903, 0.8382203665561994, 0.259259259259259, 0.5797180305235111, 0.7429906542056057, 0.8462196896784026, 0.6346520228622644)
[8, 9, 5, 9, 3, 9, 1, 9, 9, 1, 5, 4, 7, 5, 5, 9, 1, 7, 9, 10, 8, 2, 2, 9, 4, 6, 4, 10, 9, 10, 5, 10, 7, 7, 7, 7, 7, 8, 7, 4, 6, 10, 10, 2, 9, 9, 8, 8, 3, 4, 3, 7, 10, 6, 7, 10, 3, 4, 1, 10, 3, 1]
(0.8441316061653215, 0.7399931577146763, 0.8452950571663693, 0.35400849311542903, 0.8382203665561994, 0.259259259259259, 0.5797180305235111, 0.7429906542056057, 0.8462196896784026, 0.6346520228622644)
[6, 3, 6, 4, 1, 2, 10, 3, 5, 7, 5, 4, 8, 2, 6, 6, 6, 5, 10, 5, 1, 9, 6, 10, 3, 8, 3, 6, 6, 9, 10, 10, 8, 10, 3, 3, 1, 4, 7, 7, 6, 10, 7, 4, 4, 3, 8, 7, 10, 4, 3, 7, 10, 1, 1, 5, 1, 2, 6, 5, 8, 3]
(0.8222679249011006, 0.5541890853189869, 0.9628069612197562, 0.1800274851122309, 0.966030559781937, 1.0, 0.9558726311661289, 0.21208079268292668, 0.9389087223447848, 0.788389252401501)
[8, 9, 7, 9, 3, 4, 1, 9, 7, 6, 5, 4, 7, 8, 5, 9, 1, 7, 9, 10, 8, 2, 2, 9, 4, 6, 4, 10, 9, 10, 5, 10, 9, 7, 7, 7, 7, 7, 7, 8, 6, 10, 10, 2, 2, 3, 8, 8, 10, 4, 3, 7, 10, 6, 7, 10, 3, 4, 5, 10, 3, 1]
(0.8439207474701124, 0.7399931577146763, 0.8452674212865547, 0.35400849311542903, 0.8359918567352016, 0.4117647058823527, 0.8473760566674189, 0.7429906542056057, 0.845740533340724, 0.495754180162829)
[8, 9, 7, 9, 3, 4, 1, 9, 7, 6, 5, 4, 7, 8, 5, 9, 1, 7, 9, 10, 8, 2, 2, 9, 4, 6, 4, 10, 9, 10, 5, 10, 9, 7, 7, 7, 7, 7, 7, 8, 6, 10, 10, 2, 2, 3, 8, 8, 10, 4, 3, 7, 10, 6, 7, 10, 3, 4, 5, 10, 3, 1]
(0.8439207474701124, 0.7399931577146763, 0.8452674212865547, 0.35400849311542903, 0.8359918567352016, 0.4117647058823527, 0.8473760566674189, 0.7429906542056057, 0.845740533340724, 0.495754180162829)
[8, 9, 7, 9, 3, 4, 1, 9, 7, 6, 5, 4, 7, 8, 5, 9, 1, 7, 9, 10, 8, 2, 2, 9, 4, 6, 4, 10, 9, 10, 5, 10, 9, 7, 7, 7, 7, 7, 7, 8, 6, 10, 10, 2, 2, 3, 8, 8, 10, 4, 3, 7, 10, 6, 7, 10, 3, 4, 5, 10, 3, 1]
(0.8439207474701124, 0.7399931577146763, 0.8452674212865547, 0.35400849311542903, 0.8359918567352016, 0.4117647058823527, 0.8473760566674189, 0.7429906542056057, 0.845740533340724, 0.495754180162829)
[8, 9, 7, 9, 3, 4, 1, 9, 7, 6, 5, 4, 7, 8, 5, 9, 1, 7, 9, 10, 8, 2, 2, 9, 4, 6, 4, 10, 9, 10, 5, 10, 9, 7, 7, 7, 7, 7, 7, 8, 6, 10, 10, 2, 2, 3, 8, 8, 10, 4, 3, 7, 10, 6, 7, 10, 3, 4, 5, 10, 3, 1]
(0.8439207474701124, 0.7399931577146763, 0.8452674212865547, 0.35400849311542903, 0.8359918567352016, 0.4117647058823527, 0.8473760566674189, 0.7429906542056057, 0.845740533340724, 0.495754180162829)
[5, 8, 7, 9, 2, 9, 4, 3, 2, 8, 5, 4, 7, 8, 5, 9, 1, 7, 9, 7, 8, 2, 4, 1, 4, 6, 7, 6, 4, 9, 8, 10, 9, 6, 6, 7, 3, 6, 7, 6, 2, 10, 9, 10, 3, 3, 8, 4, 10, 4, 3, 7, 10, 3, 8, 10, 3, 4, 1, 10, 3, 1]
(0.8148134878836599, 0.7399931577146763, 0.8102544364519445, 0.35400849311542903, 0.8190638327039803, 0.8181258658878532, 0.8306551969610177, 0.9026763990267642, 0.8195913714356745, 0.0)
[8, 7, 7, 8, 3, 4, 1, 7, 2, 6, 5, 4, 8, 8, 5, 9, 1, 7, 9, 7, 8, 2, 2, 9, 4, 6, 4, 10, 9, 10, 5, 10, 9, 5, 7, 7, 7, 7, 9, 8, 6, 10, 10, 2, 9, 3, 8, 8, 10, 4, 3, 4, 10, 6, 10, 10, 2, 4, 5, 10, 3, 1]
(0.845904483553024, 0.7399931577146763, 0.8549878583289696, 0.5219123505976091, 0.8498052212409691, 0.5833333333333327, 0.8524495371617391, 0.8847376788553176, 0.852031195815654, 0.40673705379587677)
[8, 7, 7, 8, 3, 4, 1, 7, 2, 6, 5, 4, 8, 8, 5, 9, 1, 7, 9, 7, 8, 2, 2, 9, 4, 6, 4, 10, 9, 10, 5, 10, 9, 5, 7, 7, 7, 7, 9, 8, 6, 10, 10, 2, 9, 3, 8, 8, 10, 4, 3, 4, 10, 6, 10, 10, 2, 4, 5, 10, 3, 1]
(0.845904483553024, 0.7399931577146763, 0.8549878583289696, 0.5219123505976091, 0.8498052212409691, 0.5833333333333327, 0.8524495371617391, 0.8847376788553176, 0.852031195815654, 0.40673705379587677)
[8, 7, 7, 8, 3, 4, 1, 7, 2, 6, 5, 4, 8, 8, 5, 9, 1, 7, 9, 7, 8, 2, 2, 9, 4, 6, 4, 10, 9, 10, 5, 10, 9, 5, 7, 7, 7, 7, 9, 8, 6, 10, 10, 2, 9, 3, 8, 8, 10, 4, 3, 4, 10, 6, 10, 10, 2, 4, 5, 10, 3, 1]
(0.845904483553024, 0.7399931577146763, 0.8549878583289696, 0.5219123505976091, 0.8498052212409691, 0.5833333333333327, 0.8524495371617391, 0.8847376788553176, 0.852031195815654, 0.40673705379587677)
[8, 7, 7, 8, 3, 4, 1, 7, 2, 6, 5, 4, 8, 8, 5, 9, 1, 7, 9, 7, 8, 2, 2, 9, 4, 6, 4, 10, 9, 10, 5, 10, 9, 5, 7, 7, 7, 7, 9, 8, 6, 10, 10, 2, 9, 3, 8, 8, 10, 4, 3, 4, 10, 6, 10, 10, 2, 4, 5, 10, 3, 1]
(0.845904483553024, 0.7399931577146763, 0.8549878583289696, 0.5219123505976091, 0.8498052212409691, 0.5833333333333327, 0.8524495371617391, 0.8847376788553176, 0.852031195815654, 0.40673705379587677)
[8, 7, 7, 8, 3, 4, 1, 7, 2, 6, 5, 4, 8, 8, 5, 9, 1, 7, 9, 7, 8, 2, 2, 9, 4, 6, 4, 10, 9, 10, 5, 10, 9, 5, 7, 7, 7, 7, 9, 8, 6, 10, 10, 2, 9, 3, 8, 8, 10, 4, 3, 4, 10, 6, 10, 10, 2, 4, 5, 10, 3, 1]
(0.845904483553024, 0.7399931577146763, 0.8549878583289696, 0.5219123505976091, 0.8498052212409691, 0.5833333333333327, 0.8524495371617391, 0.8847376788553176, 0.852031195815654, 0.40673705379587677)
[2, 9, 7, 6, 2, 9, 4, 3, 2, 6, 5, 4, 8, 10, 4, 3, 4, 7, 9, 10, 1, 2, 4, 1, 4, 6, 7, 4, 4, 9, 8, 10, 9, 6, 6, 7, 3, 7, 7, 6, 6, 10, 7, 4, 5, 3, 8, 4, 10, 4, 3, 7, 10, 3, 8, 10, 3, 4, 1, 10, 3, 1]
(0.830119047407063, 0.7399931577146763, 0.8302205068059287, 0.35400849311542903, 0.8274299918673955, 0.8294867177493892, 0.8253991718404017, 0.9026763990267642, 0.825571646075698, 0.38281619684986123)
[2, 9, 7, 9, 2, 9, 4, 3, 2, 6, 5, 4, 8, 10, 4, 3, 4, 7, 9, 10, 1, 2, 4, 1, 4, 6, 7, 4, 4, 9, 8, 10, 9, 6, 6, 7, 3, 6, 6, 6, 2, 10, 7, 4, 5, 3, 8, 4, 10, 5, 3, 7, 10, 3, 8, 10, 3, 4, 1, 10, 3, 1]
(0.8138538367114989, 0.7399931577146763, 0.8200945991091457, 0.35400849311542903, 0.825533825438472, 0.831582037638875, 0.8298210150562247, 0.9026763990267642, 0.820885579567405, 0.38281619684986123)
[5, 9, 7, 9, 2, 9, 4, 3, 2, 8, 5, 4, 7, 9, 4, 3, 4, 7, 9, 10, 8, 9, 3, 1, 4, 6, 4, 10, 9, 10, 5, 10, 9, 5, 7, 7, 7, 7, 7, 6, 2, 10, 9, 4, 3, 3, 8, 4, 10, 4, 3, 7, 10, 9, 8, 10, 3, 4, 1, 10, 3, 1]
(0.8136508028022973, 0.7399931577146763, 0.8185630948282804, 0.35400849311542903, 0.8232902119867528, 0.5833333333333335, 0.8398450464941581, 0.9026763990267642, 0.8289983970113121, 0.6346520228622644)
[5, 9, 7, 9, 2, 9, 4, 3, 2, 8, 5, 4, 7, 9, 4, 3, 4, 7, 9, 10, 8, 9, 3, 1, 4, 6, 4, 10, 9, 10, 5, 10, 9, 5, 7, 7, 7, 7, 7, 6, 2, 10, 9, 4, 3, 3, 8, 4, 10, 4, 3, 7, 10, 9, 8, 10, 3, 4, 1, 10, 3, 1]
(0.8136508028022973, 0.7399931577146763, 0.8185630948282804, 0.35400849311542903, 0.8232902119867528, 0.5833333333333335, 0.8398450464941581, 0.9026763990267642, 0.8289983970113121, 0.6346520228622644)
[5, 9, 7, 9, 2, 9, 4, 3, 2, 8, 5, 4, 7, 3, 4, 3, 4, 7, 9, 10, 8, 9, 3, 1, 4, 6, 4, 10, 9, 10, 5, 10, 9, 5, 7, 7, 7, 7, 7, 6, 2, 10, 9, 4, 3, 3, 8, 2, 10, 4, 3, 7, 10, 9, 8, 10, 3, 4, 1, 10, 3, 1]
(0.8148421316407647, 0.7399931577146763, 0.8203287065960493, 0.35400849311542903, 0.8232031329534972, 0.5833333333333335, 0.839984642062338, 0.9026763990267642, 0.8297018966637573, 0.6346520228622644)
[5, 9, 7, 9, 2, 9, 4, 3, 2, 8, 5, 4, 7, 3, 4, 3, 4, 7, 9, 10, 8, 9, 3, 1, 4, 6, 4, 10, 9, 10, 5, 10, 9, 5, 7, 7, 7, 7, 7, 6, 2, 10, 9, 4, 3, 3, 8, 2, 10, 4, 3, 7, 10, 9, 8, 10, 3, 4, 1, 10, 3, 1]
(0.8148421316407647, 0.7399931577146763, 0.8203287065960493, 0.35400849311542903, 0.8232031329534972, 0.5833333333333335, 0.839984642062338, 0.9026763990267642, 0.8297018966637573, 0.6346520228622644)
[5, 9, 7, 9, 2, 9, 4, 3, 2, 8, 5, 4, 7, 3, 4, 3, 4, 7, 9, 10, 8, 9, 3, 1, 4, 6, 4, 10, 9, 10, 5, 10, 9, 5, 7, 7, 7, 7, 7, 6, 2, 10, 9, 4, 3, 3, 8, 2, 10, 4, 3, 7, 10, 9, 8, 10, 3, 4, 1, 10, 3, 1]
(0.8148421316407647, 0.7399931577146763, 0.8203287065960493, 0.35400849311542903, 0.8232031329534972, 0.5833333333333335, 0.839984642062338, 0.9026763990267642, 0.8297018966637573, 0.6346520228622644)
[5, 9, 7, 9, 2, 9, 4, 3, 2, 8, 5, 4, 7, 3, 4, 3, 4, 7, 9, 10, 8, 9, 3, 1, 4, 6, 4, 10, 9, 10, 5, 10, 9, 5, 7, 7, 7, 7, 7, 6, 2, 10, 9, 4, 3, 3, 8, 2, 10, 4, 3, 7, 10, 9, 8, 10, 3, 4, 1, 10, 3, 1]
(0.8148421316407647, 0.7399931577146763, 0.8203287065960493, 0.35400849311542903, 0.8232031329534972, 0.5833333333333335, 0.839984642062338, 0.9026763990267642, 0.8297018966637573, 0.6346520228622644)
[5, 9, 7, 9, 2, 9, 4, 3, 2, 8, 5, 4, 7, 9, 4, 3, 4, 7, 9, 10, 8, 9, 3, 1, 4, 6, 4, 10, 9, 10, 5, 10, 9, 5, 7, 7, 7, 7, 7, 6, 2, 10, 9, 4, 3, 3, 8, 4, 10, 4, 3, 7, 10, 9, 8, 10, 3, 4, 1, 10, 3, 1]
(0.8136508028022973, 0.7399931577146763, 0.8185630948282804, 0.35400849311542903, 0.8232902119867528, 0.5833333333333335, 0.8398450464941581, 0.9026763990267642, 0.8289983970113121, 0.6346520228622644)
[5, 9, 7, 9, 2, 9, 4, 3, 2, 8, 5, 4, 7, 3, 4, 3, 4, 7, 9, 10, 8, 9, 3, 1, 4, 6, 4, 10, 9, 10, 5, 10, 9, 5, 7, 7, 7, 7, 7, 6, 2, 10, 9, 4, 3, 3, 8, 2, 10, 4, 3, 7, 10, 9, 8, 10, 3, 4, 1, 10, 3, 1]
(0.8148421316407647, 0.7399931577146763, 0.8203287065960493, 0.35400849311542903, 0.8232031329534972, 0.5833333333333335, 0.839984642062338, 0.9026763990267642, 0.8297018966637573, 0.6346520228622644)
[5, 9, 7, 9, 2, 9, 4, 3, 2, 8, 5, 4, 7, 9, 4, 3, 4, 7, 9, 10, 8, 9, 3, 1, 4, 6, 4, 10, 9, 10, 5, 10, 9, 5, 7, 7, 7, 7, 7, 6, 2, 10, 9, 4, 3, 3, 8, 4, 10, 4, 3, 7, 10, 9, 8, 10, 3, 4, 1, 10, 3, 1]
(0.8136508028022973, 0.7399931577146763, 0.8185630948282804, 0.35400849311542903, 0.0, 0.5833333333333335, 0.8398450464941581, 0.9026763990267642, 0.8289983970113121, 0.6346520228622644)
[5, 9, 7, 9, 2, 9, 4, 3, 2, 8, 5, 4, 7, 9, 4, 3, 4, 7, 9, 10, 8, 9, 3, 1, 4, 6, 4, 10, 9, 10, 5, 10, 9, 5, 7, 7, 7, 7, 7, 6, 2, 10, 9, 4, 3, 3, 8, 4, 10, 4, 3, 7, 10, 9, 8, 10, 3, 4, 1, 10, 3, 1]
(0.8136508028022973, 0.7399931577146763, 0.8185630948282804, 0.35400849311542903, 0.8232902119867528, 0.5833333333333335, 0.8398450464941581, 0.9026763990267642, 0.8289983970113121, 0.6346520228622644)
[8, 7, 7, 9, 3, 4, 1, 9, 2, 6, 5, 4, 8, 8, 5, 9, 1, 7, 9, 7, 8, 2, 2, 9, 4, 6, 4, 10, 9, 10, 5, 10, 9, 5, 7, 7, 7, 7, 7, 8, 6, 10, 10, 2, 9, 3, 8, 8, 10, 4, 3, 7, 10, 6, 10, 10, 2, 4, 5, 10, 3, 1]
(0.8459681370295602, 0.7399931577146763, 0.8555845080874874, 0.5219123505976091, 0.849938961025329, 0.5833333333333327, 0.8544756383635117, 0.8847376788553176, 0.8523793037049485, 0.5848394092739833)
[8, 7, 7, 9, 3, 4, 1, 9, 2, 6, 5, 4, 8, 8, 5, 9, 1, 7, 9, 7, 8, 2, 2, 9, 4, 6, 4, 10, 9, 10, 5, 10, 9, 5, 7, 7, 7, 7, 7, 8, 6, 10, 10, 2, 9, 3, 8, 8, 10, 4, 3, 7, 10, 6, 10, 10, 2, 4, 5, 10, 3, 1]
(0.8459681370295602, 0.7399931577146763, 0.8555845080874874, 0.5219123505976091, 0.849938961025329, 0.5833333333333327, 0.8544756383635117, 0.8847376788553176, 0.8523793037049485, 0.5848394092739833)
[8, 7, 7, 9, 3, 4, 1, 9, 2, 6, 5, 4, 8, 8, 5, 9, 1, 7, 9, 7, 8, 2, 2, 9, 4, 6, 4, 10, 9, 10, 5, 10, 9, 5, 7, 7, 7, 7, 7, 8, 6, 10, 10, 2, 9, 3, 8, 8, 10, 4, 3, 7, 10, 6, 10, 10, 2, 4, 5, 10, 3, 1]
(0.8459681370295602, 0.7399931577146763, 0.8555845080874874, 0.5219123505976091, 0.849938961025329, 0.5833333333333327, 0.8544756383635117, 0.8847376788553176, 0.8523793037049485, 0.5848394092739833)
[8, 7, 7, 9, 3, 4, 1, 9, 2, 6, 5, 4, 8, 8, 5, 9, 1, 7, 9, 7, 8, 2, 2, 9, 4, 6, 4, 10, 9, 10, 5, 10, 9, 5, 7, 7, 7, 7, 7, 8, 6, 10, 10, 2, 9, 3, 8, 8, 10, 4, 3, 7, 10, 6, 10, 10, 2, 4, 5, 10, 3, 1]
(0.8459681370295602, 0.7399931577146763, 0.8555845080874874, 0.5219123505976091, 0.849938961025329, 0.5833333333333327, 0.8544756383635117, 0.8847376788553176, 0.8523793037049485, 0.5848394092739833)
[3, 9, 6, 9, 3, 4, 1, 9, 2, 6, 5, 4, 8, 8, 5, 9, 1, 7, 9, 7, 8, 2, 2, 9, 4, 6, 4, 2, 9, 10, 5, 10, 9, 5, 7, 7, 7, 7, 7, 8, 6, 10, 10, 2, 9, 3, 8, 8, 10, 4, 3, 7, 10, 6, 10, 10, 2, 4, 5, 10, 3, 1]
(0.8472472819499688, 0.7399931577146763, 0.8537805407308056, 0.5219123505976091, 0.8468443992547706, 0.5833333333333327, 0.8524102668277933, 0.8847376788553176, 0.8517508002929404, 0.5848394092739833)
[5, 9, 7, 9, 2, 9, 4, 3, 2, 8, 5, 4, 7, 9, 4, 3, 4, 7, 9, 10, 8, 2, 4, 1, 4, 6, 7, 6, 4, 9, 8, 10, 9, 6, 6, 7, 3, 6, 7, 6, 2, 10, 9, 4, 3, 3, 8, 4, 10, 4, 3, 7, 10, 3, 8, 10, 3, 4, 1, 10, 3, 1]
(0.812710321974012, 0.7399931577146763, 0.8199282209388938, 0.35400849311542903, 0.8229818030260528, 0.8292532269842946, 0.8330435895361027, 0.9026763990267642, 0.8171623478643623, 0.8376212175004203)
[5, 9, 7, 9, 2, 9, 4, 3, 2, 8, 5, 4, 7, 9, 4, 3, 4, 7, 9, 10, 8, 2, 4, 1, 4, 6, 7, 6, 4, 9, 8, 10, 9, 6, 6, 7, 3, 6, 7, 6, 2, 10, 9, 4, 3, 3, 8, 4, 10, 4, 3, 7, 10, 3, 8, 10, 3, 4, 1, 10, 3, 1]
(0.812710321974012, 0.7399931577146763, 0.8199282209388938, 0.35400849311542903, 0.8229818030260528, 0.8292532269842946, 0.8330435895361027, 0.9026763990267642, 0.8171623478643623, 0.8376212175004203)
[5, 9, 7, 9, 2, 9, 4, 3, 2, 8, 5, 4, 7, 9, 4, 3, 4, 7, 9, 10, 8, 2, 4, 1, 4, 6, 7, 6, 4, 9, 8, 10, 9, 6, 6, 7, 3, 6, 7, 6, 2, 10, 9, 4, 3, 3, 8, 4, 10, 4, 3, 7, 10, 3, 8, 10, 3, 4, 1, 10, 3, 1]
(0.812710321974012, 0.7399931577146763, 0.8199282209388938, 0.35400849311542903, 0.8229818030260528, 0.8292532269842946, 0.8330435895361027, 0.9026763990267642, 0.8171623478643623, 0.8376212175004203)
[5, 9, 7, 9, 2, 9, 4, 3, 2, 8, 5, 4, 7, 9, 4, 3, 4, 7, 9, 10, 8, 2, 4, 1, 4, 6, 7, 6, 4, 9, 8, 10, 9, 6, 6, 7, 3, 6, 7, 6, 2, 10, 9, 4, 3, 3, 8, 4, 10, 4, 3, 7, 10, 3, 8, 10, 3, 4, 1, 10, 3, 1]
(0.812710321974012, 0.7399931577146763, 0.8199282209388938, 0.35400849311542903, 0.8229818030260528, 0.8292532269842946, 0.8330435895361027, 0.9026763990267642, 0.8171623478643623, 0.8376212175004203)
[5, 9, 7, 9, 2, 9, 4, 3, 2, 8, 5, 4, 7, 9, 4, 3, 4, 7, 9, 10, 8, 2, 4, 1, 4, 6, 7, 6, 4, 9, 8, 10, 9, 6, 6, 7, 3, 6, 7, 6, 2, 10, 9, 4, 3, 3, 8, 4, 10, 4, 3, 7, 10, 3, 8, 10, 3, 4, 1, 10, 3, 1]
(0.812710321974012, 0.7399931577146763, 0.8199282209388938, 0.35400849311542903, 0.8229818030260528, 0.8292532269842946, 0.8330435895361027, 0.9026763990267642, 0.8171623478643623, 0.8376212175004203)
[5, 9, 7, 1, 2, 9, 4, 3, 2, 8, 5, 4, 7, 3, 4, 3, 4, 7, 9, 10, 8, 2, 4, 1, 4, 6, 7, 6, 4, 9, 7, 10, 9, 6, 6, 7, 3, 6, 7, 6, 2, 10, 9, 4, 3, 3, 8, 4, 10, 4, 3, 7, 10, 3, 8, 10, 3, 4, 1, 10, 3, 1]
(0.8138318927027313, 0.7399931577146763, 0.8203380038030472, 0.35400849311542903, 0.8232541813515151, 0.8275732268579328, 0.8339567138813456, 0.9026763990267642, 0.8171948854811515, 0.839430899824949)
[5, 9, 7, 9, 2, 9, 4, 9, 2, 8, 5, 4, 7, 9, 4, 3, 4, 7, 9, 10, 8, 2, 4, 1, 4, 6, 7, 6, 4, 9, 8, 10, 9, 6, 6, 7, 3, 6, 1, 6, 2, 10, 9, 4, 3, 3, 8, 8, 10, 4, 3, 7, 10, 3, 8, 10, 3, 4, 1, 10, 3, 1]
(0.8193805621005621, 0.7399931577146763, 0.8215795881114925, 0.35400849311542903, 0.827051528450104, 0.8315685045905432, 0.8324048317037543, 0.9026763990267642, 0.8229102416895354, 0.8360564052127321)
[5, 9, 7, 9, 2, 9, 4, 9, 2, 8, 5, 4, 7, 9, 4, 3, 4, 7, 9, 10, 8, 2, 4, 1, 4, 6, 7, 6, 4, 9, 8, 10, 9, 6, 6, 7, 3, 6, 1, 6, 2, 10, 9, 4, 3, 3, 8, 8, 10, 4, 3, 7, 10, 3, 8, 10, 3, 4, 1, 10, 3, 1]
(0.8193805621005621, 0.7399931577146763, 0.8215795881114925, 0.35400849311542903, 0.827051528450104, 0.8315685045905432, 0.8324048317037543, 0.9026763990267642, 0.8229102416895354, 0.8360564052127321)
[5, 9, 7, 9, 2, 9, 4, 9, 2, 8, 5, 4, 7, 9, 4, 3, 4, 7, 9, 10, 8, 2, 4, 1, 4, 6, 7, 6, 4, 9, 8, 10, 9, 6, 6, 7, 3, 6, 1, 6, 2, 10, 9, 4, 3, 3, 8, 8, 10, 4, 3, 7, 10, 3, 8, 10, 3, 4, 1, 10, 3, 1]
(0.8193805621005621, 0.7399931577146763, 0.8215795881114925, 0.35400849311542903, 0.827051528450104, 0.8315685045905432, 0.8324048317037543, 0.9026763990267642, 0.8229102416895354, 0.8360564052127321)
[5, 9, 7, 9, 2, 9, 4, 9, 2, 8, 5, 4, 7, 9, 4, 3, 4, 7, 9, 10, 8, 2, 4, 1, 4, 6, 7, 6, 4, 9, 8, 10, 9, 6, 6, 7, 3, 6, 1, 6, 2, 10, 9, 4, 3, 3, 8, 8, 10, 4, 3, 7, 10, 3, 8, 10, 3, 4, 1, 10, 3, 1]
(0.8193805621005621, 0.7399931577146763, 0.8215795881114925, 0.35400849311542903, 0.827051528450104, 0.8315685045905432, 0.8324048317037543, 0.9026763990267642, 0.8229102416895354, 0.8360564052127321)
[5, 9, 7, 9, 2, 9, 4, 9, 2, 8, 5, 4, 7, 9, 4, 3, 4, 7, 9, 10, 8, 2, 4, 1, 4, 6, 7, 6, 4, 9, 8, 10, 9, 6, 6, 7, 3, 6, 1, 6, 2, 10, 9, 4, 3, 3, 8, 8, 10, 4, 3, 7, 10, 3, 8, 10, 3, 4, 1, 10, 3, 1]
(0.8193805621005621, 0.7399931577146763, 0.8215795881114925, 0.35400849311542903, 0.827051528450104, 0.8315685045905432, 0.8324048317037543, 0.9026763990267642, 0.8229102416895354, 0.8360564052127321)
