[8, 7, 4, 6, 5, 6, 7, 10, 9, 1, 5, 8, 10, 10, 9, 6, 10, 9, 9, 4, 7, 8, 3, 6, 5, 1, 10, 4, 9, 10, 4, 10, 3, 4, 7, 9, 7, 6, 9, 4, 2, 10, 9, 7, 4, 10, 8, 7, 2, 7, 9, 3, 8, 7, 5, 3, 6, 4, 6, 5, 8, 2]
(1.014228950627147, 0.4212586305466382, 0.9881799185648543, 0.21124269588889077, 0.9890245085582119, 0.0, 0.9743304276838877, 0.20966438385299246, 1.0074631428346021, 0.6558487408143484)
[10, 5, 5, 2, 7, 4, 10, 2, 5, 10, 5, 10, 6, 7, 4, 4, 10, 1, 9, 9, 5, 3, 9, 8, 5, 5, 3, 5, 10, 7, 2, 7, 6, 10, 8, 10, 8, 8, 10, 6, 8, 3, 10, 10, 9, 10, 8, 2, 9, 10, 6, 2, 8, 7, 5, 1, 2, 8, 9, 7, 6, 1]
(0.9573046030476664, 0.7845851421082813, 0.9574486380442951, 0.18002748511223077, 0.9644781725481129, 0.6078431372549021, 0.9383730513974994, 0.0, 0.5997025931253958, 0.0)
[10, 5, 5, 2, 7, 4, 10, 3, 5, 10, 5, 3, 6, 7, 4, 4, 10, 1, 9, 9, 5, 3, 5, 8, 5, 5, 3, 5, 10, 7, 2, 7, 6, 10, 4, 9, 1, 8, 10, 6, 8, 9, 10, 10, 4, 10, 8, 2, 6, 2, 2, 2, 8, 7, 5, 1, 2, 8, 9, 7, 7, 1]
(0.9576721416786288, 0.7845851421082813, 0.9528573980554912, 0.17779431723654834, 0.962501272745428, 0.6078431372549021, 0.9393648700788588, 0.17289277070398817, 0.9105772191658577, 0.0)
[10, 5, 5, 2, 7, 4, 10, 2, 5, 10, 5, 10, 6, 7, 4, 4, 10, 1, 9, 9, 5, 3, 9, 8, 5, 5, 3, 5, 10, 7, 2, 7, 6, 10, 8, 10, 8, 8, 10, 6, 8, 3, 10, 10, 9, 10, 8, 2, 9, 10, 6, 2, 8, 7, 5, 1, 2, 8, 9, 7, 6, 1]
(0.9573046030476664, 0.7845851421082813, 0.9564179496839617, 0.18002748511223077, 0.9644781725481129, 0.6078431372549021, 0.9383730513974994, 0.18951132300357573, 0.5997025931253958, 0.0)
[9, 8, 5, 9, 8, 1, 10, 2, 5, 10, 5, 5, 7, 7, 4, 10, 10, 10, 5, 4, 5, 2, 10, 5, 6, 1, 9, 4, 4, 7, 4, 10, 6, 8, 8, 10, 3, 7, 2, 9, 3, 10, 5, 5, 10, 8, 6, 7, 4, 9, 5, 9, 8, 9, 1, 5, 5, 7, 5, 3, 10, 1]
(0.9465764122083754, 0.7845851421082813, 0.9892890674993378, 0.18002748511223077, 0.9816903593018631, 0.0, 0.9867286944761852, 0.18951132300357573, 0.99659263063222, 0.6558487408143484)
[8, 7, 10, 9, 9, 8, 9, 8, 2, 5, 5, 8, 10, 7, 9, 6, 6, 10, 7, 5, 5, 8, 3, 10, 5, 3, 3, 1, 10, 7, 1, 2, 2, 8, 8, 10, 5, 7, 6, 10, 1, 10, 4, 5, 9, 8, 6, 7, 3, 2, 6, 8, 5, 10, 5, 4, 3, 4, 3, 4, 2, 2]
(0.9951492225751264, 0.2974013474494705, 0.9961905041709526, 0.18002748511223077, 0.0, 1.0, 0.9980714088305814, 0.20966438385299246, 0.9886380547657592, 0.2659801249350401)
[4, 7, 5, 5, 3, 7, 10, 6, 4, 6, 10, 8, 10, 7, 9, 9, 5, 10, 2, 5, 5, 8, 4, 10, 5, 7, 4, 1, 8, 7, 4, 10, 2, 8, 8, 10, 6, 1, 6, 10, 2, 10, 4, 5, 4, 10, 8, 9, 8, 7, 9, 3, 10, 3, 6, 3, 3, 4, 2, 4, 7, 2]
(0.869604338891799, 0.5834094646446191, 1.0051692096516476, 0.18002748511223077, 0.9963732006028277, 1.0, 0.9964263116940839, 0.20966438385299246, 0.7422296231612499, 0.0)
[8, 7, 5, 10, 3, 7, 10, 6, 4, 6, 5, 8, 10, 7, 9, 9, 5, 10, 2, 5, 5, 8, 3, 10, 5, 2, 5, 1, 10, 7, 1, 4, 5, 2, 8, 10, 6, 7, 6, 10, 9, 10, 4, 5, 9, 4, 6, 9, 2, 5, 7, 5, 6, 3, 6, 3, 3, 4, 2, 4, 7, 2]
(0.7568652024492541, 0.5834094646446191, 0.18002748511223077, 0.18002748511223077, 0.9932416150346381, 1.0, 0.7612080557271794, 0.23461373696987012, 0.6998739516362464, 0.0)
[4, 8, 5, 4, 8, 1, 10, 10, 5, 10, 9, 5, 9, 7, 4, 10, 10, 10, 4, 4, 10, 2, 10, 5, 6, 1, 1, 7, 1, 7, 4, 10, 6, 8, 8, 10, 3, 7, 3, 9, 2, 2, 10, 5, 9, 8, 7, 4, 4, 7, 10, 10, 8, 7, 1, 5, 5, 7, 5, 3, 10, 1]
(0.5289107190445029, 0.0, 0.9738346448168137, 0.18002748511223077, 0.9720413988456107, 0.6078431372549014, 0.5792690092842874, 0.5792690092842874, 0.9694904709234811, 0.6558487408143484)
[8, 3, 5, 7, 5, 8, 7, 10, 5, 2, 5, 6, 6, 9, 4, 7, 10, 4, 8, 4, 9, 8, 3, 10, 5, 7, 4, 1, 10, 7, 4, 10, 6, 8, 8, 10, 6, 7, 2, 9, 2, 2, 7, 2, 8, 10, 8, 2, 3, 5, 9, 3, 5, 5, 5, 3, 2, 4, 6, 4, 8, 2]
(0.9624909540638305, 0.4212586305466382, 0.9972116215154512, 0.18002748511223077, 1.0029017863795144, 1.0, 0.9989247461780889, 0.44772458897265865, 0.981579659320412, 0.0)
[2, 7, 4, 6, 5, 6, 7, 10, 9, 1, 5, 8, 10, 5, 9, 6, 10, 7, 9, 1, 7, 8, 3, 6, 5, 1, 10, 4, 4, 10, 4, 10, 3, 4, 7, 9, 7, 6, 9, 4, 2, 10, 8, 7, 4, 10, 8, 6, 2, 9, 9, 3, 8, 7, 5, 3, 6, 4, 6, 5, 4, 2]
(0.9754229327663757, 0.4212586305466382, 0.0, 0.0, 0.9326132128015128, 0.4366197183098585, 0.9649977693334197, 0.30788931226185273, 0.9515406792983385, 0.8880980204681422)
[8, 7, 7, 6, 9, 6, 7, 10, 9, 4, 5, 8, 10, 10, 9, 6, 10, 9, 5, 4, 7, 8, 8, 8, 7, 1, 10, 4, 4, 10, 4, 10, 3, 4, 7, 9, 7, 6, 9, 4, 2, 10, 8, 7, 4, 10, 8, 7, 2, 7, 9, 3, 8, 9, 5, 3, 6, 4, 6, 5, 8, 2]
(1.0001927038654668, 0.4212586305466382, 0.9892753304913622, 0.18002748511223077, 0.9975522147491558, 0.6078431372549021, 0.0, 0.20966438385299246, 1.0099065279588089, 0.6558487408143484)
[8, 3, 6, 7, 5, 8, 7, 10, 5, 2, 5, 2, 6, 9, 4, 6, 10, 4, 8, 4, 9, 8, 3, 10, 5, 5, 4, 1, 8, 4, 4, 10, 2, 10, 8, 10, 6, 9, 6, 9, 2, 2, 7, 2, 8, 10, 8, 2, 3, 7, 9, 3, 5, 10, 5, 3, 2, 4, 6, 4, 8, 2]
(0.9806900622323136, 0.4212586305466382, 0.9844317561015467, 0.0, 1.003574951551853, 1.0, 1.0085617369040831, 0.0, 0.9785732446238379, 0.6558487408143484)
[10, 5, 5, 2, 7, 4, 10, 2, 5, 10, 5, 10, 6, 7, 4, 4, 10, 1, 9, 9, 5, 10, 5, 8, 5, 1, 3, 5, 10, 7, 2, 7, 6, 10, 4, 9, 1, 8, 10, 6, 8, 9, 10, 10, 4, 10, 8, 2, 8, 3, 2, 4, 8, 7, 5, 1, 2, 8, 9, 7, 6, 1]
(0.9574534142389869, 0.7845851421082813, 0.0, 0.17779431723654834, 0.9634941628202772, 0.6078431372549021, 0.9341442266479103, 0.17289277070398817, 0.9421436326578231, 0.33758699134461373)
[10, 5, 5, 2, 7, 4, 10, 2, 5, 6, 5, 10, 6, 7, 4, 4, 10, 1, 9, 9, 5, 3, 5, 8, 5, 5, 3, 5, 10, 7, 2, 7, 4, 10, 4, 9, 1, 8, 10, 5, 8, 9, 10, 10, 9, 10, 8, 2, 9, 10, 6, 2, 8, 7, 5, 1, 2, 8, 9, 7, 6, 1]
(0.9573391998186682, 0.7845851421082813, 0.9565946752205465, 0.18002748511223077, 0.9640651876106835, 0.6078431372549021, 0.17289277070398817, 0.17289277070398817, 0.9405036674812406, 0.33758699134461373)
[10, 5, 5, 2, 7, 4, 10, 2, 5, 10, 5, 10, 6, 7, 4, 4, 10, 1, 9, 9, 5, 3, 5, 8, 5, 5, 3, 5, 10, 7, 2, 7, 4, 10, 4, 9, 1, 8, 10, 5, 8, 9, 10, 10, 9, 10, 8, 2, 9, 10, 6, 2, 8, 7, 5, 1, 2, 8, 9, 7, 6, 1]
(0.9573391998186682, 0.7845851421082813, 0.9565946752205465, 0.18002748511223077, 0.9640651876106835, 0.6078431372549021, 0.0, 0.17289277070398817, 0.9405036674812406, 0.33758699134461373)
[10, 5, 5, 2, 7, 4, 10, 2, 5, 10, 5, 10, 6, 7, 4, 4, 10, 1, 9, 9, 5, 3, 9, 8, 5, 5, 3, 5, 10, 7, 2, 7, 6, 10, 8, 10, 8, 8, 10, 6, 8, 9, 10, 10, 4, 10, 8, 2, 8, 2, 2, 2, 8, 7, 5, 1, 2, 8, 9, 7, 6, 1]
(0.9574673840776061, 0.7845851421082813, 0.9555698623880718, 0.18002748511223077, 0.9637832565233088, 0.6078431372549021, 0.9404207615181776, 0.17289277070398817, 0.9357220308855146, 0.33758699134461373)
[10, 5, 5, 2, 7, 4, 10, 2, 5, 10, 5, 10, 6, 7, 4, 4, 10, 1, 9, 9, 5, 3, 5, 8, 5, 1, 3, 5, 10, 7, 2, 7, 4, 10, 4, 9, 1, 8, 10, 6, 8, 9, 10, 10, 4, 10, 8, 2, 8, 3, 2, 2, 8, 7, 5, 1, 2, 8, 9, 7, 6, 1]
(0.9574810801073883, 0.7845851421082813, 0.9555679125711297, 0.18002748511223077, 0.9634758798405504, 0.6078431372549021, 0.9341489424928991, 0.17289277070398817, 0.9421466158702941, 0.33758699134461373)
[10, 5, 5, 2, 7, 4, 10, 2, 5, 10, 5, 10, 6, 7, 4, 4, 6, 1, 9, 9, 5, 3, 5, 8, 5, 1, 3, 9, 10, 7, 2, 7, 4, 10, 4, 9, 1, 8, 10, 6, 8, 9, 10, 10, 4, 10, 8, 2, 9, 10, 6, 2, 8, 7, 5, 1, 2, 8, 9, 7, 6, 1]
(0.9572728494182204, 0.7845851421082813, 0.9565752947702979, 0.18002748511223077, 0.9639920597895957, 0.6078431372549021, 0.9397598685696692, 0.17289277070398817, 0.939185937680301, 0.33758699134461373)
[10, 5, 5, 2, 7, 4, 10, 2, 5, 6, 5, 10, 6, 7, 4, 4, 10, 1, 9, 9, 5, 3, 5, 8, 5, 5, 3, 5, 10, 7, 2, 7, 6, 10, 4, 9, 1, 8, 10, 6, 8, 9, 10, 10, 4, 10, 8, 2, 8, 2, 2, 2, 8, 7, 5, 1, 2, 8, 9, 7, 6, 1]
(0.9574547430500363, 0.7845851421082813, 0.9555421518161867, 0.18002748511223077, 0.9634729685261822, 0.6078431372549021, 0.17289277070398817, 0.17289277070398817, 0.9426767775788875, 0.33758699134461373)
[10, 5, 5, 2, 7, 4, 10, 2, 5, 6, 5, 10, 6, 7, 4, 4, 10, 1, 9, 9, 5, 3, 5, 8, 5, 5, 3, 5, 10, 7, 2, 7, 6, 10, 8, 10, 8, 8, 10, 6, 8, 9, 10, 10, 4, 10, 8, 2, 8, 2, 2, 2, 8, 7, 5, 1, 2, 8, 9, 7, 6, 1]
(0.9574673840776061, 0.7845851421082813, 0.9555698623880718, 0.18002748511223077, 0.9618556817993497, 0.6078431372549021, 0.938244112767276, 0.17289277070398817, 0.9338754458352894, 0.33758699134461373)
[10, 5, 5, 2, 7, 4, 10, 2, 5, 5, 5, 2, 5, 2, 4, 10, 3, 3, 9, 8, 5, 3, 3, 2, 2, 10, 9, 7, 8, 4, 1, 5, 8, 8, 4, 9, 1, 6, 10, 6, 8, 9, 8, 5, 10, 4, 8, 2, 9, 10, 6, 9, 8, 7, 1, 5, 5, 8, 9, 7, 4, 1]
(0.9541233720257852, 0.7845851421082813, 0.9604507463052844, 0.18002748511223077, 0.9617902627214766, 0.6078431372549021, 0.8221612533554373, 0.17289277070398817, 0.6992304997518589, 0.33758699134461373)
[10, 5, 5, 2, 7, 4, 10, 2, 5, 6, 5, 10, 6, 7, 4, 4, 10, 1, 9, 9, 5, 3, 5, 8, 5, 5, 3, 5, 7, 7, 2, 7, 4, 10, 4, 9, 1, 8, 10, 5, 8, 9, 10, 10, 9, 10, 8, 2, 9, 10, 6, 2, 8, 7, 5, 1, 2, 8, 9, 7, 6, 1]
(0.9572827214375114, 0.7845851421082813, 0.9566018888726805, 0.18002748511223077, 0.9640550905838585, 0.6078431372549021, 0.9398199824616285, 0.17289277070398817, 0.9399441240355342, 0.33758699134461373)
[8, 7, 4, 6, 5, 6, 7, 10, 9, 1, 5, 8, 10, 10, 9, 6, 10, 9, 9, 4, 7, 8, 3, 6, 5, 1, 10, 4, 9, 10, 4, 10, 3, 4, 7, 2, 7, 6, 9, 4, 2, 10, 8, 7, 4, 10, 8, 7, 2, 7, 9, 3, 8, 7, 5, 3, 6, 4, 6, 5, 8, 2]
(1.0124937357380974, 0.4212586305466382, 0.9877955971285682, 0.21124269588889077, 0.9836496403440814, 0.6078431372549014, 0.9822623746469596, 0.18951132300357573, 1.0060503555461748, 0.6558487408143484)
[8, 4, 5, 7, 5, 8, 7, 3, 5, 9, 5, 2, 6, 9, 4, 10, 2, 4, 8, 4, 9, 8, 3, 10, 6, 7, 4, 1, 10, 7, 4, 10, 6, 8, 8, 10, 6, 9, 6, 9, 2, 2, 7, 2, 8, 10, 8, 2, 3, 2, 2, 5, 6, 6, 5, 3, 2, 4, 6, 4, 8, 2]
(0.9733357561752178, 0.2269421213485273, 0.9835875811055284, 0.18002748511223077, 0.975832733325658, 0.6078431372549021, 0.9780593009665589, 0.3648678658671995, 0.9426477229222626, 0.8880980204681422)
[8, 7, 7, 6, 9, 6, 7, 10, 9, 4, 5, 8, 10, 10, 9, 6, 10, 9, 5, 4, 9, 8, 7, 10, 5, 7, 3, 1, 8, 9, 4, 10, 2, 8, 8, 10, 6, 9, 6, 9, 2, 2, 7, 2, 8, 10, 8, 2, 3, 7, 9, 3, 8, 9, 5, 3, 6, 4, 6, 5, 8, 2]
(1.002256667800246, 0.2269421213485273, 1.0106362199410783, 0.18002748511223077, 1.0001299569383246, 1.0, 0.9979705585166795, 0.20966438385299246, 0.0, 0.6558487408143484)
[8, 7, 4, 6, 5, 6, 7, 10, 9, 1, 5, 8, 10, 10, 9, 6, 10, 9, 9, 4, 7, 8, 3, 6, 5, 1, 10, 4, 9, 10, 4, 10, 3, 4, 7, 9, 7, 6, 9, 4, 2, 10, 8, 7, 4, 10, 8, 7, 2, 7, 9, 3, 8, 7, 5, 3, 6, 4, 6, 5, 8, 2]
(1.015111230127512, 0.4212586305466382, 0.9903822304680926, 0.0, 0.9892427993938309, 0.9903840290382487, 0.20966438385299246, 0.20966438385299246, 1.0064749239012585, 0.6558487408143484)
[8, 4, 6, 7, 5, 8, 7, 10, 5, 2, 5, 2, 6, 9, 4, 6, 10, 4, 8, 4, 9, 8, 3, 10, 5, 5, 4, 1, 8, 7, 4, 10, 2, 10, 8, 10, 6, 9, 6, 9, 2, 3, 7, 2, 8, 10, 8, 2, 4, 7, 9, 3, 5, 10, 5, 3, 2, 4, 6, 4, 8, 2]
(0.4212586305466382, 0.0, 0.9843831377103904, 0.18002748511223077, 1.0035283507779225, 1.0, 0.0, 0.44772458897265865, 0.9872733240947108, 0.6558487408143484)
[10, 3, 6, 7, 5, 8, 7, 10, 5, 2, 5, 2, 6, 9, 4, 7, 10, 4, 8, 4, 9, 8, 3, 10, 5, 7, 4, 1, 8, 7, 9, 10, 2, 8, 8, 7, 6, 9, 6, 9, 2, 2, 7, 2, 4, 10, 8, 2, 3, 7, 9, 3, 5, 10, 5, 3, 2, 4, 6, 4, 8, 2]
(0.9875445840880256, 0.4212586305466382, 0.9961443362757545, 0.6893566457307754, 0.9472056476399277, 0.0, 1.0096067858859885, 0.5792690092842874, 0.9833573883399347, 0.6558487408143484)
[8, 3, 5, 7, 5, 8, 7, 10, 5, 2, 7, 5, 5, 9, 4, 7, 10, 8, 4, 4, 9, 8, 3, 10, 6, 2, 6, 1, 10, 7, 1, 8, 6, 8, 8, 10, 3, 7, 2, 9, 2, 2, 7, 2, 8, 10, 8, 2, 3, 2, 8, 5, 6, 6, 5, 3, 2, 4, 6, 4, 8, 2]
(0.9722808009013512, 0.0, 0.991208719648419, 0.18002748511223077, 0.0, 1.0, 0.9999933825805768, 0.514026488684952, 0.9826188487932066, 0.6558487408143484)
[10, 8, 5, 9, 9, 1, 10, 3, 5, 10, 5, 5, 7, 7, 4, 10, 10, 10, 5, 4, 5, 2, 10, 5, 6, 1, 9, 4, 4, 7, 4, 10, 6, 8, 8, 10, 3, 7, 2, 9, 2, 9, 5, 5, 5, 8, 6, 7, 4, 10, 6, 10, 8, 7, 2, 5, 5, 7, 5, 3, 10, 1]
(0.9465419447049469, 0.7845851421082813, 0.9891331916674954, 0.18002748511223077, 0.992266486771403, 0.6078431372549014, 0.18951132300357573, 0.18951132300357573, 0.9982895052060468, 0.6558487408143484)
[8, 8, 5, 9, 8, 1, 10, 2, 5, 10, 5, 5, 4, 7, 4, 10, 10, 10, 5, 4, 5, 2, 10, 5, 6, 1, 9, 4, 4, 7, 4, 10, 6, 8, 8, 10, 3, 7, 2, 6, 3, 10, 5, 5, 10, 8, 6, 7, 4, 9, 5, 9, 8, 7, 1, 5, 5, 7, 5, 3, 10, 1]
(0.9459620887413592, 0.7845851421082813, 0.9873677184805255, 0.18002748511223077, 0.9844084134325367, 0.6078431372549014, 0.9839043041691165, 0.18951132300357573, 0.9948409849777802, 0.6558487408143484)
[10, 8, 5, 9, 8, 1, 10, 2, 5, 10, 6, 5, 7, 8, 4, 10, 7, 10, 5, 3, 5, 8, 1, 10, 10, 6, 9, 8, 6, 7, 4, 10, 6, 8, 8, 10, 3, 7, 2, 9, 3, 10, 5, 5, 6, 8, 1, 10, 10, 8, 9, 9, 6, 9, 1, 5, 5, 7, 5, 3, 10, 1]
(0.9474951913580271, 0.7845851421082813, 0.9850375605747086, 0.0, 0.9914078718051296, 1.0, 0.9845302620902637, 0.20966438385299246, 0.9898468004539591, 0.4306220917254755)
[10, 2, 6, 7, 5, 2, 7, 10, 5, 2, 5, 2, 6, 9, 4, 7, 10, 4, 8, 1, 7, 8, 8, 8, 5, 7, 4, 1, 8, 9, 7, 10, 2, 3, 8, 10, 6, 9, 6, 9, 2, 2, 7, 2, 8, 10, 8, 2, 3, 7, 9, 3, 5, 9, 5, 3, 2, 4, 6, 4, 8, 2]
(0.980436390824614, 0.4212586305466382, 0.9828376350924353, 0.18002748511223077, 0.0, 0.6078431372549014, 1.0019025811925513, 0.5792690092842874, 0.9772193374112228, 0.6558487408143484)
[10, 8, 5, 9, 9, 1, 9, 3, 5, 10, 5, 5, 7, 7, 4, 10, 10, 10, 6, 10, 5, 2, 3, 2, 6, 3, 9, 8, 4, 7, 3, 9, 6, 8, 8, 10, 3, 7, 2, 9, 2, 10, 5, 5, 6, 8, 1, 10, 10, 8, 9, 8, 8, 2, 1, 5, 5, 7, 5, 2, 10, 1]
(0.0, 0.7845851421082813, 0.9966427398845537, 0.18002748511223077, 0.9914817398413998, 0.6078431372549014, 0.9858322093263251, 0.23461373696987012, 0.999369853548704, 0.6558487408143484)
[8, 7, 7, 7, 5, 8, 7, 10, 9, 4, 5, 8, 10, 10, 9, 6, 10, 9, 5, 4, 7, 8, 8, 8, 7, 1, 10, 4, 4, 10, 4, 10, 3, 4, 7, 9, 7, 6, 9, 4, 2, 9, 8, 7, 4, 8, 8, 7, 2, 7, 9, 3, 8, 9, 5, 3, 6, 4, 6, 5, 8, 2]
(1.0044331571087226, 0.4212586305466382, 0.9987570827826842, 0.18002748511223077, 1.0, 1.0, 0.9927543887868506, 0.20966438385299246, 1.006527427397667, 0.6558487408143484)
[8, 7, 4, 6, 5, 6, 7, 10, 9, 1, 5, 8, 10, 10, 9, 6, 10, 9, 9, 4, 7, 8, 3, 6, 5, 1, 10, 4, 4, 10, 4, 10, 3, 4, 7, 9, 7, 6, 9, 4, 2, 10, 8, 7, 4, 10, 8, 7, 2, 7, 9, 3, 8, 7, 5, 3, 6, 4, 6, 5, 8, 2]
(1.0118764402344809, 0.4212586305466382, 0.9925553215667587, 0.18002748511223077, 0.6078431372549014, 1.0, 0.979161306656895, 0.20966438385299246, 1.0062212938442812, 0.6558487408143484)
[8, 7, 7, 6, 9, 6, 7, 10, 9, 4, 5, 8, 10, 10, 9, 6, 10, 9, 5, 4, 7, 8, 8, 8, 7, 1, 10, 4, 4, 10, 4, 10, 3, 4, 7, 9, 7, 6, 9, 4, 2, 1, 8, 7, 7, 10, 8, 7, 2, 7, 9, 3, 8, 9, 5, 3, 6, 4, 6, 5, 9, 2]
(0.9924483964219671, 0.4212586305466382, 1.0064757345244273, 0.18002748511223077, 1.0, 1.0, 0.9983067961409672, 0.20966438385299246, 1.009772160835563, 0.6558487408143484)
[8, 7, 4, 6, 5, 6, 7, 10, 9, 1, 5, 8, 10, 10, 9, 6, 10, 9, 9, 4, 7, 8, 3, 6, 5, 1, 10, 4, 4, 10, 4, 10, 3, 4, 5, 9, 7, 6, 9, 4, 2, 10, 8, 7, 4, 10, 8, 7, 2, 7, 9, 3, 8, 7, 5, 3, 6, 4, 6, 5, 8, 2]
(1.0141061646863805, 0.4212586305466382, 0.9966218603774888, 0.18002748511223077, 0.9960148127749546, 1.0, 0.9822996286675314, 0.20966438385299246, 1.0072406334802493, 0.6558487408143484)
[8, 7, 2, 6, 5, 6, 7, 10, 9, 1, 5, 8, 10, 10, 9, 6, 10, 9, 9, 4, 7, 8, 3, 6, 5, 1, 10, 4, 9, 10, 4, 10, 3, 4, 7, 9, 7, 6, 9, 4, 2, 10, 8, 7, 4, 10, 7, 6, 2, 7, 9, 3, 8, 7, 5, 3, 6, 4, 6, 5, 8, 2]
(1.014865815825759, 0.4212586305466382, 0.9947724124416693, 0.18002748511223077, 0.9877424621954541, 1.0, 0.9742459649220088, 0.20966438385299246, 1.0085467604920253, 0.6558487408143484)
[8, 7, 4, 6, 5, 6, 7, 10, 9, 1, 5, 8, 10, 10, 9, 6, 10, 9, 9, 4, 7, 8, 3, 6, 5, 1, 10, 4, 4, 10, 4, 10, 3, 4, 6, 9, 7, 6, 9, 4, 2, 10, 8, 7, 4, 10, 8, 7, 2, 7, 9, 3, 8, 7, 5, 3, 6, 4, 6, 5, 8, 2]
(1.013305599056183, 0.4212586305466382, 0.0, 0.18002748511223077, 0.9922868574038132, 1.0, 0.20966438385299246, 0.20966438385299246, 1.007059620879589, 0.6558487408143484)
[8, 7, 8, 7, 5, 8, 10, 10, 9, 1, 9, 8, 10, 10, 9, 6, 10, 9, 9, 4, 7, 8, 3, 6, 5, 1, 10, 4, 9, 10, 4, 10, 3, 2, 7, 9, 7, 6, 9, 4, 2, 10, 8, 7, 4, 8, 8, 7, 2, 7, 9, 3, 8, 5, 5, 3, 6, 4, 6, 5, 8, 2]
(1.0218681128695595, 0.4212586305466382, 0.9796165766194443, 0.21124269588889077, 0.9943716427311284, 1.0, 0.984467118047176, 0.18951132300357573, 1.0047087481245383, 0.6558487408143484)
[10, 7, 5, 9, 3, 6, 10, 2, 5, 6, 5, 5, 7, 7, 4, 10, 10, 10, 5, 8, 5, 8, 9, 10, 6, 6, 4, 8, 4, 7, 4, 10, 6, 8, 8, 10, 3, 7, 2, 9, 3, 10, 5, 5, 6, 8, 1, 10, 10, 8, 9, 9, 6, 9, 1, 5, 5, 7, 5, 3, 10, 1]
(0.9471809914335579, 0.7845851421082813, 0.9884931927546842, 0.18002748511223077, 0.9932988407090289, 1.0, 0.9909424846991879, 0.20966438385299246, 0.9908151281997543, 0.36751710898459816)
[10, 7, 5, 9, 3, 6, 10, 2, 5, 6, 5, 5, 7, 7, 4, 10, 8, 10, 8, 8, 5, 8, 9, 10, 6, 5, 4, 8, 4, 7, 4, 10, 6, 7, 5, 10, 3, 7, 2, 9, 2, 10, 5, 5, 6, 8, 1, 10, 10, 8, 9, 9, 6, 9, 1, 5, 5, 7, 5, 3, 10, 1]
(0.9499698480591151, 0.7845851421082813, 0.9848434826359135, 0.18002748511223077, 0.9921137893572431, 1.0, 0.20966438385299246, 0.20966438385299246, 0.9907693767920118, 0.36751710898459816)
[10, 8, 5, 9, 3, 6, 10, 2, 5, 5, 5, 5, 7, 7, 4, 10, 10, 10, 5, 3, 5, 8, 4, 10, 10, 6, 9, 8, 10, 7, 4, 10, 6, 8, 8, 10, 3, 7, 2, 9, 3, 10, 5, 5, 6, 8, 1, 10, 10, 8, 9, 9, 6, 9, 1, 5, 5, 7, 5, 3, 10, 1]
(0.9466001195833058, 0.7845851421082813, 0.0, 0.18002748511223077, 0.0, 0.9919068628922086, 0.9933976558968407, 0.20966438385299246, 0.9874919595196825, 0.4306220917254755)
[10, 10, 5, 9, 3, 6, 10, 2, 5, 6, 5, 5, 7, 7, 4, 10, 8, 10, 8, 8, 5, 8, 9, 10, 6, 5, 4, 8, 4, 7, 4, 10, 6, 7, 5, 10, 3, 7, 1, 9, 2, 10, 5, 5, 6, 8, 1, 10, 10, 8, 9, 8, 10, 2, 1, 5, 5, 7, 5, 3, 10, 1]
(0.9489051694050404, 0.7845851421082813, 0.9894479012116771, 0.18002748511223077, 0.0, 1.0, 0.9890426414087397, 0.20966438385299246, 0.9908854370936733, 0.4306220917254755)
[10, 8, 5, 9, 3, 6, 10, 2, 5, 5, 5, 5, 7, 7, 4, 10, 9, 10, 5, 3, 5, 8, 1, 10, 10, 6, 9, 8, 6, 7, 4, 10, 6, 8, 8, 10, 3, 7, 2, 9, 3, 10, 5, 5, 6, 8, 1, 10, 10, 8, 9, 9, 6, 9, 1, 5, 5, 7, 5, 3, 10, 1]
(0.9465657783672184, 0.7845851421082813, 0.0, 0.18002748511223077, 0.9933124015107733, 1.0, 0.9907101118937117, 0.20966438385299246, 0.9894149390980583, 0.4306220917254755)
[10, 8, 5, 9, 9, 1, 10, 2, 5, 7, 7, 5, 7, 7, 4, 10, 7, 10, 5, 8, 5, 8, 9, 10, 6, 6, 9, 8, 4, 6, 3, 10, 6, 8, 8, 10, 3, 4, 2, 9, 2, 5, 5, 5, 4, 8, 1, 10, 10, 8, 9, 9, 8, 9, 1, 5, 5, 7, 5, 3, 10, 1]
(0.9430707542225689, 0.7845851421082813, 0.9904903592541795, 0.18002748511223077, 0.992230365611611, 1.0, 0.9844063939526659, 0.20966438385299246, 0.9905752593651396, 0.4306220917254755)
[10, 8, 5, 9, 8, 1, 10, 2, 5, 6, 7, 5, 7, 7, 4, 10, 10, 10, 5, 4, 5, 2, 3, 2, 6, 1, 9, 8, 1, 7, 3, 10, 6, 8, 8, 10, 3, 7, 2, 9, 3, 10, 5, 5, 6, 8, 1, 10, 10, 8, 9, 8, 8, 2, 1, 5, 5, 7, 5, 3, 10, 1]
(0.9474603975191683, 0.7845851421082813, 0.9864754037931542, 0.18002748511223077, 0.9848674761131387, 1.0, 0.9846047965809682, 0.0, 0.9941469660028799, 0.6558487408143484)
[8, 7, 5, 7, 3, 7, 10, 6, 4, 6, 5, 8, 10, 7, 9, 9, 5, 10, 2, 5, 5, 8, 4, 10, 5, 7, 4, 1, 8, 7, 4, 10, 2, 8, 8, 10, 6, 1, 6, 10, 2, 10, 4, 5, 4, 10, 8, 7, 2, 7, 9, 3, 10, 3, 6, 3, 3, 4, 2, 4, 7, 2]
(0.7402852507308073, 0.5834094646446191, 1.0067714536562549, 0.18002748511223077, 0.0, 1.0, 0.9978526102378948, 0.20966438385299246, 0.6617863370105577, 0.6558487408143484)
[4, 7, 5, 7, 3, 7, 10, 6, 4, 6, 5, 8, 10, 7, 9, 9, 5, 10, 2, 5, 5, 8, 4, 10, 5, 7, 4, 1, 8, 7, 4, 10, 2, 8, 8, 10, 6, 1, 6, 10, 2, 10, 4, 5, 4, 10, 8, 9, 2, 7, 9, 3, 10, 3, 6, 3, 3, 4, 2, 4, 7, 2]
(0.7981770848855313, 0.5834094646446191, 1.0057766659185274, 0.18002748511223077, 1.0, 1.0, 0.9982838897034509, 0.20966438385299246, 0.7499926717951814, 0.6558487408143484)
[10, 8, 5, 9, 8, 1, 10, 2, 5, 6, 5, 5, 7, 6, 4, 10, 10, 10, 6, 10, 5, 2, 3, 10, 10, 6, 9, 8, 4, 7, 3, 10, 6, 8, 8, 10, 4, 7, 2, 9, 3, 1, 5, 5, 6, 8, 1, 10, 10, 8, 5, 9, 8, 9, 1, 5, 5, 7, 5, 3, 10, 1]
(0.9431106919422717, 0.7845851421082813, 0.18002748511223077, 0.0, 0.9893929196521623, 1.0, 0.98089463021606, 0.18951132300357573, 0.9821404268965106, 0.6558487408143484)
[4, 3, 5, 9, 8, 1, 10, 10, 5, 10, 5, 1, 9, 7, 4, 10, 10, 10, 5, 4, 5, 2, 10, 5, 6, 1, 1, 7, 4, 7, 4, 10, 6, 8, 8, 10, 3, 7, 2, 9, 2, 2, 5, 5, 3, 8, 7, 7, 4, 8, 6, 9, 8, 7, 1, 5, 5, 7, 5, 3, 10, 1]
(0.9427641203626961, 0.7845851421082813, 0.986300157196818, 0.0, 0.9889859100803714, 1.0, 0.9771401381120065, 0.18951132300357573, 0.9915878629311901, 0.6558487408143484)
[10, 5, 5, 2, 7, 6, 10, 2, 5, 10, 5, 2, 4, 3, 4, 1, 6, 3, 9, 4, 5, 3, 3, 2, 2, 10, 1, 7, 7, 7, 4, 5, 8, 10, 8, 10, 8, 7, 8, 6, 8, 9, 5, 5, 9, 8, 7, 7, 4, 8, 6, 9, 8, 7, 1, 7, 5, 7, 5, 7, 4, 1]
(0.7845851421082813, 0.1834741136585646, 0.6270220452919552, 0.6577228310748797, 0.6078431372549014, 0.6078431372549014, 0.9530714424326991, 0.30788931226185273, 0.9432510035112471, 0.8880980204681422)
[10, 8, 5, 9, 3, 1, 9, 2, 5, 10, 5, 2, 4, 3, 4, 1, 6, 3, 9, 4, 5, 2, 3, 9, 2, 10, 1, 5, 6, 7, 4, 5, 8, 10, 8, 10, 8, 7, 10, 8, 8, 9, 5, 5, 9, 8, 6, 7, 10, 10, 6, 9, 8, 7, 1, 5, 5, 7, 5, 7, 4, 1]
(0.9045492151752077, 0.7845851421082813, 0.9529010517522666, 0.17779431723654834, 0.9644209438934899, 0.6078431372549021, 0.18951132300357573, 0.18951132300357573, 0.9196503391489352, 0.8880980204681422)
[8, 7, 5, 7, 3, 7, 10, 6, 4, 6, 5, 8, 10, 7, 9, 9, 5, 10, 2, 5, 5, 8, 4, 10, 5, 7, 4, 1, 8, 7, 4, 10, 2, 8, 8, 10, 6, 7, 6, 10, 2, 10, 4, 5, 9, 4, 6, 9, 2, 5, 7, 5, 5, 3, 6, 3, 3, 4, 2, 4, 7, 2]
(0.7836741542443556, 0.5834094646446191, 1.0081416839733706, 0.18002748511223077, 1.0009546352550374, 1.0, 0.9944396393373592, 0.23461373696987012, 0.9790812807157615, 0.6558487408143484)
[10, 5, 5, 2, 7, 6, 10, 2, 5, 10, 1, 2, 6, 3, 4, 1, 6, 3, 9, 4, 5, 3, 3, 2, 2, 10, 1, 7, 6, 7, 4, 5, 8, 10, 8, 10, 8, 7, 10, 6, 8, 9, 5, 5, 9, 8, 6, 9, 10, 10, 6, 9, 8, 9, 1, 5, 5, 7, 5, 7, 4, 1]
(0.7845851421082813, 0.7845851421082813, 0.9529663925990435, 0.21124269588889077, 0.9524040596559616, 0.6078431372549021, 0.9363029485568373, 0.18951132300357573, 0.9519598053768248, 0.8880980204681422)
[10, 5, 5, 2, 6, 6, 10, 2, 5, 2, 5, 2, 5, 2, 4, 10, 3, 1, 3, 4, 5, 8, 5, 1, 9, 5, 9, 7, 8, 3, 4, 10, 8, 8, 8, 9, 2, 6, 9, 6, 1, 9, 8, 5, 10, 4, 8, 1, 3, 2, 2, 5, 6, 6, 6, 3, 8, 8, 9, 7, 4, 1]
(0.9425828797742695, 0.7845851421082813, 0.9372919889166921, 0.17779431723654834, 0.9274774039164153, 0.6078431372549014, 0.9428212007507654, 0.17516613952166035, 0.8689357826486183, 0.9407329607262062)
[8, 3, 6, 7, 5, 8, 7, 10, 5, 2, 5, 2, 6, 9, 4, 7, 10, 4, 8, 4, 9, 8, 4, 10, 5, 7, 4, 1, 8, 7, 4, 10, 2, 8, 8, 10, 6, 9, 5, 9, 2, 4, 7, 2, 8, 10, 8, 2, 3, 7, 9, 3, 5, 10, 5, 3, 2, 4, 6, 4, 8, 2]
(0.9810508193448166, 0.4212586305466382, 0.9870714774355273, 0.18002748511223077, 1.0006663652136907, 1.0, 0.44772458897265865, 0.44772458897265865, 0.9839530179277045, 0.6558487408143484)
[10, 2, 6, 7, 5, 8, 7, 10, 5, 2, 5, 2, 6, 9, 4, 7, 10, 4, 8, 4, 9, 8, 3, 10, 5, 7, 4, 1, 8, 9, 4, 10, 2, 3, 8, 10, 6, 9, 6, 9, 2, 2, 7, 2, 8, 10, 8, 2, 3, 7, 9, 3, 5, 9, 5, 3, 2, 4, 6, 4, 8, 2]
(0.99128131251782, 0.4212586305466382, 0.9923932811245304, 0.18002748511223077, 1.0, 1.0, 1.0019817905500514, 0.44772458897265865, 0.9780351271852831, 0.6558487408143484)
[6, 3, 6, 7, 5, 8, 7, 10, 5, 2, 5, 2, 6, 9, 4, 7, 10, 4, 8, 4, 9, 8, 3, 10, 5, 7, 4, 1, 8, 9, 4, 10, 2, 5, 8, 10, 6, 9, 6, 9, 2, 2, 7, 2, 8, 9, 8, 2, 3, 7, 9, 3, 5, 9, 5, 3, 2, 4, 6, 4, 8, 2]
(0.9916643099859338, 0.4212586305466382, 0.9946731785312279, 0.18002748511223077, 1.002046561799942, 1.0, 1.0030884901061636, 0.44772458897265865, 0.9859894970431906, 0.6558487408143484)
[10, 8, 5, 9, 9, 1, 10, 3, 5, 10, 5, 5, 7, 7, 4, 10, 3, 10, 5, 4, 5, 2, 10, 5, 6, 1, 9, 4, 4, 7, 4, 10, 4, 10, 8, 10, 8, 7, 10, 6, 8, 9, 5, 5, 9, 8, 6, 7, 10, 10, 6, 9, 8, 7, 1, 5, 5, 7, 5, 7, 4, 1]
(0.941715998388824, 0.7845851421082813, 0.9473896851763103, 0.21124269588889077, 0.9194432979449596, 0.6078431372549021, 0.9534261601045702, 0.26630287968015554, 0.9535567561164472, 0.8880980204681422)
[10, 8, 5, 9, 3, 1, 10, 4, 5, 10, 5, 2, 4, 3, 4, 7, 10, 10, 5, 4, 5, 2, 10, 2, 6, 1, 9, 8, 1, 7, 4, 10, 8, 10, 8, 10, 8, 7, 10, 6, 8, 9, 5, 5, 9, 8, 6, 7, 10, 10, 6, 9, 8, 7, 1, 5, 5, 7, 5, 7, 4, 1]
(0.9385836074128717, 0.7845851421082813, 0.9441344289109083, 0.17779431723654834, 0.9193455154076186, 0.6078431372549021, 0.0, 0.30788931226185273, 0.929215378873047, 0.8880980204681422)
[8, 7, 8, 7, 5, 8, 10, 10, 9, 1, 9, 8, 10, 10, 9, 6, 10, 9, 9, 4, 7, 8, 3, 6, 5, 1, 10, 4, 9, 10, 4, 10, 3, 2, 7, 9, 7, 6, 9, 4, 2, 10, 8, 7, 4, 10, 8, 7, 2, 7, 9, 3, 8, 7, 5, 3, 6, 4, 6, 5, 8, 2]
(1.0170320810750115, 0.4212586305466382, 0.9852554498240331, 0.18002748511223077, 0.0, 0.9986248476430757, 0.9779876129701711, 0.5156397112668687, 1.0055479908362015, 0.6558487408143484)
[8, 7, 8, 7, 5, 8, 10, 10, 9, 4, 9, 8, 10, 10, 9, 6, 10, 9, 9, 4, 7, 8, 3, 6, 5, 1, 10, 4, 9, 10, 4, 10, 3, 4, 7, 9, 7, 6, 9, 4, 2, 10, 9, 7, 4, 10, 8, 7, 2, 7, 9, 3, 6, 7, 5, 3, 6, 4, 6, 5, 8, 2]
(1.016976358182727, 0.4212586305466382, 0.9894965099170786, 0.18002748511223077, 1.000060289166866, 0.9989647025242432, 1.000206696428357, 0.5156397112668687, 0.0, 0.6558487408143484)
[8, 7, 8, 7, 5, 8, 10, 10, 9, 1, 9, 8, 10, 10, 9, 6, 10, 9, 9, 4, 7, 8, 3, 6, 5, 1, 10, 4, 9, 10, 4, 10, 3, 2, 7, 9, 7, 6, 9, 4, 2, 10, 8, 7, 4, 10, 8, 7, 2, 7, 9, 3, 8, 7, 5, 3, 6, 4, 6, 5, 8, 2]
(1.0170320810750115, 0.4212586305466382, 0.0, 0.18002748511223077, 0.9972402280196531, 1.0, 0.9779876129701711, 0.5156397112668687, 1.0055479908362015, 0.6558487408143484)
[3, 8, 5, 9, 8, 1, 10, 2, 5, 10, 5, 5, 7, 7, 4, 10, 10, 10, 5, 4, 5, 2, 10, 5, 6, 1, 9, 4, 4, 7, 4, 10, 6, 8, 8, 10, 3, 7, 2, 9, 3, 10, 5, 5, 10, 8, 6, 7, 7, 9, 5, 9, 8, 9, 1, 5, 5, 7, 5, 3, 10, 1]
(0.9460607862099979, 0.7845851421082813, 0.0, 0.18002748511223077, 0.9849373457953315, 0.990354177542029, 0.9824080334976295, 0.18951132300357573, 0.9929783483967166, 0.6558487408143484)
[10, 7, 5, 9, 3, 10, 10, 7, 5, 6, 5, 3, 7, 7, 4, 10, 10, 10, 5, 8, 5, 8, 9, 10, 6, 5, 4, 8, 4, 7, 4, 10, 6, 8, 8, 10, 3, 7, 2, 9, 2, 5, 3, 5, 4, 8, 1, 10, 10, 7, 9, 9, 8, 9, 1, 5, 5, 7, 5, 3, 10, 1]
(0.0, 0.7845851421082813, 0.9673942225053883, 0.18002748511223077, 0.9922318914905173, 0.9922071026638132, 0.18951132300357573, 0.18951132300357573, 0.9793364671990255, 0.6558487408143484)
[10, 8, 5, 9, 8, 1, 10, 2, 5, 6, 7, 5, 7, 7, 4, 10, 10, 10, 5, 4, 5, 2, 10, 2, 6, 1, 9, 8, 1, 7, 3, 10, 6, 8, 8, 10, 5, 7, 2, 9, 2, 2, 10, 5, 5, 8, 6, 7, 4, 9, 5, 9, 8, 9, 1, 5, 5, 7, 5, 3, 10, 1]
(0.9444298705086083, 0.7845851421082813, 0.9836404638364893, 0.18002748511223077, 0.9920730916783196, 1.0, 0.9869425127282718, 0.18951132300357573, 0.9927633116021735, 0.6558487408143484)
[10, 8, 5, 9, 8, 1, 10, 2, 5, 6, 5, 5, 7, 7, 4, 10, 10, 10, 6, 10, 5, 2, 3, 2, 6, 1, 9, 8, 4, 7, 3, 10, 6, 8, 8, 10, 3, 7, 2, 9, 2, 2, 10, 5, 5, 8, 6, 7, 4, 9, 5, 9, 8, 9, 1, 5, 5, 7, 5, 3, 10, 1]
(0.9451079597696633, 0.7845851421082813, 0.9682737065479136, 0.18002748511223077, 0.9896698633208852, 1.0, 0.0, 0.18951132300357573, 0.2659801249350401, 0.6558487408143484)
[10, 8, 5, 9, 9, 3, 10, 2, 5, 7, 5, 5, 7, 8, 4, 10, 10, 10, 5, 4, 5, 2, 5, 3, 6, 1, 9, 5, 4, 7, 4, 10, 6, 8, 8, 10, 3, 4, 2, 9, 2, 5, 5, 5, 4, 8, 1, 10, 10, 8, 9, 9, 8, 5, 1, 5, 5, 7, 5, 3, 10, 1]
(0.9436663465574354, 0.7845851421082813, 0.9897230831906181, 0.18002748511223077, 0.9866785803809743, 1.0, 0.9858165746554715, 0.18951132300357573, 0.9929337507113796, 0.6558487408143484)
[10, 8, 5, 9, 9, 3, 10, 2, 5, 7, 5, 5, 7, 8, 4, 10, 10, 4, 5, 4, 5, 2, 5, 3, 6, 1, 9, 5, 4, 7, 4, 10, 6, 8, 8, 10, 3, 4, 2, 9, 2, 5, 5, 5, 4, 8, 1, 10, 10, 8, 9, 9, 8, 9, 1, 5, 5, 7, 5, 3, 10, 1]
(0.9435901382937998, 0.7845851421082813, 0.9943023720756157, 0.18002748511223077, 0.9879649294540266, 1.0, 0.9856299756094795, 0.18951132300357573, 0.0, 0.6558487408143484)
[10, 6, 5, 9, 4, 1, 10, 2, 5, 6, 5, 5, 7, 7, 4, 10, 10, 10, 6, 10, 5, 2, 3, 2, 6, 1, 9, 8, 4, 7, 3, 10, 6, 8, 8, 10, 3, 7, 2, 9, 2, 2, 10, 5, 6, 10, 6, 7, 4, 9, 5, 9, 8, 9, 1, 5, 5, 7, 5, 3, 10, 1]
(0.9442830840125651, 0.7845851421082813, 0.9817231075838188, 0.18002748511223077, 0.9904970439150912, 1.0, 0.0, 0.18951132300357573, 0.9882414808496814, 0.6558487408143484)
[4, 3, 5, 9, 8, 1, 10, 2, 5, 10, 5, 5, 7, 8, 4, 10, 10, 10, 3, 4, 5, 2, 5, 3, 6, 1, 9, 8, 4, 6, 3, 10, 6, 8, 8, 5, 3, 7, 2, 9, 2, 5, 5, 5, 9, 8, 7, 7, 4, 8, 6, 9, 8, 7, 1, 5, 5, 7, 5, 3, 10, 1]
(0.943046415783462, 0.7845851421082813, 0.0, 0.18002748511223077, 0.9886205567046982, 1.0, 0.9836568603292087, 0.18951132300357573, 0.9941592568531616, 0.6558487408143484)
[4, 3, 5, 9, 8, 1, 10, 2, 5, 10, 5, 5, 7, 8, 4, 10, 10, 10, 3, 4, 5, 2, 5, 3, 6, 1, 9, 8, 4, 6, 3, 10, 6, 8, 8, 5, 3, 7, 2, 9, 2, 5, 5, 5, 9, 8, 7, 7, 4, 8, 6, 9, 8, 7, 1, 5, 5, 7, 5, 3, 10, 1]
(0.943046415783462, 0.7845851421082813, 0.9891641827300174, 0.18002748511223077, 0.9886205567046982, 1.0, 0.9836568603292087, 0.18951132300357573, 0.9941592568531616, 0.6558487408143484)
[3, 8, 5, 9, 8, 1, 10, 2, 5, 10, 5, 5, 7, 7, 4, 10, 10, 10, 5, 4, 5, 2, 10, 5, 6, 1, 9, 4, 4, 7, 4, 10, 6, 8, 8, 10, 3, 7, 2, 9, 3, 10, 5, 5, 10, 8, 6, 7, 4, 9, 5, 9, 8, 9, 1, 5, 5, 7, 5, 3, 10, 1]
(0.9461928041651816, 0.7845851421082813, 0.9739431301131823, 0.18002748511223077, 0.9857123052701335, 1.0, 0.9830347733572106, 0.18951132300357573, 0.9940715553238969, 0.6558487408143484)
[6, 8, 5, 9, 8, 1, 10, 2, 5, 6, 7, 5, 10, 8, 4, 10, 10, 10, 5, 4, 5, 2, 10, 5, 6, 1, 9, 8, 4, 7, 4, 10, 6, 8, 8, 10, 3, 7, 2, 6, 3, 10, 5, 5, 5, 8, 9, 7, 4, 9, 5, 9, 8, 9, 1, 5, 5, 7, 5, 3, 10, 1]
(0.9471742836758466, 0.7845851421082813, 0.9511129660531851, 0.18002748511223077, 0.9916911074891668, 0.9905721975490434, 0.20966438385299246, 0.20966438385299246, 0.987331491895018, 0.6558487408143484)
[10, 10, 5, 9, 3, 6, 10, 2, 5, 6, 7, 5, 7, 7, 4, 10, 10, 10, 5, 4, 5, 2, 3, 2, 6, 1, 9, 8, 1, 6, 4, 10, 6, 8, 8, 10, 3, 7, 2, 9, 3, 10, 5, 5, 6, 8, 1, 10, 10, 8, 9, 8, 10, 2, 1, 5, 5, 7, 5, 3, 10, 1]
(0.9486357530578944, 0.7845851421082813, 0.9851888610050065, 0.18002748511223077, 0.987709919922052, 1.0, 0.9870449090376479, 0.20966438385299246, 0.9949734618887288, 0.6558487408143484)
[10, 10, 5, 9, 3, 3, 10, 2, 5, 6, 7, 5, 7, 7, 4, 10, 10, 10, 5, 4, 5, 2, 7, 2, 6, 1, 9, 8, 1, 6, 4, 10, 6, 8, 8, 10, 3, 7, 2, 9, 3, 10, 5, 5, 6, 8, 6, 7, 4, 9, 5, 9, 8, 9, 1, 5, 5, 7, 3, 3, 10, 1]
(0.9457597581669659, 0.7845851421082813, 0.9863188425078969, 0.18002748511223077, 0.9882116874679905, 1.0, 0.9824277659878115, 0.20966438385299246, 0.9891944112256151, 0.6558487408143484)
[4, 3, 5, 9, 8, 1, 10, 2, 5, 7, 5, 5, 7, 8, 4, 10, 7, 10, 5, 4, 5, 2, 10, 5, 6, 1, 9, 4, 4, 7, 4, 10, 6, 8, 8, 10, 3, 7, 2, 9, 2, 9, 5, 5, 5, 8, 6, 7, 4, 10, 6, 10, 8, 7, 1, 5, 5, 7, 5, 3, 10, 1]
(0.946600420959291, 0.7845851421082813, 0.9778422458097317, 0.18002748511223077, 0.9874624880030732, 1.0, 0.9818481182679514, 0.20966438385299246, 0.9862438088282924, 0.6558487408143484)
[10, 8, 5, 9, 8, 1, 10, 4, 5, 6, 5, 5, 7, 7, 4, 10, 10, 10, 6, 10, 5, 2, 10, 5, 6, 1, 9, 4, 4, 7, 4, 10, 6, 8, 8, 10, 3, 7, 2, 9, 2, 9, 5, 5, 5, 8, 6, 7, 4, 10, 6, 10, 8, 7, 1, 5, 5, 7, 5, 3, 10, 1]
(0.9464585332199902, 0.7845851421082813, 0.9647065585479117, 0.18002748511223077, 0.9887495694681984, 1.0, 0.9859438711777311, 0.20966438385299246, 0.9931313658133131, 0.6558487408143484)
[10, 7, 5, 9, 3, 10, 10, 7, 5, 6, 7, 5, 7, 7, 4, 10, 10, 10, 5, 4, 5, 2, 3, 2, 2, 1, 9, 8, 2, 7, 3, 10, 6, 8, 8, 10, 3, 7, 2, 9, 3, 10, 5, 5, 6, 8, 1, 10, 10, 8, 9, 8, 10, 2, 1, 5, 5, 7, 5, 3, 10, 1]
(0.9495329750701759, 0.7845851421082813, 0.9909187400713545, 0.18002748511223077, 0.9881699306890351, 1.0, 0.9814313577488045, 0.20966438385299246, 0.9919856688007694, 0.6558487408143484)
[4, 3, 5, 9, 8, 1, 10, 2, 5, 10, 5, 5, 7, 8, 4, 10, 7, 10, 5, 1, 5, 2, 10, 5, 6, 1, 9, 4, 4, 7, 4, 10, 6, 8, 8, 10, 3, 7, 2, 9, 2, 9, 5, 5, 5, 8, 6, 7, 4, 10, 6, 10, 8, 7, 1, 5, 5, 7, 2, 3, 10, 1]
(0.946158696524796, 0.7845851421082813, 0.9814110586419681, 0.18002748511223077, 0.9787208573892693, 1.0, 0.20966438385299246, 0.20966438385299246, 0.9976123796775921, 0.6558487408143484)
[10, 8, 5, 9, 8, 1, 10, 2, 5, 6, 7, 5, 4, 7, 4, 10, 10, 10, 5, 4, 5, 2, 10, 5, 6, 1, 9, 4, 4, 7, 4, 10, 6, 8, 8, 10, 3, 7, 2, 9, 2, 9, 5, 5, 5, 8, 6, 7, 4, 9, 5, 9, 8, 9, 1, 5, 5, 7, 5, 3, 10, 1]
(0.9465668851509662, 0.7845851421082813, 0.9830834483727793, 0.18002748511223077, 0.9876956218853574, 1.0, 0.9843108082190136, 0.20966438385299246, 0.9882817627862078, 0.6558487408143484)
[10, 10, 5, 9, 3, 6, 10, 2, 5, 6, 7, 5, 7, 7, 4, 10, 10, 10, 5, 4, 5, 2, 3, 2, 6, 1, 9, 8, 1, 7, 3, 10, 6, 8, 8, 10, 3, 7, 2, 9, 3, 10, 5, 5, 6, 8, 1, 10, 10, 8, 9, 8, 10, 2, 1, 5, 5, 7, 5, 3, 10, 1]
(0.948504967428741, 0.7845851421082813, 0.18002748511223077, 0.18002748511223077, 0.9877311578020433, 1.0, 0.9861079661175589, 0.20966438385299246, 0.9948689458891733, 0.6558487408143484)
[4, 3, 5, 9, 8, 1, 10, 2, 5, 10, 5, 5, 7, 7, 4, 10, 10, 10, 5, 4, 5, 2, 10, 5, 6, 1, 9, 4, 4, 7, 4, 10, 6, 8, 8, 10, 3, 7, 2, 9, 2, 9, 5, 5, 5, 8, 6, 7, 4, 10, 6, 10, 8, 7, 1, 5, 5, 7, 5, 3, 10, 1]
(0.946580950357017, 0.7845851421082813, 0.0, 0.18002748511223077, 0.986091105081139, 1.0, 0.9844044590368848, 0.20966438385299246, 0.0, 0.6558487408143484)
[10, 10, 5, 9, 3, 6, 10, 2, 5, 6, 7, 5, 7, 7, 4, 10, 10, 10, 5, 4, 5, 2, 3, 2, 6, 1, 9, 8, 1, 7, 3, 10, 6, 8, 8, 10, 3, 7, 2, 9, 3, 10, 5, 5, 6, 8, 1, 10, 10, 8, 9, 8, 10, 2, 1, 5, 5, 7, 5, 3, 10, 1]
(0.948504967428741, 0.7845851421082813, 0.9851797828450781, 0.18002748511223077, 0.9877311578020433, 1.0, 0.9861079661175589, 0.20966438385299246, 0.9948689458891733, 0.6558487408143484)
[10, 8, 5, 9, 3, 1, 10, 2, 5, 7, 5, 5, 7, 7, 4, 10, 7, 10, 5, 4, 5, 3, 1, 10, 8, 1, 9, 5, 4, 7, 4, 10, 5, 8, 8, 10, 3, 7, 2, 9, 2, 5, 5, 5, 4, 8, 1, 10, 10, 7, 9, 9, 8, 9, 1, 5, 5, 7, 5, 3, 10, 1]
(0.9466439643874736, 0.7845851421082813, 0.990294289775191, 0.18002748511223077, 0.9889524476602655, 1.0, 0.9842080404981952, 0.20966438385299246, 0.9809265231713633, 0.6558487408143484)
[6, 8, 5, 9, 8, 1, 10, 2, 5, 6, 7, 5, 4, 7, 4, 10, 10, 10, 5, 4, 5, 2, 10, 5, 6, 1, 9, 4, 4, 7, 4, 10, 6, 8, 8, 10, 3, 7, 2, 6, 3, 10, 5, 5, 5, 8, 6, 7, 4, 9, 5, 9, 8, 9, 1, 5, 5, 7, 5, 3, 10, 1]
(0.9464222265407416, 0.7845851421082813, 0.9577829735353564, 0.18002748511223077, 0.9872579203918556, 1.0, 0.9817440608516316, 0.20966438385299246, 0.9856161663308721, 0.6558487408143484)
[8, 3, 6, 7, 5, 8, 7, 10, 5, 2, 5, 2, 6, 9, 4, 1, 7, 4, 8, 4, 9, 8, 4, 10, 5, 7, 4, 1, 8, 7, 4, 10, 2, 8, 8, 10, 6, 9, 5, 9, 2, 2, 7, 2, 8, 10, 8, 2, 3, 7, 9, 3, 5, 10, 5, 3, 2, 4, 6, 4, 8, 2]
(0.9856437323614936, 0.4212586305466382, 0.9967391999438389, 0.18002748511223077, 1.0026252174749954, 1.0, 1.0088457385078058, 0.5792690092842874, 0.9794259244576077, 0.6558487408143484)
[8, 4, 3, 7, 5, 8, 7, 3, 5, 9, 5, 2, 6, 9, 4, 10, 2, 4, 8, 4, 9, 8, 3, 10, 6, 7, 4, 1, 10, 7, 4, 10, 5, 8, 8, 10, 6, 7, 2, 9, 2, 2, 7, 2, 8, 10, 8, 2, 3, 2, 1, 5, 6, 6, 5, 3, 2, 4, 6, 4, 8, 2]
(0.973797054402528, 0.2269421213485273, 0.9842248739674667, 0.18002748511223077, 0.9804979933425764, 1.0, 0.9790693236514906, 0.5792690092842874, 0.9435996061190934, 0.8880980204681422)
[6, 4, 4, 7, 5, 8, 7, 10, 5, 2, 5, 2, 6, 9, 4, 6, 10, 4, 8, 4, 9, 8, 3, 10, 5, 7, 4, 1, 8, 7, 4, 10, 2, 8, 8, 10, 6, 9, 6, 9, 2, 2, 7, 2, 8, 10, 8, 2, 3, 7, 9, 3, 5, 10, 5, 3, 2, 4, 6, 4, 8, 2]
(0.9782191699370721, 0.4212586305466382, 0.9861123533919434, 0.18002748511223077, 1.0, 1.0, 1.0080709734931574, 0.44772458897265865, 0.9867448506876808, 0.8880980204681422)
